

  **** PARTIAL WAVE ANALYSIS (DPWA0) ******************************************


  KINETIC ENERGY = 6.60000E+01 eV

      L       PHASE(SPIN UP)     PHASE(SPIN DOWN)
  -----------------------------------------------
       0      7.14762626E-01      0.00000000E+00
       1      2.73008096E-01      2.73058167E-01
       2      1.11974547E-01      1.11990084E-01
       3      4.72493289E-02      4.72553642E-02
       4      2.02014321E-02      2.02039355E-02
       5      8.68530531E-03      8.68636977E-03
       6      3.74026821E-03      3.74072521E-03
       7      1.61021466E-03      1.61041147E-03
       8      6.92358504E-04      6.92443285E-04
       9      2.97224188E-04      2.97260669E-04
      10      1.27380167E-04      1.27395841E-04
      11      5.45003745E-05      5.45070964E-05
      12      2.32818409E-05      2.32847188E-05
      13      9.93125516E-06      9.93248536E-06
      14      4.23067635E-06      4.23120140E-06
      15      1.80003828E-06      1.80026207E-06
      16      7.65003863E-07      7.65099129E-07
      17      3.24784258E-07      3.24824759E-07
      18      1.37756301E-07      1.37773508E-07
      19      5.83774515E-08      5.83847481E-08
      20      2.47185797E-08      2.47216734E-08
      21      1.04585871E-08      1.04599006E-08
      22      4.42198734E-09      4.42254540E-09
      23      1.86843340E-09      1.86866669E-09
      24      7.88942311E-10      7.89042424E-10
      25      3.32929236E-10      3.32965932E-10


  *** SCATTERING AMPLITUDES AND DIFFERENTIAL CROSS SECTION ***

    ANGLE      DCS       ASYMMETRY    DIRECT AMPLITUDE       SPIN-FLIP AMPLITUDE     ERROR
    (deg)   (cm**2/sr)                      (cm)                    (cm)
  -------------------------------------------------------------------------------------------
  0.000E+00 4.00873E-17  0.000E+00  6.083E-09  1.755E-09  0.000E+00  0.000E+00  1.00E-07
  1.000E-04 4.00873E-17 -1.622E-11  6.083E-09  1.755E-09  7.834E-19  1.726E-19  1.00E-07
  1.250E-04 4.00873E-17 -2.027E-11  6.083E-09  1.755E-09  9.792E-19  2.157E-19  1.00E-07
  1.500E-04 4.00873E-17 -2.432E-11  6.083E-09  1.755E-09  1.175E-18  2.589E-19  1.00E-07
  1.750E-04 4.00873E-17 -2.838E-11  6.083E-09  1.755E-09  1.371E-18  3.020E-19  1.00E-07
  2.000E-04 4.00873E-17 -3.243E-11  6.083E-09  1.755E-09  1.567E-18  3.452E-19  1.00E-07
  2.250E-04 4.00873E-17 -3.649E-11  6.083E-09  1.755E-09  1.763E-18  3.883E-19  1.00E-07
  2.500E-04 4.00873E-17 -4.054E-11  6.083E-09  1.755E-09  1.958E-18  4.314E-19  1.00E-07
  2.750E-04 4.00873E-17 -4.459E-11  6.083E-09  1.755E-09  2.154E-18  4.746E-19  1.00E-07
  3.000E-04 4.00873E-17 -4.865E-11  6.083E-09  1.755E-09  2.350E-18  5.177E-19  1.00E-07
  3.250E-04 4.00873E-17 -5.270E-11  6.083E-09  1.755E-09  2.546E-18  5.609E-19  1.00E-07
  3.500E-04 4.00873E-17 -5.676E-11  6.083E-09  1.755E-09  2.742E-18  6.040E-19  1.00E-07
  3.750E-04 4.00873E-17 -6.081E-11  6.083E-09  1.755E-09  2.938E-18  6.472E-19  1.00E-07
  4.000E-04 4.00873E-17 -6.486E-11  6.083E-09  1.755E-09  3.133E-18  6.903E-19  1.00E-07
  4.250E-04 4.00873E-17 -6.892E-11  6.083E-09  1.755E-09  3.329E-18  7.335E-19  1.00E-07
  4.500E-04 4.00873E-17 -7.297E-11  6.083E-09  1.755E-09  3.525E-18  7.766E-19  1.00E-07
  4.750E-04 4.00873E-17 -7.703E-11  6.083E-09  1.755E-09  3.721E-18  8.198E-19  1.00E-07
  5.000E-04 4.00873E-17 -8.108E-11  6.083E-09  1.755E-09  3.917E-18  8.629E-19  1.00E-07
  5.250E-04 4.00873E-17 -8.513E-11  6.083E-09  1.755E-09  4.113E-18  9.060E-19  1.00E-07
  5.500E-04 4.00873E-17 -8.919E-11  6.083E-09  1.755E-09  4.308E-18  9.492E-19  1.00E-07
  5.750E-04 4.00873E-17 -9.324E-11  6.083E-09  1.755E-09  4.504E-18  9.923E-19  1.00E-07
  6.000E-04 4.00873E-17 -9.730E-11  6.083E-09  1.755E-09  4.700E-18  1.035E-18  1.00E-07
  6.250E-04 4.00873E-17 -1.013E-10  6.083E-09  1.755E-09  4.896E-18  1.079E-18  1.00E-07
  6.500E-04 4.00873E-17 -1.054E-10  6.083E-09  1.755E-09  5.092E-18  1.122E-18  1.00E-07
  6.750E-04 4.00873E-17 -1.095E-10  6.083E-09  1.755E-09  5.288E-18  1.165E-18  1.00E-07
  7.000E-04 4.00873E-17 -1.135E-10  6.083E-09  1.755E-09  5.484E-18  1.208E-18  1.00E-07
  7.250E-04 4.00873E-17 -1.176E-10  6.083E-09  1.755E-09  5.679E-18  1.251E-18  1.00E-07
  7.500E-04 4.00873E-17 -1.216E-10  6.083E-09  1.755E-09  5.875E-18  1.294E-18  1.00E-07
  7.750E-04 4.00873E-17 -1.257E-10  6.083E-09  1.755E-09  6.071E-18  1.337E-18  1.00E-07
  8.000E-04 4.00873E-17 -1.297E-10  6.083E-09  1.755E-09  6.267E-18  1.381E-18  1.00E-07
  8.250E-04 4.00873E-17 -1.338E-10  6.083E-09  1.755E-09  6.463E-18  1.424E-18  1.00E-07
  8.500E-04 4.00873E-17 -1.378E-10  6.083E-09  1.755E-09  6.659E-18  1.467E-18  1.00E-07
  8.750E-04 4.00873E-17 -1.419E-10  6.083E-09  1.755E-09  6.854E-18  1.510E-18  1.00E-07
  9.000E-04 4.00873E-17 -1.459E-10  6.083E-09  1.755E-09  7.050E-18  1.553E-18  1.00E-07
  9.250E-04 4.00873E-17 -1.500E-10  6.083E-09  1.755E-09  7.246E-18  1.596E-18  1.00E-07
  9.500E-04 4.00873E-17 -1.541E-10  6.083E-09  1.755E-09  7.442E-18  1.640E-18  1.00E-07
  9.750E-04 4.00873E-17 -1.581E-10  6.083E-09  1.755E-09  7.638E-18  1.683E-18  1.00E-07
  1.000E-03 4.00873E-17 -1.622E-10  6.083E-09  1.755E-09  7.834E-18  1.726E-18  1.00E-07
  1.250E-03 4.00873E-17 -2.027E-10  6.083E-09  1.755E-09  9.792E-18  2.157E-18  1.00E-07
  1.500E-03 4.00873E-17 -2.432E-10  6.083E-09  1.755E-09  1.175E-17  2.589E-18  1.00E-07
  1.750E-03 4.00873E-17 -2.838E-10  6.083E-09  1.755E-09  1.371E-17  3.020E-18  1.00E-07
  2.000E-03 4.00873E-17 -3.243E-10  6.083E-09  1.755E-09  1.567E-17  3.452E-18  1.00E-07
  2.250E-03 4.00873E-17 -3.649E-10  6.083E-09  1.755E-09  1.763E-17  3.883E-18  1.00E-07
  2.500E-03 4.00873E-17 -4.054E-10  6.083E-09  1.755E-09  1.958E-17  4.314E-18  1.00E-07
  2.750E-03 4.00873E-17 -4.459E-10  6.083E-09  1.755E-09  2.154E-17  4.746E-18  1.00E-07
  3.000E-03 4.00873E-17 -4.865E-10  6.083E-09  1.755E-09  2.350E-17  5.177E-18  1.00E-07
  3.250E-03 4.00873E-17 -5.270E-10  6.083E-09  1.755E-09  2.546E-17  5.609E-18  1.00E-07
  3.500E-03 4.00873E-17 -5.676E-10  6.083E-09  1.755E-09  2.742E-17  6.040E-18  1.00E-07
  3.750E-03 4.00873E-17 -6.081E-10  6.083E-09  1.755E-09  2.938E-17  6.472E-18  1.00E-07
  4.000E-03 4.00873E-17 -6.486E-10  6.083E-09  1.755E-09  3.133E-17  6.903E-18  1.00E-07
  4.250E-03 4.00873E-17 -6.892E-10  6.083E-09  1.755E-09  3.329E-17  7.335E-18  1.00E-07
  4.500E-03 4.00873E-17 -7.297E-10  6.083E-09  1.755E-09  3.525E-17  7.766E-18  1.00E-07
  4.750E-03 4.00873E-17 -7.703E-10  6.083E-09  1.755E-09  3.721E-17  8.198E-18  1.00E-07
  5.000E-03 4.00873E-17 -8.108E-10  6.083E-09  1.755E-09  3.917E-17  8.629E-18  1.00E-07
  5.250E-03 4.00873E-17 -8.513E-10  6.083E-09  1.755E-09  4.113E-17  9.060E-18  1.00E-07
  5.500E-03 4.00873E-17 -8.919E-10  6.083E-09  1.755E-09  4.308E-17  9.492E-18  1.00E-07
  5.750E-03 4.00873E-17 -9.324E-10  6.083E-09  1.755E-09  4.504E-17  9.923E-18  1.00E-07
  6.000E-03 4.00873E-17 -9.730E-10  6.083E-09  1.755E-09  4.700E-17  1.035E-17  1.00E-07
  6.250E-03 4.00873E-17 -1.013E-09  6.083E-09  1.755E-09  4.896E-17  1.079E-17  1.00E-07
  6.500E-03 4.00873E-17 -1.054E-09  6.083E-09  1.755E-09  5.092E-17  1.122E-17  1.00E-07
  6.750E-03 4.00873E-17 -1.095E-09  6.083E-09  1.755E-09  5.288E-17  1.165E-17  1.00E-07
  7.000E-03 4.00873E-17 -1.135E-09  6.083E-09  1.755E-09  5.484E-17  1.208E-17  1.00E-07
  7.250E-03 4.00873E-17 -1.176E-09  6.083E-09  1.755E-09  5.679E-17  1.251E-17  1.00E-07
  7.500E-03 4.00873E-17 -1.216E-09  6.083E-09  1.755E-09  5.875E-17  1.294E-17  1.00E-07
  7.750E-03 4.00873E-17 -1.257E-09  6.083E-09  1.755E-09  6.071E-17  1.337E-17  1.00E-07
  8.000E-03 4.00873E-17 -1.297E-09  6.083E-09  1.755E-09  6.267E-17  1.381E-17  1.00E-07
  8.250E-03 4.00873E-17 -1.338E-09  6.083E-09  1.755E-09  6.463E-17  1.424E-17  1.00E-07
  8.500E-03 4.00873E-17 -1.378E-09  6.083E-09  1.755E-09  6.659E-17  1.467E-17  1.00E-07
  8.750E-03 4.00873E-17 -1.419E-09  6.083E-09  1.755E-09  6.854E-17  1.510E-17  1.00E-07
  9.000E-03 4.00873E-17 -1.459E-09  6.083E-09  1.755E-09  7.050E-17  1.553E-17  1.00E-07
  9.250E-03 4.00873E-17 -1.500E-09  6.083E-09  1.755E-09  7.246E-17  1.596E-17  1.00E-07
  9.500E-03 4.00873E-17 -1.541E-09  6.083E-09  1.755E-09  7.442E-17  1.640E-17  1.00E-07
  9.750E-03 4.00873E-17 -1.581E-09  6.083E-09  1.755E-09  7.638E-17  1.683E-17  1.00E-07
  1.000E-02 4.00873E-17 -1.622E-09  6.083E-09  1.755E-09  7.834E-17  1.726E-17  1.00E-07
  1.250E-02 4.00873E-17 -2.027E-09  6.083E-09  1.755E-09  9.792E-17  2.157E-17  1.00E-07
  1.500E-02 4.00873E-17 -2.432E-09  6.083E-09  1.755E-09  1.175E-16  2.589E-17  1.00E-07
  1.750E-02 4.00873E-17 -2.838E-09  6.083E-09  1.755E-09  1.371E-16  3.020E-17  1.00E-07
  2.000E-02 4.00873E-17 -3.243E-09  6.083E-09  1.755E-09  1.567E-16  3.452E-17  1.00E-07
  2.250E-02 4.00873E-17 -3.649E-09  6.083E-09  1.755E-09  1.763E-16  3.883E-17  1.00E-07
  2.500E-02 4.00873E-17 -4.054E-09  6.083E-09  1.755E-09  1.958E-16  4.314E-17  1.00E-07
  2.750E-02 4.00872E-17 -4.459E-09  6.083E-09  1.755E-09  2.154E-16  4.746E-17  1.00E-07
  3.000E-02 4.00872E-17 -4.865E-09  6.083E-09  1.755E-09  2.350E-16  5.177E-17  1.00E-07
  3.250E-02 4.00872E-17 -5.270E-09  6.083E-09  1.755E-09  2.546E-16  5.609E-17  1.00E-07
  3.500E-02 4.00872E-17 -5.676E-09  6.083E-09  1.755E-09  2.742E-16  6.040E-17  1.00E-07
  3.750E-02 4.00872E-17 -6.081E-09  6.083E-09  1.755E-09  2.938E-16  6.472E-17  1.00E-07
  4.000E-02 4.00872E-17 -6.486E-09  6.083E-09  1.755E-09  3.133E-16  6.903E-17  1.00E-07
  4.250E-02 4.00872E-17 -6.892E-09  6.083E-09  1.755E-09  3.329E-16  7.335E-17  1.00E-07
  4.500E-02 4.00872E-17 -7.297E-09  6.083E-09  1.755E-09  3.525E-16  7.766E-17  1.00E-07
  4.750E-02 4.00872E-17 -7.703E-09  6.083E-09  1.755E-09  3.721E-16  8.198E-17  1.00E-07
  5.000E-02 4.00872E-17 -8.108E-09  6.083E-09  1.755E-09  3.917E-16  8.629E-17  1.00E-07
  5.250E-02 4.00872E-17 -8.513E-09  6.083E-09  1.755E-09  4.113E-16  9.060E-17  1.00E-07
  5.500E-02 4.00871E-17 -8.919E-09  6.083E-09  1.755E-09  4.308E-16  9.492E-17  1.00E-07
  5.750E-02 4.00871E-17 -9.324E-09  6.083E-09  1.755E-09  4.504E-16  9.923E-17  1.00E-07
  6.000E-02 4.00871E-17 -9.730E-09  6.083E-09  1.755E-09  4.700E-16  1.035E-16  1.00E-07
  6.250E-02 4.00871E-17 -1.013E-08  6.083E-09  1.755E-09  4.896E-16  1.079E-16  1.00E-07
  6.500E-02 4.00871E-17 -1.054E-08  6.083E-09  1.755E-09  5.092E-16  1.122E-16  1.00E-07
  6.750E-02 4.00871E-17 -1.095E-08  6.083E-09  1.755E-09  5.288E-16  1.165E-16  1.00E-07
  7.000E-02 4.00871E-17 -1.135E-08  6.083E-09  1.755E-09  5.484E-16  1.208E-16  1.00E-07
  7.250E-02 4.00870E-17 -1.176E-08  6.083E-09  1.755E-09  5.679E-16  1.251E-16  1.00E-07
  7.500E-02 4.00870E-17 -1.216E-08  6.083E-09  1.755E-09  5.875E-16  1.294E-16  1.00E-07
  7.750E-02 4.00870E-17 -1.257E-08  6.083E-09  1.755E-09  6.071E-16  1.337E-16  1.00E-07
  8.000E-02 4.00870E-17 -1.297E-08  6.083E-09  1.755E-09  6.267E-16  1.381E-16  1.00E-07
  8.250E-02 4.00870E-17 -1.338E-08  6.083E-09  1.755E-09  6.463E-16  1.424E-16  1.00E-07
  8.500E-02 4.00869E-17 -1.378E-08  6.083E-09  1.755E-09  6.659E-16  1.467E-16  1.00E-07
  8.750E-02 4.00869E-17 -1.419E-08  6.083E-09  1.755E-09  6.854E-16  1.510E-16  1.00E-07
  9.000E-02 4.00869E-17 -1.459E-08  6.083E-09  1.755E-09  7.050E-16  1.553E-16  1.00E-07
  9.250E-02 4.00869E-17 -1.500E-08  6.083E-09  1.755E-09  7.246E-16  1.596E-16  1.00E-07
  9.500E-02 4.00869E-17 -1.541E-08  6.083E-09  1.755E-09  7.442E-16  1.640E-16  1.00E-07
  9.750E-02 4.00868E-17 -1.581E-08  6.083E-09  1.755E-09  7.638E-16  1.683E-16  1.00E-07
  1.000E-01 4.00868E-17 -1.622E-08  6.083E-09  1.755E-09  7.834E-16  1.726E-16  1.00E-07
  1.250E-01 4.00866E-17 -2.027E-08  6.083E-09  1.755E-09  9.792E-16  2.157E-16  1.00E-07
  1.500E-01 4.00862E-17 -2.432E-08  6.083E-09  1.755E-09  1.175E-15  2.589E-16  1.00E-07
  1.750E-01 4.00858E-17 -2.838E-08  6.083E-09  1.755E-09  1.371E-15  3.020E-16  1.00E-07
  2.000E-01 4.00854E-17 -3.243E-08  6.083E-09  1.755E-09  1.567E-15  3.452E-16  1.00E-07
  2.250E-01 4.00849E-17 -3.649E-08  6.083E-09  1.755E-09  1.763E-15  3.883E-16  1.00E-07
  2.500E-01 4.00844E-17 -4.054E-08  6.083E-09  1.755E-09  1.958E-15  4.314E-16  1.00E-07
  2.750E-01 4.00837E-17 -4.460E-08  6.083E-09  1.755E-09  2.154E-15  4.746E-16  1.00E-07
  3.000E-01 4.00831E-17 -4.865E-08  6.083E-09  1.755E-09  2.350E-15  5.177E-16  1.00E-07
  3.250E-01 4.00823E-17 -5.271E-08  6.083E-09  1.755E-09  2.546E-15  5.609E-16  1.00E-07
  3.500E-01 4.00815E-17 -5.676E-08  6.083E-09  1.755E-09  2.742E-15  6.040E-16  1.00E-07
  3.750E-01 4.00807E-17 -6.081E-08  6.083E-09  1.755E-09  2.937E-15  6.472E-16  1.00E-07
  4.000E-01 4.00798E-17 -6.487E-08  6.083E-09  1.755E-09  3.133E-15  6.903E-16  1.00E-07
  4.250E-01 4.00788E-17 -6.893E-08  6.083E-09  1.755E-09  3.329E-15  7.334E-16  1.00E-07
  4.500E-01 4.00778E-17 -7.298E-08  6.083E-09  1.755E-09  3.525E-15  7.766E-16  1.00E-07
  4.750E-01 4.00767E-17 -7.704E-08  6.082E-09  1.755E-09  3.720E-15  8.197E-16  1.00E-07
  5.000E-01 4.00756E-17 -8.109E-08  6.082E-09  1.755E-09  3.916E-15  8.629E-16  1.00E-07
  5.250E-01 4.00744E-17 -8.515E-08  6.082E-09  1.755E-09  4.112E-15  9.060E-16  1.00E-07
  5.500E-01 4.00731E-17 -8.920E-08  6.082E-09  1.755E-09  4.308E-15  9.491E-16  1.00E-07
  5.750E-01 4.00718E-17 -9.326E-08  6.082E-09  1.755E-09  4.503E-15  9.923E-16  1.00E-07
  6.000E-01 4.00704E-17 -9.732E-08  6.082E-09  1.755E-09  4.699E-15  1.035E-15  1.00E-07
  6.250E-01 4.00690E-17 -1.014E-07  6.082E-09  1.755E-09  4.895E-15  1.079E-15  1.00E-07
  6.500E-01 4.00675E-17 -1.054E-07  6.082E-09  1.755E-09  5.091E-15  1.122E-15  1.00E-07
  6.750E-01 4.00659E-17 -1.095E-07  6.082E-09  1.755E-09  5.286E-15  1.165E-15  1.00E-07
  7.000E-01 4.00643E-17 -1.135E-07  6.081E-09  1.755E-09  5.482E-15  1.208E-15  1.00E-07
  7.250E-01 4.00626E-17 -1.176E-07  6.081E-09  1.755E-09  5.678E-15  1.251E-15  1.00E-07
  7.500E-01 4.00609E-17 -1.217E-07  6.081E-09  1.755E-09  5.873E-15  1.294E-15  1.00E-07
  7.750E-01 4.00591E-17 -1.257E-07  6.081E-09  1.755E-09  6.069E-15  1.337E-15  1.00E-07
  8.000E-01 4.00573E-17 -1.298E-07  6.081E-09  1.755E-09  6.264E-15  1.381E-15  1.00E-07
  8.250E-01 4.00554E-17 -1.338E-07  6.081E-09  1.755E-09  6.460E-15  1.424E-15  1.00E-07
  8.500E-01 4.00534E-17 -1.379E-07  6.081E-09  1.755E-09  6.656E-15  1.467E-15  1.00E-07
  8.750E-01 4.00514E-17 -1.420E-07  6.080E-09  1.755E-09  6.851E-15  1.510E-15  1.00E-07
  9.000E-01 4.00493E-17 -1.460E-07  6.080E-09  1.755E-09  7.047E-15  1.553E-15  1.00E-07
  9.250E-01 4.00472E-17 -1.501E-07  6.080E-09  1.755E-09  7.242E-15  1.596E-15  1.00E-07
  9.500E-01 4.00450E-17 -1.541E-07  6.080E-09  1.755E-09  7.438E-15  1.639E-15  1.00E-07
  9.750E-01 4.00427E-17 -1.582E-07  6.080E-09  1.755E-09  7.633E-15  1.682E-15  1.00E-07
  1.000E+00 4.00404E-17 -1.623E-07  6.080E-09  1.755E-09  7.829E-15  1.726E-15  1.00E-07
  1.100E+00 4.00306E-17 -1.785E-07  6.079E-09  1.755E-09  8.611E-15  1.898E-15  1.00E-07
  1.200E+00 4.00198E-17 -1.948E-07  6.078E-09  1.755E-09  9.392E-15  2.071E-15  1.00E-07
  1.300E+00 4.00081E-17 -2.110E-07  6.077E-09  1.755E-09  1.017E-14  2.243E-15  1.00E-07
  1.400E+00 3.99955E-17 -2.273E-07  6.076E-09  1.755E-09  1.095E-14  2.415E-15  1.00E-07
  1.500E+00 3.99819E-17 -2.436E-07  6.075E-09  1.755E-09  1.173E-14  2.588E-15  1.00E-07
  1.600E+00 3.99674E-17 -2.599E-07  6.074E-09  1.755E-09  1.251E-14  2.760E-15  1.00E-07
  1.700E+00 3.99520E-17 -2.762E-07  6.072E-09  1.755E-09  1.329E-14  2.933E-15  1.00E-07
  1.800E+00 3.99357E-17 -2.925E-07  6.071E-09  1.754E-09  1.407E-14  3.105E-15  1.00E-07
  1.900E+00 3.99184E-17 -3.088E-07  6.070E-09  1.754E-09  1.485E-14  3.277E-15  1.00E-07
  2.000E+00 3.99002E-17 -3.251E-07  6.068E-09  1.754E-09  1.563E-14  3.450E-15  1.00E-07
  2.100E+00 3.98811E-17 -3.415E-07  6.067E-09  1.754E-09  1.641E-14  3.622E-15  1.00E-07
  2.200E+00 3.98611E-17 -3.578E-07  6.065E-09  1.754E-09  1.718E-14  3.794E-15  1.00E-07
  2.300E+00 3.98402E-17 -3.742E-07  6.063E-09  1.754E-09  1.796E-14  3.966E-15  1.00E-07
  2.400E+00 3.98183E-17 -3.906E-07  6.062E-09  1.754E-09  1.874E-14  4.138E-15  1.00E-07
  2.500E+00 3.97956E-17 -4.070E-07  6.060E-09  1.754E-09  1.951E-14  4.310E-15  1.00E-07
  2.600E+00 3.97719E-17 -4.234E-07  6.058E-09  1.754E-09  2.028E-14  4.483E-15  1.00E-07
  2.700E+00 3.97473E-17 -4.398E-07  6.056E-09  1.754E-09  2.106E-14  4.655E-15  1.00E-07
  2.800E+00 3.97218E-17 -4.563E-07  6.054E-09  1.754E-09  2.183E-14  4.827E-15  1.00E-07
  2.900E+00 3.96954E-17 -4.727E-07  6.052E-09  1.753E-09  2.260E-14  4.999E-15  1.00E-07
  3.000E+00 3.96681E-17 -4.892E-07  6.049E-09  1.753E-09  2.337E-14  5.170E-15  1.00E-07
  3.100E+00 3.96400E-17 -5.057E-07  6.047E-09  1.753E-09  2.414E-14  5.342E-15  1.00E-07
  3.200E+00 3.96109E-17 -5.222E-07  6.045E-09  1.753E-09  2.491E-14  5.514E-15  1.00E-07
  3.300E+00 3.95809E-17 -5.388E-07  6.042E-09  1.753E-09  2.568E-14  5.686E-15  1.00E-07
  3.400E+00 3.95501E-17 -5.553E-07  6.040E-09  1.753E-09  2.645E-14  5.858E-15  1.00E-07
  3.500E+00 3.95183E-17 -5.719E-07  6.037E-09  1.753E-09  2.722E-14  6.029E-15  1.00E-07
  3.600E+00 3.94857E-17 -5.885E-07  6.034E-09  1.752E-09  2.798E-14  6.201E-15  1.00E-07
  3.700E+00 3.94522E-17 -6.051E-07  6.032E-09  1.752E-09  2.875E-14  6.372E-15  1.00E-07
  3.800E+00 3.94178E-17 -6.218E-07  6.029E-09  1.752E-09  2.951E-14  6.544E-15  1.00E-07
  3.900E+00 3.93826E-17 -6.385E-07  6.026E-09  1.752E-09  3.027E-14  6.715E-15  1.00E-07
  4.000E+00 3.93464E-17 -6.552E-07  6.023E-09  1.752E-09  3.103E-14  6.887E-15  1.00E-07
  4.100E+00 3.93094E-17 -6.719E-07  6.020E-09  1.752E-09  3.180E-14  7.058E-15  1.00E-07
  4.200E+00 3.92716E-17 -6.886E-07  6.017E-09  1.752E-09  3.255E-14  7.229E-15  1.00E-07
  4.300E+00 3.92329E-17 -7.054E-07  6.014E-09  1.751E-09  3.331E-14  7.401E-15  1.00E-07
  4.400E+00 3.91933E-17 -7.222E-07  6.011E-09  1.751E-09  3.407E-14  7.572E-15  1.00E-07
  4.500E+00 3.91529E-17 -7.390E-07  6.007E-09  1.751E-09  3.483E-14  7.743E-15  1.00E-07
  4.600E+00 3.91116E-17 -7.559E-07  6.004E-09  1.751E-09  3.558E-14  7.914E-15  1.00E-07
  4.700E+00 3.90695E-17 -7.727E-07  6.000E-09  1.751E-09  3.633E-14  8.085E-15  1.00E-07
  4.800E+00 3.90266E-17 -7.896E-07  5.997E-09  1.750E-09  3.709E-14  8.256E-15  1.00E-07
  4.900E+00 3.89828E-17 -8.066E-07  5.993E-09  1.750E-09  3.784E-14  8.426E-15  1.00E-07
  5.000E+00 3.89382E-17 -8.235E-07  5.990E-09  1.750E-09  3.859E-14  8.597E-15  1.00E-07
  5.100E+00 3.88928E-17 -8.405E-07  5.986E-09  1.750E-09  3.933E-14  8.768E-15  1.00E-07
  5.200E+00 3.88465E-17 -8.576E-07  5.982E-09  1.750E-09  4.008E-14  8.938E-15  1.00E-07
  5.300E+00 3.87994E-17 -8.746E-07  5.978E-09  1.749E-09  4.083E-14  9.109E-15  1.00E-07
  5.400E+00 3.87515E-17 -8.917E-07  5.974E-09  1.749E-09  4.157E-14  9.279E-15  1.00E-07
  5.500E+00 3.87028E-17 -9.088E-07  5.970E-09  1.749E-09  4.231E-14  9.449E-15  1.00E-07
  5.600E+00 3.86533E-17 -9.260E-07  5.966E-09  1.749E-09  4.305E-14  9.620E-15  1.00E-07
  5.700E+00 3.86030E-17 -9.432E-07  5.962E-09  1.749E-09  4.379E-14  9.790E-15  1.00E-07
  5.800E+00 3.85519E-17 -9.604E-07  5.958E-09  1.748E-09  4.453E-14  9.960E-15  1.00E-07
  5.900E+00 3.85000E-17 -9.777E-07  5.954E-09  1.748E-09  4.527E-14  1.013E-14  1.00E-07
  6.000E+00 3.84474E-17 -9.950E-07  5.949E-09  1.748E-09  4.600E-14  1.030E-14  1.00E-07
  6.100E+00 3.83939E-17 -1.012E-06  5.945E-09  1.748E-09  4.673E-14  1.047E-14  1.00E-07
  6.200E+00 3.83397E-17 -1.030E-06  5.940E-09  1.747E-09  4.746E-14  1.064E-14  1.00E-07
  6.300E+00 3.82847E-17 -1.047E-06  5.936E-09  1.747E-09  4.819E-14  1.081E-14  1.00E-07
  6.400E+00 3.82289E-17 -1.065E-06  5.931E-09  1.747E-09  4.892E-14  1.098E-14  1.00E-07
  6.500E+00 3.81724E-17 -1.082E-06  5.926E-09  1.747E-09  4.965E-14  1.115E-14  1.00E-07
  6.600E+00 3.81151E-17 -1.100E-06  5.922E-09  1.746E-09  5.037E-14  1.132E-14  1.00E-07
  6.700E+00 3.80571E-17 -1.117E-06  5.917E-09  1.746E-09  5.110E-14  1.149E-14  1.00E-07
  6.800E+00 3.79983E-17 -1.135E-06  5.912E-09  1.746E-09  5.182E-14  1.166E-14  1.00E-07
  6.900E+00 3.79388E-17 -1.152E-06  5.907E-09  1.746E-09  5.254E-14  1.182E-14  1.00E-07
  7.000E+00 3.78785E-17 -1.170E-06  5.902E-09  1.745E-09  5.326E-14  1.199E-14  1.00E-07
  7.100E+00 3.78175E-17 -1.188E-06  5.897E-09  1.745E-09  5.397E-14  1.216E-14  1.00E-07
  7.200E+00 3.77558E-17 -1.206E-06  5.892E-09  1.745E-09  5.469E-14  1.233E-14  1.00E-07
  7.300E+00 3.76934E-17 -1.223E-06  5.886E-09  1.744E-09  5.540E-14  1.250E-14  1.00E-07
  7.400E+00 3.76303E-17 -1.241E-06  5.881E-09  1.744E-09  5.611E-14  1.267E-14  1.00E-07
  7.500E+00 3.75665E-17 -1.259E-06  5.876E-09  1.744E-09  5.682E-14  1.284E-14  1.00E-07
  7.600E+00 3.75019E-17 -1.277E-06  5.870E-09  1.743E-09  5.752E-14  1.300E-14  1.00E-07
  7.700E+00 3.74367E-17 -1.295E-06  5.865E-09  1.743E-09  5.823E-14  1.317E-14  1.00E-07
  7.800E+00 3.73708E-17 -1.313E-06  5.859E-09  1.743E-09  5.893E-14  1.334E-14  1.00E-07
  7.900E+00 3.73042E-17 -1.331E-06  5.854E-09  1.743E-09  5.963E-14  1.351E-14  1.00E-07
  8.000E+00 3.72369E-17 -1.350E-06  5.848E-09  1.742E-09  6.033E-14  1.368E-14  1.00E-07
  8.100E+00 3.71689E-17 -1.368E-06  5.842E-09  1.742E-09  6.103E-14  1.384E-14  1.00E-07
  8.200E+00 3.71003E-17 -1.386E-06  5.837E-09  1.742E-09  6.172E-14  1.401E-14  1.00E-07
  8.300E+00 3.70311E-17 -1.404E-06  5.831E-09  1.741E-09  6.241E-14  1.418E-14  1.00E-07
  8.400E+00 3.69611E-17 -1.423E-06  5.825E-09  1.741E-09  6.310E-14  1.435E-14  1.00E-07
  8.500E+00 3.68906E-17 -1.441E-06  5.819E-09  1.741E-09  6.379E-14  1.451E-14  1.00E-07
  8.600E+00 3.68193E-17 -1.460E-06  5.813E-09  1.740E-09  6.448E-14  1.468E-14  1.00E-07
  8.700E+00 3.67475E-17 -1.478E-06  5.807E-09  1.740E-09  6.516E-14  1.485E-14  1.00E-07
  8.800E+00 3.66750E-17 -1.497E-06  5.801E-09  1.740E-09  6.584E-14  1.501E-14  1.00E-07
  8.900E+00 3.66019E-17 -1.515E-06  5.795E-09  1.739E-09  6.652E-14  1.518E-14  1.00E-07
  9.000E+00 3.65282E-17 -1.534E-06  5.788E-09  1.739E-09  6.720E-14  1.535E-14  1.00E-07
  9.100E+00 3.64539E-17 -1.553E-06  5.782E-09  1.739E-09  6.787E-14  1.551E-14  1.00E-07
  9.200E+00 3.63790E-17 -1.572E-06  5.776E-09  1.738E-09  6.855E-14  1.568E-14  1.00E-07
  9.300E+00 3.63034E-17 -1.590E-06  5.769E-09  1.738E-09  6.922E-14  1.585E-14  1.00E-07
  9.400E+00 3.62273E-17 -1.609E-06  5.763E-09  1.737E-09  6.989E-14  1.601E-14  1.00E-07
  9.500E+00 3.61506E-17 -1.628E-06  5.756E-09  1.737E-09  7.055E-14  1.618E-14  1.00E-07
  9.600E+00 3.60734E-17 -1.647E-06  5.750E-09  1.737E-09  7.122E-14  1.634E-14  1.00E-07
  9.700E+00 3.59955E-17 -1.666E-06  5.743E-09  1.736E-09  7.188E-14  1.651E-14  1.00E-07
  9.800E+00 3.59171E-17 -1.686E-06  5.736E-09  1.736E-09  7.254E-14  1.667E-14  1.00E-07
  9.900E+00 3.58382E-17 -1.705E-06  5.729E-09  1.735E-09  7.319E-14  1.684E-14  1.00E-07
  1.000E+01 3.57586E-17 -1.724E-06  5.723E-09  1.735E-09  7.385E-14  1.700E-14  1.00E-07
  1.025E+01 3.55575E-17 -1.772E-06  5.705E-09  1.734E-09  7.547E-14  1.742E-14  1.00E-07
  1.050E+01 3.53530E-17 -1.821E-06  5.688E-09  1.733E-09  7.708E-14  1.783E-14  1.00E-07
  1.075E+01 3.51454E-17 -1.871E-06  5.670E-09  1.732E-09  7.868E-14  1.824E-14  1.00E-07
  1.100E+01 3.49346E-17 -1.920E-06  5.651E-09  1.731E-09  8.026E-14  1.865E-14  1.00E-07
  1.125E+01 3.47209E-17 -1.970E-06  5.633E-09  1.730E-09  8.182E-14  1.906E-14  1.00E-07
  1.150E+01 3.45042E-17 -2.021E-06  5.614E-09  1.729E-09  8.337E-14  1.946E-14  1.00E-07
  1.175E+01 3.42849E-17 -2.072E-06  5.595E-09  1.728E-09  8.490E-14  1.987E-14  1.00E-07
  1.200E+01 3.40628E-17 -2.123E-06  5.575E-09  1.726E-09  8.642E-14  2.027E-14  1.00E-07
  1.225E+01 3.38381E-17 -2.175E-06  5.555E-09  1.725E-09  8.791E-14  2.068E-14  1.00E-07
  1.250E+01 3.36110E-17 -2.228E-06  5.535E-09  1.724E-09  8.940E-14  2.108E-14  1.00E-07
  1.275E+01 3.33816E-17 -2.281E-06  5.515E-09  1.723E-09  9.086E-14  2.148E-14  1.00E-07
  1.300E+01 3.31499E-17 -2.334E-06  5.494E-09  1.722E-09  9.231E-14  2.188E-14  1.00E-07
  1.325E+01 3.29160E-17 -2.388E-06  5.473E-09  1.720E-09  9.374E-14  2.228E-14  1.00E-07
  1.350E+01 3.26802E-17 -2.442E-06  5.452E-09  1.719E-09  9.515E-14  2.268E-14  1.00E-07
  1.375E+01 3.24423E-17 -2.497E-06  5.431E-09  1.718E-09  9.655E-14  2.308E-14  1.00E-07
  1.400E+01 3.22027E-17 -2.553E-06  5.409E-09  1.716E-09  9.792E-14  2.347E-14  1.00E-07
  1.425E+01 3.19613E-17 -2.609E-06  5.387E-09  1.715E-09  9.928E-14  2.387E-14  1.00E-07
  1.450E+01 3.17183E-17 -2.666E-06  5.365E-09  1.714E-09  1.006E-13  2.426E-14  1.00E-07
  1.475E+01 3.14738E-17 -2.723E-06  5.342E-09  1.712E-09  1.019E-13  2.465E-14  1.00E-07
  1.500E+01 3.12278E-17 -2.781E-06  5.320E-09  1.711E-09  1.033E-13  2.504E-14  1.00E-07
  1.525E+01 3.09805E-17 -2.839E-06  5.297E-09  1.709E-09  1.045E-13  2.543E-14  1.00E-07
  1.550E+01 3.07320E-17 -2.898E-06  5.274E-09  1.708E-09  1.058E-13  2.582E-14  1.00E-07
  1.575E+01 3.04824E-17 -2.957E-06  5.251E-09  1.706E-09  1.071E-13  2.621E-14  1.00E-07
  1.600E+01 3.02317E-17 -3.018E-06  5.227E-09  1.705E-09  1.083E-13  2.659E-14  1.00E-07
  1.625E+01 2.99801E-17 -3.079E-06  5.204E-09  1.703E-09  1.095E-13  2.698E-14  1.00E-07
  1.650E+01 2.97277E-17 -3.140E-06  5.180E-09  1.702E-09  1.107E-13  2.736E-14  1.00E-07
  1.675E+01 2.94745E-17 -3.202E-06  5.156E-09  1.700E-09  1.119E-13  2.774E-14  1.00E-07
  1.700E+01 2.92206E-17 -3.265E-06  5.132E-09  1.699E-09  1.130E-13  2.812E-14  1.00E-07
  1.725E+01 2.89662E-17 -3.329E-06  5.107E-09  1.697E-09  1.142E-13  2.850E-14  1.00E-07
  1.750E+01 2.87113E-17 -3.393E-06  5.083E-09  1.695E-09  1.153E-13  2.888E-14  1.00E-07
  1.775E+01 2.84560E-17 -3.458E-06  5.058E-09  1.694E-09  1.164E-13  2.925E-14  1.00E-07
  1.800E+01 2.82004E-17 -3.523E-06  5.034E-09  1.692E-09  1.175E-13  2.962E-14  1.00E-07
  1.825E+01 2.79446E-17 -3.590E-06  5.009E-09  1.690E-09  1.186E-13  3.000E-14  1.00E-07
  1.850E+01 2.76887E-17 -3.657E-06  4.984E-09  1.689E-09  1.196E-13  3.037E-14  1.00E-07
  1.875E+01 2.74327E-17 -3.725E-06  4.959E-09  1.687E-09  1.206E-13  3.074E-14  1.00E-07
  1.900E+01 2.71767E-17 -3.793E-06  4.933E-09  1.685E-09  1.216E-13  3.110E-14  1.00E-07
  1.925E+01 2.69208E-17 -3.863E-06  4.908E-09  1.683E-09  1.226E-13  3.147E-14  1.00E-07
  1.950E+01 2.66651E-17 -3.933E-06  4.882E-09  1.682E-09  1.236E-13  3.183E-14  1.00E-07
  1.975E+01 2.64096E-17 -4.004E-06  4.857E-09  1.680E-09  1.246E-13  3.220E-14  1.00E-07
  2.000E+01 2.61545E-17 -4.075E-06  4.831E-09  1.678E-09  1.255E-13  3.256E-14  1.00E-07
  2.025E+01 2.58998E-17 -4.148E-06  4.805E-09  1.676E-09  1.264E-13  3.292E-14  1.00E-07
  2.050E+01 2.56455E-17 -4.221E-06  4.779E-09  1.674E-09  1.273E-13  3.328E-14  1.00E-07
  2.075E+01 2.53918E-17 -4.295E-06  4.753E-09  1.672E-09  1.282E-13  3.363E-14  1.00E-07
  2.100E+01 2.51386E-17 -4.370E-06  4.727E-09  1.670E-09  1.291E-13  3.399E-14  1.00E-07
  2.125E+01 2.48862E-17 -4.446E-06  4.701E-09  1.669E-09  1.299E-13  3.434E-14  1.00E-07
  2.150E+01 2.46344E-17 -4.523E-06  4.675E-09  1.667E-09  1.307E-13  3.469E-14  1.00E-07
  2.175E+01 2.43834E-17 -4.600E-06  4.649E-09  1.665E-09  1.315E-13  3.504E-14  1.00E-07
  2.200E+01 2.41333E-17 -4.679E-06  4.623E-09  1.663E-09  1.323E-13  3.539E-14  1.00E-07
  2.225E+01 2.38841E-17 -4.758E-06  4.596E-09  1.661E-09  1.331E-13  3.573E-14  1.00E-07
  2.250E+01 2.36358E-17 -4.838E-06  4.570E-09  1.659E-09  1.339E-13  3.608E-14  1.00E-07
  2.275E+01 2.33886E-17 -4.919E-06  4.544E-09  1.657E-09  1.346E-13  3.642E-14  1.00E-07
  2.300E+01 2.31424E-17 -5.001E-06  4.517E-09  1.655E-09  1.353E-13  3.676E-14  1.00E-07
  2.325E+01 2.28973E-17 -5.084E-06  4.491E-09  1.653E-09  1.360E-13  3.710E-14  1.00E-07
  2.350E+01 2.26533E-17 -5.168E-06  4.464E-09  1.651E-09  1.367E-13  3.744E-14  1.00E-07
  2.375E+01 2.24106E-17 -5.253E-06  4.438E-09  1.648E-09  1.374E-13  3.777E-14  1.00E-07
  2.400E+01 2.21691E-17 -5.339E-06  4.411E-09  1.646E-09  1.380E-13  3.810E-14  1.00E-07
  2.425E+01 2.19289E-17 -5.426E-06  4.385E-09  1.644E-09  1.387E-13  3.843E-14  1.00E-07
  2.450E+01 2.16901E-17 -5.514E-06  4.358E-09  1.642E-09  1.393E-13  3.876E-14  1.00E-07
  2.475E+01 2.14526E-17 -5.602E-06  4.332E-09  1.640E-09  1.399E-13  3.909E-14  1.00E-07
  2.500E+01 2.12165E-17 -5.692E-06  4.305E-09  1.638E-09  1.405E-13  3.942E-14  1.00E-07
  2.550E+01 2.07488E-17 -5.875E-06  4.252E-09  1.633E-09  1.416E-13  4.006E-14  1.00E-07
  2.600E+01 2.02871E-17 -6.062E-06  4.199E-09  1.629E-09  1.427E-13  4.070E-14  1.00E-07
  2.650E+01 1.98317E-17 -6.252E-06  4.146E-09  1.624E-09  1.437E-13  4.133E-14  1.00E-07
  2.700E+01 1.93828E-17 -6.448E-06  4.094E-09  1.620E-09  1.446E-13  4.196E-14  1.00E-07
  2.750E+01 1.89407E-17 -6.647E-06  4.041E-09  1.615E-09  1.455E-13  4.257E-14  1.00E-07
  2.800E+01 1.85054E-17 -6.851E-06  3.989E-09  1.611E-09  1.463E-13  4.318E-14  1.00E-07
  2.850E+01 1.80773E-17 -7.060E-06  3.937E-09  1.606E-09  1.470E-13  4.378E-14  1.00E-07
  2.900E+01 1.76563E-17 -7.273E-06  3.885E-09  1.601E-09  1.478E-13  4.437E-14  1.00E-07
  2.950E+01 1.72426E-17 -7.491E-06  3.833E-09  1.596E-09  1.484E-13  4.495E-14  1.00E-07
  3.000E+01 1.68363E-17 -7.713E-06  3.782E-09  1.591E-09  1.490E-13  4.553E-14  1.00E-07
  3.050E+01 1.64375E-17 -7.940E-06  3.731E-09  1.587E-09  1.495E-13  4.609E-14  1.00E-07
  3.100E+01 1.60462E-17 -8.172E-06  3.680E-09  1.582E-09  1.500E-13  4.665E-14  1.00E-07
  3.150E+01 1.56625E-17 -8.409E-06  3.630E-09  1.577E-09  1.504E-13  4.720E-14  1.00E-07
  3.200E+01 1.52864E-17 -8.651E-06  3.580E-09  1.572E-09  1.508E-13  4.774E-14  1.00E-07
  3.250E+01 1.49179E-17 -8.898E-06  3.530E-09  1.566E-09  1.512E-13  4.828E-14  1.00E-07
  3.300E+01 1.45570E-17 -9.150E-06  3.481E-09  1.561E-09  1.515E-13  4.880E-14  1.00E-07
  3.350E+01 1.42037E-17 -9.408E-06  3.433E-09  1.556E-09  1.517E-13  4.932E-14  1.00E-07
  3.400E+01 1.38580E-17 -9.670E-06  3.384E-09  1.551E-09  1.519E-13  4.983E-14  1.00E-07
  3.450E+01 1.35198E-17 -9.938E-06  3.336E-09  1.546E-09  1.521E-13  5.033E-14  1.00E-07
  3.500E+01 1.31892E-17 -1.021E-05  3.289E-09  1.540E-09  1.522E-13  5.082E-14  1.00E-07
  3.550E+01 1.28659E-17 -1.049E-05  3.242E-09  1.535E-09  1.523E-13  5.130E-14  1.00E-07
  3.600E+01 1.25501E-17 -1.077E-05  3.195E-09  1.530E-09  1.523E-13  5.178E-14  1.00E-07
  3.650E+01 1.22415E-17 -1.106E-05  3.149E-09  1.524E-09  1.524E-13  5.225E-14  1.00E-07
  3.700E+01 1.19402E-17 -1.136E-05  3.104E-09  1.519E-09  1.523E-13  5.270E-14  1.00E-07
  3.750E+01 1.16460E-17 -1.166E-05  3.059E-09  1.513E-09  1.523E-13  5.315E-14  1.00E-07
  3.800E+01 1.13589E-17 -1.196E-05  3.014E-09  1.508E-09  1.522E-13  5.359E-14  1.00E-07
  3.850E+01 1.10787E-17 -1.227E-05  2.970E-09  1.503E-09  1.520E-13  5.403E-14  1.00E-07
  3.900E+01 1.08054E-17 -1.259E-05  2.926E-09  1.497E-09  1.519E-13  5.445E-14  1.00E-07
  3.950E+01 1.05388E-17 -1.291E-05  2.883E-09  1.491E-09  1.517E-13  5.486E-14  1.00E-07
  4.000E+01 1.02788E-17 -1.324E-05  2.841E-09  1.486E-09  1.515E-13  5.527E-14  1.00E-07
  4.050E+01 1.00254E-17 -1.357E-05  2.799E-09  1.480E-09  1.512E-13  5.567E-14  1.00E-07
  4.100E+01 9.77835E-18 -1.391E-05  2.757E-09  1.475E-09  1.509E-13  5.606E-14  1.00E-07
  4.150E+01 9.53761E-18 -1.426E-05  2.717E-09  1.469E-09  1.506E-13  5.644E-14  1.00E-07
  4.200E+01 9.30304E-18 -1.461E-05  2.676E-09  1.463E-09  1.503E-13  5.681E-14  1.00E-07
  4.250E+01 9.07452E-18 -1.496E-05  2.636E-09  1.458E-09  1.500E-13  5.718E-14  1.00E-07
  4.300E+01 8.85193E-18 -1.532E-05  2.597E-09  1.452E-09  1.496E-13  5.753E-14  1.00E-07
  4.350E+01 8.63514E-18 -1.569E-05  2.558E-09  1.446E-09  1.492E-13  5.788E-14  1.00E-07
  4.400E+01 8.42404E-18 -1.606E-05  2.520E-09  1.441E-09  1.488E-13  5.822E-14  1.00E-07
  4.450E+01 8.21850E-18 -1.644E-05  2.482E-09  1.435E-09  1.484E-13  5.855E-14  1.00E-07
  4.500E+01 8.01840E-18 -1.683E-05  2.445E-09  1.429E-09  1.479E-13  5.887E-14  1.00E-07
  4.550E+01 7.82361E-18 -1.721E-05  2.408E-09  1.423E-09  1.474E-13  5.919E-14  1.00E-07
  4.600E+01 7.63402E-18 -1.761E-05  2.372E-09  1.418E-09  1.469E-13  5.950E-14  1.00E-07
  4.650E+01 7.44950E-18 -1.801E-05  2.336E-09  1.412E-09  1.464E-13  5.979E-14  1.00E-07
  4.700E+01 7.26993E-18 -1.842E-05  2.301E-09  1.406E-09  1.459E-13  6.008E-14  1.00E-07
  4.750E+01 7.09519E-18 -1.883E-05  2.266E-09  1.400E-09  1.454E-13  6.036E-14  1.00E-07
  4.800E+01 6.92516E-18 -1.924E-05  2.232E-09  1.395E-09  1.448E-13  6.064E-14  1.00E-07
  4.850E+01 6.75973E-18 -1.967E-05  2.198E-09  1.389E-09  1.442E-13  6.090E-14  1.00E-07
  4.900E+01 6.59879E-18 -2.009E-05  2.165E-09  1.383E-09  1.437E-13  6.116E-14  1.00E-07
  4.950E+01 6.44221E-18 -2.053E-05  2.132E-09  1.377E-09  1.431E-13  6.141E-14  1.00E-07
  5.000E+01 6.28989E-18 -2.096E-05  2.100E-09  1.371E-09  1.425E-13  6.165E-14  1.00E-07
  5.050E+01 6.14171E-18 -2.141E-05  2.068E-09  1.366E-09  1.418E-13  6.189E-14  1.00E-07
  5.100E+01 5.99757E-18 -2.185E-05  2.037E-09  1.360E-09  1.412E-13  6.211E-14  1.00E-07
  5.150E+01 5.85736E-18 -2.231E-05  2.006E-09  1.354E-09  1.406E-13  6.233E-14  1.00E-07
  5.200E+01 5.72098E-18 -2.276E-05  1.976E-09  1.348E-09  1.399E-13  6.254E-14  1.00E-07
  5.250E+01 5.58832E-18 -2.323E-05  1.946E-09  1.343E-09  1.393E-13  6.274E-14  1.00E-07
  5.300E+01 5.45928E-18 -2.369E-05  1.916E-09  1.337E-09  1.386E-13  6.294E-14  1.00E-07
  5.350E+01 5.33377E-18 -2.416E-05  1.887E-09  1.331E-09  1.379E-13  6.313E-14  1.00E-07
  5.400E+01 5.21169E-18 -2.464E-05  1.859E-09  1.325E-09  1.373E-13  6.331E-14  1.00E-07
  5.450E+01 5.09294E-18 -2.512E-05  1.831E-09  1.319E-09  1.366E-13  6.348E-14  1.00E-07
  5.500E+01 4.97743E-18 -2.561E-05  1.803E-09  1.314E-09  1.359E-13  6.365E-14  1.00E-07
  5.550E+01 4.86507E-18 -2.610E-05  1.776E-09  1.308E-09  1.352E-13  6.380E-14  1.00E-07
  5.600E+01 4.75577E-18 -2.659E-05  1.749E-09  1.302E-09  1.345E-13  6.395E-14  1.00E-07
  5.650E+01 4.64945E-18 -2.709E-05  1.723E-09  1.297E-09  1.337E-13  6.410E-14  1.00E-07
  5.700E+01 4.54603E-18 -2.759E-05  1.697E-09  1.291E-09  1.330E-13  6.423E-14  1.00E-07
  5.750E+01 4.44541E-18 -2.809E-05  1.671E-09  1.285E-09  1.323E-13  6.436E-14  1.00E-07
  5.800E+01 4.34753E-18 -2.860E-05  1.646E-09  1.279E-09  1.316E-13  6.449E-14  1.00E-07
  5.850E+01 4.25230E-18 -2.911E-05  1.622E-09  1.274E-09  1.308E-13  6.460E-14  1.00E-07
  5.900E+01 4.15965E-18 -2.963E-05  1.597E-09  1.268E-09  1.301E-13  6.471E-14  1.00E-07
  5.950E+01 4.06950E-18 -3.015E-05  1.573E-09  1.262E-09  1.294E-13  6.481E-14  1.00E-07
  6.000E+01 3.98179E-18 -3.067E-05  1.550E-09  1.257E-09  1.286E-13  6.490E-14  1.00E-07
  6.050E+01 3.89644E-18 -3.120E-05  1.527E-09  1.251E-09  1.279E-13  6.499E-14  1.00E-07
  6.100E+01 3.81338E-18 -3.173E-05  1.504E-09  1.246E-09  1.271E-13  6.507E-14  1.00E-07
  6.150E+01 3.73255E-18 -3.226E-05  1.482E-09  1.240E-09  1.264E-13  6.515E-14  1.00E-07
  6.200E+01 3.65388E-18 -3.279E-05  1.459E-09  1.234E-09  1.256E-13  6.522E-14  1.00E-07
  6.250E+01 3.57732E-18 -3.333E-05  1.438E-09  1.229E-09  1.249E-13  6.528E-14  1.00E-07
  6.300E+01 3.50279E-18 -3.387E-05  1.416E-09  1.223E-09  1.241E-13  6.533E-14  1.00E-07
  6.350E+01 3.43024E-18 -3.441E-05  1.395E-09  1.218E-09  1.234E-13  6.538E-14  1.00E-07
  6.400E+01 3.35962E-18 -3.495E-05  1.375E-09  1.212E-09  1.226E-13  6.542E-14  1.00E-07
  6.450E+01 3.29087E-18 -3.550E-05  1.354E-09  1.207E-09  1.219E-13  6.546E-14  1.00E-07
  6.500E+01 3.22393E-18 -3.604E-05  1.334E-09  1.201E-09  1.211E-13  6.549E-14  1.00E-07
  6.550E+01 3.15875E-18 -3.659E-05  1.315E-09  1.196E-09  1.203E-13  6.551E-14  1.00E-07
  6.600E+01 3.09528E-18 -3.714E-05  1.295E-09  1.190E-09  1.196E-13  6.553E-14  1.00E-07
  6.650E+01 3.03347E-18 -3.769E-05  1.276E-09  1.185E-09  1.188E-13  6.554E-14  1.00E-07
  6.700E+01 2.97327E-18 -3.825E-05  1.258E-09  1.180E-09  1.181E-13  6.555E-14  1.00E-07
  6.750E+01 2.91464E-18 -3.880E-05  1.239E-09  1.174E-09  1.173E-13  6.555E-14  1.00E-07
  6.800E+01 2.85753E-18 -3.935E-05  1.221E-09  1.169E-09  1.166E-13  6.554E-14  1.00E-07
  6.850E+01 2.80189E-18 -3.991E-05  1.203E-09  1.164E-09  1.158E-13  6.553E-14  1.00E-07
  6.900E+01 2.74769E-18 -4.046E-05  1.186E-09  1.158E-09  1.150E-13  6.551E-14  1.00E-07
  6.950E+01 2.69488E-18 -4.102E-05  1.168E-09  1.153E-09  1.143E-13  6.549E-14  1.00E-07
  7.000E+01 2.64342E-18 -4.158E-05  1.151E-09  1.148E-09  1.135E-13  6.546E-14  1.00E-07
  7.050E+01 2.59327E-18 -4.213E-05  1.135E-09  1.143E-09  1.128E-13  6.543E-14  1.00E-07
  7.100E+01 2.54440E-18 -4.269E-05  1.118E-09  1.137E-09  1.120E-13  6.539E-14  1.00E-07
  7.150E+01 2.49676E-18 -4.325E-05  1.102E-09  1.132E-09  1.113E-13  6.535E-14  1.00E-07
  7.200E+01 2.45033E-18 -4.380E-05  1.086E-09  1.127E-09  1.105E-13  6.530E-14  1.00E-07
  7.250E+01 2.40506E-18 -4.436E-05  1.071E-09  1.122E-09  1.098E-13  6.524E-14  1.00E-07
  7.300E+01 2.36093E-18 -4.491E-05  1.055E-09  1.117E-09  1.090E-13  6.518E-14  1.00E-07
  7.350E+01 2.31791E-18 -4.546E-05  1.040E-09  1.112E-09  1.083E-13  6.512E-14  1.00E-07
  7.400E+01 2.27595E-18 -4.602E-05  1.025E-09  1.107E-09  1.076E-13  6.505E-14  1.00E-07
  7.450E+01 2.23503E-18 -4.657E-05  1.010E-09  1.102E-09  1.068E-13  6.497E-14  1.00E-07
  7.500E+01 2.19513E-18 -4.712E-05  9.960E-10  1.097E-09  1.061E-13  6.489E-14  1.00E-07
  7.550E+01 2.15620E-18 -4.767E-05  9.818E-10  1.092E-09  1.053E-13  6.481E-14  1.00E-07
  7.600E+01 2.11823E-18 -4.821E-05  9.679E-10  1.087E-09  1.046E-13  6.472E-14  1.00E-07
  7.650E+01 2.08119E-18 -4.876E-05  9.541E-10  1.082E-09  1.039E-13  6.462E-14  1.00E-07
  7.700E+01 2.04505E-18 -4.930E-05  9.406E-10  1.077E-09  1.031E-13  6.452E-14  1.00E-07
  7.750E+01 2.00978E-18 -4.984E-05  9.273E-10  1.072E-09  1.024E-13  6.442E-14  1.00E-07
  7.800E+01 1.97537E-18 -5.038E-05  9.142E-10  1.067E-09  1.017E-13  6.431E-14  1.00E-07
  7.850E+01 1.94178E-18 -5.091E-05  9.014E-10  1.063E-09  1.010E-13  6.420E-14  1.00E-07
  7.900E+01 1.90900E-18 -5.144E-05  8.887E-10  1.058E-09  1.002E-13  6.408E-14  1.00E-07
  7.950E+01 1.87700E-18 -5.197E-05  8.763E-10  1.053E-09  9.953E-14  6.396E-14  1.00E-07
  8.000E+01 1.84576E-18 -5.250E-05  8.640E-10  1.048E-09  9.882E-14  6.384E-14  1.00E-07
  8.050E+01 1.81526E-18 -5.302E-05  8.519E-10  1.044E-09  9.810E-14  6.371E-14  1.00E-07
  8.100E+01 1.78548E-18 -5.354E-05  8.401E-10  1.039E-09  9.739E-14  6.357E-14  1.00E-07
  8.150E+01 1.75640E-18 -5.406E-05  8.284E-10  1.034E-09  9.669E-14  6.343E-14  1.00E-07
  8.200E+01 1.72800E-18 -5.457E-05  8.169E-10  1.030E-09  9.598E-14  6.329E-14  1.00E-07
  8.250E+01 1.70026E-18 -5.508E-05  8.056E-10  1.025E-09  9.528E-14  6.315E-14  1.00E-07
  8.300E+01 1.67317E-18 -5.558E-05  7.944E-10  1.021E-09  9.458E-14  6.299E-14  1.00E-07
  8.350E+01 1.64670E-18 -5.608E-05  7.835E-10  1.016E-09  9.388E-14  6.284E-14  1.00E-07
  8.400E+01 1.62084E-18 -5.658E-05  7.727E-10  1.012E-09  9.319E-14  6.268E-14  1.00E-07
  8.450E+01 1.59557E-18 -5.707E-05  7.621E-10  1.007E-09  9.250E-14  6.252E-14  1.00E-07
  8.500E+01 1.57088E-18 -5.756E-05  7.517E-10  1.003E-09  9.181E-14  6.235E-14  1.00E-07
  8.550E+01 1.54675E-18 -5.804E-05  7.414E-10  9.985E-10  9.113E-14  6.219E-14  1.00E-07
  8.600E+01 1.52317E-18 -5.852E-05  7.313E-10  9.942E-10  9.044E-14  6.201E-14  1.00E-07
  8.650E+01 1.50012E-18 -5.899E-05  7.214E-10  9.898E-10  8.977E-14  6.184E-14  1.00E-07
  8.700E+01 1.47759E-18 -5.946E-05  7.116E-10  9.855E-10  8.909E-14  6.166E-14  1.00E-07
  8.750E+01 1.45556E-18 -5.992E-05  7.019E-10  9.812E-10  8.842E-14  6.147E-14  1.00E-07
  8.800E+01 1.43403E-18 -6.038E-05  6.925E-10  9.770E-10  8.774E-14  6.129E-14  1.00E-07
  8.850E+01 1.41297E-18 -6.083E-05  6.831E-10  9.728E-10  8.708E-14  6.109E-14  1.00E-07
  8.900E+01 1.39238E-18 -6.127E-05  6.739E-10  9.686E-10  8.641E-14  6.090E-14  1.00E-07
  8.950E+01 1.37224E-18 -6.171E-05  6.649E-10  9.644E-10  8.575E-14  6.070E-14  1.00E-07
  9.000E+01 1.35254E-18 -6.214E-05  6.560E-10  9.603E-10  8.509E-14  6.050E-14  1.00E-07
  9.050E+01 1.33327E-18 -6.257E-05  6.472E-10  9.562E-10  8.444E-14  6.030E-14  1.00E-07
  9.100E+01 1.31442E-18 -6.299E-05  6.386E-10  9.521E-10  8.378E-14  6.009E-14  1.00E-07
  9.150E+01 1.29598E-18 -6.340E-05  6.301E-10  9.481E-10  8.313E-14  5.988E-14  1.00E-07
  9.200E+01 1.27794E-18 -6.381E-05  6.218E-10  9.441E-10  8.249E-14  5.967E-14  1.00E-07
  9.250E+01 1.26029E-18 -6.421E-05  6.136E-10  9.401E-10  8.184E-14  5.945E-14  1.00E-07
  9.300E+01 1.24301E-18 -6.460E-05  6.055E-10  9.362E-10  8.120E-14  5.923E-14  1.00E-07
  9.350E+01 1.22610E-18 -6.499E-05  5.975E-10  9.322E-10  8.056E-14  5.901E-14  1.00E-07
  9.400E+01 1.20956E-18 -6.537E-05  5.897E-10  9.284E-10  7.993E-14  5.879E-14  1.00E-07
  9.450E+01 1.19336E-18 -6.574E-05  5.819E-10  9.245E-10  7.929E-14  5.856E-14  1.00E-07
  9.500E+01 1.17750E-18 -6.611E-05  5.744E-10  9.207E-10  7.866E-14  5.833E-14  1.00E-07
  9.550E+01 1.16198E-18 -6.647E-05  5.669E-10  9.169E-10  7.804E-14  5.810E-14  1.00E-07
  9.600E+01 1.14678E-18 -6.682E-05  5.595E-10  9.131E-10  7.741E-14  5.786E-14  1.00E-07
  9.650E+01 1.13190E-18 -6.716E-05  5.523E-10  9.093E-10  7.679E-14  5.762E-14  1.00E-07
  9.700E+01 1.11733E-18 -6.749E-05  5.451E-10  9.056E-10  7.617E-14  5.738E-14  1.00E-07
  9.750E+01 1.10305E-18 -6.782E-05  5.381E-10  9.019E-10  7.556E-14  5.714E-14  1.00E-07
  9.800E+01 1.08908E-18 -6.814E-05  5.312E-10  8.983E-10  7.495E-14  5.689E-14  1.00E-07
  9.850E+01 1.07539E-18 -6.845E-05  5.244E-10  8.947E-10  7.434E-14  5.664E-14  1.00E-07
  9.900E+01 1.06198E-18 -6.875E-05  5.177E-10  8.911E-10  7.373E-14  5.639E-14  1.00E-07
  9.950E+01 1.04884E-18 -6.905E-05  5.111E-10  8.875E-10  7.313E-14  5.614E-14  1.00E-07
  1.000E+02 1.03597E-18 -6.933E-05  5.046E-10  8.840E-10  7.253E-14  5.588E-14  1.00E-07
  1.005E+02 1.02336E-18 -6.961E-05  4.982E-10  8.804E-10  7.193E-14  5.562E-14  1.00E-07
  1.010E+02 1.01101E-18 -6.988E-05  4.919E-10  8.770E-10  7.133E-14  5.536E-14  1.00E-07
  1.015E+02 9.98899E-19 -7.014E-05  4.857E-10  8.735E-10  7.074E-14  5.510E-14  1.00E-07
  1.020E+02 9.87034E-19 -7.039E-05  4.796E-10  8.701E-10  7.015E-14  5.483E-14  1.00E-07
  1.025E+02 9.75406E-19 -7.064E-05  4.736E-10  8.667E-10  6.956E-14  5.456E-14  1.00E-07
  1.030E+02 9.64009E-19 -7.087E-05  4.676E-10  8.633E-10  6.898E-14  5.429E-14  1.00E-07
  1.035E+02 9.52838E-19 -7.110E-05  4.618E-10  8.600E-10  6.840E-14  5.402E-14  1.00E-07
  1.040E+02 9.41888E-19 -7.131E-05  4.561E-10  8.567E-10  6.782E-14  5.375E-14  1.00E-07
  1.045E+02 9.31153E-19 -7.152E-05  4.504E-10  8.534E-10  6.724E-14  5.347E-14  1.00E-07
  1.050E+02 9.20628E-19 -7.172E-05  4.449E-10  8.501E-10  6.667E-14  5.319E-14  1.00E-07
  1.055E+02 9.10310E-19 -7.191E-05  4.394E-10  8.469E-10  6.609E-14  5.291E-14  1.00E-07
  1.060E+02 9.00192E-19 -7.209E-05  4.340E-10  8.437E-10  6.553E-14  5.263E-14  1.00E-07
  1.065E+02 8.90271E-19 -7.226E-05  4.287E-10  8.405E-10  6.496E-14  5.234E-14  1.00E-07
  1.070E+02 8.80542E-19 -7.242E-05  4.234E-10  8.374E-10  6.440E-14  5.206E-14  1.00E-07
  1.075E+02 8.71001E-19 -7.257E-05  4.183E-10  8.343E-10  6.384E-14  5.177E-14  1.00E-07
  1.080E+02 8.61644E-19 -7.271E-05  4.132E-10  8.312E-10  6.328E-14  5.148E-14  1.00E-07
  1.085E+02 8.52466E-19 -7.284E-05  4.082E-10  8.281E-10  6.272E-14  5.119E-14  1.00E-07
  1.090E+02 8.43464E-19 -7.296E-05  4.033E-10  8.251E-10  6.217E-14  5.089E-14  1.00E-07
  1.095E+02 8.34633E-19 -7.307E-05  3.985E-10  8.221E-10  6.162E-14  5.060E-14  1.00E-07
  1.100E+02 8.25971E-19 -7.318E-05  3.937E-10  8.191E-10  6.107E-14  5.030E-14  1.00E-07
  1.105E+02 8.17472E-19 -7.327E-05  3.890E-10  8.162E-10  6.053E-14  5.000E-14  1.00E-07
  1.110E+02 8.09135E-19 -7.335E-05  3.844E-10  8.133E-10  5.998E-14  4.970E-14  1.00E-07
  1.115E+02 8.00954E-19 -7.343E-05  3.798E-10  8.104E-10  5.944E-14  4.940E-14  1.00E-07
  1.120E+02 7.92928E-19 -7.349E-05  3.753E-10  8.075E-10  5.890E-14  4.910E-14  1.00E-07
  1.125E+02 7.85052E-19 -7.354E-05  3.709E-10  8.046E-10  5.837E-14  4.879E-14  1.00E-07
  1.130E+02 7.77324E-19 -7.358E-05  3.666E-10  8.018E-10  5.783E-14  4.848E-14  1.00E-07
  1.135E+02 7.69740E-19 -7.362E-05  3.623E-10  7.990E-10  5.730E-14  4.817E-14  1.00E-07
  1.140E+02 7.62297E-19 -7.364E-05  3.581E-10  7.963E-10  5.677E-14  4.786E-14  1.00E-07
  1.145E+02 7.54993E-19 -7.365E-05  3.539E-10  7.935E-10  5.625E-14  4.755E-14  1.00E-07
  1.150E+02 7.47823E-19 -7.366E-05  3.499E-10  7.908E-10  5.572E-14  4.724E-14  1.00E-07
  1.155E+02 7.40787E-19 -7.365E-05  3.458E-10  7.882E-10  5.520E-14  4.692E-14  1.00E-07
  1.160E+02 7.33880E-19 -7.363E-05  3.419E-10  7.855E-10  5.468E-14  4.661E-14  1.00E-07
  1.165E+02 7.27101E-19 -7.360E-05  3.380E-10  7.829E-10  5.416E-14  4.629E-14  1.00E-07
  1.170E+02 7.20446E-19 -7.356E-05  3.341E-10  7.803E-10  5.365E-14  4.597E-14  1.00E-07
  1.175E+02 7.13913E-19 -7.351E-05  3.303E-10  7.777E-10  5.313E-14  4.565E-14  1.00E-07
  1.180E+02 7.07500E-19 -7.345E-05  3.266E-10  7.751E-10  5.262E-14  4.533E-14  1.00E-07
  1.185E+02 7.01204E-19 -7.339E-05  3.229E-10  7.726E-10  5.211E-14  4.501E-14  1.00E-07
  1.190E+02 6.95022E-19 -7.331E-05  3.193E-10  7.701E-10  5.161E-14  4.468E-14  1.00E-07
  1.195E+02 6.88954E-19 -7.322E-05  3.158E-10  7.676E-10  5.110E-14  4.436E-14  1.00E-07
  1.200E+02 6.82995E-19 -7.312E-05  3.123E-10  7.652E-10  5.060E-14  4.403E-14  1.00E-07
  1.205E+02 6.77145E-19 -7.300E-05  3.088E-10  7.627E-10  5.010E-14  4.370E-14  1.00E-07
  1.210E+02 6.71401E-19 -7.288E-05  3.054E-10  7.603E-10  4.960E-14  4.337E-14  1.00E-07
  1.215E+02 6.65761E-19 -7.275E-05  3.021E-10  7.580E-10  4.911E-14  4.304E-14  1.00E-07
  1.220E+02 6.60222E-19 -7.261E-05  2.988E-10  7.556E-10  4.861E-14  4.271E-14  1.00E-07
  1.225E+02 6.54784E-19 -7.246E-05  2.956E-10  7.533E-10  4.812E-14  4.238E-14  1.00E-07
  1.230E+02 6.49444E-19 -7.230E-05  2.924E-10  7.510E-10  4.763E-14  4.204E-14  1.00E-07
  1.235E+02 6.44200E-19 -7.212E-05  2.892E-10  7.487E-10  4.714E-14  4.171E-14  1.00E-07
  1.240E+02 6.39050E-19 -7.194E-05  2.861E-10  7.464E-10  4.665E-14  4.137E-14  1.00E-07
  1.245E+02 6.33993E-19 -7.175E-05  2.831E-10  7.442E-10  4.617E-14  4.103E-14  1.00E-07
  1.250E+02 6.29027E-19 -7.154E-05  2.801E-10  7.420E-10  4.569E-14  4.070E-14  1.00E-07
  1.255E+02 6.24150E-19 -7.133E-05  2.772E-10  7.398E-10  4.521E-14  4.036E-14  1.00E-07
  1.260E+02 6.19361E-19 -7.110E-05  2.743E-10  7.377E-10  4.473E-14  4.002E-14  1.00E-07
  1.265E+02 6.14658E-19 -7.087E-05  2.714E-10  7.355E-10  4.425E-14  3.968E-14  1.00E-07
  1.270E+02 6.10038E-19 -7.062E-05  2.686E-10  7.334E-10  4.378E-14  3.933E-14  1.00E-07
  1.275E+02 6.05502E-19 -7.037E-05  2.658E-10  7.313E-10  4.330E-14  3.899E-14  1.00E-07
  1.280E+02 6.01047E-19 -7.010E-05  2.631E-10  7.293E-10  4.283E-14  3.865E-14  1.00E-07
  1.285E+02 5.96672E-19 -6.983E-05  2.604E-10  7.272E-10  4.236E-14  3.830E-14  1.00E-07
  1.290E+02 5.92375E-19 -6.954E-05  2.578E-10  7.252E-10  4.189E-14  3.795E-14  1.00E-07
  1.295E+02 5.88156E-19 -6.925E-05  2.552E-10  7.232E-10  4.143E-14  3.761E-14  1.00E-07
  1.300E+02 5.84012E-19 -6.894E-05  2.526E-10  7.212E-10  4.096E-14  3.726E-14  1.00E-07
  1.305E+02 5.79942E-19 -6.862E-05  2.501E-10  7.193E-10  4.050E-14  3.691E-14  1.00E-07
  1.310E+02 5.75946E-19 -6.830E-05  2.476E-10  7.174E-10  4.004E-14  3.656E-14  1.00E-07
  1.315E+02 5.72021E-19 -6.796E-05  2.452E-10  7.155E-10  3.958E-14  3.621E-14  1.00E-07
  1.320E+02 5.68167E-19 -6.762E-05  2.428E-10  7.136E-10  3.912E-14  3.586E-14  1.00E-07
  1.325E+02 5.64382E-19 -6.726E-05  2.404E-10  7.117E-10  3.866E-14  3.551E-14  1.00E-07
  1.330E+02 5.60666E-19 -6.690E-05  2.381E-10  7.099E-10  3.821E-14  3.516E-14  1.00E-07
  1.335E+02 5.57016E-19 -6.652E-05  2.358E-10  7.081E-10  3.775E-14  3.480E-14  1.00E-07
  1.340E+02 5.53433E-19 -6.614E-05  2.336E-10  7.063E-10  3.730E-14  3.445E-14  1.00E-07
  1.345E+02 5.49914E-19 -6.574E-05  2.314E-10  7.045E-10  3.685E-14  3.409E-14  1.00E-07
  1.350E+02 5.46459E-19 -6.534E-05  2.292E-10  7.028E-10  3.640E-14  3.374E-14  1.00E-07
  1.355E+02 5.43067E-19 -6.492E-05  2.271E-10  7.011E-10  3.596E-14  3.338E-14  1.00E-07
  1.360E+02 5.39737E-19 -6.450E-05  2.250E-10  6.994E-10  3.551E-14  3.302E-14  1.00E-07
  1.365E+02 5.36467E-19 -6.407E-05  2.229E-10  6.977E-10  3.507E-14  3.267E-14  1.00E-07
  1.370E+02 5.33257E-19 -6.363E-05  2.209E-10  6.960E-10  3.462E-14  3.231E-14  1.00E-07
  1.375E+02 5.30106E-19 -6.317E-05  2.189E-10  6.944E-10  3.418E-14  3.195E-14  1.00E-07
  1.380E+02 5.27013E-19 -6.271E-05  2.169E-10  6.928E-10  3.374E-14  3.159E-14  1.00E-07
  1.385E+02 5.23977E-19 -6.224E-05  2.150E-10  6.912E-10  3.330E-14  3.123E-14  1.00E-07
  1.390E+02 5.20997E-19 -6.176E-05  2.131E-10  6.896E-10  3.287E-14  3.087E-14  1.00E-07
  1.395E+02 5.18072E-19 -6.128E-05  2.112E-10  6.881E-10  3.243E-14  3.050E-14  1.00E-07
  1.400E+02 5.15202E-19 -6.078E-05  2.094E-10  6.866E-10  3.200E-14  3.014E-14  1.00E-07
  1.405E+02 5.12385E-19 -6.027E-05  2.076E-10  6.851E-10  3.156E-14  2.978E-14  1.00E-07
  1.410E+02 5.09621E-19 -5.976E-05  2.058E-10  6.836E-10  3.113E-14  2.942E-14  1.00E-07
  1.415E+02 5.06909E-19 -5.923E-05  2.040E-10  6.821E-10  3.070E-14  2.905E-14  1.00E-07
  1.420E+02 5.04248E-19 -5.870E-05  2.023E-10  6.807E-10  3.027E-14  2.869E-14  1.00E-07
  1.425E+02 5.01638E-19 -5.816E-05  2.007E-10  6.792E-10  2.984E-14  2.832E-14  1.00E-07
  1.430E+02 4.99078E-19 -5.761E-05  1.990E-10  6.778E-10  2.941E-14  2.796E-14  1.00E-07
  1.435E+02 4.96567E-19 -5.705E-05  1.974E-10  6.765E-10  2.899E-14  2.759E-14  1.00E-07
  1.440E+02 4.94104E-19 -5.648E-05  1.958E-10  6.751E-10  2.856E-14  2.722E-14  1.00E-07
  1.445E+02 4.91689E-19 -5.591E-05  1.942E-10  6.738E-10  2.814E-14  2.686E-14  1.00E-07
  1.450E+02 4.89321E-19 -5.532E-05  1.927E-10  6.724E-10  2.772E-14  2.649E-14  1.00E-07
  1.455E+02 4.86999E-19 -5.473E-05  1.912E-10  6.712E-10  2.730E-14  2.612E-14  1.00E-07
  1.460E+02 4.84723E-19 -5.413E-05  1.897E-10  6.699E-10  2.688E-14  2.575E-14  1.00E-07
  1.465E+02 4.82493E-19 -5.352E-05  1.883E-10  6.686E-10  2.646E-14  2.538E-14  1.00E-07
  1.470E+02 4.80307E-19 -5.290E-05  1.868E-10  6.674E-10  2.604E-14  2.501E-14  1.00E-07
  1.475E+02 4.78165E-19 -5.228E-05  1.854E-10  6.662E-10  2.562E-14  2.464E-14  1.00E-07
  1.480E+02 4.76066E-19 -5.165E-05  1.841E-10  6.650E-10  2.521E-14  2.427E-14  1.00E-07
  1.485E+02 4.74010E-19 -5.101E-05  1.827E-10  6.638E-10  2.479E-14  2.390E-14  1.00E-07
  1.490E+02 4.71997E-19 -5.036E-05  1.814E-10  6.626E-10  2.438E-14  2.353E-14  1.00E-07
  1.495E+02 4.70025E-19 -4.971E-05  1.801E-10  6.615E-10  2.397E-14  2.316E-14  1.00E-07
  1.500E+02 4.68095E-19 -4.905E-05  1.789E-10  6.604E-10  2.355E-14  2.278E-14  1.00E-07
  1.505E+02 4.66205E-19 -4.838E-05  1.776E-10  6.593E-10  2.314E-14  2.241E-14  1.00E-07
  1.510E+02 4.64356E-19 -4.770E-05  1.764E-10  6.582E-10  2.273E-14  2.204E-14  1.00E-07
  1.515E+02 4.62546E-19 -4.702E-05  1.752E-10  6.571E-10  2.232E-14  2.167E-14  1.00E-07
  1.520E+02 4.60776E-19 -4.633E-05  1.741E-10  6.561E-10  2.192E-14  2.129E-14  1.00E-07
  1.525E+02 4.59045E-19 -4.563E-05  1.729E-10  6.551E-10  2.151E-14  2.092E-14  1.00E-07
  1.530E+02 4.57352E-19 -4.492E-05  1.718E-10  6.541E-10  2.110E-14  2.054E-14  1.00E-07
  1.535E+02 4.55698E-19 -4.421E-05  1.707E-10  6.531E-10  2.070E-14  2.017E-14  1.00E-07
  1.540E+02 4.54081E-19 -4.350E-05  1.696E-10  6.522E-10  2.029E-14  1.979E-14  1.00E-07
  1.545E+02 4.52501E-19 -4.277E-05  1.686E-10  6.512E-10  1.989E-14  1.942E-14  1.00E-07
  1.550E+02 4.50958E-19 -4.204E-05  1.676E-10  6.503E-10  1.948E-14  1.904E-14  1.00E-07
  1.555E+02 4.49451E-19 -4.131E-05  1.666E-10  6.494E-10  1.908E-14  1.867E-14  1.00E-07
  1.560E+02 4.47980E-19 -4.056E-05  1.656E-10  6.485E-10  1.868E-14  1.829E-14  1.00E-07
  1.565E+02 4.46545E-19 -3.981E-05  1.647E-10  6.476E-10  1.828E-14  1.791E-14  1.00E-07
  1.570E+02 4.45146E-19 -3.906E-05  1.637E-10  6.468E-10  1.788E-14  1.754E-14  1.00E-07
  1.575E+02 4.43781E-19 -3.830E-05  1.628E-10  6.460E-10  1.748E-14  1.716E-14  1.00E-07
  1.580E+02 4.42451E-19 -3.753E-05  1.619E-10  6.452E-10  1.708E-14  1.678E-14  1.00E-07
  1.585E+02 4.41155E-19 -3.676E-05  1.611E-10  6.444E-10  1.668E-14  1.640E-14  1.00E-07
  1.590E+02 4.39894E-19 -3.598E-05  1.602E-10  6.436E-10  1.629E-14  1.603E-14  1.00E-07
  1.595E+02 4.38665E-19 -3.520E-05  1.594E-10  6.428E-10  1.589E-14  1.565E-14  1.00E-07
  1.600E+02 4.37471E-19 -3.441E-05  1.586E-10  6.421E-10  1.549E-14  1.527E-14  1.00E-07
  1.605E+02 4.36309E-19 -3.362E-05  1.579E-10  6.414E-10  1.510E-14  1.489E-14  1.00E-07
  1.610E+02 4.35180E-19 -3.282E-05  1.571E-10  6.407E-10  1.470E-14  1.451E-14  1.00E-07
  1.615E+02 4.34084E-19 -3.202E-05  1.564E-10  6.400E-10  1.431E-14  1.413E-14  1.00E-07
  1.620E+02 4.33020E-19 -3.121E-05  1.557E-10  6.394E-10  1.392E-14  1.375E-14  1.00E-07
  1.625E+02 4.31988E-19 -3.040E-05  1.550E-10  6.387E-10  1.352E-14  1.337E-14  1.00E-07
  1.630E+02 4.30988E-19 -2.958E-05  1.543E-10  6.381E-10  1.313E-14  1.299E-14  1.00E-07
  1.635E+02 4.30020E-19 -2.876E-05  1.537E-10  6.375E-10  1.274E-14  1.261E-14  1.00E-07
  1.640E+02 4.29082E-19 -2.793E-05  1.530E-10  6.369E-10  1.235E-14  1.223E-14  1.00E-07
  1.645E+02 4.28176E-19 -2.710E-05  1.524E-10  6.363E-10  1.196E-14  1.185E-14  1.00E-07
  1.650E+02 4.27301E-19 -2.627E-05  1.518E-10  6.358E-10  1.157E-14  1.147E-14  1.00E-07
  1.655E+02 4.26456E-19 -2.543E-05  1.513E-10  6.353E-10  1.118E-14  1.109E-14  1.00E-07
  1.660E+02 4.25642E-19 -2.459E-05  1.507E-10  6.348E-10  1.079E-14  1.071E-14  1.00E-07
  1.665E+02 4.24858E-19 -2.374E-05  1.502E-10  6.343E-10  1.040E-14  1.033E-14  1.00E-07
  1.670E+02 4.24104E-19 -2.289E-05  1.497E-10  6.338E-10  1.001E-14  9.947E-15  1.00E-07
  1.675E+02 4.23380E-19 -2.204E-05  1.492E-10  6.333E-10  9.621E-15  9.566E-15  1.00E-07
  1.680E+02 4.22685E-19 -2.119E-05  1.488E-10  6.329E-10  9.233E-15  9.184E-15  1.00E-07
  1.685E+02 4.22021E-19 -2.033E-05  1.483E-10  6.325E-10  8.846E-15  8.803E-15  1.00E-07
  1.690E+02 4.21385E-19 -1.947E-05  1.479E-10  6.321E-10  8.459E-15  8.421E-15  1.00E-07
  1.695E+02 4.20779E-19 -1.860E-05  1.475E-10  6.317E-10  8.072E-15  8.039E-15  1.00E-07
  1.700E+02 4.20202E-19 -1.773E-05  1.471E-10  6.313E-10  7.686E-15  7.657E-15  1.00E-07
  1.705E+02 4.19654E-19 -1.686E-05  1.467E-10  6.310E-10  7.299E-15  7.275E-15  1.00E-07
  1.710E+02 4.19135E-19 -1.599E-05  1.464E-10  6.306E-10  6.913E-15  6.892E-15  1.00E-07
  1.715E+02 4.18645E-19 -1.512E-05  1.460E-10  6.303E-10  6.528E-15  6.510E-15  1.00E-07
  1.720E+02 4.18183E-19 -1.424E-05  1.457E-10  6.300E-10  6.143E-15  6.128E-15  1.00E-07
  1.725E+02 4.17750E-19 -1.336E-05  1.454E-10  6.298E-10  5.757E-15  5.745E-15  1.00E-07
  1.730E+02 4.17345E-19 -1.248E-05  1.452E-10  6.295E-10  5.373E-15  5.362E-15  1.00E-07
  1.735E+02 4.16968E-19 -1.159E-05  1.449E-10  6.293E-10  4.988E-15  4.980E-15  1.00E-07
  1.740E+02 4.16620E-19 -1.071E-05  1.447E-10  6.290E-10  4.603E-15  4.597E-15  1.00E-07
  1.745E+02 4.16300E-19 -9.822E-06  1.445E-10  6.288E-10  4.219E-15  4.214E-15  1.00E-07
  1.750E+02 4.16008E-19 -8.933E-06  1.443E-10  6.286E-10  3.835E-15  3.831E-15  1.00E-07
  1.755E+02 4.15744E-19 -8.044E-06  1.441E-10  6.285E-10  3.451E-15  3.448E-15  1.00E-07
  1.760E+02 4.15508E-19 -7.153E-06  1.439E-10  6.283E-10  3.067E-15  3.065E-15  1.00E-07
  1.765E+02 4.15300E-19 -6.261E-06  1.438E-10  6.282E-10  2.684E-15  2.682E-15  1.00E-07
  1.770E+02 4.15120E-19 -5.369E-06  1.437E-10  6.281E-10  2.300E-15  2.299E-15  1.00E-07
  1.775E+02 4.14967E-19 -4.475E-06  1.436E-10  6.280E-10  1.917E-15  1.916E-15  1.00E-07
  1.780E+02 4.14842E-19 -3.581E-06  1.435E-10  6.279E-10  1.533E-15  1.533E-15  1.03E-07
  1.785E+02 4.14745E-19 -2.686E-06  1.434E-10  6.278E-10  1.150E-15  1.150E-15  1.13E-07
  1.790E+02 4.14676E-19 -1.791E-06  1.434E-10  6.278E-10  7.665E-16  7.664E-16  1.21E-07
  1.795E+02 4.14635E-19 -8.956E-07  1.433E-10  6.278E-10  3.833E-16  3.832E-16  1.25E-07
  1.800E+02 4.14621E-19 -1.257E-20  1.433E-10  6.278E-10  5.378E-30  5.378E-30  1.27E-07

  TOTAL ELASTIC CROSS SECTION = 5.298938E-17 cm**2
               FROM DCS TABLE = 5.298836E-17  (REL. DIF. = 1.93E-05)

  1ST TRANSPORT CROSS SECTION = 1.817182E-17 cm**2
               FROM DCS TABLE = 1.817165E-17  (REL. DIF. = 9.54E-06)

  2ND TRANSPORT CROSS SECTION = 3.188631E-17 cm**2

  **** DPWA0 ENDED ************************************************************

