

  **** PARTIAL WAVE ANALYSIS (DPWA0) ******************************************


  KINETIC ENERGY = 2.48000E+02 eV

      L       PHASE(SPIN UP)     PHASE(SPIN DOWN)
  -----------------------------------------------
       0      4.84180921E-01      0.00000000E+00
       1      2.52532198E-01      2.52628659E-01
       2      1.48858483E-01      1.48900467E-01
       3      9.14144874E-02      9.14375287E-02
       4      5.72048591E-02      5.72185220E-02
       5      3.61581480E-02      3.61665374E-02
       6      2.29865973E-02      2.29918433E-02
       7      1.46627400E-02      1.46660542E-02
       8      9.37173055E-03      9.37383701E-03
       9      5.99667034E-03      5.99801398E-03
      10      3.83922668E-03      3.84008555E-03
      11      2.45845803E-03      2.45900768E-03
      12      1.57421576E-03      1.57456772E-03
      13      1.00781577E-03      1.00804119E-03
      14      6.45016231E-04      6.45160605E-04
      15      4.12673135E-04      4.12765581E-04
      16      2.63920008E-04      2.63979185E-04
      17      1.68717833E-04      1.68755700E-04
      18      1.07812538E-04      1.07836759E-04
      19      6.88648479E-05      6.88803342E-05
      20      4.39692079E-05      4.39791052E-05
      21      2.80625119E-05      2.80688346E-05
      22      1.79034329E-05      1.79074704E-05
      23      1.14178281E-05      1.14204053E-05
      24      7.27903664E-06      7.28068098E-06
      25      4.63888291E-06      4.63993169E-06
      26      2.95534290E-06      2.95601158E-06
      27      1.88218808E-06      1.88261426E-06
      28      1.19835202E-06      1.19862357E-06
      29      7.62741650E-07      7.62914602E-07
      30      4.85341343E-07      4.85451466E-07
      31      3.08744158E-07      3.08814255E-07
      32      1.96352616E-07      1.96397227E-07
      33      1.24843384E-07      1.24871761E-07
      34      7.93577288E-08      7.93757759E-08
      35      5.04327096E-08      5.04441825E-08
      36      3.20434033E-08      3.20506965E-08
      37      2.03549646E-08      2.03596035E-08
      38      1.29274190E-08      1.29303614E-08
      39      8.20859143E-09      8.21045763E-09
      40      5.21122614E-09      5.21241620E-09
      41      3.30773189E-09      3.30849357E-09
      42      2.09910624E-09      2.09958693E-09
      43      1.33189479E-09      1.33219668E-09
      44      8.44961256E-10      8.45155879E-10
      45      5.35922156E-10      5.36047719E-10


  *** SCATTERING AMPLITUDES AND DIFFERENTIAL CROSS SECTION ***

    ANGLE      DCS       ASYMMETRY    DIRECT AMPLITUDE       SPIN-FLIP AMPLITUDE     ERROR
    (deg)   (cm**2/sr)                      (cm)                    (cm)
  -------------------------------------------------------------------------------------------
  0.000E+00 3.13352E-17  0.000E+00  5.543E-09  7.795E-10  0.000E+00  0.000E+00  1.00E-07
  1.000E-04 3.13352E-17 -1.096E-11  5.543E-09  7.795E-10  2.437E-18  3.117E-19  1.00E-07
  1.250E-04 3.13352E-17 -1.371E-11  5.543E-09  7.795E-10  3.046E-18  3.896E-19  1.00E-07
  1.500E-04 3.13352E-17 -1.645E-11  5.543E-09  7.795E-10  3.655E-18  4.675E-19  1.00E-07
  1.750E-04 3.13352E-17 -1.919E-11  5.543E-09  7.795E-10  4.265E-18  5.455E-19  1.00E-07
  2.000E-04 3.13352E-17 -2.193E-11  5.543E-09  7.795E-10  4.874E-18  6.234E-19  1.00E-07
  2.250E-04 3.13352E-17 -2.467E-11  5.543E-09  7.795E-10  5.483E-18  7.013E-19  1.00E-07
  2.500E-04 3.13352E-17 -2.741E-11  5.543E-09  7.795E-10  6.092E-18  7.792E-19  1.00E-07
  2.750E-04 3.13352E-17 -3.015E-11  5.543E-09  7.795E-10  6.701E-18  8.572E-19  1.00E-07
  3.000E-04 3.13352E-17 -3.289E-11  5.543E-09  7.795E-10  7.311E-18  9.351E-19  1.00E-07
  3.250E-04 3.13352E-17 -3.563E-11  5.543E-09  7.795E-10  7.920E-18  1.013E-18  1.00E-07
  3.500E-04 3.13352E-17 -3.838E-11  5.543E-09  7.795E-10  8.529E-18  1.091E-18  1.00E-07
  3.750E-04 3.13352E-17 -4.112E-11  5.543E-09  7.795E-10  9.138E-18  1.169E-18  1.00E-07
  4.000E-04 3.13352E-17 -4.386E-11  5.543E-09  7.795E-10  9.747E-18  1.247E-18  1.00E-07
  4.250E-04 3.13352E-17 -4.660E-11  5.543E-09  7.795E-10  1.036E-17  1.325E-18  1.00E-07
  4.500E-04 3.13352E-17 -4.934E-11  5.543E-09  7.795E-10  1.097E-17  1.403E-18  1.00E-07
  4.750E-04 3.13352E-17 -5.208E-11  5.543E-09  7.795E-10  1.158E-17  1.481E-18  1.00E-07
  5.000E-04 3.13352E-17 -5.482E-11  5.543E-09  7.795E-10  1.218E-17  1.558E-18  1.00E-07
  5.250E-04 3.13352E-17 -5.756E-11  5.543E-09  7.795E-10  1.279E-17  1.636E-18  1.00E-07
  5.500E-04 3.13352E-17 -6.030E-11  5.543E-09  7.795E-10  1.340E-17  1.714E-18  1.00E-07
  5.750E-04 3.13352E-17 -6.304E-11  5.543E-09  7.795E-10  1.401E-17  1.792E-18  1.00E-07
  6.000E-04 3.13352E-17 -6.579E-11  5.543E-09  7.795E-10  1.462E-17  1.870E-18  1.00E-07
  6.250E-04 3.13352E-17 -6.853E-11  5.543E-09  7.795E-10  1.523E-17  1.948E-18  1.00E-07
  6.500E-04 3.13352E-17 -7.127E-11  5.543E-09  7.795E-10  1.584E-17  2.026E-18  1.00E-07
  6.750E-04 3.13352E-17 -7.401E-11  5.543E-09  7.795E-10  1.645E-17  2.104E-18  1.00E-07
  7.000E-04 3.13352E-17 -7.675E-11  5.543E-09  7.795E-10  1.706E-17  2.182E-18  1.00E-07
  7.250E-04 3.13352E-17 -7.949E-11  5.543E-09  7.795E-10  1.767E-17  2.260E-18  1.00E-07
  7.500E-04 3.13352E-17 -8.223E-11  5.543E-09  7.795E-10  1.828E-17  2.338E-18  1.00E-07
  7.750E-04 3.13352E-17 -8.497E-11  5.543E-09  7.795E-10  1.889E-17  2.416E-18  1.00E-07
  8.000E-04 3.13352E-17 -8.771E-11  5.543E-09  7.795E-10  1.949E-17  2.494E-18  1.00E-07
  8.250E-04 3.13352E-17 -9.046E-11  5.543E-09  7.795E-10  2.010E-17  2.571E-18  1.00E-07
  8.500E-04 3.13352E-17 -9.320E-11  5.543E-09  7.795E-10  2.071E-17  2.649E-18  1.00E-07
  8.750E-04 3.13352E-17 -9.594E-11  5.543E-09  7.795E-10  2.132E-17  2.727E-18  1.00E-07
  9.000E-04 3.13352E-17 -9.868E-11  5.543E-09  7.795E-10  2.193E-17  2.805E-18  1.00E-07
  9.250E-04 3.13352E-17 -1.014E-10  5.543E-09  7.795E-10  2.254E-17  2.883E-18  1.00E-07
  9.500E-04 3.13352E-17 -1.042E-10  5.543E-09  7.795E-10  2.315E-17  2.961E-18  1.00E-07
  9.750E-04 3.13352E-17 -1.069E-10  5.543E-09  7.795E-10  2.376E-17  3.039E-18  1.00E-07
  1.000E-03 3.13352E-17 -1.096E-10  5.543E-09  7.795E-10  2.437E-17  3.117E-18  1.00E-07
  1.250E-03 3.13352E-17 -1.371E-10  5.543E-09  7.795E-10  3.046E-17  3.896E-18  1.00E-07
  1.500E-03 3.13352E-17 -1.645E-10  5.543E-09  7.795E-10  3.655E-17  4.675E-18  1.00E-07
  1.750E-03 3.13352E-17 -1.919E-10  5.543E-09  7.795E-10  4.265E-17  5.455E-18  1.00E-07
  2.000E-03 3.13352E-17 -2.193E-10  5.543E-09  7.795E-10  4.874E-17  6.234E-18  1.00E-07
  2.250E-03 3.13352E-17 -2.467E-10  5.543E-09  7.795E-10  5.483E-17  7.013E-18  1.00E-07
  2.500E-03 3.13352E-17 -2.741E-10  5.543E-09  7.795E-10  6.092E-17  7.792E-18  1.00E-07
  2.750E-03 3.13352E-17 -3.015E-10  5.543E-09  7.795E-10  6.701E-17  8.572E-18  1.00E-07
  3.000E-03 3.13352E-17 -3.289E-10  5.543E-09  7.795E-10  7.311E-17  9.351E-18  1.00E-07
  3.250E-03 3.13352E-17 -3.563E-10  5.543E-09  7.795E-10  7.920E-17  1.013E-17  1.00E-07
  3.500E-03 3.13352E-17 -3.838E-10  5.543E-09  7.795E-10  8.529E-17  1.091E-17  1.00E-07
  3.750E-03 3.13352E-17 -4.112E-10  5.543E-09  7.795E-10  9.138E-17  1.169E-17  1.00E-07
  4.000E-03 3.13352E-17 -4.386E-10  5.543E-09  7.795E-10  9.747E-17  1.247E-17  1.00E-07
  4.250E-03 3.13352E-17 -4.660E-10  5.543E-09  7.795E-10  1.036E-16  1.325E-17  1.00E-07
  4.500E-03 3.13352E-17 -4.934E-10  5.543E-09  7.795E-10  1.097E-16  1.403E-17  1.00E-07
  4.750E-03 3.13352E-17 -5.208E-10  5.543E-09  7.795E-10  1.158E-16  1.481E-17  1.00E-07
  5.000E-03 3.13352E-17 -5.482E-10  5.543E-09  7.795E-10  1.218E-16  1.558E-17  1.00E-07
  5.250E-03 3.13352E-17 -5.756E-10  5.543E-09  7.795E-10  1.279E-16  1.636E-17  1.00E-07
  5.500E-03 3.13352E-17 -6.030E-10  5.543E-09  7.795E-10  1.340E-16  1.714E-17  1.00E-07
  5.750E-03 3.13352E-17 -6.304E-10  5.543E-09  7.795E-10  1.401E-16  1.792E-17  1.00E-07
  6.000E-03 3.13352E-17 -6.579E-10  5.543E-09  7.795E-10  1.462E-16  1.870E-17  1.00E-07
  6.250E-03 3.13352E-17 -6.853E-10  5.543E-09  7.795E-10  1.523E-16  1.948E-17  1.00E-07
  6.500E-03 3.13352E-17 -7.127E-10  5.543E-09  7.795E-10  1.584E-16  2.026E-17  1.00E-07
  6.750E-03 3.13352E-17 -7.401E-10  5.543E-09  7.795E-10  1.645E-16  2.104E-17  1.00E-07
  7.000E-03 3.13352E-17 -7.675E-10  5.543E-09  7.795E-10  1.706E-16  2.182E-17  1.00E-07
  7.250E-03 3.13352E-17 -7.949E-10  5.543E-09  7.795E-10  1.767E-16  2.260E-17  1.00E-07
  7.500E-03 3.13352E-17 -8.223E-10  5.543E-09  7.795E-10  1.828E-16  2.338E-17  1.00E-07
  7.750E-03 3.13352E-17 -8.497E-10  5.543E-09  7.795E-10  1.889E-16  2.416E-17  1.00E-07
  8.000E-03 3.13352E-17 -8.771E-10  5.543E-09  7.795E-10  1.949E-16  2.494E-17  1.00E-07
  8.250E-03 3.13352E-17 -9.046E-10  5.543E-09  7.795E-10  2.010E-16  2.571E-17  1.00E-07
  8.500E-03 3.13352E-17 -9.320E-10  5.543E-09  7.795E-10  2.071E-16  2.649E-17  1.00E-07
  8.750E-03 3.13352E-17 -9.594E-10  5.543E-09  7.795E-10  2.132E-16  2.727E-17  1.00E-07
  9.000E-03 3.13352E-17 -9.868E-10  5.543E-09  7.795E-10  2.193E-16  2.805E-17  1.00E-07
  9.250E-03 3.13352E-17 -1.014E-09  5.543E-09  7.795E-10  2.254E-16  2.883E-17  1.00E-07
  9.500E-03 3.13352E-17 -1.042E-09  5.543E-09  7.795E-10  2.315E-16  2.961E-17  1.00E-07
  9.750E-03 3.13352E-17 -1.069E-09  5.543E-09  7.795E-10  2.376E-16  3.039E-17  1.00E-07
  1.000E-02 3.13352E-17 -1.096E-09  5.543E-09  7.795E-10  2.437E-16  3.117E-17  1.00E-07
  1.250E-02 3.13352E-17 -1.371E-09  5.543E-09  7.795E-10  3.046E-16  3.896E-17  1.00E-07
  1.500E-02 3.13352E-17 -1.645E-09  5.543E-09  7.795E-10  3.655E-16  4.675E-17  1.00E-07
  1.750E-02 3.13352E-17 -1.919E-09  5.543E-09  7.795E-10  4.265E-16  5.455E-17  1.00E-07
  2.000E-02 3.13352E-17 -2.193E-09  5.543E-09  7.795E-10  4.874E-16  6.234E-17  1.00E-07
  2.250E-02 3.13352E-17 -2.467E-09  5.543E-09  7.795E-10  5.483E-16  7.013E-17  1.00E-07
  2.500E-02 3.13351E-17 -2.741E-09  5.543E-09  7.795E-10  6.092E-16  7.792E-17  1.00E-07
  2.750E-02 3.13351E-17 -3.015E-09  5.543E-09  7.795E-10  6.701E-16  8.572E-17  1.00E-07
  3.000E-02 3.13351E-17 -3.289E-09  5.543E-09  7.795E-10  7.311E-16  9.351E-17  1.00E-07
  3.250E-02 3.13351E-17 -3.563E-09  5.543E-09  7.795E-10  7.920E-16  1.013E-16  1.00E-07
  3.500E-02 3.13351E-17 -3.838E-09  5.543E-09  7.795E-10  8.529E-16  1.091E-16  1.00E-07
  3.750E-02 3.13350E-17 -4.112E-09  5.543E-09  7.795E-10  9.138E-16  1.169E-16  1.00E-07
  4.000E-02 3.13350E-17 -4.386E-09  5.543E-09  7.795E-10  9.747E-16  1.247E-16  1.00E-07
  4.250E-02 3.13350E-17 -4.660E-09  5.543E-09  7.795E-10  1.036E-15  1.325E-16  1.00E-07
  4.500E-02 3.13350E-17 -4.934E-09  5.543E-09  7.795E-10  1.097E-15  1.403E-16  1.00E-07
  4.750E-02 3.13349E-17 -5.208E-09  5.543E-09  7.795E-10  1.158E-15  1.481E-16  1.00E-07
  5.000E-02 3.13349E-17 -5.482E-09  5.543E-09  7.795E-10  1.218E-15  1.558E-16  1.00E-07
  5.250E-02 3.13349E-17 -5.756E-09  5.543E-09  7.795E-10  1.279E-15  1.636E-16  1.00E-07
  5.500E-02 3.13348E-17 -6.030E-09  5.543E-09  7.795E-10  1.340E-15  1.714E-16  1.00E-07
  5.750E-02 3.13348E-17 -6.305E-09  5.543E-09  7.795E-10  1.401E-15  1.792E-16  1.00E-07
  6.000E-02 3.13347E-17 -6.579E-09  5.543E-09  7.795E-10  1.462E-15  1.870E-16  1.00E-07
  6.250E-02 3.13347E-17 -6.853E-09  5.543E-09  7.795E-10  1.523E-15  1.948E-16  1.00E-07
  6.500E-02 3.13347E-17 -7.127E-09  5.543E-09  7.795E-10  1.584E-15  2.026E-16  1.00E-07
  6.750E-02 3.13346E-17 -7.401E-09  5.543E-09  7.795E-10  1.645E-15  2.104E-16  1.00E-07
  7.000E-02 3.13346E-17 -7.675E-09  5.543E-09  7.795E-10  1.706E-15  2.182E-16  1.00E-07
  7.250E-02 3.13345E-17 -7.949E-09  5.543E-09  7.795E-10  1.767E-15  2.260E-16  1.00E-07
  7.500E-02 3.13345E-17 -8.223E-09  5.543E-09  7.795E-10  1.828E-15  2.338E-16  1.00E-07
  7.750E-02 3.13344E-17 -8.497E-09  5.543E-09  7.795E-10  1.889E-15  2.416E-16  1.00E-07
  8.000E-02 3.13344E-17 -8.772E-09  5.543E-09  7.795E-10  1.949E-15  2.494E-16  1.00E-07
  8.250E-02 3.13343E-17 -9.046E-09  5.543E-09  7.795E-10  2.010E-15  2.571E-16  1.00E-07
  8.500E-02 3.13343E-17 -9.320E-09  5.543E-09  7.795E-10  2.071E-15  2.649E-16  1.00E-07
  8.750E-02 3.13342E-17 -9.594E-09  5.543E-09  7.795E-10  2.132E-15  2.727E-16  1.00E-07
  9.000E-02 3.13342E-17 -9.868E-09  5.543E-09  7.795E-10  2.193E-15  2.805E-16  1.00E-07
  9.250E-02 3.13341E-17 -1.014E-08  5.543E-09  7.795E-10  2.254E-15  2.883E-16  1.00E-07
  9.500E-02 3.13340E-17 -1.042E-08  5.543E-09  7.795E-10  2.315E-15  2.961E-16  1.00E-07
  9.750E-02 3.13340E-17 -1.069E-08  5.543E-09  7.795E-10  2.376E-15  3.039E-16  1.00E-07
  1.000E-01 3.13339E-17 -1.096E-08  5.543E-09  7.795E-10  2.437E-15  3.117E-16  1.00E-07
  1.250E-01 3.13332E-17 -1.371E-08  5.543E-09  7.795E-10  3.046E-15  3.896E-16  1.00E-07
  1.500E-01 3.13322E-17 -1.645E-08  5.543E-09  7.795E-10  3.655E-15  4.675E-16  1.00E-07
  1.750E-01 3.13312E-17 -1.919E-08  5.543E-09  7.795E-10  4.264E-15  5.455E-16  1.00E-07
  2.000E-01 3.13299E-17 -2.193E-08  5.543E-09  7.795E-10  4.873E-15  6.234E-16  1.00E-07
  2.250E-01 3.13285E-17 -2.467E-08  5.543E-09  7.795E-10  5.482E-15  7.013E-16  1.00E-07
  2.500E-01 3.13270E-17 -2.741E-08  5.543E-09  7.795E-10  6.091E-15  7.792E-16  1.00E-07
  2.750E-01 3.13252E-17 -3.016E-08  5.542E-09  7.795E-10  6.700E-15  8.571E-16  1.00E-07
  3.000E-01 3.13233E-17 -3.290E-08  5.542E-09  7.795E-10  7.309E-15  9.350E-16  1.00E-07
  3.250E-01 3.13212E-17 -3.564E-08  5.542E-09  7.795E-10  7.918E-15  1.013E-15  1.00E-07
  3.500E-01 3.13190E-17 -3.839E-08  5.542E-09  7.795E-10  8.527E-15  1.091E-15  1.00E-07
  3.750E-01 3.13166E-17 -4.113E-08  5.542E-09  7.795E-10  9.136E-15  1.169E-15  1.00E-07
  4.000E-01 3.13141E-17 -4.387E-08  5.541E-09  7.795E-10  9.744E-15  1.247E-15  1.00E-07
  4.250E-01 3.13113E-17 -4.662E-08  5.541E-09  7.795E-10  1.035E-14  1.325E-15  1.00E-07
  4.500E-01 3.13084E-17 -4.936E-08  5.541E-09  7.795E-10  1.096E-14  1.402E-15  1.00E-07
  4.750E-01 3.13054E-17 -5.211E-08  5.541E-09  7.794E-10  1.157E-14  1.480E-15  1.00E-07
  5.000E-01 3.13022E-17 -5.485E-08  5.540E-09  7.794E-10  1.218E-14  1.558E-15  1.00E-07
  5.250E-01 3.12988E-17 -5.760E-08  5.540E-09  7.794E-10  1.279E-14  1.636E-15  1.00E-07
  5.500E-01 3.12952E-17 -6.034E-08  5.540E-09  7.794E-10  1.339E-14  1.714E-15  1.00E-07
  5.750E-01 3.12915E-17 -6.309E-08  5.539E-09  7.794E-10  1.400E-14  1.792E-15  1.00E-07
  6.000E-01 3.12876E-17 -6.584E-08  5.539E-09  7.794E-10  1.461E-14  1.870E-15  1.00E-07
  6.250E-01 3.12836E-17 -6.859E-08  5.539E-09  7.794E-10  1.522E-14  1.948E-15  1.00E-07
  6.500E-01 3.12794E-17 -7.134E-08  5.538E-09  7.794E-10  1.583E-14  2.026E-15  1.00E-07
  6.750E-01 3.12750E-17 -7.409E-08  5.538E-09  7.794E-10  1.643E-14  2.104E-15  1.00E-07
  7.000E-01 3.12705E-17 -7.684E-08  5.537E-09  7.794E-10  1.704E-14  2.181E-15  1.00E-07
  7.250E-01 3.12658E-17 -7.959E-08  5.537E-09  7.793E-10  1.765E-14  2.259E-15  1.00E-07
  7.500E-01 3.12609E-17 -8.234E-08  5.537E-09  7.793E-10  1.825E-14  2.337E-15  1.00E-07
  7.750E-01 3.12559E-17 -8.509E-08  5.536E-09  7.793E-10  1.886E-14  2.415E-15  1.00E-07
  8.000E-01 3.12507E-17 -8.784E-08  5.536E-09  7.793E-10  1.947E-14  2.493E-15  1.00E-07
  8.250E-01 3.12453E-17 -9.059E-08  5.535E-09  7.793E-10  2.008E-14  2.571E-15  1.00E-07
  8.500E-01 3.12398E-17 -9.335E-08  5.535E-09  7.793E-10  2.068E-14  2.649E-15  1.00E-07
  8.750E-01 3.12341E-17 -9.610E-08  5.534E-09  7.793E-10  2.129E-14  2.726E-15  1.00E-07
  9.000E-01 3.12283E-17 -9.886E-08  5.534E-09  7.793E-10  2.189E-14  2.804E-15  1.00E-07
  9.250E-01 3.12222E-17 -1.016E-07  5.533E-09  7.792E-10  2.250E-14  2.882E-15  1.00E-07
  9.500E-01 3.12161E-17 -1.044E-07  5.533E-09  7.792E-10  2.311E-14  2.960E-15  1.00E-07
  9.750E-01 3.12097E-17 -1.071E-07  5.532E-09  7.792E-10  2.371E-14  3.038E-15  1.00E-07
  1.000E+00 3.12032E-17 -1.099E-07  5.531E-09  7.792E-10  2.432E-14  3.116E-15  1.00E-07
  1.100E+00 3.11756E-17 -1.209E-07  5.529E-09  7.791E-10  2.674E-14  3.427E-15  1.00E-07
  1.200E+00 3.11454E-17 -1.320E-07  5.526E-09  7.790E-10  2.915E-14  3.738E-15  1.00E-07
  1.300E+00 3.11126E-17 -1.431E-07  5.523E-09  7.790E-10  3.157E-14  4.049E-15  1.00E-07
  1.400E+00 3.10773E-17 -1.542E-07  5.520E-09  7.789E-10  3.397E-14  4.360E-15  1.00E-07
  1.500E+00 3.10393E-17 -1.653E-07  5.517E-09  7.788E-10  3.638E-14  4.671E-15  1.00E-07
  1.600E+00 3.09989E-17 -1.764E-07  5.513E-09  7.787E-10  3.878E-14  4.981E-15  1.00E-07
  1.700E+00 3.09559E-17 -1.876E-07  5.509E-09  7.786E-10  4.117E-14  5.292E-15  1.00E-07
  1.800E+00 3.09104E-17 -1.988E-07  5.505E-09  7.785E-10  4.356E-14  5.602E-15  1.00E-07
  1.900E+00 3.08624E-17 -2.100E-07  5.501E-09  7.783E-10  4.595E-14  5.912E-15  1.00E-07
  2.000E+00 3.08119E-17 -2.213E-07  5.496E-09  7.782E-10  4.833E-14  6.223E-15  1.00E-07
  2.100E+00 3.07590E-17 -2.326E-07  5.491E-09  7.781E-10  5.070E-14  6.532E-15  1.00E-07
  2.200E+00 3.07036E-17 -2.439E-07  5.486E-09  7.779E-10  5.306E-14  6.842E-15  1.00E-07
  2.300E+00 3.06457E-17 -2.552E-07  5.481E-09  7.778E-10  5.542E-14  7.152E-15  1.00E-07
  2.400E+00 3.05855E-17 -2.666E-07  5.475E-09  7.776E-10  5.778E-14  7.461E-15  1.00E-07
  2.500E+00 3.05229E-17 -2.780E-07  5.470E-09  7.775E-10  6.012E-14  7.770E-15  1.00E-07
  2.600E+00 3.04579E-17 -2.894E-07  5.464E-09  7.773E-10  6.246E-14  8.079E-15  1.00E-07
  2.700E+00 3.03906E-17 -3.009E-07  5.458E-09  7.771E-10  6.479E-14  8.388E-15  1.00E-07
  2.800E+00 3.03209E-17 -3.125E-07  5.451E-09  7.770E-10  6.711E-14  8.696E-15  1.00E-07
  2.900E+00 3.02490E-17 -3.240E-07  5.445E-09  7.768E-10  6.943E-14  9.005E-15  1.00E-07
  3.000E+00 3.01748E-17 -3.356E-07  5.438E-09  7.766E-10  7.173E-14  9.312E-15  1.00E-07
  3.100E+00 3.00983E-17 -3.473E-07  5.431E-09  7.764E-10  7.403E-14  9.620E-15  1.00E-07
  3.200E+00 3.00196E-17 -3.590E-07  5.424E-09  7.762E-10  7.631E-14  9.928E-15  1.00E-07
  3.300E+00 2.99387E-17 -3.708E-07  5.416E-09  7.760E-10  7.859E-14  1.023E-14  1.00E-07
  3.400E+00 2.98557E-17 -3.826E-07  5.409E-09  7.758E-10  8.086E-14  1.054E-14  1.00E-07
  3.500E+00 2.97705E-17 -3.944E-07  5.401E-09  7.755E-10  8.312E-14  1.085E-14  1.00E-07
  3.600E+00 2.96832E-17 -4.063E-07  5.393E-09  7.753E-10  8.537E-14  1.115E-14  1.00E-07
  3.700E+00 2.95938E-17 -4.183E-07  5.385E-09  7.751E-10  8.761E-14  1.146E-14  1.00E-07
  3.800E+00 2.95023E-17 -4.303E-07  5.376E-09  7.748E-10  8.983E-14  1.177E-14  1.00E-07
  3.900E+00 2.94088E-17 -4.424E-07  5.367E-09  7.746E-10  9.205E-14  1.207E-14  1.00E-07
  4.000E+00 2.93133E-17 -4.545E-07  5.359E-09  7.743E-10  9.426E-14  1.238E-14  1.00E-07
  4.100E+00 2.92159E-17 -4.667E-07  5.349E-09  7.741E-10  9.645E-14  1.268E-14  1.00E-07
  4.200E+00 2.91165E-17 -4.790E-07  5.340E-09  7.738E-10  9.863E-14  1.299E-14  1.00E-07
  4.300E+00 2.90152E-17 -4.913E-07  5.331E-09  7.735E-10  1.008E-13  1.329E-14  1.00E-07
  4.400E+00 2.89120E-17 -5.037E-07  5.321E-09  7.732E-10  1.030E-13  1.359E-14  1.00E-07
  4.500E+00 2.88070E-17 -5.161E-07  5.311E-09  7.730E-10  1.051E-13  1.390E-14  1.00E-07
  4.600E+00 2.87002E-17 -5.287E-07  5.301E-09  7.727E-10  1.072E-13  1.420E-14  1.00E-07
  4.700E+00 2.85916E-17 -5.412E-07  5.291E-09  7.724E-10  1.094E-13  1.450E-14  1.00E-07
  4.800E+00 2.84813E-17 -5.539E-07  5.281E-09  7.721E-10  1.115E-13  1.481E-14  1.00E-07
  4.900E+00 2.83692E-17 -5.666E-07  5.270E-09  7.718E-10  1.136E-13  1.511E-14  1.00E-07
  5.000E+00 2.82555E-17 -5.794E-07  5.259E-09  7.714E-10  1.157E-13  1.541E-14  1.00E-07
  5.100E+00 2.81402E-17 -5.923E-07  5.248E-09  7.711E-10  1.177E-13  1.571E-14  1.00E-07
  5.200E+00 2.80232E-17 -6.053E-07  5.237E-09  7.708E-10  1.198E-13  1.601E-14  1.00E-07
  5.300E+00 2.79047E-17 -6.183E-07  5.226E-09  7.704E-10  1.218E-13  1.631E-14  1.00E-07
  5.400E+00 2.77846E-17 -6.315E-07  5.215E-09  7.701E-10  1.239E-13  1.661E-14  1.00E-07
  5.500E+00 2.76630E-17 -6.447E-07  5.203E-09  7.698E-10  1.259E-13  1.691E-14  1.00E-07
  5.600E+00 2.75400E-17 -6.580E-07  5.191E-09  7.694E-10  1.279E-13  1.721E-14  1.00E-07
  5.700E+00 2.74155E-17 -6.713E-07  5.179E-09  7.690E-10  1.299E-13  1.751E-14  1.00E-07
  5.800E+00 2.72896E-17 -6.848E-07  5.167E-09  7.687E-10  1.318E-13  1.780E-14  1.00E-07
  5.900E+00 2.71624E-17 -6.984E-07  5.155E-09  7.683E-10  1.338E-13  1.810E-14  1.00E-07
  6.000E+00 2.70338E-17 -7.120E-07  5.142E-09  7.679E-10  1.357E-13  1.840E-14  1.00E-07
  6.100E+00 2.69040E-17 -7.257E-07  5.130E-09  7.675E-10  1.377E-13  1.869E-14  1.00E-07
  6.200E+00 2.67729E-17 -7.396E-07  5.117E-09  7.672E-10  1.396E-13  1.899E-14  1.00E-07
  6.300E+00 2.66406E-17 -7.535E-07  5.104E-09  7.668E-10  1.415E-13  1.929E-14  1.00E-07
  6.400E+00 2.65071E-17 -7.675E-07  5.091E-09  7.664E-10  1.434E-13  1.958E-14  1.00E-07
  6.500E+00 2.63725E-17 -7.817E-07  5.078E-09  7.660E-10  1.452E-13  1.988E-14  1.00E-07
  6.600E+00 2.62367E-17 -7.959E-07  5.065E-09  7.655E-10  1.471E-13  2.017E-14  1.00E-07
  6.700E+00 2.60999E-17 -8.102E-07  5.051E-09  7.651E-10  1.489E-13  2.046E-14  1.00E-07
  6.800E+00 2.59621E-17 -8.246E-07  5.038E-09  7.647E-10  1.507E-13  2.076E-14  1.00E-07
  6.900E+00 2.58232E-17 -8.392E-07  5.024E-09  7.643E-10  1.525E-13  2.105E-14  1.00E-07
  7.000E+00 2.56834E-17 -8.538E-07  5.010E-09  7.638E-10  1.543E-13  2.134E-14  1.00E-07
  7.100E+00 2.55427E-17 -8.686E-07  4.996E-09  7.634E-10  1.561E-13  2.163E-14  1.00E-07
  7.200E+00 2.54011E-17 -8.834E-07  4.982E-09  7.629E-10  1.578E-13  2.192E-14  1.00E-07
  7.300E+00 2.52586E-17 -8.984E-07  4.968E-09  7.625E-10  1.596E-13  2.221E-14  1.00E-07
  7.400E+00 2.51152E-17 -9.135E-07  4.953E-09  7.620E-10  1.613E-13  2.250E-14  1.00E-07
  7.500E+00 2.49711E-17 -9.287E-07  4.939E-09  7.616E-10  1.630E-13  2.279E-14  1.00E-07
  7.600E+00 2.48263E-17 -9.440E-07  4.924E-09  7.611E-10  1.647E-13  2.308E-14  1.00E-07
  7.700E+00 2.46807E-17 -9.595E-07  4.909E-09  7.606E-10  1.664E-13  2.337E-14  1.00E-07
  7.800E+00 2.45345E-17 -9.750E-07  4.895E-09  7.601E-10  1.680E-13  2.365E-14  1.00E-07
  7.900E+00 2.43875E-17 -9.907E-07  4.880E-09  7.597E-10  1.697E-13  2.394E-14  1.00E-07
  8.000E+00 2.42400E-17 -1.007E-06  4.865E-09  7.592E-10  1.713E-13  2.423E-14  1.00E-07
  8.100E+00 2.40919E-17 -1.022E-06  4.849E-09  7.587E-10  1.729E-13  2.451E-14  1.00E-07
  8.200E+00 2.39433E-17 -1.039E-06  4.834E-09  7.582E-10  1.745E-13  2.480E-14  1.00E-07
  8.300E+00 2.37941E-17 -1.055E-06  4.819E-09  7.577E-10  1.761E-13  2.508E-14  1.00E-07
  8.400E+00 2.36445E-17 -1.071E-06  4.803E-09  7.571E-10  1.776E-13  2.536E-14  1.00E-07
  8.500E+00 2.34944E-17 -1.088E-06  4.788E-09  7.566E-10  1.792E-13  2.565E-14  1.00E-07
  8.600E+00 2.33439E-17 -1.104E-06  4.772E-09  7.561E-10  1.807E-13  2.593E-14  1.00E-07
  8.700E+00 2.31930E-17 -1.121E-06  4.756E-09  7.556E-10  1.822E-13  2.621E-14  1.00E-07
  8.800E+00 2.30417E-17 -1.138E-06  4.740E-09  7.550E-10  1.837E-13  2.649E-14  1.00E-07
  8.900E+00 2.28902E-17 -1.155E-06  4.724E-09  7.545E-10  1.851E-13  2.677E-14  1.00E-07
  9.000E+00 2.27383E-17 -1.172E-06  4.708E-09  7.540E-10  1.866E-13  2.705E-14  1.00E-07
  9.100E+00 2.25862E-17 -1.189E-06  4.692E-09  7.534E-10  1.880E-13  2.733E-14  1.00E-07
  9.200E+00 2.24338E-17 -1.207E-06  4.676E-09  7.528E-10  1.894E-13  2.761E-14  1.00E-07
  9.300E+00 2.22813E-17 -1.224E-06  4.660E-09  7.523E-10  1.908E-13  2.788E-14  1.00E-07
  9.400E+00 2.21286E-17 -1.242E-06  4.644E-09  7.517E-10  1.922E-13  2.816E-14  1.00E-07
  9.500E+00 2.19757E-17 -1.260E-06  4.627E-09  7.511E-10  1.936E-13  2.844E-14  1.00E-07
  9.600E+00 2.18228E-17 -1.278E-06  4.611E-09  7.506E-10  1.949E-13  2.871E-14  1.00E-07
  9.700E+00 2.16697E-17 -1.296E-06  4.594E-09  7.500E-10  1.963E-13  2.898E-14  1.00E-07
  9.800E+00 2.15166E-17 -1.314E-06  4.578E-09  7.494E-10  1.976E-13  2.926E-14  1.00E-07
  9.900E+00 2.13635E-17 -1.333E-06  4.561E-09  7.488E-10  1.989E-13  2.953E-14  1.00E-07
  1.000E+01 2.12104E-17 -1.352E-06  4.544E-09  7.482E-10  2.002E-13  2.980E-14  1.00E-07
  1.025E+01 2.08277E-17 -1.399E-06  4.502E-09  7.467E-10  2.033E-13  3.048E-14  1.00E-07
  1.050E+01 2.04456E-17 -1.447E-06  4.460E-09  7.451E-10  2.063E-13  3.115E-14  1.00E-07
  1.075E+01 2.00645E-17 -1.497E-06  4.417E-09  7.436E-10  2.092E-13  3.182E-14  1.00E-07
  1.100E+01 1.96848E-17 -1.547E-06  4.374E-09  7.420E-10  2.120E-13  3.248E-14  1.00E-07
  1.125E+01 1.93067E-17 -1.599E-06  4.331E-09  7.403E-10  2.147E-13  3.314E-14  1.00E-07
  1.150E+01 1.89306E-17 -1.652E-06  4.288E-09  7.387E-10  2.173E-13  3.380E-14  1.00E-07
  1.175E+01 1.85569E-17 -1.706E-06  4.244E-09  7.370E-10  2.198E-13  3.444E-14  1.00E-07
  1.200E+01 1.81858E-17 -1.761E-06  4.201E-09  7.353E-10  2.222E-13  3.509E-14  1.00E-07
  1.225E+01 1.78177E-17 -1.818E-06  4.157E-09  7.335E-10  2.245E-13  3.572E-14  1.00E-07
  1.250E+01 1.74528E-17 -1.876E-06  4.113E-09  7.317E-10  2.267E-13  3.636E-14  1.00E-07
  1.275E+01 1.70913E-17 -1.935E-06  4.069E-09  7.299E-10  2.288E-13  3.698E-14  1.00E-07
  1.300E+01 1.67334E-17 -1.995E-06  4.025E-09  7.281E-10  2.308E-13  3.760E-14  1.00E-07
  1.325E+01 1.63795E-17 -2.057E-06  3.981E-09  7.263E-10  2.327E-13  3.822E-14  1.00E-07
  1.350E+01 1.60296E-17 -2.120E-06  3.938E-09  7.244E-10  2.345E-13  3.883E-14  1.00E-07
  1.375E+01 1.56840E-17 -2.185E-06  3.894E-09  7.225E-10  2.363E-13  3.944E-14  1.00E-07
  1.400E+01 1.53429E-17 -2.251E-06  3.850E-09  7.206E-10  2.379E-13  4.004E-14  1.00E-07
  1.425E+01 1.50063E-17 -2.319E-06  3.807E-09  7.186E-10  2.394E-13  4.063E-14  1.00E-07
  1.450E+01 1.46745E-17 -2.388E-06  3.763E-09  7.166E-10  2.409E-13  4.122E-14  1.00E-07
  1.475E+01 1.43474E-17 -2.458E-06  3.720E-09  7.147E-10  2.422E-13  4.180E-14  1.00E-07
  1.500E+01 1.40254E-17 -2.531E-06  3.677E-09  7.126E-10  2.435E-13  4.238E-14  1.00E-07
  1.525E+01 1.37083E-17 -2.604E-06  3.634E-09  7.106E-10  2.447E-13  4.295E-14  1.00E-07
  1.550E+01 1.33964E-17 -2.680E-06  3.591E-09  7.085E-10  2.458E-13  4.351E-14  1.00E-07
  1.575E+01 1.30897E-17 -2.757E-06  3.548E-09  7.065E-10  2.469E-13  4.407E-14  1.00E-07
  1.600E+01 1.27883E-17 -2.836E-06  3.506E-09  7.044E-10  2.479E-13  4.462E-14  1.00E-07
  1.625E+01 1.24921E-17 -2.917E-06  3.464E-09  7.022E-10  2.487E-13  4.517E-14  1.00E-07
  1.650E+01 1.22013E-17 -2.999E-06  3.422E-09  7.001E-10  2.496E-13  4.571E-14  1.00E-07
  1.675E+01 1.19158E-17 -3.083E-06  3.381E-09  6.980E-10  2.503E-13  4.624E-14  1.00E-07
  1.700E+01 1.16357E-17 -3.169E-06  3.339E-09  6.958E-10  2.510E-13  4.677E-14  1.00E-07
  1.725E+01 1.13610E-17 -3.257E-06  3.298E-09  6.936E-10  2.516E-13  4.730E-14  1.00E-07
  1.750E+01 1.10917E-17 -3.347E-06  3.258E-09  6.914E-10  2.521E-13  4.781E-14  1.00E-07
  1.775E+01 1.08278E-17 -3.438E-06  3.218E-09  6.892E-10  2.526E-13  4.832E-14  1.00E-07
  1.800E+01 1.05692E-17 -3.532E-06  3.178E-09  6.869E-10  2.530E-13  4.883E-14  1.00E-07
  1.825E+01 1.03159E-17 -3.628E-06  3.138E-09  6.847E-10  2.534E-13  4.932E-14  1.00E-07
  1.850E+01 1.00680E-17 -3.725E-06  3.099E-09  6.824E-10  2.537E-13  4.982E-14  1.00E-07
  1.875E+01 9.82527E-18 -3.825E-06  3.060E-09  6.801E-10  2.539E-13  5.030E-14  1.00E-07
  1.900E+01 9.58782E-18 -3.926E-06  3.021E-09  6.778E-10  2.541E-13  5.078E-14  1.00E-07
  1.925E+01 9.35555E-18 -4.030E-06  2.983E-09  6.755E-10  2.543E-13  5.126E-14  1.00E-07
  1.950E+01 9.12841E-18 -4.136E-06  2.945E-09  6.732E-10  2.543E-13  5.172E-14  1.00E-07
  1.975E+01 8.90636E-18 -4.244E-06  2.908E-09  6.708E-10  2.544E-13  5.218E-14  1.00E-07
  2.000E+01 8.68932E-18 -4.354E-06  2.871E-09  6.685E-10  2.544E-13  5.264E-14  1.00E-07
  2.025E+01 8.47724E-18 -4.467E-06  2.834E-09  6.661E-10  2.543E-13  5.309E-14  1.00E-07
  2.050E+01 8.27005E-18 -4.582E-06  2.798E-09  6.638E-10  2.542E-13  5.353E-14  1.00E-07
  2.075E+01 8.06768E-18 -4.699E-06  2.762E-09  6.614E-10  2.541E-13  5.397E-14  1.00E-07
  2.100E+01 7.87007E-18 -4.818E-06  2.727E-09  6.590E-10  2.539E-13  5.440E-14  1.00E-07
  2.125E+01 7.67714E-18 -4.939E-06  2.692E-09  6.566E-10  2.536E-13  5.482E-14  1.00E-07
  2.150E+01 7.48881E-18 -5.063E-06  2.657E-09  6.542E-10  2.534E-13  5.524E-14  1.00E-07
  2.175E+01 7.30501E-18 -5.190E-06  2.623E-09  6.518E-10  2.531E-13  5.565E-14  1.00E-07
  2.200E+01 7.12567E-18 -5.318E-06  2.589E-09  6.493E-10  2.527E-13  5.606E-14  1.00E-07
  2.225E+01 6.95069E-18 -5.450E-06  2.556E-09  6.469E-10  2.523E-13  5.646E-14  1.00E-07
  2.250E+01 6.78001E-18 -5.583E-06  2.523E-09  6.444E-10  2.519E-13  5.685E-14  1.00E-07
  2.275E+01 6.61353E-18 -5.719E-06  2.490E-09  6.420E-10  2.515E-13  5.724E-14  1.00E-07
  2.300E+01 6.45119E-18 -5.858E-06  2.458E-09  6.395E-10  2.510E-13  5.762E-14  1.00E-07
  2.325E+01 6.29290E-18 -5.999E-06  2.426E-09  6.371E-10  2.505E-13  5.799E-14  1.00E-07
  2.350E+01 6.13857E-18 -6.142E-06  2.395E-09  6.346E-10  2.500E-13  5.836E-14  1.00E-07
  2.375E+01 5.98813E-18 -6.289E-06  2.364E-09  6.321E-10  2.494E-13  5.872E-14  1.00E-07
  2.400E+01 5.84149E-18 -6.437E-06  2.333E-09  6.297E-10  2.488E-13  5.908E-14  1.00E-07
  2.425E+01 5.69858E-18 -6.589E-06  2.303E-09  6.272E-10  2.482E-13  5.943E-14  1.00E-07
  2.450E+01 5.55930E-18 -6.743E-06  2.274E-09  6.247E-10  2.476E-13  5.978E-14  1.00E-07
  2.475E+01 5.42358E-18 -6.900E-06  2.244E-09  6.222E-10  2.469E-13  6.012E-14  1.00E-07
  2.500E+01 5.29135E-18 -7.059E-06  2.215E-09  6.197E-10  2.462E-13  6.045E-14  1.00E-07
  2.550E+01 5.03700E-18 -7.386E-06  2.159E-09  6.147E-10  2.448E-13  6.110E-14  1.00E-07
  2.600E+01 4.79564E-18 -7.724E-06  2.103E-09  6.097E-10  2.433E-13  6.173E-14  1.00E-07
  2.650E+01 4.56665E-18 -8.073E-06  2.050E-09  6.047E-10  2.418E-13  6.233E-14  1.00E-07
  2.700E+01 4.34943E-18 -8.433E-06  1.997E-09  5.996E-10  2.401E-13  6.291E-14  1.00E-07
  2.750E+01 4.14342E-18 -8.804E-06  1.947E-09  5.946E-10  2.385E-13  6.347E-14  1.00E-07
  2.800E+01 3.94806E-18 -9.187E-06  1.897E-09  5.896E-10  2.367E-13  6.401E-14  1.00E-07
  2.850E+01 3.76281E-18 -9.582E-06  1.850E-09  5.846E-10  2.350E-13  6.452E-14  1.00E-07
  2.900E+01 3.58716E-18 -9.988E-06  1.803E-09  5.796E-10  2.332E-13  6.501E-14  1.00E-07
  2.950E+01 3.42061E-18 -1.041E-05  1.758E-09  5.746E-10  2.313E-13  6.549E-14  1.00E-07
  3.000E+01 3.26269E-18 -1.084E-05  1.714E-09  5.696E-10  2.295E-13  6.594E-14  1.00E-07
  3.050E+01 3.11294E-18 -1.128E-05  1.672E-09  5.646E-10  2.276E-13  6.637E-14  1.00E-07
  3.100E+01 2.97095E-18 -1.173E-05  1.630E-09  5.597E-10  2.257E-13  6.678E-14  1.00E-07
  3.150E+01 2.83628E-18 -1.220E-05  1.590E-09  5.547E-10  2.237E-13  6.717E-14  1.00E-07
  3.200E+01 2.70856E-18 -1.267E-05  1.551E-09  5.498E-10  2.218E-13  6.754E-14  1.00E-07
  3.250E+01 2.58740E-18 -1.316E-05  1.513E-09  5.449E-10  2.198E-13  6.789E-14  1.00E-07
  3.300E+01 2.47246E-18 -1.367E-05  1.477E-09  5.400E-10  2.179E-13  6.823E-14  1.00E-07
  3.350E+01 2.36339E-18 -1.418E-05  1.441E-09  5.352E-10  2.159E-13  6.854E-14  1.00E-07
  3.400E+01 2.25988E-18 -1.470E-05  1.407E-09  5.303E-10  2.139E-13  6.884E-14  1.00E-07
  3.450E+01 2.16163E-18 -1.524E-05  1.373E-09  5.255E-10  2.119E-13  6.912E-14  1.00E-07
  3.500E+01 2.06835E-18 -1.579E-05  1.341E-09  5.207E-10  2.100E-13  6.938E-14  1.00E-07
  3.550E+01 1.97977E-18 -1.635E-05  1.309E-09  5.160E-10  2.080E-13  6.963E-14  1.00E-07
  3.600E+01 1.89564E-18 -1.693E-05  1.278E-09  5.113E-10  2.060E-13  6.986E-14  1.00E-07
  3.650E+01 1.81571E-18 -1.751E-05  1.249E-09  5.066E-10  2.041E-13  7.007E-14  1.00E-07
  3.700E+01 1.73975E-18 -1.811E-05  1.220E-09  5.019E-10  2.021E-13  7.027E-14  1.00E-07
  3.750E+01 1.66754E-18 -1.872E-05  1.192E-09  4.973E-10  2.002E-13  7.045E-14  1.00E-07
  3.800E+01 1.59889E-18 -1.934E-05  1.165E-09  4.927E-10  1.983E-13  7.062E-14  1.00E-07
  3.850E+01 1.53361E-18 -1.997E-05  1.138E-09  4.882E-10  1.964E-13  7.077E-14  1.00E-07
  3.900E+01 1.47150E-18 -2.062E-05  1.112E-09  4.837E-10  1.945E-13  7.091E-14  1.00E-07
  3.950E+01 1.41239E-18 -2.127E-05  1.088E-09  4.792E-10  1.926E-13  7.103E-14  1.00E-07
  4.000E+01 1.35614E-18 -2.194E-05  1.063E-09  4.748E-10  1.907E-13  7.114E-14  1.00E-07
  4.050E+01 1.30258E-18 -2.262E-05  1.040E-09  4.704E-10  1.888E-13  7.124E-14  1.00E-07
  4.100E+01 1.25156E-18 -2.331E-05  1.017E-09  4.660E-10  1.870E-13  7.132E-14  1.00E-07
  4.150E+01 1.20296E-18 -2.401E-05  9.949E-10  4.617E-10  1.851E-13  7.140E-14  1.00E-07
  4.200E+01 1.15665E-18 -2.472E-05  9.734E-10  4.574E-10  1.833E-13  7.145E-14  1.00E-07
  4.250E+01 1.11250E-18 -2.544E-05  9.525E-10  4.531E-10  1.815E-13  7.150E-14  1.00E-07
  4.300E+01 1.07040E-18 -2.617E-05  9.321E-10  4.489E-10  1.797E-13  7.154E-14  1.00E-07
  4.350E+01 1.03024E-18 -2.691E-05  9.124E-10  4.448E-10  1.780E-13  7.156E-14  1.00E-07
  4.400E+01 9.91918E-19 -2.766E-05  8.932E-10  4.406E-10  1.762E-13  7.157E-14  1.00E-07
  4.450E+01 9.55344E-19 -2.842E-05  8.745E-10  4.366E-10  1.745E-13  7.158E-14  1.00E-07
  4.500E+01 9.20425E-19 -2.919E-05  8.564E-10  4.325E-10  1.728E-13  7.157E-14  1.00E-07
  4.550E+01 8.87076E-19 -2.997E-05  8.387E-10  4.285E-10  1.711E-13  7.155E-14  1.00E-07
  4.600E+01 8.55215E-19 -3.076E-05  8.216E-10  4.246E-10  1.694E-13  7.152E-14  1.00E-07
  4.650E+01 8.24767E-19 -3.156E-05  8.049E-10  4.206E-10  1.677E-13  7.149E-14  1.00E-07
  4.700E+01 7.95659E-19 -3.237E-05  7.886E-10  4.168E-10  1.661E-13  7.144E-14  1.00E-07
  4.750E+01 7.67825E-19 -3.319E-05  7.729E-10  4.129E-10  1.645E-13  7.138E-14  1.00E-07
  4.800E+01 7.41200E-19 -3.401E-05  7.575E-10  4.091E-10  1.628E-13  7.132E-14  1.00E-07
  4.850E+01 7.15724E-19 -3.484E-05  7.425E-10  4.054E-10  1.613E-13  7.124E-14  1.00E-07
  4.900E+01 6.91339E-19 -3.569E-05  7.280E-10  4.017E-10  1.597E-13  7.116E-14  1.00E-07
  4.950E+01 6.67992E-19 -3.653E-05  7.138E-10  3.980E-10  1.581E-13  7.107E-14  1.00E-07
  5.000E+01 6.45631E-19 -3.739E-05  7.001E-10  3.944E-10  1.566E-13  7.098E-14  1.00E-07
  5.050E+01 6.24208E-19 -3.826E-05  6.866E-10  3.908E-10  1.551E-13  7.087E-14  1.00E-07
  5.100E+01 6.03678E-19 -3.913E-05  6.736E-10  3.873E-10  1.536E-13  7.076E-14  1.00E-07
  5.150E+01 5.83997E-19 -4.000E-05  6.608E-10  3.838E-10  1.521E-13  7.064E-14  1.00E-07
  5.200E+01 5.65125E-19 -4.089E-05  6.485E-10  3.803E-10  1.506E-13  7.051E-14  1.00E-07
  5.250E+01 5.47023E-19 -4.178E-05  6.364E-10  3.769E-10  1.492E-13  7.038E-14  1.00E-07
  5.300E+01 5.29654E-19 -4.268E-05  6.246E-10  3.735E-10  1.477E-13  7.024E-14  1.00E-07
  5.350E+01 5.12984E-19 -4.358E-05  6.132E-10  3.702E-10  1.463E-13  7.010E-14  1.00E-07
  5.400E+01 4.96979E-19 -4.449E-05  6.020E-10  3.669E-10  1.449E-13  6.994E-14  1.00E-07
  5.450E+01 4.81610E-19 -4.541E-05  5.911E-10  3.636E-10  1.435E-13  6.979E-14  1.00E-07
  5.500E+01 4.66845E-19 -4.633E-05  5.805E-10  3.604E-10  1.422E-13  6.962E-14  1.00E-07
  5.550E+01 4.52658E-19 -4.725E-05  5.702E-10  3.572E-10  1.408E-13  6.945E-14  1.00E-07
  5.600E+01 4.39022E-19 -4.818E-05  5.601E-10  3.540E-10  1.395E-13  6.928E-14  1.00E-07
  5.650E+01 4.25912E-19 -4.911E-05  5.502E-10  3.509E-10  1.381E-13  6.910E-14  1.00E-07
  5.700E+01 4.13304E-19 -5.005E-05  5.406E-10  3.479E-10  1.368E-13  6.892E-14  1.00E-07
  5.750E+01 4.01175E-19 -5.099E-05  5.313E-10  3.448E-10  1.355E-13  6.873E-14  1.00E-07
  5.800E+01 3.89504E-19 -5.194E-05  5.222E-10  3.418E-10  1.343E-13  6.853E-14  1.00E-07
  5.850E+01 3.78270E-19 -5.289E-05  5.133E-10  3.389E-10  1.330E-13  6.834E-14  1.00E-07
  5.900E+01 3.67455E-19 -5.384E-05  5.046E-10  3.360E-10  1.318E-13  6.813E-14  1.00E-07
  5.950E+01 3.57040E-19 -5.480E-05  4.961E-10  3.331E-10  1.305E-13  6.793E-14  1.00E-07
  6.000E+01 3.47007E-19 -5.575E-05  4.878E-10  3.302E-10  1.293E-13  6.772E-14  1.00E-07
  6.050E+01 3.37340E-19 -5.671E-05  4.797E-10  3.274E-10  1.281E-13  6.750E-14  1.00E-07
  6.100E+01 3.28023E-19 -5.768E-05  4.718E-10  3.246E-10  1.269E-13  6.728E-14  1.00E-07
  6.150E+01 3.19041E-19 -5.864E-05  4.641E-10  3.219E-10  1.258E-13  6.706E-14  1.00E-07
  6.200E+01 3.10380E-19 -5.961E-05  4.566E-10  3.192E-10  1.246E-13  6.684E-14  1.00E-07
  6.250E+01 3.02026E-19 -6.057E-05  4.493E-10  3.165E-10  1.234E-13  6.661E-14  1.00E-07
  6.300E+01 2.93967E-19 -6.154E-05  4.421E-10  3.139E-10  1.223E-13  6.638E-14  1.00E-07
  6.350E+01 2.86189E-19 -6.251E-05  4.351E-10  3.113E-10  1.212E-13  6.614E-14  1.00E-07
  6.400E+01 2.78682E-19 -6.348E-05  4.282E-10  3.087E-10  1.201E-13  6.590E-14  1.00E-07
  6.450E+01 2.71433E-19 -6.445E-05  4.215E-10  3.062E-10  1.190E-13  6.566E-14  1.00E-07
  6.500E+01 2.64434E-19 -6.542E-05  4.150E-10  3.037E-10  1.179E-13  6.542E-14  1.00E-07
  6.550E+01 2.57672E-19 -6.639E-05  4.086E-10  3.012E-10  1.168E-13  6.517E-14  1.00E-07
  6.600E+01 2.51140E-19 -6.736E-05  4.024E-10  2.987E-10  1.158E-13  6.492E-14  1.00E-07
  6.650E+01 2.44826E-19 -6.833E-05  3.963E-10  2.963E-10  1.147E-13  6.467E-14  1.00E-07
  6.700E+01 2.38724E-19 -6.929E-05  3.903E-10  2.939E-10  1.137E-13  6.441E-14  1.00E-07
  6.750E+01 2.32824E-19 -7.026E-05  3.845E-10  2.916E-10  1.126E-13  6.416E-14  1.00E-07
  6.800E+01 2.27118E-19 -7.122E-05  3.787E-10  2.893E-10  1.116E-13  6.390E-14  1.00E-07
  6.850E+01 2.21599E-19 -7.219E-05  3.732E-10  2.870E-10  1.106E-13  6.364E-14  1.00E-07
  6.900E+01 2.16259E-19 -7.315E-05  3.677E-10  2.847E-10  1.096E-13  6.337E-14  1.00E-07
  6.950E+01 2.11092E-19 -7.411E-05  3.624E-10  2.825E-10  1.086E-13  6.311E-14  1.00E-07
  7.000E+01 2.06090E-19 -7.506E-05  3.571E-10  2.803E-10  1.077E-13  6.284E-14  1.00E-07
  7.050E+01 2.01248E-19 -7.602E-05  3.520E-10  2.781E-10  1.067E-13  6.257E-14  1.00E-07
  7.100E+01 1.96559E-19 -7.697E-05  3.470E-10  2.759E-10  1.058E-13  6.230E-14  1.00E-07
  7.150E+01 1.92018E-19 -7.791E-05  3.421E-10  2.738E-10  1.048E-13  6.203E-14  1.00E-07
  7.200E+01 1.87618E-19 -7.886E-05  3.373E-10  2.717E-10  1.039E-13  6.176E-14  1.00E-07
  7.250E+01 1.83356E-19 -7.979E-05  3.326E-10  2.697E-10  1.030E-13  6.148E-14  1.00E-07
  7.300E+01 1.79224E-19 -8.073E-05  3.280E-10  2.676E-10  1.021E-13  6.120E-14  1.00E-07
  7.350E+01 1.75220E-19 -8.166E-05  3.235E-10  2.656E-10  1.011E-13  6.092E-14  1.00E-07
  7.400E+01 1.71337E-19 -8.259E-05  3.191E-10  2.636E-10  1.003E-13  6.064E-14  1.00E-07
  7.450E+01 1.67573E-19 -8.351E-05  3.148E-10  2.617E-10  9.937E-14  6.036E-14  1.00E-07
  7.500E+01 1.63921E-19 -8.443E-05  3.106E-10  2.597E-10  9.850E-14  6.008E-14  1.00E-07
  7.550E+01 1.60379E-19 -8.534E-05  3.065E-10  2.578E-10  9.763E-14  5.980E-14  1.00E-07
  7.600E+01 1.56942E-19 -8.624E-05  3.024E-10  2.559E-10  9.677E-14  5.951E-14  1.00E-07
  7.650E+01 1.53606E-19 -8.715E-05  2.984E-10  2.540E-10  9.592E-14  5.923E-14  1.00E-07
  7.700E+01 1.50368E-19 -8.804E-05  2.946E-10  2.522E-10  9.508E-14  5.894E-14  1.00E-07
  7.750E+01 1.47225E-19 -8.893E-05  2.907E-10  2.504E-10  9.425E-14  5.865E-14  1.00E-07
  7.800E+01 1.44173E-19 -8.981E-05  2.870E-10  2.486E-10  9.342E-14  5.836E-14  1.00E-07
  7.850E+01 1.41209E-19 -9.069E-05  2.833E-10  2.468E-10  9.261E-14  5.807E-14  1.00E-07
  7.900E+01 1.38330E-19 -9.156E-05  2.798E-10  2.451E-10  9.180E-14  5.778E-14  1.00E-07
  7.950E+01 1.35533E-19 -9.242E-05  2.762E-10  2.434E-10  9.100E-14  5.749E-14  1.00E-07
  8.000E+01 1.32815E-19 -9.327E-05  2.728E-10  2.417E-10  9.020E-14  5.720E-14  1.00E-07
  8.050E+01 1.30174E-19 -9.412E-05  2.694E-10  2.400E-10  8.942E-14  5.691E-14  1.00E-07
  8.100E+01 1.27606E-19 -9.496E-05  2.661E-10  2.383E-10  8.864E-14  5.661E-14  1.00E-07
  8.150E+01 1.25110E-19 -9.579E-05  2.629E-10  2.367E-10  8.787E-14  5.632E-14  1.00E-07
  8.200E+01 1.22683E-19 -9.661E-05  2.597E-10  2.351E-10  8.711E-14  5.603E-14  1.00E-07
  8.250E+01 1.20323E-19 -9.743E-05  2.566E-10  2.335E-10  8.635E-14  5.573E-14  1.00E-07
  8.300E+01 1.18027E-19 -9.823E-05  2.535E-10  2.319E-10  8.560E-14  5.543E-14  1.00E-07
  8.350E+01 1.15794E-19 -9.903E-05  2.505E-10  2.303E-10  8.486E-14  5.514E-14  1.00E-07
  8.400E+01 1.13620E-19 -9.982E-05  2.475E-10  2.288E-10  8.412E-14  5.484E-14  1.00E-07
  8.450E+01 1.11506E-19 -1.006E-04  2.446E-10  2.273E-10  8.339E-14  5.454E-14  1.00E-07
  8.500E+01 1.09447E-19 -1.014E-04  2.418E-10  2.258E-10  8.267E-14  5.425E-14  1.00E-07
  8.550E+01 1.07444E-19 -1.021E-04  2.390E-10  2.243E-10  8.195E-14  5.395E-14  1.00E-07
  8.600E+01 1.05493E-19 -1.029E-04  2.363E-10  2.228E-10  8.124E-14  5.365E-14  1.00E-07
  8.650E+01 1.03594E-19 -1.036E-04  2.336E-10  2.214E-10  8.054E-14  5.335E-14  1.00E-07
  8.700E+01 1.01744E-19 -1.044E-04  2.310E-10  2.200E-10  7.984E-14  5.305E-14  1.00E-07
  8.750E+01 9.99421E-20 -1.051E-04  2.284E-10  2.186E-10  7.915E-14  5.275E-14  1.00E-07
  8.800E+01 9.81868E-20 -1.058E-04  2.259E-10  2.172E-10  7.846E-14  5.245E-14  1.00E-07
  8.850E+01 9.64767E-20 -1.065E-04  2.234E-10  2.158E-10  7.778E-14  5.215E-14  1.00E-07
  8.900E+01 9.48103E-20 -1.072E-04  2.209E-10  2.145E-10  7.711E-14  5.185E-14  1.00E-07
  8.950E+01 9.31862E-20 -1.078E-04  2.186E-10  2.131E-10  7.644E-14  5.155E-14  1.00E-07
  9.000E+01 9.16032E-20 -1.085E-04  2.162E-10  2.118E-10  7.578E-14  5.125E-14  1.00E-07
  9.050E+01 9.00600E-20 -1.092E-04  2.139E-10  2.105E-10  7.512E-14  5.095E-14  1.00E-07
  9.100E+01 8.85553E-20 -1.098E-04  2.116E-10  2.092E-10  7.447E-14  5.065E-14  1.00E-07
  9.150E+01 8.70882E-20 -1.104E-04  2.094E-10  2.080E-10  7.382E-14  5.035E-14  1.00E-07
  9.200E+01 8.56573E-20 -1.111E-04  2.072E-10  2.067E-10  7.318E-14  5.005E-14  1.00E-07
  9.250E+01 8.42617E-20 -1.117E-04  2.051E-10  2.055E-10  7.255E-14  4.975E-14  1.00E-07
  9.300E+01 8.29002E-20 -1.123E-04  2.029E-10  2.042E-10  7.192E-14  4.945E-14  1.00E-07
  9.350E+01 8.15720E-20 -1.128E-04  2.009E-10  2.030E-10  7.129E-14  4.915E-14  1.00E-07
  9.400E+01 8.02759E-20 -1.134E-04  1.988E-10  2.018E-10  7.067E-14  4.884E-14  1.00E-07
  9.450E+01 7.90112E-20 -1.140E-04  1.968E-10  2.007E-10  7.005E-14  4.854E-14  1.00E-07
  9.500E+01 7.77767E-20 -1.145E-04  1.949E-10  1.995E-10  6.944E-14  4.824E-14  1.00E-07
  9.550E+01 7.65718E-20 -1.151E-04  1.929E-10  1.984E-10  6.884E-14  4.794E-14  1.00E-07
  9.600E+01 7.53955E-20 -1.156E-04  1.910E-10  1.972E-10  6.823E-14  4.764E-14  1.00E-07
  9.650E+01 7.42470E-20 -1.161E-04  1.892E-10  1.961E-10  6.764E-14  4.734E-14  1.00E-07
  9.700E+01 7.31256E-20 -1.166E-04  1.873E-10  1.950E-10  6.704E-14  4.704E-14  1.00E-07
  9.750E+01 7.20304E-20 -1.170E-04  1.855E-10  1.939E-10  6.646E-14  4.674E-14  1.00E-07
  9.800E+01 7.09608E-20 -1.175E-04  1.838E-10  1.928E-10  6.587E-14  4.644E-14  1.00E-07
  9.850E+01 6.99160E-20 -1.180E-04  1.820E-10  1.918E-10  6.529E-14  4.614E-14  1.00E-07
  9.900E+01 6.88953E-20 -1.184E-04  1.803E-10  1.907E-10  6.472E-14  4.583E-14  1.00E-07
  9.950E+01 6.78980E-20 -1.188E-04  1.786E-10  1.897E-10  6.415E-14  4.553E-14  1.00E-07
  1.000E+02 6.69236E-20 -1.192E-04  1.770E-10  1.887E-10  6.358E-14  4.523E-14  1.00E-07
  1.005E+02 6.59714E-20 -1.196E-04  1.754E-10  1.877E-10  6.302E-14  4.493E-14  1.00E-07
  1.010E+02 6.50407E-20 -1.200E-04  1.738E-10  1.867E-10  6.246E-14  4.463E-14  1.00E-07
  1.015E+02 6.41311E-20 -1.204E-04  1.722E-10  1.857E-10  6.190E-14  4.433E-14  1.00E-07
  1.020E+02 6.32419E-20 -1.207E-04  1.707E-10  1.847E-10  6.135E-14  4.403E-14  1.00E-07
  1.025E+02 6.23726E-20 -1.211E-04  1.691E-10  1.837E-10  6.080E-14  4.373E-14  1.00E-07
  1.030E+02 6.15226E-20 -1.214E-04  1.676E-10  1.828E-10  6.026E-14  4.343E-14  1.00E-07
  1.035E+02 6.06915E-20 -1.217E-04  1.662E-10  1.819E-10  5.972E-14  4.313E-14  1.00E-07
  1.040E+02 5.98787E-20 -1.220E-04  1.647E-10  1.809E-10  5.919E-14  4.284E-14  1.00E-07
  1.045E+02 5.90838E-20 -1.223E-04  1.633E-10  1.800E-10  5.865E-14  4.254E-14  1.00E-07
  1.050E+02 5.83064E-20 -1.225E-04  1.619E-10  1.791E-10  5.812E-14  4.224E-14  1.00E-07
  1.055E+02 5.75458E-20 -1.228E-04  1.606E-10  1.782E-10  5.760E-14  4.194E-14  1.00E-07
  1.060E+02 5.68018E-20 -1.230E-04  1.592E-10  1.774E-10  5.708E-14  4.164E-14  1.00E-07
  1.065E+02 5.60738E-20 -1.232E-04  1.579E-10  1.765E-10  5.656E-14  4.134E-14  1.00E-07
  1.070E+02 5.53616E-20 -1.234E-04  1.566E-10  1.756E-10  5.604E-14  4.104E-14  1.00E-07
  1.075E+02 5.46646E-20 -1.236E-04  1.553E-10  1.748E-10  5.553E-14  4.075E-14  1.00E-07
  1.080E+02 5.39825E-20 -1.238E-04  1.540E-10  1.739E-10  5.502E-14  4.045E-14  1.00E-07
  1.085E+02 5.33149E-20 -1.239E-04  1.528E-10  1.731E-10  5.452E-14  4.015E-14  1.00E-07
  1.090E+02 5.26615E-20 -1.241E-04  1.516E-10  1.723E-10  5.402E-14  3.986E-14  1.00E-07
  1.095E+02 5.20218E-20 -1.242E-04  1.504E-10  1.715E-10  5.352E-14  3.956E-14  1.00E-07
  1.100E+02 5.13957E-20 -1.243E-04  1.492E-10  1.707E-10  5.302E-14  3.926E-14  1.00E-07
  1.105E+02 5.07826E-20 -1.244E-04  1.480E-10  1.699E-10  5.253E-14  3.897E-14  1.00E-07
  1.110E+02 5.01824E-20 -1.245E-04  1.469E-10  1.692E-10  5.204E-14  3.867E-14  1.00E-07
  1.115E+02 4.95947E-20 -1.245E-04  1.457E-10  1.684E-10  5.155E-14  3.837E-14  1.00E-07
  1.120E+02 4.90191E-20 -1.246E-04  1.446E-10  1.676E-10  5.107E-14  3.808E-14  1.00E-07
  1.125E+02 4.84555E-20 -1.246E-04  1.435E-10  1.669E-10  5.058E-14  3.778E-14  1.00E-07
  1.130E+02 4.79035E-20 -1.246E-04  1.425E-10  1.662E-10  5.011E-14  3.749E-14  1.00E-07
  1.135E+02 4.73628E-20 -1.246E-04  1.414E-10  1.654E-10  4.963E-14  3.719E-14  1.00E-07
  1.140E+02 4.68332E-20 -1.246E-04  1.404E-10  1.647E-10  4.916E-14  3.690E-14  1.00E-07
  1.145E+02 4.63143E-20 -1.245E-04  1.394E-10  1.640E-10  4.869E-14  3.660E-14  1.00E-07
  1.150E+02 4.58061E-20 -1.245E-04  1.383E-10  1.633E-10  4.822E-14  3.631E-14  1.00E-07
  1.155E+02 4.53081E-20 -1.244E-04  1.374E-10  1.626E-10  4.775E-14  3.602E-14  1.00E-07
  1.160E+02 4.48202E-20 -1.243E-04  1.364E-10  1.619E-10  4.729E-14  3.572E-14  1.00E-07
  1.165E+02 4.43421E-20 -1.242E-04  1.354E-10  1.613E-10  4.683E-14  3.543E-14  1.00E-07
  1.170E+02 4.38737E-20 -1.241E-04  1.345E-10  1.606E-10  4.637E-14  3.514E-14  1.00E-07
  1.175E+02 4.34146E-20 -1.240E-04  1.336E-10  1.599E-10  4.592E-14  3.484E-14  1.00E-07
  1.180E+02 4.29647E-20 -1.238E-04  1.326E-10  1.593E-10  4.547E-14  3.455E-14  1.00E-07
  1.185E+02 4.25238E-20 -1.236E-04  1.317E-10  1.586E-10  4.502E-14  3.426E-14  1.00E-07
  1.190E+02 4.20917E-20 -1.234E-04  1.309E-10  1.580E-10  4.457E-14  3.397E-14  1.00E-07
  1.195E+02 4.16681E-20 -1.232E-04  1.300E-10  1.574E-10  4.412E-14  3.368E-14  1.00E-07
  1.200E+02 4.12529E-20 -1.230E-04  1.291E-10  1.568E-10  4.368E-14  3.338E-14  1.00E-07
  1.205E+02 4.08459E-20 -1.228E-04  1.283E-10  1.562E-10  4.324E-14  3.309E-14  1.00E-07
  1.210E+02 4.04469E-20 -1.225E-04  1.275E-10  1.556E-10  4.280E-14  3.280E-14  1.00E-07
  1.215E+02 4.00557E-20 -1.223E-04  1.266E-10  1.550E-10  4.236E-14  3.251E-14  1.00E-07
  1.220E+02 3.96722E-20 -1.220E-04  1.258E-10  1.544E-10  4.193E-14  3.222E-14  1.00E-07
  1.225E+02 3.92963E-20 -1.217E-04  1.250E-10  1.538E-10  4.150E-14  3.193E-14  1.00E-07
  1.230E+02 3.89276E-20 -1.213E-04  1.243E-10  1.533E-10  4.107E-14  3.164E-14  1.00E-07
  1.235E+02 3.85662E-20 -1.210E-04  1.235E-10  1.527E-10  4.064E-14  3.135E-14  1.00E-07
  1.240E+02 3.82118E-20 -1.207E-04  1.227E-10  1.521E-10  4.021E-14  3.106E-14  1.00E-07
  1.245E+02 3.78642E-20 -1.203E-04  1.220E-10  1.516E-10  3.979E-14  3.078E-14  1.00E-07
  1.250E+02 3.75234E-20 -1.199E-04  1.213E-10  1.511E-10  3.937E-14  3.049E-14  1.00E-07
  1.255E+02 3.71893E-20 -1.195E-04  1.205E-10  1.505E-10  3.895E-14  3.020E-14  1.00E-07
  1.260E+02 3.68615E-20 -1.191E-04  1.198E-10  1.500E-10  3.853E-14  2.991E-14  1.00E-07
  1.265E+02 3.65401E-20 -1.187E-04  1.191E-10  1.495E-10  3.811E-14  2.962E-14  1.00E-07
  1.270E+02 3.62249E-20 -1.182E-04  1.185E-10  1.490E-10  3.770E-14  2.934E-14  1.00E-07
  1.275E+02 3.59158E-20 -1.177E-04  1.178E-10  1.485E-10  3.729E-14  2.905E-14  1.00E-07
  1.280E+02 3.56127E-20 -1.173E-04  1.171E-10  1.480E-10  3.688E-14  2.876E-14  1.00E-07
  1.285E+02 3.53153E-20 -1.168E-04  1.165E-10  1.475E-10  3.647E-14  2.848E-14  1.00E-07
  1.290E+02 3.50237E-20 -1.162E-04  1.158E-10  1.470E-10  3.606E-14  2.819E-14  1.00E-07
  1.295E+02 3.47377E-20 -1.157E-04  1.152E-10  1.465E-10  3.565E-14  2.790E-14  1.00E-07
  1.300E+02 3.44572E-20 -1.152E-04  1.146E-10  1.461E-10  3.525E-14  2.762E-14  1.00E-07
  1.305E+02 3.41820E-20 -1.146E-04  1.140E-10  1.456E-10  3.485E-14  2.733E-14  1.00E-07
  1.310E+02 3.39121E-20 -1.140E-04  1.134E-10  1.451E-10  3.445E-14  2.705E-14  1.00E-07
  1.315E+02 3.36475E-20 -1.134E-04  1.128E-10  1.447E-10  3.405E-14  2.676E-14  1.00E-07
  1.320E+02 3.33879E-20 -1.128E-04  1.122E-10  1.442E-10  3.365E-14  2.648E-14  1.00E-07
  1.325E+02 3.31332E-20 -1.122E-04  1.116E-10  1.438E-10  3.326E-14  2.619E-14  1.00E-07
  1.330E+02 3.28835E-20 -1.116E-04  1.110E-10  1.434E-10  3.286E-14  2.591E-14  1.00E-07
  1.335E+02 3.26385E-20 -1.109E-04  1.105E-10  1.429E-10  3.247E-14  2.562E-14  1.00E-07
  1.340E+02 3.23983E-20 -1.102E-04  1.099E-10  1.425E-10  3.208E-14  2.534E-14  1.00E-07
  1.345E+02 3.21627E-20 -1.095E-04  1.094E-10  1.421E-10  3.169E-14  2.506E-14  1.00E-07
  1.350E+02 3.19316E-20 -1.088E-04  1.089E-10  1.417E-10  3.130E-14  2.477E-14  1.00E-07
  1.355E+02 3.17050E-20 -1.081E-04  1.084E-10  1.413E-10  3.091E-14  2.449E-14  1.00E-07
  1.360E+02 3.14827E-20 -1.074E-04  1.078E-10  1.409E-10  3.053E-14  2.421E-14  1.00E-07
  1.365E+02 3.12647E-20 -1.066E-04  1.073E-10  1.405E-10  3.014E-14  2.393E-14  1.00E-07
  1.370E+02 3.10509E-20 -1.059E-04  1.068E-10  1.401E-10  2.976E-14  2.364E-14  1.00E-07
  1.375E+02 3.08413E-20 -1.051E-04  1.064E-10  1.397E-10  2.938E-14  2.336E-14  1.00E-07
  1.380E+02 3.06358E-20 -1.043E-04  1.059E-10  1.394E-10  2.900E-14  2.308E-14  1.00E-07
  1.385E+02 3.04342E-20 -1.035E-04  1.054E-10  1.390E-10  2.862E-14  2.280E-14  1.00E-07
  1.390E+02 3.02366E-20 -1.027E-04  1.050E-10  1.386E-10  2.824E-14  2.252E-14  1.00E-07
  1.395E+02 3.00428E-20 -1.019E-04  1.045E-10  1.383E-10  2.787E-14  2.224E-14  1.02E-07
  1.400E+02 2.98528E-20 -1.010E-04  1.041E-10  1.379E-10  2.749E-14  2.196E-14  1.00E-07
  1.405E+02 2.96665E-20 -1.001E-04  1.036E-10  1.376E-10  2.712E-14  2.168E-14  1.00E-07
  1.410E+02 2.94840E-20 -9.927E-05  1.032E-10  1.372E-10  2.675E-14  2.139E-14  1.00E-07
  1.415E+02 2.93050E-20 -9.838E-05  1.028E-10  1.369E-10  2.638E-14  2.111E-14  1.00E-07
  1.420E+02 2.91295E-20 -9.747E-05  1.023E-10  1.366E-10  2.601E-14  2.083E-14  1.00E-07
  1.425E+02 2.89576E-20 -9.655E-05  1.019E-10  1.363E-10  2.564E-14  2.056E-14  1.00E-07
  1.430E+02 2.87891E-20 -9.562E-05  1.015E-10  1.359E-10  2.527E-14  2.028E-14  1.03E-07
  1.435E+02 2.86240E-20 -9.468E-05  1.011E-10  1.356E-10  2.490E-14  2.000E-14  1.09E-07
  1.440E+02 2.84621E-20 -9.372E-05  1.008E-10  1.353E-10  2.454E-14  1.972E-14  1.00E-07
  1.445E+02 2.83036E-20 -9.274E-05  1.004E-10  1.350E-10  2.417E-14  1.944E-14  1.00E-07
  1.450E+02 2.81483E-20 -9.176E-05  1.000E-10  1.347E-10  2.381E-14  1.916E-14  1.00E-07
  1.455E+02 2.79962E-20 -9.076E-05  9.964E-11  1.344E-10  2.345E-14  1.888E-14  1.00E-07
  1.460E+02 2.78471E-20 -8.975E-05  9.928E-11  1.341E-10  2.309E-14  1.860E-14  1.00E-07
  1.465E+02 2.77012E-20 -8.873E-05  9.892E-11  1.338E-10  2.273E-14  1.833E-14  1.00E-07
  1.470E+02 2.75583E-20 -8.769E-05  9.858E-11  1.336E-10  2.237E-14  1.805E-14  1.12E-07
  1.475E+02 2.74183E-20 -8.664E-05  9.824E-11  1.333E-10  2.201E-14  1.777E-14  1.17E-07
  1.480E+02 2.72814E-20 -8.558E-05  9.791E-11  1.330E-10  2.165E-14  1.749E-14  1.04E-07
  1.485E+02 2.71473E-20 -8.451E-05  9.758E-11  1.328E-10  2.129E-14  1.721E-14  1.00E-07
  1.490E+02 2.70160E-20 -8.342E-05  9.726E-11  1.325E-10  2.094E-14  1.694E-14  1.00E-07
  1.495E+02 2.68876E-20 -8.233E-05  9.694E-11  1.322E-10  2.058E-14  1.666E-14  1.00E-07
  1.500E+02 2.67620E-20 -8.122E-05  9.664E-11  1.320E-10  2.023E-14  1.638E-14  1.00E-07
  1.505E+02 2.66391E-20 -8.010E-05  9.634E-11  1.318E-10  1.987E-14  1.611E-14  1.00E-07
  1.510E+02 2.65189E-20 -7.897E-05  9.604E-11  1.315E-10  1.952E-14  1.583E-14  1.22E-07
  1.515E+02 2.64014E-20 -7.782E-05  9.575E-11  1.313E-10  1.917E-14  1.555E-14  1.26E-07
  1.520E+02 2.62865E-20 -7.667E-05  9.547E-11  1.310E-10  1.882E-14  1.528E-14  1.10E-07
  1.525E+02 2.61743E-20 -7.551E-05  9.519E-11  1.308E-10  1.847E-14  1.500E-14  1.00E-07
  1.530E+02 2.60645E-20 -7.433E-05  9.492E-11  1.306E-10  1.812E-14  1.473E-14  1.00E-07
  1.535E+02 2.59573E-20 -7.315E-05  9.465E-11  1.304E-10  1.777E-14  1.445E-14  1.00E-07
  1.540E+02 2.58527E-20 -7.195E-05  9.439E-11  1.302E-10  1.743E-14  1.418E-14  1.00E-07
  1.545E+02 2.57504E-20 -7.074E-05  9.414E-11  1.300E-10  1.708E-14  1.390E-14  1.11E-07
  1.550E+02 2.56507E-20 -6.953E-05  9.389E-11  1.298E-10  1.673E-14  1.363E-14  1.34E-07
  1.555E+02 2.55533E-20 -6.830E-05  9.365E-11  1.296E-10  1.639E-14  1.335E-14  1.37E-07
  1.560E+02 2.54583E-20 -6.706E-05  9.341E-11  1.294E-10  1.604E-14  1.308E-14  1.17E-07
  1.565E+02 2.53657E-20 -6.582E-05  9.318E-11  1.292E-10  1.570E-14  1.280E-14  1.00E-07
  1.570E+02 2.52754E-20 -6.456E-05  9.295E-11  1.290E-10  1.535E-14  1.253E-14  1.00E-07
  1.575E+02 2.51874E-20 -6.330E-05  9.273E-11  1.288E-10  1.501E-14  1.225E-14  1.00E-07
  1.580E+02 2.51017E-20 -6.203E-05  9.252E-11  1.286E-10  1.467E-14  1.198E-14  1.00E-07
  1.585E+02 2.50182E-20 -6.075E-05  9.231E-11  1.284E-10  1.433E-14  1.170E-14  1.25E-07
  1.590E+02 2.49370E-20 -5.946E-05  9.210E-11  1.283E-10  1.399E-14  1.143E-14  1.49E-07
  1.595E+02 2.48580E-20 -5.816E-05  9.190E-11  1.281E-10  1.365E-14  1.116E-14  1.49E-07
  1.600E+02 2.47811E-20 -5.685E-05  9.171E-11  1.279E-10  1.331E-14  1.088E-14  1.27E-07
  1.605E+02 2.47064E-20 -5.553E-05  9.152E-11  1.278E-10  1.297E-14  1.061E-14  1.00E-07
  1.610E+02 2.46339E-20 -5.421E-05  9.134E-11  1.276E-10  1.263E-14  1.034E-14  1.00E-07
  1.615E+02 2.45635E-20 -5.288E-05  9.116E-11  1.275E-10  1.229E-14  1.006E-14  1.00E-07
  1.620E+02 2.44952E-20 -5.154E-05  9.098E-11  1.273E-10  1.195E-14  9.789E-15  1.00E-07
  1.625E+02 2.44289E-20 -5.020E-05  9.082E-11  1.272E-10  1.161E-14  9.516E-15  1.43E-07
  1.630E+02 2.43648E-20 -4.884E-05  9.065E-11  1.271E-10  1.128E-14  9.243E-15  1.68E-07
  1.635E+02 2.43027E-20 -4.748E-05  9.050E-11  1.269E-10  1.094E-14  8.970E-15  1.66E-07
  1.640E+02 2.42426E-20 -4.612E-05  9.034E-11  1.268E-10  1.060E-14  8.697E-15  1.39E-07
  1.645E+02 2.41845E-20 -4.474E-05  9.019E-11  1.267E-10  1.027E-14  8.424E-15  1.00E-07
  1.650E+02 2.41284E-20 -4.336E-05  9.005E-11  1.266E-10  9.933E-15  8.151E-15  1.00E-07
  1.655E+02 2.40743E-20 -4.198E-05  8.991E-11  1.265E-10  9.598E-15  7.879E-15  1.00E-07
  1.660E+02 2.40222E-20 -4.058E-05  8.978E-11  1.263E-10  9.264E-15  7.606E-15  1.17E-07
  1.665E+02 2.39720E-20 -3.919E-05  8.965E-11  1.262E-10  8.930E-15  7.334E-15  1.68E-07
  1.670E+02 2.39238E-20 -3.778E-05  8.953E-11  1.261E-10  8.596E-15  7.062E-15  1.94E-07
  1.675E+02 2.38775E-20 -3.637E-05  8.941E-11  1.260E-10  8.262E-15  6.789E-15  1.90E-07
  1.680E+02 2.38331E-20 -3.496E-05  8.930E-11  1.259E-10  7.929E-15  6.517E-15  1.56E-07
  1.685E+02 2.37906E-20 -3.354E-05  8.919E-11  1.258E-10  7.597E-15  6.245E-15  1.00E-07
  1.690E+02 2.37500E-20 -3.212E-05  8.908E-11  1.258E-10  7.264E-15  5.973E-15  1.00E-07
  1.695E+02 2.37113E-20 -3.069E-05  8.898E-11  1.257E-10  6.932E-15  5.701E-15  1.00E-07
  1.700E+02 2.36744E-20 -2.926E-05  8.889E-11  1.256E-10  6.600E-15  5.429E-15  1.46E-07
  1.705E+02 2.36394E-20 -2.782E-05  8.880E-11  1.255E-10  6.269E-15  5.157E-15  2.05E-07
  1.710E+02 2.36063E-20 -2.638E-05  8.871E-11  1.254E-10  5.937E-15  4.886E-15  2.35E-07
  1.715E+02 2.35750E-20 -2.493E-05  8.863E-11  1.254E-10  5.606E-15  4.614E-15  2.28E-07
  1.720E+02 2.35455E-20 -2.349E-05  8.856E-11  1.253E-10  5.275E-15  4.342E-15  1.85E-07
  1.725E+02 2.35179E-20 -2.203E-05  8.849E-11  1.253E-10  4.944E-15  4.071E-15  1.09E-07
  1.730E+02 2.34920E-20 -2.058E-05  8.842E-11  1.252E-10  4.614E-15  3.799E-15  1.00E-07
  1.735E+02 2.34680E-20 -1.912E-05  8.836E-11  1.251E-10  4.284E-15  3.527E-15  1.00E-07
  1.740E+02 2.34458E-20 -1.766E-05  8.830E-11  1.251E-10  3.953E-15  3.256E-15  1.98E-07
  1.745E+02 2.34254E-20 -1.620E-05  8.825E-11  1.251E-10  3.623E-15  2.985E-15  2.76E-07
  1.750E+02 2.34068E-20 -1.473E-05  8.820E-11  1.250E-10  3.294E-15  2.713E-15  3.15E-07
  1.755E+02 2.33900E-20 -1.327E-05  8.816E-11  1.250E-10  2.964E-15  2.442E-15  3.08E-07
  1.760E+02 2.33749E-20 -1.180E-05  8.812E-11  1.249E-10  2.634E-15  2.170E-15  2.48E-07
  1.765E+02 2.33616E-20 -1.033E-05  8.808E-11  1.249E-10  2.305E-15  1.899E-15  1.40E-07
  1.770E+02 2.33501E-20 -8.854E-06  8.805E-11  1.249E-10  1.975E-15  1.628E-15  1.00E-07
  1.775E+02 2.33404E-20 -7.380E-06  8.803E-11  1.249E-10  1.646E-15  1.356E-15  1.84E-07
  1.780E+02 2.33325E-20 -5.905E-06  8.801E-11  1.248E-10  1.317E-15  1.085E-15  3.66E-07
  1.785E+02 2.33263E-20 -4.430E-06  8.799E-11  1.248E-10  9.875E-16  8.138E-16  5.35E-07
  1.790E+02 2.33219E-20 -2.954E-06  8.798E-11  1.248E-10  6.583E-16  5.425E-16  6.72E-07
  1.795E+02 2.33192E-20 -1.477E-06  8.797E-11  1.248E-10  3.291E-16  2.713E-16  7.61E-07
  1.800E+02 2.33184E-20 -2.073E-20  8.797E-11  1.248E-10  4.619E-30  3.807E-30  7.92E-07

  TOTAL ELASTIC CROSS SECTION = 1.214003E-17 cm**2
               FROM DCS TABLE = 1.213967E-17  (REL. DIF. = 2.94E-05)

  1ST TRANSPORT CROSS SECTION = 1.791947E-18 cm**2
               FROM DCS TABLE = 1.791922E-18  (REL. DIF. = 1.44E-05)

  2ND TRANSPORT CROSS SECTION = 3.768782E-18 cm**2

  **** DPWA0 ENDED ************************************************************

