 #  Scattering amplitudes (in cm)      MU=(1-cos(TH))/2
 #  Z =   6,   projectile: electron
 #  Kinetic energy = 2.20000E+02 eV
 #
 # TH (deg)      MU          Re(F)        Im(F)        Re(G)        Im(G)
 #--------------------------------------------------------------------------
  0.000E+00  0.00000E+00  1.80006E-08  1.05474E-08  0.00000E+00  0.00000E+00
  1.000E-04  7.61557E-13  1.80006E-08  1.05474E-08  5.92933E-18  6.09494E-18
  1.250E-04  1.18994E-12  1.80006E-08  1.05474E-08  7.41167E-18  7.61867E-18
  1.500E-04  1.71346E-12  1.80006E-08  1.05474E-08  8.89400E-18  9.14241E-18
  1.750E-04  2.33225E-12  1.80006E-08  1.05474E-08  1.03763E-17  1.06661E-17
  2.000E-04  3.04617E-12  1.80006E-08  1.05474E-08  1.18587E-17  1.21899E-17
  2.250E-04  3.85530E-12  1.80006E-08  1.05474E-08  1.33410E-17  1.37136E-17
  2.500E-04  4.75964E-12  1.80006E-08  1.05474E-08  1.48233E-17  1.52373E-17
  2.750E-04  5.75917E-12  1.80006E-08  1.05474E-08  1.63057E-17  1.67611E-17
  3.000E-04  6.85391E-12  1.80006E-08  1.05474E-08  1.77880E-17  1.82848E-17
  3.250E-04  8.04379E-12  1.80006E-08  1.05474E-08  1.92703E-17  1.98085E-17
  3.500E-04  9.32893E-12  1.80006E-08  1.05474E-08  2.07527E-17  2.13323E-17
  3.750E-04  1.07092E-11  1.80006E-08  1.05474E-08  2.22350E-17  2.28560E-17
  4.000E-04  1.21847E-11  1.80006E-08  1.05474E-08  2.37173E-17  2.43797E-17
  4.250E-04  1.37554E-11  1.80006E-08  1.05474E-08  2.51997E-17  2.59035E-17
  4.500E-04  1.54213E-11  1.80006E-08  1.05474E-08  2.66820E-17  2.74272E-17
  4.750E-04  1.71823E-11  1.80006E-08  1.05474E-08  2.81643E-17  2.89510E-17
  5.000E-04  1.90386E-11  1.80006E-08  1.05474E-08  2.96467E-17  3.04747E-17
  5.250E-04  2.09900E-11  1.80006E-08  1.05474E-08  3.11290E-17  3.19984E-17
  5.500E-04  2.30367E-11  1.80006E-08  1.05474E-08  3.26113E-17  3.35222E-17
  5.750E-04  2.51785E-11  1.80006E-08  1.05474E-08  3.40937E-17  3.50459E-17
  6.000E-04  2.74156E-11  1.80006E-08  1.05474E-08  3.55760E-17  3.65696E-17
  6.250E-04  2.97478E-11  1.80006E-08  1.05474E-08  3.70583E-17  3.80934E-17
  6.500E-04  3.21752E-11  1.80006E-08  1.05474E-08  3.85407E-17  3.96171E-17
  6.750E-04  3.46979E-11  1.80006E-08  1.05474E-08  4.00230E-17  4.11408E-17
  7.000E-04  3.73157E-11  1.80006E-08  1.05474E-08  4.15053E-17  4.26646E-17
  7.250E-04  4.00286E-11  1.80006E-08  1.05474E-08  4.29877E-17  4.41883E-17
  7.500E-04  4.28368E-11  1.80006E-08  1.05474E-08  4.44700E-17  4.57120E-17
  7.750E-04  4.57402E-11  1.80006E-08  1.05474E-08  4.59523E-17  4.72358E-17
  8.000E-04  4.87388E-11  1.80006E-08  1.05474E-08  4.74347E-17  4.87595E-17
  8.250E-04  5.18325E-11  1.80006E-08  1.05474E-08  4.89170E-17  5.02832E-17
  8.500E-04  5.50215E-11  1.80006E-08  1.05474E-08  5.03993E-17  5.18070E-17
  8.750E-04  5.83057E-11  1.80006E-08  1.05474E-08  5.18817E-17  5.33307E-17
  9.000E-04  6.16850E-11  1.80006E-08  1.05474E-08  5.33640E-17  5.48544E-17
  9.250E-04  6.51595E-11  1.80006E-08  1.05474E-08  5.48463E-17  5.63782E-17
  9.500E-04  6.87293E-11  1.80006E-08  1.05474E-08  5.63287E-17  5.79019E-17
  9.750E-04  7.23943E-11  1.80006E-08  1.05474E-08  5.78110E-17  5.94256E-17
  1.000E-03  7.61544E-11  1.80006E-08  1.05474E-08  5.92933E-17  6.09494E-17
  1.250E-03  1.18991E-10  1.80006E-08  1.05474E-08  7.41167E-17  7.61867E-17
  1.500E-03  1.71347E-10  1.80006E-08  1.05474E-08  8.89400E-17  9.14241E-17
  1.750E-03  2.33223E-10  1.80006E-08  1.05474E-08  1.03763E-16  1.06661E-16
  2.000E-03  3.04617E-10  1.80006E-08  1.05474E-08  1.18587E-16  1.21899E-16
  2.250E-03  3.85531E-10  1.80006E-08  1.05474E-08  1.33410E-16  1.37136E-16
  2.500E-03  4.75965E-10  1.80006E-08  1.05474E-08  1.48233E-16  1.52373E-16
  2.750E-03  5.75917E-10  1.80006E-08  1.05474E-08  1.63057E-16  1.67611E-16
  3.000E-03  6.85389E-10  1.80006E-08  1.05474E-08  1.77880E-16  1.82848E-16
  3.250E-03  8.04380E-10  1.80006E-08  1.05474E-08  1.92703E-16  1.98085E-16
  3.500E-03  9.32891E-10  1.80006E-08  1.05474E-08  2.07527E-16  2.13323E-16
  3.750E-03  1.07092E-09  1.80006E-08  1.05474E-08  2.22350E-16  2.28560E-16
  4.000E-03  1.21847E-09  1.80006E-08  1.05474E-08  2.37173E-16  2.43797E-16
  4.250E-03  1.37554E-09  1.80006E-08  1.05474E-08  2.51997E-16  2.59035E-16
  4.500E-03  1.54213E-09  1.80006E-08  1.05474E-08  2.66820E-16  2.74272E-16
  4.750E-03  1.71823E-09  1.80006E-08  1.05474E-08  2.81643E-16  2.89510E-16
  5.000E-03  1.90386E-09  1.80006E-08  1.05474E-08  2.96467E-16  3.04747E-16
  5.250E-03  2.09900E-09  1.80006E-08  1.05474E-08  3.11290E-16  3.19984E-16
  5.500E-03  2.30367E-09  1.80006E-08  1.05474E-08  3.26113E-16  3.35222E-16
  5.750E-03  2.51785E-09  1.80006E-08  1.05474E-08  3.40937E-16  3.50459E-16
  6.000E-03  2.74156E-09  1.80006E-08  1.05474E-08  3.55760E-16  3.65696E-16
  6.250E-03  2.97478E-09  1.80006E-08  1.05474E-08  3.70583E-16  3.80934E-16
  6.500E-03  3.21752E-09  1.80006E-08  1.05474E-08  3.85407E-16  3.96171E-16
  6.750E-03  3.46978E-09  1.80006E-08  1.05474E-08  4.00230E-16  4.11408E-16
  7.000E-03  3.73156E-09  1.80006E-08  1.05474E-08  4.15053E-16  4.26646E-16
  7.250E-03  4.00286E-09  1.80006E-08  1.05474E-08  4.29877E-16  4.41883E-16
  7.500E-03  4.28368E-09  1.80006E-08  1.05474E-08  4.44700E-16  4.57120E-16
  7.750E-03  4.57402E-09  1.80006E-08  1.05474E-08  4.59523E-16  4.72358E-16
  8.000E-03  4.87388E-09  1.80006E-08  1.05474E-08  4.74346E-16  4.87595E-16
  8.250E-03  5.18326E-09  1.80006E-08  1.05474E-08  4.89170E-16  5.02832E-16
  8.500E-03  5.50215E-09  1.80006E-08  1.05474E-08  5.03993E-16  5.18070E-16
  8.750E-03  5.83057E-09  1.80006E-08  1.05474E-08  5.18816E-16  5.33307E-16
  9.000E-03  6.16850E-09  1.80006E-08  1.05474E-08  5.33640E-16  5.48544E-16
  9.250E-03  6.51596E-09  1.80006E-08  1.05474E-08  5.48463E-16  5.63782E-16
  9.500E-03  6.87293E-09  1.80006E-08  1.05474E-08  5.63286E-16  5.79019E-16
  9.750E-03  7.23942E-09  1.80006E-08  1.05474E-08  5.78110E-16  5.94256E-16
  1.000E-02  7.61544E-09  1.80006E-08  1.05474E-08  5.92933E-16  6.09494E-16
  1.250E-02  1.18991E-08  1.80006E-08  1.05474E-08  7.41166E-16  7.61867E-16
  1.500E-02  1.71347E-08  1.80006E-08  1.05474E-08  8.89399E-16  9.14241E-16
  1.750E-02  2.33223E-08  1.80006E-08  1.05474E-08  1.03763E-15  1.06661E-15
  2.000E-02  3.04617E-08  1.80006E-08  1.05474E-08  1.18586E-15  1.21899E-15
  2.250E-02  3.85531E-08  1.80006E-08  1.05474E-08  1.33410E-15  1.37136E-15
  2.500E-02  4.75965E-08  1.80006E-08  1.05474E-08  1.48233E-15  1.52373E-15
  2.750E-02  5.75917E-08  1.80006E-08  1.05474E-08  1.63056E-15  1.67611E-15
  3.000E-02  6.85389E-08  1.80006E-08  1.05474E-08  1.77879E-15  1.82848E-15
  3.250E-02  8.04380E-08  1.80006E-08  1.05474E-08  1.92703E-15  1.98085E-15
  3.500E-02  9.32891E-08  1.80006E-08  1.05474E-08  2.07526E-15  2.13323E-15
  3.750E-02  1.07092E-07  1.80006E-08  1.05474E-08  2.22349E-15  2.28560E-15
  4.000E-02  1.21847E-07  1.80006E-08  1.05474E-08  2.37172E-15  2.43797E-15
  4.250E-02  1.37554E-07  1.80005E-08  1.05474E-08  2.51995E-15  2.59035E-15
  4.500E-02  1.54213E-07  1.80005E-08  1.05474E-08  2.66818E-15  2.74272E-15
  4.750E-02  1.71823E-07  1.80005E-08  1.05474E-08  2.81641E-15  2.89509E-15
  5.000E-02  1.90386E-07  1.80005E-08  1.05474E-08  2.96464E-15  3.04746E-15
  5.250E-02  2.09900E-07  1.80005E-08  1.05474E-08  3.11287E-15  3.19984E-15
  5.500E-02  2.30367E-07  1.80005E-08  1.05474E-08  3.26110E-15  3.35221E-15
  5.750E-02  2.51785E-07  1.80005E-08  1.05474E-08  3.40933E-15  3.50458E-15
  6.000E-02  2.74156E-07  1.80005E-08  1.05474E-08  3.55756E-15  3.65696E-15
  6.250E-02  2.97478E-07  1.80004E-08  1.05474E-08  3.70579E-15  3.80933E-15
  6.500E-02  3.21752E-07  1.80004E-08  1.05474E-08  3.85401E-15  3.96170E-15
  6.750E-02  3.46978E-07  1.80004E-08  1.05474E-08  4.00224E-15  4.11407E-15
  7.000E-02  3.73156E-07  1.80004E-08  1.05474E-08  4.15047E-15  4.26645E-15
  7.250E-02  4.00286E-07  1.80004E-08  1.05474E-08  4.29869E-15  4.41882E-15
  7.500E-02  4.28368E-07  1.80004E-08  1.05474E-08  4.44692E-15  4.57119E-15
  7.750E-02  4.57402E-07  1.80003E-08  1.05474E-08  4.59514E-15  4.72356E-15
  8.000E-02  4.87388E-07  1.80003E-08  1.05474E-08  4.74337E-15  4.87593E-15
  8.250E-02  5.18325E-07  1.80003E-08  1.05474E-08  4.89159E-15  5.02831E-15
  8.500E-02  5.50215E-07  1.80003E-08  1.05474E-08  5.03981E-15  5.18068E-15
  8.750E-02  5.83057E-07  1.80003E-08  1.05474E-08  5.18804E-15  5.33305E-15
  9.000E-02  6.16850E-07  1.80002E-08  1.05474E-08  5.33626E-15  5.48542E-15
  9.250E-02  6.51596E-07  1.80002E-08  1.05474E-08  5.48448E-15  5.63779E-15
  9.500E-02  6.87293E-07  1.80002E-08  1.05474E-08  5.63270E-15  5.79016E-15
  9.750E-02  7.23942E-07  1.80002E-08  1.05474E-08  5.78092E-15  5.94254E-15
  1.000E-01  7.61543E-07  1.80001E-08  1.05474E-08  5.92914E-15  6.09491E-15
  1.250E-01  1.18991E-06  1.79999E-08  1.05473E-08  7.41129E-15  7.61861E-15
  1.500E-01  1.71347E-06  1.79995E-08  1.05473E-08  8.89334E-15  9.14231E-15
  1.750E-01  2.33223E-06  1.79991E-08  1.05472E-08  1.03753E-14  1.06660E-14
  2.000E-01  3.04617E-06  1.79987E-08  1.05472E-08  1.18571E-14  1.21896E-14
  2.250E-01  3.85531E-06  1.79981E-08  1.05471E-08  1.33388E-14  1.37133E-14
  2.500E-01  4.75964E-06  1.79975E-08  1.05470E-08  1.48203E-14  1.52369E-14
  2.750E-01  5.75916E-06  1.79969E-08  1.05469E-08  1.63016E-14  1.67605E-14
  3.000E-01  6.85388E-06  1.79962E-08  1.05468E-08  1.77827E-14  1.82840E-14
  3.250E-01  8.04378E-06  1.79954E-08  1.05467E-08  1.92637E-14  1.98075E-14
  3.500E-01  9.32888E-06  1.79946E-08  1.05466E-08  2.07443E-14  2.13310E-14
  3.750E-01  1.07092E-05  1.79937E-08  1.05465E-08  2.22247E-14  2.28544E-14
  4.000E-01  1.21846E-05  1.79927E-08  1.05463E-08  2.37049E-14  2.43778E-14
  4.250E-01  1.37553E-05  1.79917E-08  1.05462E-08  2.51847E-14  2.59012E-14
  4.500E-01  1.54212E-05  1.79906E-08  1.05460E-08  2.66643E-14  2.74245E-14
  4.750E-01  1.71822E-05  1.79895E-08  1.05459E-08  2.81435E-14  2.89478E-14
  5.000E-01  1.90385E-05  1.79883E-08  1.05457E-08  2.96224E-14  3.04710E-14
  5.250E-01  2.09899E-05  1.79870E-08  1.05455E-08  3.11009E-14  3.19941E-14
  5.500E-01  2.30365E-05  1.79857E-08  1.05453E-08  3.25790E-14  3.35172E-14
  5.750E-01  2.51783E-05  1.79843E-08  1.05451E-08  3.40567E-14  3.50402E-14
  6.000E-01  2.74153E-05  1.79828E-08  1.05449E-08  3.55340E-14  3.65632E-14
  6.250E-01  2.97475E-05  1.79813E-08  1.05447E-08  3.70109E-14  3.80861E-14
  6.500E-01  3.21749E-05  1.79797E-08  1.05445E-08  3.84873E-14  3.96089E-14
  6.750E-01  3.46974E-05  1.79781E-08  1.05443E-08  3.99632E-14  4.11316E-14
  7.000E-01  3.73152E-05  1.79764E-08  1.05440E-08  4.14387E-14  4.26543E-14
  7.250E-01  4.00281E-05  1.79746E-08  1.05438E-08  4.29136E-14  4.41769E-14
  7.500E-01  4.28362E-05  1.79728E-08  1.05435E-08  4.43880E-14  4.56994E-14
  7.750E-01  4.57395E-05  1.79709E-08  1.05433E-08  4.58619E-14  4.72219E-14
  8.000E-01  4.87380E-05  1.79690E-08  1.05430E-08  4.73352E-14  4.87442E-14
  8.250E-01  5.18317E-05  1.79670E-08  1.05427E-08  4.88079E-14  5.02665E-14
  8.500E-01  5.50205E-05  1.79649E-08  1.05424E-08  5.02801E-14  5.17886E-14
  8.750E-01  5.83045E-05  1.79628E-08  1.05421E-08  5.17516E-14  5.33107E-14
  9.000E-01  6.16838E-05  1.79606E-08  1.05418E-08  5.32224E-14  5.48327E-14
  9.250E-01  6.51582E-05  1.79583E-08  1.05415E-08  5.46927E-14  5.63545E-14
  9.500E-01  6.87277E-05  1.79560E-08  1.05412E-08  5.61622E-14  5.78763E-14
  9.750E-01  7.23925E-05  1.79536E-08  1.05409E-08  5.76311E-14  5.93980E-14
  1.000E+00  7.61524E-05  1.79512E-08  1.05405E-08  5.90992E-14  6.09195E-14
  1.100E+00  9.21439E-05  1.79408E-08  1.05391E-08  6.49644E-14  6.70046E-14
  1.200E+00  1.09658E-04  1.79295E-08  1.05375E-08  7.08168E-14  7.30877E-14
  1.300E+00  1.28695E-04  1.79172E-08  1.05357E-08  7.66554E-14  7.91686E-14
  1.400E+00  1.49255E-04  1.79039E-08  1.05339E-08  8.24789E-14  8.52472E-14
  1.500E+00  1.71338E-04  1.78896E-08  1.05319E-08  8.82863E-14  9.13233E-14
  1.600E+00  1.94942E-04  1.78744E-08  1.05297E-08  9.40764E-14  9.73968E-14
  1.700E+00  2.20070E-04  1.78582E-08  1.05274E-08  9.98482E-14  1.03467E-13
  1.800E+00  2.46720E-04  1.78411E-08  1.05250E-08  1.05600E-13  1.09535E-13
  1.900E+00  2.74892E-04  1.78229E-08  1.05225E-08  1.11332E-13  1.15599E-13
  2.000E+00  3.04586E-04  1.78039E-08  1.05198E-08  1.17042E-13  1.21660E-13
  2.100E+00  3.35803E-04  1.77839E-08  1.05169E-08  1.22729E-13  1.27718E-13
  2.200E+00  3.68542E-04  1.77629E-08  1.05140E-08  1.28392E-13  1.33771E-13
  2.300E+00  4.02802E-04  1.77410E-08  1.05109E-08  1.34031E-13  1.39821E-13
  2.400E+00  4.38585E-04  1.77182E-08  1.05076E-08  1.39643E-13  1.45867E-13
  2.500E+00  4.75889E-04  1.76944E-08  1.05042E-08  1.45228E-13  1.51908E-13
  2.600E+00  5.14715E-04  1.76697E-08  1.05007E-08  1.50785E-13  1.57945E-13
  2.700E+00  5.55063E-04  1.76441E-08  1.04971E-08  1.56313E-13  1.63977E-13
  2.800E+00  5.96931E-04  1.76176E-08  1.04933E-08  1.61811E-13  1.70005E-13
  2.900E+00  6.40321E-04  1.75902E-08  1.04893E-08  1.67277E-13  1.76027E-13
  3.000E+00  6.85233E-04  1.75618E-08  1.04853E-08  1.72712E-13  1.82044E-13
  3.100E+00  7.31665E-04  1.75326E-08  1.04811E-08  1.78113E-13  1.88057E-13
  3.200E+00  7.79618E-04  1.75024E-08  1.04768E-08  1.83480E-13  1.94063E-13
  3.300E+00  8.29092E-04  1.74714E-08  1.04723E-08  1.88812E-13  2.00064E-13
  3.400E+00  8.80086E-04  1.74395E-08  1.04677E-08  1.94107E-13  2.06059E-13
  3.500E+00  9.32601E-04  1.74067E-08  1.04630E-08  1.99366E-13  2.12048E-13
  3.600E+00  9.86636E-04  1.73731E-08  1.04581E-08  2.04586E-13  2.18031E-13
  3.700E+00  1.04219E-03  1.73386E-08  1.04531E-08  2.09768E-13  2.24008E-13
  3.800E+00  1.09927E-03  1.73032E-08  1.04479E-08  2.14910E-13  2.29978E-13
  3.900E+00  1.15786E-03  1.72670E-08  1.04427E-08  2.20010E-13  2.35941E-13
  4.000E+00  1.21797E-03  1.72300E-08  1.04373E-08  2.25070E-13  2.41898E-13
  4.100E+00  1.27961E-03  1.71921E-08  1.04317E-08  2.30087E-13  2.47847E-13
  4.200E+00  1.34276E-03  1.71534E-08  1.04260E-08  2.35060E-13  2.53789E-13
  4.300E+00  1.40743E-03  1.71139E-08  1.04202E-08  2.39989E-13  2.59724E-13
  4.400E+00  1.47362E-03  1.70735E-08  1.04143E-08  2.44873E-13  2.65652E-13
  4.500E+00  1.54133E-03  1.70324E-08  1.04082E-08  2.49711E-13  2.71571E-13
  4.600E+00  1.61056E-03  1.69905E-08  1.04020E-08  2.54503E-13  2.77483E-13
  4.700E+00  1.68131E-03  1.69477E-08  1.03957E-08  2.59247E-13  2.83387E-13
  4.800E+00  1.75357E-03  1.69042E-08  1.03892E-08  2.63943E-13  2.89283E-13
  4.900E+00  1.82735E-03  1.68600E-08  1.03826E-08  2.68589E-13  2.95170E-13
  5.000E+00  1.90265E-03  1.68150E-08  1.03759E-08  2.73186E-13  3.01049E-13
  5.100E+00  1.97947E-03  1.67692E-08  1.03690E-08  2.77733E-13  3.06919E-13
  5.200E+00  2.05780E-03  1.67227E-08  1.03621E-08  2.82228E-13  3.12780E-13
  5.300E+00  2.13765E-03  1.66754E-08  1.03549E-08  2.86671E-13  3.18632E-13
  5.400E+00  2.21902E-03  1.66274E-08  1.03477E-08  2.91062E-13  3.24475E-13
  5.500E+00  2.30190E-03  1.65787E-08  1.03403E-08  2.95400E-13  3.30309E-13
  5.600E+00  2.38630E-03  1.65293E-08  1.03328E-08  2.99683E-13  3.36133E-13
  5.700E+00  2.47222E-03  1.64792E-08  1.03252E-08  3.03912E-13  3.41948E-13
  5.800E+00  2.55965E-03  1.64284E-08  1.03174E-08  3.08086E-13  3.47753E-13
  5.900E+00  2.64859E-03  1.63769E-08  1.03095E-08  3.12204E-13  3.53548E-13
  6.000E+00  2.73905E-03  1.63248E-08  1.03015E-08  3.16266E-13  3.59332E-13
  6.100E+00  2.83103E-03  1.62719E-08  1.02934E-08  3.20271E-13  3.65107E-13
  6.200E+00  2.92452E-03  1.62185E-08  1.02851E-08  3.24218E-13  3.70871E-13
  6.300E+00  3.01952E-03  1.61644E-08  1.02767E-08  3.28107E-13  3.76624E-13
  6.400E+00  3.11604E-03  1.61096E-08  1.02682E-08  3.31938E-13  3.82367E-13
  6.500E+00  3.21407E-03  1.60542E-08  1.02596E-08  3.35710E-13  3.88099E-13
  6.600E+00  3.31362E-03  1.59983E-08  1.02508E-08  3.39422E-13  3.93820E-13
  6.700E+00  3.41468E-03  1.59417E-08  1.02419E-08  3.43074E-13  3.99529E-13
  6.800E+00  3.51725E-03  1.58845E-08  1.02329E-08  3.46665E-13  4.05227E-13
  6.900E+00  3.62133E-03  1.58267E-08  1.02237E-08  3.50196E-13  4.10914E-13
  7.000E+00  3.72692E-03  1.57684E-08  1.02145E-08  3.53665E-13  4.16589E-13
  7.100E+00  3.83403E-03  1.57094E-08  1.02051E-08  3.57072E-13  4.22252E-13
  7.200E+00  3.94265E-03  1.56500E-08  1.01956E-08  3.60418E-13  4.27904E-13
  7.300E+00  4.05278E-03  1.55899E-08  1.01860E-08  3.63700E-13  4.33543E-13
  7.400E+00  4.16442E-03  1.55294E-08  1.01762E-08  3.66920E-13  4.39170E-13
  7.500E+00  4.27757E-03  1.54683E-08  1.01663E-08  3.70077E-13  4.44785E-13
  7.600E+00  4.39223E-03  1.54067E-08  1.01563E-08  3.73169E-13  4.50387E-13
  7.700E+00  4.50840E-03  1.53446E-08  1.01462E-08  3.76198E-13  4.55976E-13
  7.800E+00  4.62608E-03  1.52820E-08  1.01360E-08  3.79163E-13  4.61553E-13
  7.900E+00  4.74527E-03  1.52189E-08  1.01256E-08  3.82063E-13  4.67117E-13
  8.000E+00  4.86597E-03  1.51553E-08  1.01152E-08  3.84899E-13  4.72667E-13
  8.100E+00  4.98817E-03  1.50913E-08  1.01046E-08  3.87669E-13  4.78205E-13
  8.200E+00  5.11188E-03  1.50268E-08  1.00939E-08  3.90374E-13  4.83729E-13
  8.300E+00  5.23711E-03  1.49619E-08  1.00830E-08  3.93014E-13  4.89239E-13
  8.400E+00  5.36383E-03  1.48965E-08  1.00721E-08  3.95588E-13  4.94736E-13
  8.500E+00  5.49207E-03  1.48307E-08  1.00611E-08  3.98096E-13  5.00219E-13
  8.600E+00  5.62181E-03  1.47645E-08  1.00499E-08  4.00538E-13  5.05688E-13
  8.700E+00  5.75306E-03  1.46979E-08  1.00386E-08  4.02914E-13  5.11143E-13
  8.800E+00  5.88581E-03  1.46308E-08  1.00272E-08  4.05223E-13  5.16584E-13
  8.900E+00  6.02007E-03  1.45634E-08  1.00157E-08  4.07466E-13  5.22011E-13
  9.000E+00  6.15583E-03  1.44956E-08  1.00040E-08  4.09642E-13  5.27423E-13
  9.100E+00  6.29310E-03  1.44275E-08  9.99231E-09  4.11752E-13  5.32821E-13
  9.200E+00  6.43187E-03  1.43589E-08  9.98045E-09  4.13794E-13  5.38204E-13
  9.300E+00  6.57214E-03  1.42901E-08  9.96849E-09  4.15770E-13  5.43572E-13
  9.400E+00  6.71392E-03  1.42209E-08  9.95641E-09  4.17679E-13  5.48925E-13
  9.500E+00  6.85720E-03  1.41513E-08  9.94422E-09  4.19521E-13  5.54263E-13
  9.600E+00  7.00198E-03  1.40815E-08  9.93192E-09  4.21295E-13  5.59586E-13
  9.700E+00  7.14827E-03  1.40113E-08  9.91951E-09  4.23003E-13  5.64893E-13
  9.800E+00  7.29605E-03  1.39409E-08  9.90699E-09  4.24643E-13  5.70185E-13
  9.900E+00  7.44534E-03  1.38701E-08  9.89437E-09  4.26217E-13  5.75462E-13
  1.000E+01  7.59612E-03  1.37991E-08  9.88163E-09  4.27723E-13  5.80723E-13
  1.025E+01  7.97965E-03  1.36203E-08  9.84932E-09  4.31196E-13  5.93805E-13
  1.050E+01  8.37255E-03  1.34400E-08  9.81635E-09  4.34251E-13  6.06787E-13
  1.075E+01  8.77480E-03  1.32582E-08  9.78273E-09  4.36889E-13  6.19667E-13
  1.100E+01  9.18641E-03  1.30752E-08  9.74846E-09  4.39111E-13  6.32442E-13
  1.125E+01  9.60736E-03  1.28910E-08  9.71355E-09  4.40921E-13  6.45111E-13
  1.150E+01  1.00376E-02  1.27059E-08  9.67802E-09  4.42320E-13  6.57673E-13
  1.175E+01  1.04773E-02  1.25198E-08  9.64187E-09  4.43312E-13  6.70125E-13
  1.200E+01  1.09262E-02  1.23331E-08  9.60511E-09  4.43899E-13  6.82467E-13
  1.225E+01  1.13844E-02  1.21457E-08  9.56776E-09  4.44086E-13  6.94696E-13
  1.250E+01  1.18520E-02  1.19578E-08  9.52981E-09  4.43877E-13  7.06811E-13
  1.275E+01  1.23288E-02  1.17695E-08  9.49129E-09  4.43276E-13  7.18811E-13
  1.300E+01  1.28150E-02  1.15810E-08  9.45220E-09  4.42287E-13  7.30694E-13
  1.325E+01  1.33104E-02  1.13923E-08  9.41256E-09  4.40916E-13  7.42459E-13
  1.350E+01  1.38150E-02  1.12036E-08  9.37236E-09  4.39167E-13  7.54105E-13
  1.375E+01  1.43290E-02  1.10150E-08  9.33163E-09  4.37047E-13  7.65630E-13
  1.400E+01  1.48521E-02  1.08265E-08  9.29037E-09  4.34560E-13  7.77033E-13
  1.425E+01  1.53845E-02  1.06384E-08  9.24859E-09  4.31713E-13  7.88313E-13
  1.450E+01  1.59262E-02  1.04505E-08  9.20631E-09  4.28512E-13  7.99468E-13
  1.475E+01  1.64770E-02  1.02631E-08  9.16353E-09  4.24963E-13  8.10499E-13
  1.500E+01  1.70371E-02  1.00763E-08  9.12026E-09  4.21072E-13  8.21403E-13
  1.525E+01  1.76063E-02  9.89012E-09  9.07652E-09  4.16847E-13  8.32179E-13
  1.550E+01  1.81848E-02  9.70463E-09  9.03231E-09  4.12292E-13  8.42827E-13
  1.575E+01  1.87724E-02  9.51994E-09  8.98765E-09  4.07417E-13  8.53346E-13
  1.600E+01  1.93692E-02  9.33610E-09  8.94255E-09  4.02226E-13  8.63735E-13
  1.625E+01  1.99751E-02  9.15320E-09  8.89701E-09  3.96728E-13  8.73993E-13
  1.650E+01  2.05901E-02  8.97130E-09  8.85105E-09  3.90928E-13  8.84119E-13
  1.675E+01  2.12143E-02  8.79047E-09  8.80468E-09  3.84835E-13  8.94112E-13
  1.700E+01  2.18476E-02  8.61077E-09  8.75791E-09  3.78456E-13  9.03972E-13
  1.725E+01  2.24900E-02  8.43225E-09  8.71075E-09  3.71797E-13  9.13699E-13
  1.750E+01  2.31415E-02  8.25498E-09  8.66320E-09  3.64866E-13  9.23291E-13
  1.775E+01  2.38021E-02  8.07900E-09  8.61529E-09  3.57670E-13  9.32747E-13
  1.800E+01  2.44717E-02  7.90436E-09  8.56702E-09  3.50216E-13  9.42069E-13
  1.825E+01  2.51504E-02  7.73112E-09  8.51840E-09  3.42512E-13  9.51254E-13
  1.850E+01  2.58382E-02  7.55931E-09  8.46944E-09  3.34564E-13  9.60303E-13
  1.875E+01  2.65349E-02  7.38897E-09  8.42015E-09  3.26380E-13  9.69215E-13
  1.900E+01  2.72407E-02  7.22015E-09  8.37055E-09  3.17966E-13  9.77990E-13
  1.925E+01  2.79555E-02  7.05287E-09  8.32064E-09  3.09331E-13  9.86627E-13
  1.950E+01  2.86793E-02  6.88718E-09  8.27044E-09  3.00481E-13  9.95126E-13
  1.975E+01  2.94120E-02  6.72310E-09  8.21995E-09  2.91423E-13  1.00349E-12
  2.000E+01  3.01537E-02  6.56067E-09  8.16918E-09  2.82163E-13  1.01171E-12
  2.025E+01  3.09043E-02  6.39990E-09  8.11815E-09  2.72710E-13  1.01980E-12
  2.050E+01  3.16639E-02  6.24082E-09  8.06687E-09  2.63069E-13  1.02774E-12
  2.075E+01  3.24324E-02  6.08345E-09  8.01534E-09  2.53247E-13  1.03555E-12
  2.100E+01  3.32098E-02  5.92782E-09  7.96357E-09  2.43252E-13  1.04322E-12
  2.125E+01  3.39961E-02  5.77394E-09  7.91158E-09  2.33089E-13  1.05075E-12
  2.150E+01  3.47912E-02  5.62183E-09  7.85938E-09  2.22765E-13  1.05814E-12
  2.175E+01  3.55952E-02  5.47150E-09  7.80697E-09  2.12286E-13  1.06539E-12
  2.200E+01  3.64081E-02  5.32296E-09  7.75437E-09  2.01660E-13  1.07251E-12
  2.225E+01  3.72297E-02  5.17623E-09  7.70158E-09  1.90891E-13  1.07948E-12
  2.250E+01  3.80602E-02  5.03131E-09  7.64861E-09  1.79986E-13  1.08632E-12
  2.275E+01  3.88995E-02  4.88821E-09  7.59548E-09  1.68952E-13  1.09302E-12
  2.300E+01  3.97476E-02  4.74694E-09  7.54220E-09  1.57793E-13  1.09958E-12
  2.325E+01  4.06044E-02  4.60749E-09  7.48876E-09  1.46517E-13  1.10600E-12
  2.350E+01  4.14700E-02  4.46989E-09  7.43519E-09  1.35128E-13  1.11229E-12
  2.375E+01  4.23443E-02  4.33412E-09  7.38149E-09  1.23632E-13  1.11844E-12
  2.400E+01  4.32273E-02  4.20018E-09  7.32767E-09  1.12035E-13  1.12445E-12
  2.425E+01  4.41190E-02  4.06809E-09  7.27374E-09  1.00342E-13  1.13033E-12
  2.450E+01  4.50194E-02  3.93782E-09  7.21970E-09  8.85579E-14  1.13607E-12
  2.475E+01  4.59284E-02  3.80939E-09  7.16558E-09  7.66888E-14  1.14168E-12
  2.500E+01  4.68461E-02  3.68279E-09  7.11137E-09  6.47394E-14  1.14715E-12
  2.550E+01  4.87074E-02  3.43505E-09  7.00273E-09  4.06193E-14  1.15769E-12
  2.600E+01  5.06030E-02  3.19455E-09  6.89386E-09  1.62363E-14  1.16769E-12
  2.650E+01  5.25328E-02  2.96124E-09  6.78482E-09 -8.37275E-15  1.17717E-12
  2.700E+01  5.44967E-02  2.73503E-09  6.67568E-09 -3.31727E-14  1.18612E-12
  2.750E+01  5.64946E-02  2.51585E-09  6.56649E-09 -5.81299E-14  1.19456E-12
  2.800E+01  5.85262E-02  2.30359E-09  6.45733E-09 -8.32124E-14  1.20248E-12
  2.850E+01  6.05914E-02  2.09817E-09  6.34824E-09 -1.08390E-13  1.20989E-12
  2.900E+01  6.26901E-02  1.89946E-09  6.23929E-09 -1.33633E-13  1.21680E-12
  2.950E+01  6.48222E-02  1.70737E-09  6.13054E-09 -1.58915E-13  1.22322E-12
  3.000E+01  6.69873E-02  1.52175E-09  6.02202E-09 -1.84210E-13  1.22915E-12
  3.050E+01  6.91854E-02  1.34250E-09  5.91380E-09 -2.09493E-13  1.23461E-12
  3.100E+01  7.14163E-02  1.16949E-09  5.80593E-09 -2.34740E-13  1.23959E-12
  3.150E+01  7.36799E-02  1.00258E-09  5.69845E-09 -2.59931E-13  1.24410E-12
  3.200E+01  7.59760E-02  8.41640E-10  5.59142E-09 -2.85044E-13  1.24815E-12
  3.250E+01  7.83043E-02  6.86539E-10  5.48486E-09 -3.10061E-13  1.25176E-12
  3.300E+01  8.06647E-02  5.37140E-10  5.37883E-09 -3.34962E-13  1.25492E-12
  3.350E+01  8.30571E-02  3.93308E-10  5.27337E-09 -3.59730E-13  1.25765E-12
  3.400E+01  8.54812E-02  2.54907E-10  5.16852E-09 -3.84350E-13  1.25996E-12
  3.450E+01  8.79369E-02  1.21799E-10  5.06430E-09 -4.08807E-13  1.26184E-12
  3.500E+01  9.04240E-02 -6.14951E-12  4.96076E-09 -4.33085E-13  1.26332E-12
  3.550E+01  9.29422E-02 -1.29075E-10  4.85794E-09 -4.57174E-13  1.26440E-12
  3.600E+01  9.54915E-02 -2.47110E-10  4.75585E-09 -4.81059E-13  1.26508E-12
  3.650E+01  9.80716E-02 -3.60387E-10  4.65454E-09 -5.04729E-13  1.26538E-12
  3.700E+01  1.00682E-01 -4.69039E-10  4.55403E-09 -5.28175E-13  1.26531E-12
  3.750E+01  1.03323E-01 -5.73193E-10  4.45435E-09 -5.51386E-13  1.26487E-12
  3.800E+01  1.05995E-01 -6.72979E-10  4.35552E-09 -5.74353E-13  1.26407E-12
  3.850E+01  1.08696E-01 -7.68520E-10  4.25756E-09 -5.97067E-13  1.26293E-12
  3.900E+01  1.11427E-01 -8.59942E-10  4.16051E-09 -6.19522E-13  1.26144E-12
  3.950E+01  1.14188E-01 -9.47365E-10  4.06437E-09 -6.41709E-13  1.25963E-12
  4.000E+01  1.16978E-01 -1.03091E-09  3.96917E-09 -6.63623E-13  1.25749E-12
  4.050E+01  1.19797E-01 -1.11069E-09  3.87493E-09 -6.85257E-13  1.25503E-12
  4.100E+01  1.22645E-01 -1.18682E-09  3.78167E-09 -7.06606E-13  1.25227E-12
  4.150E+01  1.25522E-01 -1.25942E-09  3.68939E-09 -7.27665E-13  1.24922E-12
  4.200E+01  1.28428E-01 -1.32859E-09  3.59811E-09 -7.48430E-13  1.24587E-12
  4.250E+01  1.31361E-01 -1.39445E-09  3.50785E-09 -7.68897E-13  1.24225E-12
  4.300E+01  1.34323E-01 -1.45709E-09  3.41861E-09 -7.89062E-13  1.23835E-12
  4.350E+01  1.37313E-01 -1.51662E-09  3.33042E-09 -8.08922E-13  1.23419E-12
  4.400E+01  1.40330E-01 -1.57313E-09  3.24326E-09 -8.28475E-13  1.22977E-12
  4.450E+01  1.43375E-01 -1.62674E-09  3.15717E-09 -8.47718E-13  1.22511E-12
  4.500E+01  1.46447E-01 -1.67752E-09  3.07213E-09 -8.66648E-13  1.22020E-12
  4.550E+01  1.49545E-01 -1.72558E-09  2.98816E-09 -8.85266E-13  1.21507E-12
  4.600E+01  1.52671E-01 -1.77100E-09  2.90527E-09 -9.03568E-13  1.20971E-12
  4.650E+01  1.55823E-01 -1.81387E-09  2.82345E-09 -9.21555E-13  1.20413E-12
  4.700E+01  1.59001E-01 -1.85428E-09  2.74271E-09 -9.39224E-13  1.19835E-12
  4.750E+01  1.62205E-01 -1.89231E-09  2.66305E-09 -9.56577E-13  1.19236E-12
  4.800E+01  1.65435E-01 -1.92804E-09  2.58448E-09 -9.73611E-13  1.18618E-12
  4.850E+01  1.68690E-01 -1.96155E-09  2.50699E-09 -9.90328E-13  1.17981E-12
  4.900E+01  1.71970E-01 -1.99292E-09  2.43059E-09 -1.00673E-12  1.17327E-12
  4.950E+01  1.75276E-01 -2.02222E-09  2.35527E-09 -1.02281E-12  1.16655E-12
  5.000E+01  1.78606E-01 -2.04952E-09  2.28104E-09 -1.03858E-12  1.15966E-12
  5.050E+01  1.81961E-01 -2.07490E-09  2.20788E-09 -1.05403E-12  1.15262E-12
  5.100E+01  1.85340E-01 -2.09841E-09  2.13581E-09 -1.06916E-12  1.14542E-12
  5.150E+01  1.88743E-01 -2.12014E-09  2.06480E-09 -1.08398E-12  1.13808E-12
  5.200E+01  1.92169E-01 -2.14013E-09  1.99487E-09 -1.09849E-12  1.13060E-12
  5.250E+01  1.95619E-01 -2.15846E-09  1.92601E-09 -1.11269E-12  1.12298E-12
  5.300E+01  1.99092E-01 -2.17519E-09  1.85821E-09 -1.12657E-12  1.11524E-12
  5.350E+01  2.02589E-01 -2.19037E-09  1.79146E-09 -1.14015E-12  1.10738E-12
  5.400E+01  2.06107E-01 -2.20406E-09  1.72577E-09 -1.15342E-12  1.09940E-12
  5.450E+01  2.09649E-01 -2.21631E-09  1.66112E-09 -1.16639E-12  1.09131E-12
  5.500E+01  2.13212E-01 -2.22719E-09  1.59751E-09 -1.17905E-12  1.08312E-12
  5.550E+01  2.16797E-01 -2.23673E-09  1.53492E-09 -1.19142E-12  1.07483E-12
  5.600E+01  2.20404E-01 -2.24500E-09  1.47336E-09 -1.20348E-12  1.06644E-12
  5.650E+01  2.24032E-01 -2.25204E-09  1.41282E-09 -1.21525E-12  1.05797E-12
  5.700E+01  2.27680E-01 -2.25789E-09  1.35328E-09 -1.22672E-12  1.04942E-12
  5.750E+01  2.31350E-01 -2.26261E-09  1.29474E-09 -1.23790E-12  1.04079E-12
  5.800E+01  2.35040E-01 -2.26623E-09  1.23719E-09 -1.24879E-12  1.03208E-12
  5.850E+01  2.38751E-01 -2.26881E-09  1.18063E-09 -1.25940E-12  1.02331E-12
  5.900E+01  2.42481E-01 -2.27038E-09  1.12503E-09 -1.26972E-12  1.01447E-12
  5.950E+01  2.46231E-01 -2.27098E-09  1.07040E-09 -1.27975E-12  1.00558E-12
  6.000E+01  2.50000E-01 -2.27065E-09  1.01672E-09 -1.28951E-12  9.96629E-13
  6.050E+01  2.53788E-01 -2.26944E-09  9.63980E-10 -1.29899E-12  9.87630E-13
  6.100E+01  2.57595E-01 -2.26736E-09  9.12176E-10 -1.30819E-12  9.78585E-13
  6.150E+01  2.61421E-01 -2.26447E-09  8.61294E-10 -1.31712E-12  9.69499E-13
  6.200E+01  2.65264E-01 -2.26080E-09  8.11325E-10 -1.32578E-12  9.60375E-13
  6.250E+01  2.69126E-01 -2.25638E-09  7.62259E-10 -1.33418E-12  9.51217E-13
  6.300E+01  2.73005E-01 -2.25123E-09  7.14084E-10 -1.34231E-12  9.42029E-13
  6.350E+01  2.76901E-01 -2.24540E-09  6.66790E-10 -1.35018E-12  9.32815E-13
  6.400E+01  2.80814E-01 -2.23891E-09  6.20367E-10 -1.35779E-12  9.23578E-13
  6.450E+01  2.84744E-01 -2.23179E-09  5.74803E-10 -1.36515E-12  9.14321E-13
  6.500E+01  2.88691E-01 -2.22407E-09  5.30088E-10 -1.37225E-12  9.05049E-13
  6.550E+01  2.92653E-01 -2.21578E-09  4.86211E-10 -1.37910E-12  8.95764E-13
  6.600E+01  2.96632E-01 -2.20694E-09  4.43161E-10 -1.38570E-12  8.86469E-13
  6.650E+01  3.00625E-01 -2.19758E-09  4.00928E-10 -1.39206E-12  8.77168E-13
  6.700E+01  3.04634E-01 -2.18772E-09  3.59499E-10 -1.39818E-12  8.67864E-13
  6.750E+01  3.08658E-01 -2.17739E-09  3.18864E-10 -1.40406E-12  8.58559E-13
  6.800E+01  3.12697E-01 -2.16660E-09  2.79013E-10 -1.40970E-12  8.49256E-13
  6.850E+01  3.16749E-01 -2.15539E-09  2.39933E-10 -1.41511E-12  8.39958E-13
  6.900E+01  3.20816E-01 -2.14377E-09  2.01615E-10 -1.42029E-12  8.30668E-13
  6.950E+01  3.24896E-01 -2.13176E-09  1.64047E-10 -1.42524E-12  8.21389E-13
  7.000E+01  3.28990E-01 -2.11939E-09  1.27218E-10 -1.42996E-12  8.12122E-13
  7.050E+01  3.33097E-01 -2.10667E-09  9.11173E-11 -1.43446E-12  8.02870E-13
  7.100E+01  3.37216E-01 -2.09362E-09  5.57342E-11 -1.43874E-12  7.93636E-13
  7.150E+01  3.41348E-01 -2.08027E-09  2.10578E-11 -1.44280E-12  7.84421E-13
  7.200E+01  3.45492E-01 -2.06661E-09 -1.29227E-11 -1.44665E-12  7.75228E-13
  7.250E+01  3.49647E-01 -2.05268E-09 -4.62181E-11 -1.45029E-12  7.66059E-13
  7.300E+01  3.53814E-01 -2.03850E-09 -7.88389E-11 -1.45372E-12  7.56917E-13
  7.350E+01  3.57992E-01 -2.02406E-09 -1.10796E-10 -1.45694E-12  7.47802E-13
  7.400E+01  3.62181E-01 -2.00940E-09 -1.42099E-10 -1.45995E-12  7.38717E-13
  7.450E+01  3.66381E-01 -1.99452E-09 -1.72760E-10 -1.46277E-12  7.29663E-13
  7.500E+01  3.70590E-01 -1.97944E-09 -2.02787E-10 -1.46539E-12  7.20644E-13
  7.550E+01  3.74810E-01 -1.96417E-09 -2.32193E-10 -1.46780E-12  7.11659E-13
  7.600E+01  3.79039E-01 -1.94873E-09 -2.60986E-10 -1.47003E-12  7.02711E-13
  7.650E+01  3.83277E-01 -1.93313E-09 -2.89178E-10 -1.47207E-12  6.93801E-13
  7.700E+01  3.87524E-01 -1.91737E-09 -3.16777E-10 -1.47391E-12  6.84932E-13
  7.750E+01  3.91780E-01 -1.90148E-09 -3.43794E-10 -1.47557E-12  6.76103E-13
  7.800E+01  3.96044E-01 -1.88546E-09 -3.70239E-10 -1.47705E-12  6.67318E-13
  7.850E+01  4.00316E-01 -1.86932E-09 -3.96121E-10 -1.47834E-12  6.58576E-13
  7.900E+01  4.04596E-01 -1.85308E-09 -4.21451E-10 -1.47945E-12  6.49880E-13
  7.950E+01  4.08882E-01 -1.83674E-09 -4.46237E-10 -1.48039E-12  6.41231E-13
  8.000E+01  4.13176E-01 -1.82032E-09 -4.70489E-10 -1.48116E-12  6.32629E-13
  8.050E+01  4.17476E-01 -1.80381E-09 -4.94217E-10 -1.48175E-12  6.24076E-13
  8.100E+01  4.21783E-01 -1.78724E-09 -5.17429E-10 -1.48217E-12  6.15574E-13
  8.150E+01  4.26095E-01 -1.77061E-09 -5.40135E-10 -1.48243E-12  6.07122E-13
  8.200E+01  4.30413E-01 -1.75393E-09 -5.62343E-10 -1.48251E-12  5.98723E-13
  8.250E+01  4.34737E-01 -1.73721E-09 -5.84064E-10 -1.48244E-12  5.90377E-13
  8.300E+01  4.39065E-01 -1.72045E-09 -6.05304E-10 -1.48221E-12  5.82084E-13
  8.350E+01  4.43398E-01 -1.70366E-09 -6.26074E-10 -1.48181E-12  5.73847E-13
  8.400E+01  4.47736E-01 -1.68685E-09 -6.46381E-10 -1.48127E-12  5.65665E-13
  8.450E+01  4.52077E-01 -1.67003E-09 -6.66235E-10 -1.48056E-12  5.57540E-13
  8.500E+01  4.56422E-01 -1.65320E-09 -6.85643E-10 -1.47971E-12  5.49473E-13
  8.550E+01  4.60770E-01 -1.63636E-09 -7.04613E-10 -1.47870E-12  5.41463E-13
  8.600E+01  4.65122E-01 -1.61953E-09 -7.23155E-10 -1.47755E-12  5.33512E-13
  8.650E+01  4.69476E-01 -1.60271E-09 -7.41275E-10 -1.47625E-12  5.25620E-13
  8.700E+01  4.73832E-01 -1.58591E-09 -7.58982E-10 -1.47480E-12  5.17788E-13
  8.750E+01  4.78190E-01 -1.56912E-09 -7.76283E-10 -1.47322E-12  5.10017E-13
  8.800E+01  4.82550E-01 -1.55237E-09 -7.93187E-10 -1.47149E-12  5.02307E-13
  8.850E+01  4.86912E-01 -1.53564E-09 -8.09700E-10 -1.46963E-12  4.94658E-13
  8.900E+01  4.91274E-01 -1.51895E-09 -8.25830E-10 -1.46763E-12  4.87072E-13
  8.950E+01  4.95637E-01 -1.50230E-09 -8.41585E-10 -1.46550E-12  4.79548E-13
  9.000E+01  5.00000E-01 -1.48569E-09 -8.56972E-10 -1.46323E-12  4.72087E-13
  9.050E+01  5.04363E-01 -1.46913E-09 -8.71997E-10 -1.46083E-12  4.64690E-13
  9.100E+01  5.08726E-01 -1.45262E-09 -8.86669E-10 -1.45831E-12  4.57356E-13
  9.150E+01  5.13088E-01 -1.43617E-09 -9.00993E-10 -1.45566E-12  4.50086E-13
  9.200E+01  5.17450E-01 -1.41978E-09 -9.14976E-10 -1.45288E-12  4.42881E-13
  9.250E+01  5.21810E-01 -1.40344E-09 -9.28626E-10 -1.44998E-12  4.35741E-13
  9.300E+01  5.26168E-01 -1.38718E-09 -9.41949E-10 -1.44695E-12  4.28665E-13
  9.350E+01  5.30524E-01 -1.37098E-09 -9.54951E-10 -1.44381E-12  4.21655E-13
  9.400E+01  5.34878E-01 -1.35486E-09 -9.67639E-10 -1.44055E-12  4.14710E-13
  9.450E+01  5.39230E-01 -1.33881E-09 -9.80019E-10 -1.43717E-12  4.07831E-13
  9.500E+01  5.43578E-01 -1.32284E-09 -9.92097E-10 -1.43368E-12  4.01018E-13
  9.550E+01  5.47923E-01 -1.30695E-09 -1.00388E-09 -1.43007E-12  3.94271E-13
  9.600E+01  5.52264E-01 -1.29113E-09 -1.01537E-09 -1.42635E-12  3.87590E-13
  9.650E+01  5.56602E-01 -1.27541E-09 -1.02658E-09 -1.42252E-12  3.80975E-13
  9.700E+01  5.60935E-01 -1.25977E-09 -1.03751E-09 -1.41859E-12  3.74427E-13
  9.750E+01  5.65263E-01 -1.24422E-09 -1.04817E-09 -1.41454E-12  3.67945E-13
  9.800E+01  5.69587E-01 -1.22876E-09 -1.05856E-09 -1.41039E-12  3.61530E-13
  9.850E+01  5.73905E-01 -1.21339E-09 -1.06869E-09 -1.40614E-12  3.55181E-13
  9.900E+01  5.78217E-01 -1.19812E-09 -1.07856E-09 -1.40178E-12  3.48899E-13
  9.950E+01  5.82524E-01 -1.18294E-09 -1.08819E-09 -1.39732E-12  3.42684E-13
  1.000E+02  5.86824E-01 -1.16786E-09 -1.09756E-09 -1.39276E-12  3.36535E-13
  1.005E+02  5.91118E-01 -1.15288E-09 -1.10670E-09 -1.38811E-12  3.30453E-13
  1.010E+02  5.95404E-01 -1.13800E-09 -1.11560E-09 -1.38335E-12  3.24437E-13
  1.015E+02  5.99684E-01 -1.12321E-09 -1.12427E-09 -1.37850E-12  3.18488E-13
  1.020E+02  6.03956E-01 -1.10854E-09 -1.13272E-09 -1.37356E-12  3.12606E-13
  1.025E+02  6.08220E-01 -1.09396E-09 -1.14094E-09 -1.36852E-12  3.06790E-13
  1.030E+02  6.12476E-01 -1.07949E-09 -1.14895E-09 -1.36339E-12  3.01040E-13
  1.035E+02  6.16723E-01 -1.06513E-09 -1.15675E-09 -1.35817E-12  2.95356E-13
  1.040E+02  6.20961E-01 -1.05087E-09 -1.16434E-09 -1.35286E-12  2.89739E-13
  1.045E+02  6.25190E-01 -1.03672E-09 -1.17173E-09 -1.34747E-12  2.84187E-13
  1.050E+02  6.29410E-01 -1.02268E-09 -1.17892E-09 -1.34199E-12  2.78702E-13
  1.055E+02  6.33619E-01 -1.00875E-09 -1.18592E-09 -1.33642E-12  2.73282E-13
  1.060E+02  6.37819E-01 -9.94929E-10 -1.19272E-09 -1.33076E-12  2.67928E-13
  1.065E+02  6.42008E-01 -9.81216E-10 -1.19934E-09 -1.32503E-12  2.62639E-13
  1.070E+02  6.46186E-01 -9.67614E-10 -1.20578E-09 -1.31921E-12  2.57415E-13
  1.075E+02  6.50353E-01 -9.54124E-10 -1.21204E-09 -1.31331E-12  2.52257E-13
  1.080E+02  6.54508E-01 -9.40745E-10 -1.21813E-09 -1.30734E-12  2.47163E-13
  1.085E+02  6.58652E-01 -9.27479E-10 -1.22405E-09 -1.30128E-12  2.42134E-13
  1.090E+02  6.62784E-01 -9.14324E-10 -1.22980E-09 -1.29515E-12  2.37169E-13
  1.095E+02  6.66903E-01 -9.01283E-10 -1.23539E-09 -1.28894E-12  2.32269E-13
  1.100E+02  6.71010E-01 -8.88354E-10 -1.24083E-09 -1.28265E-12  2.27432E-13
  1.105E+02  6.75104E-01 -8.75539E-10 -1.24610E-09 -1.27629E-12  2.22659E-13
  1.110E+02  6.79184E-01 -8.62836E-10 -1.25123E-09 -1.26986E-12  2.17950E-13
  1.115E+02  6.83251E-01 -8.50248E-10 -1.25620E-09 -1.26336E-12  2.13304E-13
  1.120E+02  6.87303E-01 -8.37773E-10 -1.26103E-09 -1.25678E-12  2.08721E-13
  1.125E+02  6.91342E-01 -8.25411E-10 -1.26572E-09 -1.25014E-12  2.04200E-13
  1.130E+02  6.95366E-01 -8.13164E-10 -1.27028E-09 -1.24342E-12  1.99742E-13
  1.135E+02  6.99375E-01 -8.01030E-10 -1.27469E-09 -1.23664E-12  1.95346E-13
  1.140E+02  7.03368E-01 -7.89010E-10 -1.27898E-09 -1.22979E-12  1.91012E-13
  1.145E+02  7.07347E-01 -7.77103E-10 -1.28313E-09 -1.22288E-12  1.86739E-13
  1.150E+02  7.11309E-01 -7.65310E-10 -1.28716E-09 -1.21590E-12  1.82528E-13
  1.155E+02  7.15256E-01 -7.53630E-10 -1.29107E-09 -1.20885E-12  1.78377E-13
  1.160E+02  7.19186E-01 -7.42064E-10 -1.29486E-09 -1.20175E-12  1.74287E-13
  1.165E+02  7.23099E-01 -7.30611E-10 -1.29852E-09 -1.19458E-12  1.70258E-13
  1.170E+02  7.26995E-01 -7.19271E-10 -1.30208E-09 -1.18734E-12  1.66288E-13
  1.175E+02  7.30874E-01 -7.08044E-10 -1.30552E-09 -1.18005E-12  1.62378E-13
  1.180E+02  7.34736E-01 -6.96929E-10 -1.30886E-09 -1.17270E-12  1.58527E-13
  1.185E+02  7.38579E-01 -6.85927E-10 -1.31208E-09 -1.16529E-12  1.54735E-13
  1.190E+02  7.42405E-01 -6.75037E-10 -1.31521E-09 -1.15782E-12  1.51002E-13
  1.195E+02  7.46212E-01 -6.64259E-10 -1.31823E-09 -1.15030E-12  1.47327E-13
  1.200E+02  7.50000E-01 -6.53592E-10 -1.32115E-09 -1.14272E-12  1.43710E-13
  1.205E+02  7.53769E-01 -6.43037E-10 -1.32397E-09 -1.13508E-12  1.40150E-13
  1.210E+02  7.57519E-01 -6.32592E-10 -1.32671E-09 -1.12739E-12  1.36647E-13
  1.215E+02  7.61249E-01 -6.22258E-10 -1.32935E-09 -1.11964E-12  1.33202E-13
  1.220E+02  7.64960E-01 -6.12035E-10 -1.33190E-09 -1.11184E-12  1.29812E-13
  1.225E+02  7.68650E-01 -6.01921E-10 -1.33436E-09 -1.10399E-12  1.26479E-13
  1.230E+02  7.72320E-01 -5.91917E-10 -1.33674E-09 -1.09609E-12  1.23201E-13
  1.235E+02  7.75968E-01 -5.82022E-10 -1.33903E-09 -1.08814E-12  1.19978E-13
  1.240E+02  7.79596E-01 -5.72236E-10 -1.34124E-09 -1.08013E-12  1.16811E-13
  1.245E+02  7.83203E-01 -5.62559E-10 -1.34338E-09 -1.07208E-12  1.13698E-13
  1.250E+02  7.86788E-01 -5.52989E-10 -1.34544E-09 -1.06398E-12  1.10638E-13
  1.255E+02  7.90351E-01 -5.43527E-10 -1.34742E-09 -1.05583E-12  1.07633E-13
  1.260E+02  7.93893E-01 -5.34172E-10 -1.34933E-09 -1.04763E-12  1.04681E-13
  1.265E+02  7.97411E-01 -5.24924E-10 -1.35117E-09 -1.03939E-12  1.01781E-13
  1.270E+02  8.00908E-01 -5.15782E-10 -1.35294E-09 -1.03110E-12  9.89343E-14
  1.275E+02  8.04381E-01 -5.06747E-10 -1.35464E-09 -1.02277E-12  9.61393E-14
  1.280E+02  8.07831E-01 -4.97816E-10 -1.35628E-09 -1.01439E-12  9.33960E-14
  1.285E+02  8.11257E-01 -4.88991E-10 -1.35785E-09 -1.00597E-12  9.07038E-14
  1.290E+02  8.14660E-01 -4.80270E-10 -1.35936E-09 -9.97500E-13  8.80624E-14
  1.295E+02  8.18039E-01 -4.71654E-10 -1.36081E-09 -9.88993E-13  8.54714E-14
  1.300E+02  8.21394E-01 -4.63141E-10 -1.36220E-09 -9.80443E-13  8.29302E-14
  1.305E+02  8.24724E-01 -4.54731E-10 -1.36354E-09 -9.71853E-13  8.04386E-14
  1.310E+02  8.28030E-01 -4.46424E-10 -1.36482E-09 -9.63221E-13  7.79960E-14
  1.315E+02  8.31310E-01 -4.38220E-10 -1.36604E-09 -9.54550E-13  7.56020E-14
  1.320E+02  8.34565E-01 -4.30117E-10 -1.36722E-09 -9.45840E-13  7.32562E-14
  1.325E+02  8.37795E-01 -4.22115E-10 -1.36834E-09 -9.37091E-13  7.09581E-14
  1.330E+02  8.40999E-01 -4.14214E-10 -1.36941E-09 -9.28303E-13  6.87073E-14
  1.335E+02  8.44177E-01 -4.06414E-10 -1.37044E-09 -9.19479E-13  6.65034E-14
  1.340E+02  8.47329E-01 -3.98714E-10 -1.37142E-09 -9.10617E-13  6.43458E-14
  1.345E+02  8.50455E-01 -3.91113E-10 -1.37235E-09 -9.01719E-13  6.22343E-14
  1.350E+02  8.53553E-01 -3.83611E-10 -1.37324E-09 -8.92785E-13  6.01682E-14
  1.355E+02  8.56625E-01 -3.76208E-10 -1.37408E-09 -8.83816E-13  5.81472E-14
  1.360E+02  8.59670E-01 -3.68902E-10 -1.37489E-09 -8.74812E-13  5.61708E-14
  1.365E+02  8.62687E-01 -3.61695E-10 -1.37566E-09 -8.65775E-13  5.42385E-14
  1.370E+02  8.65677E-01 -3.54584E-10 -1.37638E-09 -8.56703E-13  5.23499E-14
  1.375E+02  8.68639E-01 -3.47570E-10 -1.37707E-09 -8.47599E-13  5.05045E-14
  1.380E+02  8.71572E-01 -3.40653E-10 -1.37772E-09 -8.38462E-13  4.87019E-14
  1.385E+02  8.74478E-01 -3.33831E-10 -1.37834E-09 -8.29293E-13  4.69416E-14
  1.390E+02  8.77355E-01 -3.27104E-10 -1.37892E-09 -8.20093E-13  4.52231E-14
  1.395E+02  8.80203E-01 -3.20472E-10 -1.37947E-09 -8.10862E-13  4.35460E-14
  1.400E+02  8.83022E-01 -3.13935E-10 -1.37999E-09 -8.01600E-13  4.19098E-14
  1.405E+02  8.85812E-01 -3.07491E-10 -1.38048E-09 -7.92309E-13  4.03140E-14
  1.410E+02  8.88573E-01 -3.01141E-10 -1.38094E-09 -7.82988E-13  3.87582E-14
  1.415E+02  8.91304E-01 -2.94884E-10 -1.38137E-09 -7.73638E-13  3.72418E-14
  1.420E+02  8.94005E-01 -2.88720E-10 -1.38177E-09 -7.64260E-13  3.57645E-14
  1.425E+02  8.96677E-01 -2.82648E-10 -1.38214E-09 -7.54854E-13  3.43257E-14
  1.430E+02  8.99318E-01 -2.76667E-10 -1.38249E-09 -7.45421E-13  3.29250E-14
  1.435E+02  9.01928E-01 -2.70778E-10 -1.38282E-09 -7.35960E-13  3.15618E-14
  1.440E+02  9.04508E-01 -2.64980E-10 -1.38312E-09 -7.26473E-13  3.02357E-14
  1.445E+02  9.07058E-01 -2.59272E-10 -1.38340E-09 -7.16960E-13  2.89463E-14
  1.450E+02  9.09576E-01 -2.53654E-10 -1.38365E-09 -7.07422E-13  2.76930E-14
  1.455E+02  9.12063E-01 -2.48125E-10 -1.38389E-09 -6.97858E-13  2.64753E-14
  1.460E+02  9.14519E-01 -2.42686E-10 -1.38410E-09 -6.88270E-13  2.52929E-14
  1.465E+02  9.16943E-01 -2.37336E-10 -1.38429E-09 -6.78658E-13  2.41451E-14
  1.470E+02  9.19335E-01 -2.32074E-10 -1.38447E-09 -6.69022E-13  2.30314E-14
  1.475E+02  9.21696E-01 -2.26900E-10 -1.38463E-09 -6.59362E-13  2.19515E-14
  1.480E+02  9.24024E-01 -2.21814E-10 -1.38477E-09 -6.49680E-13  2.09049E-14
  1.485E+02  9.26320E-01 -2.16815E-10 -1.38489E-09 -6.39975E-13  1.98909E-14
  1.490E+02  9.28584E-01 -2.11903E-10 -1.38500E-09 -6.30248E-13  1.89092E-14
  1.495E+02  9.30815E-01 -2.07077E-10 -1.38509E-09 -6.20499E-13  1.79592E-14
  1.500E+02  9.33013E-01 -2.02337E-10 -1.38517E-09 -6.10730E-13  1.70405E-14
  1.505E+02  9.35178E-01 -1.97683E-10 -1.38523E-09 -6.00939E-13  1.61525E-14
  1.510E+02  9.37310E-01 -1.93115E-10 -1.38529E-09 -5.91129E-13  1.52948E-14
  1.515E+02  9.39409E-01 -1.88631E-10 -1.38532E-09 -5.81298E-13  1.44669E-14
  1.520E+02  9.41474E-01 -1.84232E-10 -1.38535E-09 -5.71448E-13  1.36682E-14
  1.525E+02  9.43505E-01 -1.79917E-10 -1.38537E-09 -5.61579E-13  1.28983E-14
  1.530E+02  9.45503E-01 -1.75687E-10 -1.38538E-09 -5.51691E-13  1.21566E-14
  1.535E+02  9.47467E-01 -1.71540E-10 -1.38537E-09 -5.41784E-13  1.14427E-14
  1.540E+02  9.49397E-01 -1.67476E-10 -1.38536E-09 -5.31860E-13  1.07561E-14
  1.545E+02  9.51293E-01 -1.63495E-10 -1.38534E-09 -5.21918E-13  1.00963E-14
  1.550E+02  9.53154E-01 -1.59597E-10 -1.38531E-09 -5.11959E-13  9.46275E-15
  1.555E+02  9.54981E-01 -1.55781E-10 -1.38527E-09 -5.01983E-13  8.85495E-15
  1.560E+02  9.56773E-01 -1.52048E-10 -1.38523E-09 -4.91991E-13  8.27241E-15
  1.565E+02  9.58530E-01 -1.48396E-10 -1.38518E-09 -4.81983E-13  7.71462E-15
  1.570E+02  9.60252E-01 -1.44825E-10 -1.38512E-09 -4.71959E-13  7.18108E-15
  1.575E+02  9.61940E-01 -1.41336E-10 -1.38506E-09 -4.61920E-13  6.67129E-15
  1.580E+02  9.63592E-01 -1.37927E-10 -1.38499E-09 -4.51866E-13  6.18473E-15
  1.585E+02  9.65209E-01 -1.34599E-10 -1.38492E-09 -4.41798E-13  5.72091E-15
  1.590E+02  9.66790E-01 -1.31352E-10 -1.38484E-09 -4.31715E-13  5.27930E-15
  1.595E+02  9.68336E-01 -1.28184E-10 -1.38476E-09 -4.21619E-13  4.85942E-15
  1.600E+02  9.69846E-01 -1.25097E-10 -1.38467E-09 -4.11509E-13  4.46073E-15
  1.605E+02  9.71321E-01 -1.22089E-10 -1.38459E-09 -4.01386E-13  4.08275E-15
  1.610E+02  9.72759E-01 -1.19160E-10 -1.38450E-09 -3.91250E-13  3.72494E-15
  1.615E+02  9.74162E-01 -1.16310E-10 -1.38440E-09 -3.81102E-13  3.38682E-15
  1.620E+02  9.75528E-01 -1.13539E-10 -1.38431E-09 -3.70942E-13  3.06785E-15
  1.625E+02  9.76858E-01 -1.10847E-10 -1.38422E-09 -3.60770E-13  2.76754E-15
  1.630E+02  9.78152E-01 -1.08233E-10 -1.38412E-09 -3.50587E-13  2.48537E-15
  1.635E+02  9.79410E-01 -1.05697E-10 -1.38402E-09 -3.40393E-13  2.22082E-15
  1.640E+02  9.80631E-01 -1.03239E-10 -1.38392E-09 -3.30189E-13  1.97339E-15
  1.645E+02  9.81815E-01 -1.00859E-10 -1.38383E-09 -3.19974E-13  1.74256E-15
  1.650E+02  9.82963E-01 -9.85565E-11 -1.38373E-09 -3.09749E-13  1.52781E-15
  1.655E+02  9.84074E-01 -9.63313E-11 -1.38363E-09 -2.99514E-13  1.32863E-15
  1.660E+02  9.85148E-01 -9.41832E-11 -1.38354E-09 -2.89270E-13  1.14451E-15
  1.665E+02  9.86185E-01 -9.21122E-11 -1.38344E-09 -2.79018E-13  9.74924E-16
  1.670E+02  9.87185E-01 -9.01180E-11 -1.38335E-09 -2.68756E-13  8.19365E-16
  1.675E+02  9.88148E-01 -8.82004E-11 -1.38325E-09 -2.58487E-13  6.77313E-16
  1.680E+02  9.89074E-01 -8.63593E-11 -1.38316E-09 -2.48209E-13  5.48252E-16
  1.685E+02  9.89962E-01 -8.45946E-11 -1.38307E-09 -2.37924E-13  4.31666E-16
  1.690E+02  9.90814E-01 -8.29060E-11 -1.38299E-09 -2.27631E-13  3.27036E-16
  1.695E+02  9.91627E-01 -8.12935E-11 -1.38290E-09 -2.17332E-13  2.33846E-16
  1.700E+02  9.92404E-01 -7.97569E-11 -1.38282E-09 -2.07026E-13  1.51576E-16
  1.705E+02  9.93143E-01 -7.82960E-11 -1.38274E-09 -1.96713E-13  7.97103E-17
  1.710E+02  9.93844E-01 -7.69109E-11 -1.38266E-09 -1.86395E-13  1.77288E-17
  1.715E+02  9.94508E-01 -7.56012E-11 -1.38259E-09 -1.76071E-13 -3.48868E-17
  1.720E+02  9.95134E-01 -7.43670E-11 -1.38252E-09 -1.65741E-13 -7.86555E-17
  1.725E+02  9.95722E-01 -7.32081E-11 -1.38245E-09 -1.55407E-13 -1.14097E-16
  1.730E+02  9.96273E-01 -7.21245E-11 -1.38239E-09 -1.45067E-13 -1.41729E-16
  1.735E+02  9.96786E-01 -7.11159E-11 -1.38233E-09 -1.34724E-13 -1.62073E-16
  1.740E+02  9.97261E-01 -7.01825E-11 -1.38228E-09 -1.24376E-13 -1.75649E-16
  1.745E+02  9.97698E-01 -6.93239E-11 -1.38223E-09 -1.14025E-13 -1.82975E-16
  1.750E+02  9.98097E-01 -6.85403E-11 -1.38218E-09 -1.03670E-13 -1.84573E-16
  1.755E+02  9.98459E-01 -6.78315E-11 -1.38214E-09 -9.33116E-14 -1.80962E-16
  1.760E+02  9.98782E-01 -6.71975E-11 -1.38210E-09 -8.29508E-14 -1.72664E-16
  1.765E+02  9.99067E-01 -6.66382E-11 -1.38207E-09 -7.25874E-14 -1.60198E-16
  1.770E+02  9.99315E-01 -6.61536E-11 -1.38204E-09 -6.22218E-14 -1.44086E-16
  1.775E+02  9.99524E-01 -6.57436E-11 -1.38201E-09 -5.18544E-14 -1.24847E-16
  1.780E+02  9.99695E-01 -6.54082E-11 -1.38199E-09 -4.14854E-14 -1.03004E-16
  1.785E+02  9.99829E-01 -6.51474E-11 -1.38197E-09 -3.11151E-14 -7.90768E-17
  1.790E+02  9.99924E-01 -6.49611E-11 -1.38196E-09 -2.07439E-14 -5.35863E-17
  1.795E+02  9.99981E-01 -6.48493E-11 -1.38195E-09 -1.03721E-14 -2.70537E-17
  1.800E+02  1.00000E+00 -6.48121E-11 -1.38195E-09 -1.45557E-28 -3.80874E-31
