

  **** PARTIAL WAVE ANALYSIS (DPWA0) ******************************************


  KINETIC ENERGY = 2.20000E+02 eV

      L       PHASE(SPIN UP)     PHASE(SPIN DOWN)
  -----------------------------------------------
       0     -1.30429030E-01      0.00000000E+00
       1     -1.53072394E+00     -1.52868523E+00
       2      7.90177137E-01      7.90606793E-01
       3      3.89906202E-01      3.90059286E-01
       4      1.96763249E-01      1.96829755E-01
       5      1.01833212E-01      1.01864879E-01
       6      5.38374303E-02      5.38533181E-02
       7      2.89455339E-02      2.89537742E-02
       8      1.57701332E-02      1.57745056E-02
       9      8.68352278E-03      8.68588173E-03
      10      4.82285003E-03      4.82413897E-03
      11      2.69773748E-03      2.69844889E-03
      12      1.51797310E-03      1.51836898E-03
      13      8.58375900E-04      8.58597687E-04
      14      4.87411423E-04      4.87536377E-04
      15      2.77736426E-04      2.77807157E-04
      16      1.58726757E-04      1.58766955E-04
      17      9.09384186E-05      9.09613402E-05
      18      5.22103356E-05      5.22234429E-05
      19      3.00286740E-05      3.00361871E-05
      20      1.72968784E-05      1.73011936E-05
      21      9.97588675E-06      9.97836944E-06
      22      5.75975127E-06      5.76118172E-06
      23      3.32854170E-06      3.32936689E-06
      24      1.92505495E-06      1.92553149E-06
      25      1.11409272E-06      1.11436815E-06
      26      6.45129150E-07      6.45288461E-07
      27      3.73752106E-07      3.73844317E-07
      28      2.16621945E-07      2.16675346E-07
      29      1.25596574E-07      1.25627513E-07
      30      7.28429879E-08      7.28609183E-08
      31      4.22585210E-08      4.22689225E-08
      32      2.45212404E-08      2.45272706E-08
      33      1.42317060E-08      1.42352082E-08
      34      8.26129349E-09      8.26331899E-09
      35      4.79625993E-09      4.79743944E-09
      36      2.78496115E-09      2.78563989E-09
      37      1.61727021E-09      1.61766225E-09
      38      9.39220205E-10      9.39450404E-10
      39      5.45482403E-10      5.45614942E-10


  *** SCATTERING AMPLITUDES AND DIFFERENTIAL CROSS SECTION ***

    ANGLE      DCS       ASYMMETRY    DIRECT AMPLITUDE       SPIN-FLIP AMPLITUDE     ERROR
    (deg)   (cm**2/sr)                      (cm)                    (cm)
  -------------------------------------------------------------------------------------------
  0.000E+00 2.38537E-16  0.000E+00  1.234E-08  9.293E-09  0.000E+00  0.000E+00  1.00E-07
  1.000E-04 2.38537E-16  3.882E-10  1.234E-08  9.293E-09  1.651E-18  4.997E-18  1.00E-07
  1.250E-04 2.38537E-16  4.852E-10  1.234E-08  9.293E-09  2.064E-18  6.246E-18  1.00E-07
  1.500E-04 2.38537E-16  5.823E-10  1.234E-08  9.293E-09  2.476E-18  7.495E-18  1.00E-07
  1.750E-04 2.38537E-16  6.793E-10  1.234E-08  9.293E-09  2.889E-18  8.744E-18  1.00E-07
  2.000E-04 2.38537E-16  7.763E-10  1.234E-08  9.293E-09  3.302E-18  9.993E-18  1.00E-07
  2.250E-04 2.38537E-16  8.734E-10  1.234E-08  9.293E-09  3.714E-18  1.124E-17  1.00E-07
  2.500E-04 2.38537E-16  9.704E-10  1.234E-08  9.293E-09  4.127E-18  1.249E-17  1.00E-07
  2.750E-04 2.38537E-16  1.067E-09  1.234E-08  9.293E-09  4.540E-18  1.374E-17  1.00E-07
  3.000E-04 2.38537E-16  1.165E-09  1.234E-08  9.293E-09  4.952E-18  1.499E-17  1.00E-07
  3.250E-04 2.38537E-16  1.262E-09  1.234E-08  9.293E-09  5.365E-18  1.624E-17  1.00E-07
  3.500E-04 2.38537E-16  1.359E-09  1.234E-08  9.293E-09  5.778E-18  1.749E-17  1.00E-07
  3.750E-04 2.38537E-16  1.456E-09  1.234E-08  9.293E-09  6.191E-18  1.874E-17  1.00E-07
  4.000E-04 2.38537E-16  1.553E-09  1.234E-08  9.293E-09  6.603E-18  1.999E-17  1.00E-07
  4.250E-04 2.38537E-16  1.650E-09  1.234E-08  9.293E-09  7.016E-18  2.124E-17  1.00E-07
  4.500E-04 2.38537E-16  1.747E-09  1.234E-08  9.293E-09  7.429E-18  2.249E-17  1.00E-07
  4.750E-04 2.38537E-16  1.844E-09  1.234E-08  9.293E-09  7.841E-18  2.373E-17  1.00E-07
  5.000E-04 2.38537E-16  1.941E-09  1.234E-08  9.293E-09  8.254E-18  2.498E-17  1.00E-07
  5.250E-04 2.38537E-16  2.038E-09  1.234E-08  9.293E-09  8.667E-18  2.623E-17  1.00E-07
  5.500E-04 2.38537E-16  2.135E-09  1.234E-08  9.293E-09  9.079E-18  2.748E-17  1.00E-07
  5.750E-04 2.38537E-16  2.232E-09  1.234E-08  9.293E-09  9.492E-18  2.873E-17  1.00E-07
  6.000E-04 2.38537E-16  2.329E-09  1.234E-08  9.293E-09  9.905E-18  2.998E-17  1.00E-07
  6.250E-04 2.38537E-16  2.426E-09  1.234E-08  9.293E-09  1.032E-17  3.123E-17  1.00E-07
  6.500E-04 2.38537E-16  2.523E-09  1.234E-08  9.293E-09  1.073E-17  3.248E-17  1.00E-07
  6.750E-04 2.38537E-16  2.620E-09  1.234E-08  9.293E-09  1.114E-17  3.373E-17  1.00E-07
  7.000E-04 2.38537E-16  2.717E-09  1.234E-08  9.293E-09  1.156E-17  3.498E-17  1.00E-07
  7.250E-04 2.38537E-16  2.814E-09  1.234E-08  9.293E-09  1.197E-17  3.623E-17  1.00E-07
  7.500E-04 2.38537E-16  2.911E-09  1.234E-08  9.293E-09  1.238E-17  3.748E-17  1.00E-07
  7.750E-04 2.38537E-16  3.008E-09  1.234E-08  9.293E-09  1.279E-17  3.872E-17  1.00E-07
  8.000E-04 2.38537E-16  3.105E-09  1.234E-08  9.293E-09  1.321E-17  3.997E-17  1.00E-07
  8.250E-04 2.38537E-16  3.202E-09  1.234E-08  9.293E-09  1.362E-17  4.122E-17  1.00E-07
  8.500E-04 2.38537E-16  3.299E-09  1.234E-08  9.293E-09  1.403E-17  4.247E-17  1.00E-07
  8.750E-04 2.38537E-16  3.396E-09  1.234E-08  9.293E-09  1.444E-17  4.372E-17  1.00E-07
  9.000E-04 2.38537E-16  3.494E-09  1.234E-08  9.293E-09  1.486E-17  4.497E-17  1.00E-07
  9.250E-04 2.38537E-16  3.591E-09  1.234E-08  9.293E-09  1.527E-17  4.622E-17  1.00E-07
  9.500E-04 2.38537E-16  3.688E-09  1.234E-08  9.293E-09  1.568E-17  4.747E-17  1.00E-07
  9.750E-04 2.38537E-16  3.785E-09  1.234E-08  9.293E-09  1.610E-17  4.872E-17  1.00E-07
  1.000E-03 2.38537E-16  3.882E-09  1.234E-08  9.293E-09  1.651E-17  4.997E-17  1.00E-07
  1.250E-03 2.38537E-16  4.852E-09  1.234E-08  9.293E-09  2.064E-17  6.246E-17  1.00E-07
  1.500E-03 2.38537E-16  5.823E-09  1.234E-08  9.293E-09  2.476E-17  7.495E-17  1.00E-07
  1.750E-03 2.38537E-16  6.793E-09  1.234E-08  9.293E-09  2.889E-17  8.744E-17  1.00E-07
  2.000E-03 2.38537E-16  7.763E-09  1.234E-08  9.293E-09  3.302E-17  9.993E-17  1.00E-07
  2.250E-03 2.38537E-16  8.734E-09  1.234E-08  9.293E-09  3.714E-17  1.124E-16  1.00E-07
  2.500E-03 2.38537E-16  9.704E-09  1.234E-08  9.293E-09  4.127E-17  1.249E-16  1.00E-07
  2.750E-03 2.38537E-16  1.067E-08  1.234E-08  9.293E-09  4.540E-17  1.374E-16  1.00E-07
  3.000E-03 2.38537E-16  1.165E-08  1.234E-08  9.293E-09  4.952E-17  1.499E-16  1.00E-07
  3.250E-03 2.38537E-16  1.262E-08  1.234E-08  9.293E-09  5.365E-17  1.624E-16  1.00E-07
  3.500E-03 2.38537E-16  1.359E-08  1.234E-08  9.293E-09  5.778E-17  1.749E-16  1.00E-07
  3.750E-03 2.38537E-16  1.456E-08  1.234E-08  9.293E-09  6.191E-17  1.874E-16  1.00E-07
  4.000E-03 2.38537E-16  1.553E-08  1.234E-08  9.293E-09  6.603E-17  1.999E-16  1.00E-07
  4.250E-03 2.38537E-16  1.650E-08  1.234E-08  9.293E-09  7.016E-17  2.124E-16  1.00E-07
  4.500E-03 2.38537E-16  1.747E-08  1.234E-08  9.293E-09  7.429E-17  2.249E-16  1.00E-07
  4.750E-03 2.38537E-16  1.844E-08  1.234E-08  9.293E-09  7.841E-17  2.373E-16  1.00E-07
  5.000E-03 2.38537E-16  1.941E-08  1.234E-08  9.293E-09  8.254E-17  2.498E-16  1.00E-07
  5.250E-03 2.38537E-16  2.038E-08  1.234E-08  9.293E-09  8.667E-17  2.623E-16  1.00E-07
  5.500E-03 2.38537E-16  2.135E-08  1.234E-08  9.293E-09  9.079E-17  2.748E-16  1.00E-07
  5.750E-03 2.38537E-16  2.232E-08  1.234E-08  9.293E-09  9.492E-17  2.873E-16  1.00E-07
  6.000E-03 2.38537E-16  2.329E-08  1.234E-08  9.293E-09  9.905E-17  2.998E-16  1.00E-07
  6.250E-03 2.38537E-16  2.426E-08  1.234E-08  9.293E-09  1.032E-16  3.123E-16  1.00E-07
  6.500E-03 2.38537E-16  2.523E-08  1.234E-08  9.293E-09  1.073E-16  3.248E-16  1.00E-07
  6.750E-03 2.38537E-16  2.620E-08  1.234E-08  9.293E-09  1.114E-16  3.373E-16  1.00E-07
  7.000E-03 2.38537E-16  2.717E-08  1.234E-08  9.293E-09  1.156E-16  3.498E-16  1.00E-07
  7.250E-03 2.38537E-16  2.814E-08  1.234E-08  9.293E-09  1.197E-16  3.623E-16  1.00E-07
  7.500E-03 2.38537E-16  2.911E-08  1.234E-08  9.293E-09  1.238E-16  3.748E-16  1.00E-07
  7.750E-03 2.38537E-16  3.008E-08  1.234E-08  9.293E-09  1.279E-16  3.872E-16  1.00E-07
  8.000E-03 2.38537E-16  3.105E-08  1.234E-08  9.293E-09  1.321E-16  3.997E-16  1.00E-07
  8.250E-03 2.38537E-16  3.202E-08  1.234E-08  9.293E-09  1.362E-16  4.122E-16  1.00E-07
  8.500E-03 2.38537E-16  3.299E-08  1.234E-08  9.293E-09  1.403E-16  4.247E-16  1.00E-07
  8.750E-03 2.38537E-16  3.396E-08  1.234E-08  9.293E-09  1.444E-16  4.372E-16  1.00E-07
  9.000E-03 2.38537E-16  3.494E-08  1.234E-08  9.293E-09  1.486E-16  4.497E-16  1.00E-07
  9.250E-03 2.38537E-16  3.591E-08  1.234E-08  9.293E-09  1.527E-16  4.622E-16  1.00E-07
  9.500E-03 2.38537E-16  3.688E-08  1.234E-08  9.293E-09  1.568E-16  4.747E-16  1.00E-07
  9.750E-03 2.38537E-16  3.785E-08  1.234E-08  9.293E-09  1.610E-16  4.872E-16  1.00E-07
  1.000E-02 2.38537E-16  3.882E-08  1.234E-08  9.293E-09  1.651E-16  4.997E-16  1.00E-07
  1.250E-02 2.38537E-16  4.852E-08  1.234E-08  9.293E-09  2.064E-16  6.246E-16  1.00E-07
  1.500E-02 2.38537E-16  5.823E-08  1.234E-08  9.293E-09  2.476E-16  7.495E-16  1.00E-07
  1.750E-02 2.38537E-16  6.793E-08  1.234E-08  9.293E-09  2.889E-16  8.744E-16  1.00E-07
  2.000E-02 2.38537E-16  7.763E-08  1.234E-08  9.293E-09  3.302E-16  9.993E-16  1.00E-07
  2.250E-02 2.38537E-16  8.734E-08  1.234E-08  9.293E-09  3.714E-16  1.124E-15  1.00E-07
  2.500E-02 2.38537E-16  9.704E-08  1.234E-08  9.293E-09  4.127E-16  1.249E-15  1.00E-07
  2.750E-02 2.38537E-16  1.067E-07  1.234E-08  9.293E-09  4.540E-16  1.374E-15  1.00E-07
  3.000E-02 2.38537E-16  1.165E-07  1.234E-08  9.293E-09  4.952E-16  1.499E-15  1.00E-07
  3.250E-02 2.38537E-16  1.262E-07  1.234E-08  9.293E-09  5.365E-16  1.624E-15  1.00E-07
  3.500E-02 2.38536E-16  1.359E-07  1.234E-08  9.293E-09  5.778E-16  1.749E-15  1.00E-07
  3.750E-02 2.38536E-16  1.456E-07  1.234E-08  9.293E-09  6.191E-16  1.874E-15  1.00E-07
  4.000E-02 2.38536E-16  1.553E-07  1.234E-08  9.293E-09  6.603E-16  1.999E-15  1.00E-07
  4.250E-02 2.38536E-16  1.650E-07  1.234E-08  9.293E-09  7.016E-16  2.124E-15  1.00E-07
  4.500E-02 2.38536E-16  1.747E-07  1.234E-08  9.293E-09  7.429E-16  2.249E-15  1.00E-07
  4.750E-02 2.38536E-16  1.844E-07  1.234E-08  9.293E-09  7.841E-16  2.373E-15  1.00E-07
  5.000E-02 2.38536E-16  1.941E-07  1.234E-08  9.293E-09  8.254E-16  2.498E-15  1.00E-07
  5.250E-02 2.38535E-16  2.038E-07  1.234E-08  9.293E-09  8.667E-16  2.623E-15  1.00E-07
  5.500E-02 2.38535E-16  2.135E-07  1.234E-08  9.293E-09  9.079E-16  2.748E-15  1.00E-07
  5.750E-02 2.38535E-16  2.232E-07  1.234E-08  9.293E-09  9.492E-16  2.873E-15  1.00E-07
  6.000E-02 2.38535E-16  2.329E-07  1.234E-08  9.293E-09  9.905E-16  2.998E-15  1.00E-07
  6.250E-02 2.38535E-16  2.426E-07  1.234E-08  9.293E-09  1.032E-15  3.123E-15  1.00E-07
  6.500E-02 2.38534E-16  2.523E-07  1.234E-08  9.293E-09  1.073E-15  3.248E-15  1.00E-07
  6.750E-02 2.38534E-16  2.620E-07  1.234E-08  9.293E-09  1.114E-15  3.373E-15  1.00E-07
  7.000E-02 2.38534E-16  2.717E-07  1.234E-08  9.293E-09  1.156E-15  3.498E-15  1.00E-07
  7.250E-02 2.38534E-16  2.814E-07  1.234E-08  9.293E-09  1.197E-15  3.623E-15  1.00E-07
  7.500E-02 2.38534E-16  2.911E-07  1.234E-08  9.293E-09  1.238E-15  3.748E-15  1.00E-07
  7.750E-02 2.38533E-16  3.008E-07  1.234E-08  9.293E-09  1.279E-15  3.872E-15  1.00E-07
  8.000E-02 2.38533E-16  3.105E-07  1.234E-08  9.293E-09  1.321E-15  3.997E-15  1.00E-07
  8.250E-02 2.38533E-16  3.202E-07  1.234E-08  9.293E-09  1.362E-15  4.122E-15  1.00E-07
  8.500E-02 2.38532E-16  3.299E-07  1.234E-08  9.293E-09  1.403E-15  4.247E-15  1.00E-07
  8.750E-02 2.38532E-16  3.397E-07  1.234E-08  9.293E-09  1.444E-15  4.372E-15  1.00E-07
  9.000E-02 2.38532E-16  3.494E-07  1.234E-08  9.293E-09  1.486E-15  4.497E-15  1.00E-07
  9.250E-02 2.38532E-16  3.591E-07  1.234E-08  9.293E-09  1.527E-15  4.622E-15  1.00E-07
  9.500E-02 2.38531E-16  3.688E-07  1.234E-08  9.293E-09  1.568E-15  4.747E-15  1.00E-07
  9.750E-02 2.38531E-16  3.785E-07  1.234E-08  9.293E-09  1.609E-15  4.872E-15  1.00E-07
  1.000E-01 2.38531E-16  3.882E-07  1.234E-08  9.293E-09  1.651E-15  4.997E-15  1.00E-07
  1.250E-01 2.38527E-16  4.852E-07  1.234E-08  9.293E-09  2.063E-15  6.246E-15  1.00E-07
  1.500E-01 2.38522E-16  5.823E-07  1.234E-08  9.293E-09  2.476E-15  7.495E-15  1.00E-07
  1.750E-01 2.38517E-16  6.793E-07  1.233E-08  9.293E-09  2.888E-15  8.744E-15  1.00E-07
  2.000E-01 2.38510E-16  7.764E-07  1.233E-08  9.293E-09  3.301E-15  9.993E-15  1.00E-07
  2.250E-01 2.38503E-16  8.735E-07  1.233E-08  9.293E-09  3.713E-15  1.124E-14  1.00E-07
  2.500E-01 2.38495E-16  9.705E-07  1.233E-08  9.293E-09  4.126E-15  1.249E-14  1.00E-07
  2.750E-01 2.38486E-16  1.068E-06  1.233E-08  9.293E-09  4.538E-15  1.374E-14  1.00E-07
  3.000E-01 2.38476E-16  1.165E-06  1.233E-08  9.293E-09  4.950E-15  1.499E-14  1.00E-07
  3.250E-01 2.38466E-16  1.262E-06  1.233E-08  9.293E-09  5.362E-15  1.624E-14  1.00E-07
  3.500E-01 2.38454E-16  1.359E-06  1.233E-08  9.293E-09  5.774E-15  1.749E-14  1.00E-07
  3.750E-01 2.38442E-16  1.456E-06  1.233E-08  9.293E-09  6.186E-15  1.874E-14  1.00E-07
  4.000E-01 2.38429E-16  1.553E-06  1.233E-08  9.293E-09  6.597E-15  1.999E-14  1.00E-07
  4.250E-01 2.38415E-16  1.650E-06  1.233E-08  9.293E-09  7.009E-15  2.123E-14  1.00E-07
  4.500E-01 2.38400E-16  1.747E-06  1.233E-08  9.293E-09  7.420E-15  2.248E-14  1.00E-07
  4.750E-01 2.38385E-16  1.845E-06  1.233E-08  9.292E-09  7.831E-15  2.373E-14  1.00E-07
  5.000E-01 2.38368E-16  1.942E-06  1.233E-08  9.292E-09  8.242E-15  2.498E-14  1.00E-07
  5.250E-01 2.38351E-16  2.039E-06  1.233E-08  9.292E-09  8.653E-15  2.623E-14  1.00E-07
  5.500E-01 2.38333E-16  2.136E-06  1.233E-08  9.292E-09  9.064E-15  2.748E-14  1.00E-07
  5.750E-01 2.38314E-16  2.233E-06  1.233E-08  9.292E-09  9.474E-15  2.873E-14  1.00E-07
  6.000E-01 2.38294E-16  2.330E-06  1.233E-08  9.292E-09  9.884E-15  2.998E-14  1.00E-07
  6.250E-01 2.38273E-16  2.428E-06  1.233E-08  9.292E-09  1.029E-14  3.122E-14  1.00E-07
  6.500E-01 2.38252E-16  2.525E-06  1.233E-08  9.292E-09  1.070E-14  3.247E-14  1.00E-07
  6.750E-01 2.38229E-16  2.622E-06  1.232E-08  9.291E-09  1.111E-14  3.372E-14  1.00E-07
  7.000E-01 2.38206E-16  2.720E-06  1.232E-08  9.291E-09  1.152E-14  3.497E-14  1.00E-07
  7.250E-01 2.38182E-16  2.817E-06  1.232E-08  9.291E-09  1.193E-14  3.622E-14  1.00E-07
  7.500E-01 2.38157E-16  2.914E-06  1.232E-08  9.291E-09  1.234E-14  3.747E-14  1.00E-07
  7.750E-01 2.38131E-16  3.012E-06  1.232E-08  9.291E-09  1.275E-14  3.871E-14  1.00E-07
  8.000E-01 2.38105E-16  3.109E-06  1.232E-08  9.290E-09  1.316E-14  3.996E-14  1.00E-07
  8.250E-01 2.38077E-16  3.206E-06  1.232E-08  9.290E-09  1.357E-14  4.121E-14  1.00E-07
  8.500E-01 2.38049E-16  3.304E-06  1.232E-08  9.290E-09  1.397E-14  4.246E-14  1.00E-07
  8.750E-01 2.38020E-16  3.401E-06  1.232E-08  9.290E-09  1.438E-14  4.371E-14  1.00E-07
  9.000E-01 2.37990E-16  3.499E-06  1.232E-08  9.290E-09  1.479E-14  4.496E-14  1.00E-07
  9.250E-01 2.37959E-16  3.596E-06  1.232E-08  9.289E-09  1.519E-14  4.620E-14  1.00E-07
  9.500E-01 2.37927E-16  3.693E-06  1.231E-08  9.289E-09  1.560E-14  4.745E-14  1.00E-07
  9.750E-01 2.37895E-16  3.791E-06  1.231E-08  9.289E-09  1.601E-14  4.870E-14  1.00E-07
  1.000E+00 2.37862E-16  3.889E-06  1.231E-08  9.289E-09  1.641E-14  4.995E-14  1.00E-07
  1.100E+00 2.37720E-16  4.279E-06  1.231E-08  9.288E-09  1.803E-14  5.494E-14  1.00E-07
  1.200E+00 2.37565E-16  4.670E-06  1.230E-08  9.287E-09  1.964E-14  5.992E-14  1.00E-07
  1.300E+00 2.37397E-16  5.061E-06  1.230E-08  9.286E-09  2.125E-14  6.491E-14  1.00E-07
  1.400E+00 2.37215E-16  5.453E-06  1.229E-08  9.284E-09  2.285E-14  6.990E-14  1.00E-07
  1.500E+00 2.37021E-16  5.846E-06  1.228E-08  9.283E-09  2.444E-14  7.488E-14  1.00E-07
  1.600E+00 2.36813E-16  6.239E-06  1.227E-08  9.282E-09  2.602E-14  7.986E-14  1.00E-07
  1.700E+00 2.36592E-16  6.633E-06  1.227E-08  9.280E-09  2.759E-14  8.484E-14  1.00E-07
  1.800E+00 2.36357E-16  7.027E-06  1.226E-08  9.278E-09  2.916E-14  8.982E-14  1.00E-07
  1.900E+00 2.36110E-16  7.422E-06  1.225E-08  9.277E-09  3.071E-14  9.479E-14  1.00E-07
  2.000E+00 2.35850E-16  7.818E-06  1.224E-08  9.275E-09  3.225E-14  9.976E-14  1.00E-07
  2.100E+00 2.35577E-16  8.215E-06  1.223E-08  9.273E-09  3.378E-14  1.047E-13  1.00E-07
  2.200E+00 2.35291E-16  8.613E-06  1.222E-08  9.271E-09  3.530E-14  1.097E-13  1.00E-07
  2.300E+00 2.34992E-16  9.012E-06  1.221E-08  9.269E-09  3.681E-14  1.147E-13  1.00E-07
  2.400E+00 2.34680E-16  9.411E-06  1.220E-08  9.267E-09  3.830E-14  1.196E-13  1.00E-07
  2.500E+00 2.34356E-16  9.812E-06  1.219E-08  9.264E-09  3.978E-14  1.246E-13  1.00E-07
  2.600E+00 2.34019E-16  1.021E-05  1.218E-08  9.262E-09  4.125E-14  1.295E-13  1.00E-07
  2.700E+00 2.33669E-16  1.062E-05  1.216E-08  9.260E-09  4.270E-14  1.345E-13  1.00E-07
  2.800E+00 2.33307E-16  1.102E-05  1.215E-08  9.257E-09  4.414E-14  1.394E-13  1.00E-07
  2.900E+00 2.32933E-16  1.142E-05  1.214E-08  9.254E-09  4.556E-14  1.444E-13  1.00E-07
  3.000E+00 2.32547E-16  1.183E-05  1.212E-08  9.252E-09  4.696E-14  1.493E-13  1.00E-07
  3.100E+00 2.32148E-16  1.224E-05  1.211E-08  9.249E-09  4.835E-14  1.543E-13  1.00E-07
  3.200E+00 2.31737E-16  1.265E-05  1.209E-08  9.246E-09  4.972E-14  1.592E-13  1.00E-07
  3.300E+00 2.31314E-16  1.306E-05  1.208E-08  9.243E-09  5.108E-14  1.641E-13  1.00E-07
  3.400E+00 2.30879E-16  1.347E-05  1.206E-08  9.240E-09  5.241E-14  1.690E-13  1.00E-07
  3.500E+00 2.30432E-16  1.388E-05  1.205E-08  9.237E-09  5.373E-14  1.740E-13  1.00E-07
  3.600E+00 2.29974E-16  1.430E-05  1.203E-08  9.233E-09  5.502E-14  1.789E-13  1.00E-07
  3.700E+00 2.29504E-16  1.471E-05  1.201E-08  9.230E-09  5.630E-14  1.838E-13  1.00E-07
  3.800E+00 2.29022E-16  1.513E-05  1.200E-08  9.227E-09  5.756E-14  1.887E-13  1.00E-07
  3.900E+00 2.28529E-16  1.555E-05  1.198E-08  9.223E-09  5.879E-14  1.936E-13  1.00E-07
  4.000E+00 2.28024E-16  1.597E-05  1.196E-08  9.219E-09  6.001E-14  1.985E-13  1.00E-07
  4.100E+00 2.27508E-16  1.639E-05  1.194E-08  9.216E-09  6.120E-14  2.034E-13  1.00E-07
  4.200E+00 2.26981E-16  1.682E-05  1.192E-08  9.212E-09  6.237E-14  2.083E-13  1.00E-07
  4.300E+00 2.26444E-16  1.724E-05  1.190E-08  9.208E-09  6.352E-14  2.132E-13  1.00E-07
  4.400E+00 2.25895E-16  1.767E-05  1.188E-08  9.204E-09  6.465E-14  2.180E-13  1.00E-07
  4.500E+00 2.25335E-16  1.810E-05  1.186E-08  9.200E-09  6.575E-14  2.229E-13  1.00E-07
  4.600E+00 2.24765E-16  1.853E-05  1.184E-08  9.196E-09  6.683E-14  2.278E-13  1.00E-07
  4.700E+00 2.24184E-16  1.896E-05  1.182E-08  9.191E-09  6.788E-14  2.326E-13  1.00E-07
  4.800E+00 2.23593E-16  1.940E-05  1.180E-08  9.187E-09  6.891E-14  2.375E-13  1.00E-07
  4.900E+00 2.22991E-16  1.984E-05  1.178E-08  9.183E-09  6.991E-14  2.423E-13  1.00E-07
  5.000E+00 2.22379E-16  2.028E-05  1.175E-08  9.178E-09  7.089E-14  2.472E-13  1.00E-07
  5.100E+00 2.21757E-16  2.072E-05  1.173E-08  9.173E-09  7.184E-14  2.520E-13  1.00E-07
  5.200E+00 2.21125E-16  2.116E-05  1.171E-08  9.169E-09  7.276E-14  2.568E-13  1.00E-07
  5.300E+00 2.20484E-16  2.161E-05  1.168E-08  9.164E-09  7.366E-14  2.616E-13  1.00E-07
  5.400E+00 2.19832E-16  2.205E-05  1.166E-08  9.159E-09  7.453E-14  2.665E-13  1.00E-07
  5.500E+00 2.19172E-16  2.251E-05  1.164E-08  9.154E-09  7.537E-14  2.713E-13  1.00E-07
  5.600E+00 2.18501E-16  2.296E-05  1.161E-08  9.149E-09  7.619E-14  2.761E-13  1.00E-07
  5.700E+00 2.17822E-16  2.341E-05  1.159E-08  9.144E-09  7.697E-14  2.809E-13  1.00E-07
  5.800E+00 2.17133E-16  2.387E-05  1.156E-08  9.138E-09  7.773E-14  2.856E-13  1.00E-07
  5.900E+00 2.16435E-16  2.433E-05  1.153E-08  9.133E-09  7.845E-14  2.904E-13  1.00E-07
  6.000E+00 2.15728E-16  2.479E-05  1.151E-08  9.128E-09  7.915E-14  2.952E-13  1.00E-07
  6.100E+00 2.15013E-16  2.526E-05  1.148E-08  9.122E-09  7.982E-14  3.000E-13  1.00E-07
  6.200E+00 2.14289E-16  2.573E-05  1.145E-08  9.117E-09  8.045E-14  3.047E-13  1.00E-07
  6.300E+00 2.13556E-16  2.620E-05  1.143E-08  9.111E-09  8.106E-14  3.095E-13  1.00E-07
  6.400E+00 2.12816E-16  2.667E-05  1.140E-08  9.105E-09  8.163E-14  3.142E-13  1.00E-07
  6.500E+00 2.12067E-16  2.715E-05  1.137E-08  9.099E-09  8.217E-14  3.189E-13  1.00E-07
  6.600E+00 2.11309E-16  2.763E-05  1.134E-08  9.093E-09  8.268E-14  3.237E-13  1.00E-07
  6.700E+00 2.10544E-16  2.811E-05  1.131E-08  9.087E-09  8.316E-14  3.284E-13  1.00E-07
  6.800E+00 2.09772E-16  2.859E-05  1.128E-08  9.081E-09  8.360E-14  3.331E-13  1.00E-07
  6.900E+00 2.08991E-16  2.908E-05  1.125E-08  9.075E-09  8.401E-14  3.378E-13  1.00E-07
  7.000E+00 2.08204E-16  2.957E-05  1.122E-08  9.068E-09  8.439E-14  3.425E-13  1.00E-07
  7.100E+00 2.07408E-16  3.007E-05  1.119E-08  9.062E-09  8.473E-14  3.472E-13  1.00E-07
  7.200E+00 2.06606E-16  3.056E-05  1.116E-08  9.056E-09  8.504E-14  3.518E-13  1.00E-07
  7.300E+00 2.05797E-16  3.106E-05  1.113E-08  9.049E-09  8.532E-14  3.565E-13  1.00E-07
  7.400E+00 2.04981E-16  3.157E-05  1.110E-08  9.042E-09  8.556E-14  3.612E-13  1.00E-07
  7.500E+00 2.04158E-16  3.207E-05  1.107E-08  9.036E-09  8.577E-14  3.658E-13  1.00E-07
  7.600E+00 2.03328E-16  3.258E-05  1.104E-08  9.029E-09  8.594E-14  3.704E-13  1.00E-07
  7.700E+00 2.02492E-16  3.310E-05  1.100E-08  9.022E-09  8.607E-14  3.751E-13  1.00E-07
  7.800E+00 2.01650E-16  3.361E-05  1.097E-08  9.015E-09  8.617E-14  3.797E-13  1.00E-07
  7.900E+00 2.00802E-16  3.413E-05  1.094E-08  9.008E-09  8.624E-14  3.843E-13  1.00E-07
  8.000E+00 1.99947E-16  3.466E-05  1.091E-08  9.001E-09  8.626E-14  3.889E-13  1.00E-07
  8.100E+00 1.99087E-16  3.518E-05  1.087E-08  8.993E-09  8.626E-14  3.935E-13  1.00E-07
  8.200E+00 1.98221E-16  3.571E-05  1.084E-08  8.986E-09  8.621E-14  3.981E-13  1.00E-07
  8.300E+00 1.97349E-16  3.625E-05  1.080E-08  8.979E-09  8.613E-14  4.026E-13  1.00E-07
  8.400E+00 1.96472E-16  3.679E-05  1.077E-08  8.971E-09  8.601E-14  4.072E-13  1.00E-07
  8.500E+00 1.95590E-16  3.733E-05  1.074E-08  8.964E-09  8.585E-14  4.117E-13  1.00E-07
  8.600E+00 1.94703E-16  3.787E-05  1.070E-08  8.956E-09  8.565E-14  4.163E-13  1.00E-07
  8.700E+00 1.93811E-16  3.842E-05  1.066E-08  8.948E-09  8.542E-14  4.208E-13  1.00E-07
  8.800E+00 1.92914E-16  3.898E-05  1.063E-08  8.940E-09  8.515E-14  4.253E-13  1.00E-07
  8.900E+00 1.92012E-16  3.953E-05  1.059E-08  8.932E-09  8.484E-14  4.298E-13  1.00E-07
  9.000E+00 1.91106E-16  4.010E-05  1.056E-08  8.924E-09  8.449E-14  4.343E-13  1.00E-07
  9.100E+00 1.90195E-16  4.066E-05  1.052E-08  8.916E-09  8.410E-14  4.388E-13  1.00E-07
  9.200E+00 1.89280E-16  4.123E-05  1.048E-08  8.908E-09  8.368E-14  4.433E-13  1.00E-07
  9.300E+00 1.88362E-16  4.180E-05  1.045E-08  8.900E-09  8.321E-14  4.477E-13  1.00E-07
  9.400E+00 1.87439E-16  4.238E-05  1.041E-08  8.892E-09  8.271E-14  4.522E-13  1.00E-07
  9.500E+00 1.86512E-16  4.296E-05  1.037E-08  8.883E-09  8.216E-14  4.566E-13  1.00E-07
  9.600E+00 1.85582E-16  4.355E-05  1.034E-08  8.875E-09  8.158E-14  4.611E-13  1.00E-07
  9.700E+00 1.84648E-16  4.414E-05  1.030E-08  8.866E-09  8.096E-14  4.655E-13  1.00E-07
  9.800E+00 1.83711E-16  4.474E-05  1.026E-08  8.858E-09  8.029E-14  4.699E-13  1.00E-07
  9.900E+00 1.82771E-16  4.534E-05  1.022E-08  8.849E-09  7.959E-14  4.743E-13  1.00E-07
  1.000E+01 1.81827E-16  4.594E-05  1.018E-08  8.840E-09  7.885E-14  4.786E-13  1.00E-07
  1.025E+01 1.79456E-16  4.747E-05  1.008E-08  8.818E-09  7.681E-14  4.895E-13  1.00E-07
  1.050E+01 1.77068E-16  4.904E-05  9.986E-09  8.795E-09  7.452E-14  5.004E-13  1.00E-07
  1.075E+01 1.74667E-16  5.063E-05  9.886E-09  8.771E-09  7.198E-14  5.111E-13  1.00E-07
  1.100E+01 1.72254E-16  5.225E-05  9.784E-09  8.748E-09  6.918E-14  5.218E-13  1.00E-07
  1.125E+01 1.69830E-16  5.391E-05  9.682E-09  8.723E-09  6.612E-14  5.324E-13  1.00E-07
  1.150E+01 1.67399E-16  5.560E-05  9.578E-09  8.699E-09  6.280E-14  5.429E-13  1.00E-07
  1.175E+01 1.64961E-16  5.732E-05  9.473E-09  8.673E-09  5.922E-14  5.533E-13  1.00E-07
  1.200E+01 1.62520E-16  5.908E-05  9.367E-09  8.648E-09  5.538E-14  5.636E-13  1.00E-07
  1.225E+01 1.60077E-16  6.087E-05  9.260E-09  8.621E-09  5.128E-14  5.739E-13  1.00E-07
  1.250E+01 1.57633E-16  6.270E-05  9.152E-09  8.595E-09  4.693E-14  5.840E-13  1.00E-07
  1.275E+01 1.55190E-16  6.457E-05  9.044E-09  8.568E-09  4.231E-14  5.941E-13  1.00E-07
  1.300E+01 1.52751E-16  6.648E-05  8.934E-09  8.540E-09  3.743E-14  6.041E-13  1.00E-07
  1.325E+01 1.50316E-16  6.843E-05  8.824E-09  8.512E-09  3.229E-14  6.140E-13  1.00E-07
  1.350E+01 1.47888E-16  7.041E-05  8.713E-09  8.483E-09  2.689E-14  6.238E-13  1.00E-07
  1.375E+01 1.45468E-16  7.245E-05  8.602E-09  8.455E-09  2.124E-14  6.335E-13  1.00E-07
  1.400E+01 1.43057E-16  7.452E-05  8.490E-09  8.425E-09  1.532E-14  6.431E-13  1.00E-07
  1.425E+01 1.40657E-16  7.663E-05  8.377E-09  8.395E-09  9.157E-15  6.526E-13  1.00E-07
  1.450E+01 1.38269E-16  7.880E-05  8.264E-09  8.365E-09  2.735E-15  6.620E-13  1.00E-07
  1.475E+01 1.35895E-16  8.100E-05  8.150E-09  8.335E-09 -3.940E-15  6.713E-13  1.00E-07
  1.500E+01 1.33536E-16  8.326E-05  8.036E-09  8.304E-09 -1.087E-14  6.805E-13  1.00E-07
  1.525E+01 1.31192E-16  8.556E-05  7.922E-09  8.272E-09 -1.804E-14  6.896E-13  1.00E-07
  1.550E+01 1.28865E-16  8.791E-05  7.808E-09  8.240E-09 -2.546E-14  6.986E-13  1.00E-07
  1.575E+01 1.26557E-16  9.031E-05  7.693E-09  8.208E-09 -3.313E-14  7.075E-13  1.00E-07
  1.600E+01 1.24268E-16  9.276E-05  7.578E-09  8.176E-09 -4.104E-14  7.163E-13  1.00E-07
  1.625E+01 1.21999E-16  9.526E-05  7.463E-09  8.143E-09 -4.919E-14  7.249E-13  1.00E-07
  1.650E+01 1.19751E-16  9.782E-05  7.348E-09  8.109E-09 -5.758E-14  7.335E-13  1.00E-07
  1.675E+01 1.17525E-16  1.004E-04  7.233E-09  8.075E-09 -6.621E-14  7.420E-13  1.00E-07
  1.700E+01 1.15322E-16  1.031E-04  7.117E-09  8.041E-09 -7.506E-14  7.503E-13  1.00E-07
  1.725E+01 1.13142E-16  1.058E-04  7.002E-09  8.007E-09 -8.415E-14  7.586E-13  1.00E-07
  1.750E+01 1.10987E-16  1.086E-04  6.887E-09  7.972E-09 -9.346E-14  7.667E-13  1.00E-07
  1.775E+01 1.08856E-16  1.114E-04  6.772E-09  7.937E-09 -1.030E-13  7.747E-13  1.00E-07
  1.800E+01 1.06751E-16  1.143E-04  6.657E-09  7.901E-09 -1.128E-13  7.826E-13  1.00E-07
  1.825E+01 1.04671E-16  1.173E-04  6.543E-09  7.865E-09 -1.227E-13  7.904E-13  1.00E-07
  1.850E+01 1.02618E-16  1.203E-04  6.428E-09  7.829E-09 -1.329E-13  7.981E-13  1.00E-07
  1.875E+01 1.00592E-16  1.234E-04  6.314E-09  7.793E-09 -1.433E-13  8.057E-13  1.00E-07
  1.900E+01 9.85930E-17  1.265E-04  6.200E-09  7.756E-09 -1.539E-13  8.131E-13  1.00E-07
  1.925E+01 9.66218E-17  1.297E-04  6.087E-09  7.718E-09 -1.648E-13  8.205E-13  1.00E-07
  1.950E+01 9.46785E-17  1.330E-04  5.973E-09  7.681E-09 -1.758E-13  8.277E-13  1.00E-07
  1.975E+01 9.27635E-17  1.363E-04  5.861E-09  7.643E-09 -1.870E-13  8.348E-13  1.00E-07
  2.000E+01 9.08770E-17  1.397E-04  5.748E-09  7.605E-09 -1.984E-13  8.417E-13  1.00E-07
  2.025E+01 8.90191E-17  1.432E-04  5.636E-09  7.566E-09 -2.100E-13  8.486E-13  1.00E-07
  2.050E+01 8.71900E-17  1.467E-04  5.525E-09  7.528E-09 -2.218E-13  8.553E-13  1.00E-07
  2.075E+01 8.53900E-17  1.503E-04  5.414E-09  7.489E-09 -2.337E-13  8.620E-13  1.00E-07
  2.100E+01 8.36189E-17  1.540E-04  5.303E-09  7.449E-09 -2.459E-13  8.684E-13  1.00E-07
  2.125E+01 8.18770E-17  1.577E-04  5.193E-09  7.410E-09 -2.582E-13  8.748E-13  1.00E-07
  2.150E+01 8.01643E-17  1.615E-04  5.084E-09  7.370E-09 -2.707E-13  8.811E-13  1.00E-07
  2.175E+01 7.84807E-17  1.654E-04  4.975E-09  7.330E-09 -2.834E-13  8.872E-13  1.00E-07
  2.200E+01 7.68262E-17  1.694E-04  4.867E-09  7.289E-09 -2.962E-13  8.932E-13  1.00E-07
  2.225E+01 7.52008E-17  1.734E-04  4.760E-09  7.249E-09 -3.092E-13  8.991E-13  1.00E-07
  2.250E+01 7.36044E-17  1.775E-04  4.653E-09  7.208E-09 -3.223E-13  9.048E-13  1.00E-07
  2.275E+01 7.20368E-17  1.817E-04  4.547E-09  7.167E-09 -3.356E-13  9.104E-13  1.00E-07
  2.300E+01 7.04980E-17  1.860E-04  4.442E-09  7.125E-09 -3.491E-13  9.159E-13  1.00E-07
  2.325E+01 6.89879E-17  1.903E-04  4.337E-09  7.084E-09 -3.626E-13  9.213E-13  1.00E-07
  2.350E+01 6.75061E-17  1.947E-04  4.233E-09  7.042E-09 -3.764E-13  9.266E-13  1.00E-07
  2.375E+01 6.60526E-17  1.992E-04  4.130E-09  7.000E-09 -3.902E-13  9.317E-13  1.00E-07
  2.400E+01 6.46272E-17  2.038E-04  4.027E-09  6.958E-09 -4.042E-13  9.367E-13  1.00E-07
  2.425E+01 6.32295E-17  2.084E-04  3.926E-09  6.915E-09 -4.184E-13  9.416E-13  1.00E-07
  2.450E+01 6.18595E-17  2.131E-04  3.825E-09  6.873E-09 -4.326E-13  9.463E-13  1.00E-07
  2.475E+01 6.05167E-17  2.179E-04  3.725E-09  6.830E-09 -4.470E-13  9.509E-13  1.00E-07
  2.500E+01 5.92010E-17  2.228E-04  3.625E-09  6.787E-09 -4.615E-13  9.554E-13  1.00E-07
  2.550E+01 5.66496E-17  2.328E-04  3.429E-09  6.700E-09 -4.908E-13  9.640E-13  1.00E-07
  2.600E+01 5.42029E-17  2.431E-04  3.237E-09  6.613E-09 -5.206E-13  9.721E-13  1.00E-07
  2.650E+01 5.18583E-17  2.537E-04  3.048E-09  6.525E-09 -5.508E-13  9.797E-13  1.00E-07
  2.700E+01 4.96132E-17  2.647E-04  2.862E-09  6.436E-09 -5.813E-13  9.867E-13  1.00E-07
  2.750E+01 4.74648E-17  2.759E-04  2.680E-09  6.347E-09 -6.122E-13  9.933E-13  1.00E-07
  2.800E+01 4.54102E-17  2.874E-04  2.502E-09  6.257E-09 -6.434E-13  9.993E-13  1.00E-07
  2.850E+01 4.34464E-17  2.992E-04  2.328E-09  6.167E-09 -6.748E-13  1.005E-12  1.00E-07
  2.900E+01 4.15705E-17  3.113E-04  2.157E-09  6.076E-09 -7.066E-13  1.010E-12  1.00E-07
  2.950E+01 3.97796E-17  3.237E-04  1.990E-09  5.985E-09 -7.385E-13  1.014E-12  1.00E-07
  3.000E+01 3.80706E-17  3.363E-04  1.826E-09  5.894E-09 -7.707E-13  1.018E-12  1.00E-07
  3.050E+01 3.64405E-17  3.492E-04  1.667E-09  5.802E-09 -8.031E-13  1.022E-12  1.00E-07
  3.100E+01 3.48864E-17  3.623E-04  1.511E-09  5.710E-09 -8.356E-13  1.025E-12  1.00E-07
  3.150E+01 3.34053E-17  3.756E-04  1.359E-09  5.618E-09 -8.682E-13  1.027E-12  1.00E-07
  3.200E+01 3.19943E-17  3.891E-04  1.211E-09  5.525E-09 -9.010E-13  1.029E-12  1.00E-07
  3.250E+01 3.06505E-17  4.028E-04  1.067E-09  5.433E-09 -9.338E-13  1.031E-12  1.00E-07
  3.300E+01 2.93711E-17  4.166E-04  9.262E-10  5.340E-09 -9.667E-13  1.032E-12  1.00E-07
  3.350E+01 2.81535E-17  4.305E-04  7.893E-10  5.247E-09 -9.996E-13  1.033E-12  1.00E-07
  3.400E+01 2.69949E-17  4.445E-04  6.561E-10  5.154E-09 -1.033E-12  1.033E-12  1.00E-07
  3.450E+01 2.58927E-17  4.586E-04  5.266E-10  5.061E-09 -1.066E-12  1.032E-12  1.00E-07
  3.500E+01 2.48444E-17  4.726E-04  4.008E-10  4.968E-09 -1.099E-12  1.031E-12  1.00E-07
  3.550E+01 2.38475E-17  4.867E-04  2.786E-10  4.875E-09 -1.131E-12  1.030E-12  1.00E-07
  3.600E+01 2.28997E-17  5.007E-04  1.599E-10  4.783E-09 -1.164E-12  1.028E-12  1.00E-07
  3.650E+01 2.19986E-17  5.146E-04  4.483E-11  4.690E-09 -1.197E-12  1.026E-12  1.00E-07
  3.700E+01 2.11421E-17  5.284E-04 -6.676E-11  4.598E-09 -1.230E-12  1.023E-12  1.00E-07
  3.750E+01 2.03279E-17  5.420E-04 -1.749E-10  4.505E-09 -1.262E-12  1.020E-12  1.00E-07
  3.800E+01 1.95542E-17  5.554E-04 -2.796E-10  4.413E-09 -1.295E-12  1.017E-12  1.00E-07
  3.850E+01 1.88188E-17  5.685E-04 -3.809E-10  4.321E-09 -1.327E-12  1.013E-12  1.00E-07
  3.900E+01 1.81199E-17  5.814E-04 -4.789E-10  4.230E-09 -1.359E-12  1.008E-12  1.00E-07
  3.950E+01 1.74557E-17  5.938E-04 -5.737E-10  4.138E-09 -1.391E-12  1.003E-12  1.00E-07
  4.000E+01 1.68244E-17  6.059E-04 -6.652E-10  4.047E-09 -1.423E-12  9.979E-13  1.00E-07
  4.050E+01 1.62243E-17  6.175E-04 -7.535E-10  3.957E-09 -1.455E-12  9.922E-13  1.00E-07
  4.100E+01 1.56540E-17  6.286E-04 -8.387E-10  3.867E-09 -1.486E-12  9.861E-13  1.00E-07
  4.150E+01 1.51118E-17  6.392E-04 -9.208E-10  3.777E-09 -1.518E-12  9.796E-13  1.00E-07
  4.200E+01 1.45963E-17  6.491E-04 -9.999E-10  3.687E-09 -1.549E-12  9.727E-13  1.00E-07
  4.250E+01 1.41061E-17  6.584E-04 -1.076E-09  3.598E-09 -1.579E-12  9.654E-13  1.00E-07
  4.300E+01 1.36400E-17  6.671E-04 -1.149E-09  3.510E-09 -1.610E-12  9.578E-13  1.00E-07
  4.350E+01 1.31966E-17  6.750E-04 -1.220E-09  3.422E-09 -1.640E-12  9.497E-13  1.00E-07
  4.400E+01 1.27747E-17  6.821E-04 -1.287E-09  3.334E-09 -1.670E-12  9.414E-13  1.00E-07
  4.450E+01 1.23734E-17  6.884E-04 -1.352E-09  3.247E-09 -1.700E-12  9.326E-13  1.00E-07
  4.500E+01 1.19913E-17  6.938E-04 -1.414E-09  3.161E-09 -1.729E-12  9.236E-13  1.00E-07
  4.550E+01 1.16276E-17  6.983E-04 -1.473E-09  3.075E-09 -1.758E-12  9.142E-13  1.00E-07
  4.600E+01 1.12813E-17  7.018E-04 -1.530E-09  2.990E-09 -1.787E-12  9.044E-13  1.00E-07
  4.650E+01 1.09515E-17  7.044E-04 -1.585E-09  2.905E-09 -1.815E-12  8.943E-13  1.00E-07
  4.700E+01 1.06372E-17  7.060E-04 -1.636E-09  2.821E-09 -1.844E-12  8.840E-13  1.00E-07
  4.750E+01 1.03377E-17  7.065E-04 -1.686E-09  2.738E-09 -1.871E-12  8.733E-13  1.00E-07
  4.800E+01 1.00521E-17  7.059E-04 -1.733E-09  2.655E-09 -1.899E-12  8.623E-13  1.00E-07
  4.850E+01 9.77981E-18  7.042E-04 -1.777E-09  2.573E-09 -1.926E-12  8.510E-13  1.00E-07
  4.900E+01 9.52004E-18  7.014E-04 -1.820E-09  2.492E-09 -1.953E-12  8.394E-13  1.00E-07
  4.950E+01 9.27215E-18  6.974E-04 -1.860E-09  2.411E-09 -1.979E-12  8.276E-13  1.00E-07
  5.000E+01 9.03550E-18  6.923E-04 -1.898E-09  2.331E-09 -2.005E-12  8.155E-13  1.00E-07
  5.050E+01 8.80951E-18  6.859E-04 -1.933E-09  2.252E-09 -2.031E-12  8.031E-13  1.00E-07
  5.100E+01 8.59363E-18  6.783E-04 -1.967E-09  2.174E-09 -2.056E-12  7.904E-13  1.00E-07
  5.150E+01 8.38731E-18  6.696E-04 -1.999E-09  2.096E-09 -2.081E-12  7.776E-13  1.00E-07
  5.200E+01 8.19007E-18  6.596E-04 -2.028E-09  2.019E-09 -2.106E-12  7.645E-13  1.00E-07
  5.250E+01 8.00143E-18  6.483E-04 -2.056E-09  1.943E-09 -2.130E-12  7.511E-13  1.00E-07
  5.300E+01 7.82094E-18  6.358E-04 -2.082E-09  1.867E-09 -2.154E-12  7.375E-13  1.00E-07
  5.350E+01 7.64820E-18  6.221E-04 -2.106E-09  1.793E-09 -2.177E-12  7.237E-13  1.00E-07
  5.400E+01 7.48280E-18  6.071E-04 -2.128E-09  1.719E-09 -2.200E-12  7.098E-13  1.00E-07
  5.450E+01 7.32436E-18  5.909E-04 -2.149E-09  1.646E-09 -2.223E-12  6.956E-13  1.00E-07
  5.500E+01 7.17255E-18  5.734E-04 -2.167E-09  1.573E-09 -2.245E-12  6.812E-13  1.00E-07
  5.550E+01 7.02702E-18  5.548E-04 -2.184E-09  1.502E-09 -2.267E-12  6.666E-13  1.00E-07
  5.600E+01 6.88746E-18  5.349E-04 -2.200E-09  1.431E-09 -2.289E-12  6.519E-13  1.00E-07
  5.650E+01 6.75358E-18  5.137E-04 -2.214E-09  1.362E-09 -2.310E-12  6.369E-13  1.00E-07
  5.700E+01 6.62510E-18  4.914E-04 -2.226E-09  1.293E-09 -2.330E-12  6.219E-13  1.00E-07
  5.750E+01 6.50175E-18  4.680E-04 -2.237E-09  1.224E-09 -2.351E-12  6.066E-13  1.00E-07
  5.800E+01 6.38328E-18  4.433E-04 -2.246E-09  1.157E-09 -2.370E-12  5.912E-13  1.00E-07
  5.850E+01 6.26948E-18  4.176E-04 -2.254E-09  1.091E-09 -2.390E-12  5.757E-13  1.00E-07
  5.900E+01 6.16010E-18  3.907E-04 -2.260E-09  1.025E-09 -2.409E-12  5.601E-13  1.00E-07
  5.950E+01 6.05495E-18  3.627E-04 -2.266E-09  9.603E-10 -2.427E-12  5.443E-13  1.00E-07
  6.000E+01 5.95383E-18  3.336E-04 -2.269E-09  8.964E-10 -2.446E-12  5.284E-13  1.00E-07
  6.050E+01 5.85656E-18  3.035E-04 -2.272E-09  8.333E-10 -2.463E-12  5.124E-13  1.00E-07
  6.100E+01 5.76295E-18  2.723E-04 -2.273E-09  7.711E-10 -2.481E-12  4.963E-13  1.00E-07
  6.150E+01 5.67286E-18  2.402E-04 -2.274E-09  7.097E-10 -2.498E-12  4.800E-13  1.00E-07
  6.200E+01 5.58611E-18  2.071E-04 -2.273E-09  6.492E-10 -2.514E-12  4.637E-13  1.00E-07
  6.250E+01 5.50256E-18  1.730E-04 -2.270E-09  5.895E-10 -2.530E-12  4.474E-13  1.00E-07
  6.300E+01 5.42209E-18  1.381E-04 -2.267E-09  5.307E-10 -2.546E-12  4.309E-13  1.00E-07
  6.350E+01 5.34454E-18  1.022E-04 -2.263E-09  4.727E-10 -2.561E-12  4.144E-13  1.00E-07
  6.400E+01 5.26981E-18  6.559E-05 -2.258E-09  4.156E-10 -2.576E-12  3.978E-13  1.00E-07
  6.450E+01 5.19778E-18  2.812E-05 -2.251E-09  3.594E-10 -2.591E-12  3.811E-13  1.00E-07
  6.500E+01 5.12833E-18 -1.011E-05 -2.244E-09  3.040E-10 -2.605E-12  3.644E-13  1.00E-07
  6.550E+01 5.06136E-18 -4.908E-05 -2.236E-09  2.494E-10 -2.619E-12  3.477E-13  1.00E-07
  6.600E+01 4.99677E-18 -8.875E-05 -2.227E-09  1.957E-10 -2.632E-12  3.309E-13  1.00E-07
  6.650E+01 4.93447E-18 -1.291E-04 -2.217E-09  1.428E-10 -2.645E-12  3.140E-13  1.00E-07
  6.700E+01 4.87437E-18 -1.700E-04 -2.206E-09  9.078E-11 -2.657E-12  2.972E-13  1.00E-07
  6.750E+01 4.81639E-18 -2.116E-04 -2.194E-09  3.957E-11 -2.669E-12  2.803E-13  1.00E-07
  6.800E+01 4.76045E-18 -2.536E-04 -2.182E-09 -1.079E-11 -2.681E-12  2.634E-13  1.00E-07
  6.850E+01 4.70647E-18 -2.962E-04 -2.169E-09 -6.033E-11 -2.692E-12  2.466E-13  1.00E-07
  6.900E+01 4.65439E-18 -3.393E-04 -2.155E-09 -1.090E-10 -2.703E-12  2.297E-13  1.00E-07
  6.950E+01 4.60413E-18 -3.828E-04 -2.140E-09 -1.569E-10 -2.713E-12  2.128E-13  1.00E-07
  7.000E+01 4.55563E-18 -4.266E-04 -2.125E-09 -2.040E-10 -2.723E-12  1.959E-13  1.00E-07
  7.050E+01 4.50883E-18 -4.709E-04 -2.109E-09 -2.503E-10 -2.733E-12  1.790E-13  1.00E-07
  7.100E+01 4.46367E-18 -5.154E-04 -2.092E-09 -2.957E-10 -2.742E-12  1.622E-13  1.00E-07
  7.150E+01 4.42010E-18 -5.602E-04 -2.075E-09 -3.404E-10 -2.751E-12  1.454E-13  1.00E-07
  7.200E+01 4.37806E-18 -6.052E-04 -2.057E-09 -3.842E-10 -2.760E-12  1.286E-13  1.00E-07
  7.250E+01 4.33751E-18 -6.504E-04 -2.038E-09 -4.273E-10 -2.768E-12  1.118E-13  1.00E-07
  7.300E+01 4.29839E-18 -6.957E-04 -2.019E-09 -4.695E-10 -2.776E-12  9.513E-14  1.00E-07
  7.350E+01 4.26067E-18 -7.412E-04 -2.000E-09 -5.110E-10 -2.783E-12  7.847E-14  1.00E-07
  7.400E+01 4.22430E-18 -7.867E-04 -1.980E-09 -5.517E-10 -2.790E-12  6.186E-14  1.00E-07
  7.450E+01 4.18923E-18 -8.322E-04 -1.959E-09 -5.916E-10 -2.796E-12  4.530E-14  1.00E-07
  7.500E+01 4.15544E-18 -8.778E-04 -1.938E-09 -6.308E-10 -2.803E-12  2.880E-14  1.00E-07
  7.550E+01 4.12287E-18 -9.232E-04 -1.917E-09 -6.692E-10 -2.808E-12  1.237E-14  1.00E-07
  7.600E+01 4.09150E-18 -9.686E-04 -1.895E-09 -7.069E-10 -2.814E-12 -3.995E-15  1.00E-07
  7.650E+01 4.06129E-18 -1.014E-03 -1.873E-09 -7.438E-10 -2.819E-12 -2.028E-14  1.00E-07
  7.700E+01 4.03220E-18 -1.059E-03 -1.850E-09 -7.799E-10 -2.824E-12 -3.649E-14  1.00E-07
  7.750E+01 4.00421E-18 -1.104E-03 -1.827E-09 -8.154E-10 -2.828E-12 -5.262E-14  1.00E-07
  7.800E+01 3.97728E-18 -1.148E-03 -1.804E-09 -8.501E-10 -2.832E-12 -6.866E-14  1.00E-07
  7.850E+01 3.95139E-18 -1.193E-03 -1.780E-09 -8.840E-10 -2.836E-12 -8.461E-14  1.00E-07
  7.900E+01 3.92651E-18 -1.237E-03 -1.756E-09 -9.173E-10 -2.839E-12 -1.005E-13  1.00E-07
  7.950E+01 3.90261E-18 -1.280E-03 -1.732E-09 -9.499E-10 -2.842E-12 -1.162E-13  1.00E-07
  8.000E+01 3.87966E-18 -1.324E-03 -1.708E-09 -9.817E-10 -2.845E-12 -1.319E-13  1.00E-07
  8.050E+01 3.85763E-18 -1.367E-03 -1.683E-09 -1.013E-09 -2.847E-12 -1.474E-13  1.00E-07
  8.100E+01 3.83652E-18 -1.409E-03 -1.658E-09 -1.043E-09 -2.849E-12 -1.629E-13  1.00E-07
  8.150E+01 3.81628E-18 -1.451E-03 -1.632E-09 -1.073E-09 -2.851E-12 -1.782E-13  1.00E-07
  8.200E+01 3.79690E-18 -1.492E-03 -1.607E-09 -1.102E-09 -2.852E-12 -1.934E-13  1.00E-07
  8.250E+01 3.77836E-18 -1.533E-03 -1.581E-09 -1.131E-09 -2.853E-12 -2.085E-13  1.00E-07
  8.300E+01 3.76064E-18 -1.573E-03 -1.555E-09 -1.159E-09 -2.854E-12 -2.234E-13  1.00E-07
  8.350E+01 3.74370E-18 -1.613E-03 -1.529E-09 -1.186E-09 -2.854E-12 -2.383E-13  1.00E-07
  8.400E+01 3.72755E-18 -1.652E-03 -1.503E-09 -1.212E-09 -2.854E-12 -2.530E-13  1.00E-07
  8.450E+01 3.71215E-18 -1.691E-03 -1.476E-09 -1.238E-09 -2.854E-12 -2.675E-13  1.00E-07
  8.500E+01 3.69749E-18 -1.729E-03 -1.450E-09 -1.263E-09 -2.853E-12 -2.820E-13  1.00E-07
  8.550E+01 3.68354E-18 -1.766E-03 -1.423E-09 -1.288E-09 -2.852E-12 -2.963E-13  1.00E-07
  8.600E+01 3.67030E-18 -1.802E-03 -1.396E-09 -1.312E-09 -2.851E-12 -3.104E-13  1.00E-07
  8.650E+01 3.65774E-18 -1.838E-03 -1.369E-09 -1.335E-09 -2.849E-12 -3.244E-13  1.00E-07
  8.700E+01 3.64585E-18 -1.872E-03 -1.342E-09 -1.358E-09 -2.847E-12 -3.383E-13  1.00E-07
  8.750E+01 3.63461E-18 -1.907E-03 -1.315E-09 -1.381E-09 -2.845E-12 -3.520E-13  1.00E-07
  8.800E+01 3.62401E-18 -1.940E-03 -1.288E-09 -1.402E-09 -2.843E-12 -3.655E-13  1.00E-07
  8.850E+01 3.61403E-18 -1.972E-03 -1.260E-09 -1.423E-09 -2.840E-12 -3.789E-13  1.00E-07
  8.900E+01 3.60465E-18 -2.004E-03 -1.233E-09 -1.444E-09 -2.837E-12 -3.922E-13  1.00E-07
  8.950E+01 3.59587E-18 -2.035E-03 -1.206E-09 -1.464E-09 -2.833E-12 -4.052E-13  1.00E-07
  9.000E+01 3.58766E-18 -2.065E-03 -1.178E-09 -1.483E-09 -2.830E-12 -4.182E-13  1.00E-07
  9.050E+01 3.58001E-18 -2.094E-03 -1.151E-09 -1.502E-09 -2.826E-12 -4.309E-13  1.00E-07
  9.100E+01 3.57292E-18 -2.123E-03 -1.123E-09 -1.520E-09 -2.822E-12 -4.435E-13  1.00E-07
  9.150E+01 3.56636E-18 -2.150E-03 -1.096E-09 -1.538E-09 -2.817E-12 -4.559E-13  1.00E-07
  9.200E+01 3.56032E-18 -2.177E-03 -1.068E-09 -1.555E-09 -2.813E-12 -4.681E-13  1.00E-07
  9.250E+01 3.55480E-18 -2.202E-03 -1.041E-09 -1.572E-09 -2.808E-12 -4.802E-13  1.00E-07
  9.300E+01 3.54977E-18 -2.227E-03 -1.013E-09 -1.588E-09 -2.802E-12 -4.921E-13  1.00E-07
  9.350E+01 3.54523E-18 -2.251E-03 -9.857E-10 -1.604E-09 -2.797E-12 -5.038E-13  1.00E-07
  9.400E+01 3.54116E-18 -2.274E-03 -9.583E-10 -1.620E-09 -2.791E-12 -5.154E-13  1.00E-07
  9.450E+01 3.53756E-18 -2.296E-03 -9.309E-10 -1.634E-09 -2.785E-12 -5.267E-13  1.00E-07
  9.500E+01 3.53441E-18 -2.317E-03 -9.035E-10 -1.649E-09 -2.779E-12 -5.379E-13  1.00E-07
  9.550E+01 3.53170E-18 -2.338E-03 -8.762E-10 -1.662E-09 -2.772E-12 -5.489E-13  1.00E-07
  9.600E+01 3.52942E-18 -2.357E-03 -8.490E-10 -1.676E-09 -2.766E-12 -5.597E-13  1.00E-07
  9.650E+01 3.52755E-18 -2.376E-03 -8.218E-10 -1.689E-09 -2.759E-12 -5.704E-13  1.00E-07
  9.700E+01 3.52610E-18 -2.393E-03 -7.947E-10 -1.701E-09 -2.751E-12 -5.808E-13  1.00E-07
  9.750E+01 3.52504E-18 -2.410E-03 -7.677E-10 -1.713E-09 -2.744E-12 -5.911E-13  1.00E-07
  9.800E+01 3.52438E-18 -2.426E-03 -7.407E-10 -1.725E-09 -2.736E-12 -6.011E-13  1.00E-07
  9.850E+01 3.52409E-18 -2.441E-03 -7.138E-10 -1.736E-09 -2.728E-12 -6.110E-13  1.00E-07
  9.900E+01 3.52417E-18 -2.455E-03 -6.871E-10 -1.747E-09 -2.720E-12 -6.207E-13  1.00E-07
  9.950E+01 3.52461E-18 -2.468E-03 -6.604E-10 -1.757E-09 -2.712E-12 -6.302E-13  1.00E-07
  1.000E+02 3.52539E-18 -2.480E-03 -6.338E-10 -1.767E-09 -2.703E-12 -6.395E-13  1.00E-07
  1.005E+02 3.52652E-18 -2.492E-03 -6.073E-10 -1.777E-09 -2.694E-12 -6.486E-13  1.00E-07
  1.010E+02 3.52798E-18 -2.502E-03 -5.809E-10 -1.786E-09 -2.685E-12 -6.575E-13  1.00E-07
  1.015E+02 3.52977E-18 -2.512E-03 -5.547E-10 -1.795E-09 -2.676E-12 -6.662E-13  1.00E-07
  1.020E+02 3.53186E-18 -2.521E-03 -5.286E-10 -1.803E-09 -2.667E-12 -6.747E-13  1.00E-07
  1.025E+02 3.53427E-18 -2.529E-03 -5.026E-10 -1.812E-09 -2.657E-12 -6.830E-13  1.00E-07
  1.030E+02 3.53697E-18 -2.537E-03 -4.767E-10 -1.819E-09 -2.647E-12 -6.911E-13  1.00E-07
  1.035E+02 3.53996E-18 -2.543E-03 -4.509E-10 -1.827E-09 -2.637E-12 -6.990E-13  1.00E-07
  1.040E+02 3.54323E-18 -2.549E-03 -4.253E-10 -1.834E-09 -2.627E-12 -7.068E-13  1.00E-07
  1.045E+02 3.54677E-18 -2.554E-03 -3.998E-10 -1.840E-09 -2.616E-12 -7.143E-13  1.00E-07
  1.050E+02 3.55058E-18 -2.558E-03 -3.745E-10 -1.847E-09 -2.606E-12 -7.216E-13  1.00E-07
  1.055E+02 3.55465E-18 -2.562E-03 -3.493E-10 -1.853E-09 -2.595E-12 -7.287E-13  1.00E-07
  1.060E+02 3.55896E-18 -2.565E-03 -3.243E-10 -1.858E-09 -2.584E-12 -7.357E-13  1.00E-07
  1.065E+02 3.56352E-18 -2.567E-03 -2.994E-10 -1.864E-09 -2.573E-12 -7.424E-13  1.00E-07
  1.070E+02 3.56832E-18 -2.568E-03 -2.747E-10 -1.869E-09 -2.561E-12 -7.489E-13  1.00E-07
  1.075E+02 3.57334E-18 -2.568E-03 -2.501E-10 -1.874E-09 -2.550E-12 -7.552E-13  1.00E-07
  1.080E+02 3.57858E-18 -2.568E-03 -2.257E-10 -1.878E-09 -2.538E-12 -7.613E-13  1.00E-07
  1.085E+02 3.58404E-18 -2.568E-03 -2.014E-10 -1.882E-09 -2.526E-12 -7.672E-13  1.00E-07
  1.090E+02 3.58970E-18 -2.566E-03 -1.774E-10 -1.886E-09 -2.514E-12 -7.730E-13  1.00E-07
  1.095E+02 3.59557E-18 -2.564E-03 -1.534E-10 -1.890E-09 -2.502E-12 -7.785E-13  1.00E-07
  1.100E+02 3.60163E-18 -2.561E-03 -1.297E-10 -1.893E-09 -2.490E-12 -7.838E-13  1.00E-07
  1.105E+02 3.60787E-18 -2.558E-03 -1.061E-10 -1.896E-09 -2.477E-12 -7.889E-13  1.00E-07
  1.110E+02 3.61430E-18 -2.554E-03 -8.273E-11 -1.899E-09 -2.465E-12 -7.938E-13  1.00E-07
  1.115E+02 3.62090E-18 -2.549E-03 -5.950E-11 -1.902E-09 -2.452E-12 -7.985E-13  1.00E-07
  1.120E+02 3.62767E-18 -2.544E-03 -3.646E-11 -1.904E-09 -2.439E-12 -8.030E-13  1.00E-07
  1.125E+02 3.63461E-18 -2.539E-03 -1.359E-11 -1.906E-09 -2.426E-12 -8.073E-13  1.00E-07
  1.130E+02 3.64170E-18 -2.532E-03  9.099E-12 -1.908E-09 -2.412E-12 -8.114E-13  1.00E-07
  1.135E+02 3.64894E-18 -2.525E-03  3.160E-11 -1.910E-09 -2.399E-12 -8.153E-13  1.00E-07
  1.140E+02 3.65633E-18 -2.518E-03  5.393E-11 -1.911E-09 -2.385E-12 -8.190E-13  1.00E-07
  1.145E+02 3.66385E-18 -2.510E-03  7.606E-11 -1.913E-09 -2.372E-12 -8.226E-13  1.00E-07
  1.150E+02 3.67151E-18 -2.502E-03  9.801E-11 -1.914E-09 -2.358E-12 -8.259E-13  1.00E-07
  1.155E+02 3.67930E-18 -2.493E-03  1.198E-10 -1.914E-09 -2.344E-12 -8.290E-13  1.00E-07
  1.160E+02 3.68721E-18 -2.484E-03  1.414E-10 -1.915E-09 -2.330E-12 -8.319E-13  1.00E-07
  1.165E+02 3.69524E-18 -2.474E-03  1.627E-10 -1.915E-09 -2.315E-12 -8.346E-13  1.00E-07
  1.170E+02 3.70338E-18 -2.464E-03  1.839E-10 -1.916E-09 -2.301E-12 -8.371E-13  1.00E-07
  1.175E+02 3.71163E-18 -2.453E-03  2.049E-10 -1.916E-09 -2.287E-12 -8.394E-13  1.00E-07
  1.180E+02 3.71998E-18 -2.442E-03  2.257E-10 -1.915E-09 -2.272E-12 -8.416E-13  1.00E-07
  1.185E+02 3.72843E-18 -2.430E-03  2.464E-10 -1.915E-09 -2.257E-12 -8.435E-13  1.00E-07
  1.190E+02 3.73697E-18 -2.419E-03  2.668E-10 -1.915E-09 -2.242E-12 -8.452E-13  1.00E-07
  1.195E+02 3.74560E-18 -2.406E-03  2.870E-10 -1.914E-09 -2.227E-12 -8.468E-13  1.00E-07
  1.200E+02 3.75431E-18 -2.394E-03  3.071E-10 -1.913E-09 -2.212E-12 -8.481E-13  1.00E-07
  1.205E+02 3.76309E-18 -2.380E-03  3.269E-10 -1.912E-09 -2.197E-12 -8.493E-13  1.00E-07
  1.210E+02 3.77196E-18 -2.367E-03  3.466E-10 -1.911E-09 -2.182E-12 -8.503E-13  1.00E-07
  1.215E+02 3.78089E-18 -2.353E-03  3.660E-10 -1.910E-09 -2.167E-12 -8.510E-13  1.00E-07
  1.220E+02 3.78988E-18 -2.339E-03  3.853E-10 -1.908E-09 -2.151E-12 -8.516E-13  1.00E-07
  1.225E+02 3.79894E-18 -2.325E-03  4.043E-10 -1.907E-09 -2.135E-12 -8.520E-13  1.00E-07
  1.230E+02 3.80805E-18 -2.310E-03  4.232E-10 -1.905E-09 -2.120E-12 -8.522E-13  1.00E-07
  1.235E+02 3.81721E-18 -2.295E-03  4.419E-10 -1.903E-09 -2.104E-12 -8.523E-13  1.00E-07
  1.240E+02 3.82642E-18 -2.280E-03  4.603E-10 -1.901E-09 -2.088E-12 -8.521E-13  1.00E-07
  1.245E+02 3.83568E-18 -2.264E-03  4.786E-10 -1.899E-09 -2.072E-12 -8.518E-13  1.00E-07
  1.250E+02 3.84497E-18 -2.248E-03  4.967E-10 -1.897E-09 -2.056E-12 -8.512E-13  1.00E-07
  1.255E+02 3.85430E-18 -2.232E-03  5.146E-10 -1.895E-09 -2.040E-12 -8.505E-13  1.00E-07
  1.260E+02 3.86366E-18 -2.216E-03  5.322E-10 -1.892E-09 -2.023E-12 -8.496E-13  1.00E-07
  1.265E+02 3.87305E-18 -2.199E-03  5.497E-10 -1.890E-09 -2.007E-12 -8.485E-13  1.00E-07
  1.270E+02 3.88246E-18 -2.182E-03  5.670E-10 -1.887E-09 -1.990E-12 -8.473E-13  1.00E-07
  1.275E+02 3.89190E-18 -2.165E-03  5.841E-10 -1.884E-09 -1.974E-12 -8.459E-13  1.00E-07
  1.280E+02 3.90135E-18 -2.148E-03  6.010E-10 -1.882E-09 -1.957E-12 -8.443E-13  1.00E-07
  1.285E+02 3.91081E-18 -2.131E-03  6.177E-10 -1.879E-09 -1.941E-12 -8.425E-13  1.00E-07
  1.290E+02 3.92028E-18 -2.113E-03  6.342E-10 -1.876E-09 -1.924E-12 -8.405E-13  1.00E-07
  1.295E+02 3.92976E-18 -2.095E-03  6.506E-10 -1.873E-09 -1.907E-12 -8.384E-13  1.00E-07
  1.300E+02 3.93925E-18 -2.077E-03  6.667E-10 -1.869E-09 -1.890E-12 -8.361E-13  1.00E-07
  1.305E+02 3.94873E-18 -2.059E-03  6.826E-10 -1.866E-09 -1.873E-12 -8.336E-13  1.00E-07
  1.310E+02 3.95821E-18 -2.040E-03  6.983E-10 -1.863E-09 -1.856E-12 -8.309E-13  1.00E-07
  1.315E+02 3.96768E-18 -2.022E-03  7.139E-10 -1.860E-09 -1.839E-12 -8.281E-13  1.00E-07
  1.320E+02 3.97714E-18 -2.003E-03  7.292E-10 -1.856E-09 -1.821E-12 -8.251E-13  1.00E-07
  1.325E+02 3.98659E-18 -1.984E-03  7.444E-10 -1.853E-09 -1.804E-12 -8.220E-13  1.00E-07
  1.330E+02 3.99602E-18 -1.965E-03  7.594E-10 -1.849E-09 -1.787E-12 -8.187E-13  1.00E-07
  1.335E+02 4.00544E-18 -1.946E-03  7.741E-10 -1.846E-09 -1.769E-12 -8.152E-13  1.00E-07
  1.340E+02 4.01483E-18 -1.926E-03  7.887E-10 -1.842E-09 -1.752E-12 -8.116E-13  1.00E-07
  1.345E+02 4.02419E-18 -1.907E-03  8.031E-10 -1.838E-09 -1.734E-12 -8.078E-13  1.00E-07
  1.350E+02 4.03353E-18 -1.887E-03  8.173E-10 -1.835E-09 -1.717E-12 -8.038E-13  1.00E-07
  1.355E+02 4.04284E-18 -1.868E-03  8.313E-10 -1.831E-09 -1.699E-12 -7.997E-13  1.00E-07
  1.360E+02 4.05212E-18 -1.848E-03  8.452E-10 -1.827E-09 -1.681E-12 -7.954E-13  1.00E-07
  1.365E+02 4.06136E-18 -1.828E-03  8.588E-10 -1.823E-09 -1.663E-12 -7.910E-13  1.00E-07
  1.370E+02 4.07056E-18 -1.808E-03  8.723E-10 -1.819E-09 -1.646E-12 -7.864E-13  1.00E-07
  1.375E+02 4.07972E-18 -1.788E-03  8.856E-10 -1.815E-09 -1.628E-12 -7.817E-13  1.00E-07
  1.380E+02 4.08883E-18 -1.768E-03  8.986E-10 -1.811E-09 -1.610E-12 -7.768E-13  1.00E-07
  1.385E+02 4.09790E-18 -1.747E-03  9.116E-10 -1.807E-09 -1.592E-12 -7.718E-13  1.00E-07
  1.390E+02 4.10692E-18 -1.727E-03  9.243E-10 -1.804E-09 -1.574E-12 -7.666E-13  1.00E-07
  1.395E+02 4.11589E-18 -1.707E-03  9.368E-10 -1.800E-09 -1.555E-12 -7.613E-13  1.00E-07
  1.400E+02 4.12481E-18 -1.686E-03  9.492E-10 -1.796E-09 -1.537E-12 -7.558E-13  1.00E-07
  1.405E+02 4.13367E-18 -1.666E-03  9.613E-10 -1.792E-09 -1.519E-12 -7.502E-13  1.00E-07
  1.410E+02 4.14247E-18 -1.645E-03  9.733E-10 -1.787E-09 -1.501E-12 -7.444E-13  1.00E-07
  1.415E+02 4.15121E-18 -1.624E-03  9.852E-10 -1.783E-09 -1.483E-12 -7.385E-13  1.00E-07
  1.420E+02 4.15989E-18 -1.604E-03  9.968E-10 -1.779E-09 -1.464E-12 -7.325E-13  1.00E-07
  1.425E+02 4.16851E-18 -1.583E-03  1.008E-09 -1.775E-09 -1.446E-12 -7.263E-13  1.00E-07
  1.430E+02 4.17705E-18 -1.562E-03  1.020E-09 -1.771E-09 -1.427E-12 -7.200E-13  1.00E-07
  1.435E+02 4.18553E-18 -1.541E-03  1.031E-09 -1.767E-09 -1.409E-12 -7.136E-13  1.00E-07
  1.440E+02 4.19394E-18 -1.520E-03  1.042E-09 -1.763E-09 -1.390E-12 -7.070E-13  1.00E-07
  1.445E+02 4.20228E-18 -1.499E-03  1.052E-09 -1.759E-09 -1.372E-12 -7.003E-13  1.00E-07
  1.450E+02 4.21054E-18 -1.478E-03  1.063E-09 -1.755E-09 -1.353E-12 -6.935E-13  1.00E-07
  1.455E+02 4.21872E-18 -1.457E-03  1.073E-09 -1.751E-09 -1.335E-12 -6.865E-13  1.00E-07
  1.460E+02 4.22683E-18 -1.436E-03  1.084E-09 -1.747E-09 -1.316E-12 -6.794E-13  1.00E-07
  1.465E+02 4.23485E-18 -1.415E-03  1.094E-09 -1.743E-09 -1.297E-12 -6.722E-13  1.00E-07
  1.470E+02 4.24280E-18 -1.394E-03  1.104E-09 -1.739E-09 -1.278E-12 -6.649E-13  1.00E-07
  1.475E+02 4.25065E-18 -1.373E-03  1.113E-09 -1.735E-09 -1.260E-12 -6.574E-13  1.00E-07
  1.480E+02 4.25843E-18 -1.352E-03  1.123E-09 -1.731E-09 -1.241E-12 -6.499E-13  1.00E-07
  1.485E+02 4.26611E-18 -1.331E-03  1.132E-09 -1.728E-09 -1.222E-12 -6.422E-13  1.00E-07
  1.490E+02 4.27371E-18 -1.309E-03  1.141E-09 -1.724E-09 -1.203E-12 -6.344E-13  1.00E-07
  1.495E+02 4.28122E-18 -1.288E-03  1.150E-09 -1.720E-09 -1.184E-12 -6.265E-13  1.00E-07
  1.500E+02 4.28863E-18 -1.267E-03  1.159E-09 -1.716E-09 -1.165E-12 -6.185E-13  1.00E-07
  1.505E+02 4.29595E-18 -1.246E-03  1.168E-09 -1.712E-09 -1.146E-12 -6.103E-13  1.00E-07
  1.510E+02 4.30317E-18 -1.224E-03  1.177E-09 -1.708E-09 -1.127E-12 -6.021E-13  1.00E-07
  1.515E+02 4.31030E-18 -1.203E-03  1.185E-09 -1.705E-09 -1.108E-12 -5.937E-13  1.00E-07
  1.520E+02 4.31733E-18 -1.182E-03  1.193E-09 -1.701E-09 -1.089E-12 -5.853E-13  1.00E-07
  1.525E+02 4.32426E-18 -1.161E-03  1.201E-09 -1.697E-09 -1.070E-12 -5.767E-13  1.00E-07
  1.530E+02 4.33109E-18 -1.139E-03  1.209E-09 -1.694E-09 -1.051E-12 -5.681E-13  1.00E-07
  1.535E+02 4.33782E-18 -1.118E-03  1.217E-09 -1.690E-09 -1.032E-12 -5.593E-13  1.00E-07
  1.540E+02 4.34444E-18 -1.097E-03  1.225E-09 -1.687E-09 -1.013E-12 -5.504E-13  1.00E-07
  1.545E+02 4.35096E-18 -1.076E-03  1.232E-09 -1.683E-09 -9.939E-13 -5.415E-13  1.00E-07
  1.550E+02 4.35737E-18 -1.054E-03  1.239E-09 -1.680E-09 -9.747E-13 -5.324E-13  1.00E-07
  1.555E+02 4.36367E-18 -1.033E-03  1.246E-09 -1.676E-09 -9.555E-13 -5.233E-13  1.00E-07
  1.560E+02 4.36987E-18 -1.012E-03  1.253E-09 -1.673E-09 -9.363E-13 -5.141E-13  1.00E-07
  1.565E+02 4.37595E-18 -9.906E-04  1.260E-09 -1.670E-09 -9.171E-13 -5.047E-13  1.00E-07
  1.570E+02 4.38192E-18 -9.693E-04  1.267E-09 -1.666E-09 -8.978E-13 -4.953E-13  1.00E-07
  1.575E+02 4.38778E-18 -9.481E-04  1.273E-09 -1.663E-09 -8.786E-13 -4.858E-13  1.00E-07
  1.580E+02 4.39353E-18 -9.268E-04  1.280E-09 -1.660E-09 -8.593E-13 -4.763E-13  1.00E-07
  1.585E+02 4.39916E-18 -9.056E-04  1.286E-09 -1.657E-09 -8.400E-13 -4.666E-13  1.00E-07
  1.590E+02 4.40468E-18 -8.843E-04  1.292E-09 -1.654E-09 -8.207E-13 -4.569E-13  1.00E-07
  1.595E+02 4.41008E-18 -8.631E-04  1.298E-09 -1.651E-09 -8.013E-13 -4.471E-13  1.00E-07
  1.600E+02 4.41537E-18 -8.419E-04  1.304E-09 -1.648E-09 -7.820E-13 -4.372E-13  1.00E-07
  1.605E+02 4.42053E-18 -8.207E-04  1.309E-09 -1.645E-09 -7.626E-13 -4.272E-13  1.00E-07
  1.610E+02 4.42558E-18 -7.995E-04  1.315E-09 -1.642E-09 -7.432E-13 -4.172E-13  1.00E-07
  1.615E+02 4.43050E-18 -7.783E-04  1.320E-09 -1.640E-09 -7.238E-13 -4.070E-13  1.00E-07
  1.620E+02 4.43531E-18 -7.571E-04  1.325E-09 -1.637E-09 -7.044E-13 -3.969E-13  1.00E-07
  1.625E+02 4.43999E-18 -7.359E-04  1.330E-09 -1.634E-09 -6.850E-13 -3.866E-13  1.00E-07
  1.630E+02 4.44455E-18 -7.147E-04  1.335E-09 -1.632E-09 -6.655E-13 -3.763E-13  1.00E-07
  1.635E+02 4.44899E-18 -6.936E-04  1.340E-09 -1.629E-09 -6.461E-13 -3.659E-13  1.00E-07
  1.640E+02 4.45330E-18 -6.724E-04  1.344E-09 -1.627E-09 -6.266E-13 -3.555E-13  1.00E-07
  1.645E+02 4.45749E-18 -6.513E-04  1.349E-09 -1.625E-09 -6.072E-13 -3.450E-13  1.00E-07
  1.650E+02 4.46155E-18 -6.302E-04  1.353E-09 -1.622E-09 -5.877E-13 -3.344E-13  1.00E-07
  1.655E+02 4.46548E-18 -6.090E-04  1.357E-09 -1.620E-09 -5.682E-13 -3.238E-13  1.00E-07
  1.660E+02 4.46929E-18 -5.879E-04  1.361E-09 -1.618E-09 -5.487E-13 -3.132E-13  1.00E-07
  1.665E+02 4.47297E-18 -5.668E-04  1.365E-09 -1.616E-09 -5.292E-13 -3.024E-13  1.00E-07
  1.670E+02 4.47652E-18 -5.457E-04  1.368E-09 -1.614E-09 -5.096E-13 -2.917E-13  1.00E-07
  1.675E+02 4.47994E-18 -5.247E-04  1.372E-09 -1.612E-09 -4.901E-13 -2.809E-13  1.00E-07
  1.680E+02 4.48324E-18 -5.036E-04  1.375E-09 -1.610E-09 -4.706E-13 -2.700E-13  1.00E-07
  1.685E+02 4.48640E-18 -4.825E-04  1.379E-09 -1.608E-09 -4.510E-13 -2.591E-13  1.00E-07
  1.690E+02 4.48943E-18 -4.615E-04  1.382E-09 -1.606E-09 -4.315E-13 -2.481E-13  1.00E-07
  1.695E+02 4.49233E-18 -4.404E-04  1.385E-09 -1.605E-09 -4.119E-13 -2.371E-13  1.00E-07
  1.700E+02 4.49510E-18 -4.194E-04  1.388E-09 -1.603E-09 -3.923E-13 -2.261E-13  1.00E-07
  1.705E+02 4.49773E-18 -3.984E-04  1.390E-09 -1.602E-09 -3.727E-13 -2.150E-13  1.00E-07
  1.710E+02 4.50024E-18 -3.774E-04  1.393E-09 -1.600E-09 -3.532E-13 -2.039E-13  1.00E-07
  1.715E+02 4.50261E-18 -3.564E-04  1.395E-09 -1.599E-09 -3.336E-13 -1.928E-13  1.00E-07
  1.720E+02 4.50484E-18 -3.354E-04  1.397E-09 -1.597E-09 -3.140E-13 -1.816E-13  1.00E-07
  1.725E+02 4.50695E-18 -3.144E-04  1.400E-09 -1.596E-09 -2.944E-13 -1.704E-13  1.00E-07
  1.730E+02 4.50892E-18 -2.934E-04  1.402E-09 -1.595E-09 -2.748E-13 -1.592E-13  1.00E-07
  1.735E+02 4.51075E-18 -2.724E-04  1.403E-09 -1.594E-09 -2.552E-13 -1.479E-13  1.00E-07
  1.740E+02 4.51245E-18 -2.514E-04  1.405E-09 -1.593E-09 -2.356E-13 -1.366E-13  1.00E-07
  1.745E+02 4.51402E-18 -2.304E-04  1.407E-09 -1.592E-09 -2.159E-13 -1.253E-13  1.00E-07
  1.750E+02 4.51545E-18 -2.095E-04  1.408E-09 -1.591E-09 -1.963E-13 -1.140E-13  1.00E-07
  1.755E+02 4.51674E-18 -1.885E-04  1.409E-09 -1.591E-09 -1.767E-13 -1.026E-13  1.00E-07
  1.760E+02 4.51790E-18 -1.676E-04  1.411E-09 -1.590E-09 -1.571E-13 -9.128E-14  1.00E-07
  1.765E+02 4.51892E-18 -1.466E-04  1.412E-09 -1.589E-09 -1.374E-13 -7.990E-14  1.00E-07
  1.770E+02 4.51981E-18 -1.257E-04  1.413E-09 -1.589E-09 -1.178E-13 -6.851E-14  1.00E-07
  1.775E+02 4.52056E-18 -1.047E-04  1.413E-09 -1.588E-09 -9.818E-14 -5.711E-14  1.00E-07
  1.780E+02 4.52118E-18 -8.376E-05  1.414E-09 -1.588E-09 -7.855E-14 -4.570E-14  1.00E-07
  1.785E+02 4.52165E-18 -6.282E-05  1.414E-09 -1.588E-09 -5.891E-14 -3.428E-14  1.00E-07
  1.790E+02 4.52200E-18 -4.188E-05  1.415E-09 -1.588E-09 -3.927E-14 -2.286E-14  1.00E-07
  1.795E+02 4.52220E-18 -2.094E-05  1.415E-09 -1.587E-09 -1.964E-14 -1.143E-14  1.00E-07
  1.800E+02 4.52227E-18 -2.939E-19  1.415E-09 -1.587E-09 -2.756E-28 -1.604E-28  1.00E-07

  TOTAL ELASTIC CROSS SECTION = 1.536706E-16 cm**2
               FROM DCS TABLE = 1.536679E-16  (REL. DIF. = 1.80E-05)

  1ST TRANSPORT CROSS SECTION = 5.898245E-17 cm**2
               FROM DCS TABLE = 5.898256E-17  (REL. DIF. = 1.76E-06)

  2ND TRANSPORT CROSS SECTION = 7.435295E-17 cm**2

  **** DPWA0 ENDED ************************************************************

