 #  Scattering amplitudes (in cm)      MU=(1-cos(TH))/2
 #  Z =   6,   projectile: electron
 #  Kinetic energy = 2.44000E+02 eV
 #
 # TH (deg)      MU          Re(F)        Im(F)        Re(G)        Im(G)
 #--------------------------------------------------------------------------
  0.000E+00  0.00000E+00  1.83558E-08  1.03481E-08  0.00000E+00  0.00000E+00
  1.000E-04  7.61557E-13  1.83558E-08  1.03481E-08  7.00260E-18  6.49553E-18
  1.250E-04  1.18994E-12  1.83558E-08  1.03481E-08  8.75325E-18  8.11942E-18
  1.500E-04  1.71346E-12  1.83558E-08  1.03481E-08  1.05039E-17  9.74330E-18
  1.750E-04  2.33225E-12  1.83558E-08  1.03481E-08  1.22546E-17  1.13672E-17
  2.000E-04  3.04617E-12  1.83558E-08  1.03481E-08  1.40052E-17  1.29911E-17
  2.250E-04  3.85530E-12  1.83558E-08  1.03481E-08  1.57559E-17  1.46150E-17
  2.500E-04  4.75964E-12  1.83558E-08  1.03481E-08  1.75065E-17  1.62388E-17
  2.750E-04  5.75917E-12  1.83558E-08  1.03481E-08  1.92572E-17  1.78627E-17
  3.000E-04  6.85391E-12  1.83558E-08  1.03481E-08  2.10078E-17  1.94866E-17
  3.250E-04  8.04379E-12  1.83558E-08  1.03481E-08  2.27585E-17  2.11105E-17
  3.500E-04  9.32893E-12  1.83558E-08  1.03481E-08  2.45091E-17  2.27344E-17
  3.750E-04  1.07092E-11  1.83558E-08  1.03481E-08  2.62598E-17  2.43583E-17
  4.000E-04  1.21847E-11  1.83558E-08  1.03481E-08  2.80104E-17  2.59821E-17
  4.250E-04  1.37554E-11  1.83558E-08  1.03481E-08  2.97611E-17  2.76060E-17
  4.500E-04  1.54213E-11  1.83558E-08  1.03481E-08  3.15117E-17  2.92299E-17
  4.750E-04  1.71823E-11  1.83558E-08  1.03481E-08  3.32624E-17  3.08538E-17
  5.000E-04  1.90386E-11  1.83558E-08  1.03481E-08  3.50130E-17  3.24777E-17
  5.250E-04  2.09900E-11  1.83558E-08  1.03481E-08  3.67637E-17  3.41016E-17
  5.500E-04  2.30367E-11  1.83558E-08  1.03481E-08  3.85143E-17  3.57254E-17
  5.750E-04  2.51785E-11  1.83558E-08  1.03481E-08  4.02650E-17  3.73493E-17
  6.000E-04  2.74156E-11  1.83558E-08  1.03481E-08  4.20156E-17  3.89732E-17
  6.250E-04  2.97478E-11  1.83558E-08  1.03481E-08  4.37663E-17  4.05971E-17
  6.500E-04  3.21752E-11  1.83558E-08  1.03481E-08  4.55169E-17  4.22210E-17
  6.750E-04  3.46979E-11  1.83558E-08  1.03481E-08  4.72676E-17  4.38449E-17
  7.000E-04  3.73157E-11  1.83558E-08  1.03481E-08  4.90182E-17  4.54687E-17
  7.250E-04  4.00286E-11  1.83558E-08  1.03481E-08  5.07689E-17  4.70926E-17
  7.500E-04  4.28368E-11  1.83558E-08  1.03481E-08  5.25195E-17  4.87165E-17
  7.750E-04  4.57402E-11  1.83558E-08  1.03481E-08  5.42702E-17  5.03404E-17
  8.000E-04  4.87388E-11  1.83558E-08  1.03481E-08  5.60208E-17  5.19643E-17
  8.250E-04  5.18325E-11  1.83558E-08  1.03481E-08  5.77715E-17  5.35882E-17
  8.500E-04  5.50215E-11  1.83558E-08  1.03481E-08  5.95221E-17  5.52120E-17
  8.750E-04  5.83057E-11  1.83558E-08  1.03481E-08  6.12728E-17  5.68359E-17
  9.000E-04  6.16850E-11  1.83558E-08  1.03481E-08  6.30234E-17  5.84598E-17
  9.250E-04  6.51595E-11  1.83558E-08  1.03481E-08  6.47741E-17  6.00837E-17
  9.500E-04  6.87293E-11  1.83558E-08  1.03481E-08  6.65247E-17  6.17076E-17
  9.750E-04  7.23943E-11  1.83558E-08  1.03481E-08  6.82754E-17  6.33315E-17
  1.000E-03  7.61544E-11  1.83558E-08  1.03481E-08  7.00260E-17  6.49553E-17
  1.250E-03  1.18991E-10  1.83558E-08  1.03481E-08  8.75325E-17  8.11942E-17
  1.500E-03  1.71347E-10  1.83558E-08  1.03481E-08  1.05039E-16  9.74330E-17
  1.750E-03  2.33223E-10  1.83558E-08  1.03481E-08  1.22546E-16  1.13672E-16
  2.000E-03  3.04617E-10  1.83558E-08  1.03481E-08  1.40052E-16  1.29911E-16
  2.250E-03  3.85531E-10  1.83558E-08  1.03481E-08  1.57559E-16  1.46150E-16
  2.500E-03  4.75965E-10  1.83558E-08  1.03481E-08  1.75065E-16  1.62388E-16
  2.750E-03  5.75917E-10  1.83558E-08  1.03481E-08  1.92572E-16  1.78627E-16
  3.000E-03  6.85389E-10  1.83558E-08  1.03481E-08  2.10078E-16  1.94866E-16
  3.250E-03  8.04380E-10  1.83558E-08  1.03481E-08  2.27585E-16  2.11105E-16
  3.500E-03  9.32891E-10  1.83558E-08  1.03481E-08  2.45091E-16  2.27344E-16
  3.750E-03  1.07092E-09  1.83558E-08  1.03481E-08  2.62598E-16  2.43583E-16
  4.000E-03  1.21847E-09  1.83558E-08  1.03481E-08  2.80104E-16  2.59821E-16
  4.250E-03  1.37554E-09  1.83558E-08  1.03481E-08  2.97611E-16  2.76060E-16
  4.500E-03  1.54213E-09  1.83558E-08  1.03481E-08  3.15117E-16  2.92299E-16
  4.750E-03  1.71823E-09  1.83558E-08  1.03481E-08  3.32624E-16  3.08538E-16
  5.000E-03  1.90386E-09  1.83558E-08  1.03481E-08  3.50130E-16  3.24777E-16
  5.250E-03  2.09900E-09  1.83558E-08  1.03481E-08  3.67637E-16  3.41016E-16
  5.500E-03  2.30367E-09  1.83558E-08  1.03481E-08  3.85143E-16  3.57254E-16
  5.750E-03  2.51785E-09  1.83558E-08  1.03481E-08  4.02650E-16  3.73493E-16
  6.000E-03  2.74156E-09  1.83558E-08  1.03481E-08  4.20156E-16  3.89732E-16
  6.250E-03  2.97478E-09  1.83558E-08  1.03481E-08  4.37663E-16  4.05971E-16
  6.500E-03  3.21752E-09  1.83558E-08  1.03481E-08  4.55169E-16  4.22210E-16
  6.750E-03  3.46978E-09  1.83558E-08  1.03481E-08  4.72676E-16  4.38449E-16
  7.000E-03  3.73156E-09  1.83558E-08  1.03481E-08  4.90182E-16  4.54687E-16
  7.250E-03  4.00286E-09  1.83558E-08  1.03481E-08  5.07689E-16  4.70926E-16
  7.500E-03  4.28368E-09  1.83558E-08  1.03481E-08  5.25195E-16  4.87165E-16
  7.750E-03  4.57402E-09  1.83558E-08  1.03481E-08  5.42702E-16  5.03404E-16
  8.000E-03  4.87388E-09  1.83558E-08  1.03481E-08  5.60208E-16  5.19643E-16
  8.250E-03  5.18326E-09  1.83558E-08  1.03481E-08  5.77715E-16  5.35882E-16
  8.500E-03  5.50215E-09  1.83558E-08  1.03481E-08  5.95221E-16  5.52120E-16
  8.750E-03  5.83057E-09  1.83558E-08  1.03481E-08  6.12728E-16  5.68359E-16
  9.000E-03  6.16850E-09  1.83558E-08  1.03481E-08  6.30234E-16  5.84598E-16
  9.250E-03  6.51596E-09  1.83558E-08  1.03481E-08  6.47741E-16  6.00837E-16
  9.500E-03  6.87293E-09  1.83558E-08  1.03481E-08  6.65247E-16  6.17076E-16
  9.750E-03  7.23942E-09  1.83558E-08  1.03481E-08  6.82754E-16  6.33315E-16
  1.000E-02  7.61544E-09  1.83558E-08  1.03481E-08  7.00260E-16  6.49553E-16
  1.250E-02  1.18991E-08  1.83558E-08  1.03481E-08  8.75325E-16  8.11942E-16
  1.500E-02  1.71347E-08  1.83558E-08  1.03481E-08  1.05039E-15  9.74330E-16
  1.750E-02  2.33223E-08  1.83558E-08  1.03481E-08  1.22545E-15  1.13672E-15
  2.000E-02  3.04617E-08  1.83558E-08  1.03481E-08  1.40052E-15  1.29911E-15
  2.250E-02  3.85531E-08  1.83558E-08  1.03481E-08  1.57558E-15  1.46149E-15
  2.500E-02  4.75965E-08  1.83558E-08  1.03481E-08  1.75065E-15  1.62388E-15
  2.750E-02  5.75917E-08  1.83558E-08  1.03481E-08  1.92571E-15  1.78627E-15
  3.000E-02  6.85389E-08  1.83558E-08  1.03481E-08  2.10077E-15  1.94866E-15
  3.250E-02  8.04380E-08  1.83557E-08  1.03481E-08  2.27584E-15  2.11105E-15
  3.500E-02  9.32891E-08  1.83557E-08  1.03481E-08  2.45090E-15  2.27344E-15
  3.750E-02  1.07092E-07  1.83557E-08  1.03481E-08  2.62596E-15  2.43582E-15
  4.000E-02  1.21847E-07  1.83557E-08  1.03481E-08  2.80103E-15  2.59821E-15
  4.250E-02  1.37554E-07  1.83557E-08  1.03481E-08  2.97609E-15  2.76060E-15
  4.500E-02  1.54213E-07  1.83557E-08  1.03481E-08  3.15115E-15  2.92299E-15
  4.750E-02  1.71823E-07  1.83557E-08  1.03481E-08  3.32621E-15  3.08538E-15
  5.000E-02  1.90386E-07  1.83557E-08  1.03481E-08  3.50127E-15  3.24776E-15
  5.250E-02  2.09900E-07  1.83557E-08  1.03481E-08  3.67633E-15  3.41015E-15
  5.500E-02  2.30367E-07  1.83556E-08  1.03481E-08  3.85139E-15  3.57254E-15
  5.750E-02  2.51785E-07  1.83556E-08  1.03481E-08  4.02645E-15  3.73493E-15
  6.000E-02  2.74156E-07  1.83556E-08  1.03481E-08  4.20151E-15  3.89731E-15
  6.250E-02  2.97478E-07  1.83556E-08  1.03481E-08  4.37657E-15  4.05970E-15
  6.500E-02  3.21752E-07  1.83556E-08  1.03481E-08  4.55163E-15  4.22209E-15
  6.750E-02  3.46978E-07  1.83556E-08  1.03481E-08  4.72668E-15  4.38447E-15
  7.000E-02  3.73156E-07  1.83555E-08  1.03481E-08  4.90174E-15  4.54686E-15
  7.250E-02  4.00286E-07  1.83555E-08  1.03481E-08  5.07680E-15  4.70925E-15
  7.500E-02  4.28368E-07  1.83555E-08  1.03481E-08  5.25185E-15  4.87164E-15
  7.750E-02  4.57402E-07  1.83555E-08  1.03481E-08  5.42691E-15  5.03402E-15
  8.000E-02  4.87388E-07  1.83555E-08  1.03481E-08  5.60196E-15  5.19641E-15
  8.250E-02  5.18325E-07  1.83554E-08  1.03481E-08  5.77701E-15  5.35880E-15
  8.500E-02  5.50215E-07  1.83554E-08  1.03481E-08  5.95207E-15  5.52118E-15
  8.750E-02  5.83057E-07  1.83554E-08  1.03481E-08  6.12712E-15  5.68357E-15
  9.000E-02  6.16850E-07  1.83554E-08  1.03481E-08  6.30217E-15  5.84596E-15
  9.250E-02  6.51596E-07  1.83553E-08  1.03481E-08  6.47722E-15  6.00834E-15
  9.500E-02  6.87293E-07  1.83553E-08  1.03481E-08  6.65227E-15  6.17073E-15
  9.750E-02  7.23942E-07  1.83553E-08  1.03481E-08  6.82732E-15  6.33311E-15
  1.000E-01  7.61543E-07  1.83553E-08  1.03480E-08  7.00237E-15  6.49550E-15
  1.250E-01  1.18991E-06  1.83550E-08  1.03480E-08  8.75279E-15  8.11935E-15
  1.500E-01  1.71347E-06  1.83546E-08  1.03480E-08  1.05031E-14  9.74319E-15
  1.750E-01  2.33223E-06  1.83541E-08  1.03479E-08  1.22533E-14  1.13670E-14
  2.000E-01  3.04617E-06  1.83536E-08  1.03478E-08  1.40033E-14  1.29908E-14
  2.250E-01  3.85531E-06  1.83530E-08  1.03478E-08  1.57532E-14  1.46146E-14
  2.500E-01  4.75964E-06  1.83524E-08  1.03477E-08  1.75028E-14  1.62383E-14
  2.750E-01  5.75916E-06  1.83517E-08  1.03476E-08  1.92522E-14  1.78620E-14
  3.000E-01  6.85388E-06  1.83509E-08  1.03475E-08  2.10014E-14  1.94857E-14
  3.250E-01  8.04378E-06  1.83500E-08  1.03474E-08  2.27503E-14  2.11093E-14
  3.500E-01  9.32888E-06  1.83491E-08  1.03472E-08  2.44990E-14  2.27329E-14
  3.750E-01  1.07092E-05  1.83481E-08  1.03471E-08  2.62473E-14  2.43565E-14
  4.000E-01  1.21846E-05  1.83471E-08  1.03470E-08  2.79953E-14  2.59799E-14
  4.250E-01  1.37553E-05  1.83459E-08  1.03468E-08  2.97429E-14  2.76034E-14
  4.500E-01  1.54212E-05  1.83448E-08  1.03467E-08  3.14901E-14  2.92268E-14
  4.750E-01  1.71822E-05  1.83435E-08  1.03465E-08  3.32370E-14  3.08501E-14
  5.000E-01  1.90385E-05  1.83422E-08  1.03463E-08  3.49834E-14  3.24734E-14
  5.250E-01  2.09899E-05  1.83408E-08  1.03461E-08  3.67294E-14  3.40966E-14
  5.500E-01  2.30365E-05  1.83393E-08  1.03459E-08  3.84749E-14  3.57198E-14
  5.750E-01  2.51783E-05  1.83378E-08  1.03457E-08  4.02200E-14  3.73428E-14
  6.000E-01  2.74153E-05  1.83362E-08  1.03455E-08  4.19645E-14  3.89658E-14
  6.250E-01  2.97475E-05  1.83345E-08  1.03453E-08  4.37085E-14  4.05887E-14
  6.500E-01  3.21749E-05  1.83328E-08  1.03451E-08  4.54519E-14  4.22116E-14
  6.750E-01  3.46974E-05  1.83309E-08  1.03448E-08  4.71948E-14  4.38343E-14
  7.000E-01  3.73152E-05  1.83291E-08  1.03446E-08  4.89371E-14  4.54570E-14
  7.250E-01  4.00281E-05  1.83271E-08  1.03443E-08  5.06787E-14  4.70796E-14
  7.500E-01  4.28362E-05  1.83251E-08  1.03441E-08  5.24197E-14  4.87021E-14
  7.750E-01  4.57395E-05  1.83230E-08  1.03438E-08  5.41600E-14  5.03245E-14
  8.000E-01  4.87380E-05  1.83209E-08  1.03435E-08  5.58997E-14  5.19468E-14
  8.250E-01  5.18317E-05  1.83187E-08  1.03432E-08  5.76386E-14  5.35690E-14
  8.500E-01  5.50205E-05  1.83164E-08  1.03429E-08  5.93769E-14  5.51911E-14
  8.750E-01  5.83045E-05  1.83141E-08  1.03426E-08  6.11143E-14  5.68130E-14
  9.000E-01  6.16838E-05  1.83116E-08  1.03423E-08  6.28510E-14  5.84349E-14
  9.250E-01  6.51582E-05  1.83092E-08  1.03419E-08  6.45869E-14  6.00566E-14
  9.500E-01  6.87277E-05  1.83066E-08  1.03416E-08  6.63220E-14  6.16783E-14
  9.750E-01  7.23925E-05  1.83040E-08  1.03412E-08  6.80562E-14  6.32998E-14
  1.000E+00  7.61524E-05  1.83013E-08  1.03409E-08  6.97896E-14  6.49212E-14
  1.100E+00  9.21439E-05  1.82899E-08  1.03394E-08  7.67141E-14  7.14054E-14
  1.200E+00  1.09658E-04  1.82774E-08  1.03377E-08  8.36231E-14  7.78874E-14
  1.300E+00  1.28695E-04  1.82638E-08  1.03359E-08  9.05152E-14  8.43669E-14
  1.400E+00  1.49255E-04  1.82492E-08  1.03340E-08  9.73890E-14  9.08437E-14
  1.500E+00  1.71338E-04  1.82335E-08  1.03319E-08  1.04243E-13  9.73177E-14
  1.600E+00  1.94942E-04  1.82167E-08  1.03296E-08  1.11076E-13  1.03789E-13
  1.700E+00  2.20070E-04  1.81989E-08  1.03272E-08  1.17887E-13  1.10256E-13
  1.800E+00  2.46720E-04  1.81800E-08  1.03247E-08  1.24674E-13  1.16721E-13
  1.900E+00  2.74892E-04  1.81601E-08  1.03220E-08  1.31436E-13  1.23181E-13
  2.000E+00  3.04586E-04  1.81391E-08  1.03192E-08  1.38172E-13  1.29638E-13
  2.100E+00  3.35803E-04  1.81171E-08  1.03163E-08  1.44880E-13  1.36090E-13
  2.200E+00  3.68542E-04  1.80940E-08  1.03132E-08  1.51559E-13  1.42538E-13
  2.300E+00  4.02802E-04  1.80699E-08  1.03099E-08  1.58207E-13  1.48982E-13
  2.400E+00  4.38585E-04  1.80448E-08  1.03066E-08  1.64824E-13  1.55421E-13
  2.500E+00  4.75889E-04  1.80187E-08  1.03030E-08  1.71409E-13  1.61856E-13
  2.600E+00  5.14715E-04  1.79915E-08  1.02994E-08  1.77959E-13  1.68285E-13
  2.700E+00  5.55063E-04  1.79634E-08  1.02956E-08  1.84473E-13  1.74709E-13
  2.800E+00  5.96931E-04  1.79342E-08  1.02916E-08  1.90951E-13  1.81127E-13
  2.900E+00  6.40321E-04  1.79040E-08  1.02875E-08  1.97392E-13  1.87540E-13
  3.000E+00  6.85233E-04  1.78729E-08  1.02833E-08  2.03793E-13  1.93946E-13
  3.100E+00  7.31665E-04  1.78408E-08  1.02789E-08  2.10154E-13  2.00347E-13
  3.200E+00  7.79618E-04  1.78077E-08  1.02744E-08  2.16473E-13  2.06742E-13
  3.300E+00  8.29092E-04  1.77736E-08  1.02697E-08  2.22750E-13  2.13130E-13
  3.400E+00  8.80086E-04  1.77386E-08  1.02649E-08  2.28984E-13  2.19511E-13
  3.500E+00  9.32601E-04  1.77026E-08  1.02600E-08  2.35172E-13  2.25885E-13
  3.600E+00  9.86636E-04  1.76657E-08  1.02549E-08  2.41314E-13  2.32253E-13
  3.700E+00  1.04219E-03  1.76279E-08  1.02497E-08  2.47410E-13  2.38613E-13
  3.800E+00  1.09927E-03  1.75891E-08  1.02443E-08  2.53457E-13  2.44966E-13
  3.900E+00  1.15786E-03  1.75494E-08  1.02388E-08  2.59455E-13  2.51311E-13
  4.000E+00  1.21797E-03  1.75088E-08  1.02332E-08  2.65403E-13  2.57648E-13
  4.100E+00  1.27961E-03  1.74673E-08  1.02274E-08  2.71299E-13  2.63977E-13
  4.200E+00  1.34276E-03  1.74249E-08  1.02215E-08  2.77143E-13  2.70298E-13
  4.300E+00  1.40743E-03  1.73816E-08  1.02155E-08  2.82934E-13  2.76611E-13
  4.400E+00  1.47362E-03  1.73374E-08  1.02093E-08  2.88670E-13  2.82915E-13
  4.500E+00  1.54133E-03  1.72924E-08  1.02029E-08  2.94351E-13  2.89210E-13
  4.600E+00  1.61056E-03  1.72465E-08  1.01965E-08  2.99976E-13  2.95496E-13
  4.700E+00  1.68131E-03  1.71998E-08  1.01899E-08  3.05544E-13  3.01773E-13
  4.800E+00  1.75357E-03  1.71523E-08  1.01832E-08  3.11054E-13  3.08041E-13
  4.900E+00  1.82735E-03  1.71039E-08  1.01763E-08  3.16505E-13  3.14299E-13
  5.000E+00  1.90265E-03  1.70547E-08  1.01693E-08  3.21896E-13  3.20548E-13
  5.100E+00  1.97947E-03  1.70047E-08  1.01621E-08  3.27227E-13  3.26787E-13
  5.200E+00  2.05780E-03  1.69539E-08  1.01549E-08  3.32496E-13  3.33015E-13
  5.300E+00  2.13765E-03  1.69023E-08  1.01474E-08  3.37703E-13  3.39233E-13
  5.400E+00  2.21902E-03  1.68500E-08  1.01399E-08  3.42847E-13  3.45441E-13
  5.500E+00  2.30190E-03  1.67968E-08  1.01322E-08  3.47928E-13  3.51638E-13
  5.600E+00  2.38630E-03  1.67430E-08  1.01244E-08  3.52943E-13  3.57825E-13
  5.700E+00  2.47222E-03  1.66884E-08  1.01165E-08  3.57894E-13  3.64000E-13
  5.800E+00  2.55965E-03  1.66330E-08  1.01084E-08  3.62778E-13  3.70164E-13
  5.900E+00  2.64859E-03  1.65770E-08  1.01002E-08  3.67596E-13  3.76317E-13
  6.000E+00  2.73905E-03  1.65202E-08  1.00918E-08  3.72347E-13  3.82458E-13
  6.100E+00  2.83103E-03  1.64627E-08  1.00834E-08  3.77030E-13  3.88588E-13
  6.200E+00  2.92452E-03  1.64045E-08  1.00748E-08  3.81644E-13  3.94705E-13
  6.300E+00  3.01952E-03  1.63457E-08  1.00660E-08  3.86189E-13  4.00811E-13
  6.400E+00  3.11604E-03  1.62862E-08  1.00572E-08  3.90664E-13  4.06904E-13
  6.500E+00  3.21407E-03  1.62260E-08  1.00482E-08  3.95069E-13  4.12985E-13
  6.600E+00  3.31362E-03  1.61652E-08  1.00391E-08  3.99404E-13  4.19054E-13
  6.700E+00  3.41468E-03  1.61038E-08  1.00298E-08  4.03667E-13  4.25110E-13
  6.800E+00  3.51725E-03  1.60418E-08  1.00204E-08  4.07858E-13  4.31152E-13
  6.900E+00  3.62133E-03  1.59791E-08  1.00109E-08  4.11977E-13  4.37182E-13
  7.000E+00  3.72692E-03  1.59159E-08  1.00013E-08  4.16023E-13  4.43199E-13
  7.100E+00  3.83403E-03  1.58520E-08  9.99155E-09  4.19996E-13  4.49202E-13
  7.200E+00  3.94265E-03  1.57876E-08  9.98167E-09  4.23896E-13  4.55191E-13
  7.300E+00  4.05278E-03  1.57226E-08  9.97166E-09  4.27721E-13  4.61167E-13
  7.400E+00  4.16442E-03  1.56571E-08  9.96153E-09  4.31472E-13  4.67129E-13
  7.500E+00  4.27757E-03  1.55910E-08  9.95127E-09  4.35149E-13  4.73077E-13
  7.600E+00  4.39223E-03  1.55244E-08  9.94089E-09  4.38750E-13  4.79010E-13
  7.700E+00  4.50840E-03  1.54573E-08  9.93038E-09  4.42276E-13  4.84929E-13
  7.800E+00  4.62608E-03  1.53897E-08  9.91976E-09  4.45727E-13  4.90834E-13
  7.900E+00  4.74527E-03  1.53216E-08  9.90901E-09  4.49101E-13  4.96724E-13
  8.000E+00  4.86597E-03  1.52530E-08  9.89813E-09  4.52400E-13  5.02599E-13
  8.100E+00  4.98817E-03  1.51839E-08  9.88714E-09  4.55621E-13  5.08459E-13
  8.200E+00  5.11188E-03  1.51144E-08  9.87603E-09  4.58767E-13  5.14304E-13
  8.300E+00  5.23711E-03  1.50444E-08  9.86479E-09  4.61835E-13  5.20133E-13
  8.400E+00  5.36383E-03  1.49740E-08  9.85344E-09  4.64827E-13  5.25947E-13
  8.500E+00  5.49207E-03  1.49032E-08  9.84197E-09  4.67741E-13  5.31746E-13
  8.600E+00  5.62181E-03  1.48320E-08  9.83038E-09  4.70579E-13  5.37529E-13
  8.700E+00  5.75306E-03  1.47603E-08  9.81867E-09  4.73338E-13  5.43295E-13
  8.800E+00  5.88581E-03  1.46883E-08  9.80684E-09  4.76021E-13  5.49046E-13
  8.900E+00  6.02007E-03  1.46159E-08  9.79490E-09  4.78625E-13  5.54780E-13
  9.000E+00  6.15583E-03  1.45431E-08  9.78284E-09  4.81152E-13  5.60499E-13
  9.100E+00  6.29310E-03  1.44699E-08  9.77067E-09  4.83601E-13  5.66200E-13
  9.200E+00  6.43187E-03  1.43964E-08  9.75838E-09  4.85973E-13  5.71885E-13
  9.300E+00  6.57214E-03  1.43226E-08  9.74597E-09  4.88267E-13  5.77553E-13
  9.400E+00  6.71392E-03  1.42485E-08  9.73346E-09  4.90482E-13  5.83205E-13
  9.500E+00  6.85720E-03  1.41740E-08  9.72083E-09  4.92621E-13  5.88839E-13
  9.600E+00  7.00198E-03  1.40992E-08  9.70808E-09  4.94681E-13  5.94456E-13
  9.700E+00  7.14827E-03  1.40242E-08  9.69523E-09  4.96664E-13  6.00056E-13
  9.800E+00  7.29605E-03  1.39489E-08  9.68226E-09  4.98569E-13  6.05638E-13
  9.900E+00  7.44534E-03  1.38732E-08  9.66919E-09  5.00397E-13  6.11202E-13
  1.000E+01  7.59612E-03  1.37974E-08  9.65600E-09  5.02147E-13  6.16749E-13
  1.025E+01  7.97965E-03  1.36066E-08  9.62256E-09  5.06184E-13  6.30538E-13
  1.050E+01  8.37255E-03  1.34145E-08  9.58844E-09  5.09740E-13  6.44213E-13
  1.075E+01  8.77480E-03  1.32211E-08  9.55367E-09  5.12818E-13  6.57773E-13
  1.100E+01  9.18641E-03  1.30267E-08  9.51823E-09  5.15420E-13  6.71214E-13
  1.125E+01  9.60736E-03  1.28313E-08  9.48216E-09  5.17550E-13  6.84537E-13
  1.150E+01  1.00376E-02  1.26351E-08  9.44546E-09  5.19213E-13  6.97738E-13
  1.175E+01  1.04773E-02  1.24383E-08  9.40813E-09  5.20413E-13  7.10817E-13
  1.200E+01  1.09262E-02  1.22410E-08  9.37019E-09  5.21155E-13  7.23771E-13
  1.225E+01  1.13844E-02  1.20433E-08  9.33166E-09  5.21444E-13  7.36598E-13
  1.250E+01  1.18520E-02  1.18454E-08  9.29253E-09  5.21287E-13  7.49298E-13
  1.275E+01  1.23288E-02  1.16474E-08  9.25283E-09  5.20689E-13  7.61868E-13
  1.300E+01  1.28150E-02  1.14494E-08  9.21256E-09  5.19656E-13  7.74308E-13
  1.325E+01  1.33104E-02  1.12516E-08  9.17173E-09  5.18197E-13  7.86615E-13
  1.350E+01  1.38150E-02  1.10540E-08  9.13036E-09  5.16316E-13  7.98788E-13
  1.375E+01  1.43290E-02  1.08568E-08  9.08846E-09  5.14023E-13  8.10827E-13
  1.400E+01  1.48521E-02  1.06600E-08  9.04604E-09  5.11324E-13  8.22729E-13
  1.425E+01  1.53845E-02  1.04638E-08  9.00311E-09  5.08227E-13  8.34494E-13
  1.450E+01  1.59262E-02  1.02683E-08  8.95968E-09  5.04740E-13  8.46121E-13
  1.475E+01  1.64770E-02  1.00736E-08  8.91576E-09  5.00870E-13  8.57607E-13
  1.500E+01  1.70371E-02  9.87971E-09  8.87136E-09  4.96627E-13  8.68953E-13
  1.525E+01  1.76063E-02  9.68677E-09  8.82651E-09  4.92018E-13  8.80157E-13
  1.550E+01  1.81848E-02  9.49486E-09  8.78120E-09  4.87052E-13  8.91219E-13
  1.575E+01  1.87724E-02  9.30405E-09  8.73545E-09  4.81737E-13  9.02136E-13
  1.600E+01  1.93692E-02  9.11442E-09  8.68927E-09  4.76082E-13  9.12910E-13
  1.625E+01  1.99751E-02  8.92604E-09  8.64267E-09  4.70096E-13  9.23538E-13
  1.650E+01  2.05901E-02  8.73896E-09  8.59567E-09  4.63786E-13  9.34020E-13
  1.675E+01  2.12143E-02  8.55327E-09  8.54827E-09  4.57163E-13  9.44356E-13
  1.700E+01  2.18476E-02  8.36901E-09  8.50049E-09  4.50234E-13  9.54545E-13
  1.725E+01  2.24900E-02  8.18623E-09  8.45234E-09  4.43008E-13  9.64585E-13
  1.750E+01  2.31415E-02  8.00500E-09  8.40383E-09  4.35494E-13  9.74478E-13
  1.775E+01  2.38021E-02  7.82536E-09  8.35497E-09  4.27700E-13  9.84221E-13
  1.800E+01  2.44717E-02  7.64735E-09  8.30578E-09  4.19635E-13  9.93815E-13
  1.825E+01  2.51504E-02  7.47102E-09  8.25625E-09  4.11308E-13  1.00326E-12
  1.850E+01  2.58382E-02  7.29641E-09  8.20642E-09  4.02728E-13  1.01255E-12
  1.875E+01  2.65349E-02  7.12355E-09  8.15628E-09  3.93901E-13  1.02170E-12
  1.900E+01  2.72407E-02  6.95247E-09  8.10585E-09  3.84838E-13  1.03069E-12
  1.925E+01  2.79555E-02  6.78321E-09  8.05514E-09  3.75546E-13  1.03954E-12
  1.950E+01  2.86793E-02  6.61580E-09  8.00416E-09  3.66033E-13  1.04823E-12
  1.975E+01  2.94120E-02  6.45025E-09  7.95293E-09  3.56308E-13  1.05677E-12
  2.000E+01  3.01537E-02  6.28660E-09  7.90144E-09  3.46379E-13  1.06516E-12
  2.025E+01  3.09043E-02  6.12485E-09  7.84972E-09  3.36253E-13  1.07340E-12
  2.050E+01  3.16639E-02  5.96504E-09  7.79778E-09  3.25938E-13  1.08149E-12
  2.075E+01  3.24324E-02  5.80718E-09  7.74562E-09  3.15442E-13  1.08943E-12
  2.100E+01  3.32098E-02  5.65127E-09  7.69326E-09  3.04772E-13  1.09721E-12
  2.125E+01  3.39961E-02  5.49733E-09  7.64070E-09  2.93937E-13  1.10485E-12
  2.150E+01  3.47912E-02  5.34538E-09  7.58796E-09  2.82942E-13  1.11233E-12
  2.175E+01  3.55952E-02  5.19541E-09  7.53505E-09  2.71796E-13  1.11967E-12
  2.200E+01  3.64081E-02  5.04744E-09  7.48197E-09  2.60506E-13  1.12686E-12
  2.225E+01  3.72297E-02  4.90147E-09  7.42875E-09  2.49078E-13  1.13389E-12
  2.250E+01  3.80602E-02  4.75750E-09  7.37538E-09  2.37519E-13  1.14078E-12
  2.275E+01  3.88995E-02  4.61554E-09  7.32188E-09  2.25836E-13  1.14752E-12
  2.300E+01  3.97476E-02  4.47558E-09  7.26826E-09  2.14035E-13  1.15411E-12
  2.325E+01  4.06044E-02  4.33762E-09  7.21453E-09  2.02123E-13  1.16055E-12
  2.350E+01  4.14700E-02  4.20166E-09  7.16070E-09  1.90106E-13  1.16684E-12
  2.375E+01  4.23443E-02  4.06769E-09  7.10677E-09  1.77990E-13  1.17299E-12
  2.400E+01  4.32273E-02  3.93571E-09  7.05276E-09  1.65782E-13  1.17899E-12
  2.425E+01  4.41190E-02  3.80572E-09  6.99867E-09  1.53486E-13  1.18484E-12
  2.450E+01  4.50194E-02  3.67770E-09  6.94452E-09  1.41109E-13  1.19055E-12
  2.475E+01  4.59284E-02  3.55164E-09  6.89031E-09  1.28656E-13  1.19611E-12
  2.500E+01  4.68461E-02  3.42755E-09  6.83606E-09  1.16133E-13  1.20153E-12
  2.550E+01  4.87074E-02  3.18519E-09  6.72745E-09  9.08980E-14  1.21194E-12
  2.600E+01  5.06030E-02  2.95052E-09  6.61876E-09  6.54438E-14  1.22179E-12
  2.650E+01  5.25328E-02  2.72345E-09  6.51004E-09  3.98096E-14  1.23107E-12
  2.700E+01  5.44967E-02  2.50385E-09  6.40138E-09  1.40324E-14  1.23980E-12
  2.750E+01  5.64946E-02  2.29160E-09  6.29283E-09 -1.18528E-14  1.24798E-12
  2.800E+01  5.85262E-02  2.08658E-09  6.18445E-09 -3.78131E-14  1.25562E-12
  2.850E+01  6.05914E-02  1.88864E-09  6.07631E-09 -6.38171E-14  1.26273E-12
  2.900E+01  6.26901E-02  1.69765E-09  5.96845E-09 -8.98354E-14  1.26931E-12
  2.950E+01  6.48222E-02  1.51346E-09  5.86093E-09 -1.15840E-13  1.27538E-12
  3.000E+01  6.69873E-02  1.33591E-09  5.75380E-09 -1.41806E-13  1.28094E-12
  3.050E+01  6.91854E-02  1.16487E-09  5.64712E-09 -1.67708E-13  1.28600E-12
  3.100E+01  7.14163E-02  1.00016E-09  5.54093E-09 -1.93522E-13  1.29057E-12
  3.150E+01  7.36799E-02  8.41644E-10  5.43528E-09 -2.19229E-13  1.29465E-12
  3.200E+01  7.59760E-02  6.89157E-10  5.33021E-09 -2.44807E-13  1.29827E-12
  3.250E+01  7.83043E-02  5.42546E-10  5.22576E-09 -2.70237E-13  1.30142E-12
  3.300E+01  8.06647E-02  4.01654E-10  5.12197E-09 -2.95503E-13  1.30413E-12
  3.350E+01  8.30571E-02  2.66326E-10  5.01888E-09 -3.20588E-13  1.30638E-12
  3.400E+01  8.54812E-02  1.36408E-10  4.91653E-09 -3.45477E-13  1.30820E-12
  3.450E+01  8.79369E-02  1.17484E-11  4.81495E-09 -3.70156E-13  1.30960E-12
  3.500E+01  9.04240E-02 -1.07804E-10  4.71417E-09 -3.94611E-13  1.31059E-12
  3.550E+01  9.29422E-02 -2.22399E-10  4.61423E-09 -4.18832E-13  1.31116E-12
  3.600E+01  9.54915E-02 -3.32182E-10  4.51514E-09 -4.42806E-13  1.31135E-12
  3.650E+01  9.80716E-02 -4.37298E-10  4.41694E-09 -4.66524E-13  1.31114E-12
  3.700E+01  1.00682E-01 -5.37889E-10  4.31965E-09 -4.89976E-13  1.31056E-12
  3.750E+01  1.03323E-01 -6.34094E-10  4.22329E-09 -5.13154E-13  1.30962E-12
  3.800E+01  1.05995E-01 -7.26049E-10  4.12789E-09 -5.36050E-13  1.30832E-12
  3.850E+01  1.08696E-01 -8.13890E-10  4.03346E-09 -5.58656E-13  1.30667E-12
  3.900E+01  1.11427E-01 -8.97745E-10  3.94003E-09 -5.80967E-13  1.30469E-12
  3.950E+01  1.14188E-01 -9.77744E-10  3.84760E-09 -6.02977E-13  1.30237E-12
  4.000E+01  1.16978E-01 -1.05401E-09  3.75620E-09 -6.24681E-13  1.29974E-12
  4.050E+01  1.19797E-01 -1.12667E-09  3.66584E-09 -6.46073E-13  1.29680E-12
  4.100E+01  1.22645E-01 -1.19584E-09  3.57653E-09 -6.67150E-13  1.29357E-12
  4.150E+01  1.25522E-01 -1.26163E-09  3.48829E-09 -6.87909E-13  1.29004E-12
  4.200E+01  1.28428E-01 -1.32416E-09  3.40112E-09 -7.08345E-13  1.28623E-12
  4.250E+01  1.31361E-01 -1.38354E-09  3.31502E-09 -7.28458E-13  1.28215E-12
  4.300E+01  1.34323E-01 -1.43988E-09  3.23002E-09 -7.48243E-13  1.27781E-12
  4.350E+01  1.37313E-01 -1.49328E-09  3.14611E-09 -7.67700E-13  1.27321E-12
  4.400E+01  1.40330E-01 -1.54384E-09  3.06331E-09 -7.86828E-13  1.26836E-12
  4.450E+01  1.43375E-01 -1.59165E-09  2.98161E-09 -8.05624E-13  1.26328E-12
  4.500E+01  1.46447E-01 -1.63683E-09  2.90101E-09 -8.24088E-13  1.25797E-12
  4.550E+01  1.49545E-01 -1.67946E-09  2.82153E-09 -8.42220E-13  1.25244E-12
  4.600E+01  1.52671E-01 -1.71962E-09  2.74315E-09 -8.60019E-13  1.24670E-12
  4.650E+01  1.55823E-01 -1.75741E-09  2.66589E-09 -8.77486E-13  1.24076E-12
  4.700E+01  1.59001E-01 -1.79291E-09  2.58974E-09 -8.94621E-13  1.23461E-12
  4.750E+01  1.62205E-01 -1.82621E-09  2.51471E-09 -9.11424E-13  1.22828E-12
  4.800E+01  1.65435E-01 -1.85739E-09  2.44078E-09 -9.27896E-13  1.22177E-12
  4.850E+01  1.68690E-01 -1.88651E-09  2.36795E-09 -9.44039E-13  1.21508E-12
  4.900E+01  1.71970E-01 -1.91366E-09  2.29623E-09 -9.59852E-13  1.20823E-12
  4.950E+01  1.75276E-01 -1.93892E-09  2.22561E-09 -9.75338E-13  1.20122E-12
  5.000E+01  1.78606E-01 -1.96234E-09  2.15608E-09 -9.90499E-13  1.19405E-12
  5.050E+01  1.81961E-01 -1.98400E-09  2.08764E-09 -1.00533E-12  1.18675E-12
  5.100E+01  1.85340E-01 -2.00397E-09  2.02029E-09 -1.01985E-12  1.17930E-12
  5.150E+01  1.88743E-01 -2.02231E-09  1.95401E-09 -1.03404E-12  1.17172E-12
  5.200E+01  1.92169E-01 -2.03908E-09  1.88880E-09 -1.04792E-12  1.16401E-12
  5.250E+01  1.95619E-01 -2.05434E-09  1.82466E-09 -1.06148E-12  1.15618E-12
  5.300E+01  1.99092E-01 -2.06815E-09  1.76157E-09 -1.07472E-12  1.14824E-12
  5.350E+01  2.02589E-01 -2.08057E-09  1.69952E-09 -1.08765E-12  1.14020E-12
  5.400E+01  2.06107E-01 -2.09164E-09  1.63852E-09 -1.10028E-12  1.13205E-12
  5.450E+01  2.09649E-01 -2.10143E-09  1.57855E-09 -1.11259E-12  1.12380E-12
  5.500E+01  2.13212E-01 -2.10999E-09  1.51960E-09 -1.12461E-12  1.11546E-12
  5.550E+01  2.16797E-01 -2.11736E-09  1.46166E-09 -1.13632E-12  1.10704E-12
  5.600E+01  2.20404E-01 -2.12358E-09  1.40472E-09 -1.14773E-12  1.09854E-12
  5.650E+01  2.24032E-01 -2.12872E-09  1.34878E-09 -1.15885E-12  1.08997E-12
  5.700E+01  2.27680E-01 -2.13281E-09  1.29381E-09 -1.16967E-12  1.08132E-12
  5.750E+01  2.31350E-01 -2.13589E-09  1.23982E-09 -1.18021E-12  1.07261E-12
  5.800E+01  2.35040E-01 -2.13801E-09  1.18679E-09 -1.19045E-12  1.06384E-12
  5.850E+01  2.38751E-01 -2.13920E-09  1.13472E-09 -1.20042E-12  1.05501E-12
  5.900E+01  2.42481E-01 -2.13951E-09  1.08358E-09 -1.21010E-12  1.04613E-12
  5.950E+01  2.46231E-01 -2.13897E-09  1.03337E-09 -1.21950E-12  1.03720E-12
  6.000E+01  2.50000E-01 -2.13762E-09  9.84075E-10 -1.22863E-12  1.02823E-12
  6.050E+01  2.53788E-01 -2.13549E-09  9.35689E-10 -1.23748E-12  1.01923E-12
  6.100E+01  2.57595E-01 -2.13263E-09  8.88198E-10 -1.24607E-12  1.01018E-12
  6.150E+01  2.61421E-01 -2.12905E-09  8.41590E-10 -1.25439E-12  1.00111E-12
  6.200E+01  2.65264E-01 -2.12479E-09  7.95854E-10 -1.26245E-12  9.92009E-13
  6.250E+01  2.69126E-01 -2.11989E-09  7.50979E-10 -1.27024E-12  9.82884E-13
  6.300E+01  2.73005E-01 -2.11436E-09  7.06952E-10 -1.27778E-12  9.73740E-13
  6.350E+01  2.76901E-01 -2.10825E-09  6.63762E-10 -1.28507E-12  9.64578E-13
  6.400E+01  2.80814E-01 -2.10157E-09  6.21398E-10 -1.29210E-12  9.55403E-13
  6.450E+01  2.84744E-01 -2.09436E-09  5.79848E-10 -1.29889E-12  9.46218E-13
  6.500E+01  2.88691E-01 -2.08664E-09  5.39100E-10 -1.30543E-12  9.37025E-13
  6.550E+01  2.92653E-01 -2.07843E-09  4.99142E-10 -1.31173E-12  9.27828E-13
  6.600E+01  2.96632E-01 -2.06975E-09  4.59964E-10 -1.31780E-12  9.18630E-13
  6.650E+01  3.00625E-01 -2.06064E-09  4.21552E-10 -1.32362E-12  9.09434E-13
  6.700E+01  3.04634E-01 -2.05111E-09  3.83896E-10 -1.32922E-12  9.00241E-13
  6.750E+01  3.08658E-01 -2.04118E-09  3.46984E-10 -1.33458E-12  8.91055E-13
  6.800E+01  3.12697E-01 -2.03088E-09  3.10805E-10 -1.33972E-12  8.81879E-13
  6.850E+01  3.16749E-01 -2.02022E-09  2.75346E-10 -1.34463E-12  8.72714E-13
  6.900E+01  3.20816E-01 -2.00922E-09  2.40598E-10 -1.34933E-12  8.63564E-13
  6.950E+01  3.24896E-01 -1.99790E-09  2.06548E-10 -1.35380E-12  8.54429E-13
  7.000E+01  3.28990E-01 -1.98629E-09  1.73185E-10 -1.35806E-12  8.45314E-13
  7.050E+01  3.33097E-01 -1.97439E-09  1.40498E-10 -1.36211E-12  8.36219E-13
  7.100E+01  3.37216E-01 -1.96222E-09  1.08476E-10 -1.36595E-12  8.27146E-13
  7.150E+01  3.41348E-01 -1.94979E-09  7.71086E-11 -1.36958E-12  8.18098E-13
  7.200E+01  3.45492E-01 -1.93714E-09  4.63839E-11 -1.37301E-12  8.09077E-13
  7.250E+01  3.49647E-01 -1.92426E-09  1.62915E-11 -1.37624E-12  8.00084E-13
  7.300E+01  3.53814E-01 -1.91117E-09 -1.31792E-11 -1.37927E-12  7.91122E-13
  7.350E+01  3.57992E-01 -1.89789E-09 -4.20390E-11 -1.38210E-12  7.82191E-13
  7.400E+01  3.62181E-01 -1.88442E-09 -7.02982E-11 -1.38474E-12  7.73293E-13
  7.450E+01  3.66381E-01 -1.87079E-09 -9.79673E-11 -1.38720E-12  7.64431E-13
  7.500E+01  3.70590E-01 -1.85700E-09 -1.25057E-10 -1.38946E-12  7.55605E-13
  7.550E+01  3.74810E-01 -1.84307E-09 -1.51576E-10 -1.39154E-12  7.46816E-13
  7.600E+01  3.79039E-01 -1.82900E-09 -1.77536E-10 -1.39343E-12  7.38067E-13
  7.650E+01  3.83277E-01 -1.81481E-09 -2.02946E-10 -1.39515E-12  7.29359E-13
  7.700E+01  3.87524E-01 -1.80051E-09 -2.27816E-10 -1.39669E-12  7.20692E-13
  7.750E+01  3.91780E-01 -1.78610E-09 -2.52157E-10 -1.39806E-12  7.12069E-13
  7.800E+01  3.96044E-01 -1.77160E-09 -2.75976E-10 -1.39925E-12  7.03490E-13
  7.850E+01  4.00316E-01 -1.75702E-09 -2.99284E-10 -1.40027E-12  6.94956E-13
  7.900E+01  4.04596E-01 -1.74236E-09 -3.22091E-10 -1.40113E-12  6.86469E-13
  7.950E+01  4.08882E-01 -1.72764E-09 -3.44405E-10 -1.40182E-12  6.78029E-13
  8.000E+01  4.13176E-01 -1.71286E-09 -3.66235E-10 -1.40234E-12  6.69637E-13
  8.050E+01  4.17476E-01 -1.69802E-09 -3.87591E-10 -1.40271E-12  6.61295E-13
  8.100E+01  4.21783E-01 -1.68315E-09 -4.08481E-10 -1.40292E-12  6.53002E-13
  8.150E+01  4.26095E-01 -1.66824E-09 -4.28914E-10 -1.40297E-12  6.44761E-13
  8.200E+01  4.30413E-01 -1.65329E-09 -4.48899E-10 -1.40287E-12  6.36572E-13
  8.250E+01  4.34737E-01 -1.63833E-09 -4.68444E-10 -1.40262E-12  6.28435E-13
  8.300E+01  4.39065E-01 -1.62335E-09 -4.87557E-10 -1.40221E-12  6.20352E-13
  8.350E+01  4.43398E-01 -1.60836E-09 -5.06246E-10 -1.40166E-12  6.12322E-13
  8.400E+01  4.47736E-01 -1.59337E-09 -5.24521E-10 -1.40097E-12  6.04348E-13
  8.450E+01  4.52077E-01 -1.57838E-09 -5.42388E-10 -1.40013E-12  5.96428E-13
  8.500E+01  4.56422E-01 -1.56340E-09 -5.59856E-10 -1.39915E-12  5.88564E-13
  8.550E+01  4.60770E-01 -1.54842E-09 -5.76932E-10 -1.39803E-12  5.80757E-13
  8.600E+01  4.65122E-01 -1.53347E-09 -5.93624E-10 -1.39678E-12  5.73006E-13
  8.650E+01  4.69476E-01 -1.51853E-09 -6.09939E-10 -1.39539E-12  5.65313E-13
  8.700E+01  4.73832E-01 -1.50363E-09 -6.25885E-10 -1.39386E-12  5.57678E-13
  8.750E+01  4.78190E-01 -1.48875E-09 -6.41469E-10 -1.39221E-12  5.50101E-13
  8.800E+01  4.82550E-01 -1.47391E-09 -6.56698E-10 -1.39042E-12  5.42582E-13
  8.850E+01  4.86912E-01 -1.45910E-09 -6.71580E-10 -1.38851E-12  5.35123E-13
  8.900E+01  4.91274E-01 -1.44434E-09 -6.86120E-10 -1.38647E-12  5.27723E-13
  8.950E+01  4.95637E-01 -1.42962E-09 -7.00326E-10 -1.38431E-12  5.20382E-13
  9.000E+01  5.00000E-01 -1.41496E-09 -7.14205E-10 -1.38203E-12  5.13102E-13
  9.050E+01  5.04363E-01 -1.40034E-09 -7.27763E-10 -1.37962E-12  5.05881E-13
  9.100E+01  5.08726E-01 -1.38578E-09 -7.41006E-10 -1.37710E-12  4.98721E-13
  9.150E+01  5.13088E-01 -1.37128E-09 -7.53941E-10 -1.37446E-12  4.91622E-13
  9.200E+01  5.17450E-01 -1.35684E-09 -7.66574E-10 -1.37171E-12  4.84584E-13
  9.250E+01  5.21810E-01 -1.34246E-09 -7.78912E-10 -1.36884E-12  4.77607E-13
  9.300E+01  5.26168E-01 -1.32815E-09 -7.90959E-10 -1.36586E-12  4.70691E-13
  9.350E+01  5.30524E-01 -1.31391E-09 -8.02723E-10 -1.36276E-12  4.63836E-13
  9.400E+01  5.34878E-01 -1.29974E-09 -8.14208E-10 -1.35956E-12  4.57043E-13
  9.450E+01  5.39230E-01 -1.28564E-09 -8.25422E-10 -1.35626E-12  4.50312E-13
  9.500E+01  5.43578E-01 -1.27162E-09 -8.36368E-10 -1.35284E-12  4.43642E-13
  9.550E+01  5.47923E-01 -1.25767E-09 -8.47053E-10 -1.34933E-12  4.37034E-13
  9.600E+01  5.52264E-01 -1.24381E-09 -8.57482E-10 -1.34571E-12  4.30487E-13
  9.650E+01  5.56602E-01 -1.23002E-09 -8.67661E-10 -1.34198E-12  4.24003E-13
  9.700E+01  5.60935E-01 -1.21632E-09 -8.77594E-10 -1.33816E-12  4.17580E-13
  9.750E+01  5.65263E-01 -1.20270E-09 -8.87287E-10 -1.33424E-12  4.11220E-13
  9.800E+01  5.69587E-01 -1.18916E-09 -8.96745E-10 -1.33022E-12  4.04921E-13
  9.850E+01  5.73905E-01 -1.17571E-09 -9.05972E-10 -1.32611E-12  3.98684E-13
  9.900E+01  5.78217E-01 -1.16235E-09 -9.14974E-10 -1.32190E-12  3.92509E-13
  9.950E+01  5.82524E-01 -1.14908E-09 -9.23755E-10 -1.31760E-12  3.86395E-13
  1.000E+02  5.86824E-01 -1.13590E-09 -9.32320E-10 -1.31321E-12  3.80343E-13
  1.005E+02  5.91118E-01 -1.12281E-09 -9.40673E-10 -1.30873E-12  3.74353E-13
  1.010E+02  5.95404E-01 -1.10981E-09 -9.48819E-10 -1.30416E-12  3.68424E-13
  1.015E+02  5.99684E-01 -1.09691E-09 -9.56763E-10 -1.29950E-12  3.62557E-13
  1.020E+02  6.03956E-01 -1.08410E-09 -9.64508E-10 -1.29475E-12  3.56751E-13
  1.025E+02  6.08220E-01 -1.07138E-09 -9.72060E-10 -1.28992E-12  3.51007E-13
  1.030E+02  6.12476E-01 -1.05876E-09 -9.79421E-10 -1.28500E-12  3.45323E-13
  1.035E+02  6.16723E-01 -1.04624E-09 -9.86596E-10 -1.28001E-12  3.39700E-13
  1.040E+02  6.20961E-01 -1.03381E-09 -9.93590E-10 -1.27493E-12  3.34138E-13
  1.045E+02  6.25190E-01 -1.02148E-09 -1.00041E-09 -1.26977E-12  3.28637E-13
  1.050E+02  6.29410E-01 -1.00924E-09 -1.00705E-09 -1.26453E-12  3.23196E-13
  1.055E+02  6.33619E-01 -9.97109E-10 -1.01352E-09 -1.25921E-12  3.17816E-13
  1.060E+02  6.37819E-01 -9.85072E-10 -1.01982E-09 -1.25381E-12  3.12495E-13
  1.065E+02  6.42008E-01 -9.73134E-10 -1.02596E-09 -1.24834E-12  3.07235E-13
  1.070E+02  6.46186E-01 -9.61296E-10 -1.03195E-09 -1.24279E-12  3.02034E-13
  1.075E+02  6.50353E-01 -9.49557E-10 -1.03777E-09 -1.23717E-12  2.96892E-13
  1.080E+02  6.54508E-01 -9.37918E-10 -1.04345E-09 -1.23148E-12  2.91810E-13
  1.085E+02  6.58652E-01 -9.26379E-10 -1.04897E-09 -1.22571E-12  2.86787E-13
  1.090E+02  6.62784E-01 -9.14940E-10 -1.05435E-09 -1.21987E-12  2.81823E-13
  1.095E+02  6.66903E-01 -9.03601E-10 -1.05958E-09 -1.21397E-12  2.76917E-13
  1.100E+02  6.71010E-01 -8.92362E-10 -1.06468E-09 -1.20799E-12  2.72070E-13
  1.105E+02  6.75104E-01 -8.81224E-10 -1.06964E-09 -1.20195E-12  2.67281E-13
  1.110E+02  6.79184E-01 -8.70186E-10 -1.07447E-09 -1.19584E-12  2.62550E-13
  1.115E+02  6.83251E-01 -8.59249E-10 -1.07916E-09 -1.18966E-12  2.57876E-13
  1.120E+02  6.87303E-01 -8.48412E-10 -1.08373E-09 -1.18342E-12  2.53259E-13
  1.125E+02  6.91342E-01 -8.37675E-10 -1.08818E-09 -1.17711E-12  2.48700E-13
  1.130E+02  6.95366E-01 -8.27039E-10 -1.09250E-09 -1.17074E-12  2.44197E-13
  1.135E+02  6.99375E-01 -8.16503E-10 -1.09670E-09 -1.16431E-12  2.39751E-13
  1.140E+02  7.03368E-01 -8.06067E-10 -1.10079E-09 -1.15781E-12  2.35361E-13
  1.145E+02  7.07347E-01 -7.95731E-10 -1.10476E-09 -1.15126E-12  2.31027E-13
  1.150E+02  7.11309E-01 -7.85495E-10 -1.10863E-09 -1.14465E-12  2.26748E-13
  1.155E+02  7.15256E-01 -7.75358E-10 -1.11238E-09 -1.13797E-12  2.22525E-13
  1.160E+02  7.19186E-01 -7.65321E-10 -1.11603E-09 -1.13124E-12  2.18357E-13
  1.165E+02  7.23099E-01 -7.55383E-10 -1.11957E-09 -1.12445E-12  2.14243E-13
  1.170E+02  7.26995E-01 -7.45544E-10 -1.12302E-09 -1.11761E-12  2.10184E-13
  1.175E+02  7.30874E-01 -7.35803E-10 -1.12636E-09 -1.11071E-12  2.06179E-13
  1.180E+02  7.34736E-01 -7.26162E-10 -1.12961E-09 -1.10375E-12  2.02227E-13
  1.185E+02  7.38579E-01 -7.16618E-10 -1.13276E-09 -1.09674E-12  1.98329E-13
  1.190E+02  7.42405E-01 -7.07172E-10 -1.13582E-09 -1.08968E-12  1.94484E-13
  1.195E+02  7.46212E-01 -6.97824E-10 -1.13879E-09 -1.08257E-12  1.90692E-13
  1.200E+02  7.50000E-01 -6.88574E-10 -1.14168E-09 -1.07540E-12  1.86952E-13
  1.205E+02  7.53769E-01 -6.79420E-10 -1.14448E-09 -1.06818E-12  1.83264E-13
  1.210E+02  7.57519E-01 -6.70363E-10 -1.14719E-09 -1.06091E-12  1.79628E-13
  1.215E+02  7.61249E-01 -6.61402E-10 -1.14982E-09 -1.05359E-12  1.76043E-13
  1.220E+02  7.64960E-01 -6.52538E-10 -1.15238E-09 -1.04623E-12  1.72509E-13
  1.225E+02  7.68650E-01 -6.43769E-10 -1.15485E-09 -1.03881E-12  1.69026E-13
  1.230E+02  7.72320E-01 -6.35095E-10 -1.15725E-09 -1.03135E-12  1.65593E-13
  1.235E+02  7.75968E-01 -6.26516E-10 -1.15958E-09 -1.02384E-12  1.62210E-13
  1.240E+02  7.79596E-01 -6.18032E-10 -1.16183E-09 -1.01628E-12  1.58876E-13
  1.245E+02  7.83203E-01 -6.09642E-10 -1.16401E-09 -1.00868E-12  1.55592E-13
  1.250E+02  7.86788E-01 -6.01346E-10 -1.16612E-09 -1.00104E-12  1.52357E-13
  1.255E+02  7.90351E-01 -5.93143E-10 -1.16817E-09 -9.93348E-13  1.49170E-13
  1.260E+02  7.93893E-01 -5.85033E-10 -1.17015E-09 -9.85615E-13  1.46031E-13
  1.265E+02  7.97411E-01 -5.77016E-10 -1.17207E-09 -9.77838E-13  1.42940E-13
  1.270E+02  8.00908E-01 -5.69091E-10 -1.17392E-09 -9.70020E-13  1.39896E-13
  1.275E+02  8.04381E-01 -5.61258E-10 -1.17572E-09 -9.62160E-13  1.36899E-13
  1.280E+02  8.07831E-01 -5.53517E-10 -1.17745E-09 -9.54258E-13  1.33949E-13
  1.285E+02  8.11257E-01 -5.45866E-10 -1.17913E-09 -9.46317E-13  1.31045E-13
  1.290E+02  8.14660E-01 -5.38306E-10 -1.18075E-09 -9.38336E-13  1.28186E-13
  1.295E+02  8.18039E-01 -5.30836E-10 -1.18232E-09 -9.30315E-13  1.25373E-13
  1.300E+02  8.21394E-01 -5.23456E-10 -1.18383E-09 -9.22256E-13  1.22605E-13
  1.305E+02  8.24724E-01 -5.16165E-10 -1.18529E-09 -9.14159E-13  1.19882E-13
  1.310E+02  8.28030E-01 -5.08963E-10 -1.18670E-09 -9.06024E-13  1.17203E-13
  1.315E+02  8.31310E-01 -5.01849E-10 -1.18807E-09 -8.97853E-13  1.14568E-13
  1.320E+02  8.34565E-01 -4.94824E-10 -1.18938E-09 -8.89645E-13  1.11976E-13
  1.325E+02  8.37795E-01 -4.87886E-10 -1.19065E-09 -8.81401E-13  1.09427E-13
  1.330E+02  8.40999E-01 -4.81036E-10 -1.19187E-09 -8.73123E-13  1.06921E-13
  1.335E+02  8.44177E-01 -4.74273E-10 -1.19305E-09 -8.64809E-13  1.04457E-13
  1.340E+02  8.47329E-01 -4.67595E-10 -1.19418E-09 -8.56462E-13  1.02035E-13
  1.345E+02  8.50455E-01 -4.61004E-10 -1.19527E-09 -8.48080E-13  9.96541E-14
  1.350E+02  8.53553E-01 -4.54499E-10 -1.19633E-09 -8.39666E-13  9.73144E-14
  1.355E+02  8.56625E-01 -4.48079E-10 -1.19734E-09 -8.31219E-13  9.50153E-14
  1.360E+02  8.59670E-01 -4.41743E-10 -1.19831E-09 -8.22740E-13  9.27564E-14
  1.365E+02  8.62687E-01 -4.35492E-10 -1.19925E-09 -8.14229E-13  9.05373E-14
  1.370E+02  8.65677E-01 -4.29325E-10 -1.20015E-09 -8.05688E-13  8.83575E-14
  1.375E+02  8.68639E-01 -4.23241E-10 -1.20102E-09 -7.97116E-13  8.62166E-14
  1.380E+02  8.71572E-01 -4.17241E-10 -1.20185E-09 -7.88513E-13  8.41142E-14
  1.385E+02  8.74478E-01 -4.11323E-10 -1.20265E-09 -7.79881E-13  8.20500E-14
  1.390E+02  8.77355E-01 -4.05488E-10 -1.20341E-09 -7.71220E-13  8.00234E-14
  1.395E+02  8.80203E-01 -3.99734E-10 -1.20415E-09 -7.62531E-13  7.80341E-14
  1.400E+02  8.83022E-01 -3.94063E-10 -1.20485E-09 -7.53813E-13  7.60816E-14
  1.405E+02  8.85812E-01 -3.88472E-10 -1.20552E-09 -7.45067E-13  7.41655E-14
  1.410E+02  8.88573E-01 -3.82962E-10 -1.20617E-09 -7.36295E-13  7.22854E-14
  1.415E+02  8.91304E-01 -3.77533E-10 -1.20679E-09 -7.27495E-13  7.04409E-14
  1.420E+02  8.94005E-01 -3.72184E-10 -1.20738E-09 -7.18669E-13  6.86315E-14
  1.425E+02  8.96677E-01 -3.66914E-10 -1.20795E-09 -7.09817E-13  6.68568E-14
  1.430E+02  8.99318E-01 -3.61724E-10 -1.20849E-09 -7.00940E-13  6.51163E-14
  1.435E+02  9.01928E-01 -3.56612E-10 -1.20900E-09 -6.92038E-13  6.34097E-14
  1.440E+02  9.04508E-01 -3.51579E-10 -1.20949E-09 -6.83111E-13  6.17365E-14
  1.445E+02  9.07058E-01 -3.46625E-10 -1.20996E-09 -6.74160E-13  6.00963E-14
  1.450E+02  9.09576E-01 -3.41748E-10 -1.21041E-09 -6.65185E-13  5.84886E-14
  1.455E+02  9.12063E-01 -3.36949E-10 -1.21083E-09 -6.56187E-13  5.69130E-14
  1.460E+02  9.14519E-01 -3.32227E-10 -1.21124E-09 -6.47166E-13  5.53690E-14
  1.465E+02  9.16943E-01 -3.27581E-10 -1.21162E-09 -6.38123E-13  5.38563E-14
  1.470E+02  9.19335E-01 -3.23012E-10 -1.21199E-09 -6.29057E-13  5.23744E-14
  1.475E+02  9.21696E-01 -3.18520E-10 -1.21234E-09 -6.19970E-13  5.09228E-14
  1.480E+02  9.24024E-01 -3.14103E-10 -1.21267E-09 -6.10862E-13  4.95011E-14
  1.485E+02  9.26320E-01 -3.09761E-10 -1.21298E-09 -6.01733E-13  4.81089E-14
  1.490E+02  9.28584E-01 -3.05495E-10 -1.21327E-09 -5.92583E-13  4.67457E-14
  1.495E+02  9.30815E-01 -3.01304E-10 -1.21355E-09 -5.83413E-13  4.54111E-14
  1.500E+02  9.33013E-01 -2.97187E-10 -1.21382E-09 -5.74224E-13  4.41046E-14
  1.505E+02  9.35178E-01 -2.93144E-10 -1.21406E-09 -5.65015E-13  4.28258E-14
  1.510E+02  9.37310E-01 -2.89175E-10 -1.21430E-09 -5.55788E-13  4.15742E-14
  1.515E+02  9.39409E-01 -2.85280E-10 -1.21452E-09 -5.46541E-13  4.03495E-14
  1.520E+02  9.41474E-01 -2.81458E-10 -1.21473E-09 -5.37277E-13  3.91510E-14
  1.525E+02  9.43505E-01 -2.77709E-10 -1.21492E-09 -5.27995E-13  3.79785E-14
  1.530E+02  9.45503E-01 -2.74033E-10 -1.21510E-09 -5.18695E-13  3.68314E-14
  1.535E+02  9.47467E-01 -2.70429E-10 -1.21527E-09 -5.09379E-13  3.57094E-14
  1.540E+02  9.49397E-01 -2.66898E-10 -1.21543E-09 -5.00046E-13  3.46118E-14
  1.545E+02  9.51293E-01 -2.63438E-10 -1.21558E-09 -4.90696E-13  3.35384E-14
  1.550E+02  9.53154E-01 -2.60050E-10 -1.21572E-09 -4.81330E-13  3.24886E-14
  1.555E+02  9.54981E-01 -2.56733E-10 -1.21585E-09 -4.71949E-13  3.14621E-14
  1.560E+02  9.56773E-01 -2.53488E-10 -1.21597E-09 -4.62553E-13  3.04582E-14
  1.565E+02  9.58530E-01 -2.50313E-10 -1.21608E-09 -4.53142E-13  2.94766E-14
  1.570E+02  9.60252E-01 -2.47209E-10 -1.21618E-09 -4.43716E-13  2.85169E-14
  1.575E+02  9.61940E-01 -2.44176E-10 -1.21628E-09 -4.34276E-13  2.75786E-14
  1.580E+02  9.63592E-01 -2.41212E-10 -1.21636E-09 -4.24822E-13  2.66611E-14
  1.585E+02  9.65209E-01 -2.38319E-10 -1.21644E-09 -4.15354E-13  2.57641E-14
  1.590E+02  9.66790E-01 -2.35495E-10 -1.21651E-09 -4.05873E-13  2.48872E-14
  1.595E+02  9.68336E-01 -2.32741E-10 -1.21658E-09 -3.96380E-13  2.40298E-14
  1.600E+02  9.69846E-01 -2.30056E-10 -1.21664E-09 -3.86874E-13  2.31914E-14
  1.605E+02  9.71321E-01 -2.27440E-10 -1.21669E-09 -3.77356E-13  2.23717E-14
  1.610E+02  9.72759E-01 -2.24892E-10 -1.21674E-09 -3.67826E-13  2.15702E-14
  1.615E+02  9.74162E-01 -2.22414E-10 -1.21678E-09 -3.58284E-13  2.07864E-14
  1.620E+02  9.75528E-01 -2.20004E-10 -1.21682E-09 -3.48731E-13  2.00198E-14
  1.625E+02  9.76858E-01 -2.17662E-10 -1.21686E-09 -3.39167E-13  1.92701E-14
  1.630E+02  9.78152E-01 -2.15388E-10 -1.21688E-09 -3.29593E-13  1.85366E-14
  1.635E+02  9.79410E-01 -2.13182E-10 -1.21691E-09 -3.20009E-13  1.78191E-14
  1.640E+02  9.80631E-01 -2.11044E-10 -1.21693E-09 -3.10414E-13  1.71169E-14
  1.645E+02  9.81815E-01 -2.08973E-10 -1.21695E-09 -3.00810E-13  1.64297E-14
  1.650E+02  9.82963E-01 -2.06970E-10 -1.21697E-09 -2.91197E-13  1.57570E-14
  1.655E+02  9.84074E-01 -2.05034E-10 -1.21698E-09 -2.81575E-13  1.50983E-14
  1.660E+02  9.85148E-01 -2.03165E-10 -1.21699E-09 -2.71944E-13  1.44531E-14
  1.665E+02  9.86185E-01 -2.01363E-10 -1.21700E-09 -2.62305E-13  1.38210E-14
  1.670E+02  9.87185E-01 -1.99628E-10 -1.21700E-09 -2.52657E-13  1.32016E-14
  1.675E+02  9.88148E-01 -1.97959E-10 -1.21700E-09 -2.43002E-13  1.25943E-14
  1.680E+02  9.89074E-01 -1.96357E-10 -1.21701E-09 -2.33340E-13  1.19987E-14
  1.685E+02  9.89962E-01 -1.94821E-10 -1.21701E-09 -2.23671E-13  1.14144E-14
  1.690E+02  9.90814E-01 -1.93352E-10 -1.21700E-09 -2.13994E-13  1.08408E-14
  1.695E+02  9.91627E-01 -1.91948E-10 -1.21700E-09 -2.04311E-13  1.02775E-14
  1.700E+02  9.92404E-01 -1.90611E-10 -1.21700E-09 -1.94622E-13  9.72404E-15
  1.705E+02  9.93143E-01 -1.89340E-10 -1.21699E-09 -1.84928E-13  9.17996E-15
  1.710E+02  9.93844E-01 -1.88134E-10 -1.21699E-09 -1.75227E-13  8.64477E-15
  1.715E+02  9.94508E-01 -1.86994E-10 -1.21698E-09 -1.65521E-13  8.11802E-15
  1.720E+02  9.95134E-01 -1.85920E-10 -1.21698E-09 -1.55810E-13  7.59923E-15
  1.725E+02  9.95722E-01 -1.84911E-10 -1.21697E-09 -1.46095E-13  7.08794E-15
  1.730E+02  9.96273E-01 -1.83968E-10 -1.21696E-09 -1.36375E-13  6.58368E-15
  1.735E+02  9.96786E-01 -1.83090E-10 -1.21696E-09 -1.26651E-13  6.08598E-15
  1.740E+02  9.97261E-01 -1.82277E-10 -1.21695E-09 -1.16923E-13  5.59438E-15
  1.745E+02  9.97698E-01 -1.81530E-10 -1.21694E-09 -1.07192E-13  5.10841E-15
  1.750E+02  9.98097E-01 -1.80848E-10 -1.21694E-09 -9.74575E-14  4.62759E-15
  1.755E+02  9.98459E-01 -1.80231E-10 -1.21693E-09 -8.77201E-14  4.15146E-15
  1.760E+02  9.98782E-01 -1.79679E-10 -1.21693E-09 -7.79800E-14  3.67956E-15
  1.765E+02  9.99067E-01 -1.79192E-10 -1.21692E-09 -6.82376E-14  3.21140E-15
  1.770E+02  9.99315E-01 -1.78770E-10 -1.21692E-09 -5.84932E-14  2.74653E-15
  1.775E+02  9.99524E-01 -1.78413E-10 -1.21691E-09 -4.87470E-14  2.28448E-15
  1.780E+02  9.99695E-01 -1.78121E-10 -1.21691E-09 -3.89994E-14  1.82477E-15
  1.785E+02  9.99829E-01 -1.77894E-10 -1.21691E-09 -2.92505E-14  1.36693E-15
  1.790E+02  9.99924E-01 -1.77732E-10 -1.21691E-09 -1.95008E-14  9.10506E-16
  1.795E+02  9.99981E-01 -1.77635E-10 -1.21691E-09 -9.75057E-15  4.55018E-16
  1.800E+02  1.00000E+00 -1.77602E-10 -1.21691E-09 -1.36834E-28  6.38437E-30
