

  **** PARTIAL WAVE ANALYSIS (DPWA0) ******************************************


  KINETIC ENERGY = 7.40000E+01 eV

      L       PHASE(SPIN UP)     PHASE(SPIN DOWN)
  -----------------------------------------------
       0      6.91056324E-01      0.00000000E+00
       1      2.73102729E-01      2.73155840E-01
       2      1.16758413E-01      1.16775568E-01
       3      5.14052271E-02      5.14121619E-02
       4      2.29413403E-02      2.29443363E-02
       5      1.03004622E-02      1.03017904E-02
       6      4.63472256E-03      4.63531767E-03
       7      2.08565717E-03      2.08592486E-03
       8      9.37737710E-04      9.37858227E-04
       9      4.21060855E-04      4.21115078E-04
      10      1.88783653E-04      1.88808018E-04
      11      8.45150996E-05      8.45260319E-05
      12      3.77815026E-05      3.77864003E-05
      13      1.68669510E-05      1.68691418E-05
      14      7.52051933E-06      7.52149800E-06
      15      3.34930047E-06      3.34973708E-06
      16      1.49002757E-06      1.49022211E-06
      17      6.62223039E-07      6.62309627E-07
      18      2.94046923E-07      2.94085426E-07
      19      1.30455041E-07      1.30472144E-07
      20      5.78314341E-08      5.78390279E-08
      21      2.56182572E-08      2.56216216E-08
      22      1.13406453E-08      1.13421354E-08
      23      5.01707142E-09      5.01772853E-09
      24      2.21823506E-09      2.21852955E-09
      25      9.80206716E-10      9.80335048E-10
      26      4.32868295E-10      4.32924231E-10


  *** SCATTERING AMPLITUDES AND DIFFERENTIAL CROSS SECTION ***

    ANGLE      DCS       ASYMMETRY    DIRECT AMPLITUDE       SPIN-FLIP AMPLITUDE     ERROR
    (deg)   (cm**2/sr)                      (cm)                    (cm)
  -------------------------------------------------------------------------------------------
  0.000E+00 3.88290E-17  0.000E+00  6.015E-09  1.627E-09  0.000E+00  0.000E+00  1.00E-07
  1.000E-04 3.88290E-17 -1.570E-11  6.015E-09  1.627E-09  8.566E-19  1.810E-19  1.00E-07
  1.250E-04 3.88290E-17 -1.963E-11  6.015E-09  1.627E-09  1.071E-18  2.263E-19  1.00E-07
  1.500E-04 3.88290E-17 -2.355E-11  6.015E-09  1.627E-09  1.285E-18  2.716E-19  1.00E-07
  1.750E-04 3.88290E-17 -2.748E-11  6.015E-09  1.627E-09  1.499E-18  3.168E-19  1.00E-07
  2.000E-04 3.88290E-17 -3.140E-11  6.015E-09  1.627E-09  1.713E-18  3.621E-19  1.00E-07
  2.250E-04 3.88290E-17 -3.533E-11  6.015E-09  1.627E-09  1.927E-18  4.073E-19  1.00E-07
  2.500E-04 3.88290E-17 -3.925E-11  6.015E-09  1.627E-09  2.142E-18  4.526E-19  1.00E-07
  2.750E-04 3.88290E-17 -4.318E-11  6.015E-09  1.627E-09  2.356E-18  4.978E-19  1.00E-07
  3.000E-04 3.88290E-17 -4.710E-11  6.015E-09  1.627E-09  2.570E-18  5.431E-19  1.00E-07
  3.250E-04 3.88290E-17 -5.103E-11  6.015E-09  1.627E-09  2.784E-18  5.884E-19  1.00E-07
  3.500E-04 3.88290E-17 -5.496E-11  6.015E-09  1.627E-09  2.998E-18  6.336E-19  1.00E-07
  3.750E-04 3.88290E-17 -5.888E-11  6.015E-09  1.627E-09  3.212E-18  6.789E-19  1.00E-07
  4.000E-04 3.88290E-17 -6.281E-11  6.015E-09  1.627E-09  3.426E-18  7.241E-19  1.00E-07
  4.250E-04 3.88290E-17 -6.673E-11  6.015E-09  1.627E-09  3.641E-18  7.694E-19  1.00E-07
  4.500E-04 3.88290E-17 -7.066E-11  6.015E-09  1.627E-09  3.855E-18  8.147E-19  1.00E-07
  4.750E-04 3.88290E-17 -7.458E-11  6.015E-09  1.627E-09  4.069E-18  8.599E-19  1.00E-07
  5.000E-04 3.88290E-17 -7.851E-11  6.015E-09  1.627E-09  4.283E-18  9.052E-19  1.00E-07
  5.250E-04 3.88290E-17 -8.243E-11  6.015E-09  1.627E-09  4.497E-18  9.504E-19  1.00E-07
  5.500E-04 3.88290E-17 -8.636E-11  6.015E-09  1.627E-09  4.711E-18  9.957E-19  1.00E-07
  5.750E-04 3.88290E-17 -9.028E-11  6.015E-09  1.627E-09  4.925E-18  1.041E-18  1.00E-07
  6.000E-04 3.88290E-17 -9.421E-11  6.015E-09  1.627E-09  5.140E-18  1.086E-18  1.00E-07
  6.250E-04 3.88290E-17 -9.814E-11  6.015E-09  1.627E-09  5.354E-18  1.131E-18  1.00E-07
  6.500E-04 3.88290E-17 -1.021E-10  6.015E-09  1.627E-09  5.568E-18  1.177E-18  1.00E-07
  6.750E-04 3.88290E-17 -1.060E-10  6.015E-09  1.627E-09  5.782E-18  1.222E-18  1.00E-07
  7.000E-04 3.88290E-17 -1.099E-10  6.015E-09  1.627E-09  5.996E-18  1.267E-18  1.00E-07
  7.250E-04 3.88290E-17 -1.138E-10  6.015E-09  1.627E-09  6.210E-18  1.312E-18  1.00E-07
  7.500E-04 3.88290E-17 -1.178E-10  6.015E-09  1.627E-09  6.425E-18  1.358E-18  1.00E-07
  7.750E-04 3.88290E-17 -1.217E-10  6.015E-09  1.627E-09  6.639E-18  1.403E-18  1.00E-07
  8.000E-04 3.88290E-17 -1.256E-10  6.015E-09  1.627E-09  6.853E-18  1.448E-18  1.00E-07
  8.250E-04 3.88290E-17 -1.295E-10  6.015E-09  1.627E-09  7.067E-18  1.494E-18  1.00E-07
  8.500E-04 3.88290E-17 -1.335E-10  6.015E-09  1.627E-09  7.281E-18  1.539E-18  1.00E-07
  8.750E-04 3.88290E-17 -1.374E-10  6.015E-09  1.627E-09  7.495E-18  1.584E-18  1.00E-07
  9.000E-04 3.88290E-17 -1.413E-10  6.015E-09  1.627E-09  7.709E-18  1.629E-18  1.00E-07
  9.250E-04 3.88290E-17 -1.452E-10  6.015E-09  1.627E-09  7.924E-18  1.675E-18  1.00E-07
  9.500E-04 3.88290E-17 -1.492E-10  6.015E-09  1.627E-09  8.138E-18  1.720E-18  1.00E-07
  9.750E-04 3.88290E-17 -1.531E-10  6.015E-09  1.627E-09  8.352E-18  1.765E-18  1.00E-07
  1.000E-03 3.88290E-17 -1.570E-10  6.015E-09  1.627E-09  8.566E-18  1.810E-18  1.00E-07
  1.250E-03 3.88290E-17 -1.963E-10  6.015E-09  1.627E-09  1.071E-17  2.263E-18  1.00E-07
  1.500E-03 3.88290E-17 -2.355E-10  6.015E-09  1.627E-09  1.285E-17  2.716E-18  1.00E-07
  1.750E-03 3.88290E-17 -2.748E-10  6.015E-09  1.627E-09  1.499E-17  3.168E-18  1.00E-07
  2.000E-03 3.88290E-17 -3.140E-10  6.015E-09  1.627E-09  1.713E-17  3.621E-18  1.00E-07
  2.250E-03 3.88290E-17 -3.533E-10  6.015E-09  1.627E-09  1.927E-17  4.073E-18  1.00E-07
  2.500E-03 3.88290E-17 -3.925E-10  6.015E-09  1.627E-09  2.142E-17  4.526E-18  1.00E-07
  2.750E-03 3.88290E-17 -4.318E-10  6.015E-09  1.627E-09  2.356E-17  4.978E-18  1.00E-07
  3.000E-03 3.88290E-17 -4.710E-10  6.015E-09  1.627E-09  2.570E-17  5.431E-18  1.00E-07
  3.250E-03 3.88290E-17 -5.103E-10  6.015E-09  1.627E-09  2.784E-17  5.884E-18  1.00E-07
  3.500E-03 3.88290E-17 -5.496E-10  6.015E-09  1.627E-09  2.998E-17  6.336E-18  1.00E-07
  3.750E-03 3.88290E-17 -5.888E-10  6.015E-09  1.627E-09  3.212E-17  6.789E-18  1.00E-07
  4.000E-03 3.88290E-17 -6.281E-10  6.015E-09  1.627E-09  3.426E-17  7.241E-18  1.00E-07
  4.250E-03 3.88290E-17 -6.673E-10  6.015E-09  1.627E-09  3.641E-17  7.694E-18  1.00E-07
  4.500E-03 3.88290E-17 -7.066E-10  6.015E-09  1.627E-09  3.855E-17  8.147E-18  1.00E-07
  4.750E-03 3.88290E-17 -7.458E-10  6.015E-09  1.627E-09  4.069E-17  8.599E-18  1.00E-07
  5.000E-03 3.88290E-17 -7.851E-10  6.015E-09  1.627E-09  4.283E-17  9.052E-18  1.00E-07
  5.250E-03 3.88290E-17 -8.243E-10  6.015E-09  1.627E-09  4.497E-17  9.504E-18  1.00E-07
  5.500E-03 3.88290E-17 -8.636E-10  6.015E-09  1.627E-09  4.711E-17  9.957E-18  1.00E-07
  5.750E-03 3.88290E-17 -9.028E-10  6.015E-09  1.627E-09  4.925E-17  1.041E-17  1.00E-07
  6.000E-03 3.88290E-17 -9.421E-10  6.015E-09  1.627E-09  5.140E-17  1.086E-17  1.00E-07
  6.250E-03 3.88290E-17 -9.814E-10  6.015E-09  1.627E-09  5.354E-17  1.131E-17  1.00E-07
  6.500E-03 3.88290E-17 -1.021E-09  6.015E-09  1.627E-09  5.568E-17  1.177E-17  1.00E-07
  6.750E-03 3.88290E-17 -1.060E-09  6.015E-09  1.627E-09  5.782E-17  1.222E-17  1.00E-07
  7.000E-03 3.88290E-17 -1.099E-09  6.015E-09  1.627E-09  5.996E-17  1.267E-17  1.00E-07
  7.250E-03 3.88290E-17 -1.138E-09  6.015E-09  1.627E-09  6.210E-17  1.312E-17  1.00E-07
  7.500E-03 3.88290E-17 -1.178E-09  6.015E-09  1.627E-09  6.425E-17  1.358E-17  1.00E-07
  7.750E-03 3.88290E-17 -1.217E-09  6.015E-09  1.627E-09  6.639E-17  1.403E-17  1.00E-07
  8.000E-03 3.88290E-17 -1.256E-09  6.015E-09  1.627E-09  6.853E-17  1.448E-17  1.00E-07
  8.250E-03 3.88290E-17 -1.295E-09  6.015E-09  1.627E-09  7.067E-17  1.494E-17  1.00E-07
  8.500E-03 3.88290E-17 -1.335E-09  6.015E-09  1.627E-09  7.281E-17  1.539E-17  1.00E-07
  8.750E-03 3.88290E-17 -1.374E-09  6.015E-09  1.627E-09  7.495E-17  1.584E-17  1.00E-07
  9.000E-03 3.88290E-17 -1.413E-09  6.015E-09  1.627E-09  7.709E-17  1.629E-17  1.00E-07
  9.250E-03 3.88290E-17 -1.452E-09  6.015E-09  1.627E-09  7.924E-17  1.675E-17  1.00E-07
  9.500E-03 3.88290E-17 -1.492E-09  6.015E-09  1.627E-09  8.138E-17  1.720E-17  1.00E-07
  9.750E-03 3.88290E-17 -1.531E-09  6.015E-09  1.627E-09  8.352E-17  1.765E-17  1.00E-07
  1.000E-02 3.88290E-17 -1.570E-09  6.015E-09  1.627E-09  8.566E-17  1.810E-17  1.00E-07
  1.250E-02 3.88290E-17 -1.963E-09  6.015E-09  1.627E-09  1.071E-16  2.263E-17  1.00E-07
  1.500E-02 3.88290E-17 -2.355E-09  6.015E-09  1.627E-09  1.285E-16  2.716E-17  1.00E-07
  1.750E-02 3.88290E-17 -2.748E-09  6.015E-09  1.627E-09  1.499E-16  3.168E-17  1.00E-07
  2.000E-02 3.88290E-17 -3.140E-09  6.015E-09  1.627E-09  1.713E-16  3.621E-17  1.00E-07
  2.250E-02 3.88290E-17 -3.533E-09  6.015E-09  1.627E-09  1.927E-16  4.073E-17  1.00E-07
  2.500E-02 3.88290E-17 -3.925E-09  6.015E-09  1.627E-09  2.142E-16  4.526E-17  1.00E-07
  2.750E-02 3.88289E-17 -4.318E-09  6.015E-09  1.627E-09  2.356E-16  4.978E-17  1.00E-07
  3.000E-02 3.88289E-17 -4.710E-09  6.015E-09  1.627E-09  2.570E-16  5.431E-17  1.00E-07
  3.250E-02 3.88289E-17 -5.103E-09  6.015E-09  1.627E-09  2.784E-16  5.884E-17  1.00E-07
  3.500E-02 3.88289E-17 -5.496E-09  6.015E-09  1.627E-09  2.998E-16  6.336E-17  1.00E-07
  3.750E-02 3.88289E-17 -5.888E-09  6.015E-09  1.627E-09  3.212E-16  6.789E-17  1.00E-07
  4.000E-02 3.88289E-17 -6.281E-09  6.015E-09  1.627E-09  3.426E-16  7.241E-17  1.00E-07
  4.250E-02 3.88289E-17 -6.673E-09  6.015E-09  1.627E-09  3.641E-16  7.694E-17  1.00E-07
  4.500E-02 3.88289E-17 -7.066E-09  6.015E-09  1.627E-09  3.855E-16  8.146E-17  1.00E-07
  4.750E-02 3.88289E-17 -7.458E-09  6.015E-09  1.627E-09  4.069E-16  8.599E-17  1.00E-07
  5.000E-02 3.88289E-17 -7.851E-09  6.015E-09  1.627E-09  4.283E-16  9.052E-17  1.00E-07
  5.250E-02 3.88288E-17 -8.243E-09  6.015E-09  1.627E-09  4.497E-16  9.504E-17  1.00E-07
  5.500E-02 3.88288E-17 -8.636E-09  6.015E-09  1.627E-09  4.711E-16  9.957E-17  1.00E-07
  5.750E-02 3.88288E-17 -9.028E-09  6.015E-09  1.627E-09  4.925E-16  1.041E-16  1.00E-07
  6.000E-02 3.88288E-17 -9.421E-09  6.015E-09  1.627E-09  5.140E-16  1.086E-16  1.00E-07
  6.250E-02 3.88288E-17 -9.814E-09  6.015E-09  1.627E-09  5.354E-16  1.131E-16  1.00E-07
  6.500E-02 3.88288E-17 -1.021E-08  6.015E-09  1.627E-09  5.568E-16  1.177E-16  1.00E-07
  6.750E-02 3.88288E-17 -1.060E-08  6.015E-09  1.627E-09  5.782E-16  1.222E-16  1.00E-07
  7.000E-02 3.88287E-17 -1.099E-08  6.015E-09  1.627E-09  5.996E-16  1.267E-16  1.00E-07
  7.250E-02 3.88287E-17 -1.138E-08  6.015E-09  1.627E-09  6.210E-16  1.312E-16  1.00E-07
  7.500E-02 3.88287E-17 -1.178E-08  6.015E-09  1.627E-09  6.425E-16  1.358E-16  1.00E-07
  7.750E-02 3.88287E-17 -1.217E-08  6.015E-09  1.627E-09  6.639E-16  1.403E-16  1.00E-07
  8.000E-02 3.88287E-17 -1.256E-08  6.015E-09  1.627E-09  6.853E-16  1.448E-16  1.00E-07
  8.250E-02 3.88286E-17 -1.295E-08  6.015E-09  1.627E-09  7.067E-16  1.494E-16  1.00E-07
  8.500E-02 3.88286E-17 -1.335E-08  6.015E-09  1.627E-09  7.281E-16  1.539E-16  1.00E-07
  8.750E-02 3.88286E-17 -1.374E-08  6.015E-09  1.627E-09  7.495E-16  1.584E-16  1.00E-07
  9.000E-02 3.88286E-17 -1.413E-08  6.015E-09  1.627E-09  7.709E-16  1.629E-16  1.00E-07
  9.250E-02 3.88286E-17 -1.452E-08  6.015E-09  1.627E-09  7.924E-16  1.675E-16  1.00E-07
  9.500E-02 3.88285E-17 -1.492E-08  6.015E-09  1.627E-09  8.138E-16  1.720E-16  1.00E-07
  9.750E-02 3.88285E-17 -1.531E-08  6.015E-09  1.627E-09  8.352E-16  1.765E-16  1.00E-07
  1.000E-01 3.88285E-17 -1.570E-08  6.015E-09  1.627E-09  8.566E-16  1.810E-16  1.00E-07
  1.250E-01 3.88282E-17 -1.963E-08  6.015E-09  1.627E-09  1.071E-15  2.263E-16  1.00E-07
  1.500E-01 3.88278E-17 -2.355E-08  6.015E-09  1.627E-09  1.285E-15  2.715E-16  1.00E-07
  1.750E-01 3.88274E-17 -2.748E-08  6.015E-09  1.627E-09  1.499E-15  3.168E-16  1.00E-07
  2.000E-01 3.88270E-17 -3.140E-08  6.015E-09  1.627E-09  1.713E-15  3.621E-16  1.00E-07
  2.250E-01 3.88264E-17 -3.533E-08  6.015E-09  1.627E-09  1.927E-15  4.073E-16  1.00E-07
  2.500E-01 3.88258E-17 -3.926E-08  6.015E-09  1.627E-09  2.141E-15  4.526E-16  1.00E-07
  2.750E-01 3.88252E-17 -4.318E-08  6.015E-09  1.627E-09  2.356E-15  4.978E-16  1.00E-07
  3.000E-01 3.88244E-17 -4.711E-08  6.015E-09  1.627E-09  2.570E-15  5.431E-16  1.00E-07
  3.250E-01 3.88236E-17 -5.103E-08  6.015E-09  1.627E-09  2.784E-15  5.883E-16  1.00E-07
  3.500E-01 3.88228E-17 -5.496E-08  6.015E-09  1.627E-09  2.998E-15  6.336E-16  1.00E-07
  3.750E-01 3.88219E-17 -5.889E-08  6.015E-09  1.627E-09  3.212E-15  6.789E-16  1.00E-07
  4.000E-01 3.88209E-17 -6.281E-08  6.014E-09  1.627E-09  3.426E-15  7.241E-16  1.00E-07
  4.250E-01 3.88198E-17 -6.674E-08  6.014E-09  1.627E-09  3.640E-15  7.694E-16  1.00E-07
  4.500E-01 3.88187E-17 -7.067E-08  6.014E-09  1.627E-09  3.854E-15  8.146E-16  1.00E-07
  4.750E-01 3.88176E-17 -7.459E-08  6.014E-09  1.627E-09  4.068E-15  8.599E-16  1.00E-07
  5.000E-01 3.88163E-17 -7.852E-08  6.014E-09  1.627E-09  4.282E-15  9.051E-16  1.00E-07
  5.250E-01 3.88150E-17 -8.245E-08  6.014E-09  1.627E-09  4.496E-15  9.504E-16  1.00E-07
  5.500E-01 3.88137E-17 -8.638E-08  6.014E-09  1.627E-09  4.710E-15  9.956E-16  1.00E-07
  5.750E-01 3.88122E-17 -9.031E-08  6.014E-09  1.627E-09  4.924E-15  1.041E-15  1.00E-07
  6.000E-01 3.88108E-17 -9.423E-08  6.014E-09  1.627E-09  5.138E-15  1.086E-15  1.00E-07
  6.250E-01 3.88092E-17 -9.816E-08  6.013E-09  1.627E-09  5.352E-15  1.131E-15  1.00E-07
  6.500E-01 3.88076E-17 -1.021E-07  6.013E-09  1.627E-09  5.566E-15  1.177E-15  1.00E-07
  6.750E-01 3.88059E-17 -1.060E-07  6.013E-09  1.627E-09  5.780E-15  1.222E-15  1.00E-07
  7.000E-01 3.88042E-17 -1.099E-07  6.013E-09  1.627E-09  5.994E-15  1.267E-15  1.00E-07
  7.250E-01 3.88024E-17 -1.139E-07  6.013E-09  1.627E-09  6.208E-15  1.312E-15  1.00E-07
  7.500E-01 3.88005E-17 -1.178E-07  6.013E-09  1.627E-09  6.422E-15  1.358E-15  1.00E-07
  7.750E-01 3.87986E-17 -1.217E-07  6.013E-09  1.627E-09  6.636E-15  1.403E-15  1.00E-07
  8.000E-01 3.87966E-17 -1.257E-07  6.012E-09  1.627E-09  6.850E-15  1.448E-15  1.00E-07
  8.250E-01 3.87945E-17 -1.296E-07  6.012E-09  1.627E-09  7.064E-15  1.493E-15  1.00E-07
  8.500E-01 3.87924E-17 -1.335E-07  6.012E-09  1.627E-09  7.278E-15  1.539E-15  1.00E-07
  8.750E-01 3.87902E-17 -1.375E-07  6.012E-09  1.627E-09  7.491E-15  1.584E-15  1.00E-07
  9.000E-01 3.87880E-17 -1.414E-07  6.012E-09  1.627E-09  7.705E-15  1.629E-15  1.00E-07
  9.250E-01 3.87857E-17 -1.453E-07  6.012E-09  1.627E-09  7.919E-15  1.674E-15  1.00E-07
  9.500E-01 3.87833E-17 -1.493E-07  6.011E-09  1.627E-09  8.133E-15  1.720E-15  1.00E-07
  9.750E-01 3.87809E-17 -1.532E-07  6.011E-09  1.627E-09  8.347E-15  1.765E-15  1.00E-07
  1.000E+00 3.87784E-17 -1.571E-07  6.011E-09  1.627E-09  8.560E-15  1.810E-15  1.00E-07
  1.100E+00 3.87678E-17 -1.729E-07  6.010E-09  1.627E-09  9.415E-15  1.991E-15  1.00E-07
  1.200E+00 3.87561E-17 -1.886E-07  6.009E-09  1.627E-09  1.027E-14  2.172E-15  1.00E-07
  1.300E+00 3.87435E-17 -2.044E-07  6.008E-09  1.627E-09  1.112E-14  2.353E-15  1.00E-07
  1.400E+00 3.87299E-17 -2.201E-07  6.007E-09  1.627E-09  1.198E-14  2.534E-15  1.00E-07
  1.500E+00 3.87152E-17 -2.359E-07  6.006E-09  1.627E-09  1.283E-14  2.715E-15  1.00E-07
  1.600E+00 3.86996E-17 -2.517E-07  6.004E-09  1.627E-09  1.368E-14  2.895E-15  1.00E-07
  1.700E+00 3.86830E-17 -2.675E-07  6.003E-09  1.626E-09  1.453E-14  3.076E-15  1.00E-07
  1.800E+00 3.86654E-17 -2.833E-07  6.002E-09  1.626E-09  1.539E-14  3.257E-15  1.00E-07
  1.900E+00 3.86467E-17 -2.991E-07  6.000E-09  1.626E-09  1.624E-14  3.438E-15  1.00E-07
  2.000E+00 3.86271E-17 -3.149E-07  5.999E-09  1.626E-09  1.709E-14  3.618E-15  1.00E-07
  2.100E+00 3.86065E-17 -3.308E-07  5.997E-09  1.626E-09  1.794E-14  3.799E-15  1.00E-07
  2.200E+00 3.85849E-17 -3.466E-07  5.995E-09  1.626E-09  1.878E-14  3.980E-15  1.00E-07
  2.300E+00 3.85623E-17 -3.625E-07  5.993E-09  1.626E-09  1.963E-14  4.160E-15  1.00E-07
  2.400E+00 3.85388E-17 -3.784E-07  5.991E-09  1.626E-09  2.048E-14  4.341E-15  1.00E-07
  2.500E+00 3.85142E-17 -3.943E-07  5.989E-09  1.626E-09  2.133E-14  4.521E-15  1.00E-07
  2.600E+00 3.84887E-17 -4.102E-07  5.987E-09  1.626E-09  2.217E-14  4.702E-15  1.00E-07
  2.700E+00 3.84622E-17 -4.261E-07  5.985E-09  1.626E-09  2.302E-14  4.882E-15  1.00E-07
  2.800E+00 3.84347E-17 -4.421E-07  5.983E-09  1.625E-09  2.386E-14  5.062E-15  1.00E-07
  2.900E+00 3.84063E-17 -4.580E-07  5.980E-09  1.625E-09  2.470E-14  5.243E-15  1.00E-07
  3.000E+00 3.83768E-17 -4.740E-07  5.978E-09  1.625E-09  2.554E-14  5.423E-15  1.00E-07
  3.100E+00 3.83465E-17 -4.900E-07  5.975E-09  1.625E-09  2.638E-14  5.603E-15  1.00E-07
  3.200E+00 3.83151E-17 -5.061E-07  5.973E-09  1.625E-09  2.722E-14  5.783E-15  1.00E-07
  3.300E+00 3.82828E-17 -5.221E-07  5.970E-09  1.625E-09  2.806E-14  5.964E-15  1.00E-07
  3.400E+00 3.82496E-17 -5.382E-07  5.967E-09  1.625E-09  2.890E-14  6.144E-15  1.00E-07
  3.500E+00 3.82154E-17 -5.543E-07  5.965E-09  1.625E-09  2.974E-14  6.324E-15  1.00E-07
  3.600E+00 3.81803E-17 -5.704E-07  5.962E-09  1.624E-09  3.057E-14  6.504E-15  1.00E-07
  3.700E+00 3.81442E-17 -5.865E-07  5.959E-09  1.624E-09  3.141E-14  6.683E-15  1.00E-07
  3.800E+00 3.81072E-17 -6.027E-07  5.956E-09  1.624E-09  3.224E-14  6.863E-15  1.00E-07
  3.900E+00 3.80692E-17 -6.189E-07  5.952E-09  1.624E-09  3.307E-14  7.043E-15  1.00E-07
  4.000E+00 3.80303E-17 -6.351E-07  5.949E-09  1.624E-09  3.390E-14  7.223E-15  1.00E-07
  4.100E+00 3.79905E-17 -6.513E-07  5.946E-09  1.624E-09  3.473E-14  7.402E-15  1.00E-07
  4.200E+00 3.79498E-17 -6.676E-07  5.943E-09  1.623E-09  3.556E-14  7.582E-15  1.00E-07
  4.300E+00 3.79081E-17 -6.839E-07  5.939E-09  1.623E-09  3.638E-14  7.761E-15  1.00E-07
  4.400E+00 3.78656E-17 -7.002E-07  5.936E-09  1.623E-09  3.721E-14  7.941E-15  1.00E-07
  4.500E+00 3.78221E-17 -7.166E-07  5.932E-09  1.623E-09  3.803E-14  8.120E-15  1.00E-07
  4.600E+00 3.77777E-17 -7.330E-07  5.928E-09  1.623E-09  3.885E-14  8.299E-15  1.00E-07
  4.700E+00 3.77324E-17 -7.494E-07  5.925E-09  1.622E-09  3.967E-14  8.478E-15  1.00E-07
  4.800E+00 3.76863E-17 -7.658E-07  5.921E-09  1.622E-09  4.049E-14  8.657E-15  1.00E-07
  4.900E+00 3.76392E-17 -7.823E-07  5.917E-09  1.622E-09  4.131E-14  8.836E-15  1.00E-07
  5.000E+00 3.75912E-17 -7.988E-07  5.913E-09  1.622E-09  4.212E-14  9.015E-15  1.00E-07
  5.100E+00 3.75424E-17 -8.154E-07  5.909E-09  1.622E-09  4.294E-14  9.194E-15  1.00E-07
  5.200E+00 3.74927E-17 -8.320E-07  5.905E-09  1.621E-09  4.375E-14  9.373E-15  1.00E-07
  5.300E+00 3.74422E-17 -8.486E-07  5.900E-09  1.621E-09  4.456E-14  9.551E-15  1.00E-07
  5.400E+00 3.73907E-17 -8.652E-07  5.896E-09  1.621E-09  4.537E-14  9.730E-15  1.00E-07
  5.500E+00 3.73384E-17 -8.819E-07  5.892E-09  1.621E-09  4.618E-14  9.908E-15  1.00E-07
  5.600E+00 3.72853E-17 -8.986E-07  5.887E-09  1.621E-09  4.698E-14  1.009E-14  1.00E-07
  5.700E+00 3.72313E-17 -9.154E-07  5.883E-09  1.620E-09  4.778E-14  1.026E-14  1.00E-07
  5.800E+00 3.71765E-17 -9.322E-07  5.878E-09  1.620E-09  4.859E-14  1.044E-14  1.00E-07
  5.900E+00 3.71208E-17 -9.490E-07  5.873E-09  1.620E-09  4.938E-14  1.062E-14  1.00E-07
  6.000E+00 3.70643E-17 -9.659E-07  5.869E-09  1.620E-09  5.018E-14  1.080E-14  1.00E-07
  6.100E+00 3.70070E-17 -9.828E-07  5.864E-09  1.619E-09  5.098E-14  1.098E-14  1.00E-07
  6.200E+00 3.69488E-17 -9.998E-07  5.859E-09  1.619E-09  5.177E-14  1.115E-14  1.00E-07
  6.300E+00 3.68898E-17 -1.017E-06  5.854E-09  1.619E-09  5.256E-14  1.133E-14  1.00E-07
  6.400E+00 3.68301E-17 -1.034E-06  5.849E-09  1.619E-09  5.335E-14  1.151E-14  1.00E-07
  6.500E+00 3.67695E-17 -1.051E-06  5.844E-09  1.618E-09  5.414E-14  1.169E-14  1.00E-07
  6.600E+00 3.67082E-17 -1.068E-06  5.839E-09  1.618E-09  5.493E-14  1.186E-14  1.00E-07
  6.700E+00 3.66460E-17 -1.085E-06  5.833E-09  1.618E-09  5.571E-14  1.204E-14  1.00E-07
  6.800E+00 3.65831E-17 -1.102E-06  5.828E-09  1.617E-09  5.649E-14  1.222E-14  1.00E-07
  6.900E+00 3.65194E-17 -1.120E-06  5.823E-09  1.617E-09  5.727E-14  1.240E-14  1.00E-07
  7.000E+00 3.64549E-17 -1.137E-06  5.817E-09  1.617E-09  5.805E-14  1.257E-14  1.00E-07
  7.100E+00 3.63896E-17 -1.154E-06  5.812E-09  1.617E-09  5.882E-14  1.275E-14  1.00E-07
  7.200E+00 3.63236E-17 -1.172E-06  5.806E-09  1.616E-09  5.960E-14  1.293E-14  1.00E-07
  7.300E+00 3.62569E-17 -1.189E-06  5.800E-09  1.616E-09  6.037E-14  1.310E-14  1.00E-07
  7.400E+00 3.61894E-17 -1.207E-06  5.795E-09  1.616E-09  6.114E-14  1.328E-14  1.00E-07
  7.500E+00 3.61212E-17 -1.224E-06  5.789E-09  1.615E-09  6.190E-14  1.345E-14  1.00E-07
  7.600E+00 3.60522E-17 -1.242E-06  5.783E-09  1.615E-09  6.267E-14  1.363E-14  1.00E-07
  7.700E+00 3.59825E-17 -1.259E-06  5.777E-09  1.615E-09  6.343E-14  1.381E-14  1.00E-07
  7.800E+00 3.59121E-17 -1.277E-06  5.771E-09  1.614E-09  6.419E-14  1.398E-14  1.00E-07
  7.900E+00 3.58410E-17 -1.295E-06  5.765E-09  1.614E-09  6.494E-14  1.416E-14  1.00E-07
  8.000E+00 3.57692E-17 -1.313E-06  5.759E-09  1.614E-09  6.570E-14  1.433E-14  1.00E-07
  8.100E+00 3.56967E-17 -1.330E-06  5.753E-09  1.613E-09  6.645E-14  1.451E-14  1.00E-07
  8.200E+00 3.56235E-17 -1.348E-06  5.746E-09  1.613E-09  6.720E-14  1.468E-14  1.00E-07
  8.300E+00 3.55497E-17 -1.366E-06  5.740E-09  1.613E-09  6.794E-14  1.486E-14  1.00E-07
  8.400E+00 3.54751E-17 -1.384E-06  5.734E-09  1.612E-09  6.869E-14  1.503E-14  1.00E-07
  8.500E+00 3.53999E-17 -1.402E-06  5.727E-09  1.612E-09  6.943E-14  1.521E-14  1.00E-07
  8.600E+00 3.53240E-17 -1.421E-06  5.721E-09  1.612E-09  7.017E-14  1.538E-14  1.00E-07
  8.700E+00 3.52475E-17 -1.439E-06  5.714E-09  1.611E-09  7.091E-14  1.556E-14  1.00E-07
  8.800E+00 3.51703E-17 -1.457E-06  5.707E-09  1.611E-09  7.164E-14  1.573E-14  1.00E-07
  8.900E+00 3.50925E-17 -1.475E-06  5.701E-09  1.611E-09  7.237E-14  1.591E-14  1.00E-07
  9.000E+00 3.50140E-17 -1.494E-06  5.694E-09  1.610E-09  7.310E-14  1.608E-14  1.00E-07
  9.100E+00 3.49350E-17 -1.512E-06  5.687E-09  1.610E-09  7.383E-14  1.626E-14  1.00E-07
  9.200E+00 3.48553E-17 -1.531E-06  5.680E-09  1.610E-09  7.455E-14  1.643E-14  1.00E-07
  9.300E+00 3.47750E-17 -1.549E-06  5.673E-09  1.609E-09  7.527E-14  1.660E-14  1.00E-07
  9.400E+00 3.46941E-17 -1.568E-06  5.666E-09  1.609E-09  7.599E-14  1.678E-14  1.00E-07
  9.500E+00 3.46126E-17 -1.586E-06  5.659E-09  1.608E-09  7.671E-14  1.695E-14  1.00E-07
  9.600E+00 3.45305E-17 -1.605E-06  5.652E-09  1.608E-09  7.742E-14  1.712E-14  1.00E-07
  9.700E+00 3.44479E-17 -1.624E-06  5.645E-09  1.608E-09  7.813E-14  1.730E-14  1.00E-07
  9.800E+00 3.43646E-17 -1.643E-06  5.638E-09  1.607E-09  7.884E-14  1.747E-14  1.00E-07
  9.900E+00 3.42808E-17 -1.662E-06  5.630E-09  1.607E-09  7.954E-14  1.764E-14  1.00E-07
  1.000E+01 3.41965E-17 -1.681E-06  5.623E-09  1.606E-09  8.024E-14  1.781E-14  1.00E-07
  1.025E+01 3.39832E-17 -1.729E-06  5.604E-09  1.605E-09  8.198E-14  1.824E-14  1.00E-07
  1.050E+01 3.37667E-17 -1.777E-06  5.585E-09  1.604E-09  8.371E-14  1.867E-14  1.00E-07
  1.075E+01 3.35469E-17 -1.826E-06  5.566E-09  1.603E-09  8.541E-14  1.910E-14  1.00E-07
  1.100E+01 3.33241E-17 -1.875E-06  5.546E-09  1.602E-09  8.710E-14  1.953E-14  1.00E-07
  1.125E+01 3.30983E-17 -1.924E-06  5.526E-09  1.601E-09  8.876E-14  1.996E-14  1.00E-07
  1.150E+01 3.28697E-17 -1.974E-06  5.505E-09  1.600E-09  9.041E-14  2.038E-14  1.00E-07
  1.175E+01 3.26384E-17 -2.025E-06  5.485E-09  1.599E-09  9.204E-14  2.080E-14  1.00E-07
  1.200E+01 3.24044E-17 -2.076E-06  5.464E-09  1.598E-09  9.365E-14  2.123E-14  1.00E-07
  1.225E+01 3.21680E-17 -2.128E-06  5.442E-09  1.596E-09  9.524E-14  2.165E-14  1.00E-07
  1.250E+01 3.19293E-17 -2.180E-06  5.421E-09  1.595E-09  9.681E-14  2.207E-14  1.00E-07
  1.275E+01 3.16883E-17 -2.232E-06  5.399E-09  1.594E-09  9.836E-14  2.249E-14  1.00E-07
  1.300E+01 3.14452E-17 -2.285E-06  5.377E-09  1.593E-09  9.989E-14  2.290E-14  1.00E-07
  1.325E+01 3.12001E-17 -2.339E-06  5.354E-09  1.591E-09  1.014E-13  2.332E-14  1.00E-07
  1.350E+01 3.09532E-17 -2.393E-06  5.332E-09  1.590E-09  1.029E-13  2.373E-14  1.00E-07
  1.375E+01 3.07045E-17 -2.448E-06  5.309E-09  1.589E-09  1.044E-13  2.415E-14  1.00E-07
  1.400E+01 3.04541E-17 -2.504E-06  5.285E-09  1.587E-09  1.058E-13  2.456E-14  1.00E-07
  1.425E+01 3.02022E-17 -2.560E-06  5.262E-09  1.586E-09  1.072E-13  2.497E-14  1.00E-07
  1.450E+01 2.99489E-17 -2.617E-06  5.238E-09  1.584E-09  1.086E-13  2.538E-14  1.00E-07
  1.475E+01 2.96943E-17 -2.674E-06  5.214E-09  1.583E-09  1.100E-13  2.579E-14  1.00E-07
  1.500E+01 2.94384E-17 -2.732E-06  5.190E-09  1.581E-09  1.114E-13  2.619E-14  1.00E-07
  1.525E+01 2.91815E-17 -2.790E-06  5.166E-09  1.580E-09  1.127E-13  2.660E-14  1.00E-07
  1.550E+01 2.89237E-17 -2.850E-06  5.141E-09  1.578E-09  1.141E-13  2.700E-14  1.00E-07
  1.575E+01 2.86649E-17 -2.910E-06  5.116E-09  1.577E-09  1.154E-13  2.740E-14  1.00E-07
  1.600E+01 2.84054E-17 -2.970E-06  5.092E-09  1.575E-09  1.166E-13  2.780E-14  1.00E-07
  1.625E+01 2.81452E-17 -3.031E-06  5.066E-09  1.574E-09  1.179E-13  2.820E-14  1.00E-07
  1.650E+01 2.78845E-17 -3.093E-06  5.041E-09  1.572E-09  1.191E-13  2.860E-14  1.00E-07
  1.675E+01 2.76233E-17 -3.156E-06  5.016E-09  1.571E-09  1.203E-13  2.899E-14  1.00E-07
  1.700E+01 2.73617E-17 -3.219E-06  4.990E-09  1.569E-09  1.215E-13  2.939E-14  1.00E-07
  1.725E+01 2.70999E-17 -3.284E-06  4.964E-09  1.567E-09  1.227E-13  2.978E-14  1.00E-07
  1.750E+01 2.68379E-17 -3.349E-06  4.938E-09  1.566E-09  1.239E-13  3.017E-14  1.00E-07
  1.775E+01 2.65759E-17 -3.414E-06  4.912E-09  1.564E-09  1.250E-13  3.056E-14  1.00E-07
  1.800E+01 2.63138E-17 -3.481E-06  4.886E-09  1.562E-09  1.261E-13  3.095E-14  1.00E-07
  1.825E+01 2.60519E-17 -3.548E-06  4.860E-09  1.560E-09  1.272E-13  3.133E-14  1.00E-07
  1.850E+01 2.57901E-17 -3.616E-06  4.833E-09  1.559E-09  1.283E-13  3.171E-14  1.00E-07
  1.875E+01 2.55287E-17 -3.685E-06  4.807E-09  1.557E-09  1.293E-13  3.210E-14  1.00E-07
  1.900E+01 2.52675E-17 -3.754E-06  4.780E-09  1.555E-09  1.303E-13  3.248E-14  1.00E-07
  1.925E+01 2.50069E-17 -3.825E-06  4.753E-09  1.553E-09  1.313E-13  3.285E-14  1.00E-07
  1.950E+01 2.47467E-17 -3.896E-06  4.726E-09  1.551E-09  1.323E-13  3.323E-14  1.00E-07
  1.975E+01 2.44871E-17 -3.968E-06  4.700E-09  1.550E-09  1.333E-13  3.361E-14  1.00E-07
  2.000E+01 2.42282E-17 -4.041E-06  4.673E-09  1.548E-09  1.342E-13  3.398E-14  1.00E-07
  2.025E+01 2.39701E-17 -4.115E-06  4.645E-09  1.546E-09  1.351E-13  3.435E-14  1.00E-07
  2.050E+01 2.37127E-17 -4.190E-06  4.618E-09  1.544E-09  1.360E-13  3.472E-14  1.00E-07
  2.075E+01 2.34562E-17 -4.266E-06  4.591E-09  1.542E-09  1.369E-13  3.509E-14  1.00E-07
  2.100E+01 2.32007E-17 -4.343E-06  4.564E-09  1.540E-09  1.378E-13  3.545E-14  1.00E-07
  2.125E+01 2.29462E-17 -4.420E-06  4.537E-09  1.538E-09  1.386E-13  3.581E-14  1.00E-07
  2.150E+01 2.26927E-17 -4.499E-06  4.509E-09  1.536E-09  1.394E-13  3.618E-14  1.00E-07
  2.175E+01 2.24404E-17 -4.578E-06  4.482E-09  1.534E-09  1.402E-13  3.654E-14  1.00E-07
  2.200E+01 2.21892E-17 -4.658E-06  4.454E-09  1.532E-09  1.410E-13  3.689E-14  1.00E-07
  2.225E+01 2.19393E-17 -4.740E-06  4.427E-09  1.530E-09  1.417E-13  3.725E-14  1.00E-07
  2.250E+01 2.16907E-17 -4.822E-06  4.399E-09  1.528E-09  1.425E-13  3.760E-14  1.00E-07
  2.275E+01 2.14434E-17 -4.906E-06  4.372E-09  1.526E-09  1.432E-13  3.795E-14  1.00E-07
  2.300E+01 2.11976E-17 -4.990E-06  4.345E-09  1.524E-09  1.439E-13  3.830E-14  1.00E-07
  2.325E+01 2.09531E-17 -5.075E-06  4.317E-09  1.522E-09  1.446E-13  3.865E-14  1.00E-07
  2.350E+01 2.07102E-17 -5.162E-06  4.290E-09  1.520E-09  1.452E-13  3.900E-14  1.00E-07
  2.375E+01 2.04688E-17 -5.249E-06  4.262E-09  1.518E-09  1.459E-13  3.934E-14  1.00E-07
  2.400E+01 2.02289E-17 -5.337E-06  4.235E-09  1.515E-09  1.465E-13  3.968E-14  1.00E-07
  2.425E+01 1.99907E-17 -5.427E-06  4.207E-09  1.513E-09  1.471E-13  4.002E-14  1.00E-07
  2.450E+01 1.97541E-17 -5.518E-06  4.180E-09  1.511E-09  1.477E-13  4.036E-14  1.00E-07
  2.475E+01 1.95192E-17 -5.609E-06  4.152E-09  1.509E-09  1.483E-13  4.069E-14  1.00E-07
  2.500E+01 1.92860E-17 -5.702E-06  4.125E-09  1.507E-09  1.488E-13  4.103E-14  1.00E-07
  2.550E+01 1.88248E-17 -5.891E-06  4.070E-09  1.502E-09  1.499E-13  4.169E-14  1.00E-07
  2.600E+01 1.83709E-17 -6.084E-06  4.016E-09  1.498E-09  1.508E-13  4.234E-14  1.00E-07
  2.650E+01 1.79244E-17 -6.282E-06  3.962E-09  1.493E-09  1.517E-13  4.298E-14  1.00E-07
  2.700E+01 1.74856E-17 -6.485E-06  3.908E-09  1.489E-09  1.526E-13  4.362E-14  1.00E-07
  2.750E+01 1.70544E-17 -6.692E-06  3.854E-09  1.484E-09  1.534E-13  4.424E-14  1.00E-07
  2.800E+01 1.66312E-17 -6.904E-06  3.800E-09  1.479E-09  1.541E-13  4.486E-14  1.00E-07
  2.850E+01 1.62159E-17 -7.121E-06  3.747E-09  1.474E-09  1.547E-13  4.547E-14  1.00E-07
  2.900E+01 1.58087E-17 -7.344E-06  3.694E-09  1.470E-09  1.553E-13  4.607E-14  1.00E-07
  2.950E+01 1.54097E-17 -7.571E-06  3.642E-09  1.465E-09  1.558E-13  4.666E-14  1.00E-07
  3.000E+01 1.50188E-17 -7.803E-06  3.590E-09  1.460E-09  1.563E-13  4.724E-14  1.00E-07
  3.050E+01 1.46362E-17 -8.040E-06  3.538E-09  1.455E-09  1.567E-13  4.781E-14  1.00E-07
  3.100E+01 1.42618E-17 -8.283E-06  3.487E-09  1.450E-09  1.571E-13  4.838E-14  1.00E-07
  3.150E+01 1.38956E-17 -8.531E-06  3.436E-09  1.445E-09  1.574E-13  4.893E-14  1.00E-07
  3.200E+01 1.35376E-17 -8.785E-06  3.386E-09  1.440E-09  1.577E-13  4.948E-14  1.00E-07
  3.250E+01 1.31877E-17 -9.044E-06  3.336E-09  1.435E-09  1.579E-13  5.001E-14  1.00E-07
  3.300E+01 1.28460E-17 -9.308E-06  3.287E-09  1.429E-09  1.580E-13  5.054E-14  1.00E-07
  3.350E+01 1.25123E-17 -9.579E-06  3.238E-09  1.424E-09  1.582E-13  5.106E-14  1.00E-07
  3.400E+01 1.21867E-17 -9.854E-06  3.190E-09  1.419E-09  1.582E-13  5.157E-14  1.00E-07
  3.450E+01 1.18689E-17 -1.014E-05  3.142E-09  1.414E-09  1.583E-13  5.207E-14  1.00E-07
  3.500E+01 1.15589E-17 -1.042E-05  3.094E-09  1.408E-09  1.583E-13  5.256E-14  1.00E-07
  3.550E+01 1.12567E-17 -1.072E-05  3.048E-09  1.403E-09  1.582E-13  5.304E-14  1.00E-07
  3.600E+01 1.09621E-17 -1.101E-05  3.001E-09  1.398E-09  1.581E-13  5.351E-14  1.00E-07
  3.650E+01 1.06750E-17 -1.132E-05  2.956E-09  1.392E-09  1.580E-13  5.397E-14  1.00E-07
  3.700E+01 1.03953E-17 -1.163E-05  2.911E-09  1.387E-09  1.578E-13  5.443E-14  1.00E-07
  3.750E+01 1.01229E-17 -1.195E-05  2.866E-09  1.381E-09  1.576E-13  5.487E-14  1.00E-07
  3.800E+01 9.85766E-18 -1.227E-05  2.822E-09  1.376E-09  1.574E-13  5.531E-14  1.00E-07
  3.850E+01 9.59942E-18 -1.260E-05  2.779E-09  1.370E-09  1.571E-13  5.573E-14  1.00E-07
  3.900E+01 9.34808E-18 -1.293E-05  2.736E-09  1.365E-09  1.568E-13  5.615E-14  1.00E-07
  3.950E+01 9.10350E-18 -1.327E-05  2.694E-09  1.359E-09  1.565E-13  5.656E-14  1.00E-07
  4.000E+01 8.86554E-18 -1.362E-05  2.652E-09  1.354E-09  1.562E-13  5.696E-14  1.00E-07
  4.050E+01 8.63407E-18 -1.397E-05  2.611E-09  1.348E-09  1.558E-13  5.735E-14  1.00E-07
  4.100E+01 8.40894E-18 -1.433E-05  2.570E-09  1.343E-09  1.554E-13  5.773E-14  1.00E-07
  4.150E+01 8.19003E-18 -1.470E-05  2.530E-09  1.337E-09  1.550E-13  5.810E-14  1.00E-07
  4.200E+01 7.97718E-18 -1.507E-05  2.491E-09  1.331E-09  1.545E-13  5.846E-14  1.00E-07
  4.250E+01 7.77026E-18 -1.544E-05  2.452E-09  1.326E-09  1.540E-13  5.881E-14  1.00E-07
  4.300E+01 7.56913E-18 -1.583E-05  2.414E-09  1.320E-09  1.535E-13  5.916E-14  1.00E-07
  4.350E+01 7.37365E-18 -1.622E-05  2.376E-09  1.315E-09  1.530E-13  5.949E-14  1.00E-07
  4.400E+01 7.18368E-18 -1.661E-05  2.339E-09  1.309E-09  1.525E-13  5.982E-14  1.00E-07
  4.450E+01 6.99909E-18 -1.701E-05  2.302E-09  1.303E-09  1.519E-13  6.014E-14  1.00E-07
  4.500E+01 6.81973E-18 -1.742E-05  2.266E-09  1.298E-09  1.513E-13  6.045E-14  1.00E-07
  4.550E+01 6.64548E-18 -1.783E-05  2.231E-09  1.292E-09  1.508E-13  6.075E-14  1.00E-07
  4.600E+01 6.47620E-18 -1.825E-05  2.196E-09  1.286E-09  1.502E-13  6.104E-14  1.00E-07
  4.650E+01 6.31175E-18 -1.868E-05  2.161E-09  1.281E-09  1.495E-13  6.132E-14  1.00E-07
  4.700E+01 6.15202E-18 -1.911E-05  2.128E-09  1.275E-09  1.489E-13  6.160E-14  1.00E-07
  4.750E+01 5.99687E-18 -1.954E-05  2.094E-09  1.269E-09  1.483E-13  6.186E-14  1.00E-07
  4.800E+01 5.84617E-18 -1.998E-05  2.062E-09  1.263E-09  1.476E-13  6.212E-14  1.00E-07
  4.850E+01 5.69981E-18 -2.043E-05  2.029E-09  1.258E-09  1.469E-13  6.237E-14  1.00E-07
  4.900E+01 5.55767E-18 -2.089E-05  1.997E-09  1.252E-09  1.462E-13  6.261E-14  1.00E-07
  4.950E+01 5.41961E-18 -2.134E-05  1.966E-09  1.246E-09  1.455E-13  6.284E-14  1.00E-07
  5.000E+01 5.28554E-18 -2.181E-05  1.936E-09  1.241E-09  1.448E-13  6.306E-14  1.00E-07
  5.050E+01 5.15533E-18 -2.228E-05  1.905E-09  1.235E-09  1.441E-13  6.328E-14  1.00E-07
  5.100E+01 5.02888E-18 -2.275E-05  1.876E-09  1.229E-09  1.434E-13  6.349E-14  1.00E-07
  5.150E+01 4.90607E-18 -2.323E-05  1.846E-09  1.224E-09  1.427E-13  6.368E-14  1.00E-07
  5.200E+01 4.78680E-18 -2.372E-05  1.817E-09  1.218E-09  1.419E-13  6.388E-14  1.00E-07
  5.250E+01 4.67097E-18 -2.421E-05  1.789E-09  1.212E-09  1.412E-13  6.406E-14  1.00E-07
  5.300E+01 4.55848E-18 -2.471E-05  1.761E-09  1.207E-09  1.404E-13  6.423E-14  1.00E-07
  5.350E+01 4.44922E-18 -2.521E-05  1.734E-09  1.201E-09  1.397E-13  6.440E-14  1.00E-07
  5.400E+01 4.34310E-18 -2.571E-05  1.707E-09  1.196E-09  1.389E-13  6.456E-14  1.00E-07
  5.450E+01 4.24003E-18 -2.622E-05  1.681E-09  1.190E-09  1.381E-13  6.471E-14  1.00E-07
  5.500E+01 4.13991E-18 -2.674E-05  1.654E-09  1.184E-09  1.373E-13  6.486E-14  1.00E-07
  5.550E+01 4.04266E-18 -2.725E-05  1.629E-09  1.179E-09  1.366E-13  6.500E-14  1.00E-07
  5.600E+01 3.94820E-18 -2.778E-05  1.604E-09  1.173E-09  1.358E-13  6.512E-14  1.00E-07
  5.650E+01 3.85643E-18 -2.830E-05  1.579E-09  1.168E-09  1.350E-13  6.525E-14  1.00E-07
  5.700E+01 3.76727E-18 -2.884E-05  1.555E-09  1.162E-09  1.342E-13  6.536E-14  1.00E-07
  5.750E+01 3.68066E-18 -2.937E-05  1.531E-09  1.156E-09  1.334E-13  6.547E-14  1.00E-07
  5.800E+01 3.59650E-18 -2.991E-05  1.507E-09  1.151E-09  1.326E-13  6.557E-14  1.00E-07
  5.850E+01 3.51472E-18 -3.045E-05  1.484E-09  1.145E-09  1.318E-13  6.566E-14  1.00E-07
  5.900E+01 3.43526E-18 -3.100E-05  1.461E-09  1.140E-09  1.310E-13  6.575E-14  1.00E-07
  5.950E+01 3.35804E-18 -3.155E-05  1.439E-09  1.135E-09  1.302E-13  6.583E-14  1.00E-07
  6.000E+01 3.28299E-18 -3.211E-05  1.417E-09  1.129E-09  1.294E-13  6.590E-14  1.00E-07
  6.050E+01 3.21005E-18 -3.266E-05  1.395E-09  1.124E-09  1.286E-13  6.597E-14  1.00E-07
  6.100E+01 3.13915E-18 -3.322E-05  1.374E-09  1.118E-09  1.278E-13  6.602E-14  1.00E-07
  6.150E+01 3.07023E-18 -3.378E-05  1.353E-09  1.113E-09  1.270E-13  6.608E-14  1.00E-07
  6.200E+01 3.00323E-18 -3.435E-05  1.333E-09  1.108E-09  1.262E-13  6.612E-14  1.00E-07
  6.250E+01 2.93808E-18 -3.492E-05  1.313E-09  1.102E-09  1.253E-13  6.616E-14  1.00E-07
  6.300E+01 2.87475E-18 -3.549E-05  1.293E-09  1.097E-09  1.245E-13  6.619E-14  1.00E-07
  6.350E+01 2.81316E-18 -3.606E-05  1.273E-09  1.092E-09  1.237E-13  6.622E-14  1.00E-07
  6.400E+01 2.75326E-18 -3.664E-05  1.254E-09  1.086E-09  1.229E-13  6.624E-14  1.00E-07
  6.450E+01 2.69501E-18 -3.721E-05  1.236E-09  1.081E-09  1.221E-13  6.625E-14  1.00E-07
  6.500E+01 2.63835E-18 -3.779E-05  1.217E-09  1.076E-09  1.213E-13  6.626E-14  1.00E-07
  6.550E+01 2.58323E-18 -3.837E-05  1.199E-09  1.071E-09  1.205E-13  6.626E-14  1.00E-07
  6.600E+01 2.52961E-18 -3.895E-05  1.181E-09  1.065E-09  1.197E-13  6.625E-14  1.00E-07
  6.650E+01 2.47744E-18 -3.954E-05  1.163E-09  1.060E-09  1.189E-13  6.624E-14  1.00E-07
  6.700E+01 2.42668E-18 -4.012E-05  1.146E-09  1.055E-09  1.181E-13  6.623E-14  1.00E-07
  6.750E+01 2.37728E-18 -4.070E-05  1.129E-09  1.050E-09  1.173E-13  6.620E-14  1.00E-07
  6.800E+01 2.32921E-18 -4.129E-05  1.112E-09  1.045E-09  1.165E-13  6.618E-14  1.00E-07
  6.850E+01 2.28242E-18 -4.188E-05  1.096E-09  1.040E-09  1.157E-13  6.614E-14  1.00E-07
  6.900E+01 2.23687E-18 -4.246E-05  1.080E-09  1.035E-09  1.149E-13  6.610E-14  1.00E-07
  6.950E+01 2.19253E-18 -4.305E-05  1.064E-09  1.030E-09  1.141E-13  6.606E-14  1.00E-07
  7.000E+01 2.14936E-18 -4.364E-05  1.048E-09  1.025E-09  1.133E-13  6.601E-14  1.00E-07
  7.050E+01 2.10733E-18 -4.423E-05  1.033E-09  1.020E-09  1.125E-13  6.595E-14  1.00E-07
  7.100E+01 2.06639E-18 -4.481E-05  1.018E-09  1.015E-09  1.117E-13  6.589E-14  1.00E-07
  7.150E+01 2.02653E-18 -4.540E-05  1.003E-09  1.010E-09  1.109E-13  6.583E-14  1.00E-07
  7.200E+01 1.98770E-18 -4.599E-05  9.887E-10  1.005E-09  1.102E-13  6.575E-14  1.00E-07
  7.250E+01 1.94987E-18 -4.657E-05  9.744E-10  1.000E-09  1.094E-13  6.568E-14  1.00E-07
  7.300E+01 1.91302E-18 -4.716E-05  9.604E-10  9.954E-10  1.086E-13  6.560E-14  1.00E-07
  7.350E+01 1.87712E-18 -4.774E-05  9.465E-10  9.906E-10  1.078E-13  6.551E-14  1.00E-07
  7.400E+01 1.84213E-18 -4.832E-05  9.329E-10  9.858E-10  1.071E-13  6.542E-14  1.00E-07
  7.450E+01 1.80804E-18 -4.890E-05  9.196E-10  9.810E-10  1.063E-13  6.532E-14  1.00E-07
  7.500E+01 1.77481E-18 -4.948E-05  9.064E-10  9.763E-10  1.055E-13  6.522E-14  1.00E-07
  7.550E+01 1.74242E-18 -5.006E-05  8.935E-10  9.716E-10  1.048E-13  6.512E-14  1.00E-07
  7.600E+01 1.71085E-18 -5.064E-05  8.808E-10  9.670E-10  1.040E-13  6.500E-14  1.00E-07
  7.650E+01 1.68007E-18 -5.121E-05  8.683E-10  9.624E-10  1.032E-13  6.489E-14  1.00E-07
  7.700E+01 1.65005E-18 -5.178E-05  8.560E-10  9.578E-10  1.025E-13  6.477E-14  1.00E-07
  7.750E+01 1.62078E-18 -5.235E-05  8.439E-10  9.532E-10  1.017E-13  6.465E-14  1.00E-07
  7.800E+01 1.59224E-18 -5.292E-05  8.320E-10  9.486E-10  1.010E-13  6.452E-14  1.00E-07
  7.850E+01 1.56440E-18 -5.348E-05  8.204E-10  9.441E-10  1.003E-13  6.439E-14  1.00E-07
  7.900E+01 1.53724E-18 -5.404E-05  8.089E-10  9.397E-10  9.951E-14  6.425E-14  1.00E-07
  7.950E+01 1.51075E-18 -5.460E-05  7.976E-10  9.352E-10  9.877E-14  6.411E-14  1.00E-07
  8.000E+01 1.48490E-18 -5.515E-05  7.865E-10  9.308E-10  9.804E-14  6.396E-14  1.00E-07
  8.050E+01 1.45967E-18 -5.570E-05  7.756E-10  9.264E-10  9.731E-14  6.382E-14  1.00E-07
  8.100E+01 1.43506E-18 -5.625E-05  7.648E-10  9.220E-10  9.658E-14  6.366E-14  1.00E-07
  8.150E+01 1.41104E-18 -5.679E-05  7.542E-10  9.177E-10  9.586E-14  6.351E-14  1.00E-07
  8.200E+01 1.38759E-18 -5.733E-05  7.439E-10  9.134E-10  9.514E-14  6.335E-14  1.00E-07
  8.250E+01 1.36470E-18 -5.787E-05  7.336E-10  9.091E-10  9.442E-14  6.318E-14  1.00E-07
  8.300E+01 1.34235E-18 -5.840E-05  7.236E-10  9.049E-10  9.370E-14  6.301E-14  1.00E-07
  8.350E+01 1.32053E-18 -5.892E-05  7.137E-10  9.006E-10  9.299E-14  6.284E-14  1.00E-07
  8.400E+01 1.29923E-18 -5.944E-05  7.040E-10  8.965E-10  9.229E-14  6.266E-14  1.00E-07
  8.450E+01 1.27842E-18 -5.996E-05  6.944E-10  8.923E-10  9.158E-14  6.249E-14  1.00E-07
  8.500E+01 1.25810E-18 -6.047E-05  6.850E-10  8.882E-10  9.088E-14  6.230E-14  1.00E-07
  8.550E+01 1.23825E-18 -6.098E-05  6.758E-10  8.841E-10  9.018E-14  6.212E-14  1.00E-07
  8.600E+01 1.21886E-18 -6.148E-05  6.667E-10  8.800E-10  8.949E-14  6.193E-14  1.00E-07
  8.650E+01 1.19991E-18 -6.198E-05  6.577E-10  8.760E-10  8.880E-14  6.173E-14  1.00E-07
  8.700E+01 1.18140E-18 -6.247E-05  6.489E-10  8.720E-10  8.811E-14  6.154E-14  1.00E-07
  8.750E+01 1.16332E-18 -6.295E-05  6.402E-10  8.680E-10  8.743E-14  6.134E-14  1.00E-07
  8.800E+01 1.14564E-18 -6.343E-05  6.317E-10  8.640E-10  8.675E-14  6.113E-14  1.00E-07
  8.850E+01 1.12836E-18 -6.390E-05  6.233E-10  8.601E-10  8.607E-14  6.093E-14  1.00E-07
  8.900E+01 1.11148E-18 -6.437E-05  6.151E-10  8.562E-10  8.540E-14  6.072E-14  1.00E-07
  8.950E+01 1.09497E-18 -6.483E-05  6.070E-10  8.524E-10  8.473E-14  6.051E-14  1.00E-07
  9.000E+01 1.07883E-18 -6.529E-05  5.990E-10  8.485E-10  8.406E-14  6.029E-14  1.00E-07
  9.050E+01 1.06305E-18 -6.573E-05  5.911E-10  8.448E-10  8.340E-14  6.007E-14  1.00E-07
  9.100E+01 1.04762E-18 -6.617E-05  5.834E-10  8.410E-10  8.274E-14  5.985E-14  1.00E-07
  9.150E+01 1.03253E-18 -6.661E-05  5.758E-10  8.372E-10  8.208E-14  5.963E-14  1.00E-07
  9.200E+01 1.01777E-18 -6.704E-05  5.683E-10  8.335E-10  8.143E-14  5.940E-14  1.00E-07
  9.250E+01 1.00334E-18 -6.746E-05  5.610E-10  8.299E-10  8.078E-14  5.917E-14  1.00E-07
  9.300E+01 9.89218E-19 -6.787E-05  5.537E-10  8.262E-10  8.013E-14  5.894E-14  1.00E-07
  9.350E+01 9.75404E-19 -6.828E-05  5.466E-10  8.226E-10  7.949E-14  5.870E-14  1.00E-07
  9.400E+01 9.61890E-19 -6.867E-05  5.396E-10  8.190E-10  7.885E-14  5.847E-14  1.00E-07
  9.450E+01 9.48666E-19 -6.906E-05  5.327E-10  8.154E-10  7.821E-14  5.823E-14  1.00E-07
  9.500E+01 9.35726E-19 -6.945E-05  5.259E-10  8.119E-10  7.758E-14  5.798E-14  1.00E-07
  9.550E+01 9.23063E-19 -6.982E-05  5.192E-10  8.084E-10  7.695E-14  5.774E-14  1.00E-07
  9.600E+01 9.10669E-19 -7.019E-05  5.126E-10  8.049E-10  7.632E-14  5.749E-14  1.00E-07
  9.650E+01 8.98538E-19 -7.055E-05  5.062E-10  8.015E-10  7.570E-14  5.724E-14  1.00E-07
  9.700E+01 8.86663E-19 -7.090E-05  4.998E-10  7.980E-10  7.508E-14  5.699E-14  1.00E-07
  9.750E+01 8.75038E-19 -7.124E-05  4.935E-10  7.946E-10  7.446E-14  5.673E-14  1.00E-07
  9.800E+01 8.63656E-19 -7.158E-05  4.874E-10  7.913E-10  7.385E-14  5.647E-14  1.00E-07
  9.850E+01 8.52512E-19 -7.190E-05  4.813E-10  7.879E-10  7.323E-14  5.621E-14  1.00E-07
  9.900E+01 8.41599E-19 -7.222E-05  4.753E-10  7.846E-10  7.263E-14  5.595E-14  1.00E-07
  9.950E+01 8.30913E-19 -7.253E-05  4.694E-10  7.814E-10  7.202E-14  5.569E-14  1.00E-07
  1.000E+02 8.20447E-19 -7.283E-05  4.637E-10  7.781E-10  7.142E-14  5.542E-14  1.00E-07
  1.005E+02 8.10196E-19 -7.312E-05  4.580E-10  7.749E-10  7.082E-14  5.515E-14  1.00E-07
  1.010E+02 8.00155E-19 -7.340E-05  4.524E-10  7.717E-10  7.023E-14  5.488E-14  1.00E-07
  1.015E+02 7.90319E-19 -7.368E-05  4.468E-10  7.685E-10  6.963E-14  5.461E-14  1.00E-07
  1.020E+02 7.80683E-19 -7.394E-05  4.414E-10  7.654E-10  6.904E-14  5.433E-14  1.00E-07
  1.025E+02 7.71243E-19 -7.420E-05  4.361E-10  7.623E-10  6.846E-14  5.406E-14  1.00E-07
  1.030E+02 7.61992E-19 -7.444E-05  4.308E-10  7.592E-10  6.787E-14  5.378E-14  1.00E-07
  1.035E+02 7.52928E-19 -7.468E-05  4.256E-10  7.562E-10  6.729E-14  5.350E-14  1.00E-07
  1.040E+02 7.44046E-19 -7.490E-05  4.205E-10  7.531E-10  6.672E-14  5.322E-14  1.00E-07
  1.045E+02 7.35341E-19 -7.512E-05  4.155E-10  7.501E-10  6.614E-14  5.293E-14  1.00E-07
  1.050E+02 7.26809E-19 -7.533E-05  4.106E-10  7.472E-10  6.557E-14  5.265E-14  1.00E-07
  1.055E+02 7.18447E-19 -7.553E-05  4.057E-10  7.442E-10  6.500E-14  5.236E-14  1.00E-07
  1.060E+02 7.10250E-19 -7.571E-05  4.009E-10  7.413E-10  6.443E-14  5.207E-14  1.00E-07
  1.065E+02 7.02215E-19 -7.589E-05  3.962E-10  7.384E-10  6.387E-14  5.178E-14  1.00E-07
  1.070E+02 6.94337E-19 -7.606E-05  3.916E-10  7.355E-10  6.331E-14  5.148E-14  1.00E-07
  1.075E+02 6.86614E-19 -7.622E-05  3.870E-10  7.327E-10  6.275E-14  5.119E-14  1.00E-07
  1.080E+02 6.79041E-19 -7.637E-05  3.825E-10  7.299E-10  6.220E-14  5.089E-14  1.00E-07
  1.085E+02 6.71616E-19 -7.651E-05  3.781E-10  7.271E-10  6.164E-14  5.059E-14  1.00E-07
  1.090E+02 6.64335E-19 -7.663E-05  3.737E-10  7.243E-10  6.109E-14  5.029E-14  1.00E-07
  1.095E+02 6.57195E-19 -7.675E-05  3.694E-10  7.216E-10  6.055E-14  4.999E-14  1.00E-07
  1.100E+02 6.50192E-19 -7.686E-05  3.652E-10  7.189E-10  6.000E-14  4.969E-14  1.00E-07
  1.105E+02 6.43324E-19 -7.696E-05  3.611E-10  7.162E-10  5.946E-14  4.939E-14  1.00E-07
  1.110E+02 6.36588E-19 -7.704E-05  3.570E-10  7.136E-10  5.892E-14  4.908E-14  1.00E-07
  1.115E+02 6.29981E-19 -7.712E-05  3.529E-10  7.109E-10  5.838E-14  4.877E-14  1.00E-07
  1.120E+02 6.23500E-19 -7.719E-05  3.490E-10  7.083E-10  5.785E-14  4.846E-14  1.00E-07
  1.125E+02 6.17141E-19 -7.724E-05  3.451E-10  7.057E-10  5.732E-14  4.815E-14  1.00E-07
  1.130E+02 6.10904E-19 -7.729E-05  3.412E-10  7.032E-10  5.679E-14  4.784E-14  1.00E-07
  1.135E+02 6.04784E-19 -7.732E-05  3.374E-10  7.007E-10  5.626E-14  4.753E-14  1.00E-07
  1.140E+02 5.98780E-19 -7.734E-05  3.337E-10  6.981E-10  5.574E-14  4.722E-14  1.00E-07
  1.145E+02 5.92889E-19 -7.736E-05  3.301E-10  6.957E-10  5.522E-14  4.690E-14  1.00E-07
  1.150E+02 5.87109E-19 -7.736E-05  3.264E-10  6.932E-10  5.470E-14  4.658E-14  1.00E-07
  1.155E+02 5.81437E-19 -7.735E-05  3.229E-10  6.908E-10  5.418E-14  4.627E-14  1.00E-07
  1.160E+02 5.75871E-19 -7.733E-05  3.194E-10  6.884E-10  5.366E-14  4.595E-14  1.00E-07
  1.165E+02 5.70408E-19 -7.730E-05  3.159E-10  6.860E-10  5.315E-14  4.563E-14  1.00E-07
  1.170E+02 5.65048E-19 -7.726E-05  3.126E-10  6.836E-10  5.264E-14  4.530E-14  1.00E-07
  1.175E+02 5.59787E-19 -7.721E-05  3.092E-10  6.813E-10  5.214E-14  4.498E-14  1.00E-07
  1.180E+02 5.54623E-19 -7.715E-05  3.059E-10  6.790E-10  5.163E-14  4.466E-14  1.00E-07
  1.185E+02 5.49555E-19 -7.708E-05  3.027E-10  6.767E-10  5.113E-14  4.433E-14  1.00E-07
  1.190E+02 5.44581E-19 -7.699E-05  2.995E-10  6.744E-10  5.063E-14  4.401E-14  1.00E-07
  1.195E+02 5.39698E-19 -7.690E-05  2.964E-10  6.722E-10  5.013E-14  4.368E-14  1.00E-07
  1.200E+02 5.34905E-19 -7.679E-05  2.933E-10  6.700E-10  4.963E-14  4.335E-14  1.00E-07
  1.205E+02 5.30200E-19 -7.668E-05  2.902E-10  6.678E-10  4.914E-14  4.302E-14  1.00E-07
  1.210E+02 5.25581E-19 -7.655E-05  2.872E-10  6.656E-10  4.864E-14  4.269E-14  1.00E-07
  1.215E+02 5.21047E-19 -7.641E-05  2.843E-10  6.635E-10  4.815E-14  4.236E-14  1.00E-07
  1.220E+02 5.16596E-19 -7.626E-05  2.814E-10  6.614E-10  4.767E-14  4.203E-14  1.00E-07
  1.225E+02 5.12226E-19 -7.610E-05  2.786E-10  6.593E-10  4.718E-14  4.169E-14  1.00E-07
  1.230E+02 5.07936E-19 -7.593E-05  2.757E-10  6.572E-10  4.670E-14  4.136E-14  1.00E-07
  1.235E+02 5.03724E-19 -7.575E-05  2.730E-10  6.551E-10  4.622E-14  4.102E-14  1.00E-07
  1.240E+02 4.99589E-19 -7.556E-05  2.703E-10  6.531E-10  4.574E-14  4.069E-14  1.00E-07
  1.245E+02 4.95529E-19 -7.536E-05  2.676E-10  6.511E-10  4.526E-14  4.035E-14  1.00E-07
  1.250E+02 4.91542E-19 -7.514E-05  2.649E-10  6.491E-10  4.478E-14  4.001E-14  1.00E-07
  1.255E+02 4.87628E-19 -7.492E-05  2.623E-10  6.472E-10  4.431E-14  3.967E-14  1.00E-07
  1.260E+02 4.83785E-19 -7.468E-05  2.598E-10  6.452E-10  4.384E-14  3.933E-14  1.00E-07
  1.265E+02 4.80012E-19 -7.444E-05  2.573E-10  6.433E-10  4.337E-14  3.899E-14  1.00E-07
  1.270E+02 4.76307E-19 -7.418E-05  2.548E-10  6.414E-10  4.290E-14  3.865E-14  1.00E-07
  1.275E+02 4.72670E-19 -7.391E-05  2.524E-10  6.395E-10  4.243E-14  3.831E-14  1.00E-07
  1.280E+02 4.69098E-19 -7.363E-05  2.500E-10  6.377E-10  4.197E-14  3.797E-14  1.00E-07
  1.285E+02 4.65591E-19 -7.335E-05  2.476E-10  6.358E-10  4.151E-14  3.762E-14  1.00E-07
  1.290E+02 4.62147E-19 -7.305E-05  2.453E-10  6.340E-10  4.104E-14  3.728E-14  1.00E-07
  1.295E+02 4.58766E-19 -7.274E-05  2.430E-10  6.322E-10  4.059E-14  3.693E-14  1.00E-07
  1.300E+02 4.55446E-19 -7.241E-05  2.408E-10  6.305E-10  4.013E-14  3.659E-14  1.00E-07
  1.305E+02 4.52186E-19 -7.208E-05  2.385E-10  6.287E-10  3.967E-14  3.624E-14  1.00E-07
  1.310E+02 4.48985E-19 -7.174E-05  2.364E-10  6.270E-10  3.922E-14  3.589E-14  1.00E-07
  1.315E+02 4.45843E-19 -7.139E-05  2.342E-10  6.253E-10  3.877E-14  3.555E-14  1.00E-07
  1.320E+02 4.42757E-19 -7.103E-05  2.321E-10  6.236E-10  3.832E-14  3.520E-14  1.00E-07
  1.325E+02 4.39727E-19 -7.065E-05  2.300E-10  6.219E-10  3.787E-14  3.485E-14  1.00E-07
  1.330E+02 4.36753E-19 -7.027E-05  2.280E-10  6.203E-10  3.742E-14  3.450E-14  1.00E-07
  1.335E+02 4.33833E-19 -6.988E-05  2.260E-10  6.187E-10  3.697E-14  3.415E-14  1.00E-07
  1.340E+02 4.30966E-19 -6.947E-05  2.240E-10  6.171E-10  3.653E-14  3.380E-14  1.00E-07
  1.345E+02 4.28151E-19 -6.906E-05  2.221E-10  6.155E-10  3.609E-14  3.344E-14  1.00E-07
  1.350E+02 4.25388E-19 -6.863E-05  2.202E-10  6.139E-10  3.565E-14  3.309E-14  1.00E-07
  1.355E+02 4.22676E-19 -6.820E-05  2.183E-10  6.124E-10  3.521E-14  3.274E-14  1.00E-07
  1.360E+02 4.20013E-19 -6.776E-05  2.165E-10  6.109E-10  3.477E-14  3.238E-14  1.00E-07
  1.365E+02 4.17399E-19 -6.730E-05  2.147E-10  6.094E-10  3.433E-14  3.203E-14  1.00E-07
  1.370E+02 4.14834E-19 -6.684E-05  2.129E-10  6.079E-10  3.390E-14  3.168E-14  1.00E-07
  1.375E+02 4.12315E-19 -6.636E-05  2.111E-10  6.064E-10  3.346E-14  3.132E-14  1.00E-07
  1.380E+02 4.09844E-19 -6.588E-05  2.094E-10  6.050E-10  3.303E-14  3.096E-14  1.00E-07
  1.385E+02 4.07418E-19 -6.539E-05  2.077E-10  6.036E-10  3.260E-14  3.061E-14  1.00E-07
  1.390E+02 4.05038E-19 -6.488E-05  2.060E-10  6.022E-10  3.217E-14  3.025E-14  1.00E-07
  1.395E+02 4.02702E-19 -6.437E-05  2.044E-10  6.008E-10  3.174E-14  2.989E-14  1.00E-07
  1.400E+02 4.00410E-19 -6.385E-05  2.028E-10  5.994E-10  3.132E-14  2.954E-14  1.00E-07
  1.405E+02 3.98161E-19 -6.332E-05  2.012E-10  5.981E-10  3.089E-14  2.918E-14  1.00E-07
  1.410E+02 3.95955E-19 -6.278E-05  1.997E-10  5.967E-10  3.047E-14  2.882E-14  1.00E-07
  1.415E+02 3.93790E-19 -6.223E-05  1.981E-10  5.954E-10  3.005E-14  2.846E-14  1.00E-07
  1.420E+02 3.91666E-19 -6.167E-05  1.966E-10  5.941E-10  2.963E-14  2.810E-14  1.00E-07
  1.425E+02 3.89584E-19 -6.110E-05  1.952E-10  5.929E-10  2.921E-14  2.774E-14  1.00E-07
  1.430E+02 3.87541E-19 -6.052E-05  1.937E-10  5.916E-10  2.879E-14  2.738E-14  1.00E-07
  1.435E+02 3.85537E-19 -5.993E-05  1.923E-10  5.904E-10  2.837E-14  2.702E-14  1.00E-07
  1.440E+02 3.83573E-19 -5.934E-05  1.909E-10  5.892E-10  2.795E-14  2.666E-14  1.00E-07
  1.445E+02 3.81647E-19 -5.873E-05  1.895E-10  5.880E-10  2.754E-14  2.629E-14  1.00E-07
  1.450E+02 3.79758E-19 -5.812E-05  1.882E-10  5.868E-10  2.712E-14  2.593E-14  1.00E-07
  1.455E+02 3.77907E-19 -5.750E-05  1.869E-10  5.857E-10  2.671E-14  2.557E-14  1.00E-07
  1.460E+02 3.76093E-19 -5.687E-05  1.856E-10  5.845E-10  2.630E-14  2.521E-14  1.00E-07
  1.465E+02 3.74315E-19 -5.623E-05  1.843E-10  5.834E-10  2.589E-14  2.484E-14  1.00E-07
  1.470E+02 3.72572E-19 -5.558E-05  1.830E-10  5.823E-10  2.548E-14  2.448E-14  1.00E-07
  1.475E+02 3.70865E-19 -5.493E-05  1.818E-10  5.812E-10  2.507E-14  2.412E-14  1.00E-07
  1.480E+02 3.69193E-19 -5.427E-05  1.806E-10  5.801E-10  2.466E-14  2.375E-14  1.00E-07
  1.485E+02 3.67555E-19 -5.359E-05  1.794E-10  5.791E-10  2.426E-14  2.339E-14  1.00E-07
  1.490E+02 3.65950E-19 -5.291E-05  1.783E-10  5.781E-10  2.385E-14  2.302E-14  1.00E-07
  1.495E+02 3.64380E-19 -5.223E-05  1.772E-10  5.771E-10  2.345E-14  2.266E-14  1.00E-07
  1.500E+02 3.62842E-19 -5.153E-05  1.761E-10  5.761E-10  2.304E-14  2.229E-14  1.00E-07
  1.505E+02 3.61337E-19 -5.083E-05  1.750E-10  5.751E-10  2.264E-14  2.192E-14  1.00E-07
  1.510E+02 3.59865E-19 -5.012E-05  1.739E-10  5.741E-10  2.224E-14  2.156E-14  1.00E-07
  1.515E+02 3.58424E-19 -4.940E-05  1.729E-10  5.732E-10  2.184E-14  2.119E-14  1.00E-07
  1.520E+02 3.57015E-19 -4.868E-05  1.719E-10  5.723E-10  2.144E-14  2.082E-14  1.00E-07
  1.525E+02 3.55636E-19 -4.794E-05  1.709E-10  5.714E-10  2.104E-14  2.046E-14  1.00E-07
  1.530E+02 3.54289E-19 -4.720E-05  1.699E-10  5.705E-10  2.064E-14  2.009E-14  1.00E-07
  1.535E+02 3.52972E-19 -4.646E-05  1.689E-10  5.696E-10  2.024E-14  1.972E-14  1.00E-07
  1.540E+02 3.51685E-19 -4.570E-05  1.680E-10  5.687E-10  1.985E-14  1.935E-14  1.00E-07
  1.545E+02 3.50428E-19 -4.494E-05  1.671E-10  5.679E-10  1.945E-14  1.899E-14  1.00E-07
  1.550E+02 3.49200E-19 -4.418E-05  1.662E-10  5.671E-10  1.906E-14  1.862E-14  1.00E-07
  1.555E+02 3.48001E-19 -4.340E-05  1.653E-10  5.663E-10  1.866E-14  1.825E-14  1.00E-07
  1.560E+02 3.46831E-19 -4.262E-05  1.645E-10  5.655E-10  1.827E-14  1.788E-14  1.00E-07
  1.565E+02 3.45689E-19 -4.184E-05  1.636E-10  5.647E-10  1.788E-14  1.751E-14  1.00E-07
  1.570E+02 3.44576E-19 -4.104E-05  1.628E-10  5.640E-10  1.749E-14  1.714E-14  1.00E-07
  1.575E+02 3.43491E-19 -4.024E-05  1.620E-10  5.632E-10  1.710E-14  1.677E-14  1.00E-07
  1.580E+02 3.42433E-19 -3.944E-05  1.613E-10  5.625E-10  1.671E-14  1.640E-14  1.00E-07
  1.585E+02 3.41402E-19 -3.863E-05  1.605E-10  5.618E-10  1.632E-14  1.603E-14  1.00E-07
  1.590E+02 3.40399E-19 -3.781E-05  1.598E-10  5.611E-10  1.593E-14  1.566E-14  1.00E-07
  1.595E+02 3.39423E-19 -3.699E-05  1.591E-10  5.605E-10  1.554E-14  1.529E-14  1.00E-07
  1.600E+02 3.38473E-19 -3.616E-05  1.584E-10  5.598E-10  1.515E-14  1.492E-14  1.00E-07
  1.605E+02 3.37549E-19 -3.533E-05  1.577E-10  5.592E-10  1.477E-14  1.455E-14  1.00E-07
  1.610E+02 3.36652E-19 -3.449E-05  1.570E-10  5.586E-10  1.438E-14  1.418E-14  1.00E-07
  1.615E+02 3.35781E-19 -3.365E-05  1.564E-10  5.580E-10  1.399E-14  1.381E-14  1.00E-07
  1.620E+02 3.34935E-19 -3.280E-05  1.558E-10  5.574E-10  1.361E-14  1.344E-14  1.00E-07
  1.625E+02 3.34115E-19 -3.194E-05  1.552E-10  5.568E-10  1.322E-14  1.307E-14  1.00E-07
  1.630E+02 3.33320E-19 -3.108E-05  1.546E-10  5.563E-10  1.284E-14  1.269E-14  1.00E-07
  1.635E+02 3.32550E-19 -3.022E-05  1.540E-10  5.557E-10  1.246E-14  1.232E-14  1.00E-07
  1.640E+02 3.31805E-19 -2.935E-05  1.535E-10  5.552E-10  1.207E-14  1.195E-14  1.00E-07
  1.645E+02 3.31085E-19 -2.848E-05  1.529E-10  5.547E-10  1.169E-14  1.158E-14  1.00E-07
  1.650E+02 3.30390E-19 -2.761E-05  1.524E-10  5.542E-10  1.131E-14  1.121E-14  1.00E-07
  1.655E+02 3.29719E-19 -2.672E-05  1.519E-10  5.537E-10  1.093E-14  1.083E-14  1.00E-07
  1.660E+02 3.29072E-19 -2.584E-05  1.514E-10  5.533E-10  1.055E-14  1.046E-14  1.00E-07
  1.665E+02 3.28449E-19 -2.495E-05  1.510E-10  5.529E-10  1.017E-14  1.009E-14  1.00E-07
  1.670E+02 3.27850E-19 -2.406E-05  1.505E-10  5.524E-10  9.787E-15  9.716E-15  1.00E-07
  1.675E+02 3.27275E-19 -2.316E-05  1.501E-10  5.520E-10  9.407E-15  9.343E-15  1.00E-07
  1.680E+02 3.26723E-19 -2.227E-05  1.497E-10  5.516E-10  9.028E-15  8.970E-15  1.00E-07
  1.685E+02 3.26195E-19 -2.136E-05  1.493E-10  5.513E-10  8.649E-15  8.597E-15  1.00E-07
  1.690E+02 3.25691E-19 -2.046E-05  1.489E-10  5.509E-10  8.270E-15  8.224E-15  1.00E-07
  1.695E+02 3.25209E-19 -1.955E-05  1.486E-10  5.506E-10  7.892E-15  7.851E-15  1.00E-07
  1.700E+02 3.24751E-19 -1.864E-05  1.483E-10  5.502E-10  7.514E-15  7.478E-15  1.00E-07
  1.705E+02 3.24316E-19 -1.772E-05  1.479E-10  5.499E-10  7.137E-15  7.104E-15  1.00E-07
  1.710E+02 3.23904E-19 -1.680E-05  1.476E-10  5.496E-10  6.759E-15  6.731E-15  1.00E-07
  1.715E+02 3.23514E-19 -1.589E-05  1.473E-10  5.494E-10  6.382E-15  6.357E-15  1.00E-07
  1.720E+02 3.23148E-19 -1.496E-05  1.471E-10  5.491E-10  6.006E-15  5.984E-15  1.00E-07
  1.725E+02 3.22804E-19 -1.404E-05  1.468E-10  5.489E-10  5.629E-15  5.610E-15  1.00E-07
  1.730E+02 3.22482E-19 -1.311E-05  1.466E-10  5.486E-10  5.253E-15  5.236E-15  1.00E-07
  1.735E+02 3.22183E-19 -1.218E-05  1.464E-10  5.484E-10  4.877E-15  4.863E-15  1.00E-07
  1.740E+02 3.21907E-19 -1.125E-05  1.461E-10  5.482E-10  4.501E-15  4.489E-15  1.00E-07
  1.745E+02 3.21652E-19 -1.032E-05  1.460E-10  5.480E-10  4.125E-15  4.115E-15  1.00E-07
  1.750E+02 3.21421E-19 -9.389E-06  1.458E-10  5.479E-10  3.749E-15  3.741E-15  1.00E-07
  1.755E+02 3.21211E-19 -8.454E-06  1.456E-10  5.477E-10  3.374E-15  3.367E-15  1.00E-07
  1.760E+02 3.21024E-19 -7.518E-06  1.455E-10  5.476E-10  2.999E-15  2.993E-15  1.00E-07
  1.765E+02 3.20858E-19 -6.580E-06  1.454E-10  5.475E-10  2.624E-15  2.619E-15  1.00E-07
  1.770E+02 3.20715E-19 -5.642E-06  1.453E-10  5.474E-10  2.249E-15  2.245E-15  1.05E-07
  1.775E+02 3.20594E-19 -4.703E-06  1.452E-10  5.473E-10  1.874E-15  1.871E-15  1.27E-07
  1.780E+02 3.20495E-19 -3.763E-06  1.451E-10  5.472E-10  1.499E-15  1.497E-15  1.47E-07
  1.785E+02 3.20418E-19 -2.823E-06  1.450E-10  5.472E-10  1.124E-15  1.122E-15  1.62E-07
  1.790E+02 3.20363E-19 -1.882E-06  1.450E-10  5.471E-10  7.494E-16  7.483E-16  1.74E-07
  1.795E+02 3.20330E-19 -9.412E-07  1.450E-10  5.471E-10  3.747E-16  3.742E-16  1.82E-07
  1.800E+02 3.20319E-19 -1.321E-20  1.450E-10  5.471E-10  5.258E-30  5.251E-30  1.84E-07

  TOTAL ELASTIC CROSS SECTION = 4.639293E-17 cm**2
               FROM DCS TABLE = 4.639199E-17  (REL. DIF. = 2.03E-05)

  1ST TRANSPORT CROSS SECTION = 1.490042E-17 cm**2
               FROM DCS TABLE = 1.490027E-17  (REL. DIF. = 1.01E-05)

  2ND TRANSPORT CROSS SECTION = 2.666335E-17 cm**2

  **** DPWA0 ENDED ************************************************************

