 #  Scattering amplitudes (in cm)      MU=(1-cos(TH))/2
 #  Z =   8,   projectile: electron
 #  Kinetic energy = 1.90000E+02 eV
 #
 # TH (deg)      MU          Re(F)        Im(F)        Re(G)        Im(G)
 #--------------------------------------------------------------------------
  0.000E+00  0.00000E+00  1.19253E-08  9.47507E-09  0.00000E+00  0.00000E+00
  1.000E-04  7.61557E-13  1.19253E-08  9.47507E-09  5.73904E-19  4.12951E-18
  1.250E-04  1.18994E-12  1.19253E-08  9.47507E-09  7.17380E-19  5.16189E-18
  1.500E-04  1.71346E-12  1.19253E-08  9.47507E-09  8.60856E-19  6.19427E-18
  1.750E-04  2.33225E-12  1.19253E-08  9.47507E-09  1.00433E-18  7.22665E-18
  2.000E-04  3.04617E-12  1.19253E-08  9.47507E-09  1.14781E-18  8.25903E-18
  2.250E-04  3.85530E-12  1.19253E-08  9.47507E-09  1.29128E-18  9.29141E-18
  2.500E-04  4.75964E-12  1.19253E-08  9.47507E-09  1.43476E-18  1.03238E-17
  2.750E-04  5.75917E-12  1.19253E-08  9.47507E-09  1.57824E-18  1.13562E-17
  3.000E-04  6.85391E-12  1.19253E-08  9.47507E-09  1.72171E-18  1.23885E-17
  3.250E-04  8.04379E-12  1.19253E-08  9.47507E-09  1.86519E-18  1.34209E-17
  3.500E-04  9.32893E-12  1.19253E-08  9.47507E-09  2.00866E-18  1.44533E-17
  3.750E-04  1.07092E-11  1.19253E-08  9.47507E-09  2.15214E-18  1.54857E-17
  4.000E-04  1.21847E-11  1.19253E-08  9.47507E-09  2.29561E-18  1.65181E-17
  4.250E-04  1.37554E-11  1.19253E-08  9.47507E-09  2.43909E-18  1.75504E-17
  4.500E-04  1.54213E-11  1.19253E-08  9.47507E-09  2.58257E-18  1.85828E-17
  4.750E-04  1.71823E-11  1.19253E-08  9.47507E-09  2.72604E-18  1.96152E-17
  5.000E-04  1.90386E-11  1.19253E-08  9.47507E-09  2.86952E-18  2.06476E-17
  5.250E-04  2.09900E-11  1.19253E-08  9.47507E-09  3.01299E-18  2.16800E-17
  5.500E-04  2.30367E-11  1.19253E-08  9.47507E-09  3.15647E-18  2.27123E-17
  5.750E-04  2.51785E-11  1.19253E-08  9.47507E-09  3.29995E-18  2.37447E-17
  6.000E-04  2.74156E-11  1.19253E-08  9.47507E-09  3.44342E-18  2.47771E-17
  6.250E-04  2.97478E-11  1.19253E-08  9.47507E-09  3.58690E-18  2.58095E-17
  6.500E-04  3.21752E-11  1.19253E-08  9.47507E-09  3.73037E-18  2.68418E-17
  6.750E-04  3.46979E-11  1.19253E-08  9.47507E-09  3.87385E-18  2.78742E-17
  7.000E-04  3.73157E-11  1.19253E-08  9.47507E-09  4.01733E-18  2.89066E-17
  7.250E-04  4.00286E-11  1.19253E-08  9.47507E-09  4.16080E-18  2.99390E-17
  7.500E-04  4.28368E-11  1.19253E-08  9.47507E-09  4.30428E-18  3.09714E-17
  7.750E-04  4.57402E-11  1.19253E-08  9.47507E-09  4.44775E-18  3.20037E-17
  8.000E-04  4.87388E-11  1.19253E-08  9.47507E-09  4.59123E-18  3.30361E-17
  8.250E-04  5.18325E-11  1.19253E-08  9.47507E-09  4.73471E-18  3.40685E-17
  8.500E-04  5.50215E-11  1.19253E-08  9.47507E-09  4.87818E-18  3.51009E-17
  8.750E-04  5.83057E-11  1.19253E-08  9.47507E-09  5.02166E-18  3.61333E-17
  9.000E-04  6.16850E-11  1.19253E-08  9.47507E-09  5.16513E-18  3.71656E-17
  9.250E-04  6.51595E-11  1.19253E-08  9.47507E-09  5.30861E-18  3.81980E-17
  9.500E-04  6.87293E-11  1.19253E-08  9.47507E-09  5.45209E-18  3.92304E-17
  9.750E-04  7.23943E-11  1.19253E-08  9.47507E-09  5.59556E-18  4.02628E-17
  1.000E-03  7.61544E-11  1.19253E-08  9.47507E-09  5.73904E-18  4.12951E-17
  1.250E-03  1.18991E-10  1.19253E-08  9.47507E-09  7.17380E-18  5.16189E-17
  1.500E-03  1.71347E-10  1.19253E-08  9.47507E-09  8.60856E-18  6.19427E-17
  1.750E-03  2.33223E-10  1.19253E-08  9.47507E-09  1.00433E-17  7.22665E-17
  2.000E-03  3.04617E-10  1.19253E-08  9.47507E-09  1.14781E-17  8.25903E-17
  2.250E-03  3.85531E-10  1.19253E-08  9.47507E-09  1.29128E-17  9.29141E-17
  2.500E-03  4.75965E-10  1.19253E-08  9.47507E-09  1.43476E-17  1.03238E-16
  2.750E-03  5.75917E-10  1.19253E-08  9.47507E-09  1.57824E-17  1.13562E-16
  3.000E-03  6.85389E-10  1.19253E-08  9.47507E-09  1.72171E-17  1.23885E-16
  3.250E-03  8.04380E-10  1.19253E-08  9.47507E-09  1.86519E-17  1.34209E-16
  3.500E-03  9.32891E-10  1.19253E-08  9.47507E-09  2.00866E-17  1.44533E-16
  3.750E-03  1.07092E-09  1.19253E-08  9.47507E-09  2.15214E-17  1.54857E-16
  4.000E-03  1.21847E-09  1.19253E-08  9.47507E-09  2.29561E-17  1.65181E-16
  4.250E-03  1.37554E-09  1.19253E-08  9.47507E-09  2.43909E-17  1.75504E-16
  4.500E-03  1.54213E-09  1.19253E-08  9.47507E-09  2.58257E-17  1.85828E-16
  4.750E-03  1.71823E-09  1.19253E-08  9.47507E-09  2.72604E-17  1.96152E-16
  5.000E-03  1.90386E-09  1.19253E-08  9.47507E-09  2.86952E-17  2.06476E-16
  5.250E-03  2.09900E-09  1.19253E-08  9.47507E-09  3.01299E-17  2.16800E-16
  5.500E-03  2.30367E-09  1.19253E-08  9.47507E-09  3.15647E-17  2.27123E-16
  5.750E-03  2.51785E-09  1.19253E-08  9.47507E-09  3.29995E-17  2.37447E-16
  6.000E-03  2.74156E-09  1.19253E-08  9.47507E-09  3.44342E-17  2.47771E-16
  6.250E-03  2.97478E-09  1.19253E-08  9.47507E-09  3.58690E-17  2.58095E-16
  6.500E-03  3.21752E-09  1.19253E-08  9.47507E-09  3.73037E-17  2.68418E-16
  6.750E-03  3.46978E-09  1.19253E-08  9.47507E-09  3.87385E-17  2.78742E-16
  7.000E-03  3.73156E-09  1.19253E-08  9.47507E-09  4.01732E-17  2.89066E-16
  7.250E-03  4.00286E-09  1.19253E-08  9.47507E-09  4.16080E-17  2.99390E-16
  7.500E-03  4.28368E-09  1.19253E-08  9.47507E-09  4.30427E-17  3.09714E-16
  7.750E-03  4.57402E-09  1.19253E-08  9.47507E-09  4.44775E-17  3.20037E-16
  8.000E-03  4.87388E-09  1.19253E-08  9.47507E-09  4.59123E-17  3.30361E-16
  8.250E-03  5.18326E-09  1.19253E-08  9.47507E-09  4.73470E-17  3.40685E-16
  8.500E-03  5.50215E-09  1.19253E-08  9.47507E-09  4.87818E-17  3.51009E-16
  8.750E-03  5.83057E-09  1.19253E-08  9.47507E-09  5.02165E-17  3.61333E-16
  9.000E-03  6.16850E-09  1.19253E-08  9.47507E-09  5.16513E-17  3.71656E-16
  9.250E-03  6.51596E-09  1.19253E-08  9.47507E-09  5.30860E-17  3.81980E-16
  9.500E-03  6.87293E-09  1.19253E-08  9.47507E-09  5.45208E-17  3.92304E-16
  9.750E-03  7.23942E-09  1.19253E-08  9.47507E-09  5.59555E-17  4.02628E-16
  1.000E-02  7.61544E-09  1.19253E-08  9.47507E-09  5.73903E-17  4.12951E-16
  1.250E-02  1.18991E-08  1.19253E-08  9.47507E-09  7.17378E-17  5.16189E-16
  1.500E-02  1.71347E-08  1.19253E-08  9.47507E-09  8.60853E-17  6.19427E-16
  1.750E-02  2.33223E-08  1.19253E-08  9.47507E-09  1.00433E-16  7.22665E-16
  2.000E-02  3.04617E-08  1.19253E-08  9.47507E-09  1.14780E-16  8.25903E-16
  2.250E-02  3.85531E-08  1.19252E-08  9.47507E-09  1.29128E-16  9.29141E-16
  2.500E-02  4.75965E-08  1.19252E-08  9.47507E-09  1.43475E-16  1.03238E-15
  2.750E-02  5.75917E-08  1.19252E-08  9.47507E-09  1.57822E-16  1.13562E-15
  3.000E-02  6.85389E-08  1.19252E-08  9.47507E-09  1.72169E-16  1.23885E-15
  3.250E-02  8.04380E-08  1.19252E-08  9.47507E-09  1.86516E-16  1.34209E-15
  3.500E-02  9.32891E-08  1.19252E-08  9.47507E-09  2.00863E-16  1.44533E-15
  3.750E-02  1.07092E-07  1.19252E-08  9.47507E-09  2.15210E-16  1.54857E-15
  4.000E-02  1.21847E-07  1.19252E-08  9.47507E-09  2.29557E-16  1.65180E-15
  4.250E-02  1.37554E-07  1.19252E-08  9.47507E-09  2.43903E-16  1.75504E-15
  4.500E-02  1.54213E-07  1.19252E-08  9.47506E-09  2.58250E-16  1.85828E-15
  4.750E-02  1.71823E-07  1.19252E-08  9.47506E-09  2.72596E-16  1.96152E-15
  5.000E-02  1.90386E-07  1.19252E-08  9.47506E-09  2.86943E-16  2.06476E-15
  5.250E-02  2.09900E-07  1.19252E-08  9.47506E-09  3.01289E-16  2.16799E-15
  5.500E-02  2.30367E-07  1.19252E-08  9.47506E-09  3.15635E-16  2.27123E-15
  5.750E-02  2.51785E-07  1.19252E-08  9.47506E-09  3.29981E-16  2.37447E-15
  6.000E-02  2.74156E-07  1.19252E-08  9.47506E-09  3.44327E-16  2.47771E-15
  6.250E-02  2.97478E-07  1.19252E-08  9.47506E-09  3.58672E-16  2.58094E-15
  6.500E-02  3.21752E-07  1.19252E-08  9.47506E-09  3.73017E-16  2.68418E-15
  6.750E-02  3.46978E-07  1.19252E-08  9.47505E-09  3.87363E-16  2.78742E-15
  7.000E-02  3.73156E-07  1.19252E-08  9.47505E-09  4.01708E-16  2.89065E-15
  7.250E-02  4.00286E-07  1.19251E-08  9.47505E-09  4.16052E-16  2.99389E-15
  7.500E-02  4.28368E-07  1.19251E-08  9.47505E-09  4.30397E-16  3.09713E-15
  7.750E-02  4.57402E-07  1.19251E-08  9.47505E-09  4.44742E-16  3.20037E-15
  8.000E-02  4.87388E-07  1.19251E-08  9.47505E-09  4.59086E-16  3.30360E-15
  8.250E-02  5.18325E-07  1.19251E-08  9.47504E-09  4.73430E-16  3.40684E-15
  8.500E-02  5.50215E-07  1.19251E-08  9.47504E-09  4.87773E-16  3.51008E-15
  8.750E-02  5.83057E-07  1.19251E-08  9.47504E-09  5.02117E-16  3.61331E-15
  9.000E-02  6.16850E-07  1.19251E-08  9.47504E-09  5.16460E-16  3.71655E-15
  9.250E-02  6.51596E-07  1.19251E-08  9.47504E-09  5.30803E-16  3.81979E-15
  9.500E-02  6.87293E-07  1.19251E-08  9.47503E-09  5.45146E-16  3.92302E-15
  9.750E-02  7.23942E-07  1.19251E-08  9.47503E-09  5.59489E-16  4.02626E-15
  1.000E-01  7.61543E-07  1.19250E-08  9.47503E-09  5.73831E-16  4.12950E-15
  1.250E-01  1.18991E-06  1.19249E-08  9.47500E-09  7.17237E-16  5.16186E-15
  1.500E-01  1.71347E-06  1.19248E-08  9.47497E-09  8.60610E-16  6.19421E-15
  1.750E-01  2.33223E-06  1.19246E-08  9.47494E-09  1.00394E-15  7.22656E-15
  2.000E-01  3.04617E-06  1.19244E-08  9.47490E-09  1.14723E-15  8.25889E-15
  2.250E-01  3.85531E-06  1.19242E-08  9.47485E-09  1.29045E-15  9.29120E-15
  2.500E-01  4.75964E-06  1.19239E-08  9.47480E-09  1.43362E-15  1.03235E-14
  2.750E-01  5.75916E-06  1.19237E-08  9.47474E-09  1.57672E-15  1.13558E-14
  3.000E-01  6.85388E-06  1.19234E-08  9.47468E-09  1.71975E-15  1.23881E-14
  3.250E-01  8.04378E-06  1.19230E-08  9.47461E-09  1.86269E-15  1.34203E-14
  3.500E-01  9.32888E-06  1.19227E-08  9.47454E-09  2.00554E-15  1.44525E-14
  3.750E-01  1.07092E-05  1.19223E-08  9.47446E-09  2.14830E-15  1.54847E-14
  4.000E-01  1.21846E-05  1.19219E-08  9.47437E-09  2.29096E-15  1.65169E-14
  4.250E-01  1.37553E-05  1.19215E-08  9.47428E-09  2.43350E-15  1.75491E-14
  4.500E-01  1.54212E-05  1.19210E-08  9.47418E-09  2.57593E-15  1.85812E-14
  4.750E-01  1.71822E-05  1.19205E-08  9.47408E-09  2.71824E-15  1.96133E-14
  5.000E-01  1.90385E-05  1.19200E-08  9.47397E-09  2.86042E-15  2.06453E-14
  5.250E-01  2.09899E-05  1.19195E-08  9.47386E-09  3.00246E-15  2.16774E-14
  5.500E-01  2.30365E-05  1.19189E-08  9.47374E-09  3.14436E-15  2.27094E-14
  5.750E-01  2.51783E-05  1.19183E-08  9.47362E-09  3.28611E-15  2.37413E-14
  6.000E-01  2.74153E-05  1.19177E-08  9.47349E-09  3.42770E-15  2.47732E-14
  6.250E-01  2.97475E-05  1.19171E-08  9.47336E-09  3.56913E-15  2.58051E-14
  6.500E-01  3.21749E-05  1.19164E-08  9.47322E-09  3.71039E-15  2.68369E-14
  6.750E-01  3.46974E-05  1.19157E-08  9.47307E-09  3.85147E-15  2.78687E-14
  7.000E-01  3.73152E-05  1.19150E-08  9.47292E-09  3.99237E-15  2.89005E-14
  7.250E-01  4.00281E-05  1.19143E-08  9.47276E-09  4.13307E-15  2.99322E-14
  7.500E-01  4.28362E-05  1.19135E-08  9.47260E-09  4.27358E-15  3.09638E-14
  7.750E-01  4.57395E-05  1.19127E-08  9.47243E-09  4.41389E-15  3.19954E-14
  8.000E-01  4.87380E-05  1.19119E-08  9.47226E-09  4.55398E-15  3.30270E-14
  8.250E-01  5.18317E-05  1.19110E-08  9.47208E-09  4.69386E-15  3.40585E-14
  8.500E-01  5.50205E-05  1.19101E-08  9.47190E-09  4.83351E-15  3.50899E-14
  8.750E-01  5.83045E-05  1.19092E-08  9.47171E-09  4.97293E-15  3.61213E-14
  9.000E-01  6.16838E-05  1.19083E-08  9.47151E-09  5.11211E-15  3.71526E-14
  9.250E-01  6.51582E-05  1.19073E-08  9.47131E-09  5.25104E-15  3.81839E-14
  9.500E-01  6.87277E-05  1.19064E-08  9.47111E-09  5.38973E-15  3.92151E-14
  9.750E-01  7.23925E-05  1.19054E-08  9.47090E-09  5.52815E-15  4.02462E-14
  1.000E+00  7.61524E-05  1.19043E-08  9.47068E-09  5.66631E-15  4.12773E-14
  1.100E+00  9.21439E-05  1.18999E-08  9.46976E-09  6.21616E-15  4.54009E-14
  1.200E+00  1.09658E-04  1.18951E-08  9.46875E-09  6.76123E-15  4.95233E-14
  1.300E+00  1.28695E-04  1.18899E-08  9.46765E-09  7.30107E-15  5.36445E-14
  1.400E+00  1.49255E-04  1.18843E-08  9.46646E-09  7.83527E-15  5.77643E-14
  1.500E+00  1.71338E-04  1.18782E-08  9.46519E-09  8.36340E-15  6.18825E-14
  1.600E+00  1.94942E-04  1.18718E-08  9.46383E-09  8.88502E-15  6.59992E-14
  1.700E+00  2.20070E-04  1.18649E-08  9.46238E-09  9.39970E-15  7.01141E-14
  1.800E+00  2.46720E-04  1.18576E-08  9.46084E-09  9.90704E-15  7.42273E-14
  1.900E+00  2.74892E-04  1.18499E-08  9.45922E-09  1.04066E-14  7.83385E-14
  2.000E+00  3.04586E-04  1.18418E-08  9.45751E-09  1.08979E-14  8.24476E-14
  2.100E+00  3.35803E-04  1.18332E-08  9.45571E-09  1.13807E-14  8.65547E-14
  2.200E+00  3.68542E-04  1.18243E-08  9.45382E-09  1.18543E-14  9.06595E-14
  2.300E+00  4.02802E-04  1.18150E-08  9.45185E-09  1.23186E-14  9.47619E-14
  2.400E+00  4.38585E-04  1.18052E-08  9.44979E-09  1.27729E-14  9.88619E-14
  2.500E+00  4.75889E-04  1.17951E-08  9.44764E-09  1.32170E-14  1.02959E-13
  2.600E+00  5.14715E-04  1.17845E-08  9.44540E-09  1.36503E-14  1.07054E-13
  2.700E+00  5.55063E-04  1.17736E-08  9.44308E-09  1.40725E-14  1.11146E-13
  2.800E+00  5.96931E-04  1.17622E-08  9.44067E-09  1.44833E-14  1.15235E-13
  2.900E+00  6.40321E-04  1.17505E-08  9.43817E-09  1.48821E-14  1.19321E-13
  3.000E+00  6.85233E-04  1.17383E-08  9.43559E-09  1.52685E-14  1.23404E-13
  3.100E+00  7.31665E-04  1.17258E-08  9.43292E-09  1.56422E-14  1.27484E-13
  3.200E+00  7.79618E-04  1.17128E-08  9.43016E-09  1.60029E-14  1.31561E-13
  3.300E+00  8.29092E-04  1.16995E-08  9.42732E-09  1.63499E-14  1.35634E-13
  3.400E+00  8.80086E-04  1.16857E-08  9.42439E-09  1.66831E-14  1.39704E-13
  3.500E+00  9.32601E-04  1.16716E-08  9.42137E-09  1.70019E-14  1.43770E-13
  3.600E+00  9.86636E-04  1.16571E-08  9.41827E-09  1.73061E-14  1.47832E-13
  3.700E+00  1.04219E-03  1.16422E-08  9.41508E-09  1.75952E-14  1.51891E-13
  3.800E+00  1.09927E-03  1.16269E-08  9.41180E-09  1.78688E-14  1.55945E-13
  3.900E+00  1.15786E-03  1.16112E-08  9.40844E-09  1.81265E-14  1.59996E-13
  4.000E+00  1.21797E-03  1.15951E-08  9.40499E-09  1.83680E-14  1.64042E-13
  4.100E+00  1.27961E-03  1.15787E-08  9.40145E-09  1.85930E-14  1.68084E-13
  4.200E+00  1.34276E-03  1.15619E-08  9.39783E-09  1.88009E-14  1.72122E-13
  4.300E+00  1.40743E-03  1.15447E-08  9.39413E-09  1.89915E-14  1.76155E-13
  4.400E+00  1.47362E-03  1.15271E-08  9.39033E-09  1.91645E-14  1.80184E-13
  4.500E+00  1.54133E-03  1.15091E-08  9.38646E-09  1.93193E-14  1.84208E-13
  4.600E+00  1.61056E-03  1.14908E-08  9.38249E-09  1.94557E-14  1.88228E-13
  4.700E+00  1.68131E-03  1.14721E-08  9.37844E-09  1.95734E-14  1.92243E-13
  4.800E+00  1.75357E-03  1.14531E-08  9.37431E-09  1.96719E-14  1.96252E-13
  4.900E+00  1.82735E-03  1.14336E-08  9.37009E-09  1.97510E-14  2.00257E-13
  5.000E+00  1.90265E-03  1.14138E-08  9.36578E-09  1.98102E-14  2.04256E-13
  5.100E+00  1.97947E-03  1.13937E-08  9.36139E-09  1.98492E-14  2.08250E-13
  5.200E+00  2.05780E-03  1.13732E-08  9.35692E-09  1.98678E-14  2.12239E-13
  5.300E+00  2.13765E-03  1.13523E-08  9.35236E-09  1.98655E-14  2.16222E-13
  5.400E+00  2.21902E-03  1.13311E-08  9.34771E-09  1.98421E-14  2.20200E-13
  5.500E+00  2.30190E-03  1.13095E-08  9.34298E-09  1.97972E-14  2.24172E-13
  5.600E+00  2.38630E-03  1.12876E-08  9.33817E-09  1.97304E-14  2.28138E-13
  5.700E+00  2.47222E-03  1.12653E-08  9.33327E-09  1.96415E-14  2.32099E-13
  5.800E+00  2.55965E-03  1.12427E-08  9.32829E-09  1.95302E-14  2.36053E-13
  5.900E+00  2.64859E-03  1.12197E-08  9.32322E-09  1.93961E-14  2.40002E-13
  6.000E+00  2.73905E-03  1.11964E-08  9.31807E-09  1.92390E-14  2.43944E-13
  6.100E+00  2.83103E-03  1.11728E-08  9.31284E-09  1.90585E-14  2.47880E-13
  6.200E+00  2.92452E-03  1.11488E-08  9.30752E-09  1.88543E-14  2.51809E-13
  6.300E+00  3.01952E-03  1.11245E-08  9.30212E-09  1.86261E-14  2.55732E-13
  6.400E+00  3.11604E-03  1.10999E-08  9.29664E-09  1.83737E-14  2.59649E-13
  6.500E+00  3.21407E-03  1.10749E-08  9.29107E-09  1.80967E-14  2.63559E-13
  6.600E+00  3.31362E-03  1.10496E-08  9.28542E-09  1.77950E-14  2.67462E-13
  6.700E+00  3.41468E-03  1.10240E-08  9.27968E-09  1.74681E-14  2.71358E-13
  6.800E+00  3.51725E-03  1.09981E-08  9.27387E-09  1.71158E-14  2.75247E-13
  6.900E+00  3.62133E-03  1.09718E-08  9.26797E-09  1.67379E-14  2.79129E-13
  7.000E+00  3.72692E-03  1.09452E-08  9.26199E-09  1.63341E-14  2.83005E-13
  7.100E+00  3.83403E-03  1.09184E-08  9.25592E-09  1.59041E-14  2.86872E-13
  7.200E+00  3.94265E-03  1.08912E-08  9.24978E-09  1.54477E-14  2.90733E-13
  7.300E+00  4.05278E-03  1.08637E-08  9.24355E-09  1.49646E-14  2.94586E-13
  7.400E+00  4.16442E-03  1.08359E-08  9.23724E-09  1.44546E-14  2.98431E-13
  7.500E+00  4.27757E-03  1.08078E-08  9.23085E-09  1.39173E-14  3.02269E-13
  7.600E+00  4.39223E-03  1.07794E-08  9.22437E-09  1.33527E-14  3.06099E-13
  7.700E+00  4.50840E-03  1.07507E-08  9.21782E-09  1.27604E-14  3.09921E-13
  7.800E+00  4.62608E-03  1.07217E-08  9.21118E-09  1.21402E-14  3.13736E-13
  7.900E+00  4.74527E-03  1.06924E-08  9.20446E-09  1.14920E-14  3.17542E-13
  8.000E+00  4.86597E-03  1.06629E-08  9.19767E-09  1.08153E-14  3.21340E-13
  8.100E+00  4.98817E-03  1.06330E-08  9.19079E-09  1.01102E-14  3.25130E-13
  8.200E+00  5.11188E-03  1.06029E-08  9.18383E-09  9.37626E-15  3.28912E-13
  8.300E+00  5.23711E-03  1.05725E-08  9.17679E-09  8.61336E-15  3.32685E-13
  8.400E+00  5.36383E-03  1.05418E-08  9.16967E-09  7.82129E-15  3.36450E-13
  8.500E+00  5.49207E-03  1.05109E-08  9.16247E-09  6.99985E-15  3.40206E-13
  8.600E+00  5.62181E-03  1.04797E-08  9.15519E-09  6.14884E-15  3.43954E-13
  8.700E+00  5.75306E-03  1.04482E-08  9.14783E-09  5.26807E-15  3.47693E-13
  8.800E+00  5.88581E-03  1.04164E-08  9.14039E-09  4.35736E-15  3.51423E-13
  8.900E+00  6.02007E-03  1.03844E-08  9.13287E-09  3.41652E-15  3.55144E-13
  9.000E+00  6.15583E-03  1.03521E-08  9.12528E-09  2.44537E-15  3.58855E-13
  9.100E+00  6.29310E-03  1.03196E-08  9.11760E-09  1.44375E-15  3.62558E-13
  9.200E+00  6.43187E-03  1.02869E-08  9.10985E-09  4.11494E-16  3.66252E-13
  9.300E+00  6.57214E-03  1.02538E-08  9.10201E-09 -6.51574E-16  3.69936E-13
  9.400E+00  6.71392E-03  1.02206E-08  9.09410E-09 -1.74561E-15  3.73611E-13
  9.500E+00  6.85720E-03  1.01871E-08  9.08611E-09 -2.87076E-15  3.77277E-13
  9.600E+00  7.00198E-03  1.01533E-08  9.07805E-09 -4.02717E-15  3.80932E-13
  9.700E+00  7.14827E-03  1.01194E-08  9.06990E-09 -5.21501E-15  3.84579E-13
  9.800E+00  7.29605E-03  1.00852E-08  9.06168E-09 -6.43439E-15  3.88215E-13
  9.900E+00  7.44534E-03  1.00507E-08  9.05338E-09 -7.68547E-15  3.91842E-13
  1.000E+01  7.59612E-03  1.00161E-08  9.04501E-09 -8.96836E-15  3.95458E-13
  1.025E+01  7.97965E-03  9.92844E-09  9.02373E-09 -1.23156E-14  4.04456E-13
  1.050E+01  8.37255E-03  9.83947E-09  9.00198E-09 -1.58645E-14  4.13390E-13
  1.075E+01  8.77480E-03  9.74921E-09  8.97975E-09 -1.96165E-14  4.22258E-13
  1.100E+01  9.18641E-03  9.65770E-09  8.95705E-09 -2.35733E-14  4.31060E-13
  1.125E+01  9.60736E-03  9.56499E-09  8.93389E-09 -2.77361E-14  4.39794E-13
  1.150E+01  1.00376E-02  9.47113E-09  8.91026E-09 -3.21062E-14  4.48458E-13
  1.175E+01  1.04773E-02  9.37618E-09  8.88618E-09 -3.66846E-14  4.57053E-13
  1.200E+01  1.09262E-02  9.28017E-09  8.86164E-09 -4.14721E-14  4.65575E-13
  1.225E+01  1.13844E-02  9.18316E-09  8.83664E-09 -4.64694E-14  4.74025E-13
  1.250E+01  1.18520E-02  9.08520E-09  8.81120E-09 -5.16771E-14  4.82400E-13
  1.275E+01  1.23288E-02  8.98633E-09  8.78532E-09 -5.70955E-14  4.90701E-13
  1.300E+01  1.28150E-02  8.88660E-09  8.75899E-09 -6.27248E-14  4.98924E-13
  1.325E+01  1.33104E-02  8.78606E-09  8.73223E-09 -6.85651E-14  5.07070E-13
  1.350E+01  1.38150E-02  8.68475E-09  8.70504E-09 -7.46164E-14  5.15137E-13
  1.375E+01  1.43290E-02  8.58273E-09  8.67742E-09 -8.08783E-14  5.23124E-13
  1.400E+01  1.48521E-02  8.48003E-09  8.64938E-09 -8.73506E-14  5.31030E-13
  1.425E+01  1.53845E-02  8.37671E-09  8.62091E-09 -9.40328E-14  5.38853E-13
  1.450E+01  1.59262E-02  8.27280E-09  8.59203E-09 -1.00924E-13  5.46594E-13
  1.475E+01  1.64770E-02  8.16836E-09  8.56274E-09 -1.08024E-13  5.54250E-13
  1.500E+01  1.70371E-02  8.06342E-09  8.53305E-09 -1.15331E-13  5.61820E-13
  1.525E+01  1.76063E-02  7.95803E-09  8.50295E-09 -1.22845E-13  5.69304E-13
  1.550E+01  1.81848E-02  7.85224E-09  8.47245E-09 -1.30565E-13  5.76701E-13
  1.575E+01  1.87724E-02  7.74608E-09  8.44156E-09 -1.38489E-13  5.84009E-13
  1.600E+01  1.93692E-02  7.63959E-09  8.41028E-09 -1.46615E-13  5.91228E-13
  1.625E+01  1.99751E-02  7.53282E-09  8.37862E-09 -1.54943E-13  5.98357E-13
  1.650E+01  2.05901E-02  7.42580E-09  8.34657E-09 -1.63471E-13  6.05394E-13
  1.675E+01  2.12143E-02  7.31858E-09  8.31415E-09 -1.72197E-13  6.12340E-13
  1.700E+01  2.18476E-02  7.21119E-09  8.28136E-09 -1.81119E-13  6.19192E-13
  1.725E+01  2.24900E-02  7.10368E-09  8.24821E-09 -1.90236E-13  6.25950E-13
  1.750E+01  2.31415E-02  6.99607E-09  8.21469E-09 -1.99546E-13  6.32614E-13
  1.775E+01  2.38021E-02  6.88840E-09  8.18082E-09 -2.09046E-13  6.39182E-13
  1.800E+01  2.44717E-02  6.78072E-09  8.14659E-09 -2.18735E-13  6.45653E-13
  1.825E+01  2.51504E-02  6.67305E-09  8.11202E-09 -2.28610E-13  6.52028E-13
  1.850E+01  2.58382E-02  6.56543E-09  8.07711E-09 -2.38669E-13  6.58304E-13
  1.875E+01  2.65349E-02  6.45788E-09  8.04186E-09 -2.48910E-13  6.64482E-13
  1.900E+01  2.72407E-02  6.35046E-09  8.00627E-09 -2.59331E-13  6.70561E-13
  1.925E+01  2.79555E-02  6.24317E-09  7.97036E-09 -2.69929E-13  6.76539E-13
  1.950E+01  2.86793E-02  6.13606E-09  7.93413E-09 -2.80701E-13  6.82416E-13
  1.975E+01  2.94120E-02  6.02916E-09  7.89758E-09 -2.91645E-13  6.88192E-13
  2.000E+01  3.01537E-02  5.92249E-09  7.86071E-09 -3.02758E-13  6.93866E-13
  2.025E+01  3.09043E-02  5.81609E-09  7.82354E-09 -3.14039E-13  6.99438E-13
  2.050E+01  3.16639E-02  5.70997E-09  7.78607E-09 -3.25483E-13  7.04905E-13
  2.075E+01  3.24324E-02  5.60418E-09  7.74830E-09 -3.37088E-13  7.10269E-13
  2.100E+01  3.32098E-02  5.49872E-09  7.71023E-09 -3.48852E-13  7.15529E-13
  2.125E+01  3.39961E-02  5.39363E-09  7.67188E-09 -3.60772E-13  7.20683E-13
  2.150E+01  3.47912E-02  5.28894E-09  7.63324E-09 -3.72845E-13  7.25732E-13
  2.175E+01  3.55952E-02  5.18466E-09  7.59433E-09 -3.85067E-13  7.30675E-13
  2.200E+01  3.64081E-02  5.08082E-09  7.55515E-09 -3.97437E-13  7.35512E-13
  2.225E+01  3.72297E-02  4.97745E-09  7.51569E-09 -4.09950E-13  7.40241E-13
  2.250E+01  3.80602E-02  4.87455E-09  7.47598E-09 -4.22605E-13  7.44863E-13
  2.275E+01  3.88995E-02  4.77216E-09  7.43601E-09 -4.35399E-13  7.49377E-13
  2.300E+01  3.97476E-02  4.67029E-09  7.39578E-09 -4.48327E-13  7.53783E-13
  2.325E+01  4.06044E-02  4.56896E-09  7.35531E-09 -4.61388E-13  7.58080E-13
  2.350E+01  4.14700E-02  4.46820E-09  7.31460E-09 -4.74578E-13  7.62268E-13
  2.375E+01  4.23443E-02  4.36801E-09  7.27365E-09 -4.87894E-13  7.66347E-13
  2.400E+01  4.32273E-02  4.26842E-09  7.23247E-09 -5.01334E-13  7.70316E-13
  2.425E+01  4.41190E-02  4.16944E-09  7.19106E-09 -5.14894E-13  7.74176E-13
  2.450E+01  4.50194E-02  4.07109E-09  7.14943E-09 -5.28570E-13  7.77925E-13
  2.475E+01  4.59284E-02  3.97338E-09  7.10758E-09 -5.42361E-13  7.81563E-13
  2.500E+01  4.68461E-02  3.87633E-09  7.06552E-09 -5.56263E-13  7.85091E-13
  2.550E+01  4.87074E-02  3.68426E-09  6.98079E-09 -5.84389E-13  7.91814E-13
  2.600E+01  5.06030E-02  3.49498E-09  6.89528E-09 -6.12922E-13  7.98091E-13
  2.650E+01  5.25328E-02  3.30858E-09  6.80902E-09 -6.41839E-13  8.03921E-13
  2.700E+01  5.44967E-02  3.12515E-09  6.72205E-09 -6.71115E-13  8.09304E-13
  2.750E+01  5.64946E-02  2.94476E-09  6.63442E-09 -7.00728E-13  8.14239E-13
  2.800E+01  5.85262E-02  2.76749E-09  6.54616E-09 -7.30653E-13  8.18725E-13
  2.850E+01  6.05914E-02  2.59339E-09  6.45732E-09 -7.60868E-13  8.22762E-13
  2.900E+01  6.26901E-02  2.42252E-09  6.36793E-09 -7.91349E-13  8.26351E-13
  2.950E+01  6.48222E-02  2.25491E-09  6.27803E-09 -8.22073E-13  8.29492E-13
  3.000E+01  6.69873E-02  2.09062E-09  6.18767E-09 -8.53019E-13  8.32186E-13
  3.050E+01  6.91854E-02  1.92967E-09  6.09687E-09 -8.84164E-13  8.34434E-13
  3.100E+01  7.14163E-02  1.77208E-09  6.00568E-09 -9.15487E-13  8.36236E-13
  3.150E+01  7.36799E-02  1.61789E-09  5.91413E-09 -9.46967E-13  8.37596E-13
  3.200E+01  7.59760E-02  1.46709E-09  5.82226E-09 -9.78582E-13  8.38514E-13
  3.250E+01  7.83043E-02  1.31971E-09  5.73011E-09 -1.01031E-12  8.38992E-13
  3.300E+01  8.06647E-02  1.17575E-09  5.63771E-09 -1.04214E-12  8.39033E-13
  3.350E+01  8.30571E-02  1.03521E-09  5.54511E-09 -1.07405E-12  8.38640E-13
  3.400E+01  8.54812E-02  8.98081E-10  5.45232E-09 -1.10601E-12  8.37814E-13
  3.450E+01  8.79369E-02  7.64361E-10  5.35939E-09 -1.13801E-12  8.36560E-13
  3.500E+01  9.04240E-02  6.34037E-10  5.26636E-09 -1.17003E-12  8.34880E-13
  3.550E+01  9.29422E-02  5.07096E-10  5.17325E-09 -1.20206E-12  8.32778E-13
  3.600E+01  9.54915E-02  3.83519E-10  5.08010E-09 -1.23407E-12  8.30257E-13
  3.650E+01  9.80716E-02  2.63286E-10  4.98693E-09 -1.26605E-12  8.27321E-13
  3.700E+01  1.00682E-01  1.46374E-10  4.89379E-09 -1.29799E-12  8.23974E-13
  3.750E+01  1.03323E-01  3.27564E-11  4.80071E-09 -1.32986E-12  8.20220E-13
  3.800E+01  1.05995E-01 -7.75938E-11  4.70770E-09 -1.36166E-12  8.16063E-13
  3.850E+01  1.08696E-01 -1.84707E-10  4.61481E-09 -1.39336E-12  8.11509E-13
  3.900E+01  1.11427E-01 -2.88615E-10  4.52206E-09 -1.42496E-12  8.06561E-13
  3.950E+01  1.14188E-01 -3.89352E-10  4.42948E-09 -1.45644E-12  8.01225E-13
  4.000E+01  1.16978E-01 -4.86953E-10  4.33710E-09 -1.48779E-12  7.95506E-13
  4.050E+01  1.19797E-01 -5.81455E-10  4.24495E-09 -1.51899E-12  7.89408E-13
  4.100E+01  1.22645E-01 -6.72896E-10  4.15305E-09 -1.55003E-12  7.82937E-13
  4.150E+01  1.25522E-01 -7.61316E-10  4.06143E-09 -1.58090E-12  7.76099E-13
  4.200E+01  1.28428E-01 -8.46753E-10  3.97011E-09 -1.61158E-12  7.68898E-13
  4.250E+01  1.31361E-01 -9.29251E-10  3.87913E-09 -1.64208E-12  7.61341E-13
  4.300E+01  1.34323E-01 -1.00885E-09  3.78849E-09 -1.67236E-12  7.53433E-13
  4.350E+01  1.37313E-01 -1.08559E-09  3.69823E-09 -1.70243E-12  7.45180E-13
  4.400E+01  1.40330E-01 -1.15953E-09  3.60837E-09 -1.73228E-12  7.36589E-13
  4.450E+01  1.43375E-01 -1.23069E-09  3.51894E-09 -1.76189E-12  7.27664E-13
  4.500E+01  1.46447E-01 -1.29913E-09  3.42994E-09 -1.79126E-12  7.18413E-13
  4.550E+01  1.49545E-01 -1.36489E-09  3.34142E-09 -1.82037E-12  7.08842E-13
  4.600E+01  1.52671E-01 -1.42801E-09  3.25337E-09 -1.84921E-12  6.98957E-13
  4.650E+01  1.55823E-01 -1.48855E-09  3.16583E-09 -1.87779E-12  6.88764E-13
  4.700E+01  1.59001E-01 -1.54654E-09  3.07881E-09 -1.90609E-12  6.78270E-13
  4.750E+01  1.62205E-01 -1.60203E-09  2.99233E-09 -1.93410E-12  6.67481E-13
  4.800E+01  1.65435E-01 -1.65507E-09  2.90642E-09 -1.96182E-12  6.56404E-13
  4.850E+01  1.68690E-01 -1.70571E-09  2.82107E-09 -1.98923E-12  6.45046E-13
  4.900E+01  1.71970E-01 -1.75397E-09  2.73633E-09 -2.01634E-12  6.33413E-13
  4.950E+01  1.75276E-01 -1.79993E-09  2.65218E-09 -2.04314E-12  6.21512E-13
  5.000E+01  1.78606E-01 -1.84361E-09  2.56867E-09 -2.06961E-12  6.09350E-13
  5.050E+01  1.81961E-01 -1.88506E-09  2.48579E-09 -2.09575E-12  5.96934E-13
  5.100E+01  1.85340E-01 -1.92433E-09  2.40356E-09 -2.12157E-12  5.84270E-13
  5.150E+01  1.88743E-01 -1.96146E-09  2.32200E-09 -2.14705E-12  5.71365E-13
  5.200E+01  1.92169E-01 -1.99649E-09  2.24112E-09 -2.17218E-12  5.58227E-13
  5.250E+01  1.95619E-01 -2.02948E-09  2.16093E-09 -2.19697E-12  5.44862E-13
  5.300E+01  1.99092E-01 -2.06046E-09  2.08145E-09 -2.22141E-12  5.31277E-13
  5.350E+01  2.02589E-01 -2.08947E-09  2.00268E-09 -2.24549E-12  5.17479E-13
  5.400E+01  2.06107E-01 -2.11656E-09  1.92463E-09 -2.26921E-12  5.03476E-13
  5.450E+01  2.09649E-01 -2.14177E-09  1.84732E-09 -2.29256E-12  4.89273E-13
  5.500E+01  2.13212E-01 -2.16515E-09  1.77075E-09 -2.31555E-12  4.74878E-13
  5.550E+01  2.16797E-01 -2.18673E-09  1.69494E-09 -2.33817E-12  4.60297E-13
  5.600E+01  2.20404E-01 -2.20655E-09  1.61989E-09 -2.36042E-12  4.45539E-13
  5.650E+01  2.24032E-01 -2.22466E-09  1.54561E-09 -2.38228E-12  4.30609E-13
  5.700E+01  2.27680E-01 -2.24109E-09  1.47212E-09 -2.40377E-12  4.15515E-13
  5.750E+01  2.31350E-01 -2.25588E-09  1.39940E-09 -2.42488E-12  4.00263E-13
  5.800E+01  2.35040E-01 -2.26909E-09  1.32748E-09 -2.44560E-12  3.84860E-13
  5.850E+01  2.38751E-01 -2.28073E-09  1.25636E-09 -2.46594E-12  3.69314E-13
  5.900E+01  2.42481E-01 -2.29085E-09  1.18604E-09 -2.48589E-12  3.53630E-13
  5.950E+01  2.46231E-01 -2.29949E-09  1.11653E-09 -2.50544E-12  3.37816E-13
  6.000E+01  2.50000E-01 -2.30668E-09  1.04783E-09 -2.52461E-12  3.21878E-13
  6.050E+01  2.53788E-01 -2.31247E-09  9.79956E-10 -2.54338E-12  3.05824E-13
  6.100E+01  2.57595E-01 -2.31688E-09  9.12903E-10 -2.56176E-12  2.89659E-13
  6.150E+01  2.61421E-01 -2.31996E-09  8.46675E-10 -2.57975E-12  2.73391E-13
  6.200E+01  2.65264E-01 -2.32173E-09  7.81277E-10 -2.59733E-12  2.57026E-13
  6.250E+01  2.69126E-01 -2.32223E-09  7.16712E-10 -2.61452E-12  2.40570E-13
  6.300E+01  2.73005E-01 -2.32150E-09  6.52981E-10 -2.63131E-12  2.24030E-13
  6.350E+01  2.76901E-01 -2.31956E-09  5.90086E-10 -2.64771E-12  2.07413E-13
  6.400E+01  2.80814E-01 -2.31646E-09  5.28030E-10 -2.66370E-12  1.90725E-13
  6.450E+01  2.84744E-01 -2.31222E-09  4.66814E-10 -2.67930E-12  1.73972E-13
  6.500E+01  2.88691E-01 -2.30688E-09  4.06438E-10 -2.69449E-12  1.57160E-13
  6.550E+01  2.92653E-01 -2.30046E-09  3.46903E-10 -2.70929E-12  1.40296E-13
  6.600E+01  2.96632E-01 -2.29300E-09  2.88209E-10 -2.72369E-12  1.23387E-13
  6.650E+01  3.00625E-01 -2.28453E-09  2.30357E-10 -2.73769E-12  1.06437E-13
  6.700E+01  3.04634E-01 -2.27507E-09  1.73346E-10 -2.75129E-12  8.94527E-14
  6.750E+01  3.08658E-01 -2.26466E-09  1.17175E-10 -2.76450E-12  7.24409E-14
  6.800E+01  3.12697E-01 -2.25332E-09  6.18437E-11 -2.77730E-12  5.54071E-14
  6.850E+01  3.16749E-01 -2.24109E-09  7.35009E-12 -2.78972E-12  3.83572E-14
  6.900E+01  3.20816E-01 -2.22798E-09 -4.63070E-11 -2.80173E-12  2.12969E-14
  6.950E+01  3.24896E-01 -2.21404E-09 -9.91295E-11 -2.81335E-12  4.23202E-15
  7.000E+01  3.28990E-01 -2.19927E-09 -1.51119E-10 -2.82458E-12 -1.28318E-14
  7.050E+01  3.33097E-01 -2.18372E-09 -2.02279E-10 -2.83542E-12 -2.98890E-14
  7.100E+01  3.37216E-01 -2.16741E-09 -2.52611E-10 -2.84586E-12 -4.69341E-14
  7.150E+01  3.41348E-01 -2.15035E-09 -3.02118E-10 -2.85592E-12 -6.39615E-14
  7.200E+01  3.45492E-01 -2.13258E-09 -3.50804E-10 -2.86558E-12 -8.09658E-14
  7.250E+01  3.49647E-01 -2.11412E-09 -3.98671E-10 -2.87486E-12 -9.79419E-14
  7.300E+01  3.53814E-01 -2.09499E-09 -4.45723E-10 -2.88375E-12 -1.14884E-13
  7.350E+01  3.57992E-01 -2.07522E-09 -4.91964E-10 -2.89226E-12 -1.31788E-13
  7.400E+01  3.62181E-01 -2.05483E-09 -5.37398E-10 -2.90039E-12 -1.48648E-13
  7.450E+01  3.66381E-01 -2.03384E-09 -5.82029E-10 -2.90814E-12 -1.65459E-13
  7.500E+01  3.70590E-01 -2.01227E-09 -6.25860E-10 -2.91551E-12 -1.82217E-13
  7.550E+01  3.74810E-01 -1.99016E-09 -6.68898E-10 -2.92250E-12 -1.98915E-13
  7.600E+01  3.79039E-01 -1.96750E-09 -7.11146E-10 -2.92912E-12 -2.15550E-13
  7.650E+01  3.83277E-01 -1.94434E-09 -7.52609E-10 -2.93536E-12 -2.32118E-13
  7.700E+01  3.87524E-01 -1.92068E-09 -7.93292E-10 -2.94124E-12 -2.48612E-13
  7.750E+01  3.91780E-01 -1.89655E-09 -8.33200E-10 -2.94674E-12 -2.65029E-13
  7.800E+01  3.96044E-01 -1.87196E-09 -8.72340E-10 -2.95188E-12 -2.81364E-13
  7.850E+01  4.00316E-01 -1.84695E-09 -9.10715E-10 -2.95666E-12 -2.97613E-13
  7.900E+01  4.04596E-01 -1.82151E-09 -9.48332E-10 -2.96107E-12 -3.13771E-13
  7.950E+01  4.08882E-01 -1.79568E-09 -9.85197E-10 -2.96513E-12 -3.29834E-13
  8.000E+01  4.13176E-01 -1.76947E-09 -1.02131E-09 -2.96883E-12 -3.45799E-13
  8.050E+01  4.17476E-01 -1.74290E-09 -1.05669E-09 -2.97217E-12 -3.61660E-13
  8.100E+01  4.21783E-01 -1.71598E-09 -1.09133E-09 -2.97516E-12 -3.77414E-13
  8.150E+01  4.26095E-01 -1.68874E-09 -1.12525E-09 -2.97781E-12 -3.93057E-13
  8.200E+01  4.30413E-01 -1.66118E-09 -1.15844E-09 -2.98010E-12 -4.08585E-13
  8.250E+01  4.34737E-01 -1.63333E-09 -1.19092E-09 -2.98206E-12 -4.23994E-13
  8.300E+01  4.39065E-01 -1.60519E-09 -1.22268E-09 -2.98367E-12 -4.39281E-13
  8.350E+01  4.43398E-01 -1.57679E-09 -1.25375E-09 -2.98494E-12 -4.54442E-13
  8.400E+01  4.47736E-01 -1.54815E-09 -1.28412E-09 -2.98587E-12 -4.69473E-13
  8.450E+01  4.52077E-01 -1.51926E-09 -1.31380E-09 -2.98647E-12 -4.84371E-13
  8.500E+01  4.56422E-01 -1.49016E-09 -1.34279E-09 -2.98675E-12 -4.99132E-13
  8.550E+01  4.60770E-01 -1.46084E-09 -1.37112E-09 -2.98669E-12 -5.13754E-13
  8.600E+01  4.65122E-01 -1.43134E-09 -1.39877E-09 -2.98631E-12 -5.28232E-13
  8.650E+01  4.69476E-01 -1.40165E-09 -1.42576E-09 -2.98560E-12 -5.42564E-13
  8.700E+01  4.73832E-01 -1.37180E-09 -1.45210E-09 -2.98458E-12 -5.56746E-13
  8.750E+01  4.78190E-01 -1.34179E-09 -1.47779E-09 -2.98324E-12 -5.70776E-13
  8.800E+01  4.82550E-01 -1.31164E-09 -1.50284E-09 -2.98159E-12 -5.84651E-13
  8.850E+01  4.86912E-01 -1.28136E-09 -1.52725E-09 -2.97962E-12 -5.98367E-13
  8.900E+01  4.91274E-01 -1.25096E-09 -1.55105E-09 -2.97735E-12 -6.11922E-13
  8.950E+01  4.95637E-01 -1.22045E-09 -1.57422E-09 -2.97478E-12 -6.25314E-13
  9.000E+01  5.00000E-01 -1.18985E-09 -1.59678E-09 -2.97190E-12 -6.38538E-13
  9.050E+01  5.04363E-01 -1.15916E-09 -1.61874E-09 -2.96872E-12 -6.51594E-13
  9.100E+01  5.08726E-01 -1.12840E-09 -1.64010E-09 -2.96525E-12 -6.64478E-13
  9.150E+01  5.13088E-01 -1.09757E-09 -1.66088E-09 -2.96148E-12 -6.77188E-13
  9.200E+01  5.17450E-01 -1.06670E-09 -1.68107E-09 -2.95743E-12 -6.89721E-13
  9.250E+01  5.21810E-01 -1.03577E-09 -1.70069E-09 -2.95309E-12 -7.02076E-13
  9.300E+01  5.26168E-01 -1.00482E-09 -1.71974E-09 -2.94846E-12 -7.14249E-13
  9.350E+01  5.30524E-01 -9.73836E-10 -1.73823E-09 -2.94355E-12 -7.26239E-13
  9.400E+01  5.34878E-01 -9.42839E-10 -1.75618E-09 -2.93837E-12 -7.38044E-13
  9.450E+01  5.39230E-01 -9.11835E-10 -1.77357E-09 -2.93291E-12 -7.49662E-13
  9.500E+01  5.43578E-01 -8.80833E-10 -1.79044E-09 -2.92718E-12 -7.61090E-13
  9.550E+01  5.47923E-01 -8.49841E-10 -1.80677E-09 -2.92118E-12 -7.72327E-13
  9.600E+01  5.52264E-01 -8.18868E-10 -1.82258E-09 -2.91492E-12 -7.83372E-13
  9.650E+01  5.56602E-01 -7.87920E-10 -1.83788E-09 -2.90839E-12 -7.94221E-13
  9.700E+01  5.60935E-01 -7.57007E-10 -1.85267E-09 -2.90160E-12 -8.04874E-13
  9.750E+01  5.65263E-01 -7.26136E-10 -1.86696E-09 -2.89456E-12 -8.15328E-13
  9.800E+01  5.69587E-01 -6.95313E-10 -1.88076E-09 -2.88727E-12 -8.25583E-13
  9.850E+01  5.73905E-01 -6.64547E-10 -1.89408E-09 -2.87972E-12 -8.35637E-13
  9.900E+01  5.78217E-01 -6.33843E-10 -1.90692E-09 -2.87192E-12 -8.45488E-13
  9.950E+01  5.82524E-01 -6.03208E-10 -1.91929E-09 -2.86389E-12 -8.55135E-13
  1.000E+02  5.86824E-01 -5.72650E-10 -1.93120E-09 -2.85561E-12 -8.64576E-13
  1.005E+02  5.91118E-01 -5.42174E-10 -1.94265E-09 -2.84709E-12 -8.73811E-13
  1.010E+02  5.95404E-01 -5.11786E-10 -1.95366E-09 -2.83834E-12 -8.82838E-13
  1.015E+02  5.99684E-01 -4.81493E-10 -1.96423E-09 -2.82935E-12 -8.91656E-13
  1.020E+02  6.03956E-01 -4.51299E-10 -1.97436E-09 -2.82013E-12 -9.00264E-13
  1.025E+02  6.08220E-01 -4.21211E-10 -1.98407E-09 -2.81069E-12 -9.08661E-13
  1.030E+02  6.12476E-01 -3.91234E-10 -1.99336E-09 -2.80103E-12 -9.16845E-13
  1.035E+02  6.16723E-01 -3.61374E-10 -2.00224E-09 -2.79114E-12 -9.24817E-13
  1.040E+02  6.20961E-01 -3.31634E-10 -2.01072E-09 -2.78104E-12 -9.32575E-13
  1.045E+02  6.25190E-01 -3.02020E-10 -2.01880E-09 -2.77072E-12 -9.40118E-13
  1.050E+02  6.29410E-01 -2.72538E-10 -2.02649E-09 -2.76019E-12 -9.47446E-13
  1.055E+02  6.33619E-01 -2.43190E-10 -2.03380E-09 -2.74946E-12 -9.54558E-13
  1.060E+02  6.37819E-01 -2.13982E-10 -2.04074E-09 -2.73851E-12 -9.61453E-13
  1.065E+02  6.42008E-01 -1.84919E-10 -2.04730E-09 -2.72737E-12 -9.68131E-13
  1.070E+02  6.46186E-01 -1.56003E-10 -2.05351E-09 -2.71602E-12 -9.74590E-13
  1.075E+02  6.50353E-01 -1.27239E-10 -2.05936E-09 -2.70447E-12 -9.80832E-13
  1.080E+02  6.54508E-01 -9.86311E-11 -2.06486E-09 -2.69273E-12 -9.86855E-13
  1.085E+02  6.58652E-01 -7.01827E-11 -2.07002E-09 -2.68080E-12 -9.92659E-13
  1.090E+02  6.62784E-01 -4.18972E-11 -2.07485E-09 -2.66868E-12 -9.98243E-13
  1.095E+02  6.66903E-01 -1.37783E-11 -2.07934E-09 -2.65638E-12 -1.00361E-12
  1.100E+02  6.71010E-01  1.41710E-11 -2.08352E-09 -2.64389E-12 -1.00875E-12
  1.105E+02  6.75104E-01  4.19475E-11 -2.08739E-09 -2.63122E-12 -1.01368E-12
  1.110E+02  6.79184E-01  6.95481E-11 -2.09094E-09 -2.61837E-12 -1.01838E-12
  1.115E+02  6.83251E-01  9.69699E-11 -2.09420E-09 -2.60534E-12 -1.02287E-12
  1.120E+02  6.87303E-01  1.24210E-10 -2.09716E-09 -2.59215E-12 -1.02713E-12
  1.125E+02  6.91342E-01  1.51266E-10 -2.09983E-09 -2.57878E-12 -1.03117E-12
  1.130E+02  6.95366E-01  1.78136E-10 -2.10222E-09 -2.56525E-12 -1.03499E-12
  1.135E+02  6.99375E-01  2.04816E-10 -2.10434E-09 -2.55155E-12 -1.03860E-12
  1.140E+02  7.03368E-01  2.31304E-10 -2.10618E-09 -2.53769E-12 -1.04198E-12
  1.145E+02  7.07347E-01  2.57599E-10 -2.10777E-09 -2.52367E-12 -1.04514E-12
  1.150E+02  7.11309E-01  2.83698E-10 -2.10909E-09 -2.50949E-12 -1.04809E-12
  1.155E+02  7.15256E-01  3.09600E-10 -2.11017E-09 -2.49515E-12 -1.05081E-12
  1.160E+02  7.19186E-01  3.35301E-10 -2.11100E-09 -2.48067E-12 -1.05331E-12
  1.165E+02  7.23099E-01  3.60801E-10 -2.11159E-09 -2.46604E-12 -1.05560E-12
  1.170E+02  7.26995E-01  3.86097E-10 -2.11195E-09 -2.45125E-12 -1.05767E-12
  1.175E+02  7.30874E-01  4.11189E-10 -2.11208E-09 -2.43633E-12 -1.05952E-12
  1.180E+02  7.34736E-01  4.36074E-10 -2.11199E-09 -2.42126E-12 -1.06115E-12
  1.185E+02  7.38579E-01  4.60750E-10 -2.11168E-09 -2.40605E-12 -1.06256E-12
  1.190E+02  7.42405E-01  4.85218E-10 -2.11116E-09 -2.39070E-12 -1.06376E-12
  1.195E+02  7.46212E-01  5.09475E-10 -2.11044E-09 -2.37522E-12 -1.06474E-12
  1.200E+02  7.50000E-01  5.33520E-10 -2.10953E-09 -2.35961E-12 -1.06551E-12
  1.205E+02  7.53769E-01  5.57352E-10 -2.10841E-09 -2.34386E-12 -1.06606E-12
  1.210E+02  7.57519E-01  5.80969E-10 -2.10711E-09 -2.32799E-12 -1.06640E-12
  1.215E+02  7.61249E-01  6.04372E-10 -2.10563E-09 -2.31199E-12 -1.06653E-12
  1.220E+02  7.64960E-01  6.27559E-10 -2.10397E-09 -2.29587E-12 -1.06644E-12
  1.225E+02  7.68650E-01  6.50528E-10 -2.10214E-09 -2.27962E-12 -1.06614E-12
  1.230E+02  7.72320E-01  6.73281E-10 -2.10015E-09 -2.26326E-12 -1.06563E-12
  1.235E+02  7.75968E-01  6.95815E-10 -2.09799E-09 -2.24678E-12 -1.06491E-12
  1.240E+02  7.79596E-01  7.18129E-10 -2.09567E-09 -2.23018E-12 -1.06398E-12
  1.245E+02  7.83203E-01  7.40225E-10 -2.09321E-09 -2.21347E-12 -1.06285E-12
  1.250E+02  7.86788E-01  7.62100E-10 -2.09060E-09 -2.19665E-12 -1.06150E-12
  1.255E+02  7.90351E-01  7.83754E-10 -2.08785E-09 -2.17972E-12 -1.05995E-12
  1.260E+02  7.93893E-01  8.05188E-10 -2.08496E-09 -2.16268E-12 -1.05819E-12
  1.265E+02  7.97411E-01  8.26400E-10 -2.08194E-09 -2.14554E-12 -1.05623E-12
  1.270E+02  8.00908E-01  8.47391E-10 -2.07879E-09 -2.12830E-12 -1.05407E-12
  1.275E+02  8.04381E-01  8.68160E-10 -2.07552E-09 -2.11095E-12 -1.05171E-12
  1.280E+02  8.07831E-01  8.88706E-10 -2.07214E-09 -2.09351E-12 -1.04914E-12
  1.285E+02  8.11257E-01  9.09031E-10 -2.06864E-09 -2.07597E-12 -1.04637E-12
  1.290E+02  8.14660E-01  9.29133E-10 -2.06503E-09 -2.05833E-12 -1.04341E-12
  1.295E+02  8.18039E-01  9.49012E-10 -2.06132E-09 -2.04060E-12 -1.04025E-12
  1.300E+02  8.21394E-01  9.68670E-10 -2.05751E-09 -2.02278E-12 -1.03689E-12
  1.305E+02  8.24724E-01  9.88105E-10 -2.05361E-09 -2.00486E-12 -1.03333E-12
  1.310E+02  8.28030E-01  1.00732E-09 -2.04961E-09 -1.98686E-12 -1.02959E-12
  1.315E+02  8.31310E-01  1.02631E-09 -2.04553E-09 -1.96878E-12 -1.02565E-12
  1.320E+02  8.34565E-01  1.04508E-09 -2.04137E-09 -1.95061E-12 -1.02152E-12
  1.325E+02  8.37795E-01  1.06362E-09 -2.03713E-09 -1.93236E-12 -1.01720E-12
  1.330E+02  8.40999E-01  1.08195E-09 -2.03281E-09 -1.91402E-12 -1.01269E-12
  1.335E+02  8.44177E-01  1.10005E-09 -2.02843E-09 -1.89561E-12 -1.00799E-12
  1.340E+02  8.47329E-01  1.11793E-09 -2.02398E-09 -1.87712E-12 -1.00311E-12
  1.345E+02  8.50455E-01  1.13559E-09 -2.01946E-09 -1.85855E-12 -9.98046E-13
  1.350E+02  8.53553E-01  1.15303E-09 -2.01489E-09 -1.83991E-12 -9.92798E-13
  1.355E+02  8.56625E-01  1.17025E-09 -2.01027E-09 -1.82119E-12 -9.87369E-13
  1.360E+02  8.59670E-01  1.18726E-09 -2.00559E-09 -1.80241E-12 -9.81761E-13
  1.365E+02  8.62687E-01  1.20404E-09 -2.00087E-09 -1.78355E-12 -9.75974E-13
  1.370E+02  8.65677E-01  1.22060E-09 -1.99610E-09 -1.76463E-12 -9.70010E-13
  1.375E+02  8.68639E-01  1.23694E-09 -1.99129E-09 -1.74564E-12 -9.63872E-13
  1.380E+02  8.71572E-01  1.25307E-09 -1.98645E-09 -1.72658E-12 -9.57560E-13
  1.385E+02  8.74478E-01  1.26898E-09 -1.98158E-09 -1.70746E-12 -9.51077E-13
  1.390E+02  8.77355E-01  1.28467E-09 -1.97667E-09 -1.68828E-12 -9.44423E-13
  1.395E+02  8.80203E-01  1.30015E-09 -1.97174E-09 -1.66904E-12 -9.37600E-13
  1.400E+02  8.83022E-01  1.31541E-09 -1.96679E-09 -1.64973E-12 -9.30611E-13
  1.405E+02  8.85812E-01  1.33046E-09 -1.96182E-09 -1.63037E-12 -9.23456E-13
  1.410E+02  8.88573E-01  1.34529E-09 -1.95683E-09 -1.61095E-12 -9.16138E-13
  1.415E+02  8.91304E-01  1.35990E-09 -1.95183E-09 -1.59148E-12 -9.08658E-13
  1.420E+02  8.94005E-01  1.37431E-09 -1.94682E-09 -1.57195E-12 -9.01018E-13
  1.425E+02  8.96677E-01  1.38850E-09 -1.94180E-09 -1.55237E-12 -8.93219E-13
  1.430E+02  8.99318E-01  1.40248E-09 -1.93678E-09 -1.53273E-12 -8.85264E-13
  1.435E+02  9.01928E-01  1.41625E-09 -1.93176E-09 -1.51305E-12 -8.77153E-13
  1.440E+02  9.04508E-01  1.42981E-09 -1.92674E-09 -1.49331E-12 -8.68890E-13
  1.445E+02  9.07058E-01  1.44315E-09 -1.92172E-09 -1.47353E-12 -8.60475E-13
  1.450E+02  9.09576E-01  1.45629E-09 -1.91671E-09 -1.45370E-12 -8.51911E-13
  1.455E+02  9.12063E-01  1.46922E-09 -1.91172E-09 -1.43382E-12 -8.43200E-13
  1.460E+02  9.14519E-01  1.48195E-09 -1.90674E-09 -1.41390E-12 -8.34342E-13
  1.465E+02  9.16943E-01  1.49446E-09 -1.90177E-09 -1.39394E-12 -8.25340E-13
  1.470E+02  9.19335E-01  1.50677E-09 -1.89682E-09 -1.37393E-12 -8.16196E-13
  1.475E+02  9.21696E-01  1.51888E-09 -1.89189E-09 -1.35388E-12 -8.06912E-13
  1.480E+02  9.24024E-01  1.53078E-09 -1.88699E-09 -1.33379E-12 -7.97490E-13
  1.485E+02  9.26320E-01  1.54247E-09 -1.88211E-09 -1.31367E-12 -7.87931E-13
  1.490E+02  9.28584E-01  1.55397E-09 -1.87726E-09 -1.29350E-12 -7.78238E-13
  1.495E+02  9.30815E-01  1.56526E-09 -1.87245E-09 -1.27329E-12 -7.68411E-13
  1.500E+02  9.33013E-01  1.57635E-09 -1.86766E-09 -1.25305E-12 -7.58455E-13
  1.505E+02  9.35178E-01  1.58723E-09 -1.86292E-09 -1.23277E-12 -7.48369E-13
  1.510E+02  9.37310E-01  1.59792E-09 -1.85820E-09 -1.21246E-12 -7.38157E-13
  1.515E+02  9.39409E-01  1.60841E-09 -1.85353E-09 -1.19212E-12 -7.27820E-13
  1.520E+02  9.41474E-01  1.61870E-09 -1.84891E-09 -1.17174E-12 -7.17360E-13
  1.525E+02  9.43505E-01  1.62879E-09 -1.84432E-09 -1.15133E-12 -7.06779E-13
  1.530E+02  9.45503E-01  1.63868E-09 -1.83979E-09 -1.13089E-12 -6.96079E-13
  1.535E+02  9.47467E-01  1.64838E-09 -1.83530E-09 -1.11042E-12 -6.85263E-13
  1.540E+02  9.49397E-01  1.65788E-09 -1.83086E-09 -1.08992E-12 -6.74331E-13
  1.545E+02  9.51293E-01  1.66719E-09 -1.82648E-09 -1.06939E-12 -6.63287E-13
  1.550E+02  9.53154E-01  1.67630E-09 -1.82214E-09 -1.04883E-12 -6.52132E-13
  1.555E+02  9.54981E-01  1.68522E-09 -1.81787E-09 -1.02825E-12 -6.40868E-13
  1.560E+02  9.56773E-01  1.69394E-09 -1.81365E-09 -1.00764E-12 -6.29498E-13
  1.565E+02  9.58530E-01  1.70248E-09 -1.80950E-09 -9.87002E-13 -6.18023E-13
  1.570E+02  9.60252E-01  1.71082E-09 -1.80540E-09 -9.66342E-13 -6.06445E-13
  1.575E+02  9.61940E-01  1.71897E-09 -1.80137E-09 -9.45658E-13 -5.94767E-13
  1.580E+02  9.63592E-01  1.72693E-09 -1.79740E-09 -9.24952E-13 -5.82991E-13
  1.585E+02  9.65209E-01  1.73470E-09 -1.79350E-09 -9.04222E-13 -5.71118E-13
  1.590E+02  9.66790E-01  1.74229E-09 -1.78967E-09 -8.83471E-13 -5.59151E-13
  1.595E+02  9.68336E-01  1.74968E-09 -1.78591E-09 -8.62699E-13 -5.47092E-13
  1.600E+02  9.69846E-01  1.75689E-09 -1.78222E-09 -8.41907E-13 -5.34943E-13
  1.605E+02  9.71321E-01  1.76391E-09 -1.77860E-09 -8.21095E-13 -5.22706E-13
  1.610E+02  9.72759E-01  1.77075E-09 -1.77505E-09 -8.00264E-13 -5.10383E-13
  1.615E+02  9.74162E-01  1.77740E-09 -1.77158E-09 -7.79414E-13 -4.97977E-13
  1.620E+02  9.75528E-01  1.78386E-09 -1.76819E-09 -7.58547E-13 -4.85489E-13
  1.625E+02  9.76858E-01  1.79014E-09 -1.76488E-09 -7.37662E-13 -4.72921E-13
  1.630E+02  9.78152E-01  1.79624E-09 -1.76164E-09 -7.16761E-13 -4.60277E-13
  1.635E+02  9.79410E-01  1.80215E-09 -1.75849E-09 -6.95844E-13 -4.47557E-13
  1.640E+02  9.80631E-01  1.80788E-09 -1.75541E-09 -6.74912E-13 -4.34765E-13
  1.645E+02  9.81815E-01  1.81343E-09 -1.75242E-09 -6.53964E-13 -4.21901E-13
  1.650E+02  9.82963E-01  1.81879E-09 -1.74952E-09 -6.33003E-13 -4.08969E-13
  1.655E+02  9.84074E-01  1.82398E-09 -1.74670E-09 -6.12027E-13 -3.95971E-13
  1.660E+02  9.85148E-01  1.82898E-09 -1.74396E-09 -5.91039E-13 -3.82908E-13
  1.665E+02  9.86185E-01  1.83381E-09 -1.74131E-09 -5.70038E-13 -3.69784E-13
  1.670E+02  9.87185E-01  1.83845E-09 -1.73875E-09 -5.49025E-13 -3.56599E-13
  1.675E+02  9.88148E-01  1.84292E-09 -1.73628E-09 -5.28000E-13 -3.43357E-13
  1.680E+02  9.89074E-01  1.84721E-09 -1.73390E-09 -5.06964E-13 -3.30059E-13
  1.685E+02  9.89962E-01  1.85131E-09 -1.73161E-09 -4.85918E-13 -3.16708E-13
  1.690E+02  9.90814E-01  1.85524E-09 -1.72941E-09 -4.64861E-13 -3.03306E-13
  1.695E+02  9.91627E-01  1.85900E-09 -1.72731E-09 -4.43795E-13 -2.89854E-13
  1.700E+02  9.92404E-01  1.86257E-09 -1.72529E-09 -4.22720E-13 -2.76357E-13
  1.705E+02  9.93143E-01  1.86597E-09 -1.72337E-09 -4.01636E-13 -2.62814E-13
  1.710E+02  9.93844E-01  1.86920E-09 -1.72155E-09 -3.80544E-13 -2.49229E-13
  1.715E+02  9.94508E-01  1.87224E-09 -1.71982E-09 -3.59444E-13 -2.35605E-13
  1.720E+02  9.95134E-01  1.87511E-09 -1.71818E-09 -3.38337E-13 -2.21942E-13
  1.725E+02  9.95722E-01  1.87781E-09 -1.71665E-09 -3.17224E-13 -2.08243E-13
  1.730E+02  9.96273E-01  1.88033E-09 -1.71520E-09 -2.96104E-13 -1.94512E-13
  1.735E+02  9.96786E-01  1.88268E-09 -1.71386E-09 -2.74978E-13 -1.80749E-13
  1.740E+02  9.97261E-01  1.88485E-09 -1.71261E-09 -2.53846E-13 -1.66956E-13
  1.745E+02  9.97698E-01  1.88684E-09 -1.71146E-09 -2.32710E-13 -1.53138E-13
  1.750E+02  9.98097E-01  1.88866E-09 -1.71041E-09 -2.11569E-13 -1.39294E-13
  1.755E+02  9.98459E-01  1.89031E-09 -1.70946E-09 -1.90424E-13 -1.25428E-13
  1.760E+02  9.98782E-01  1.89179E-09 -1.70861E-09 -1.69275E-13 -1.11543E-13
  1.765E+02  9.99067E-01  1.89309E-09 -1.70786E-09 -1.48123E-13 -9.76388E-14
  1.770E+02  9.99315E-01  1.89421E-09 -1.70721E-09 -1.26968E-13 -8.37195E-14
  1.775E+02  9.99524E-01  1.89517E-09 -1.70665E-09 -1.05810E-13 -6.97867E-14
  1.780E+02  9.99695E-01  1.89595E-09 -1.70620E-09 -8.46507E-14 -5.58428E-14
  1.785E+02  9.99829E-01  1.89655E-09 -1.70585E-09 -6.34895E-14 -4.18899E-14
  1.790E+02  9.99924E-01  1.89699E-09 -1.70560E-09 -4.23270E-14 -2.79303E-14
  1.795E+02  9.99981E-01  1.89725E-09 -1.70545E-09 -2.11637E-14 -1.39663E-14
  1.800E+02  1.00000E+00  1.89733E-09 -1.70540E-09 -2.97000E-28 -1.96000E-28
