 #  Scattering amplitudes (in cm)      MU=(1-cos(TH))/2
 #  Z =   6,   projectile: electron
 #  Kinetic energy = 1.94000E+02 eV
 #
 # TH (deg)      MU          Re(F)        Im(F)        Re(G)        Im(G)
 #--------------------------------------------------------------------------
  0.000E+00  0.00000E+00  1.75692E-08  1.07810E-08  0.00000E+00  0.00000E+00
  1.000E-04  7.61557E-13  1.75692E-08  1.07810E-08  4.75569E-18  5.62204E-18
  1.250E-04  1.18994E-12  1.75692E-08  1.07810E-08  5.94461E-18  7.02755E-18
  1.500E-04  1.71346E-12  1.75692E-08  1.07810E-08  7.13354E-18  8.43305E-18
  1.750E-04  2.33225E-12  1.75692E-08  1.07810E-08  8.32246E-18  9.83856E-18
  2.000E-04  3.04617E-12  1.75692E-08  1.07810E-08  9.51138E-18  1.12441E-17
  2.250E-04  3.85530E-12  1.75692E-08  1.07810E-08  1.07003E-17  1.26496E-17
  2.500E-04  4.75964E-12  1.75692E-08  1.07810E-08  1.18892E-17  1.40551E-17
  2.750E-04  5.75917E-12  1.75692E-08  1.07810E-08  1.30781E-17  1.54606E-17
  3.000E-04  6.85391E-12  1.75692E-08  1.07810E-08  1.42671E-17  1.68661E-17
  3.250E-04  8.04379E-12  1.75692E-08  1.07810E-08  1.54560E-17  1.82716E-17
  3.500E-04  9.32893E-12  1.75692E-08  1.07810E-08  1.66449E-17  1.96771E-17
  3.750E-04  1.07092E-11  1.75692E-08  1.07810E-08  1.78338E-17  2.10826E-17
  4.000E-04  1.21847E-11  1.75692E-08  1.07810E-08  1.90228E-17  2.24881E-17
  4.250E-04  1.37554E-11  1.75692E-08  1.07810E-08  2.02117E-17  2.38937E-17
  4.500E-04  1.54213E-11  1.75692E-08  1.07810E-08  2.14006E-17  2.52992E-17
  4.750E-04  1.71823E-11  1.75692E-08  1.07810E-08  2.25895E-17  2.67047E-17
  5.000E-04  1.90386E-11  1.75692E-08  1.07810E-08  2.37785E-17  2.81102E-17
  5.250E-04  2.09900E-11  1.75692E-08  1.07810E-08  2.49674E-17  2.95157E-17
  5.500E-04  2.30367E-11  1.75692E-08  1.07810E-08  2.61563E-17  3.09212E-17
  5.750E-04  2.51785E-11  1.75692E-08  1.07810E-08  2.73452E-17  3.23267E-17
  6.000E-04  2.74156E-11  1.75692E-08  1.07810E-08  2.85341E-17  3.37322E-17
  6.250E-04  2.97478E-11  1.75692E-08  1.07810E-08  2.97231E-17  3.51377E-17
  6.500E-04  3.21752E-11  1.75692E-08  1.07810E-08  3.09120E-17  3.65432E-17
  6.750E-04  3.46979E-11  1.75692E-08  1.07810E-08  3.21009E-17  3.79487E-17
  7.000E-04  3.73157E-11  1.75692E-08  1.07810E-08  3.32898E-17  3.93543E-17
  7.250E-04  4.00286E-11  1.75692E-08  1.07810E-08  3.44788E-17  4.07598E-17
  7.500E-04  4.28368E-11  1.75692E-08  1.07810E-08  3.56677E-17  4.21653E-17
  7.750E-04  4.57402E-11  1.75692E-08  1.07810E-08  3.68566E-17  4.35708E-17
  8.000E-04  4.87388E-11  1.75692E-08  1.07810E-08  3.80455E-17  4.49763E-17
  8.250E-04  5.18325E-11  1.75692E-08  1.07810E-08  3.92344E-17  4.63818E-17
  8.500E-04  5.50215E-11  1.75692E-08  1.07810E-08  4.04234E-17  4.77873E-17
  8.750E-04  5.83057E-11  1.75692E-08  1.07810E-08  4.16123E-17  4.91928E-17
  9.000E-04  6.16850E-11  1.75692E-08  1.07810E-08  4.28012E-17  5.05983E-17
  9.250E-04  6.51595E-11  1.75692E-08  1.07810E-08  4.39901E-17  5.20038E-17
  9.500E-04  6.87293E-11  1.75692E-08  1.07810E-08  4.51791E-17  5.34093E-17
  9.750E-04  7.23943E-11  1.75692E-08  1.07810E-08  4.63680E-17  5.48149E-17
  1.000E-03  7.61544E-11  1.75692E-08  1.07810E-08  4.75569E-17  5.62204E-17
  1.250E-03  1.18991E-10  1.75692E-08  1.07810E-08  5.94461E-17  7.02755E-17
  1.500E-03  1.71347E-10  1.75692E-08  1.07810E-08  7.13354E-17  8.43305E-17
  1.750E-03  2.33223E-10  1.75692E-08  1.07810E-08  8.32246E-17  9.83856E-17
  2.000E-03  3.04617E-10  1.75692E-08  1.07810E-08  9.51138E-17  1.12441E-16
  2.250E-03  3.85531E-10  1.75692E-08  1.07810E-08  1.07003E-16  1.26496E-16
  2.500E-03  4.75965E-10  1.75692E-08  1.07810E-08  1.18892E-16  1.40551E-16
  2.750E-03  5.75917E-10  1.75692E-08  1.07810E-08  1.30781E-16  1.54606E-16
  3.000E-03  6.85389E-10  1.75692E-08  1.07810E-08  1.42671E-16  1.68661E-16
  3.250E-03  8.04380E-10  1.75692E-08  1.07810E-08  1.54560E-16  1.82716E-16
  3.500E-03  9.32891E-10  1.75692E-08  1.07810E-08  1.66449E-16  1.96771E-16
  3.750E-03  1.07092E-09  1.75692E-08  1.07810E-08  1.78338E-16  2.10826E-16
  4.000E-03  1.21847E-09  1.75692E-08  1.07810E-08  1.90228E-16  2.24881E-16
  4.250E-03  1.37554E-09  1.75692E-08  1.07810E-08  2.02117E-16  2.38937E-16
  4.500E-03  1.54213E-09  1.75692E-08  1.07810E-08  2.14006E-16  2.52992E-16
  4.750E-03  1.71823E-09  1.75692E-08  1.07810E-08  2.25895E-16  2.67047E-16
  5.000E-03  1.90386E-09  1.75692E-08  1.07810E-08  2.37785E-16  2.81102E-16
  5.250E-03  2.09900E-09  1.75692E-08  1.07810E-08  2.49674E-16  2.95157E-16
  5.500E-03  2.30367E-09  1.75692E-08  1.07810E-08  2.61563E-16  3.09212E-16
  5.750E-03  2.51785E-09  1.75692E-08  1.07810E-08  2.73452E-16  3.23267E-16
  6.000E-03  2.74156E-09  1.75692E-08  1.07810E-08  2.85341E-16  3.37322E-16
  6.250E-03  2.97478E-09  1.75692E-08  1.07810E-08  2.97231E-16  3.51377E-16
  6.500E-03  3.21752E-09  1.75692E-08  1.07810E-08  3.09120E-16  3.65432E-16
  6.750E-03  3.46978E-09  1.75692E-08  1.07810E-08  3.21009E-16  3.79487E-16
  7.000E-03  3.73156E-09  1.75692E-08  1.07810E-08  3.32898E-16  3.93543E-16
  7.250E-03  4.00286E-09  1.75692E-08  1.07810E-08  3.44788E-16  4.07598E-16
  7.500E-03  4.28368E-09  1.75692E-08  1.07810E-08  3.56677E-16  4.21653E-16
  7.750E-03  4.57402E-09  1.75692E-08  1.07810E-08  3.68566E-16  4.35708E-16
  8.000E-03  4.87388E-09  1.75692E-08  1.07810E-08  3.80455E-16  4.49763E-16
  8.250E-03  5.18326E-09  1.75692E-08  1.07810E-08  3.92344E-16  4.63818E-16
  8.500E-03  5.50215E-09  1.75692E-08  1.07810E-08  4.04234E-16  4.77873E-16
  8.750E-03  5.83057E-09  1.75692E-08  1.07810E-08  4.16123E-16  4.91928E-16
  9.000E-03  6.16850E-09  1.75692E-08  1.07810E-08  4.28012E-16  5.05983E-16
  9.250E-03  6.51596E-09  1.75691E-08  1.07810E-08  4.39901E-16  5.20038E-16
  9.500E-03  6.87293E-09  1.75691E-08  1.07810E-08  4.51790E-16  5.34093E-16
  9.750E-03  7.23942E-09  1.75691E-08  1.07810E-08  4.63680E-16  5.48149E-16
  1.000E-02  7.61544E-09  1.75691E-08  1.07810E-08  4.75569E-16  5.62204E-16
  1.250E-02  1.18991E-08  1.75691E-08  1.07810E-08  5.94461E-16  7.02755E-16
  1.500E-02  1.71347E-08  1.75691E-08  1.07810E-08  7.13353E-16  8.43305E-16
  1.750E-02  2.33223E-08  1.75691E-08  1.07810E-08  8.32245E-16  9.83856E-16
  2.000E-02  3.04617E-08  1.75691E-08  1.07810E-08  9.51137E-16  1.12441E-15
  2.250E-02  3.85531E-08  1.75691E-08  1.07810E-08  1.07003E-15  1.26496E-15
  2.500E-02  4.75965E-08  1.75691E-08  1.07810E-08  1.18892E-15  1.40551E-15
  2.750E-02  5.75917E-08  1.75691E-08  1.07810E-08  1.30781E-15  1.54606E-15
  3.000E-02  6.85389E-08  1.75691E-08  1.07810E-08  1.42670E-15  1.68661E-15
  3.250E-02  8.04380E-08  1.75691E-08  1.07810E-08  1.54559E-15  1.82716E-15
  3.500E-02  9.32891E-08  1.75691E-08  1.07810E-08  1.66449E-15  1.96771E-15
  3.750E-02  1.07092E-07  1.75691E-08  1.07810E-08  1.78338E-15  2.10826E-15
  4.000E-02  1.21847E-07  1.75691E-08  1.07810E-08  1.90227E-15  2.24881E-15
  4.250E-02  1.37554E-07  1.75691E-08  1.07810E-08  2.02116E-15  2.38936E-15
  4.500E-02  1.54213E-07  1.75691E-08  1.07810E-08  2.14005E-15  2.52991E-15
  4.750E-02  1.71823E-07  1.75691E-08  1.07810E-08  2.25894E-15  2.67046E-15
  5.000E-02  1.90386E-07  1.75690E-08  1.07810E-08  2.37783E-15  2.81102E-15
  5.250E-02  2.09900E-07  1.75690E-08  1.07810E-08  2.49672E-15  2.95157E-15
  5.500E-02  2.30367E-07  1.75690E-08  1.07810E-08  2.61560E-15  3.09212E-15
  5.750E-02  2.51785E-07  1.75690E-08  1.07810E-08  2.73449E-15  3.23267E-15
  6.000E-02  2.74156E-07  1.75690E-08  1.07810E-08  2.85338E-15  3.37322E-15
  6.250E-02  2.97478E-07  1.75690E-08  1.07810E-08  2.97227E-15  3.51377E-15
  6.500E-02  3.21752E-07  1.75690E-08  1.07810E-08  3.09116E-15  3.65432E-15
  6.750E-02  3.46978E-07  1.75690E-08  1.07810E-08  3.21004E-15  3.79487E-15
  7.000E-02  3.73156E-07  1.75689E-08  1.07810E-08  3.32893E-15  3.93542E-15
  7.250E-02  4.00286E-07  1.75689E-08  1.07810E-08  3.44782E-15  4.07597E-15
  7.500E-02  4.28368E-07  1.75689E-08  1.07810E-08  3.56670E-15  4.21652E-15
  7.750E-02  4.57402E-07  1.75689E-08  1.07810E-08  3.68559E-15  4.35707E-15
  8.000E-02  4.87388E-07  1.75689E-08  1.07810E-08  3.80447E-15  4.49762E-15
  8.250E-02  5.18325E-07  1.75689E-08  1.07810E-08  3.92336E-15  4.63817E-15
  8.500E-02  5.50215E-07  1.75688E-08  1.07810E-08  4.04224E-15  4.77872E-15
  8.750E-02  5.83057E-07  1.75688E-08  1.07810E-08  4.16113E-15  4.91926E-15
  9.000E-02  6.16850E-07  1.75688E-08  1.07809E-08  4.28001E-15  5.05981E-15
  9.250E-02  6.51596E-07  1.75688E-08  1.07809E-08  4.39889E-15  5.20036E-15
  9.500E-02  6.87293E-07  1.75688E-08  1.07809E-08  4.51777E-15  5.34091E-15
  9.750E-02  7.23942E-07  1.75687E-08  1.07809E-08  4.63666E-15  5.48146E-15
  1.000E-01  7.61543E-07  1.75687E-08  1.07809E-08  4.75554E-15  5.62201E-15
  1.250E-01  1.18991E-06  1.75685E-08  1.07809E-08  5.94431E-15  7.02750E-15
  1.500E-01  1.71347E-06  1.75682E-08  1.07809E-08  7.13302E-15  8.43297E-15
  1.750E-01  2.33223E-06  1.75678E-08  1.07808E-08  8.32164E-15  9.83843E-15
  2.000E-01  3.04617E-06  1.75674E-08  1.07807E-08  9.51016E-15  1.12439E-14
  2.250E-01  3.85531E-06  1.75669E-08  1.07807E-08  1.06986E-14  1.26493E-14
  2.500E-01  4.75964E-06  1.75664E-08  1.07806E-08  1.18868E-14  1.40547E-14
  2.750E-01  5.75916E-06  1.75658E-08  1.07805E-08  1.30750E-14  1.54601E-14
  3.000E-01  6.85388E-06  1.75652E-08  1.07804E-08  1.42629E-14  1.68654E-14
  3.250E-01  8.04378E-06  1.75645E-08  1.07803E-08  1.54507E-14  1.82707E-14
  3.500E-01  9.32888E-06  1.75638E-08  1.07802E-08  1.66384E-14  1.96760E-14
  3.750E-01  1.07092E-05  1.75630E-08  1.07801E-08  1.78258E-14  2.10813E-14
  4.000E-01  1.21846E-05  1.75621E-08  1.07799E-08  1.90130E-14  2.24865E-14
  4.250E-01  1.37553E-05  1.75612E-08  1.07798E-08  2.01999E-14  2.38917E-14
  4.500E-01  1.54212E-05  1.75602E-08  1.07797E-08  2.13867E-14  2.52969E-14
  4.750E-01  1.71822E-05  1.75592E-08  1.07795E-08  2.25731E-14  2.67020E-14
  5.000E-01  1.90385E-05  1.75581E-08  1.07794E-08  2.37593E-14  2.81070E-14
  5.250E-01  2.09899E-05  1.75570E-08  1.07792E-08  2.49452E-14  2.95120E-14
  5.500E-01  2.30365E-05  1.75558E-08  1.07790E-08  2.61308E-14  3.09170E-14
  5.750E-01  2.51783E-05  1.75546E-08  1.07788E-08  2.73161E-14  3.23219E-14
  6.000E-01  2.74153E-05  1.75533E-08  1.07786E-08  2.85011E-14  3.37267E-14
  6.250E-01  2.97475E-05  1.75520E-08  1.07784E-08  2.96857E-14  3.51315E-14
  6.500E-01  3.21749E-05  1.75506E-08  1.07782E-08  3.08700E-14  3.65363E-14
  6.750E-01  3.46974E-05  1.75491E-08  1.07780E-08  3.20538E-14  3.79409E-14
  7.000E-01  3.73152E-05  1.75476E-08  1.07778E-08  3.32373E-14  3.93455E-14
  7.250E-01  4.00281E-05  1.75460E-08  1.07775E-08  3.44204E-14  4.07501E-14
  7.500E-01  4.28362E-05  1.75444E-08  1.07773E-08  3.56031E-14  4.21546E-14
  7.750E-01  4.57395E-05  1.75427E-08  1.07770E-08  3.67854E-14  4.35590E-14
  8.000E-01  4.87380E-05  1.75410E-08  1.07768E-08  3.79672E-14  4.49633E-14
  8.250E-01  5.18317E-05  1.75392E-08  1.07765E-08  3.91485E-14  4.63675E-14
  8.500E-01  5.50205E-05  1.75374E-08  1.07762E-08  4.03294E-14  4.77717E-14
  8.750E-01  5.83045E-05  1.75355E-08  1.07760E-08  4.15098E-14  4.91758E-14
  9.000E-01  6.16838E-05  1.75335E-08  1.07757E-08  4.26897E-14  5.05798E-14
  9.250E-01  6.51582E-05  1.75315E-08  1.07754E-08  4.38691E-14  5.19837E-14
  9.500E-01  6.87277E-05  1.75295E-08  1.07751E-08  4.50479E-14  5.33876E-14
  9.750E-01  7.23925E-05  1.75273E-08  1.07747E-08  4.62262E-14  5.47913E-14
  1.000E+00  7.61524E-05  1.75252E-08  1.07744E-08  4.74040E-14  5.61950E-14
  1.100E+00  9.21439E-05  1.75160E-08  1.07730E-08  5.21091E-14  6.18086E-14
  1.200E+00  1.09658E-04  1.75059E-08  1.07715E-08  5.68042E-14  6.74206E-14
  1.300E+00  1.28695E-04  1.74949E-08  1.07699E-08  6.14884E-14  7.30307E-14
  1.400E+00  1.49255E-04  1.74831E-08  1.07681E-08  6.61607E-14  7.86389E-14
  1.500E+00  1.71338E-04  1.74704E-08  1.07662E-08  7.08203E-14  8.42449E-14
  1.600E+00  1.94942E-04  1.74568E-08  1.07642E-08  7.54662E-14  8.98487E-14
  1.700E+00  2.20070E-04  1.74424E-08  1.07620E-08  8.00977E-14  9.54500E-14
  1.800E+00  2.46720E-04  1.74272E-08  1.07597E-08  8.47137E-14  1.01049E-13
  1.900E+00  2.74892E-04  1.74110E-08  1.07573E-08  8.93135E-14  1.06645E-13
  2.000E+00  3.04586E-04  1.73941E-08  1.07547E-08  9.38962E-14  1.12238E-13
  2.100E+00  3.35803E-04  1.73762E-08  1.07520E-08  9.84608E-14  1.17828E-13
  2.200E+00  3.68542E-04  1.73576E-08  1.07492E-08  1.03007E-13  1.23415E-13
  2.300E+00  4.02802E-04  1.73381E-08  1.07462E-08  1.07533E-13  1.28998E-13
  2.400E+00  4.38585E-04  1.73177E-08  1.07431E-08  1.12038E-13  1.34579E-13
  2.500E+00  4.75889E-04  1.72965E-08  1.07399E-08  1.16522E-13  1.40155E-13
  2.600E+00  5.14715E-04  1.72745E-08  1.07366E-08  1.20984E-13  1.45728E-13
  2.700E+00  5.55063E-04  1.72517E-08  1.07331E-08  1.25423E-13  1.51296E-13
  2.800E+00  5.96931E-04  1.72280E-08  1.07295E-08  1.29838E-13  1.56861E-13
  2.900E+00  6.40321E-04  1.72036E-08  1.07258E-08  1.34228E-13  1.62422E-13
  3.000E+00  6.85233E-04  1.71783E-08  1.07219E-08  1.38593E-13  1.67978E-13
  3.100E+00  7.31665E-04  1.71522E-08  1.07179E-08  1.42931E-13  1.73529E-13
  3.200E+00  7.79618E-04  1.71253E-08  1.07138E-08  1.47243E-13  1.79076E-13
  3.300E+00  8.29092E-04  1.70976E-08  1.07096E-08  1.51526E-13  1.84618E-13
  3.400E+00  8.80086E-04  1.70691E-08  1.07052E-08  1.55781E-13  1.90155E-13
  3.500E+00  9.32601E-04  1.70398E-08  1.07007E-08  1.60006E-13  1.95687E-13
  3.600E+00  9.86636E-04  1.70097E-08  1.06960E-08  1.64201E-13  2.01214E-13
  3.700E+00  1.04219E-03  1.69789E-08  1.06913E-08  1.68365E-13  2.06735E-13
  3.800E+00  1.09927E-03  1.69473E-08  1.06864E-08  1.72498E-13  2.12251E-13
  3.900E+00  1.15786E-03  1.69149E-08  1.06814E-08  1.76598E-13  2.17761E-13
  4.000E+00  1.21797E-03  1.68818E-08  1.06762E-08  1.80665E-13  2.23265E-13
  4.100E+00  1.27961E-03  1.68479E-08  1.06709E-08  1.84698E-13  2.28763E-13
  4.200E+00  1.34276E-03  1.68132E-08  1.06655E-08  1.88696E-13  2.34256E-13
  4.300E+00  1.40743E-03  1.67778E-08  1.06600E-08  1.92660E-13  2.39741E-13
  4.400E+00  1.47362E-03  1.67417E-08  1.06544E-08  1.96587E-13  2.45221E-13
  4.500E+00  1.54133E-03  1.67048E-08  1.06486E-08  2.00478E-13  2.50694E-13
  4.600E+00  1.61056E-03  1.66672E-08  1.06427E-08  2.04331E-13  2.56160E-13
  4.700E+00  1.68131E-03  1.66289E-08  1.06367E-08  2.08147E-13  2.61619E-13
  4.800E+00  1.75357E-03  1.65899E-08  1.06305E-08  2.11924E-13  2.67071E-13
  4.900E+00  1.82735E-03  1.65502E-08  1.06242E-08  2.15662E-13  2.72517E-13
  5.000E+00  1.90265E-03  1.65098E-08  1.06178E-08  2.19360E-13  2.77955E-13
  5.100E+00  1.97947E-03  1.64687E-08  1.06113E-08  2.23017E-13  2.83385E-13
  5.200E+00  2.05780E-03  1.64269E-08  1.06046E-08  2.26634E-13  2.88808E-13
  5.300E+00  2.13765E-03  1.63844E-08  1.05978E-08  2.30209E-13  2.94223E-13
  5.400E+00  2.21902E-03  1.63413E-08  1.05909E-08  2.33742E-13  2.99631E-13
  5.500E+00  2.30190E-03  1.62975E-08  1.05839E-08  2.37232E-13  3.05030E-13
  5.600E+00  2.38630E-03  1.62530E-08  1.05768E-08  2.40679E-13  3.10422E-13
  5.700E+00  2.47222E-03  1.62079E-08  1.05695E-08  2.44081E-13  3.15805E-13
  5.800E+00  2.55965E-03  1.61622E-08  1.05621E-08  2.47440E-13  3.21180E-13
  5.900E+00  2.64859E-03  1.61158E-08  1.05546E-08  2.50754E-13  3.26546E-13
  6.000E+00  2.73905E-03  1.60688E-08  1.05469E-08  2.54022E-13  3.31904E-13
  6.100E+00  2.83103E-03  1.60212E-08  1.05392E-08  2.57244E-13  3.37252E-13
  6.200E+00  2.92452E-03  1.59729E-08  1.05313E-08  2.60420E-13  3.42592E-13
  6.300E+00  3.01952E-03  1.59241E-08  1.05233E-08  2.63550E-13  3.47923E-13
  6.400E+00  3.11604E-03  1.58747E-08  1.05152E-08  2.66632E-13  3.53245E-13
  6.500E+00  3.21407E-03  1.58247E-08  1.05069E-08  2.69666E-13  3.58557E-13
  6.600E+00  3.31362E-03  1.57741E-08  1.04986E-08  2.72652E-13  3.63860E-13
  6.700E+00  3.41468E-03  1.57229E-08  1.04901E-08  2.75589E-13  3.69154E-13
  6.800E+00  3.51725E-03  1.56712E-08  1.04815E-08  2.78477E-13  3.74437E-13
  6.900E+00  3.62133E-03  1.56189E-08  1.04727E-08  2.81316E-13  3.79711E-13
  7.000E+00  3.72692E-03  1.55661E-08  1.04639E-08  2.84105E-13  3.84975E-13
  7.100E+00  3.83403E-03  1.55127E-08  1.04549E-08  2.86844E-13  3.90229E-13
  7.200E+00  3.94265E-03  1.54588E-08  1.04459E-08  2.89533E-13  3.95472E-13
  7.300E+00  4.05278E-03  1.54044E-08  1.04367E-08  2.92170E-13  4.00706E-13
  7.400E+00  4.16442E-03  1.53494E-08  1.04274E-08  2.94756E-13  4.05928E-13
  7.500E+00  4.27757E-03  1.52940E-08  1.04179E-08  2.97291E-13  4.11140E-13
  7.600E+00  4.39223E-03  1.52380E-08  1.04084E-08  2.99774E-13  4.16342E-13
  7.700E+00  4.50840E-03  1.51816E-08  1.03987E-08  3.02204E-13  4.21532E-13
  7.800E+00  4.62608E-03  1.51247E-08  1.03890E-08  3.04582E-13  4.26712E-13
  7.900E+00  4.74527E-03  1.50673E-08  1.03791E-08  3.06908E-13  4.31880E-13
  8.000E+00  4.86597E-03  1.50095E-08  1.03691E-08  3.09180E-13  4.37037E-13
  8.100E+00  4.98817E-03  1.49512E-08  1.03589E-08  3.11399E-13  4.42183E-13
  8.200E+00  5.11188E-03  1.48924E-08  1.03487E-08  3.13564E-13  4.47318E-13
  8.300E+00  5.23711E-03  1.48332E-08  1.03384E-08  3.15676E-13  4.52440E-13
  8.400E+00  5.36383E-03  1.47736E-08  1.03279E-08  3.17734E-13  4.57551E-13
  8.500E+00  5.49207E-03  1.47135E-08  1.03173E-08  3.19738E-13  4.62651E-13
  8.600E+00  5.62181E-03  1.46531E-08  1.03066E-08  3.21687E-13  4.67738E-13
  8.700E+00  5.75306E-03  1.45922E-08  1.02958E-08  3.23581E-13  4.72813E-13
  8.800E+00  5.88581E-03  1.45309E-08  1.02849E-08  3.25421E-13  4.77876E-13
  8.900E+00  6.02007E-03  1.44693E-08  1.02739E-08  3.27206E-13  4.82927E-13
  9.000E+00  6.15583E-03  1.44072E-08  1.02628E-08  3.28936E-13  4.87965E-13
  9.100E+00  6.29310E-03  1.43448E-08  1.02516E-08  3.30611E-13  4.92991E-13
  9.200E+00  6.43187E-03  1.42820E-08  1.02402E-08  3.32230E-13  4.98004E-13
  9.300E+00  6.57214E-03  1.42189E-08  1.02287E-08  3.33794E-13  5.03005E-13
  9.400E+00  6.71392E-03  1.41554E-08  1.02172E-08  3.35302E-13  5.07992E-13
  9.500E+00  6.85720E-03  1.40916E-08  1.02055E-08  3.36755E-13  5.12967E-13
  9.600E+00  7.00198E-03  1.40275E-08  1.01937E-08  3.38152E-13  5.17928E-13
  9.700E+00  7.14827E-03  1.39630E-08  1.01818E-08  3.39493E-13  5.22876E-13
  9.800E+00  7.29605E-03  1.38982E-08  1.01698E-08  3.40778E-13  5.27811E-13
  9.900E+00  7.44534E-03  1.38331E-08  1.01577E-08  3.42007E-13  5.32733E-13
  1.000E+01  7.59612E-03  1.37677E-08  1.01455E-08  3.43180E-13  5.37641E-13
  1.025E+01  7.97965E-03  1.36030E-08  1.01146E-08  3.45868E-13  5.49851E-13
  1.050E+01  8.37255E-03  1.34365E-08  1.00829E-08  3.48205E-13  5.61974E-13
  1.075E+01  8.77480E-03  1.32685E-08  1.00507E-08  3.50192E-13  5.74009E-13
  1.100E+01  9.18641E-03  1.30991E-08  1.00178E-08  3.51829E-13  5.85953E-13
  1.125E+01  9.60736E-03  1.29283E-08  9.98423E-09  3.53117E-13  5.97806E-13
  1.150E+01  1.00376E-02  1.27563E-08  9.95008E-09  3.54057E-13  6.09566E-13
  1.175E+01  1.04773E-02  1.25832E-08  9.91533E-09  3.54651E-13  6.21231E-13
  1.200E+01  1.09262E-02  1.24092E-08  9.87997E-09  3.54900E-13  6.32800E-13
  1.225E+01  1.13844E-02  1.22342E-08  9.84402E-09  3.54806E-13  6.44272E-13
  1.250E+01  1.18520E-02  1.20586E-08  9.80749E-09  3.54373E-13  6.55645E-13
  1.275E+01  1.23288E-02  1.18823E-08  9.77038E-09  3.53602E-13  6.66917E-13
  1.300E+01  1.28150E-02  1.17054E-08  9.73270E-09  3.52497E-13  6.78088E-13
  1.325E+01  1.33104E-02  1.15281E-08  9.69447E-09  3.51061E-13  6.89157E-13
  1.350E+01  1.38150E-02  1.13505E-08  9.65569E-09  3.49297E-13  7.00121E-13
  1.375E+01  1.43290E-02  1.11727E-08  9.61636E-09  3.47209E-13  7.10980E-13
  1.400E+01  1.48521E-02  1.09947E-08  9.57651E-09  3.44801E-13  7.21732E-13
  1.425E+01  1.53845E-02  1.08166E-08  9.53613E-09  3.42077E-13  7.32377E-13
  1.450E+01  1.59262E-02  1.06386E-08  9.49525E-09  3.39042E-13  7.42914E-13
  1.475E+01  1.64770E-02  1.04608E-08  9.45385E-09  3.35699E-13  7.53341E-13
  1.500E+01  1.70371E-02  1.02831E-08  9.41197E-09  3.32053E-13  7.63657E-13
  1.525E+01  1.76063E-02  1.01057E-08  9.36959E-09  3.28110E-13  7.73861E-13
  1.550E+01  1.81848E-02  9.92874E-09  9.32675E-09  3.23873E-13  7.83952E-13
  1.575E+01  1.87724E-02  9.75219E-09  9.28343E-09  3.19349E-13  7.93931E-13
  1.600E+01  1.93692E-02  9.57617E-09  9.23966E-09  3.14542E-13  8.03794E-13
  1.625E+01  1.99751E-02  9.40073E-09  9.19545E-09  3.09457E-13  8.13542E-13
  1.650E+01  2.05901E-02  9.22596E-09  9.15079E-09  3.04100E-13  8.23175E-13
  1.675E+01  2.12143E-02  9.05192E-09  9.10571E-09  2.98477E-13  8.32690E-13
  1.700E+01  2.18476E-02  8.87866E-09  9.06020E-09  2.92592E-13  8.42088E-13
  1.725E+01  2.24900E-02  8.70625E-09  9.01429E-09  2.86451E-13  8.51367E-13
  1.750E+01  2.31415E-02  8.53474E-09  8.96798E-09  2.80060E-13  8.60528E-13
  1.775E+01  2.38021E-02  8.36420E-09  8.92128E-09  2.73425E-13  8.69569E-13
  1.800E+01  2.44717E-02  8.19467E-09  8.87419E-09  2.66551E-13  8.78489E-13
  1.825E+01  2.51504E-02  8.02620E-09  8.82674E-09  2.59444E-13  8.87289E-13
  1.850E+01  2.58382E-02  7.85883E-09  8.77892E-09  2.52109E-13  8.95968E-13
  1.875E+01  2.65349E-02  7.69262E-09  8.73076E-09  2.44553E-13  9.04525E-13
  1.900E+01  2.72407E-02  7.52761E-09  8.68225E-09  2.36781E-13  9.12959E-13
  1.925E+01  2.79555E-02  7.36384E-09  8.63340E-09  2.28800E-13  9.21271E-13
  1.950E+01  2.86793E-02  7.20134E-09  8.58423E-09  2.20613E-13  9.29460E-13
  1.975E+01  2.94120E-02  7.04014E-09  8.53475E-09  2.12229E-13  9.37526E-13
  2.000E+01  3.01537E-02  6.88030E-09  8.48497E-09  2.03651E-13  9.45467E-13
  2.025E+01  3.09043E-02  6.72183E-09  8.43489E-09  1.94886E-13  9.53285E-13
  2.050E+01  3.16639E-02  6.56476E-09  8.38452E-09  1.85940E-13  9.60979E-13
  2.075E+01  3.24324E-02  6.40913E-09  8.33388E-09  1.76818E-13  9.68548E-13
  2.100E+01  3.32098E-02  6.25495E-09  8.28297E-09  1.67526E-13  9.75992E-13
  2.125E+01  3.39961E-02  6.10226E-09  8.23180E-09  1.58069E-13  9.83311E-13
  2.150E+01  3.47912E-02  5.95107E-09  8.18038E-09  1.48452E-13  9.90506E-13
  2.175E+01  3.55952E-02  5.80141E-09  8.12872E-09  1.38682E-13  9.97575E-13
  2.200E+01  3.64081E-02  5.65329E-09  8.07684E-09  1.28764E-13  1.00452E-12
  2.225E+01  3.72297E-02  5.50673E-09  8.02473E-09  1.18702E-13  1.01134E-12
  2.250E+01  3.80602E-02  5.36175E-09  7.97241E-09  1.08503E-13  1.01803E-12
  2.275E+01  3.88995E-02  5.21836E-09  7.91989E-09  9.81715E-14  1.02460E-12
  2.300E+01  3.97476E-02  5.07657E-09  7.86717E-09  8.77124E-14  1.03104E-12
  2.325E+01  4.06044E-02  4.93639E-09  7.81426E-09  7.71310E-14  1.03736E-12
  2.350E+01  4.14700E-02  4.79783E-09  7.76118E-09  6.64324E-14  1.04356E-12
  2.375E+01  4.23443E-02  4.66091E-09  7.70794E-09  5.56214E-14  1.04962E-12
  2.400E+01  4.32273E-02  4.52563E-09  7.65453E-09  4.47030E-14  1.05557E-12
  2.425E+01  4.41190E-02  4.39198E-09  7.60097E-09  3.36819E-14  1.06139E-12
  2.450E+01  4.50194E-02  4.25999E-09  7.54727E-09  2.25630E-14  1.06708E-12
  2.475E+01  4.59284E-02  4.12965E-09  7.49344E-09  1.13507E-14  1.07265E-12
  2.500E+01  4.68461E-02  4.00096E-09  7.43948E-09  4.98020E-17  1.07810E-12
  2.550E+01  4.87074E-02  3.74856E-09  7.33122E-09 -2.28002E-14  1.08862E-12
  2.600E+01  5.06030E-02  3.50278E-09  7.22255E-09 -4.59520E-14  1.09866E-12
  2.650E+01  5.25328E-02  3.26362E-09  7.11355E-09 -6.93718E-14  1.10820E-12
  2.700E+01  5.44967E-02  3.03103E-09  7.00427E-09 -9.30270E-14  1.11726E-12
  2.750E+01  5.64946E-02  2.80499E-09  6.89477E-09 -1.16886E-13  1.12583E-12
  2.800E+01  5.85262E-02  2.58544E-09  6.78512E-09 -1.40920E-13  1.13393E-12
  2.850E+01  6.05914E-02  2.37232E-09  6.67537E-09 -1.65099E-13  1.14156E-12
  2.900E+01  6.26901E-02  2.16557E-09  6.56559E-09 -1.89396E-13  1.14871E-12
  2.950E+01  6.48222E-02  1.96510E-09  6.45582E-09 -2.13785E-13  1.15541E-12
  3.000E+01  6.69873E-02  1.77085E-09  6.34611E-09 -2.38240E-13  1.16164E-12
  3.050E+01  6.91854E-02  1.58271E-09  6.23653E-09 -2.62737E-13  1.16742E-12
  3.100E+01  7.14163E-02  1.40059E-09  6.12713E-09 -2.87255E-13  1.17275E-12
  3.150E+01  7.36799E-02  1.22439E-09  6.01794E-09 -3.11770E-13  1.17764E-12
  3.200E+01  7.59760E-02  1.05402E-09  5.90902E-09 -3.36262E-13  1.18209E-12
  3.250E+01  7.83043E-02  8.89365E-10  5.80042E-09 -3.60712E-13  1.18611E-12
  3.300E+01  8.06647E-02  7.30316E-10  5.69218E-09 -3.85101E-13  1.18971E-12
  3.350E+01  8.30571E-02  5.76762E-10  5.58434E-09 -4.09412E-13  1.19288E-12
  3.400E+01  8.54812E-02  4.28592E-10  5.47695E-09 -4.33627E-13  1.19565E-12
  3.450E+01  8.79369E-02  2.85692E-10  5.37004E-09 -4.57732E-13  1.19802E-12
  3.500E+01  9.04240E-02  1.47948E-10  5.26365E-09 -4.81710E-13  1.19999E-12
  3.550E+01  9.29422E-02  1.52421E-11  5.15782E-09 -5.05548E-13  1.20156E-12
  3.600E+01  9.54915E-02 -1.12540E-10  5.05258E-09 -5.29234E-13  1.20276E-12
  3.650E+01  9.80716E-02 -2.35513E-10  4.94797E-09 -5.52753E-13  1.20357E-12
  3.700E+01  1.00682E-01 -3.53794E-10  4.84402E-09 -5.76096E-13  1.20402E-12
  3.750E+01  1.03323E-01 -4.67497E-10  4.74076E-09 -5.99250E-13  1.20411E-12
  3.800E+01  1.05995E-01 -5.76737E-10  4.63822E-09 -6.22205E-13  1.20385E-12
  3.850E+01  1.08696E-01 -6.81627E-10  4.53643E-09 -6.44952E-13  1.20324E-12
  3.900E+01  1.11427E-01 -7.82279E-10  4.43540E-09 -6.67482E-13  1.20229E-12
  3.950E+01  1.14188E-01 -8.78805E-10  4.33518E-09 -6.89786E-13  1.20100E-12
  4.000E+01  1.16978E-01 -9.71313E-10  4.23578E-09 -7.11857E-13  1.19940E-12
  4.050E+01  1.19797E-01 -1.05991E-09  4.13722E-09 -7.33687E-13  1.19748E-12
  4.100E+01  1.22645E-01 -1.14471E-09  4.03953E-09 -7.55269E-13  1.19525E-12
  4.150E+01  1.25522E-01 -1.22581E-09  3.94272E-09 -7.76598E-13  1.19272E-12
  4.200E+01  1.28428E-01 -1.30332E-09  3.84681E-09 -7.97667E-13  1.18989E-12
  4.250E+01  1.31361E-01 -1.37734E-09  3.75182E-09 -8.18471E-13  1.18678E-12
  4.300E+01  1.34323E-01 -1.44796E-09  3.65777E-09 -8.39006E-13  1.18339E-12
  4.350E+01  1.37313E-01 -1.51529E-09  3.56467E-09 -8.59267E-13  1.17973E-12
  4.400E+01  1.40330E-01 -1.57942E-09  3.47253E-09 -8.79249E-13  1.17580E-12
  4.450E+01  1.43375E-01 -1.64045E-09  3.38137E-09 -8.98950E-13  1.17162E-12
  4.500E+01  1.46447E-01 -1.69847E-09  3.29120E-09 -9.18365E-13  1.16719E-12
  4.550E+01  1.49545E-01 -1.75357E-09  3.20203E-09 -9.37493E-13  1.16252E-12
  4.600E+01  1.52671E-01 -1.80583E-09  3.11387E-09 -9.56329E-13  1.15762E-12
  4.650E+01  1.55823E-01 -1.85535E-09  3.02672E-09 -9.74873E-13  1.15248E-12
  4.700E+01  1.59001E-01 -1.90221E-09  2.94060E-09 -9.93121E-13  1.14713E-12
  4.750E+01  1.62205E-01 -1.94648E-09  2.85552E-09 -1.01107E-12  1.14156E-12
  4.800E+01  1.65435E-01 -1.98826E-09  2.77146E-09 -1.02872E-12  1.13579E-12
  4.850E+01  1.68690E-01 -2.02762E-09  2.68845E-09 -1.04608E-12  1.12981E-12
  4.900E+01  1.71970E-01 -2.06464E-09  2.60649E-09 -1.06313E-12  1.12365E-12
  4.950E+01  1.75276E-01 -2.09938E-09  2.52558E-09 -1.07988E-12  1.11730E-12
  5.000E+01  1.78606E-01 -2.13193E-09  2.44572E-09 -1.09633E-12  1.11077E-12
  5.050E+01  1.81961E-01 -2.16236E-09  2.36691E-09 -1.11248E-12  1.10406E-12
  5.100E+01  1.85340E-01 -2.19073E-09  2.28916E-09 -1.12832E-12  1.09719E-12
  5.150E+01  1.88743E-01 -2.21712E-09  2.21247E-09 -1.14386E-12  1.09016E-12
  5.200E+01  1.92169E-01 -2.24158E-09  2.13683E-09 -1.15910E-12  1.08297E-12
  5.250E+01  1.95619E-01 -2.26419E-09  2.06224E-09 -1.17403E-12  1.07564E-12
  5.300E+01  1.99092E-01 -2.28500E-09  1.98871E-09 -1.18867E-12  1.06816E-12
  5.350E+01  2.02589E-01 -2.30408E-09  1.91624E-09 -1.20300E-12  1.06055E-12
  5.400E+01  2.06107E-01 -2.32148E-09  1.84481E-09 -1.21704E-12  1.05281E-12
  5.450E+01  2.09649E-01 -2.33727E-09  1.77442E-09 -1.23077E-12  1.04495E-12
  5.500E+01  2.13212E-01 -2.35150E-09  1.70508E-09 -1.24420E-12  1.03696E-12
  5.550E+01  2.16797E-01 -2.36421E-09  1.63678E-09 -1.25734E-12  1.02887E-12
  5.600E+01  2.20404E-01 -2.37548E-09  1.56951E-09 -1.27019E-12  1.02066E-12
  5.650E+01  2.24032E-01 -2.38534E-09  1.50327E-09 -1.28273E-12  1.01235E-12
  5.700E+01  2.27680E-01 -2.39385E-09  1.43805E-09 -1.29499E-12  1.00395E-12
  5.750E+01  2.31350E-01 -2.40106E-09  1.37386E-09 -1.30695E-12  9.95451E-13
  5.800E+01  2.35040E-01 -2.40701E-09  1.31067E-09 -1.31862E-12  9.86867E-13
  5.850E+01  2.38751E-01 -2.41175E-09  1.24849E-09 -1.33001E-12  9.78201E-13
  5.900E+01  2.42481E-01 -2.41532E-09  1.18731E-09 -1.34110E-12  9.69458E-13
  5.950E+01  2.46231E-01 -2.41777E-09  1.12712E-09 -1.35192E-12  9.60642E-13
  6.000E+01  2.50000E-01 -2.41914E-09  1.06791E-09 -1.36245E-12  9.51759E-13
  6.050E+01  2.53788E-01 -2.41947E-09  1.00968E-09 -1.37270E-12  9.42812E-13
  6.100E+01  2.57595E-01 -2.41881E-09  9.52423E-10 -1.38267E-12  9.33806E-13
  6.150E+01  2.61421E-01 -2.41718E-09  8.96123E-10 -1.39236E-12  9.24745E-13
  6.200E+01  2.65264E-01 -2.41462E-09  8.40775E-10 -1.40178E-12  9.15634E-13
  6.250E+01  2.69126E-01 -2.41118E-09  7.86371E-10 -1.41093E-12  9.06477E-13
  6.300E+01  2.73005E-01 -2.40689E-09  7.32902E-10 -1.41980E-12  8.97277E-13
  6.350E+01  2.76901E-01 -2.40177E-09  6.80359E-10 -1.42841E-12  8.88039E-13
  6.400E+01  2.80814E-01 -2.39587E-09  6.28733E-10 -1.43675E-12  8.78767E-13
  6.450E+01  2.84744E-01 -2.38922E-09  5.78014E-10 -1.44483E-12  8.69464E-13
  6.500E+01  2.88691E-01 -2.38185E-09  5.28194E-10 -1.45265E-12  8.60133E-13
  6.550E+01  2.92653E-01 -2.37378E-09  4.79262E-10 -1.46021E-12  8.50780E-13
  6.600E+01  2.96632E-01 -2.36505E-09  4.31209E-10 -1.46751E-12  8.41406E-13
  6.650E+01  3.00625E-01 -2.35569E-09  3.84024E-10 -1.47456E-12  8.32016E-13
  6.700E+01  3.04634E-01 -2.34572E-09  3.37700E-10 -1.48136E-12  8.22612E-13
  6.750E+01  3.08658E-01 -2.33517E-09  2.92224E-10 -1.48790E-12  8.13198E-13
  6.800E+01  3.12697E-01 -2.32407E-09  2.47588E-10 -1.49421E-12  8.03778E-13
  6.850E+01  3.16749E-01 -2.31244E-09  2.03781E-10 -1.50026E-12  7.94353E-13
  6.900E+01  3.20816E-01 -2.30030E-09  1.60794E-10 -1.50608E-12  7.84928E-13
  6.950E+01  3.24896E-01 -2.28768E-09  1.18615E-10 -1.51165E-12  7.75504E-13
  7.000E+01  3.28990E-01 -2.27460E-09  7.72347E-11 -1.51699E-12  7.66085E-13
  7.050E+01  3.33097E-01 -2.26109E-09  3.66430E-11 -1.52209E-12  7.56674E-13
  7.100E+01  3.37216E-01 -2.24716E-09 -3.17047E-12 -1.52697E-12  7.47273E-13
  7.150E+01  3.41348E-01 -2.23283E-09 -4.22160E-11 -1.53161E-12  7.37884E-13
  7.200E+01  3.45492E-01 -2.21814E-09 -8.05040E-11 -1.53602E-12  7.28511E-13
  7.250E+01  3.49647E-01 -2.20308E-09 -1.18045E-10 -1.54022E-12  7.19155E-13
  7.300E+01  3.53814E-01 -2.18769E-09 -1.54848E-10 -1.54418E-12  7.09820E-13
  7.350E+01  3.57992E-01 -2.17198E-09 -1.90925E-10 -1.54793E-12  7.00506E-13
  7.400E+01  3.62181E-01 -2.15598E-09 -2.26285E-10 -1.55147E-12  6.91217E-13
  7.450E+01  3.66381E-01 -2.13968E-09 -2.60938E-10 -1.55478E-12  6.81955E-13
  7.500E+01  3.70590E-01 -2.12312E-09 -2.94896E-10 -1.55789E-12  6.72721E-13
  7.550E+01  3.74810E-01 -2.10631E-09 -3.28167E-10 -1.56079E-12  6.63519E-13
  7.600E+01  3.79039E-01 -2.08926E-09 -3.60763E-10 -1.56347E-12  6.54348E-13
  7.650E+01  3.83277E-01 -2.07200E-09 -3.92693E-10 -1.56596E-12  6.45213E-13
  7.700E+01  3.87524E-01 -2.05452E-09 -4.23966E-10 -1.56824E-12  6.36114E-13
  7.750E+01  3.91780E-01 -2.03685E-09 -4.54594E-10 -1.57032E-12  6.27053E-13
  7.800E+01  3.96044E-01 -2.01900E-09 -4.84586E-10 -1.57220E-12  6.18032E-13
  7.850E+01  4.00316E-01 -2.00099E-09 -5.13952E-10 -1.57389E-12  6.09052E-13
  7.900E+01  4.04596E-01 -1.98282E-09 -5.42701E-10 -1.57539E-12  6.00115E-13
  7.950E+01  4.08882E-01 -1.96451E-09 -5.70843E-10 -1.57669E-12  5.91224E-13
  8.000E+01  4.13176E-01 -1.94606E-09 -5.98389E-10 -1.57781E-12  5.82378E-13
  8.050E+01  4.17476E-01 -1.92750E-09 -6.25347E-10 -1.57874E-12  5.73580E-13
  8.100E+01  4.21783E-01 -1.90883E-09 -6.51727E-10 -1.57948E-12  5.64830E-13
  8.150E+01  4.26095E-01 -1.89006E-09 -6.77538E-10 -1.58005E-12  5.56132E-13
  8.200E+01  4.30413E-01 -1.87121E-09 -7.02790E-10 -1.58044E-12  5.47484E-13
  8.250E+01  4.34737E-01 -1.85227E-09 -7.27492E-10 -1.58064E-12  5.38890E-13
  8.300E+01  4.39065E-01 -1.83327E-09 -7.51652E-10 -1.58068E-12  5.30349E-13
  8.350E+01  4.43398E-01 -1.81421E-09 -7.75281E-10 -1.58054E-12  5.21863E-13
  8.400E+01  4.47736E-01 -1.79509E-09 -7.98388E-10 -1.58023E-12  5.13434E-13
  8.450E+01  4.52077E-01 -1.77594E-09 -8.20980E-10 -1.57976E-12  5.05062E-13
  8.500E+01  4.56422E-01 -1.75675E-09 -8.43067E-10 -1.57911E-12  4.96748E-13
  8.550E+01  4.60770E-01 -1.73753E-09 -8.64657E-10 -1.57831E-12  4.88493E-13
  8.600E+01  4.65122E-01 -1.71829E-09 -8.85760E-10 -1.57734E-12  4.80299E-13
  8.650E+01  4.69476E-01 -1.69905E-09 -9.06383E-10 -1.57621E-12  4.72165E-13
  8.700E+01  4.73832E-01 -1.67979E-09 -9.26535E-10 -1.57492E-12  4.64093E-13
  8.750E+01  4.78190E-01 -1.66054E-09 -9.46225E-10 -1.57348E-12  4.56084E-13
  8.800E+01  4.82550E-01 -1.64130E-09 -9.65460E-10 -1.57189E-12  4.48138E-13
  8.850E+01  4.86912E-01 -1.62207E-09 -9.84249E-10 -1.57014E-12  4.40257E-13
  8.900E+01  4.91274E-01 -1.60286E-09 -1.00260E-09 -1.56825E-12  4.32440E-13
  8.950E+01  4.95637E-01 -1.58368E-09 -1.02052E-09 -1.56620E-12  4.24689E-13
  9.000E+01  5.00000E-01 -1.56453E-09 -1.03802E-09 -1.56401E-12  4.17003E-13
  9.050E+01  5.04363E-01 -1.54541E-09 -1.05510E-09 -1.56168E-12  4.09385E-13
  9.100E+01  5.08726E-01 -1.52634E-09 -1.07178E-09 -1.55921E-12  4.01834E-13
  9.150E+01  5.13088E-01 -1.50732E-09 -1.08806E-09 -1.55659E-12  3.94350E-13
  9.200E+01  5.17450E-01 -1.48834E-09 -1.10394E-09 -1.55384E-12  3.86935E-13
  9.250E+01  5.21810E-01 -1.46942E-09 -1.11944E-09 -1.55095E-12  3.79588E-13
  9.300E+01  5.26168E-01 -1.45057E-09 -1.13456E-09 -1.54793E-12  3.72311E-13
  9.350E+01  5.30524E-01 -1.43177E-09 -1.14931E-09 -1.54477E-12  3.65103E-13
  9.400E+01  5.34878E-01 -1.41305E-09 -1.16370E-09 -1.54149E-12  3.57966E-13
  9.450E+01  5.39230E-01 -1.39439E-09 -1.17773E-09 -1.53807E-12  3.50898E-13
  9.500E+01  5.43578E-01 -1.37582E-09 -1.19142E-09 -1.53453E-12  3.43901E-13
  9.550E+01  5.47923E-01 -1.35732E-09 -1.20476E-09 -1.53086E-12  3.36976E-13
  9.600E+01  5.52264E-01 -1.33890E-09 -1.21776E-09 -1.52707E-12  3.30121E-13
  9.650E+01  5.56602E-01 -1.32057E-09 -1.23043E-09 -1.52316E-12  3.23338E-13
  9.700E+01  5.60935E-01 -1.30232E-09 -1.24279E-09 -1.51912E-12  3.16627E-13
  9.750E+01  5.65263E-01 -1.28417E-09 -1.25482E-09 -1.51497E-12  3.09987E-13
  9.800E+01  5.69587E-01 -1.26611E-09 -1.26654E-09 -1.51070E-12  3.03420E-13
  9.850E+01  5.73905E-01 -1.24815E-09 -1.27796E-09 -1.50631E-12  2.96925E-13
  9.900E+01  5.78217E-01 -1.23029E-09 -1.28908E-09 -1.50181E-12  2.90502E-13
  9.950E+01  5.82524E-01 -1.21252E-09 -1.29991E-09 -1.49720E-12  2.84152E-13
  1.000E+02  5.86824E-01 -1.19487E-09 -1.31046E-09 -1.49247E-12  2.77875E-13
  1.005E+02  5.91118E-01 -1.17731E-09 -1.32072E-09 -1.48764E-12  2.71670E-13
  1.010E+02  5.95404E-01 -1.15987E-09 -1.33070E-09 -1.48270E-12  2.65538E-13
  1.015E+02  5.99684E-01 -1.14253E-09 -1.34042E-09 -1.47765E-12  2.59479E-13
  1.020E+02  6.03956E-01 -1.12530E-09 -1.34988E-09 -1.47250E-12  2.53493E-13
  1.025E+02  6.08220E-01 -1.10819E-09 -1.35907E-09 -1.46725E-12  2.47580E-13
  1.030E+02  6.12476E-01 -1.09119E-09 -1.36802E-09 -1.46189E-12  2.41739E-13
  1.035E+02  6.16723E-01 -1.07431E-09 -1.37671E-09 -1.45643E-12  2.35972E-13
  1.040E+02  6.20961E-01 -1.05755E-09 -1.38517E-09 -1.45087E-12  2.30277E-13
  1.045E+02  6.25190E-01 -1.04090E-09 -1.39338E-09 -1.44522E-12  2.24655E-13
  1.050E+02  6.29410E-01 -1.02437E-09 -1.40137E-09 -1.43947E-12  2.19106E-13
  1.055E+02  6.33619E-01 -1.00797E-09 -1.40912E-09 -1.43362E-12  2.13629E-13
  1.060E+02  6.37819E-01 -9.91684E-10 -1.41666E-09 -1.42768E-12  2.08225E-13
  1.065E+02  6.42008E-01 -9.75524E-10 -1.42397E-09 -1.42164E-12  2.02893E-13
  1.070E+02  6.46186E-01 -9.59487E-10 -1.43108E-09 -1.41552E-12  1.97633E-13
  1.075E+02  6.50353E-01 -9.43576E-10 -1.43797E-09 -1.40931E-12  1.92446E-13
  1.080E+02  6.54508E-01 -9.27790E-10 -1.44466E-09 -1.40300E-12  1.87330E-13
  1.085E+02  6.58652E-01 -9.12131E-10 -1.45115E-09 -1.39661E-12  1.82286E-13
  1.090E+02  6.62784E-01 -8.96599E-10 -1.45745E-09 -1.39014E-12  1.77314E-13
  1.095E+02  6.66903E-01 -8.81194E-10 -1.46356E-09 -1.38358E-12  1.72414E-13
  1.100E+02  6.71010E-01 -8.65918E-10 -1.46948E-09 -1.37693E-12  1.67584E-13
  1.105E+02  6.75104E-01 -8.50771E-10 -1.47522E-09 -1.37020E-12  1.62826E-13
  1.110E+02  6.79184E-01 -8.35753E-10 -1.48078E-09 -1.36340E-12  1.58138E-13
  1.115E+02  6.83251E-01 -8.20864E-10 -1.48616E-09 -1.35651E-12  1.53521E-13
  1.120E+02  6.87303E-01 -8.06106E-10 -1.49138E-09 -1.34954E-12  1.48975E-13
  1.125E+02  6.91342E-01 -7.91477E-10 -1.49643E-09 -1.34249E-12  1.44498E-13
  1.130E+02  6.95366E-01 -7.76980E-10 -1.50131E-09 -1.33537E-12  1.40091E-13
  1.135E+02  6.99375E-01 -7.62613E-10 -1.50604E-09 -1.32817E-12  1.35754E-13
  1.140E+02  7.03368E-01 -7.48377E-10 -1.51061E-09 -1.32090E-12  1.31486E-13
  1.145E+02  7.07347E-01 -7.34272E-10 -1.51503E-09 -1.31355E-12  1.27287E-13
  1.150E+02  7.11309E-01 -7.20298E-10 -1.51931E-09 -1.30613E-12  1.23156E-13
  1.155E+02  7.15256E-01 -7.06456E-10 -1.52344E-09 -1.29864E-12  1.19094E-13
  1.160E+02  7.19186E-01 -6.92744E-10 -1.52743E-09 -1.29108E-12  1.15100E-13
  1.165E+02  7.23099E-01 -6.79164E-10 -1.53128E-09 -1.28345E-12  1.11174E-13
  1.170E+02  7.26995E-01 -6.65716E-10 -1.53499E-09 -1.27575E-12  1.07315E-13
  1.175E+02  7.30874E-01 -6.52398E-10 -1.53858E-09 -1.26799E-12  1.03523E-13
  1.180E+02  7.34736E-01 -6.39211E-10 -1.54204E-09 -1.26015E-12  9.97982E-14
  1.185E+02  7.38579E-01 -6.26156E-10 -1.54537E-09 -1.25226E-12  9.61394E-14
  1.190E+02  7.42405E-01 -6.13231E-10 -1.54858E-09 -1.24429E-12  9.25466E-14
  1.195E+02  7.46212E-01 -6.00437E-10 -1.55167E-09 -1.23627E-12  8.90194E-14
  1.200E+02  7.50000E-01 -5.87773E-10 -1.55465E-09 -1.22818E-12  8.55574E-14
  1.205E+02  7.53769E-01 -5.75239E-10 -1.55751E-09 -1.22003E-12  8.21603E-14
  1.210E+02  7.57519E-01 -5.62835E-10 -1.56027E-09 -1.21182E-12  7.88277E-14
  1.215E+02  7.61249E-01 -5.50561E-10 -1.56291E-09 -1.20354E-12  7.55592E-14
  1.220E+02  7.64960E-01 -5.38416E-10 -1.56545E-09 -1.19521E-12  7.23543E-14
  1.225E+02  7.68650E-01 -5.26401E-10 -1.56790E-09 -1.18683E-12  6.92128E-14
  1.230E+02  7.72320E-01 -5.14514E-10 -1.57024E-09 -1.17838E-12  6.61341E-14
  1.235E+02  7.75968E-01 -5.02755E-10 -1.57248E-09 -1.16988E-12  6.31179E-14
  1.240E+02  7.79596E-01 -4.91125E-10 -1.57463E-09 -1.16132E-12  6.01638E-14
  1.245E+02  7.83203E-01 -4.79622E-10 -1.57669E-09 -1.15271E-12  5.72712E-14
  1.250E+02  7.86788E-01 -4.68247E-10 -1.57866E-09 -1.14404E-12  5.44399E-14
  1.255E+02  7.90351E-01 -4.56998E-10 -1.58055E-09 -1.13532E-12  5.16693E-14
  1.260E+02  7.93893E-01 -4.45876E-10 -1.58235E-09 -1.12655E-12  4.89591E-14
  1.265E+02  7.97411E-01 -4.34880E-10 -1.58406E-09 -1.11773E-12  4.63087E-14
  1.270E+02  8.00908E-01 -4.24010E-10 -1.58570E-09 -1.10885E-12  4.37178E-14
  1.275E+02  8.04381E-01 -4.13264E-10 -1.58726E-09 -1.09993E-12  4.11858E-14
  1.280E+02  8.07831E-01 -4.02644E-10 -1.58875E-09 -1.09095E-12  3.87124E-14
  1.285E+02  8.11257E-01 -3.92148E-10 -1.59016E-09 -1.08193E-12  3.62970E-14
  1.290E+02  8.14660E-01 -3.81775E-10 -1.59150E-09 -1.07286E-12  3.39392E-14
  1.295E+02  8.18039E-01 -3.71526E-10 -1.59277E-09 -1.06374E-12  3.16386E-14
  1.300E+02  8.21394E-01 -3.61400E-10 -1.59398E-09 -1.05458E-12  2.93946E-14
  1.305E+02  8.24724E-01 -3.51396E-10 -1.59512E-09 -1.04537E-12  2.72068E-14
  1.310E+02  8.28030E-01 -3.41514E-10 -1.59619E-09 -1.03612E-12  2.50747E-14
  1.315E+02  8.31310E-01 -3.31754E-10 -1.59721E-09 -1.02682E-12  2.29978E-14
  1.320E+02  8.34565E-01 -3.22114E-10 -1.59817E-09 -1.01748E-12  2.09757E-14
  1.325E+02  8.37795E-01 -3.12594E-10 -1.59906E-09 -1.00809E-12  1.90078E-14
  1.330E+02  8.40999E-01 -3.03195E-10 -1.59991E-09 -9.98665E-13  1.70937E-14
  1.335E+02  8.44177E-01 -2.93914E-10 -1.60070E-09 -9.89197E-13  1.52329E-14
  1.340E+02  8.47329E-01 -2.84753E-10 -1.60143E-09 -9.79688E-13  1.34248E-14
  1.345E+02  8.50455E-01 -2.75710E-10 -1.60212E-09 -9.70139E-13  1.16690E-14
  1.350E+02  8.53553E-01 -2.66784E-10 -1.60276E-09 -9.60550E-13  9.96494E-15
  1.355E+02  8.56625E-01 -2.57976E-10 -1.60335E-09 -9.50923E-13  8.31216E-15
  1.360E+02  8.59670E-01 -2.49284E-10 -1.60389E-09 -9.41257E-13  6.71012E-15
  1.365E+02  8.62687E-01 -2.40708E-10 -1.60439E-09 -9.31553E-13  5.15832E-15
  1.370E+02  8.65677E-01 -2.32248E-10 -1.60485E-09 -9.21813E-13  3.65625E-15
  1.375E+02  8.68639E-01 -2.23904E-10 -1.60527E-09 -9.12035E-13  2.20339E-15
  1.380E+02  8.71572E-01 -2.15673E-10 -1.60564E-09 -9.02223E-13  7.99215E-16
  1.385E+02  8.74478E-01 -2.07557E-10 -1.60598E-09 -8.92374E-13 -5.56791E-16
  1.390E+02  8.77355E-01 -1.99554E-10 -1.60628E-09 -8.82492E-13 -1.86515E-15
  1.395E+02  8.80203E-01 -1.91664E-10 -1.60655E-09 -8.72575E-13 -3.12639E-15
  1.400E+02  8.83022E-01 -1.83887E-10 -1.60678E-09 -8.62624E-13 -4.34104E-15
  1.405E+02  8.85812E-01 -1.76222E-10 -1.60698E-09 -8.52641E-13 -5.50963E-15
  1.410E+02  8.88573E-01 -1.68668E-10 -1.60715E-09 -8.42625E-13 -6.63269E-15
  1.415E+02  8.91304E-01 -1.61225E-10 -1.60729E-09 -8.32578E-13 -7.71076E-15
  1.420E+02  8.94005E-01 -1.53892E-10 -1.60739E-09 -8.22499E-13 -8.74436E-15
  1.425E+02  8.96677E-01 -1.46669E-10 -1.60747E-09 -8.12389E-13 -9.73404E-15
  1.430E+02  8.99318E-01 -1.39555E-10 -1.60753E-09 -8.02249E-13 -1.06803E-14
  1.435E+02  9.01928E-01 -1.32551E-10 -1.60756E-09 -7.92080E-13 -1.15838E-14
  1.440E+02  9.04508E-01 -1.25654E-10 -1.60756E-09 -7.81881E-13 -1.24450E-14
  1.445E+02  9.07058E-01 -1.18866E-10 -1.60754E-09 -7.71654E-13 -1.32644E-14
  1.450E+02  9.09576E-01 -1.12185E-10 -1.60750E-09 -7.61399E-13 -1.40426E-14
  1.455E+02  9.12063E-01 -1.05610E-10 -1.60744E-09 -7.51116E-13 -1.47801E-14
  1.460E+02  9.14519E-01 -9.91423E-11 -1.60735E-09 -7.40806E-13 -1.54776E-14
  1.465E+02  9.16943E-01 -9.27802E-11 -1.60725E-09 -7.30469E-13 -1.61354E-14
  1.470E+02  9.19335E-01 -8.65234E-11 -1.60713E-09 -7.20107E-13 -1.67543E-14
  1.475E+02  9.21696E-01 -8.03716E-11 -1.60700E-09 -7.09719E-13 -1.73348E-14
  1.480E+02  9.24024E-01 -7.43243E-11 -1.60684E-09 -6.99305E-13 -1.78773E-14
  1.485E+02  9.26320E-01 -6.83809E-11 -1.60667E-09 -6.88867E-13 -1.83825E-14
  1.490E+02  9.28584E-01 -6.25410E-11 -1.60649E-09 -6.78405E-13 -1.88509E-14
  1.495E+02  9.30815E-01 -5.68043E-11 -1.60629E-09 -6.67919E-13 -1.92831E-14
  1.500E+02  9.33013E-01 -5.11701E-11 -1.60609E-09 -6.57410E-13 -1.96797E-14
  1.505E+02  9.35178E-01 -4.56382E-11 -1.60586E-09 -6.46878E-13 -2.00411E-14
  1.510E+02  9.37310E-01 -4.02079E-11 -1.60563E-09 -6.36324E-13 -2.03681E-14
  1.515E+02  9.39409E-01 -3.48790E-11 -1.60539E-09 -6.25748E-13 -2.06610E-14
  1.520E+02  9.41474E-01 -2.96510E-11 -1.60514E-09 -6.15150E-13 -2.09206E-14
  1.525E+02  9.43505E-01 -2.45234E-11 -1.60488E-09 -6.04532E-13 -2.11473E-14
  1.530E+02  9.45503E-01 -1.94959E-11 -1.60461E-09 -5.93893E-13 -2.13418E-14
  1.535E+02  9.47467E-01 -1.45681E-11 -1.60434E-09 -5.83234E-13 -2.15045E-14
  1.540E+02  9.49397E-01 -9.73947E-12 -1.60406E-09 -5.72555E-13 -2.16362E-14
  1.545E+02  9.51293E-01 -5.00971E-12 -1.60377E-09 -5.61857E-13 -2.17373E-14
  1.550E+02  9.53154E-01 -3.78409E-13 -1.60348E-09 -5.51141E-13 -2.18084E-14
  1.555E+02  9.54981E-01  4.15481E-12 -1.60318E-09 -5.40406E-13 -2.18501E-14
  1.560E+02  9.56773E-01  8.59032E-12 -1.60288E-09 -5.29653E-13 -2.18629E-14
  1.565E+02  9.58530E-01  1.29285E-11 -1.60258E-09 -5.18882E-13 -2.18475E-14
  1.570E+02  9.60252E-01  1.71697E-11 -1.60228E-09 -5.08095E-13 -2.18044E-14
  1.575E+02  9.61940E-01  2.13142E-11 -1.60197E-09 -4.97290E-13 -2.17343E-14
  1.580E+02  9.63592E-01  2.53625E-11 -1.60166E-09 -4.86470E-13 -2.16376E-14
  1.585E+02  9.65209E-01  2.93149E-11 -1.60135E-09 -4.75633E-13 -2.15149E-14
  1.590E+02  9.66790E-01  3.31716E-11 -1.60104E-09 -4.64781E-13 -2.13669E-14
  1.595E+02  9.68336E-01  3.69331E-11 -1.60073E-09 -4.53914E-13 -2.11940E-14
  1.600E+02  9.69846E-01  4.05997E-11 -1.60042E-09 -4.43033E-13 -2.09970E-14
  1.605E+02  9.71321E-01  4.41715E-11 -1.60012E-09 -4.32137E-13 -2.07763E-14
  1.610E+02  9.72759E-01  4.76491E-11 -1.59981E-09 -4.21227E-13 -2.05326E-14
  1.615E+02  9.74162E-01  5.10326E-11 -1.59951E-09 -4.10303E-13 -2.02664E-14
  1.620E+02  9.75528E-01  5.43224E-11 -1.59921E-09 -3.99367E-13 -1.99784E-14
  1.625E+02  9.76858E-01  5.75187E-11 -1.59891E-09 -3.88418E-13 -1.96690E-14
  1.630E+02  9.78152E-01  6.06218E-11 -1.59862E-09 -3.77456E-13 -1.93390E-14
  1.635E+02  9.79410E-01  6.36320E-11 -1.59833E-09 -3.66482E-13 -1.89888E-14
  1.640E+02  9.80631E-01  6.65495E-11 -1.59805E-09 -3.55497E-13 -1.86191E-14
  1.645E+02  9.81815E-01  6.93746E-11 -1.59777E-09 -3.44501E-13 -1.82304E-14
  1.650E+02  9.82963E-01  7.21075E-11 -1.59749E-09 -3.33493E-13 -1.78233E-14
  1.655E+02  9.84074E-01  7.47486E-11 -1.59722E-09 -3.22475E-13 -1.73985E-14
  1.660E+02  9.85148E-01  7.72979E-11 -1.59696E-09 -3.11447E-13 -1.69565E-14
  1.665E+02  9.86185E-01  7.97558E-11 -1.59671E-09 -3.00410E-13 -1.64979E-14
  1.670E+02  9.87185E-01  8.21224E-11 -1.59646E-09 -2.89363E-13 -1.60233E-14
  1.675E+02  9.88148E-01  8.43979E-11 -1.59621E-09 -2.78306E-13 -1.55332E-14
  1.680E+02  9.89074E-01  8.65827E-11 -1.59598E-09 -2.67242E-13 -1.50283E-14
  1.685E+02  9.89962E-01  8.86767E-11 -1.59575E-09 -2.56168E-13 -1.45092E-14
  1.690E+02  9.90814E-01  9.06803E-11 -1.59553E-09 -2.45087E-13 -1.39764E-14
  1.695E+02  9.91627E-01  9.25936E-11 -1.59531E-09 -2.33999E-13 -1.34305E-14
  1.700E+02  9.92404E-01  9.44168E-11 -1.59511E-09 -2.22903E-13 -1.28722E-14
  1.705E+02  9.93143E-01  9.61500E-11 -1.59491E-09 -2.11800E-13 -1.23020E-14
  1.710E+02  9.93844E-01  9.77934E-11 -1.59473E-09 -2.00691E-13 -1.17205E-14
  1.715E+02  9.94508E-01  9.93472E-11 -1.59455E-09 -1.89575E-13 -1.11283E-14
  1.720E+02  9.95134E-01  1.00811E-10 -1.59438E-09 -1.78454E-13 -1.05261E-14
  1.725E+02  9.95722E-01  1.02186E-10 -1.59422E-09 -1.67327E-13 -9.91426E-15
  1.730E+02  9.96273E-01  1.03472E-10 -1.59407E-09 -1.56195E-13 -9.29355E-15
  1.735E+02  9.96786E-01  1.04668E-10 -1.59393E-09 -1.45058E-13 -8.66452E-15
  1.740E+02  9.97261E-01  1.05776E-10 -1.59380E-09 -1.33917E-13 -8.02776E-15
  1.745E+02  9.97698E-01  1.06794E-10 -1.59368E-09 -1.22771E-13 -7.38386E-15
  1.750E+02  9.98097E-01  1.07723E-10 -1.59357E-09 -1.11622E-13 -6.73342E-15
  1.755E+02  9.98459E-01  1.08564E-10 -1.59347E-09 -1.00470E-13 -6.07703E-15
  1.760E+02  9.98782E-01  1.09316E-10 -1.59338E-09 -8.93142E-14 -5.41529E-15
  1.765E+02  9.99067E-01  1.09980E-10 -1.59330E-09 -7.81559E-14 -4.74879E-15
  1.770E+02  9.99315E-01  1.10555E-10 -1.59323E-09 -6.69952E-14 -4.07813E-15
  1.775E+02  9.99524E-01  1.11041E-10 -1.59317E-09 -5.58324E-14 -3.40389E-15
  1.780E+02  9.99695E-01  1.11439E-10 -1.59312E-09 -4.46680E-14 -2.72668E-15
  1.785E+02  9.99829E-01  1.11748E-10 -1.59308E-09 -3.35022E-14 -2.04709E-15
  1.790E+02  9.99924E-01  1.11969E-10 -1.59305E-09 -2.23354E-14 -1.36572E-15
  1.795E+02  9.99981E-01  1.12102E-10 -1.59304E-09 -1.11678E-14 -6.83158E-16
  1.800E+02  1.00000E+00  1.12146E-10 -1.59303E-09 -1.56724E-28 -9.58844E-30
