 #  Scattering amplitudes (in cm)      MU=(1-cos(TH))/2
 #  Z =   8,   projectile: electron
 #  Kinetic energy = 2.46000E+02 eV
 #
 # TH (deg)      MU          Re(F)        Im(F)        Re(G)        Im(G)
 #--------------------------------------------------------------------------
  0.000E+00  0.00000E+00  1.26501E-08  9.15598E-09  0.00000E+00  0.00000E+00
  1.000E-04  7.61557E-13  1.26501E-08  9.15598E-09  2.58443E-18  5.65341E-18
  1.250E-04  1.18994E-12  1.26501E-08  9.15598E-09  3.23053E-18  7.06676E-18
  1.500E-04  1.71346E-12  1.26501E-08  9.15598E-09  3.87664E-18  8.48011E-18
  1.750E-04  2.33225E-12  1.26501E-08  9.15598E-09  4.52275E-18  9.89346E-18
  2.000E-04  3.04617E-12  1.26501E-08  9.15598E-09  5.16885E-18  1.13068E-17
  2.250E-04  3.85530E-12  1.26501E-08  9.15598E-09  5.81496E-18  1.27202E-17
  2.500E-04  4.75964E-12  1.26501E-08  9.15598E-09  6.46107E-18  1.41335E-17
  2.750E-04  5.75917E-12  1.26501E-08  9.15598E-09  7.10717E-18  1.55469E-17
  3.000E-04  6.85391E-12  1.26501E-08  9.15598E-09  7.75328E-18  1.69602E-17
  3.250E-04  8.04379E-12  1.26501E-08  9.15598E-09  8.39938E-18  1.83736E-17
  3.500E-04  9.32893E-12  1.26501E-08  9.15598E-09  9.04549E-18  1.97869E-17
  3.750E-04  1.07092E-11  1.26501E-08  9.15598E-09  9.69160E-18  2.12003E-17
  4.000E-04  1.21847E-11  1.26501E-08  9.15598E-09  1.03377E-17  2.26136E-17
  4.250E-04  1.37554E-11  1.26501E-08  9.15598E-09  1.09838E-17  2.40270E-17
  4.500E-04  1.54213E-11  1.26501E-08  9.15598E-09  1.16299E-17  2.54403E-17
  4.750E-04  1.71823E-11  1.26501E-08  9.15598E-09  1.22760E-17  2.68537E-17
  5.000E-04  1.90386E-11  1.26501E-08  9.15598E-09  1.29221E-17  2.82670E-17
  5.250E-04  2.09900E-11  1.26501E-08  9.15598E-09  1.35682E-17  2.96804E-17
  5.500E-04  2.30367E-11  1.26501E-08  9.15598E-09  1.42143E-17  3.10937E-17
  5.750E-04  2.51785E-11  1.26501E-08  9.15598E-09  1.48604E-17  3.25071E-17
  6.000E-04  2.74156E-11  1.26501E-08  9.15598E-09  1.55066E-17  3.39205E-17
  6.250E-04  2.97478E-11  1.26501E-08  9.15598E-09  1.61527E-17  3.53338E-17
  6.500E-04  3.21752E-11  1.26501E-08  9.15598E-09  1.67988E-17  3.67472E-17
  6.750E-04  3.46979E-11  1.26501E-08  9.15598E-09  1.74449E-17  3.81605E-17
  7.000E-04  3.73157E-11  1.26501E-08  9.15598E-09  1.80910E-17  3.95739E-17
  7.250E-04  4.00286E-11  1.26501E-08  9.15598E-09  1.87371E-17  4.09872E-17
  7.500E-04  4.28368E-11  1.26501E-08  9.15598E-09  1.93832E-17  4.24006E-17
  7.750E-04  4.57402E-11  1.26501E-08  9.15598E-09  2.00293E-17  4.38139E-17
  8.000E-04  4.87388E-11  1.26501E-08  9.15598E-09  2.06754E-17  4.52273E-17
  8.250E-04  5.18325E-11  1.26501E-08  9.15598E-09  2.13215E-17  4.66406E-17
  8.500E-04  5.50215E-11  1.26501E-08  9.15598E-09  2.19676E-17  4.80540E-17
  8.750E-04  5.83057E-11  1.26501E-08  9.15598E-09  2.26137E-17  4.94673E-17
  9.000E-04  6.16850E-11  1.26501E-08  9.15598E-09  2.32598E-17  5.08807E-17
  9.250E-04  6.51595E-11  1.26501E-08  9.15598E-09  2.39059E-17  5.22940E-17
  9.500E-04  6.87293E-11  1.26501E-08  9.15598E-09  2.45520E-17  5.37074E-17
  9.750E-04  7.23943E-11  1.26501E-08  9.15598E-09  2.51982E-17  5.51207E-17
  1.000E-03  7.61544E-11  1.26501E-08  9.15598E-09  2.58443E-17  5.65341E-17
  1.250E-03  1.18991E-10  1.26501E-08  9.15598E-09  3.23053E-17  7.06676E-17
  1.500E-03  1.71347E-10  1.26501E-08  9.15598E-09  3.87664E-17  8.48011E-17
  1.750E-03  2.33223E-10  1.26501E-08  9.15598E-09  4.52275E-17  9.89346E-17
  2.000E-03  3.04617E-10  1.26501E-08  9.15598E-09  5.16885E-17  1.13068E-16
  2.250E-03  3.85531E-10  1.26501E-08  9.15598E-09  5.81496E-17  1.27202E-16
  2.500E-03  4.75965E-10  1.26501E-08  9.15598E-09  6.46106E-17  1.41335E-16
  2.750E-03  5.75917E-10  1.26501E-08  9.15598E-09  7.10717E-17  1.55469E-16
  3.000E-03  6.85389E-10  1.26501E-08  9.15598E-09  7.75328E-17  1.69602E-16
  3.250E-03  8.04380E-10  1.26501E-08  9.15598E-09  8.39938E-17  1.83736E-16
  3.500E-03  9.32891E-10  1.26501E-08  9.15598E-09  9.04549E-17  1.97869E-16
  3.750E-03  1.07092E-09  1.26501E-08  9.15598E-09  9.69160E-17  2.12003E-16
  4.000E-03  1.21847E-09  1.26501E-08  9.15598E-09  1.03377E-16  2.26136E-16
  4.250E-03  1.37554E-09  1.26501E-08  9.15598E-09  1.09838E-16  2.40270E-16
  4.500E-03  1.54213E-09  1.26501E-08  9.15598E-09  1.16299E-16  2.54403E-16
  4.750E-03  1.71823E-09  1.26501E-08  9.15598E-09  1.22760E-16  2.68537E-16
  5.000E-03  1.90386E-09  1.26501E-08  9.15598E-09  1.29221E-16  2.82670E-16
  5.250E-03  2.09900E-09  1.26501E-08  9.15598E-09  1.35682E-16  2.96804E-16
  5.500E-03  2.30367E-09  1.26501E-08  9.15598E-09  1.42143E-16  3.10937E-16
  5.750E-03  2.51785E-09  1.26501E-08  9.15598E-09  1.48604E-16  3.25071E-16
  6.000E-03  2.74156E-09  1.26501E-08  9.15598E-09  1.55066E-16  3.39205E-16
  6.250E-03  2.97478E-09  1.26501E-08  9.15598E-09  1.61527E-16  3.53338E-16
  6.500E-03  3.21752E-09  1.26501E-08  9.15598E-09  1.67988E-16  3.67472E-16
  6.750E-03  3.46978E-09  1.26501E-08  9.15598E-09  1.74449E-16  3.81605E-16
  7.000E-03  3.73156E-09  1.26501E-08  9.15598E-09  1.80910E-16  3.95739E-16
  7.250E-03  4.00286E-09  1.26501E-08  9.15598E-09  1.87371E-16  4.09872E-16
  7.500E-03  4.28368E-09  1.26501E-08  9.15598E-09  1.93832E-16  4.24006E-16
  7.750E-03  4.57402E-09  1.26501E-08  9.15598E-09  2.00293E-16  4.38139E-16
  8.000E-03  4.87388E-09  1.26501E-08  9.15598E-09  2.06754E-16  4.52273E-16
  8.250E-03  5.18326E-09  1.26501E-08  9.15598E-09  2.13215E-16  4.66406E-16
  8.500E-03  5.50215E-09  1.26501E-08  9.15598E-09  2.19676E-16  4.80540E-16
  8.750E-03  5.83057E-09  1.26501E-08  9.15598E-09  2.26137E-16  4.94673E-16
  9.000E-03  6.16850E-09  1.26501E-08  9.15598E-09  2.32598E-16  5.08807E-16
  9.250E-03  6.51596E-09  1.26501E-08  9.15598E-09  2.39059E-16  5.22940E-16
  9.500E-03  6.87293E-09  1.26501E-08  9.15598E-09  2.45520E-16  5.37074E-16
  9.750E-03  7.23942E-09  1.26501E-08  9.15598E-09  2.51981E-16  5.51207E-16
  1.000E-02  7.61544E-09  1.26501E-08  9.15598E-09  2.58442E-16  5.65341E-16
  1.250E-02  1.18991E-08  1.26501E-08  9.15598E-09  3.23053E-16  7.06676E-16
  1.500E-02  1.71347E-08  1.26501E-08  9.15597E-09  3.87664E-16  8.48011E-16
  1.750E-02  2.33223E-08  1.26501E-08  9.15597E-09  4.52274E-16  9.89346E-16
  2.000E-02  3.04617E-08  1.26501E-08  9.15597E-09  5.16884E-16  1.13068E-15
  2.250E-02  3.85531E-08  1.26501E-08  9.15597E-09  5.81495E-16  1.27202E-15
  2.500E-02  4.75965E-08  1.26501E-08  9.15597E-09  6.46105E-16  1.41335E-15
  2.750E-02  5.75917E-08  1.26501E-08  9.15597E-09  7.10715E-16  1.55469E-15
  3.000E-02  6.85389E-08  1.26501E-08  9.15597E-09  7.75325E-16  1.69602E-15
  3.250E-02  8.04380E-08  1.26501E-08  9.15597E-09  8.39934E-16  1.83736E-15
  3.500E-02  9.32891E-08  1.26501E-08  9.15597E-09  9.04544E-16  1.97869E-15
  3.750E-02  1.07092E-07  1.26501E-08  9.15597E-09  9.69154E-16  2.12003E-15
  4.000E-02  1.21847E-07  1.26501E-08  9.15597E-09  1.03376E-15  2.26136E-15
  4.250E-02  1.37554E-07  1.26500E-08  9.15597E-09  1.09837E-15  2.40270E-15
  4.500E-02  1.54213E-07  1.26500E-08  9.15597E-09  1.16298E-15  2.54403E-15
  4.750E-02  1.71823E-07  1.26500E-08  9.15596E-09  1.22759E-15  2.68537E-15
  5.000E-02  1.90386E-07  1.26500E-08  9.15596E-09  1.29220E-15  2.82670E-15
  5.250E-02  2.09900E-07  1.26500E-08  9.15596E-09  1.35681E-15  2.96804E-15
  5.500E-02  2.30367E-07  1.26500E-08  9.15596E-09  1.42141E-15  3.10937E-15
  5.750E-02  2.51785E-07  1.26500E-08  9.15596E-09  1.48602E-15  3.25071E-15
  6.000E-02  2.74156E-07  1.26500E-08  9.15596E-09  1.55063E-15  3.39204E-15
  6.250E-02  2.97478E-07  1.26500E-08  9.15596E-09  1.61524E-15  3.53337E-15
  6.500E-02  3.21752E-07  1.26500E-08  9.15596E-09  1.67984E-15  3.67471E-15
  6.750E-02  3.46978E-07  1.26500E-08  9.15595E-09  1.74445E-15  3.81604E-15
  7.000E-02  3.73156E-07  1.26500E-08  9.15595E-09  1.80906E-15  3.95738E-15
  7.250E-02  4.00286E-07  1.26500E-08  9.15595E-09  1.87366E-15  4.09871E-15
  7.500E-02  4.28368E-07  1.26499E-08  9.15595E-09  1.93827E-15  4.24005E-15
  7.750E-02  4.57402E-07  1.26499E-08  9.15595E-09  2.00288E-15  4.38138E-15
  8.000E-02  4.87388E-07  1.26499E-08  9.15594E-09  2.06748E-15  4.52271E-15
  8.250E-02  5.18325E-07  1.26499E-08  9.15594E-09  2.13209E-15  4.66405E-15
  8.500E-02  5.50215E-07  1.26499E-08  9.15594E-09  2.19669E-15  4.80538E-15
  8.750E-02  5.83057E-07  1.26499E-08  9.15594E-09  2.26129E-15  4.94672E-15
  9.000E-02  6.16850E-07  1.26499E-08  9.15594E-09  2.32590E-15  5.08805E-15
  9.250E-02  6.51596E-07  1.26499E-08  9.15593E-09  2.39050E-15  5.22938E-15
  9.500E-02  6.87293E-07  1.26499E-08  9.15593E-09  2.45510E-15  5.37072E-15
  9.750E-02  7.23942E-07  1.26498E-08  9.15593E-09  2.51971E-15  5.51205E-15
  1.000E-01  7.61543E-07  1.26498E-08  9.15593E-09  2.58431E-15  5.65338E-15
  1.250E-01  1.18991E-06  1.26497E-08  9.15590E-09  3.23030E-15  7.06671E-15
  1.500E-01  1.71347E-06  1.26495E-08  9.15587E-09  3.87624E-15  8.48003E-15
  1.750E-01  2.33223E-06  1.26493E-08  9.15583E-09  4.52211E-15  9.89333E-15
  2.000E-01  3.04617E-06  1.26490E-08  9.15578E-09  5.16791E-15  1.13066E-14
  2.250E-01  3.85531E-06  1.26488E-08  9.15573E-09  5.81361E-15  1.27199E-14
  2.500E-01  4.75964E-06  1.26484E-08  9.15567E-09  6.45922E-15  1.41331E-14
  2.750E-01  5.75916E-06  1.26481E-08  9.15561E-09  7.10471E-15  1.55464E-14
  3.000E-01  6.85388E-06  1.26477E-08  9.15554E-09  7.75009E-15  1.69596E-14
  3.250E-01  8.04378E-06  1.26473E-08  9.15546E-09  8.39533E-15  1.83727E-14
  3.500E-01  9.32888E-06  1.26468E-08  9.15538E-09  9.04043E-15  1.97859E-14
  3.750E-01  1.07092E-05  1.26464E-08  9.15529E-09  9.68537E-15  2.11990E-14
  4.000E-01  1.21846E-05  1.26459E-08  9.15520E-09  1.03301E-14  2.26120E-14
  4.250E-01  1.37553E-05  1.26453E-08  9.15510E-09  1.09747E-14  2.40251E-14
  4.500E-01  1.54212E-05  1.26447E-08  9.15499E-09  1.16192E-14  2.54381E-14
  4.750E-01  1.71822E-05  1.26441E-08  9.15488E-09  1.22634E-14  2.68510E-14
  5.000E-01  1.90385E-05  1.26435E-08  9.15476E-09  1.29074E-14  2.82639E-14
  5.250E-01  2.09899E-05  1.26428E-08  9.15464E-09  1.35511E-14  2.96768E-14
  5.500E-01  2.30365E-05  1.26421E-08  9.15451E-09  1.41947E-14  3.10896E-14
  5.750E-01  2.51783E-05  1.26413E-08  9.15437E-09  1.48380E-14  3.25024E-14
  6.000E-01  2.74153E-05  1.26406E-08  9.15423E-09  1.54810E-14  3.39151E-14
  6.250E-01  2.97475E-05  1.26397E-08  9.15408E-09  1.61238E-14  3.53278E-14
  6.500E-01  3.21749E-05  1.26389E-08  9.15393E-09  1.67663E-14  3.67403E-14
  6.750E-01  3.46974E-05  1.26380E-08  9.15377E-09  1.74086E-14  3.81529E-14
  7.000E-01  3.73152E-05  1.26371E-08  9.15360E-09  1.80505E-14  3.95654E-14
  7.250E-01  4.00281E-05  1.26362E-08  9.15343E-09  1.86921E-14  4.09778E-14
  7.500E-01  4.28362E-05  1.26352E-08  9.15325E-09  1.93334E-14  4.23901E-14
  7.750E-01  4.57395E-05  1.26342E-08  9.15306E-09  1.99743E-14  4.38024E-14
  8.000E-01  4.87380E-05  1.26331E-08  9.15287E-09  2.06150E-14  4.52146E-14
  8.250E-01  5.18317E-05  1.26321E-08  9.15267E-09  2.12552E-14  4.66267E-14
  8.500E-01  5.50205E-05  1.26310E-08  9.15247E-09  2.18951E-14  4.80388E-14
  8.750E-01  5.83045E-05  1.26298E-08  9.15226E-09  2.25347E-14  4.94507E-14
  9.000E-01  6.16838E-05  1.26286E-08  9.15205E-09  2.31738E-14  5.08626E-14
  9.250E-01  6.51582E-05  1.26274E-08  9.15182E-09  2.38125E-14  5.22744E-14
  9.500E-01  6.87277E-05  1.26262E-08  9.15160E-09  2.44509E-14  5.36861E-14
  9.750E-01  7.23925E-05  1.26249E-08  9.15136E-09  2.50888E-14  5.50978E-14
  1.000E+00  7.61524E-05  1.26236E-08  9.15112E-09  2.57263E-14  5.65093E-14
  1.100E+00  9.21439E-05  1.26181E-08  9.15011E-09  2.82717E-14  6.21545E-14
  1.200E+00  1.09658E-04  1.26120E-08  9.14899E-09  3.08093E-14  6.77981E-14
  1.300E+00  1.28695E-04  1.26054E-08  9.14778E-09  3.33385E-14  7.34399E-14
  1.400E+00  1.49255E-04  1.25983E-08  9.14647E-09  3.58586E-14  7.90797E-14
  1.500E+00  1.71338E-04  1.25906E-08  9.14506E-09  3.83687E-14  8.47175E-14
  1.600E+00  1.94942E-04  1.25824E-08  9.14356E-09  4.08684E-14  9.03531E-14
  1.700E+00  2.20070E-04  1.25737E-08  9.14196E-09  4.33568E-14  9.59863E-14
  1.800E+00  2.46720E-04  1.25645E-08  9.14027E-09  4.58334E-14  1.01617E-13
  1.900E+00  2.74892E-04  1.25548E-08  9.13847E-09  4.82973E-14  1.07245E-13
  2.000E+00  3.04586E-04  1.25446E-08  9.13659E-09  5.07480E-14  1.12870E-13
  2.100E+00  3.35803E-04  1.25338E-08  9.13460E-09  5.31847E-14  1.18492E-13
  2.200E+00  3.68542E-04  1.25225E-08  9.13252E-09  5.56068E-14  1.24111E-13
  2.300E+00  4.02802E-04  1.25107E-08  9.13034E-09  5.80136E-14  1.29727E-13
  2.400E+00  4.38585E-04  1.24984E-08  9.12807E-09  6.04044E-14  1.35340E-13
  2.500E+00  4.75889E-04  1.24856E-08  9.12570E-09  6.27786E-14  1.40949E-13
  2.600E+00  5.14715E-04  1.24723E-08  9.12323E-09  6.51356E-14  1.46554E-13
  2.700E+00  5.55063E-04  1.24585E-08  9.12067E-09  6.74746E-14  1.52155E-13
  2.800E+00  5.96931E-04  1.24442E-08  9.11801E-09  6.97950E-14  1.57752E-13
  2.900E+00  6.40321E-04  1.24294E-08  9.11526E-09  7.20962E-14  1.63346E-13
  3.000E+00  6.85233E-04  1.24141E-08  9.11241E-09  7.43776E-14  1.68935E-13
  3.100E+00  7.31665E-04  1.23983E-08  9.10946E-09  7.66384E-14  1.74519E-13
  3.200E+00  7.79618E-04  1.23820E-08  9.10642E-09  7.88781E-14  1.80099E-13
  3.300E+00  8.29092E-04  1.23652E-08  9.10329E-09  8.10961E-14  1.85674E-13
  3.400E+00  8.80086E-04  1.23479E-08  9.10006E-09  8.32916E-14  1.91245E-13
  3.500E+00  9.32601E-04  1.23301E-08  9.09673E-09  8.54642E-14  1.96810E-13
  3.600E+00  9.86636E-04  1.23119E-08  9.09331E-09  8.76131E-14  2.02370E-13
  3.700E+00  1.04219E-03  1.22931E-08  9.08979E-09  8.97378E-14  2.07925E-13
  3.800E+00  1.09927E-03  1.22739E-08  9.08618E-09  9.18378E-14  2.13474E-13
  3.900E+00  1.15786E-03  1.22542E-08  9.08247E-09  9.39123E-14  2.19018E-13
  4.000E+00  1.21797E-03  1.22341E-08  9.07867E-09  9.59608E-14  2.24556E-13
  4.100E+00  1.27961E-03  1.22134E-08  9.07478E-09  9.79827E-14  2.30089E-13
  4.200E+00  1.34276E-03  1.21923E-08  9.07079E-09  9.99775E-14  2.35615E-13
  4.300E+00  1.40743E-03  1.21708E-08  9.06670E-09  1.01945E-13  2.41135E-13
  4.400E+00  1.47362E-03  1.21487E-08  9.06252E-09  1.03883E-13  2.46649E-13
  4.500E+00  1.54133E-03  1.21263E-08  9.05825E-09  1.05793E-13  2.52156E-13
  4.600E+00  1.61056E-03  1.21033E-08  9.05389E-09  1.07674E-13  2.57657E-13
  4.700E+00  1.68131E-03  1.20799E-08  9.04943E-09  1.09524E-13  2.63151E-13
  4.800E+00  1.75357E-03  1.20561E-08  9.04487E-09  1.11344E-13  2.68638E-13
  4.900E+00  1.82735E-03  1.20318E-08  9.04023E-09  1.13134E-13  2.74118E-13
  5.000E+00  1.90265E-03  1.20071E-08  9.03549E-09  1.14891E-13  2.79591E-13
  5.100E+00  1.97947E-03  1.19819E-08  9.03065E-09  1.16617E-13  2.85057E-13
  5.200E+00  2.05780E-03  1.19563E-08  9.02573E-09  1.18310E-13  2.90516E-13
  5.300E+00  2.13765E-03  1.19303E-08  9.02071E-09  1.19969E-13  2.95966E-13
  5.400E+00  2.21902E-03  1.19038E-08  9.01560E-09  1.21596E-13  3.01410E-13
  5.500E+00  2.30190E-03  1.18769E-08  9.01039E-09  1.23188E-13  3.06845E-13
  5.600E+00  2.38630E-03  1.18496E-08  9.00510E-09  1.24746E-13  3.12272E-13
  5.700E+00  2.47222E-03  1.18219E-08  8.99971E-09  1.26269E-13  3.17691E-13
  5.800E+00  2.55965E-03  1.17937E-08  8.99423E-09  1.27756E-13  3.23102E-13
  5.900E+00  2.64859E-03  1.17652E-08  8.98865E-09  1.29207E-13  3.28505E-13
  6.000E+00  2.73905E-03  1.17362E-08  8.98299E-09  1.30622E-13  3.33899E-13
  6.100E+00  2.83103E-03  1.17068E-08  8.97724E-09  1.32000E-13  3.39284E-13
  6.200E+00  2.92452E-03  1.16771E-08  8.97139E-09  1.33341E-13  3.44661E-13
  6.300E+00  3.01952E-03  1.16469E-08  8.96545E-09  1.34645E-13  3.50028E-13
  6.400E+00  3.11604E-03  1.16164E-08  8.95942E-09  1.35910E-13  3.55387E-13
  6.500E+00  3.21407E-03  1.15854E-08  8.95330E-09  1.37136E-13  3.60736E-13
  6.600E+00  3.31362E-03  1.15541E-08  8.94710E-09  1.38324E-13  3.66076E-13
  6.700E+00  3.41468E-03  1.15224E-08  8.94080E-09  1.39473E-13  3.71407E-13
  6.800E+00  3.51725E-03  1.14903E-08  8.93441E-09  1.40581E-13  3.76728E-13
  6.900E+00  3.62133E-03  1.14579E-08  8.92793E-09  1.41650E-13  3.82039E-13
  7.000E+00  3.72692E-03  1.14250E-08  8.92136E-09  1.42678E-13  3.87340E-13
  7.100E+00  3.83403E-03  1.13919E-08  8.91470E-09  1.43665E-13  3.92632E-13
  7.200E+00  3.94265E-03  1.13583E-08  8.90795E-09  1.44612E-13  3.97913E-13
  7.300E+00  4.05278E-03  1.13244E-08  8.90111E-09  1.45516E-13  4.03184E-13
  7.400E+00  4.16442E-03  1.12902E-08  8.89419E-09  1.46379E-13  4.08445E-13
  7.500E+00  4.27757E-03  1.12556E-08  8.88717E-09  1.47200E-13  4.13695E-13
  7.600E+00  4.39223E-03  1.12207E-08  8.88007E-09  1.47978E-13  4.18934E-13
  7.700E+00  4.50840E-03  1.11854E-08  8.87288E-09  1.48713E-13  4.24163E-13
  7.800E+00  4.62608E-03  1.11498E-08  8.86560E-09  1.49405E-13  4.29381E-13
  7.900E+00  4.74527E-03  1.11139E-08  8.85824E-09  1.50054E-13  4.34588E-13
  8.000E+00  4.86597E-03  1.10776E-08  8.85078E-09  1.50659E-13  4.39783E-13
  8.100E+00  4.98817E-03  1.10410E-08  8.84324E-09  1.51220E-13  4.44967E-13
  8.200E+00  5.11188E-03  1.10041E-08  8.83561E-09  1.51736E-13  4.50140E-13
  8.300E+00  5.23711E-03  1.09669E-08  8.82790E-09  1.52208E-13  4.55302E-13
  8.400E+00  5.36383E-03  1.09294E-08  8.82010E-09  1.52636E-13  4.60452E-13
  8.500E+00  5.49207E-03  1.08916E-08  8.81221E-09  1.53018E-13  4.65590E-13
  8.600E+00  5.62181E-03  1.08534E-08  8.80424E-09  1.53355E-13  4.70716E-13
  8.700E+00  5.75306E-03  1.08150E-08  8.79618E-09  1.53646E-13  4.75830E-13
  8.800E+00  5.88581E-03  1.07763E-08  8.78803E-09  1.53892E-13  4.80932E-13
  8.900E+00  6.02007E-03  1.07373E-08  8.77980E-09  1.54092E-13  4.86021E-13
  9.000E+00  6.15583E-03  1.06981E-08  8.77149E-09  1.54245E-13  4.91098E-13
  9.100E+00  6.29310E-03  1.06585E-08  8.76309E-09  1.54352E-13  4.96163E-13
  9.200E+00  6.43187E-03  1.06187E-08  8.75460E-09  1.54413E-13  5.01215E-13
  9.300E+00  6.57214E-03  1.05786E-08  8.74604E-09  1.54427E-13  5.06255E-13
  9.400E+00  6.71392E-03  1.05382E-08  8.73738E-09  1.54394E-13  5.11281E-13
  9.500E+00  6.85720E-03  1.04976E-08  8.72865E-09  1.54313E-13  5.16295E-13
  9.600E+00  7.00198E-03  1.04568E-08  8.71983E-09  1.54186E-13  5.21295E-13
  9.700E+00  7.14827E-03  1.04156E-08  8.71093E-09  1.54011E-13  5.26282E-13
  9.800E+00  7.29605E-03  1.03743E-08  8.70194E-09  1.53789E-13  5.31256E-13
  9.900E+00  7.44534E-03  1.03327E-08  8.69288E-09  1.53518E-13  5.36216E-13
  1.000E+01  7.59612E-03  1.02908E-08  8.68373E-09  1.53200E-13  5.41163E-13
  1.025E+01  7.97965E-03  1.01852E-08  8.66049E-09  1.52195E-13  5.53470E-13
  1.050E+01  8.37255E-03  1.00782E-08  8.63675E-09  1.50889E-13  5.65689E-13
  1.075E+01  8.77480E-03  9.96989E-09  8.61251E-09  1.49279E-13  5.77820E-13
  1.100E+01  9.18641E-03  9.86032E-09  8.58777E-09  1.47366E-13  5.89859E-13
  1.125E+01  9.60736E-03  9.74958E-09  8.56253E-09  1.45148E-13  6.01807E-13
  1.150E+01  1.00376E-02  9.63771E-09  8.53681E-09  1.42625E-13  6.13660E-13
  1.175E+01  1.04773E-02  9.52481E-09  8.51060E-09  1.39796E-13  6.25417E-13
  1.200E+01  1.09262E-02  9.41092E-09  8.48391E-09  1.36661E-13  6.37077E-13
  1.225E+01  1.13844E-02  9.29612E-09  8.45674E-09  1.33221E-13  6.48638E-13
  1.250E+01  1.18520E-02  9.18046E-09  8.42911E-09  1.29476E-13  6.60098E-13
  1.275E+01  1.23288E-02  9.06402E-09  8.40101E-09  1.25427E-13  6.71456E-13
  1.300E+01  1.28150E-02  8.94686E-09  8.37245E-09  1.21075E-13  6.82711E-13
  1.325E+01  1.33104E-02  8.82904E-09  8.34344E-09  1.16420E-13  6.93860E-13
  1.350E+01  1.38150E-02  8.71061E-09  8.31398E-09  1.11465E-13  7.04903E-13
  1.375E+01  1.43290E-02  8.59165E-09  8.28408E-09  1.06211E-13  7.15838E-13
  1.400E+01  1.48521E-02  8.47221E-09  8.25374E-09  1.00660E-13  7.26664E-13
  1.425E+01  1.53845E-02  8.35234E-09  8.22297E-09  9.48129E-14  7.37379E-13
  1.450E+01  1.59262E-02  8.23211E-09  8.19177E-09  8.86731E-14  7.47982E-13
  1.475E+01  1.64770E-02  8.11157E-09  8.16015E-09  8.22428E-14  7.58472E-13
  1.500E+01  1.70371E-02  7.99077E-09  8.12811E-09  7.55243E-14  7.68847E-13
  1.525E+01  1.76063E-02  7.86977E-09  8.09567E-09  6.85205E-14  7.79106E-13
  1.550E+01  1.81848E-02  7.74862E-09  8.06282E-09  6.12341E-14  7.89248E-13
  1.575E+01  1.87724E-02  7.62737E-09  8.02957E-09  5.36683E-14  7.99272E-13
  1.600E+01  1.93692E-02  7.50608E-09  7.99593E-09  4.58262E-14  8.09177E-13
  1.625E+01  1.99751E-02  7.38478E-09  7.96191E-09  3.77111E-14  8.18961E-13
  1.650E+01  2.05901E-02  7.26352E-09  7.92750E-09  2.93263E-14  8.28623E-13
  1.675E+01  2.12143E-02  7.14236E-09  7.89272E-09  2.06755E-14  8.38163E-13
  1.700E+01  2.18476E-02  7.02134E-09  7.85756E-09  1.17623E-14  8.47579E-13
  1.725E+01  2.24900E-02  6.90050E-09  7.82205E-09  2.59052E-15  8.56871E-13
  1.750E+01  2.31415E-02  6.77988E-09  7.78618E-09 -6.83610E-15  8.66037E-13
  1.775E+01  2.38021E-02  6.65952E-09  7.74996E-09 -1.65136E-14  8.75076E-13
  1.800E+01  2.44717E-02  6.53946E-09  7.71339E-09 -2.64378E-14  8.83987E-13
  1.825E+01  2.51504E-02  6.41975E-09  7.67648E-09 -3.66048E-14  8.92771E-13
  1.850E+01  2.58382E-02  6.30041E-09  7.63925E-09 -4.70104E-14  9.01425E-13
  1.875E+01  2.65349E-02  6.18149E-09  7.60168E-09 -5.76502E-14  9.09949E-13
  1.900E+01  2.72407E-02  6.06301E-09  7.56380E-09 -6.85200E-14  9.18342E-13
  1.925E+01  2.79555E-02  5.94502E-09  7.52560E-09 -7.96155E-14  9.26604E-13
  1.950E+01  2.86793E-02  5.82754E-09  7.48709E-09 -9.09323E-14  9.34734E-13
  1.975E+01  2.94120E-02  5.71060E-09  7.44828E-09 -1.02466E-13  9.42730E-13
  2.000E+01  3.01537E-02  5.59424E-09  7.40917E-09 -1.14212E-13  9.50593E-13
  2.025E+01  3.09043E-02  5.47848E-09  7.36978E-09 -1.26165E-13  9.58322E-13
  2.050E+01  3.16639E-02  5.36335E-09  7.33010E-09 -1.38322E-13  9.65916E-13
  2.075E+01  3.24324E-02  5.24888E-09  7.29014E-09 -1.50678E-13  9.73374E-13
  2.100E+01  3.32098E-02  5.13509E-09  7.24991E-09 -1.63228E-13  9.80697E-13
  2.125E+01  3.39961E-02  5.02201E-09  7.20942E-09 -1.75968E-13  9.87883E-13
  2.150E+01  3.47912E-02  4.90965E-09  7.16867E-09 -1.88892E-13  9.94932E-13
  2.175E+01  3.55952E-02  4.79805E-09  7.12766E-09 -2.01997E-13  1.00184E-12
  2.200E+01  3.64081E-02  4.68721E-09  7.08641E-09 -2.15278E-13  1.00862E-12
  2.225E+01  3.72297E-02  4.57717E-09  7.04492E-09 -2.28730E-13  1.01525E-12
  2.250E+01  3.80602E-02  4.46794E-09  7.00320E-09 -2.42348E-13  1.02175E-12
  2.275E+01  3.88995E-02  4.35953E-09  6.96124E-09 -2.56129E-13  1.02811E-12
  2.300E+01  3.97476E-02  4.25198E-09  6.91907E-09 -2.70066E-13  1.03433E-12
  2.325E+01  4.06044E-02  4.14528E-09  6.87668E-09 -2.84157E-13  1.04041E-12
  2.350E+01  4.14700E-02  4.03946E-09  6.83408E-09 -2.98396E-13  1.04635E-12
  2.375E+01  4.23443E-02  3.93453E-09  6.79127E-09 -3.12779E-13  1.05215E-12
  2.400E+01  4.32273E-02  3.83050E-09  6.74827E-09 -3.27302E-13  1.05781E-12
  2.425E+01  4.41190E-02  3.72739E-09  6.70508E-09 -3.41959E-13  1.06333E-12
  2.450E+01  4.50194E-02  3.62521E-09  6.66170E-09 -3.56747E-13  1.06871E-12
  2.475E+01  4.59284E-02  3.52397E-09  6.61814E-09 -3.71660E-13  1.07394E-12
  2.500E+01  4.68461E-02  3.42369E-09  6.57441E-09 -3.86696E-13  1.07904E-12
  2.550E+01  4.87074E-02  3.22599E-09  6.48645E-09 -4.17114E-13  1.08882E-12
  2.600E+01  5.06030E-02  3.03221E-09  6.39786E-09 -4.47967E-13  1.09803E-12
  2.650E+01  5.25328E-02  2.84238E-09  6.30870E-09 -4.79221E-13  1.10668E-12
  2.700E+01  5.44967E-02  2.65656E-09  6.21901E-09 -5.10844E-13  1.11476E-12
  2.750E+01  5.64946E-02  2.47479E-09  6.12884E-09 -5.42803E-13  1.12229E-12
  2.800E+01  5.85262E-02  2.29708E-09  6.03823E-09 -5.75066E-13  1.12926E-12
  2.850E+01  6.05914E-02  2.12347E-09  5.94722E-09 -6.07602E-13  1.13567E-12
  2.900E+01  6.26901E-02  1.95396E-09  5.85586E-09 -6.40382E-13  1.14152E-12
  2.950E+01  6.48222E-02  1.78856E-09  5.76420E-09 -6.73376E-13  1.14683E-12
  3.000E+01  6.69873E-02  1.62727E-09  5.67227E-09 -7.06555E-13  1.15158E-12
  3.050E+01  6.91854E-02  1.47007E-09  5.58012E-09 -7.39893E-13  1.15578E-12
  3.100E+01  7.14163E-02  1.31695E-09  5.48779E-09 -7.73361E-13  1.15945E-12
  3.150E+01  7.36799E-02  1.16789E-09  5.39532E-09 -8.06935E-13  1.16257E-12
  3.200E+01  7.59760E-02  1.02288E-09  5.30274E-09 -8.40588E-13  1.16516E-12
  3.250E+01  7.83043E-02  8.81867E-10  5.21011E-09 -8.74297E-13  1.16722E-12
  3.300E+01  8.06647E-02  7.44835E-10  5.11745E-09 -9.08038E-13  1.16876E-12
  3.350E+01  8.30571E-02  6.11742E-10  5.02480E-09 -9.41787E-13  1.16977E-12
  3.400E+01  8.54812E-02  4.82550E-10  4.93221E-09 -9.75524E-13  1.17027E-12
  3.450E+01  8.79369E-02  3.57215E-10  4.83970E-09 -1.00923E-12  1.17026E-12
  3.500E+01  9.04240E-02  2.35692E-10  4.74731E-09 -1.04287E-12  1.16974E-12
  3.550E+01  9.29422E-02  1.17933E-10  4.65507E-09 -1.07645E-12  1.16873E-12
  3.600E+01  9.54915E-02  3.88683E-12  4.56302E-09 -1.10992E-12  1.16722E-12
  3.650E+01  9.80716E-02 -1.06497E-10  4.47119E-09 -1.14329E-12  1.16523E-12
  3.700E+01  1.00682E-01 -2.13273E-10  4.37962E-09 -1.17653E-12  1.16276E-12
  3.750E+01  1.03323E-01 -3.16496E-10  4.28832E-09 -1.20962E-12  1.15981E-12
  3.800E+01  1.05995E-01 -4.16222E-10  4.19734E-09 -1.24255E-12  1.15641E-12
  3.850E+01  1.08696E-01 -5.12508E-10  4.10669E-09 -1.27530E-12  1.15254E-12
  3.900E+01  1.11427E-01 -6.05414E-10  4.01641E-09 -1.30786E-12  1.14822E-12
  3.950E+01  1.14188E-01 -6.94997E-10  3.92653E-09 -1.34021E-12  1.14346E-12
  4.000E+01  1.16978E-01 -7.81318E-10  3.83707E-09 -1.37234E-12  1.13827E-12
  4.050E+01  1.19797E-01 -8.64436E-10  3.74805E-09 -1.40424E-12  1.13264E-12
  4.100E+01  1.22645E-01 -9.44413E-10  3.65951E-09 -1.43588E-12  1.12659E-12
  4.150E+01  1.25522E-01 -1.02131E-09  3.57146E-09 -1.46728E-12  1.12014E-12
  4.200E+01  1.28428E-01 -1.09518E-09  3.48392E-09 -1.49840E-12  1.11327E-12
  4.250E+01  1.31361E-01 -1.16610E-09  3.39693E-09 -1.52924E-12  1.10601E-12
  4.300E+01  1.34323E-01 -1.23411E-09  3.31049E-09 -1.55979E-12  1.09836E-12
  4.350E+01  1.37313E-01 -1.29928E-09  3.22464E-09 -1.59004E-12  1.09033E-12
  4.400E+01  1.40330E-01 -1.36168E-09  3.13938E-09 -1.61998E-12  1.08193E-12
  4.450E+01  1.43375E-01 -1.42136E-09  3.05474E-09 -1.64960E-12  1.07317E-12
  4.500E+01  1.46447E-01 -1.47837E-09  2.97074E-09 -1.67889E-12  1.06404E-12
  4.550E+01  1.49545E-01 -1.53279E-09  2.88739E-09 -1.70785E-12  1.05458E-12
  4.600E+01  1.52671E-01 -1.58467E-09  2.80471E-09 -1.73647E-12  1.04477E-12
  4.650E+01  1.55823E-01 -1.63406E-09  2.72271E-09 -1.76474E-12  1.03463E-12
  4.700E+01  1.59001E-01 -1.68102E-09  2.64141E-09 -1.79265E-12  1.02417E-12
  4.750E+01  1.62205E-01 -1.72561E-09  2.56083E-09 -1.82020E-12  1.01340E-12
  4.800E+01  1.65435E-01 -1.76789E-09  2.48097E-09 -1.84738E-12  1.00233E-12
  4.850E+01  1.68690E-01 -1.80792E-09  2.40185E-09 -1.87418E-12  9.90952E-13
  4.900E+01  1.71970E-01 -1.84573E-09  2.32348E-09 -1.90061E-12  9.79292E-13
  4.950E+01  1.75276E-01 -1.88140E-09  2.24588E-09 -1.92665E-12  9.67352E-13
  5.000E+01  1.78606E-01 -1.91498E-09  2.16904E-09 -1.95230E-12  9.55141E-13
  5.050E+01  1.81961E-01 -1.94651E-09  2.09299E-09 -1.97756E-12  9.42669E-13
  5.100E+01  1.85340E-01 -1.97605E-09  2.01773E-09 -2.00243E-12  9.29942E-13
  5.150E+01  1.88743E-01 -2.00365E-09  1.94328E-09 -2.02689E-12  9.16971E-13
  5.200E+01  1.92169E-01 -2.02936E-09  1.86962E-09 -2.05095E-12  9.03762E-13
  5.250E+01  1.95619E-01 -2.05323E-09  1.79679E-09 -2.07461E-12  8.90325E-13
  5.300E+01  1.99092E-01 -2.07530E-09  1.72478E-09 -2.09785E-12  8.76667E-13
  5.350E+01  2.02589E-01 -2.09564E-09  1.65359E-09 -2.12069E-12  8.62797E-13
  5.400E+01  2.06107E-01 -2.11428E-09  1.58324E-09 -2.14311E-12  8.48724E-13
  5.450E+01  2.09649E-01 -2.13126E-09  1.51373E-09 -2.16511E-12  8.34454E-13
  5.500E+01  2.13212E-01 -2.14664E-09  1.44507E-09 -2.18669E-12  8.19998E-13
  5.550E+01  2.16797E-01 -2.16046E-09  1.37725E-09 -2.20786E-12  8.05361E-13
  5.600E+01  2.20404E-01 -2.17277E-09  1.31028E-09 -2.22861E-12  7.90553E-13
  5.650E+01  2.24032E-01 -2.18360E-09  1.24417E-09 -2.24893E-12  7.75582E-13
  5.700E+01  2.27680E-01 -2.19300E-09  1.17891E-09 -2.26883E-12  7.60454E-13
  5.750E+01  2.31350E-01 -2.20101E-09  1.11451E-09 -2.28831E-12  7.45178E-13
  5.800E+01  2.35040E-01 -2.20766E-09  1.05098E-09 -2.30737E-12  7.29762E-13
  5.850E+01  2.38751E-01 -2.21301E-09  9.88303E-10 -2.32600E-12  7.14214E-13
  5.900E+01  2.42481E-01 -2.21709E-09  9.26492E-10 -2.34421E-12  6.98539E-13
  5.950E+01  2.46231E-01 -2.21994E-09  8.65544E-10 -2.36199E-12  6.82748E-13
  6.000E+01  2.50000E-01 -2.22159E-09  8.05459E-10 -2.37935E-12  6.66845E-13
  6.050E+01  2.53788E-01 -2.22208E-09  7.46237E-10 -2.39629E-12  6.50840E-13
  6.100E+01  2.57595E-01 -2.22145E-09  6.87876E-10 -2.41280E-12  6.34739E-13
  6.150E+01  2.61421E-01 -2.21974E-09  6.30376E-10 -2.42890E-12  6.18548E-13
  6.200E+01  2.65264E-01 -2.21697E-09  5.73736E-10 -2.44457E-12  6.02276E-13
  6.250E+01  2.69126E-01 -2.21318E-09  5.17953E-10 -2.45982E-12  5.85930E-13
  6.300E+01  2.73005E-01 -2.20840E-09  4.63025E-10 -2.47465E-12  5.69515E-13
  6.350E+01  2.76901E-01 -2.20267E-09  4.08951E-10 -2.48906E-12  5.53039E-13
  6.400E+01  2.80814E-01 -2.19602E-09  3.55726E-10 -2.50306E-12  5.36508E-13
  6.450E+01  2.84744E-01 -2.18848E-09  3.03348E-10 -2.51664E-12  5.19929E-13
  6.500E+01  2.88691E-01 -2.18008E-09  2.51814E-10 -2.52981E-12  5.03308E-13
  6.550E+01  2.92653E-01 -2.17085E-09  2.01120E-10 -2.54256E-12  4.86653E-13
  6.600E+01  2.96632E-01 -2.16081E-09  1.51262E-10 -2.55491E-12  4.69968E-13
  6.650E+01  3.00625E-01 -2.15000E-09  1.02236E-10 -2.56685E-12  4.53260E-13
  6.700E+01  3.04634E-01 -2.13844E-09  5.40377E-11 -2.57838E-12  4.36536E-13
  6.750E+01  3.08658E-01 -2.12617E-09  6.66253E-12 -2.58950E-12  4.19800E-13
  6.800E+01  3.12697E-01 -2.11320E-09 -3.98944E-11 -2.60023E-12  4.03060E-13
  6.850E+01  3.16749E-01 -2.09956E-09 -8.56380E-11 -2.61055E-12  3.86321E-13
  6.900E+01  3.20816E-01 -2.08528E-09 -1.30574E-10 -2.62048E-12  3.69588E-13
  6.950E+01  3.24896E-01 -2.07039E-09 -1.74707E-10 -2.63001E-12  3.52868E-13
  7.000E+01  3.28990E-01 -2.05490E-09 -2.18042E-10 -2.63915E-12  3.36165E-13
  7.050E+01  3.33097E-01 -2.03884E-09 -2.60587E-10 -2.64789E-12  3.19484E-13
  7.100E+01  3.37216E-01 -2.02223E-09 -3.02346E-10 -2.65625E-12  3.02832E-13
  7.150E+01  3.41348E-01 -2.00510E-09 -3.43326E-10 -2.66423E-12  2.86214E-13
  7.200E+01  3.45492E-01 -1.98746E-09 -3.83533E-10 -2.67182E-12  2.69633E-13
  7.250E+01  3.49647E-01 -1.96935E-09 -4.22974E-10 -2.67903E-12  2.53097E-13
  7.300E+01  3.53814E-01 -1.95077E-09 -4.61654E-10 -2.68587E-12  2.36608E-13
  7.350E+01  3.57992E-01 -1.93175E-09 -4.99580E-10 -2.69233E-12  2.20173E-13
  7.400E+01  3.62181E-01 -1.91231E-09 -5.36760E-10 -2.69842E-12  2.03795E-13
  7.450E+01  3.66381E-01 -1.89247E-09 -5.73200E-10 -2.70415E-12  1.87480E-13
  7.500E+01  3.70590E-01 -1.87225E-09 -6.08907E-10 -2.70950E-12  1.71231E-13
  7.550E+01  3.74810E-01 -1.85166E-09 -6.43889E-10 -2.71450E-12  1.55054E-13
  7.600E+01  3.79039E-01 -1.83073E-09 -6.78151E-10 -2.71914E-12  1.38952E-13
  7.650E+01  3.83277E-01 -1.80946E-09 -7.11702E-10 -2.72342E-12  1.22930E-13
  7.700E+01  3.87524E-01 -1.78789E-09 -7.44549E-10 -2.72734E-12  1.06991E-13
  7.750E+01  3.91780E-01 -1.76601E-09 -7.76699E-10 -2.73092E-12  9.11405E-14
  7.800E+01  3.96044E-01 -1.74386E-09 -8.08160E-10 -2.73415E-12  7.53815E-14
  7.850E+01  4.00316E-01 -1.72144E-09 -8.38939E-10 -2.73704E-12  5.97180E-14
  7.900E+01  4.04596E-01 -1.69878E-09 -8.69043E-10 -2.73959E-12  4.41537E-14
  7.950E+01  4.08882E-01 -1.67588E-09 -8.98482E-10 -2.74180E-12  2.86922E-14
  8.000E+01  4.13176E-01 -1.65276E-09 -9.27261E-10 -2.74368E-12  1.33371E-14
  8.050E+01  4.17476E-01 -1.62943E-09 -9.55389E-10 -2.74523E-12 -1.90813E-15
  8.100E+01  4.21783E-01 -1.60591E-09 -9.82874E-10 -2.74645E-12 -1.70402E-14
  8.150E+01  4.26095E-01 -1.58222E-09 -1.00972E-09 -2.74735E-12 -3.20557E-14
  8.200E+01  4.30413E-01 -1.55836E-09 -1.03594E-09 -2.74792E-12 -4.69516E-14
  8.250E+01  4.34737E-01 -1.53434E-09 -1.06154E-09 -2.74819E-12 -6.17248E-14
  8.300E+01  4.39065E-01 -1.51019E-09 -1.08653E-09 -2.74813E-12 -7.63721E-14
  8.350E+01  4.43398E-01 -1.48590E-09 -1.11092E-09 -2.74777E-12 -9.08908E-14
  8.400E+01  4.47736E-01 -1.46150E-09 -1.13471E-09 -2.74710E-12 -1.05278E-13
  8.450E+01  4.52077E-01 -1.43699E-09 -1.15791E-09 -2.74613E-12 -1.19531E-13
  8.500E+01  4.56422E-01 -1.41239E-09 -1.18052E-09 -2.74486E-12 -1.33647E-13
  8.550E+01  4.60770E-01 -1.38770E-09 -1.20257E-09 -2.74329E-12 -1.47623E-13
  8.600E+01  4.65122E-01 -1.36294E-09 -1.22405E-09 -2.74143E-12 -1.61457E-13
  8.650E+01  4.69476E-01 -1.33811E-09 -1.24498E-09 -2.73928E-12 -1.75147E-13
  8.700E+01  4.73832E-01 -1.31323E-09 -1.26535E-09 -2.73684E-12 -1.88689E-13
  8.750E+01  4.78190E-01 -1.28830E-09 -1.28518E-09 -2.73412E-12 -2.02083E-13
  8.800E+01  4.82550E-01 -1.26334E-09 -1.30448E-09 -2.73112E-12 -2.15325E-13
  8.850E+01  4.86912E-01 -1.23835E-09 -1.32326E-09 -2.72785E-12 -2.28414E-13
  8.900E+01  4.91274E-01 -1.21334E-09 -1.34151E-09 -2.72430E-12 -2.41347E-13
  8.950E+01  4.95637E-01 -1.18832E-09 -1.35926E-09 -2.72048E-12 -2.54123E-13
  9.000E+01  5.00000E-01 -1.16330E-09 -1.37650E-09 -2.71640E-12 -2.66739E-13
  9.050E+01  5.04363E-01 -1.13828E-09 -1.39325E-09 -2.71206E-12 -2.79194E-13
  9.100E+01  5.08726E-01 -1.11328E-09 -1.40951E-09 -2.70745E-12 -2.91486E-13
  9.150E+01  5.13088E-01 -1.08830E-09 -1.42530E-09 -2.70259E-12 -3.03613E-13
  9.200E+01  5.17450E-01 -1.06334E-09 -1.44061E-09 -2.69748E-12 -3.15573E-13
  9.250E+01  5.21810E-01 -1.03842E-09 -1.45545E-09 -2.69211E-12 -3.27366E-13
  9.300E+01  5.26168E-01 -1.01354E-09 -1.46984E-09 -2.68651E-12 -3.38990E-13
  9.350E+01  5.30524E-01 -9.88707E-10 -1.48378E-09 -2.68065E-12 -3.50442E-13
  9.400E+01  5.34878E-01 -9.63928E-10 -1.49728E-09 -2.67456E-12 -3.61722E-13
  9.450E+01  5.39230E-01 -9.39208E-10 -1.51034E-09 -2.66824E-12 -3.72829E-13
  9.500E+01  5.43578E-01 -9.14553E-10 -1.52298E-09 -2.66168E-12 -3.83761E-13
  9.550E+01  5.47923E-01 -8.89970E-10 -1.53519E-09 -2.65489E-12 -3.94517E-13
  9.600E+01  5.52264E-01 -8.65462E-10 -1.54700E-09 -2.64787E-12 -4.05096E-13
  9.650E+01  5.56602E-01 -8.41036E-10 -1.55839E-09 -2.64063E-12 -4.15497E-13
  9.700E+01  5.60935E-01 -8.16697E-10 -1.56939E-09 -2.63317E-12 -4.25719E-13
  9.750E+01  5.65263E-01 -7.92448E-10 -1.58000E-09 -2.62549E-12 -4.35761E-13
  9.800E+01  5.69587E-01 -7.68296E-10 -1.59023E-09 -2.61760E-12 -4.45622E-13
  9.850E+01  5.73905E-01 -7.44244E-10 -1.60008E-09 -2.60950E-12 -4.55302E-13
  9.900E+01  5.78217E-01 -7.20297E-10 -1.60955E-09 -2.60119E-12 -4.64798E-13
  9.950E+01  5.82524E-01 -6.96459E-10 -1.61867E-09 -2.59268E-12 -4.74112E-13
  1.000E+02  5.86824E-01 -6.72733E-10 -1.62742E-09 -2.58396E-12 -4.83242E-13
  1.005E+02  5.91118E-01 -6.49125E-10 -1.63583E-09 -2.57505E-12 -4.92187E-13
  1.010E+02  5.95404E-01 -6.25637E-10 -1.64389E-09 -2.56594E-12 -5.00947E-13
  1.015E+02  5.99684E-01 -6.02272E-10 -1.65162E-09 -2.55663E-12 -5.09522E-13
  1.020E+02  6.03956E-01 -5.79035E-10 -1.65902E-09 -2.54714E-12 -5.17911E-13
  1.025E+02  6.08220E-01 -5.55929E-10 -1.66609E-09 -2.53746E-12 -5.26113E-13
  1.030E+02  6.12476E-01 -5.32956E-10 -1.67285E-09 -2.52760E-12 -5.34129E-13
  1.035E+02  6.16723E-01 -5.10120E-10 -1.67930E-09 -2.51755E-12 -5.41957E-13
  1.040E+02  6.20961E-01 -4.87423E-10 -1.68544E-09 -2.50733E-12 -5.49598E-13
  1.045E+02  6.25190E-01 -4.64868E-10 -1.69128E-09 -2.49693E-12 -5.57052E-13
  1.050E+02  6.29410E-01 -4.42458E-10 -1.69683E-09 -2.48636E-12 -5.64318E-13
  1.055E+02  6.33619E-01 -4.20196E-10 -1.70210E-09 -2.47562E-12 -5.71396E-13
  1.060E+02  6.37819E-01 -3.98082E-10 -1.70708E-09 -2.46471E-12 -5.78287E-13
  1.065E+02  6.42008E-01 -3.76121E-10 -1.71180E-09 -2.45364E-12 -5.84989E-13
  1.070E+02  6.46186E-01 -3.54314E-10 -1.71624E-09 -2.44240E-12 -5.91503E-13
  1.075E+02  6.50353E-01 -3.32662E-10 -1.72042E-09 -2.43101E-12 -5.97829E-13
  1.080E+02  6.54508E-01 -3.11168E-10 -1.72435E-09 -2.41946E-12 -6.03968E-13
  1.085E+02  6.58652E-01 -2.89834E-10 -1.72803E-09 -2.40776E-12 -6.09919E-13
  1.090E+02  6.62784E-01 -2.68662E-10 -1.73146E-09 -2.39590E-12 -6.15682E-13
  1.095E+02  6.66903E-01 -2.47652E-10 -1.73465E-09 -2.38390E-12 -6.21257E-13
  1.100E+02  6.71010E-01 -2.26807E-10 -1.73761E-09 -2.37175E-12 -6.26646E-13
  1.105E+02  6.75104E-01 -2.06127E-10 -1.74034E-09 -2.35945E-12 -6.31847E-13
  1.110E+02  6.79184E-01 -1.85615E-10 -1.74284E-09 -2.34702E-12 -6.36862E-13
  1.115E+02  6.83251E-01 -1.65271E-10 -1.74513E-09 -2.33445E-12 -6.41691E-13
  1.120E+02  6.87303E-01 -1.45097E-10 -1.74721E-09 -2.32174E-12 -6.46334E-13
  1.125E+02  6.91342E-01 -1.25094E-10 -1.74908E-09 -2.30889E-12 -6.50791E-13
  1.130E+02  6.95366E-01 -1.05262E-10 -1.75075E-09 -2.29592E-12 -6.55064E-13
  1.135E+02  6.99375E-01 -8.56031E-11 -1.75222E-09 -2.28281E-12 -6.59151E-13
  1.140E+02  7.03368E-01 -6.61176E-11 -1.75350E-09 -2.26958E-12 -6.63055E-13
  1.145E+02  7.07347E-01 -4.68063E-11 -1.75459E-09 -2.25623E-12 -6.66775E-13
  1.150E+02  7.11309E-01 -2.76700E-11 -1.75550E-09 -2.24275E-12 -6.70312E-13
  1.155E+02  7.15256E-01 -8.70937E-12 -1.75624E-09 -2.22915E-12 -6.73666E-13
  1.160E+02  7.19186E-01  1.00751E-11 -1.75680E-09 -2.21544E-12 -6.76839E-13
  1.165E+02  7.23099E-01  2.86829E-11 -1.75719E-09 -2.20161E-12 -6.79830E-13
  1.170E+02  7.26995E-01  4.71135E-11 -1.75742E-09 -2.18766E-12 -6.82641E-13
  1.175E+02  7.30874E-01  6.53666E-11 -1.75749E-09 -2.17360E-12 -6.85272E-13
  1.180E+02  7.34736E-01  8.34418E-11 -1.75741E-09 -2.15944E-12 -6.87724E-13
  1.185E+02  7.38579E-01  1.01339E-10 -1.75717E-09 -2.14516E-12 -6.89998E-13
  1.190E+02  7.42405E-01  1.19058E-10 -1.75680E-09 -2.13079E-12 -6.92094E-13
  1.195E+02  7.46212E-01  1.36598E-10 -1.75628E-09 -2.11631E-12 -6.94014E-13
  1.200E+02  7.50000E-01  1.53959E-10 -1.75562E-09 -2.10172E-12 -6.95757E-13
  1.205E+02  7.53769E-01  1.71142E-10 -1.75483E-09 -2.08704E-12 -6.97326E-13
  1.210E+02  7.57519E-01  1.88146E-10 -1.75392E-09 -2.07226E-12 -6.98720E-13
  1.215E+02  7.61249E-01  2.04971E-10 -1.75288E-09 -2.05739E-12 -6.99941E-13
  1.220E+02  7.64960E-01  2.21618E-10 -1.75171E-09 -2.04242E-12 -7.00990E-13
  1.225E+02  7.68650E-01  2.38086E-10 -1.75044E-09 -2.02736E-12 -7.01867E-13
  1.230E+02  7.72320E-01  2.54375E-10 -1.74905E-09 -2.01221E-12 -7.02573E-13
  1.235E+02  7.75968E-01  2.70487E-10 -1.74755E-09 -1.99697E-12 -7.03110E-13
  1.240E+02  7.79596E-01  2.86420E-10 -1.74594E-09 -1.98165E-12 -7.03479E-13
  1.245E+02  7.83203E-01  3.02176E-10 -1.74424E-09 -1.96624E-12 -7.03679E-13
  1.250E+02  7.86788E-01  3.17754E-10 -1.74243E-09 -1.95075E-12 -7.03714E-13
  1.255E+02  7.90351E-01  3.33155E-10 -1.74054E-09 -1.93517E-12 -7.03583E-13
  1.260E+02  7.93893E-01  3.48379E-10 -1.73855E-09 -1.91952E-12 -7.03287E-13
  1.265E+02  7.97411E-01  3.63427E-10 -1.73648E-09 -1.90379E-12 -7.02829E-13
  1.270E+02  8.00908E-01  3.78299E-10 -1.73432E-09 -1.88798E-12 -7.02208E-13
  1.275E+02  8.04381E-01  3.92996E-10 -1.73208E-09 -1.87210E-12 -7.01426E-13
  1.280E+02  8.07831E-01  4.07517E-10 -1.72976E-09 -1.85615E-12 -7.00484E-13
  1.285E+02  8.11257E-01  4.21864E-10 -1.72738E-09 -1.84013E-12 -6.99384E-13
  1.290E+02  8.14660E-01  4.36037E-10 -1.72492E-09 -1.82403E-12 -6.98126E-13
  1.295E+02  8.18039E-01  4.50036E-10 -1.72239E-09 -1.80787E-12 -6.96711E-13
  1.300E+02  8.21394E-01  4.63863E-10 -1.71980E-09 -1.79164E-12 -6.95141E-13
  1.305E+02  8.24724E-01  4.77517E-10 -1.71715E-09 -1.77534E-12 -6.93417E-13
  1.310E+02  8.28030E-01  4.91000E-10 -1.71444E-09 -1.75898E-12 -6.91541E-13
  1.315E+02  8.31310E-01  5.04311E-10 -1.71168E-09 -1.74256E-12 -6.89513E-13
  1.320E+02  8.34565E-01  5.17452E-10 -1.70886E-09 -1.72608E-12 -6.87335E-13
  1.325E+02  8.37795E-01  5.30424E-10 -1.70600E-09 -1.70953E-12 -6.85007E-13
  1.330E+02  8.40999E-01  5.43226E-10 -1.70309E-09 -1.69293E-12 -6.82533E-13
  1.335E+02  8.44177E-01  5.55860E-10 -1.70013E-09 -1.67627E-12 -6.79911E-13
  1.340E+02  8.47329E-01  5.68327E-10 -1.69714E-09 -1.65956E-12 -6.77145E-13
  1.345E+02  8.50455E-01  5.80626E-10 -1.69410E-09 -1.64279E-12 -6.74234E-13
  1.350E+02  8.53553E-01  5.92759E-10 -1.69103E-09 -1.62597E-12 -6.71182E-13
  1.355E+02  8.56625E-01  6.04727E-10 -1.68793E-09 -1.60909E-12 -6.67988E-13
  1.360E+02  8.59670E-01  6.16530E-10 -1.68480E-09 -1.59217E-12 -6.64654E-13
  1.365E+02  8.62687E-01  6.28170E-10 -1.68164E-09 -1.57519E-12 -6.61182E-13
  1.370E+02  8.65677E-01  6.39646E-10 -1.67845E-09 -1.55817E-12 -6.57573E-13
  1.375E+02  8.68639E-01  6.50960E-10 -1.67524E-09 -1.54110E-12 -6.53828E-13
  1.380E+02  8.71572E-01  6.62112E-10 -1.67201E-09 -1.52398E-12 -6.49949E-13
  1.385E+02  8.74478E-01  6.73103E-10 -1.66876E-09 -1.50682E-12 -6.45937E-13
  1.390E+02  8.77355E-01  6.83935E-10 -1.66550E-09 -1.48961E-12 -6.41793E-13
  1.395E+02  8.80203E-01  6.94607E-10 -1.66222E-09 -1.47236E-12 -6.37520E-13
  1.400E+02  8.83022E-01  7.05121E-10 -1.65893E-09 -1.45507E-12 -6.33117E-13
  1.405E+02  8.85812E-01  7.15478E-10 -1.65563E-09 -1.43774E-12 -6.28588E-13
  1.410E+02  8.88573E-01  7.25678E-10 -1.65232E-09 -1.42036E-12 -6.23933E-13
  1.415E+02  8.91304E-01  7.35722E-10 -1.64900E-09 -1.40295E-12 -6.19153E-13
  1.420E+02  8.94005E-01  7.45611E-10 -1.64569E-09 -1.38550E-12 -6.14251E-13
  1.425E+02  8.96677E-01  7.55345E-10 -1.64237E-09 -1.36801E-12 -6.09227E-13
  1.430E+02  8.99318E-01  7.64927E-10 -1.63905E-09 -1.35049E-12 -6.04083E-13
  1.435E+02  9.01928E-01  7.74356E-10 -1.63574E-09 -1.33293E-12 -5.98821E-13
  1.440E+02  9.04508E-01  7.83633E-10 -1.63243E-09 -1.31534E-12 -5.93442E-13
  1.445E+02  9.07058E-01  7.92759E-10 -1.62912E-09 -1.29772E-12 -5.87947E-13
  1.450E+02  9.09576E-01  8.01735E-10 -1.62583E-09 -1.28006E-12 -5.82338E-13
  1.455E+02  9.12063E-01  8.10562E-10 -1.62254E-09 -1.26237E-12 -5.76617E-13
  1.460E+02  9.14519E-01  8.19241E-10 -1.61926E-09 -1.24465E-12 -5.70785E-13
  1.465E+02  9.16943E-01  8.27772E-10 -1.61600E-09 -1.22690E-12 -5.64843E-13
  1.470E+02  9.19335E-01  8.36156E-10 -1.61276E-09 -1.20912E-12 -5.58794E-13
  1.475E+02  9.21696E-01  8.44395E-10 -1.60953E-09 -1.19131E-12 -5.52638E-13
  1.480E+02  9.24024E-01  8.52488E-10 -1.60631E-09 -1.17347E-12 -5.46377E-13
  1.485E+02  9.26320E-01  8.60437E-10 -1.60312E-09 -1.15561E-12 -5.40012E-13
  1.490E+02  9.28584E-01  8.68242E-10 -1.59995E-09 -1.13772E-12 -5.33546E-13
  1.495E+02  9.30815E-01  8.75905E-10 -1.59680E-09 -1.11981E-12 -5.26980E-13
  1.500E+02  9.33013E-01  8.83425E-10 -1.59367E-09 -1.10187E-12 -5.20315E-13
  1.505E+02  9.35178E-01  8.90805E-10 -1.59057E-09 -1.08391E-12 -5.13552E-13
  1.510E+02  9.37310E-01  8.98044E-10 -1.58750E-09 -1.06592E-12 -5.06694E-13
  1.515E+02  9.39409E-01  9.05143E-10 -1.58446E-09 -1.04791E-12 -4.99742E-13
  1.520E+02  9.41474E-01  9.12104E-10 -1.58144E-09 -1.02988E-12 -4.92698E-13
  1.525E+02  9.43505E-01  9.18926E-10 -1.57846E-09 -1.01183E-12 -4.85562E-13
  1.530E+02  9.45503E-01  9.25611E-10 -1.57551E-09 -9.93752E-13 -4.78337E-13
  1.535E+02  9.47467E-01  9.32160E-10 -1.57259E-09 -9.75658E-13 -4.71024E-13
  1.540E+02  9.49397E-01  9.38573E-10 -1.56971E-09 -9.57544E-13 -4.63625E-13
  1.545E+02  9.51293E-01  9.44850E-10 -1.56686E-09 -9.39412E-13 -4.56142E-13
  1.550E+02  9.53154E-01  9.50993E-10 -1.56405E-09 -9.21261E-13 -4.48575E-13
  1.555E+02  9.54981E-01  9.57002E-10 -1.56128E-09 -9.03092E-13 -4.40927E-13
  1.560E+02  9.56773E-01  9.62878E-10 -1.55855E-09 -8.84906E-13 -4.33199E-13
  1.565E+02  9.58530E-01  9.68622E-10 -1.55585E-09 -8.66703E-13 -4.25393E-13
  1.570E+02  9.60252E-01  9.74234E-10 -1.55320E-09 -8.48484E-13 -4.17510E-13
  1.575E+02  9.61940E-01  9.79715E-10 -1.55059E-09 -8.30249E-13 -4.09552E-13
  1.580E+02  9.63592E-01  9.85065E-10 -1.54803E-09 -8.11999E-13 -4.01521E-13
  1.585E+02  9.65209E-01  9.90286E-10 -1.54551E-09 -7.93734E-13 -3.93417E-13
  1.590E+02  9.66790E-01  9.95378E-10 -1.54303E-09 -7.75455E-13 -3.85244E-13
  1.595E+02  9.68336E-01  1.00034E-09 -1.54060E-09 -7.57162E-13 -3.77001E-13
  1.600E+02  9.69846E-01  1.00518E-09 -1.53822E-09 -7.38856E-13 -3.68692E-13
  1.605E+02  9.71321E-01  1.00988E-09 -1.53588E-09 -7.20536E-13 -3.60317E-13
  1.610E+02  9.72759E-01  1.01446E-09 -1.53360E-09 -7.02205E-13 -3.51878E-13
  1.615E+02  9.74162E-01  1.01892E-09 -1.53136E-09 -6.83861E-13 -3.43377E-13
  1.620E+02  9.75528E-01  1.02325E-09 -1.52918E-09 -6.65506E-13 -3.34816E-13
  1.625E+02  9.76858E-01  1.02745E-09 -1.52704E-09 -6.47139E-13 -3.26196E-13
  1.630E+02  9.78152E-01  1.03153E-09 -1.52496E-09 -6.28762E-13 -3.17518E-13
  1.635E+02  9.79410E-01  1.03549E-09 -1.52293E-09 -6.10374E-13 -3.08784E-13
  1.640E+02  9.80631E-01  1.03932E-09 -1.52096E-09 -5.91977E-13 -2.99997E-13
  1.645E+02  9.81815E-01  1.04303E-09 -1.51903E-09 -5.73570E-13 -2.91156E-13
  1.650E+02  9.82963E-01  1.04661E-09 -1.51717E-09 -5.55153E-13 -2.82265E-13
  1.655E+02  9.84074E-01  1.05008E-09 -1.51535E-09 -5.36728E-13 -2.73325E-13
  1.660E+02  9.85148E-01  1.05342E-09 -1.51360E-09 -5.18294E-13 -2.64337E-13
  1.665E+02  9.86185E-01  1.05664E-09 -1.51190E-09 -4.99852E-13 -2.55303E-13
  1.670E+02  9.87185E-01  1.05974E-09 -1.51025E-09 -4.81403E-13 -2.46225E-13
  1.675E+02  9.88148E-01  1.06272E-09 -1.50867E-09 -4.62946E-13 -2.37105E-13
  1.680E+02  9.89074E-01  1.06558E-09 -1.50714E-09 -4.44482E-13 -2.27943E-13
  1.685E+02  9.89962E-01  1.06832E-09 -1.50567E-09 -4.26011E-13 -2.18741E-13
  1.690E+02  9.90814E-01  1.07094E-09 -1.50426E-09 -4.07533E-13 -2.09502E-13
  1.695E+02  9.91627E-01  1.07345E-09 -1.50291E-09 -3.89050E-13 -2.00227E-13
  1.700E+02  9.92404E-01  1.07583E-09 -1.50162E-09 -3.70560E-13 -1.90917E-13
  1.705E+02  9.93143E-01  1.07809E-09 -1.50039E-09 -3.52066E-13 -1.81574E-13
  1.710E+02  9.93844E-01  1.08024E-09 -1.49922E-09 -3.33565E-13 -1.72200E-13
  1.715E+02  9.94508E-01  1.08227E-09 -1.49812E-09 -3.15061E-13 -1.62797E-13
  1.720E+02  9.95134E-01  1.08418E-09 -1.49707E-09 -2.96551E-13 -1.53365E-13
  1.725E+02  9.95722E-01  1.08598E-09 -1.49608E-09 -2.78037E-13 -1.43908E-13
  1.730E+02  9.96273E-01  1.08766E-09 -1.49516E-09 -2.59519E-13 -1.34425E-13
  1.735E+02  9.96786E-01  1.08922E-09 -1.49430E-09 -2.40998E-13 -1.24920E-13
  1.740E+02  9.97261E-01  1.09066E-09 -1.49350E-09 -2.22472E-13 -1.15393E-13
  1.745E+02  9.97698E-01  1.09199E-09 -1.49277E-09 -2.03944E-13 -1.05846E-13
  1.750E+02  9.98097E-01  1.09320E-09 -1.49210E-09 -1.85413E-13 -9.62813E-14
  1.755E+02  9.98459E-01  1.09430E-09 -1.49149E-09 -1.66879E-13 -8.67001E-14
  1.760E+02  9.98782E-01  1.09528E-09 -1.49095E-09 -1.48343E-13 -7.71041E-14
  1.765E+02  9.99067E-01  1.09614E-09 -1.49047E-09 -1.29805E-13 -6.74949E-14
  1.770E+02  9.99315E-01  1.09689E-09 -1.49005E-09 -1.11265E-13 -5.78741E-14
  1.775E+02  9.99524E-01  1.09753E-09 -1.48969E-09 -9.27228E-14 -4.82435E-14
  1.780E+02  9.99695E-01  1.09805E-09 -1.48941E-09 -7.41798E-14 -3.86047E-14
  1.785E+02  9.99829E-01  1.09845E-09 -1.48918E-09 -5.56358E-14 -2.89593E-14
  1.790E+02  9.99924E-01  1.09874E-09 -1.48902E-09 -3.70909E-14 -1.93089E-14
  1.795E+02  9.99981E-01  1.09891E-09 -1.48892E-09 -1.85456E-14 -9.65529E-15
  1.800E+02  1.00000E+00  1.09897E-09 -1.48889E-09 -2.60259E-28 -1.35501E-28
