

  **** PARTIAL WAVE ANALYSIS (DPWA0) ******************************************


  KINETIC ENERGY = 9.60000E+01 eV

      L       PHASE(SPIN UP)     PHASE(SPIN DOWN)
  -----------------------------------------------
       0     -6.13277697E-02      0.00000000E+00
       1      1.55239509E+00      1.55342026E+00
       2      7.01013007E-01      7.01195437E-01
       3      3.19135562E-01      3.19195835E-01
       4      1.48343203E-01      1.48367759E-01
       5      7.05286318E-02      7.05395517E-02
       6      3.41411962E-02      3.41462805E-02
       7      1.67536378E-02      1.67560701E-02
       8      8.30840542E-03      8.30958978E-03
       9      4.15525490E-03      4.15583888E-03
      10      2.09271855E-03      2.09300928E-03
      11      1.06017238E-03      1.06031824E-03
      12      5.39768897E-04      5.39842549E-04
      13      2.75980405E-04      2.76017800E-04
      14      1.41613360E-04      1.41632435E-04
      15      7.28848602E-05      7.28946285E-05
      16      3.76062233E-05      3.76112424E-05
      17      1.94438149E-05      1.94464011E-05
      18      1.00702039E-05      1.00715396E-05
      19      5.22262787E-06      5.22331900E-06
      20      2.71152701E-06      2.71188519E-06
      21      1.40900172E-06      1.40918757E-06
      22      7.32650572E-07      7.32747108E-07
      23      3.81152864E-07      3.81203046E-07
      24      1.98362651E-07      1.98388749E-07
      25      1.03259693E-07      1.03273273E-07
      26      5.37615470E-08      5.37686179E-08
      27      2.79931111E-08      2.79967928E-08
      28      1.45761550E-08      1.45780735E-08
      29      7.58972740E-09      7.59072562E-09
      30      3.95164269E-09      3.95216448E-09
      31      2.05723831E-09      2.05750548E-09
      32      1.07090398E-09      1.07104350E-09
      33      5.57397054E-10      5.57471987E-10
      34      2.90050580E-10      2.90092086E-10


  *** SCATTERING AMPLITUDES AND DIFFERENTIAL CROSS SECTION ***

    ANGLE      DCS       ASYMMETRY    DIRECT AMPLITUDE       SPIN-FLIP AMPLITUDE     ERROR
    (deg)   (cm**2/sr)                      (cm)                    (cm)
  -------------------------------------------------------------------------------------------
  0.000E+00 3.76952E-16  0.000E+00  1.523E-08  1.204E-08  0.000E+00  0.000E+00  1.00E-07
  1.000E-04 3.76952E-16  2.436E-10  1.523E-08  1.204E-08  1.314E-19  3.119E-18  1.00E-07
  1.250E-04 3.76952E-16  3.046E-10  1.523E-08  1.204E-08  1.642E-19  3.899E-18  1.00E-07
  1.500E-04 3.76952E-16  3.655E-10  1.523E-08  1.204E-08  1.971E-19  4.679E-18  1.00E-07
  1.750E-04 3.76952E-16  4.264E-10  1.523E-08  1.204E-08  2.299E-19  5.458E-18  1.00E-07
  2.000E-04 3.76952E-16  4.873E-10  1.523E-08  1.204E-08  2.628E-19  6.238E-18  1.00E-07
  2.250E-04 3.76952E-16  5.482E-10  1.523E-08  1.204E-08  2.956E-19  7.018E-18  1.00E-07
  2.500E-04 3.76952E-16  6.091E-10  1.523E-08  1.204E-08  3.285E-19  7.798E-18  1.00E-07
  2.750E-04 3.76952E-16  6.700E-10  1.523E-08  1.204E-08  3.613E-19  8.577E-18  1.00E-07
  3.000E-04 3.76952E-16  7.309E-10  1.523E-08  1.204E-08  3.942E-19  9.357E-18  1.00E-07
  3.250E-04 3.76952E-16  7.919E-10  1.523E-08  1.204E-08  4.270E-19  1.014E-17  1.00E-07
  3.500E-04 3.76952E-16  8.528E-10  1.523E-08  1.204E-08  4.598E-19  1.092E-17  1.00E-07
  3.750E-04 3.76952E-16  9.137E-10  1.523E-08  1.204E-08  4.927E-19  1.170E-17  1.00E-07
  4.000E-04 3.76952E-16  9.746E-10  1.523E-08  1.204E-08  5.255E-19  1.248E-17  1.00E-07
  4.250E-04 3.76952E-16  1.036E-09  1.523E-08  1.204E-08  5.584E-19  1.326E-17  1.00E-07
  4.500E-04 3.76952E-16  1.096E-09  1.523E-08  1.204E-08  5.912E-19  1.404E-17  1.00E-07
  4.750E-04 3.76952E-16  1.157E-09  1.523E-08  1.204E-08  6.241E-19  1.482E-17  1.00E-07
  5.000E-04 3.76952E-16  1.218E-09  1.523E-08  1.204E-08  6.569E-19  1.560E-17  1.00E-07
  5.250E-04 3.76952E-16  1.279E-09  1.523E-08  1.204E-08  6.898E-19  1.638E-17  1.00E-07
  5.500E-04 3.76952E-16  1.340E-09  1.523E-08  1.204E-08  7.226E-19  1.715E-17  1.00E-07
  5.750E-04 3.76952E-16  1.401E-09  1.523E-08  1.204E-08  7.555E-19  1.793E-17  1.00E-07
  6.000E-04 3.76952E-16  1.462E-09  1.523E-08  1.204E-08  7.883E-19  1.871E-17  1.00E-07
  6.250E-04 3.76952E-16  1.523E-09  1.523E-08  1.204E-08  8.211E-19  1.949E-17  1.00E-07
  6.500E-04 3.76952E-16  1.584E-09  1.523E-08  1.204E-08  8.540E-19  2.027E-17  1.00E-07
  6.750E-04 3.76952E-16  1.645E-09  1.523E-08  1.204E-08  8.868E-19  2.105E-17  1.00E-07
  7.000E-04 3.76952E-16  1.706E-09  1.523E-08  1.204E-08  9.197E-19  2.183E-17  1.00E-07
  7.250E-04 3.76952E-16  1.766E-09  1.523E-08  1.204E-08  9.525E-19  2.261E-17  1.00E-07
  7.500E-04 3.76952E-16  1.827E-09  1.523E-08  1.204E-08  9.854E-19  2.339E-17  1.00E-07
  7.750E-04 3.76952E-16  1.888E-09  1.523E-08  1.204E-08  1.018E-18  2.417E-17  1.00E-07
  8.000E-04 3.76952E-16  1.949E-09  1.523E-08  1.204E-08  1.051E-18  2.495E-17  1.00E-07
  8.250E-04 3.76952E-16  2.010E-09  1.523E-08  1.204E-08  1.084E-18  2.573E-17  1.00E-07
  8.500E-04 3.76952E-16  2.071E-09  1.523E-08  1.204E-08  1.117E-18  2.651E-17  1.00E-07
  8.750E-04 3.76952E-16  2.132E-09  1.523E-08  1.204E-08  1.150E-18  2.729E-17  1.00E-07
  9.000E-04 3.76952E-16  2.193E-09  1.523E-08  1.204E-08  1.182E-18  2.807E-17  1.00E-07
  9.250E-04 3.76952E-16  2.254E-09  1.523E-08  1.204E-08  1.215E-18  2.885E-17  1.00E-07
  9.500E-04 3.76952E-16  2.315E-09  1.523E-08  1.204E-08  1.248E-18  2.963E-17  1.00E-07
  9.750E-04 3.76952E-16  2.376E-09  1.523E-08  1.204E-08  1.281E-18  3.041E-17  1.00E-07
  1.000E-03 3.76952E-16  2.436E-09  1.523E-08  1.204E-08  1.314E-18  3.119E-17  1.00E-07
  1.250E-03 3.76952E-16  3.046E-09  1.523E-08  1.204E-08  1.642E-18  3.899E-17  1.00E-07
  1.500E-03 3.76952E-16  3.655E-09  1.523E-08  1.204E-08  1.971E-18  4.679E-17  1.00E-07
  1.750E-03 3.76952E-16  4.264E-09  1.523E-08  1.204E-08  2.299E-18  5.458E-17  1.00E-07
  2.000E-03 3.76952E-16  4.873E-09  1.523E-08  1.204E-08  2.628E-18  6.238E-17  1.00E-07
  2.250E-03 3.76952E-16  5.482E-09  1.523E-08  1.204E-08  2.956E-18  7.018E-17  1.00E-07
  2.500E-03 3.76952E-16  6.091E-09  1.523E-08  1.204E-08  3.285E-18  7.798E-17  1.00E-07
  2.750E-03 3.76952E-16  6.700E-09  1.523E-08  1.204E-08  3.613E-18  8.577E-17  1.00E-07
  3.000E-03 3.76952E-16  7.309E-09  1.523E-08  1.204E-08  3.942E-18  9.357E-17  1.00E-07
  3.250E-03 3.76952E-16  7.919E-09  1.523E-08  1.204E-08  4.270E-18  1.014E-16  1.00E-07
  3.500E-03 3.76952E-16  8.528E-09  1.523E-08  1.204E-08  4.598E-18  1.092E-16  1.00E-07
  3.750E-03 3.76952E-16  9.137E-09  1.523E-08  1.204E-08  4.927E-18  1.170E-16  1.00E-07
  4.000E-03 3.76952E-16  9.746E-09  1.523E-08  1.204E-08  5.255E-18  1.248E-16  1.00E-07
  4.250E-03 3.76952E-16  1.036E-08  1.523E-08  1.204E-08  5.584E-18  1.326E-16  1.00E-07
  4.500E-03 3.76952E-16  1.096E-08  1.523E-08  1.204E-08  5.912E-18  1.404E-16  1.00E-07
  4.750E-03 3.76952E-16  1.157E-08  1.523E-08  1.204E-08  6.241E-18  1.482E-16  1.00E-07
  5.000E-03 3.76952E-16  1.218E-08  1.523E-08  1.204E-08  6.569E-18  1.560E-16  1.00E-07
  5.250E-03 3.76952E-16  1.279E-08  1.523E-08  1.204E-08  6.898E-18  1.638E-16  1.00E-07
  5.500E-03 3.76952E-16  1.340E-08  1.523E-08  1.204E-08  7.226E-18  1.715E-16  1.00E-07
  5.750E-03 3.76952E-16  1.401E-08  1.523E-08  1.204E-08  7.555E-18  1.793E-16  1.00E-07
  6.000E-03 3.76952E-16  1.462E-08  1.523E-08  1.204E-08  7.883E-18  1.871E-16  1.00E-07
  6.250E-03 3.76952E-16  1.523E-08  1.523E-08  1.204E-08  8.211E-18  1.949E-16  1.00E-07
  6.500E-03 3.76952E-16  1.584E-08  1.523E-08  1.204E-08  8.540E-18  2.027E-16  1.00E-07
  6.750E-03 3.76952E-16  1.645E-08  1.523E-08  1.204E-08  8.868E-18  2.105E-16  1.00E-07
  7.000E-03 3.76952E-16  1.706E-08  1.523E-08  1.204E-08  9.197E-18  2.183E-16  1.00E-07
  7.250E-03 3.76952E-16  1.766E-08  1.523E-08  1.204E-08  9.525E-18  2.261E-16  1.00E-07
  7.500E-03 3.76952E-16  1.827E-08  1.523E-08  1.204E-08  9.854E-18  2.339E-16  1.00E-07
  7.750E-03 3.76952E-16  1.888E-08  1.523E-08  1.204E-08  1.018E-17  2.417E-16  1.00E-07
  8.000E-03 3.76952E-16  1.949E-08  1.523E-08  1.204E-08  1.051E-17  2.495E-16  1.00E-07
  8.250E-03 3.76952E-16  2.010E-08  1.523E-08  1.204E-08  1.084E-17  2.573E-16  1.00E-07
  8.500E-03 3.76952E-16  2.071E-08  1.523E-08  1.204E-08  1.117E-17  2.651E-16  1.00E-07
  8.750E-03 3.76951E-16  2.132E-08  1.523E-08  1.204E-08  1.150E-17  2.729E-16  1.00E-07
  9.000E-03 3.76951E-16  2.193E-08  1.523E-08  1.204E-08  1.182E-17  2.807E-16  1.00E-07
  9.250E-03 3.76951E-16  2.254E-08  1.523E-08  1.204E-08  1.215E-17  2.885E-16  1.00E-07
  9.500E-03 3.76951E-16  2.315E-08  1.523E-08  1.204E-08  1.248E-17  2.963E-16  1.00E-07
  9.750E-03 3.76951E-16  2.376E-08  1.523E-08  1.204E-08  1.281E-17  3.041E-16  1.00E-07
  1.000E-02 3.76951E-16  2.436E-08  1.523E-08  1.204E-08  1.314E-17  3.119E-16  1.00E-07
  1.250E-02 3.76951E-16  3.046E-08  1.523E-08  1.204E-08  1.642E-17  3.899E-16  1.00E-07
  1.500E-02 3.76951E-16  3.655E-08  1.523E-08  1.204E-08  1.971E-17  4.679E-16  1.00E-07
  1.750E-02 3.76951E-16  4.264E-08  1.523E-08  1.204E-08  2.299E-17  5.458E-16  1.00E-07
  2.000E-02 3.76951E-16  4.873E-08  1.523E-08  1.204E-08  2.628E-17  6.238E-16  1.00E-07
  2.250E-02 3.76951E-16  5.482E-08  1.523E-08  1.204E-08  2.956E-17  7.018E-16  1.00E-07
  2.500E-02 3.76951E-16  6.091E-08  1.523E-08  1.204E-08  3.285E-17  7.798E-16  1.00E-07
  2.750E-02 3.76951E-16  6.700E-08  1.523E-08  1.204E-08  3.613E-17  8.577E-16  1.00E-07
  3.000E-02 3.76951E-16  7.309E-08  1.523E-08  1.204E-08  3.941E-17  9.357E-16  1.00E-07
  3.250E-02 3.76951E-16  7.919E-08  1.523E-08  1.204E-08  4.270E-17  1.014E-15  1.00E-07
  3.500E-02 3.76951E-16  8.528E-08  1.523E-08  1.204E-08  4.598E-17  1.092E-15  1.00E-07
  3.750E-02 3.76950E-16  9.137E-08  1.523E-08  1.204E-08  4.927E-17  1.170E-15  1.00E-07
  4.000E-02 3.76950E-16  9.746E-08  1.523E-08  1.204E-08  5.255E-17  1.248E-15  1.00E-07
  4.250E-02 3.76950E-16  1.036E-07  1.523E-08  1.204E-08  5.583E-17  1.326E-15  1.00E-07
  4.500E-02 3.76950E-16  1.096E-07  1.523E-08  1.204E-08  5.912E-17  1.404E-15  1.00E-07
  4.750E-02 3.76950E-16  1.157E-07  1.523E-08  1.204E-08  6.240E-17  1.482E-15  1.00E-07
  5.000E-02 3.76949E-16  1.218E-07  1.523E-08  1.204E-08  6.569E-17  1.560E-15  1.00E-07
  5.250E-02 3.76949E-16  1.279E-07  1.523E-08  1.204E-08  6.897E-17  1.638E-15  1.00E-07
  5.500E-02 3.76949E-16  1.340E-07  1.523E-08  1.204E-08  7.225E-17  1.715E-15  1.00E-07
  5.750E-02 3.76949E-16  1.401E-07  1.523E-08  1.204E-08  7.554E-17  1.793E-15  1.00E-07
  6.000E-02 3.76949E-16  1.462E-07  1.523E-08  1.204E-08  7.882E-17  1.871E-15  1.00E-07
  6.250E-02 3.76948E-16  1.523E-07  1.523E-08  1.204E-08  8.210E-17  1.949E-15  1.00E-07
  6.500E-02 3.76948E-16  1.584E-07  1.523E-08  1.204E-08  8.539E-17  2.027E-15  1.00E-07
  6.750E-02 3.76948E-16  1.645E-07  1.523E-08  1.204E-08  8.867E-17  2.105E-15  1.00E-07
  7.000E-02 3.76947E-16  1.706E-07  1.523E-08  1.204E-08  9.195E-17  2.183E-15  1.00E-07
  7.250E-02 3.76947E-16  1.766E-07  1.523E-08  1.204E-08  9.524E-17  2.261E-15  1.00E-07
  7.500E-02 3.76947E-16  1.827E-07  1.523E-08  1.204E-08  9.852E-17  2.339E-15  1.00E-07
  7.750E-02 3.76947E-16  1.888E-07  1.523E-08  1.204E-08  1.018E-16  2.417E-15  1.00E-07
  8.000E-02 3.76946E-16  1.949E-07  1.523E-08  1.204E-08  1.051E-16  2.495E-15  1.00E-07
  8.250E-02 3.76946E-16  2.010E-07  1.523E-08  1.204E-08  1.084E-16  2.573E-15  1.00E-07
  8.500E-02 3.76946E-16  2.071E-07  1.523E-08  1.204E-08  1.117E-16  2.651E-15  1.00E-07
  8.750E-02 3.76945E-16  2.132E-07  1.523E-08  1.204E-08  1.149E-16  2.729E-15  1.00E-07
  9.000E-02 3.76945E-16  2.193E-07  1.523E-08  1.204E-08  1.182E-16  2.807E-15  1.00E-07
  9.250E-02 3.76944E-16  2.254E-07  1.523E-08  1.204E-08  1.215E-16  2.885E-15  1.00E-07
  9.500E-02 3.76944E-16  2.315E-07  1.523E-08  1.204E-08  1.248E-16  2.963E-15  1.00E-07
  9.750E-02 3.76944E-16  2.376E-07  1.523E-08  1.204E-08  1.281E-16  3.041E-15  1.00E-07
  1.000E-01 3.76943E-16  2.437E-07  1.523E-08  1.204E-08  1.313E-16  3.119E-15  1.00E-07
  1.250E-01 3.76939E-16  3.046E-07  1.523E-08  1.204E-08  1.641E-16  3.899E-15  1.00E-07
  1.500E-01 3.76933E-16  3.655E-07  1.523E-08  1.204E-08  1.969E-16  4.679E-15  1.00E-07
  1.750E-01 3.76926E-16  4.264E-07  1.523E-08  1.204E-08  2.297E-16  5.458E-15  1.00E-07
  2.000E-01 3.76918E-16  4.873E-07  1.523E-08  1.204E-08  2.624E-16  6.238E-15  1.00E-07
  2.250E-01 3.76910E-16  5.482E-07  1.523E-08  1.204E-08  2.951E-16  7.018E-15  1.00E-07
  2.500E-01 3.76900E-16  6.092E-07  1.523E-08  1.204E-08  3.278E-16  7.797E-15  1.00E-07
  2.750E-01 3.76889E-16  6.701E-07  1.523E-08  1.204E-08  3.605E-16  8.577E-15  1.00E-07
  3.000E-01 3.76877E-16  7.310E-07  1.523E-08  1.204E-08  3.930E-16  9.357E-15  1.00E-07
  3.250E-01 3.76864E-16  7.920E-07  1.523E-08  1.204E-08  4.256E-16  1.014E-14  1.00E-07
  3.500E-01 3.76850E-16  8.529E-07  1.523E-08  1.204E-08  4.581E-16  1.092E-14  1.00E-07
  3.750E-01 3.76835E-16  9.139E-07  1.523E-08  1.204E-08  4.905E-16  1.170E-14  1.00E-07
  4.000E-01 3.76819E-16  9.748E-07  1.523E-08  1.204E-08  5.229E-16  1.248E-14  1.00E-07
  4.250E-01 3.76802E-16  1.036E-06  1.523E-08  1.204E-08  5.552E-16  1.326E-14  1.00E-07
  4.500E-01 3.76784E-16  1.097E-06  1.523E-08  1.204E-08  5.875E-16  1.403E-14  1.00E-07
  4.750E-01 3.76764E-16  1.158E-06  1.522E-08  1.204E-08  6.197E-16  1.481E-14  1.00E-07
  5.000E-01 3.76744E-16  1.219E-06  1.522E-08  1.204E-08  6.518E-16  1.559E-14  1.00E-07
  5.250E-01 3.76723E-16  1.280E-06  1.522E-08  1.204E-08  6.838E-16  1.637E-14  1.00E-07
  5.500E-01 3.76701E-16  1.341E-06  1.522E-08  1.204E-08  7.158E-16  1.715E-14  1.00E-07
  5.750E-01 3.76677E-16  1.402E-06  1.522E-08  1.204E-08  7.477E-16  1.793E-14  1.00E-07
  6.000E-01 3.76653E-16  1.463E-06  1.522E-08  1.204E-08  7.794E-16  1.871E-14  1.00E-07
  6.250E-01 3.76628E-16  1.524E-06  1.522E-08  1.204E-08  8.111E-16  1.949E-14  1.00E-07
  6.500E-01 3.76601E-16  1.585E-06  1.522E-08  1.204E-08  8.427E-16  2.027E-14  1.00E-07
  6.750E-01 3.76574E-16  1.646E-06  1.522E-08  1.204E-08  8.742E-16  2.105E-14  1.00E-07
  7.000E-01 3.76545E-16  1.707E-06  1.522E-08  1.204E-08  9.056E-16  2.183E-14  1.00E-07
  7.250E-01 3.76516E-16  1.768E-06  1.522E-08  1.204E-08  9.369E-16  2.261E-14  1.00E-07
  7.500E-01 3.76485E-16  1.829E-06  1.522E-08  1.204E-08  9.681E-16  2.339E-14  1.00E-07
  7.750E-01 3.76454E-16  1.890E-06  1.522E-08  1.204E-08  9.991E-16  2.417E-14  1.00E-07
  8.000E-01 3.76421E-16  1.951E-06  1.522E-08  1.204E-08  1.030E-15  2.495E-14  1.00E-07
  8.250E-01 3.76387E-16  2.012E-06  1.521E-08  1.204E-08  1.061E-15  2.573E-14  1.00E-07
  8.500E-01 3.76353E-16  2.073E-06  1.521E-08  1.204E-08  1.092E-15  2.651E-14  1.00E-07
  8.750E-01 3.76317E-16  2.134E-06  1.521E-08  1.204E-08  1.122E-15  2.728E-14  1.00E-07
  9.000E-01 3.76280E-16  2.195E-06  1.521E-08  1.204E-08  1.153E-15  2.806E-14  1.00E-07
  9.250E-01 3.76243E-16  2.256E-06  1.521E-08  1.204E-08  1.183E-15  2.884E-14  1.00E-07
  9.500E-01 3.76204E-16  2.318E-06  1.521E-08  1.204E-08  1.213E-15  2.962E-14  1.00E-07
  9.750E-01 3.76164E-16  2.379E-06  1.521E-08  1.204E-08  1.243E-15  3.040E-14  1.00E-07
  1.000E+00 3.76123E-16  2.440E-06  1.521E-08  1.204E-08  1.273E-15  3.118E-14  1.00E-07
  1.100E+00 3.75949E-16  2.685E-06  1.520E-08  1.204E-08  1.391E-15  3.430E-14  1.00E-07
  1.200E+00 3.75759E-16  2.930E-06  1.520E-08  1.203E-08  1.506E-15  3.741E-14  1.00E-07
  1.300E+00 3.75553E-16  3.175E-06  1.519E-08  1.203E-08  1.618E-15  4.052E-14  1.00E-07
  1.400E+00 3.75330E-16  3.420E-06  1.518E-08  1.203E-08  1.727E-15  4.364E-14  1.00E-07
  1.500E+00 3.75091E-16  3.666E-06  1.518E-08  1.203E-08  1.832E-15  4.675E-14  1.00E-07
  1.600E+00 3.74835E-16  3.912E-06  1.517E-08  1.203E-08  1.934E-15  4.986E-14  1.00E-07
  1.700E+00 3.74564E-16  4.158E-06  1.516E-08  1.203E-08  2.032E-15  5.297E-14  1.00E-07
  1.800E+00 3.74276E-16  4.405E-06  1.516E-08  1.202E-08  2.126E-15  5.608E-14  1.00E-07
  1.900E+00 3.73972E-16  4.652E-06  1.515E-08  1.202E-08  2.216E-15  5.919E-14  1.00E-07
  2.000E+00 3.73652E-16  4.900E-06  1.514E-08  1.202E-08  2.300E-15  6.230E-14  1.00E-07
  2.100E+00 3.73315E-16  5.147E-06  1.513E-08  1.202E-08  2.380E-15  6.540E-14  1.00E-07
  2.200E+00 3.72963E-16  5.396E-06  1.512E-08  1.202E-08  2.455E-15  6.851E-14  1.00E-07
  2.300E+00 3.72595E-16  5.644E-06  1.511E-08  1.201E-08  2.524E-15  7.161E-14  1.00E-07
  2.400E+00 3.72211E-16  5.894E-06  1.510E-08  1.201E-08  2.588E-15  7.471E-14  1.00E-07
  2.500E+00 3.71812E-16  6.143E-06  1.509E-08  1.201E-08  2.646E-15  7.781E-14  1.00E-07
  2.600E+00 3.71396E-16  6.393E-06  1.507E-08  1.201E-08  2.698E-15  8.091E-14  1.00E-07
  2.700E+00 3.70965E-16  6.644E-06  1.506E-08  1.200E-08  2.744E-15  8.401E-14  1.00E-07
  2.800E+00 3.70518E-16  6.895E-06  1.505E-08  1.200E-08  2.783E-15  8.710E-14  1.00E-07
  2.900E+00 3.70056E-16  7.147E-06  1.504E-08  1.200E-08  2.816E-15  9.020E-14  1.00E-07
  3.000E+00 3.69578E-16  7.399E-06  1.502E-08  1.200E-08  2.841E-15  9.329E-14  1.00E-07
  3.100E+00 3.69085E-16  7.652E-06  1.501E-08  1.199E-08  2.859E-15  9.638E-14  1.00E-07
  3.200E+00 3.68577E-16  7.906E-06  1.499E-08  1.199E-08  2.870E-15  9.947E-14  1.00E-07
  3.300E+00 3.68053E-16  8.160E-06  1.498E-08  1.199E-08  2.873E-15  1.026E-13  1.00E-07
  3.400E+00 3.67515E-16  8.415E-06  1.496E-08  1.198E-08  2.869E-15  1.056E-13  1.00E-07
  3.500E+00 3.66961E-16  8.671E-06  1.495E-08  1.198E-08  2.856E-15  1.087E-13  1.00E-07
  3.600E+00 3.66393E-16  8.927E-06  1.493E-08  1.198E-08  2.835E-15  1.118E-13  1.00E-07
  3.700E+00 3.65809E-16  9.184E-06  1.492E-08  1.197E-08  2.805E-15  1.149E-13  1.00E-07
  3.800E+00 3.65211E-16  9.442E-06  1.490E-08  1.197E-08  2.766E-15  1.179E-13  1.00E-07
  3.900E+00 3.64598E-16  9.701E-06  1.488E-08  1.196E-08  2.719E-15  1.210E-13  1.00E-07
  4.000E+00 3.63971E-16  9.960E-06  1.486E-08  1.196E-08  2.662E-15  1.241E-13  1.00E-07
  4.100E+00 3.63329E-16  1.022E-05  1.484E-08  1.196E-08  2.596E-15  1.272E-13  1.00E-07
  4.200E+00 3.62673E-16  1.048E-05  1.483E-08  1.195E-08  2.520E-15  1.302E-13  1.00E-07
  4.300E+00 3.62002E-16  1.074E-05  1.481E-08  1.195E-08  2.434E-15  1.333E-13  1.00E-07
  4.400E+00 3.61318E-16  1.101E-05  1.479E-08  1.194E-08  2.338E-15  1.363E-13  1.00E-07
  4.500E+00 3.60619E-16  1.127E-05  1.477E-08  1.194E-08  2.232E-15  1.394E-13  1.00E-07
  4.600E+00 3.59907E-16  1.153E-05  1.475E-08  1.193E-08  2.116E-15  1.425E-13  1.00E-07
  4.700E+00 3.59181E-16  1.180E-05  1.473E-08  1.193E-08  1.989E-15  1.455E-13  1.00E-07
  4.800E+00 3.58441E-16  1.207E-05  1.470E-08  1.193E-08  1.850E-15  1.486E-13  1.00E-07
  4.900E+00 3.57687E-16  1.233E-05  1.468E-08  1.192E-08  1.701E-15  1.516E-13  1.00E-07
  5.000E+00 3.56920E-16  1.260E-05  1.466E-08  1.192E-08  1.541E-15  1.546E-13  1.00E-07
  5.100E+00 3.56140E-16  1.287E-05  1.464E-08  1.191E-08  1.369E-15  1.577E-13  1.00E-07
  5.200E+00 3.55346E-16  1.314E-05  1.462E-08  1.191E-08  1.185E-15  1.607E-13  1.00E-07
  5.300E+00 3.54540E-16  1.341E-05  1.459E-08  1.190E-08  9.892E-16  1.638E-13  1.00E-07
  5.400E+00 3.53720E-16  1.369E-05  1.457E-08  1.189E-08  7.814E-16  1.668E-13  1.00E-07
  5.500E+00 3.52888E-16  1.396E-05  1.454E-08  1.189E-08  5.613E-16  1.698E-13  1.00E-07
  5.600E+00 3.52043E-16  1.423E-05  1.452E-08  1.188E-08  3.288E-16  1.728E-13  1.00E-07
  5.700E+00 3.51185E-16  1.451E-05  1.449E-08  1.188E-08  8.354E-17  1.759E-13  1.00E-07
  5.800E+00 3.50315E-16  1.479E-05  1.447E-08  1.187E-08 -1.745E-16  1.789E-13  1.00E-07
  5.900E+00 3.49433E-16  1.507E-05  1.444E-08  1.187E-08 -4.457E-16  1.819E-13  1.00E-07
  6.000E+00 3.48538E-16  1.535E-05  1.442E-08  1.186E-08 -7.300E-16  1.849E-13  1.00E-07
  6.100E+00 3.47631E-16  1.563E-05  1.439E-08  1.185E-08 -1.028E-15  1.879E-13  1.00E-07
  6.200E+00 3.46713E-16  1.591E-05  1.436E-08  1.185E-08 -1.339E-15  1.909E-13  1.00E-07
  6.300E+00 3.45783E-16  1.619E-05  1.434E-08  1.184E-08 -1.664E-15  1.939E-13  1.00E-07
  6.400E+00 3.44841E-16  1.648E-05  1.431E-08  1.184E-08 -2.003E-15  1.969E-13  1.00E-07
  6.500E+00 3.43888E-16  1.676E-05  1.428E-08  1.183E-08 -2.356E-15  1.999E-13  1.00E-07
  6.600E+00 3.42923E-16  1.705E-05  1.425E-08  1.182E-08 -2.724E-15  2.029E-13  1.00E-07
  6.700E+00 3.41947E-16  1.734E-05  1.422E-08  1.182E-08 -3.106E-15  2.058E-13  1.00E-07
  6.800E+00 3.40960E-16  1.763E-05  1.419E-08  1.181E-08 -3.502E-15  2.088E-13  1.00E-07
  6.900E+00 3.39962E-16  1.792E-05  1.417E-08  1.180E-08 -3.913E-15  2.118E-13  1.00E-07
  7.000E+00 3.38954E-16  1.821E-05  1.414E-08  1.180E-08 -4.340E-15  2.148E-13  1.00E-07
  7.100E+00 3.37935E-16  1.851E-05  1.411E-08  1.179E-08 -4.781E-15  2.177E-13  1.00E-07
  7.200E+00 3.36905E-16  1.880E-05  1.407E-08  1.178E-08 -5.238E-15  2.207E-13  1.00E-07
  7.300E+00 3.35865E-16  1.910E-05  1.404E-08  1.177E-08 -5.710E-15  2.236E-13  1.00E-07
  7.400E+00 3.34815E-16  1.940E-05  1.401E-08  1.177E-08 -6.197E-15  2.266E-13  1.00E-07
  7.500E+00 3.33755E-16  1.970E-05  1.398E-08  1.176E-08 -6.701E-15  2.295E-13  1.00E-07
  7.600E+00 3.32685E-16  2.000E-05  1.395E-08  1.175E-08 -7.220E-15  2.325E-13  1.00E-07
  7.700E+00 3.31606E-16  2.031E-05  1.392E-08  1.175E-08 -7.755E-15  2.354E-13  1.00E-07
  7.800E+00 3.30517E-16  2.061E-05  1.388E-08  1.174E-08 -8.306E-15  2.384E-13  1.00E-07
  7.900E+00 3.29418E-16  2.092E-05  1.385E-08  1.173E-08 -8.874E-15  2.413E-13  1.00E-07
  8.000E+00 3.28311E-16  2.123E-05  1.382E-08  1.172E-08 -9.458E-15  2.442E-13  1.00E-07
  8.100E+00 3.27194E-16  2.154E-05  1.378E-08  1.171E-08 -1.006E-14  2.471E-13  1.00E-07
  8.200E+00 3.26068E-16  2.185E-05  1.375E-08  1.171E-08 -1.068E-14  2.500E-13  1.00E-07
  8.300E+00 3.24933E-16  2.217E-05  1.371E-08  1.170E-08 -1.131E-14  2.529E-13  1.00E-07
  8.400E+00 3.23790E-16  2.248E-05  1.368E-08  1.169E-08 -1.196E-14  2.558E-13  1.00E-07
  8.500E+00 3.22639E-16  2.280E-05  1.365E-08  1.168E-08 -1.263E-14  2.587E-13  1.00E-07
  8.600E+00 3.21479E-16  2.312E-05  1.361E-08  1.167E-08 -1.332E-14  2.616E-13  1.00E-07
  8.700E+00 3.20311E-16  2.344E-05  1.357E-08  1.166E-08 -1.402E-14  2.645E-13  1.00E-07
  8.800E+00 3.19135E-16  2.376E-05  1.354E-08  1.166E-08 -1.474E-14  2.674E-13  1.00E-07
  8.900E+00 3.17951E-16  2.409E-05  1.350E-08  1.165E-08 -1.548E-14  2.703E-13  1.00E-07
  9.000E+00 3.16760E-16  2.442E-05  1.347E-08  1.164E-08 -1.623E-14  2.732E-13  1.00E-07
  9.100E+00 3.15561E-16  2.475E-05  1.343E-08  1.163E-08 -1.701E-14  2.760E-13  1.00E-07
  9.200E+00 3.14354E-16  2.508E-05  1.339E-08  1.162E-08 -1.780E-14  2.789E-13  1.00E-07
  9.300E+00 3.13141E-16  2.541E-05  1.335E-08  1.161E-08 -1.861E-14  2.817E-13  1.00E-07
  9.400E+00 3.11920E-16  2.574E-05  1.332E-08  1.160E-08 -1.944E-14  2.846E-13  1.00E-07
  9.500E+00 3.10693E-16  2.608E-05  1.328E-08  1.159E-08 -2.028E-14  2.874E-13  1.00E-07
  9.600E+00 3.09459E-16  2.642E-05  1.324E-08  1.158E-08 -2.115E-14  2.903E-13  1.00E-07
  9.700E+00 3.08218E-16  2.676E-05  1.320E-08  1.157E-08 -2.203E-14  2.931E-13  1.00E-07
  9.800E+00 3.06971E-16  2.711E-05  1.316E-08  1.156E-08 -2.293E-14  2.959E-13  1.00E-07
  9.900E+00 3.05718E-16  2.745E-05  1.312E-08  1.156E-08 -2.385E-14  2.988E-13  1.00E-07
  1.000E+01 3.04458E-16  2.780E-05  1.308E-08  1.155E-08 -2.479E-14  3.016E-13  1.00E-07
  1.025E+01 3.01284E-16  2.868E-05  1.298E-08  1.152E-08 -2.722E-14  3.086E-13  1.00E-07
  1.050E+01 2.98076E-16  2.957E-05  1.288E-08  1.150E-08 -2.977E-14  3.156E-13  1.00E-07
  1.075E+01 2.94835E-16  3.048E-05  1.278E-08  1.147E-08 -3.244E-14  3.225E-13  1.00E-07
  1.100E+01 2.91565E-16  3.140E-05  1.267E-08  1.144E-08 -3.523E-14  3.294E-13  1.00E-07
  1.125E+01 2.88267E-16  3.234E-05  1.257E-08  1.142E-08 -3.815E-14  3.363E-13  1.00E-07
  1.150E+01 2.84945E-16  3.329E-05  1.246E-08  1.139E-08 -4.118E-14  3.431E-13  1.00E-07
  1.175E+01 2.81600E-16  3.426E-05  1.235E-08  1.136E-08 -4.435E-14  3.498E-13  1.00E-07
  1.200E+01 2.78235E-16  3.525E-05  1.224E-08  1.133E-08 -4.763E-14  3.566E-13  1.00E-07
  1.225E+01 2.74853E-16  3.625E-05  1.213E-08  1.130E-08 -5.105E-14  3.633E-13  1.00E-07
  1.250E+01 2.71454E-16  3.728E-05  1.201E-08  1.127E-08 -5.459E-14  3.699E-13  1.00E-07
  1.275E+01 2.68043E-16  3.832E-05  1.190E-08  1.124E-08 -5.825E-14  3.765E-13  1.00E-07
  1.300E+01 2.64620E-16  3.937E-05  1.178E-08  1.121E-08 -6.205E-14  3.831E-13  1.00E-07
  1.325E+01 2.61188E-16  4.045E-05  1.167E-08  1.118E-08 -6.597E-14  3.896E-13  1.00E-07
  1.350E+01 2.57750E-16  4.155E-05  1.155E-08  1.115E-08 -7.002E-14  3.960E-13  1.00E-07
  1.375E+01 2.54307E-16  4.267E-05  1.143E-08  1.112E-08 -7.420E-14  4.024E-13  1.00E-07
  1.400E+01 2.50861E-16  4.380E-05  1.131E-08  1.109E-08 -7.851E-14  4.088E-13  1.00E-07
  1.425E+01 2.47414E-16  4.496E-05  1.119E-08  1.105E-08 -8.295E-14  4.151E-13  1.00E-07
  1.450E+01 2.43969E-16  4.614E-05  1.107E-08  1.102E-08 -8.752E-14  4.214E-13  1.00E-07
  1.475E+01 2.40526E-16  4.734E-05  1.095E-08  1.099E-08 -9.221E-14  4.276E-13  1.00E-07
  1.500E+01 2.37089E-16  4.857E-05  1.082E-08  1.095E-08 -9.703E-14  4.337E-13  1.00E-07
  1.525E+01 2.33658E-16  4.981E-05  1.070E-08  1.092E-08 -1.020E-13  4.399E-13  1.00E-07
  1.550E+01 2.30236E-16  5.108E-05  1.057E-08  1.088E-08 -1.071E-13  4.459E-13  1.00E-07
  1.575E+01 2.26824E-16  5.238E-05  1.045E-08  1.085E-08 -1.123E-13  4.519E-13  1.00E-07
  1.600E+01 2.23423E-16  5.369E-05  1.032E-08  1.081E-08 -1.176E-13  4.579E-13  1.00E-07
  1.625E+01 2.20036E-16  5.504E-05  1.020E-08  1.077E-08 -1.231E-13  4.638E-13  1.00E-07
  1.650E+01 2.16664E-16  5.640E-05  1.007E-08  1.074E-08 -1.286E-13  4.696E-13  1.00E-07
  1.675E+01 2.13308E-16  5.780E-05  9.944E-09  1.070E-08 -1.344E-13  4.754E-13  1.00E-07
  1.700E+01 2.09970E-16  5.922E-05  9.816E-09  1.066E-08 -1.402E-13  4.811E-13  1.00E-07
  1.725E+01 2.06651E-16  6.066E-05  9.688E-09  1.062E-08 -1.461E-13  4.868E-13  1.00E-07
  1.750E+01 2.03353E-16  6.214E-05  9.560E-09  1.058E-08 -1.522E-13  4.924E-13  1.00E-07
  1.775E+01 2.00076E-16  6.364E-05  9.431E-09  1.054E-08 -1.584E-13  4.980E-13  1.00E-07
  1.800E+01 1.96822E-16  6.517E-05  9.302E-09  1.050E-08 -1.647E-13  5.035E-13  1.00E-07
  1.825E+01 1.93591E-16  6.673E-05  9.173E-09  1.046E-08 -1.712E-13  5.089E-13  1.00E-07
  1.850E+01 1.90386E-16  6.832E-05  9.044E-09  1.042E-08 -1.777E-13  5.143E-13  1.00E-07
  1.875E+01 1.87207E-16  6.994E-05  8.915E-09  1.038E-08 -1.844E-13  5.196E-13  1.00E-07
  1.900E+01 1.84055E-16  7.159E-05  8.785E-09  1.034E-08 -1.912E-13  5.249E-13  1.00E-07
  1.925E+01 1.80931E-16  7.327E-05  8.656E-09  1.030E-08 -1.981E-13  5.301E-13  1.00E-07
  1.950E+01 1.77836E-16  7.498E-05  8.527E-09  1.025E-08 -2.051E-13  5.352E-13  1.00E-07
  1.975E+01 1.74770E-16  7.672E-05  8.397E-09  1.021E-08 -2.123E-13  5.403E-13  1.00E-07
  2.000E+01 1.71735E-16  7.850E-05  8.268E-09  1.017E-08 -2.195E-13  5.453E-13  1.00E-07
  2.025E+01 1.68731E-16  8.031E-05  8.139E-09  1.012E-08 -2.269E-13  5.503E-13  1.00E-07
  2.050E+01 1.65759E-16  8.215E-05  8.010E-09  1.008E-08 -2.343E-13  5.552E-13  1.00E-07
  2.075E+01 1.62820E-16  8.403E-05  7.881E-09  1.004E-08 -2.419E-13  5.600E-13  1.00E-07
  2.100E+01 1.59913E-16  8.594E-05  7.752E-09  9.991E-09 -2.496E-13  5.648E-13  1.00E-07
  2.125E+01 1.57040E-16  8.789E-05  7.624E-09  9.946E-09 -2.574E-13  5.695E-13  1.00E-07
  2.150E+01 1.54201E-16  8.987E-05  7.495E-09  9.900E-09 -2.652E-13  5.741E-13  1.00E-07
  2.175E+01 1.51396E-16  9.189E-05  7.368E-09  9.855E-09 -2.732E-13  5.787E-13  1.00E-07
  2.200E+01 1.48627E-16  9.395E-05  7.240E-09  9.809E-09 -2.813E-13  5.832E-13  1.00E-07
  2.225E+01 1.45892E-16  9.604E-05  7.113E-09  9.762E-09 -2.895E-13  5.876E-13  1.00E-07
  2.250E+01 1.43193E-16  9.817E-05  6.986E-09  9.716E-09 -2.977E-13  5.920E-13  1.00E-07
  2.275E+01 1.40531E-16  1.003E-04  6.859E-09  9.668E-09 -3.061E-13  5.963E-13  1.00E-07
  2.300E+01 1.37904E-16  1.025E-04  6.733E-09  9.621E-09 -3.146E-13  6.006E-13  1.00E-07
  2.325E+01 1.35313E-16  1.048E-04  6.608E-09  9.573E-09 -3.231E-13  6.048E-13  1.00E-07
  2.350E+01 1.32759E-16  1.071E-04  6.483E-09  9.525E-09 -3.318E-13  6.089E-13  1.00E-07
  2.375E+01 1.30242E-16  1.094E-04  6.358E-09  9.477E-09 -3.405E-13  6.129E-13  1.00E-07
  2.400E+01 1.27761E-16  1.118E-04  6.234E-09  9.428E-09 -3.493E-13  6.169E-13  1.00E-07
  2.425E+01 1.25317E-16  1.142E-04  6.111E-09  9.380E-09 -3.582E-13  6.208E-13  1.00E-07
  2.450E+01 1.22910E-16  1.166E-04  5.988E-09  9.330E-09 -3.672E-13  6.246E-13  1.00E-07
  2.475E+01 1.20540E-16  1.191E-04  5.866E-09  9.281E-09 -3.763E-13  6.284E-13  1.00E-07
  2.500E+01 1.18207E-16  1.216E-04  5.744E-09  9.231E-09 -3.854E-13  6.321E-13  1.00E-07
  2.550E+01 1.13650E-16  1.268E-04  5.503E-09  9.131E-09 -4.039E-13  6.393E-13  1.00E-07
  2.600E+01 1.09240E-16  1.322E-04  5.264E-09  9.029E-09 -4.227E-13  6.462E-13  1.00E-07
  2.650E+01 1.04976E-16  1.377E-04  5.028E-09  8.927E-09 -4.418E-13  6.529E-13  1.00E-07
  2.700E+01 1.00855E-16  1.434E-04  4.795E-09  8.824E-09 -4.611E-13  6.593E-13  1.00E-07
  2.750E+01 9.68773E-17  1.493E-04  4.566E-09  8.720E-09 -4.807E-13  6.654E-13  1.00E-07
  2.800E+01 9.30395E-17  1.553E-04  4.339E-09  8.615E-09 -5.006E-13  6.712E-13  1.00E-07
  2.850E+01 8.93397E-17  1.615E-04  4.116E-09  8.509E-09 -5.206E-13  6.767E-13  1.00E-07
  2.900E+01 8.57756E-17  1.679E-04  3.896E-09  8.402E-09 -5.409E-13  6.820E-13  1.00E-07
  2.950E+01 8.23443E-17  1.745E-04  3.680E-09  8.295E-09 -5.613E-13  6.869E-13  1.00E-07
  3.000E+01 7.90432E-17  1.812E-04  3.467E-09  8.187E-09 -5.819E-13  6.916E-13  1.00E-07
  3.050E+01 7.58692E-17  1.881E-04  3.258E-09  8.078E-09 -6.027E-13  6.960E-13  1.00E-07
  3.100E+01 7.28192E-17  1.952E-04  3.053E-09  7.969E-09 -6.237E-13  7.002E-13  1.00E-07
  3.150E+01 6.98900E-17  2.024E-04  2.851E-09  7.859E-09 -6.448E-13  7.040E-13  1.00E-07
  3.200E+01 6.70783E-17  2.098E-04  2.653E-09  7.748E-09 -6.660E-13  7.076E-13  1.00E-07
  3.250E+01 6.43808E-17  2.174E-04  2.459E-09  7.638E-09 -6.873E-13  7.109E-13  1.00E-07
  3.300E+01 6.17942E-17  2.251E-04  2.269E-09  7.526E-09 -7.087E-13  7.139E-13  1.00E-07
  3.350E+01 5.93150E-17  2.329E-04  2.083E-09  7.415E-09 -7.302E-13  7.166E-13  1.00E-07
  3.400E+01 5.69397E-17  2.408E-04  1.900E-09  7.303E-09 -7.518E-13  7.191E-13  1.00E-07
  3.450E+01 5.46651E-17  2.489E-04  1.722E-09  7.190E-09 -7.735E-13  7.212E-13  1.00E-07
  3.500E+01 5.24876E-17  2.571E-04  1.547E-09  7.078E-09 -7.952E-13  7.232E-13  1.00E-07
  3.550E+01 5.04040E-17  2.654E-04  1.377E-09  6.965E-09 -8.169E-13  7.248E-13  1.00E-07
  3.600E+01 4.84108E-17  2.737E-04  1.210E-09  6.852E-09 -8.387E-13  7.261E-13  1.00E-07
  3.650E+01 4.65048E-17  2.821E-04  1.047E-09  6.739E-09 -8.604E-13  7.272E-13  1.00E-07
  3.700E+01 4.46827E-17  2.906E-04  8.884E-10  6.625E-09 -8.822E-13  7.281E-13  1.00E-07
  3.750E+01 4.29413E-17  2.991E-04  7.334E-10  6.512E-09 -9.040E-13  7.286E-13  1.00E-07
  3.800E+01 4.12776E-17  3.076E-04  5.824E-10  6.398E-09 -9.257E-13  7.289E-13  1.00E-07
  3.850E+01 3.96883E-17  3.161E-04  4.352E-10  6.285E-09 -9.475E-13  7.290E-13  1.00E-07
  3.900E+01 3.81706E-17  3.245E-04  2.919E-10  6.171E-09 -9.692E-13  7.287E-13  1.00E-07
  3.950E+01 3.67215E-17  3.330E-04  1.524E-10  6.058E-09 -9.908E-13  7.282E-13  1.00E-07
  4.000E+01 3.53383E-17  3.413E-04  1.666E-11  5.945E-09 -1.012E-12  7.275E-13  1.00E-07
  4.050E+01 3.40180E-17  3.496E-04 -1.153E-10  5.831E-09 -1.034E-12  7.265E-13  1.00E-07
  4.100E+01 3.27581E-17  3.577E-04 -2.435E-10  5.718E-09 -1.055E-12  7.253E-13  1.00E-07
  4.150E+01 3.15560E-17  3.657E-04 -3.680E-10  5.605E-09 -1.077E-12  7.238E-13  1.00E-07
  4.200E+01 3.04091E-17  3.735E-04 -4.889E-10  5.493E-09 -1.098E-12  7.221E-13  1.00E-07
  4.250E+01 2.93150E-17  3.811E-04 -6.061E-10  5.380E-09 -1.119E-12  7.201E-13  1.00E-07
  4.300E+01 2.82714E-17  3.884E-04 -7.198E-10  5.268E-09 -1.140E-12  7.179E-13  1.00E-07
  4.350E+01 2.72760E-17  3.955E-04 -8.299E-10  5.156E-09 -1.161E-12  7.155E-13  1.00E-07
  4.400E+01 2.63267E-17  4.023E-04 -9.365E-10  5.045E-09 -1.182E-12  7.128E-13  1.00E-07
  4.450E+01 2.54213E-17  4.088E-04 -1.040E-09  4.934E-09 -1.203E-12  7.099E-13  1.00E-07
  4.500E+01 2.45578E-17  4.150E-04 -1.139E-09  4.823E-09 -1.223E-12  7.068E-13  1.00E-07
  4.550E+01 2.37344E-17  4.207E-04 -1.236E-09  4.712E-09 -1.244E-12  7.034E-13  1.00E-07
  4.600E+01 2.29491E-17  4.260E-04 -1.329E-09  4.602E-09 -1.264E-12  6.999E-13  1.00E-07
  4.650E+01 2.22001E-17  4.309E-04 -1.419E-09  4.493E-09 -1.284E-12  6.961E-13  1.00E-07
  4.700E+01 2.14858E-17  4.353E-04 -1.505E-09  4.384E-09 -1.304E-12  6.921E-13  1.00E-07
  4.750E+01 2.08045E-17  4.392E-04 -1.589E-09  4.276E-09 -1.324E-12  6.879E-13  1.00E-07
  4.800E+01 2.01547E-17  4.426E-04 -1.669E-09  4.168E-09 -1.344E-12  6.835E-13  1.00E-07
  4.850E+01 1.95348E-17  4.453E-04 -1.746E-09  4.060E-09 -1.363E-12  6.789E-13  1.00E-07
  4.900E+01 1.89435E-17  4.475E-04 -1.821E-09  3.953E-09 -1.383E-12  6.741E-13  1.00E-07
  4.950E+01 1.83793E-17  4.491E-04 -1.892E-09  3.847E-09 -1.402E-12  6.691E-13  1.00E-07
  5.000E+01 1.78410E-17  4.500E-04 -1.960E-09  3.742E-09 -1.421E-12  6.640E-13  1.00E-07
  5.050E+01 1.73274E-17  4.502E-04 -2.026E-09  3.637E-09 -1.439E-12  6.586E-13  1.00E-07
  5.100E+01 1.68371E-17  4.497E-04 -2.088E-09  3.532E-09 -1.458E-12  6.530E-13  1.00E-07
  5.150E+01 1.63692E-17  4.485E-04 -2.148E-09  3.429E-09 -1.476E-12  6.473E-13  1.00E-07
  5.200E+01 1.59225E-17  4.466E-04 -2.205E-09  3.326E-09 -1.494E-12  6.414E-13  1.00E-07
  5.250E+01 1.54961E-17  4.439E-04 -2.260E-09  3.223E-09 -1.512E-12  6.354E-13  1.00E-07
  5.300E+01 1.50889E-17  4.404E-04 -2.312E-09  3.122E-09 -1.530E-12  6.291E-13  1.00E-07
  5.350E+01 1.47000E-17  4.361E-04 -2.361E-09  3.021E-09 -1.548E-12  6.227E-13  1.00E-07
  5.400E+01 1.43286E-17  4.309E-04 -2.408E-09  2.921E-09 -1.565E-12  6.162E-13  1.00E-07
  5.450E+01 1.39738E-17  4.250E-04 -2.452E-09  2.822E-09 -1.582E-12  6.095E-13  1.00E-07
  5.500E+01 1.36347E-17  4.182E-04 -2.494E-09  2.723E-09 -1.599E-12  6.026E-13  1.00E-07
  5.550E+01 1.33108E-17  4.105E-04 -2.533E-09  2.625E-09 -1.615E-12  5.956E-13  1.00E-07
  5.600E+01 1.30012E-17  4.020E-04 -2.571E-09  2.529E-09 -1.632E-12  5.885E-13  1.00E-07
  5.650E+01 1.27053E-17  3.926E-04 -2.605E-09  2.432E-09 -1.648E-12  5.812E-13  1.00E-07
  5.700E+01 1.24224E-17  3.823E-04 -2.638E-09  2.337E-09 -1.664E-12  5.738E-13  1.00E-07
  5.750E+01 1.21519E-17  3.712E-04 -2.669E-09  2.243E-09 -1.679E-12  5.662E-13  1.00E-07
  5.800E+01 1.18933E-17  3.592E-04 -2.697E-09  2.149E-09 -1.695E-12  5.585E-13  1.00E-07
  5.850E+01 1.16459E-17  3.463E-04 -2.723E-09  2.057E-09 -1.710E-12  5.508E-13  1.00E-07
  5.900E+01 1.14093E-17  3.326E-04 -2.748E-09  1.965E-09 -1.725E-12  5.428E-13  1.00E-07
  5.950E+01 1.11830E-17  3.180E-04 -2.770E-09  1.874E-09 -1.740E-12  5.348E-13  1.00E-07
  6.000E+01 1.09665E-17  3.026E-04 -2.790E-09  1.784E-09 -1.754E-12  5.267E-13  1.00E-07
  6.050E+01 1.07594E-17  2.863E-04 -2.809E-09  1.695E-09 -1.768E-12  5.184E-13  1.00E-07
  6.100E+01 1.05612E-17  2.692E-04 -2.825E-09  1.606E-09 -1.782E-12  5.101E-13  1.00E-07
  6.150E+01 1.03716E-17  2.513E-04 -2.840E-09  1.519E-09 -1.796E-12  5.016E-13  1.00E-07
  6.200E+01 1.01902E-17  2.326E-04 -2.853E-09  1.433E-09 -1.809E-12  4.931E-13  1.00E-07
  6.250E+01 1.00166E-17  2.131E-04 -2.864E-09  1.347E-09 -1.822E-12  4.845E-13  1.00E-07
  6.300E+01 9.85046E-18  1.929E-04 -2.873E-09  1.262E-09 -1.835E-12  4.757E-13  1.00E-07
  6.350E+01 9.69151E-18  1.719E-04 -2.881E-09  1.179E-09 -1.848E-12  4.669E-13  1.00E-07
  6.400E+01 9.53942E-18  1.502E-04 -2.888E-09  1.096E-09 -1.860E-12  4.581E-13  1.00E-07
  6.450E+01 9.39391E-18  1.278E-04 -2.892E-09  1.014E-09 -1.872E-12  4.491E-13  1.00E-07
  6.500E+01 9.25472E-18  1.048E-04 -2.895E-09  9.335E-10 -1.884E-12  4.401E-13  1.00E-07
  6.550E+01 9.12158E-18  8.107E-05 -2.897E-09  8.536E-10 -1.896E-12  4.310E-13  1.00E-07
  6.600E+01 8.99425E-18  5.677E-05 -2.897E-09  7.746E-10 -1.907E-12  4.218E-13  1.00E-07
  6.650E+01 8.87251E-18  3.190E-05 -2.896E-09  6.966E-10 -1.918E-12  4.126E-13  1.00E-07
  6.700E+01 8.75613E-18  6.477E-06 -2.893E-09  6.196E-10 -1.929E-12  4.033E-13  1.00E-07
  6.750E+01 8.64491E-18 -1.946E-05 -2.890E-09  5.435E-10 -1.940E-12  3.940E-13  1.00E-07
  6.800E+01 8.53865E-18 -4.589E-05 -2.884E-09  4.684E-10 -1.950E-12  3.846E-13  1.00E-07
  6.850E+01 8.43716E-18 -7.276E-05 -2.878E-09  3.942E-10 -1.960E-12  3.752E-13  1.00E-07
  6.900E+01 8.34028E-18 -1.001E-04 -2.870E-09  3.210E-10 -1.970E-12  3.657E-13  1.00E-07
  6.950E+01 8.24783E-18 -1.277E-04 -2.861E-09  2.488E-10 -1.979E-12  3.562E-13  1.00E-07
  7.000E+01 8.15966E-18 -1.557E-04 -2.851E-09  1.775E-10 -1.989E-12  3.467E-13  1.00E-07
  7.050E+01 8.07562E-18 -1.841E-04 -2.840E-09  1.071E-10 -1.998E-12  3.371E-13  1.00E-07
  7.100E+01 7.99555E-18 -2.127E-04 -2.827E-09  3.771E-11 -2.007E-12  3.275E-13  1.00E-07
  7.150E+01 7.91934E-18 -2.415E-04 -2.814E-09 -3.072E-11 -2.015E-12  3.179E-13  1.00E-07
  7.200E+01 7.84684E-18 -2.706E-04 -2.799E-09 -9.821E-11 -2.023E-12  3.082E-13  1.00E-07
  7.250E+01 7.77794E-18 -2.998E-04 -2.784E-09 -1.647E-10 -2.031E-12  2.985E-13  1.00E-07
  7.300E+01 7.71252E-18 -3.291E-04 -2.768E-09 -2.303E-10 -2.039E-12  2.889E-13  1.00E-07
  7.350E+01 7.65047E-18 -3.585E-04 -2.750E-09 -2.950E-10 -2.046E-12  2.792E-13  1.00E-07
  7.400E+01 7.59167E-18 -3.880E-04 -2.732E-09 -3.587E-10 -2.054E-12  2.695E-13  1.00E-07
  7.450E+01 7.53605E-18 -4.175E-04 -2.713E-09 -4.214E-10 -2.061E-12  2.597E-13  1.00E-07
  7.500E+01 7.48348E-18 -4.469E-04 -2.693E-09 -4.833E-10 -2.067E-12  2.500E-13  1.00E-07
  7.550E+01 7.43389E-18 -4.763E-04 -2.672E-09 -5.442E-10 -2.074E-12  2.403E-13  1.00E-07
  7.600E+01 7.38719E-18 -5.056E-04 -2.650E-09 -6.041E-10 -2.080E-12  2.306E-13  1.00E-07
  7.650E+01 7.34329E-18 -5.348E-04 -2.627E-09 -6.631E-10 -2.086E-12  2.209E-13  1.00E-07
  7.700E+01 7.30212E-18 -5.638E-04 -2.604E-09 -7.213E-10 -2.091E-12  2.112E-13  1.00E-07
  7.750E+01 7.26359E-18 -5.926E-04 -2.580E-09 -7.785E-10 -2.097E-12  2.015E-13  1.00E-07
  7.800E+01 7.22763E-18 -6.212E-04 -2.556E-09 -8.347E-10 -2.102E-12  1.919E-13  1.00E-07
  7.850E+01 7.19417E-18 -6.495E-04 -2.530E-09 -8.901E-10 -2.107E-12  1.822E-13  1.00E-07
  7.900E+01 7.16315E-18 -6.776E-04 -2.504E-09 -9.446E-10 -2.112E-12  1.726E-13  1.00E-07
  7.950E+01 7.13450E-18 -7.053E-04 -2.478E-09 -9.982E-10 -2.116E-12  1.630E-13  1.00E-07
  8.000E+01 7.10816E-18 -7.326E-04 -2.450E-09 -1.051E-09 -2.120E-12  1.534E-13  1.00E-07
  8.050E+01 7.08407E-18 -7.596E-04 -2.422E-09 -1.103E-09 -2.124E-12  1.439E-13  1.00E-07
  8.100E+01 7.06217E-18 -7.862E-04 -2.394E-09 -1.154E-09 -2.128E-12  1.343E-13  1.00E-07
  8.150E+01 7.04240E-18 -8.123E-04 -2.365E-09 -1.204E-09 -2.131E-12  1.249E-13  1.00E-07
  8.200E+01 7.02471E-18 -8.380E-04 -2.336E-09 -1.253E-09 -2.134E-12  1.154E-13  1.00E-07
  8.250E+01 7.00906E-18 -8.632E-04 -2.306E-09 -1.301E-09 -2.137E-12  1.060E-13  1.00E-07
  8.300E+01 6.99538E-18 -8.879E-04 -2.275E-09 -1.349E-09 -2.140E-12  9.664E-14  1.00E-07
  8.350E+01 6.98364E-18 -9.121E-04 -2.244E-09 -1.395E-09 -2.142E-12  8.731E-14  1.00E-07
  8.400E+01 6.97378E-18 -9.358E-04 -2.213E-09 -1.441E-09 -2.145E-12  7.804E-14  1.00E-07
  8.450E+01 6.96576E-18 -9.589E-04 -2.181E-09 -1.486E-09 -2.147E-12  6.881E-14  1.00E-07
  8.500E+01 6.95953E-18 -9.814E-04 -2.149E-09 -1.530E-09 -2.148E-12  5.963E-14  1.00E-07
  8.550E+01 6.95506E-18 -1.003E-03 -2.117E-09 -1.573E-09 -2.150E-12  5.051E-14  1.00E-07
  8.600E+01 6.95230E-18 -1.025E-03 -2.084E-09 -1.616E-09 -2.151E-12  4.144E-14  1.00E-07
  8.650E+01 6.95121E-18 -1.045E-03 -2.051E-09 -1.657E-09 -2.152E-12  3.243E-14  1.00E-07
  8.700E+01 6.95176E-18 -1.066E-03 -2.017E-09 -1.698E-09 -2.153E-12  2.348E-14  1.00E-07
  8.750E+01 6.95390E-18 -1.085E-03 -1.983E-09 -1.738E-09 -2.154E-12  1.459E-14  1.00E-07
  8.800E+01 6.95759E-18 -1.104E-03 -1.949E-09 -1.777E-09 -2.154E-12  5.766E-15  1.00E-07
  8.850E+01 6.96281E-18 -1.122E-03 -1.915E-09 -1.816E-09 -2.154E-12 -2.994E-15  1.00E-07
  8.900E+01 6.96952E-18 -1.140E-03 -1.880E-09 -1.854E-09 -2.154E-12 -1.169E-14  1.00E-07
  8.950E+01 6.97767E-18 -1.156E-03 -1.845E-09 -1.890E-09 -2.154E-12 -2.031E-14  1.00E-07
  9.000E+01 6.98725E-18 -1.173E-03 -1.810E-09 -1.927E-09 -2.154E-12 -2.886E-14  1.00E-07
  9.050E+01 6.99820E-18 -1.188E-03 -1.774E-09 -1.962E-09 -2.153E-12 -3.734E-14  1.00E-07
  9.100E+01 7.01052E-18 -1.203E-03 -1.739E-09 -1.997E-09 -2.152E-12 -4.575E-14  1.00E-07
  9.150E+01 7.02415E-18 -1.217E-03 -1.703E-09 -2.031E-09 -2.151E-12 -5.408E-14  1.00E-07
  9.200E+01 7.03907E-18 -1.231E-03 -1.667E-09 -2.064E-09 -2.149E-12 -6.232E-14  1.00E-07
  9.250E+01 7.05525E-18 -1.244E-03 -1.631E-09 -2.096E-09 -2.148E-12 -7.050E-14  1.00E-07
  9.300E+01 7.07267E-18 -1.256E-03 -1.595E-09 -2.128E-09 -2.146E-12 -7.858E-14  1.00E-07
  9.350E+01 7.09128E-18 -1.268E-03 -1.558E-09 -2.159E-09 -2.144E-12 -8.659E-14  1.00E-07
  9.400E+01 7.11107E-18 -1.279E-03 -1.522E-09 -2.190E-09 -2.142E-12 -9.451E-14  1.00E-07
  9.450E+01 7.13200E-18 -1.289E-03 -1.485E-09 -2.219E-09 -2.139E-12 -1.023E-13  1.00E-07
  9.500E+01 7.15405E-18 -1.299E-03 -1.449E-09 -2.248E-09 -2.137E-12 -1.101E-13  1.00E-07
  9.550E+01 7.17719E-18 -1.308E-03 -1.412E-09 -2.277E-09 -2.134E-12 -1.178E-13  1.00E-07
  9.600E+01 7.20139E-18 -1.316E-03 -1.375E-09 -2.304E-09 -2.131E-12 -1.253E-13  1.00E-07
  9.650E+01 7.22663E-18 -1.324E-03 -1.338E-09 -2.332E-09 -2.128E-12 -1.328E-13  1.00E-07
  9.700E+01 7.25287E-18 -1.331E-03 -1.301E-09 -2.358E-09 -2.124E-12 -1.402E-13  1.00E-07
  9.750E+01 7.28011E-18 -1.338E-03 -1.264E-09 -2.384E-09 -2.121E-12 -1.475E-13  1.00E-07
  9.800E+01 7.30830E-18 -1.344E-03 -1.227E-09 -2.409E-09 -2.117E-12 -1.547E-13  1.00E-07
  9.850E+01 7.33743E-18 -1.349E-03 -1.190E-09 -2.433E-09 -2.113E-12 -1.618E-13  1.00E-07
  9.900E+01 7.36747E-18 -1.354E-03 -1.153E-09 -2.457E-09 -2.109E-12 -1.688E-13  1.00E-07
  9.950E+01 7.39840E-18 -1.358E-03 -1.116E-09 -2.480E-09 -2.104E-12 -1.757E-13  1.00E-07
  1.000E+02 7.43019E-18 -1.362E-03 -1.079E-09 -2.503E-09 -2.100E-12 -1.825E-13  1.00E-07
  1.005E+02 7.46282E-18 -1.365E-03 -1.042E-09 -2.525E-09 -2.095E-12 -1.892E-13  1.00E-07
  1.010E+02 7.49626E-18 -1.368E-03 -1.005E-09 -2.547E-09 -2.090E-12 -1.958E-13  1.00E-07
  1.015E+02 7.53050E-18 -1.370E-03 -9.681E-10 -2.568E-09 -2.085E-12 -2.023E-13  1.00E-07
  1.020E+02 7.56551E-18 -1.372E-03 -9.311E-10 -2.588E-09 -2.080E-12 -2.087E-13  1.00E-07
  1.025E+02 7.60127E-18 -1.373E-03 -8.943E-10 -2.608E-09 -2.074E-12 -2.150E-13  1.00E-07
  1.030E+02 7.63776E-18 -1.374E-03 -8.575E-10 -2.627E-09 -2.069E-12 -2.211E-13  1.00E-07
  1.035E+02 7.67496E-18 -1.374E-03 -8.208E-10 -2.646E-09 -2.063E-12 -2.272E-13  1.00E-07
  1.040E+02 7.71283E-18 -1.374E-03 -7.842E-10 -2.664E-09 -2.057E-12 -2.332E-13  1.00E-07
  1.045E+02 7.75137E-18 -1.373E-03 -7.476E-10 -2.682E-09 -2.051E-12 -2.391E-13  1.00E-07
  1.050E+02 7.79056E-18 -1.372E-03 -7.112E-10 -2.699E-09 -2.045E-12 -2.448E-13  1.00E-07
  1.055E+02 7.83036E-18 -1.370E-03 -6.748E-10 -2.716E-09 -2.038E-12 -2.505E-13  1.00E-07
  1.060E+02 7.87077E-18 -1.369E-03 -6.385E-10 -2.732E-09 -2.031E-12 -2.560E-13  1.00E-07
  1.065E+02 7.91176E-18 -1.366E-03 -6.024E-10 -2.748E-09 -2.025E-12 -2.614E-13  1.00E-07
  1.070E+02 7.95331E-18 -1.364E-03 -5.664E-10 -2.763E-09 -2.018E-12 -2.667E-13  1.00E-07
  1.075E+02 7.99540E-18 -1.361E-03 -5.305E-10 -2.777E-09 -2.010E-12 -2.720E-13  1.00E-07
  1.080E+02 8.03801E-18 -1.357E-03 -4.947E-10 -2.792E-09 -2.003E-12 -2.770E-13  1.00E-07
  1.085E+02 8.08112E-18 -1.354E-03 -4.591E-10 -2.805E-09 -1.996E-12 -2.820E-13  1.00E-07
  1.090E+02 8.12472E-18 -1.350E-03 -4.236E-10 -2.819E-09 -1.988E-12 -2.869E-13  1.00E-07
  1.095E+02 8.16879E-18 -1.345E-03 -3.882E-10 -2.832E-09 -1.980E-12 -2.916E-13  1.00E-07
  1.100E+02 8.21330E-18 -1.341E-03 -3.531E-10 -2.844E-09 -1.972E-12 -2.963E-13  1.00E-07
  1.105E+02 8.25824E-18 -1.336E-03 -3.180E-10 -2.856E-09 -1.964E-12 -3.008E-13  1.00E-07
  1.110E+02 8.30359E-18 -1.330E-03 -2.832E-10 -2.868E-09 -1.956E-12 -3.052E-13  1.00E-07
  1.115E+02 8.34934E-18 -1.325E-03 -2.485E-10 -2.879E-09 -1.948E-12 -3.095E-13  1.00E-07
  1.120E+02 8.39546E-18 -1.319E-03 -2.139E-10 -2.890E-09 -1.939E-12 -3.137E-13  1.00E-07
  1.125E+02 8.44193E-18 -1.313E-03 -1.796E-10 -2.900E-09 -1.931E-12 -3.178E-13  1.00E-07
  1.130E+02 8.48875E-18 -1.307E-03 -1.454E-10 -2.910E-09 -1.922E-12 -3.217E-13  1.00E-07
  1.135E+02 8.53589E-18 -1.300E-03 -1.114E-10 -2.919E-09 -1.913E-12 -3.256E-13  1.00E-07
  1.140E+02 8.58333E-18 -1.293E-03 -7.764E-11 -2.929E-09 -1.904E-12 -3.293E-13  1.00E-07
  1.145E+02 8.63107E-18 -1.286E-03 -4.405E-11 -2.938E-09 -1.895E-12 -3.329E-13  1.00E-07
  1.150E+02 8.67908E-18 -1.279E-03 -1.065E-11 -2.946E-09 -1.885E-12 -3.364E-13  1.00E-07
  1.155E+02 8.72734E-18 -1.272E-03  2.255E-11 -2.954E-09 -1.876E-12 -3.398E-13  1.00E-07
  1.160E+02 8.77585E-18 -1.264E-03  5.554E-11 -2.962E-09 -1.866E-12 -3.430E-13  1.00E-07
  1.165E+02 8.82457E-18 -1.256E-03  8.833E-11 -2.969E-09 -1.856E-12 -3.462E-13  1.00E-07
  1.170E+02 8.87351E-18 -1.248E-03  1.209E-10 -2.976E-09 -1.847E-12 -3.492E-13  1.00E-07
  1.175E+02 8.92265E-18 -1.240E-03  1.533E-10 -2.983E-09 -1.837E-12 -3.521E-13  1.00E-07
  1.180E+02 8.97195E-18 -1.232E-03  1.854E-10 -2.990E-09 -1.826E-12 -3.549E-13  1.00E-07
  1.185E+02 9.02143E-18 -1.223E-03  2.173E-10 -2.996E-09 -1.816E-12 -3.576E-13  1.00E-07
  1.190E+02 9.07105E-18 -1.215E-03  2.490E-10 -3.002E-09 -1.806E-12 -3.601E-13  1.00E-07
  1.195E+02 9.12080E-18 -1.206E-03  2.805E-10 -3.007E-09 -1.795E-12 -3.626E-13  1.00E-07
  1.200E+02 9.17067E-18 -1.197E-03  3.117E-10 -3.012E-09 -1.785E-12 -3.649E-13  1.00E-07
  1.205E+02 9.22065E-18 -1.188E-03  3.427E-10 -3.017E-09 -1.774E-12 -3.671E-13  1.00E-07
  1.210E+02 9.27071E-18 -1.179E-03  3.735E-10 -3.022E-09 -1.763E-12 -3.692E-13  1.00E-07
  1.215E+02 9.32085E-18 -1.170E-03  4.040E-10 -3.026E-09 -1.752E-12 -3.712E-13  1.00E-07
  1.220E+02 9.37106E-18 -1.161E-03  4.343E-10 -3.030E-09 -1.741E-12 -3.731E-13  1.00E-07
  1.225E+02 9.42130E-18 -1.151E-03  4.644E-10 -3.034E-09 -1.730E-12 -3.748E-13  1.00E-07
  1.230E+02 9.47159E-18 -1.142E-03  4.942E-10 -3.038E-09 -1.719E-12 -3.765E-13  1.00E-07
  1.235E+02 9.52189E-18 -1.132E-03  5.238E-10 -3.041E-09 -1.707E-12 -3.780E-13  1.00E-07
  1.240E+02 9.57220E-18 -1.122E-03  5.531E-10 -3.044E-09 -1.696E-12 -3.794E-13  1.00E-07
  1.245E+02 9.62251E-18 -1.113E-03  5.822E-10 -3.047E-09 -1.684E-12 -3.807E-13  1.00E-07
  1.250E+02 9.67280E-18 -1.103E-03  6.110E-10 -3.050E-09 -1.672E-12 -3.819E-13  1.00E-07
  1.255E+02 9.72305E-18 -1.093E-03  6.396E-10 -3.052E-09 -1.660E-12 -3.830E-13  1.00E-07
  1.260E+02 9.77327E-18 -1.083E-03  6.679E-10 -3.054E-09 -1.648E-12 -3.839E-13  1.00E-07
  1.265E+02 9.82342E-18 -1.073E-03  6.959E-10 -3.056E-09 -1.636E-12 -3.848E-13  1.00E-07
  1.270E+02 9.87351E-18 -1.063E-03  7.237E-10 -3.058E-09 -1.624E-12 -3.855E-13  1.00E-07
  1.275E+02 9.92351E-18 -1.052E-03  7.513E-10 -3.059E-09 -1.612E-12 -3.862E-13  1.00E-07
  1.280E+02 9.97343E-18 -1.042E-03  7.786E-10 -3.061E-09 -1.600E-12 -3.867E-13  1.00E-07
  1.285E+02 1.00232E-17 -1.032E-03  8.056E-10 -3.062E-09 -1.587E-12 -3.871E-13  1.00E-07
  1.290E+02 1.00729E-17 -1.022E-03  8.324E-10 -3.063E-09 -1.575E-12 -3.874E-13  1.00E-07
  1.295E+02 1.01225E-17 -1.011E-03  8.589E-10 -3.063E-09 -1.562E-12 -3.876E-13  1.00E-07
  1.300E+02 1.01719E-17 -1.001E-03  8.852E-10 -3.064E-09 -1.549E-12 -3.877E-13  1.00E-07
  1.305E+02 1.02212E-17 -9.905E-04  9.111E-10 -3.064E-09 -1.537E-12 -3.876E-13  1.00E-07
  1.310E+02 1.02703E-17 -9.800E-04  9.369E-10 -3.065E-09 -1.524E-12 -3.875E-13  1.00E-07
  1.315E+02 1.03192E-17 -9.696E-04  9.623E-10 -3.065E-09 -1.511E-12 -3.873E-13  1.00E-07
  1.320E+02 1.03680E-17 -9.591E-04  9.875E-10 -3.065E-09 -1.498E-12 -3.869E-13  1.00E-07
  1.325E+02 1.04166E-17 -9.486E-04  1.012E-09 -3.065E-09 -1.484E-12 -3.865E-13  1.00E-07
  1.330E+02 1.04649E-17 -9.380E-04  1.037E-09 -3.064E-09 -1.471E-12 -3.859E-13  1.00E-07
  1.335E+02 1.05131E-17 -9.275E-04  1.061E-09 -3.064E-09 -1.458E-12 -3.852E-13  1.00E-07
  1.340E+02 1.05610E-17 -9.169E-04  1.086E-09 -3.063E-09 -1.444E-12 -3.845E-13  1.00E-07
  1.345E+02 1.06087E-17 -9.064E-04  1.109E-09 -3.062E-09 -1.431E-12 -3.836E-13  1.00E-07
  1.350E+02 1.06561E-17 -8.958E-04  1.133E-09 -3.061E-09 -1.417E-12 -3.826E-13  1.00E-07
  1.355E+02 1.07033E-17 -8.852E-04  1.156E-09 -3.060E-09 -1.404E-12 -3.816E-13  1.00E-07
  1.360E+02 1.07502E-17 -8.746E-04  1.179E-09 -3.059E-09 -1.390E-12 -3.804E-13  1.00E-07
  1.365E+02 1.07969E-17 -8.640E-04  1.202E-09 -3.058E-09 -1.376E-12 -3.791E-13  1.00E-07
  1.370E+02 1.08432E-17 -8.535E-04  1.225E-09 -3.057E-09 -1.362E-12 -3.778E-13  1.00E-07
  1.375E+02 1.08893E-17 -8.429E-04  1.247E-09 -3.055E-09 -1.348E-12 -3.763E-13  1.00E-07
  1.380E+02 1.09351E-17 -8.323E-04  1.269E-09 -3.054E-09 -1.334E-12 -3.747E-13  1.00E-07
  1.385E+02 1.09805E-17 -8.217E-04  1.291E-09 -3.052E-09 -1.320E-12 -3.731E-13  1.00E-07
  1.390E+02 1.10257E-17 -8.111E-04  1.312E-09 -3.050E-09 -1.306E-12 -3.713E-13  1.00E-07
  1.395E+02 1.10705E-17 -8.005E-04  1.333E-09 -3.049E-09 -1.292E-12 -3.695E-13  1.00E-07
  1.400E+02 1.11150E-17 -7.900E-04  1.354E-09 -3.047E-09 -1.278E-12 -3.675E-13  1.00E-07
  1.405E+02 1.11591E-17 -7.794E-04  1.375E-09 -3.045E-09 -1.263E-12 -3.655E-13  1.00E-07
  1.410E+02 1.12029E-17 -7.689E-04  1.395E-09 -3.043E-09 -1.249E-12 -3.634E-13  1.00E-07
  1.415E+02 1.12463E-17 -7.583E-04  1.415E-09 -3.040E-09 -1.234E-12 -3.612E-13  1.00E-07
  1.420E+02 1.12894E-17 -7.478E-04  1.435E-09 -3.038E-09 -1.220E-12 -3.588E-13  1.00E-07
  1.425E+02 1.13321E-17 -7.373E-04  1.454E-09 -3.036E-09 -1.205E-12 -3.564E-13  1.00E-07
  1.430E+02 1.13744E-17 -7.268E-04  1.473E-09 -3.034E-09 -1.191E-12 -3.540E-13  1.00E-07
  1.435E+02 1.14163E-17 -7.163E-04  1.492E-09 -3.031E-09 -1.176E-12 -3.514E-13  1.00E-07
  1.440E+02 1.14578E-17 -7.058E-04  1.511E-09 -3.029E-09 -1.161E-12 -3.487E-13  1.00E-07
  1.445E+02 1.14989E-17 -6.954E-04  1.530E-09 -3.026E-09 -1.146E-12 -3.460E-13  1.00E-07
  1.450E+02 1.15396E-17 -6.850E-04  1.548E-09 -3.024E-09 -1.131E-12 -3.431E-13  1.00E-07
  1.455E+02 1.15798E-17 -6.745E-04  1.566E-09 -3.021E-09 -1.116E-12 -3.402E-13  1.00E-07
  1.460E+02 1.16197E-17 -6.641E-04  1.583E-09 -3.019E-09 -1.101E-12 -3.372E-13  1.00E-07
  1.465E+02 1.16591E-17 -6.538E-04  1.601E-09 -3.016E-09 -1.086E-12 -3.341E-13  1.00E-07
  1.470E+02 1.16980E-17 -6.434E-04  1.618E-09 -3.013E-09 -1.071E-12 -3.310E-13  1.00E-07
  1.475E+02 1.17365E-17 -6.331E-04  1.635E-09 -3.011E-09 -1.056E-12 -3.277E-13  1.00E-07
  1.480E+02 1.17746E-17 -6.227E-04  1.651E-09 -3.008E-09 -1.041E-12 -3.244E-13  1.00E-07
  1.485E+02 1.18122E-17 -6.124E-04  1.667E-09 -3.005E-09 -1.025E-12 -3.210E-13  1.00E-07
  1.490E+02 1.18493E-17 -6.021E-04  1.683E-09 -3.003E-09 -1.010E-12 -3.175E-13  1.00E-07
  1.495E+02 1.18860E-17 -5.919E-04  1.699E-09 -3.000E-09 -9.948E-13 -3.140E-13  1.00E-07
  1.500E+02 1.19222E-17 -5.816E-04  1.715E-09 -2.997E-09 -9.793E-13 -3.103E-13  1.00E-07
  1.505E+02 1.19578E-17 -5.714E-04  1.730E-09 -2.994E-09 -9.639E-13 -3.066E-13  1.00E-07
  1.510E+02 1.19930E-17 -5.612E-04  1.745E-09 -2.991E-09 -9.484E-13 -3.029E-13  1.00E-07
  1.515E+02 1.20277E-17 -5.511E-04  1.759E-09 -2.989E-09 -9.328E-13 -2.990E-13  1.00E-07
  1.520E+02 1.20619E-17 -5.409E-04  1.774E-09 -2.986E-09 -9.172E-13 -2.951E-13  1.00E-07
  1.525E+02 1.20956E-17 -5.308E-04  1.788E-09 -2.983E-09 -9.016E-13 -2.911E-13  1.00E-07
  1.530E+02 1.21288E-17 -5.207E-04  1.802E-09 -2.980E-09 -8.859E-13 -2.871E-13  1.00E-07
  1.535E+02 1.21615E-17 -5.106E-04  1.816E-09 -2.977E-09 -8.702E-13 -2.830E-13  1.00E-07
  1.540E+02 1.21936E-17 -5.005E-04  1.829E-09 -2.975E-09 -8.544E-13 -2.788E-13  1.00E-07
  1.545E+02 1.22252E-17 -4.905E-04  1.842E-09 -2.972E-09 -8.386E-13 -2.745E-13  1.00E-07
  1.550E+02 1.22563E-17 -4.804E-04  1.855E-09 -2.969E-09 -8.228E-13 -2.702E-13  1.00E-07
  1.555E+02 1.22868E-17 -4.704E-04  1.867E-09 -2.966E-09 -8.069E-13 -2.658E-13  1.00E-07
  1.560E+02 1.23168E-17 -4.604E-04  1.880E-09 -2.964E-09 -7.910E-13 -2.614E-13  1.00E-07
  1.565E+02 1.23463E-17 -4.505E-04  1.892E-09 -2.961E-09 -7.750E-13 -2.569E-13  1.00E-07
  1.570E+02 1.23752E-17 -4.405E-04  1.903E-09 -2.958E-09 -7.590E-13 -2.523E-13  1.00E-07
  1.575E+02 1.24035E-17 -4.306E-04  1.915E-09 -2.956E-09 -7.430E-13 -2.477E-13  1.00E-07
  1.580E+02 1.24313E-17 -4.207E-04  1.926E-09 -2.953E-09 -7.270E-13 -2.431E-13  1.00E-07
  1.585E+02 1.24585E-17 -4.108E-04  1.937E-09 -2.951E-09 -7.109E-13 -2.383E-13  1.00E-07
  1.590E+02 1.24851E-17 -4.010E-04  1.948E-09 -2.948E-09 -6.948E-13 -2.335E-13  1.00E-07
  1.595E+02 1.25112E-17 -3.911E-04  1.958E-09 -2.945E-09 -6.787E-13 -2.287E-13  1.00E-07
  1.600E+02 1.25367E-17 -3.813E-04  1.969E-09 -2.943E-09 -6.625E-13 -2.238E-13  1.00E-07
  1.605E+02 1.25616E-17 -3.715E-04  1.979E-09 -2.941E-09 -6.463E-13 -2.189E-13  1.00E-07
  1.610E+02 1.25859E-17 -3.617E-04  1.988E-09 -2.938E-09 -6.301E-13 -2.139E-13  1.00E-07
  1.615E+02 1.26097E-17 -3.520E-04  1.998E-09 -2.936E-09 -6.138E-13 -2.089E-13  1.00E-07
  1.620E+02 1.26328E-17 -3.422E-04  2.007E-09 -2.933E-09 -5.975E-13 -2.038E-13  1.00E-07
  1.625E+02 1.26554E-17 -3.325E-04  2.016E-09 -2.931E-09 -5.812E-13 -1.987E-13  1.00E-07
  1.630E+02 1.26773E-17 -3.228E-04  2.025E-09 -2.929E-09 -5.649E-13 -1.935E-13  1.00E-07
  1.635E+02 1.26987E-17 -3.131E-04  2.033E-09 -2.927E-09 -5.485E-13 -1.883E-13  1.00E-07
  1.640E+02 1.27194E-17 -3.034E-04  2.041E-09 -2.925E-09 -5.321E-13 -1.830E-13  1.00E-07
  1.645E+02 1.27395E-17 -2.938E-04  2.049E-09 -2.922E-09 -5.157E-13 -1.777E-13  1.00E-07
  1.650E+02 1.27591E-17 -2.841E-04  2.057E-09 -2.920E-09 -4.993E-13 -1.724E-13  1.00E-07
  1.655E+02 1.27780E-17 -2.745E-04  2.064E-09 -2.918E-09 -4.829E-13 -1.670E-13  1.00E-07
  1.660E+02 1.27963E-17 -2.649E-04  2.071E-09 -2.917E-09 -4.664E-13 -1.616E-13  1.00E-07
  1.665E+02 1.28140E-17 -2.553E-04  2.078E-09 -2.915E-09 -4.499E-13 -1.561E-13  1.00E-07
  1.670E+02 1.28310E-17 -2.457E-04  2.085E-09 -2.913E-09 -4.334E-13 -1.506E-13  1.00E-07
  1.675E+02 1.28474E-17 -2.362E-04  2.091E-09 -2.911E-09 -4.169E-13 -1.451E-13  1.00E-07
  1.680E+02 1.28633E-17 -2.266E-04  2.097E-09 -2.909E-09 -4.003E-13 -1.396E-13  1.00E-07
  1.685E+02 1.28784E-17 -2.171E-04  2.103E-09 -2.908E-09 -3.838E-13 -1.340E-13  1.00E-07
  1.690E+02 1.28930E-17 -2.075E-04  2.109E-09 -2.906E-09 -3.672E-13 -1.284E-13  1.00E-07
  1.695E+02 1.29069E-17 -1.980E-04  2.114E-09 -2.905E-09 -3.506E-13 -1.227E-13  1.00E-07
  1.700E+02 1.29202E-17 -1.885E-04  2.119E-09 -2.903E-09 -3.340E-13 -1.171E-13  1.00E-07
  1.705E+02 1.29328E-17 -1.790E-04  2.124E-09 -2.902E-09 -3.174E-13 -1.114E-13  1.00E-07
  1.710E+02 1.29448E-17 -1.695E-04  2.129E-09 -2.901E-09 -3.008E-13 -1.057E-13  1.00E-07
  1.715E+02 1.29562E-17 -1.601E-04  2.133E-09 -2.899E-09 -2.841E-13 -9.992E-14  1.00E-07
  1.720E+02 1.29669E-17 -1.506E-04  2.137E-09 -2.898E-09 -2.675E-13 -9.415E-14  1.00E-07
  1.725E+02 1.29770E-17 -1.411E-04  2.141E-09 -2.897E-09 -2.508E-13 -8.837E-14  1.00E-07
  1.730E+02 1.29865E-17 -1.317E-04  2.145E-09 -2.896E-09 -2.341E-13 -8.257E-14  1.00E-07
  1.735E+02 1.29953E-17 -1.223E-04  2.148E-09 -2.895E-09 -2.175E-13 -7.674E-14  1.00E-07
  1.740E+02 1.30034E-17 -1.128E-04  2.151E-09 -2.894E-09 -2.008E-13 -7.091E-14  1.00E-07
  1.745E+02 1.30109E-17 -1.034E-04  2.154E-09 -2.893E-09 -1.841E-13 -6.505E-14  1.00E-07
  1.750E+02 1.30178E-17 -9.398E-05  2.157E-09 -2.892E-09 -1.674E-13 -5.918E-14  1.00E-07
  1.755E+02 1.30240E-17 -8.457E-05  2.159E-09 -2.892E-09 -1.506E-13 -5.330E-14  1.00E-07
  1.760E+02 1.30295E-17 -7.516E-05  2.161E-09 -2.891E-09 -1.339E-13 -4.741E-14  1.00E-07
  1.765E+02 1.30344E-17 -6.575E-05  2.163E-09 -2.891E-09 -1.172E-13 -4.151E-14  1.00E-07
  1.770E+02 1.30387E-17 -5.635E-05  2.165E-09 -2.890E-09 -1.005E-13 -3.559E-14  1.00E-07
  1.775E+02 1.30423E-17 -4.696E-05  2.166E-09 -2.890E-09 -8.372E-14 -2.967E-14  1.00E-07
  1.780E+02 1.30452E-17 -3.756E-05  2.167E-09 -2.889E-09 -6.698E-14 -2.375E-14  1.00E-07
  1.785E+02 1.30475E-17 -2.817E-05  2.168E-09 -2.889E-09 -5.024E-14 -1.781E-14  1.00E-07
  1.790E+02 1.30491E-17 -1.878E-05  2.169E-09 -2.889E-09 -3.349E-14 -1.188E-14  1.00E-07
  1.795E+02 1.30501E-17 -9.389E-06  2.169E-09 -2.889E-09 -1.675E-14 -5.940E-15  1.00E-07
  1.800E+02 1.30504E-17 -1.318E-19  2.169E-09 -2.889E-09 -2.350E-28 -8.336E-29  1.00E-07

  TOTAL ELASTIC CROSS SECTION = 3.014327E-16 cm**2
               FROM DCS TABLE = 3.014272E-16  (REL. DIF. = 1.85E-05)

  1ST TRANSPORT CROSS SECTION = 1.348233E-16 cm**2
               FROM DCS TABLE = 1.348235E-16  (REL. DIF. = 1.80E-06)

  2ND TRANSPORT CROSS SECTION = 1.527380E-16 cm**2

  **** DPWA0 ENDED ************************************************************

