 #  Scattering amplitudes (in cm)      MU=(1-cos(TH))/2
 #  Z =   6,   projectile: electron
 #  Kinetic energy = 1.06000E+02 eV
 #
 # TH (deg)      MU          Re(F)        Im(F)        Re(G)        Im(G)
 #--------------------------------------------------------------------------
  0.000E+00  0.00000E+00  1.55508E-08  1.18558E-08  0.00000E+00  0.00000E+00
  1.000E-04  7.61557E-13  1.55508E-08  1.18558E-08  6.28169E-19  3.46893E-18
  1.250E-04  1.18994E-12  1.55508E-08  1.18558E-08  7.85211E-19  4.33617E-18
  1.500E-04  1.71346E-12  1.55508E-08  1.18558E-08  9.42253E-19  5.20340E-18
  1.750E-04  2.33225E-12  1.55508E-08  1.18558E-08  1.09930E-18  6.07063E-18
  2.000E-04  3.04617E-12  1.55508E-08  1.18558E-08  1.25634E-18  6.93786E-18
  2.250E-04  3.85530E-12  1.55508E-08  1.18558E-08  1.41338E-18  7.80510E-18
  2.500E-04  4.75964E-12  1.55508E-08  1.18558E-08  1.57042E-18  8.67233E-18
  2.750E-04  5.75917E-12  1.55508E-08  1.18558E-08  1.72746E-18  9.53956E-18
  3.000E-04  6.85391E-12  1.55508E-08  1.18558E-08  1.88451E-18  1.04068E-17
  3.250E-04  8.04379E-12  1.55508E-08  1.18558E-08  2.04155E-18  1.12740E-17
  3.500E-04  9.32893E-12  1.55508E-08  1.18558E-08  2.19859E-18  1.21413E-17
  3.750E-04  1.07092E-11  1.55508E-08  1.18558E-08  2.35563E-18  1.30085E-17
  4.000E-04  1.21847E-11  1.55508E-08  1.18558E-08  2.51268E-18  1.38757E-17
  4.250E-04  1.37554E-11  1.55508E-08  1.18558E-08  2.66972E-18  1.47430E-17
  4.500E-04  1.54213E-11  1.55508E-08  1.18558E-08  2.82676E-18  1.56102E-17
  4.750E-04  1.71823E-11  1.55508E-08  1.18558E-08  2.98380E-18  1.64774E-17
  5.000E-04  1.90386E-11  1.55508E-08  1.18558E-08  3.14084E-18  1.73447E-17
  5.250E-04  2.09900E-11  1.55508E-08  1.18558E-08  3.29789E-18  1.82119E-17
  5.500E-04  2.30367E-11  1.55508E-08  1.18558E-08  3.45493E-18  1.90791E-17
  5.750E-04  2.51785E-11  1.55508E-08  1.18558E-08  3.61197E-18  1.99464E-17
  6.000E-04  2.74156E-11  1.55508E-08  1.18558E-08  3.76901E-18  2.08136E-17
  6.250E-04  2.97478E-11  1.55508E-08  1.18558E-08  3.92606E-18  2.16808E-17
  6.500E-04  3.21752E-11  1.55508E-08  1.18558E-08  4.08310E-18  2.25481E-17
  6.750E-04  3.46979E-11  1.55508E-08  1.18558E-08  4.24014E-18  2.34153E-17
  7.000E-04  3.73157E-11  1.55508E-08  1.18558E-08  4.39718E-18  2.42825E-17
  7.250E-04  4.00286E-11  1.55508E-08  1.18558E-08  4.55422E-18  2.51498E-17
  7.500E-04  4.28368E-11  1.55508E-08  1.18558E-08  4.71127E-18  2.60170E-17
  7.750E-04  4.57402E-11  1.55508E-08  1.18558E-08  4.86831E-18  2.68842E-17
  8.000E-04  4.87388E-11  1.55508E-08  1.18558E-08  5.02535E-18  2.77515E-17
  8.250E-04  5.18325E-11  1.55508E-08  1.18558E-08  5.18239E-18  2.86187E-17
  8.500E-04  5.50215E-11  1.55508E-08  1.18558E-08  5.33944E-18  2.94859E-17
  8.750E-04  5.83057E-11  1.55508E-08  1.18558E-08  5.49648E-18  3.03532E-17
  9.000E-04  6.16850E-11  1.55508E-08  1.18558E-08  5.65352E-18  3.12204E-17
  9.250E-04  6.51595E-11  1.55508E-08  1.18558E-08  5.81056E-18  3.20876E-17
  9.500E-04  6.87293E-11  1.55508E-08  1.18558E-08  5.96760E-18  3.29549E-17
  9.750E-04  7.23943E-11  1.55508E-08  1.18558E-08  6.12465E-18  3.38221E-17
  1.000E-03  7.61544E-11  1.55508E-08  1.18558E-08  6.28169E-18  3.46893E-17
  1.250E-03  1.18991E-10  1.55508E-08  1.18558E-08  7.85211E-18  4.33617E-17
  1.500E-03  1.71347E-10  1.55508E-08  1.18558E-08  9.42253E-18  5.20340E-17
  1.750E-03  2.33223E-10  1.55508E-08  1.18558E-08  1.09930E-17  6.07063E-17
  2.000E-03  3.04617E-10  1.55508E-08  1.18558E-08  1.25634E-17  6.93786E-17
  2.250E-03  3.85531E-10  1.55508E-08  1.18558E-08  1.41338E-17  7.80510E-17
  2.500E-03  4.75965E-10  1.55508E-08  1.18558E-08  1.57042E-17  8.67233E-17
  2.750E-03  5.75917E-10  1.55508E-08  1.18558E-08  1.72746E-17  9.53956E-17
  3.000E-03  6.85389E-10  1.55508E-08  1.18558E-08  1.88451E-17  1.04068E-16
  3.250E-03  8.04380E-10  1.55508E-08  1.18558E-08  2.04155E-17  1.12740E-16
  3.500E-03  9.32891E-10  1.55508E-08  1.18558E-08  2.19859E-17  1.21413E-16
  3.750E-03  1.07092E-09  1.55508E-08  1.18558E-08  2.35563E-17  1.30085E-16
  4.000E-03  1.21847E-09  1.55508E-08  1.18558E-08  2.51268E-17  1.38757E-16
  4.250E-03  1.37554E-09  1.55508E-08  1.18558E-08  2.66972E-17  1.47430E-16
  4.500E-03  1.54213E-09  1.55508E-08  1.18558E-08  2.82676E-17  1.56102E-16
  4.750E-03  1.71823E-09  1.55508E-08  1.18558E-08  2.98380E-17  1.64774E-16
  5.000E-03  1.90386E-09  1.55508E-08  1.18558E-08  3.14084E-17  1.73447E-16
  5.250E-03  2.09900E-09  1.55508E-08  1.18558E-08  3.29789E-17  1.82119E-16
  5.500E-03  2.30367E-09  1.55508E-08  1.18558E-08  3.45493E-17  1.90791E-16
  5.750E-03  2.51785E-09  1.55508E-08  1.18558E-08  3.61197E-17  1.99464E-16
  6.000E-03  2.74156E-09  1.55508E-08  1.18558E-08  3.76901E-17  2.08136E-16
  6.250E-03  2.97478E-09  1.55508E-08  1.18558E-08  3.92605E-17  2.16808E-16
  6.500E-03  3.21752E-09  1.55508E-08  1.18558E-08  4.08310E-17  2.25481E-16
  6.750E-03  3.46978E-09  1.55508E-08  1.18558E-08  4.24014E-17  2.34153E-16
  7.000E-03  3.73156E-09  1.55508E-08  1.18558E-08  4.39718E-17  2.42825E-16
  7.250E-03  4.00286E-09  1.55508E-08  1.18558E-08  4.55422E-17  2.51498E-16
  7.500E-03  4.28368E-09  1.55508E-08  1.18558E-08  4.71126E-17  2.60170E-16
  7.750E-03  4.57402E-09  1.55508E-08  1.18558E-08  4.86831E-17  2.68842E-16
  8.000E-03  4.87388E-09  1.55508E-08  1.18558E-08  5.02535E-17  2.77515E-16
  8.250E-03  5.18326E-09  1.55508E-08  1.18558E-08  5.18239E-17  2.86187E-16
  8.500E-03  5.50215E-09  1.55508E-08  1.18558E-08  5.33943E-17  2.94859E-16
  8.750E-03  5.83057E-09  1.55508E-08  1.18558E-08  5.49647E-17  3.03532E-16
  9.000E-03  6.16850E-09  1.55508E-08  1.18558E-08  5.65352E-17  3.12204E-16
  9.250E-03  6.51596E-09  1.55508E-08  1.18558E-08  5.81056E-17  3.20876E-16
  9.500E-03  6.87293E-09  1.55508E-08  1.18558E-08  5.96760E-17  3.29549E-16
  9.750E-03  7.23942E-09  1.55508E-08  1.18558E-08  6.12464E-17  3.38221E-16
  1.000E-02  7.61544E-09  1.55508E-08  1.18558E-08  6.28168E-17  3.46893E-16
  1.250E-02  1.18991E-08  1.55508E-08  1.18558E-08  7.85210E-17  4.33617E-16
  1.500E-02  1.71347E-08  1.55508E-08  1.18558E-08  9.42252E-17  5.20340E-16
  1.750E-02  2.33223E-08  1.55508E-08  1.18558E-08  1.09929E-16  6.07063E-16
  2.000E-02  3.04617E-08  1.55508E-08  1.18558E-08  1.25633E-16  6.93786E-16
  2.250E-02  3.85531E-08  1.55508E-08  1.18558E-08  1.41337E-16  7.80510E-16
  2.500E-02  4.75965E-08  1.55508E-08  1.18558E-08  1.57041E-16  8.67233E-16
  2.750E-02  5.75917E-08  1.55508E-08  1.18558E-08  1.72745E-16  9.53956E-16
  3.000E-02  6.85389E-08  1.55508E-08  1.18558E-08  1.88449E-16  1.04068E-15
  3.250E-02  8.04380E-08  1.55508E-08  1.18558E-08  2.04153E-16  1.12740E-15
  3.500E-02  9.32891E-08  1.55508E-08  1.18558E-08  2.19857E-16  1.21413E-15
  3.750E-02  1.07092E-07  1.55508E-08  1.18558E-08  2.35561E-16  1.30085E-15
  4.000E-02  1.21847E-07  1.55508E-08  1.18558E-08  2.51264E-16  1.38757E-15
  4.250E-02  1.37554E-07  1.55508E-08  1.18558E-08  2.66968E-16  1.47430E-15
  4.500E-02  1.54213E-07  1.55508E-08  1.18558E-08  2.82672E-16  1.56102E-15
  4.750E-02  1.71823E-07  1.55508E-08  1.18557E-08  2.98375E-16  1.64774E-15
  5.000E-02  1.90386E-07  1.55508E-08  1.18557E-08  3.14078E-16  1.73446E-15
  5.250E-02  2.09900E-07  1.55508E-08  1.18557E-08  3.29782E-16  1.82119E-15
  5.500E-02  2.30367E-07  1.55508E-08  1.18557E-08  3.45485E-16  1.90791E-15
  5.750E-02  2.51785E-07  1.55507E-08  1.18557E-08  3.61188E-16  1.99463E-15
  6.000E-02  2.74156E-07  1.55507E-08  1.18557E-08  3.76891E-16  2.08136E-15
  6.250E-02  2.97478E-07  1.55507E-08  1.18557E-08  3.92594E-16  2.16808E-15
  6.500E-02  3.21752E-07  1.55507E-08  1.18557E-08  4.08296E-16  2.25480E-15
  6.750E-02  3.46978E-07  1.55507E-08  1.18557E-08  4.23999E-16  2.34153E-15
  7.000E-02  3.73156E-07  1.55507E-08  1.18557E-08  4.39701E-16  2.42825E-15
  7.250E-02  4.00286E-07  1.55507E-08  1.18557E-08  4.55404E-16  2.51497E-15
  7.500E-02  4.28368E-07  1.55507E-08  1.18557E-08  4.71106E-16  2.60169E-15
  7.750E-02  4.57402E-07  1.55507E-08  1.18557E-08  4.86808E-16  2.68842E-15
  8.000E-02  4.87388E-07  1.55507E-08  1.18557E-08  5.02510E-16  2.77514E-15
  8.250E-02  5.18325E-07  1.55507E-08  1.18557E-08  5.18212E-16  2.86186E-15
  8.500E-02  5.50215E-07  1.55507E-08  1.18557E-08  5.33913E-16  2.94859E-15
  8.750E-02  5.83057E-07  1.55506E-08  1.18557E-08  5.49615E-16  3.03531E-15
  9.000E-02  6.16850E-07  1.55506E-08  1.18557E-08  5.65316E-16  3.12203E-15
  9.250E-02  6.51596E-07  1.55506E-08  1.18557E-08  5.81017E-16  3.20875E-15
  9.500E-02  6.87293E-07  1.55506E-08  1.18557E-08  5.96718E-16  3.29548E-15
  9.750E-02  7.23942E-07  1.55506E-08  1.18557E-08  6.12419E-16  3.38220E-15
  1.000E-01  7.61543E-07  1.55506E-08  1.18557E-08  6.28120E-16  3.46892E-15
  1.250E-01  1.18991E-06  1.55504E-08  1.18557E-08  7.85115E-16  4.33614E-15
  1.500E-01  1.71347E-06  1.55503E-08  1.18556E-08  9.42087E-16  5.20336E-15
  1.750E-01  2.33223E-06  1.55501E-08  1.18556E-08  1.09903E-15  6.07057E-15
  2.000E-01  3.04617E-06  1.55498E-08  1.18556E-08  1.25594E-15  6.93777E-15
  2.250E-01  3.85531E-06  1.55495E-08  1.18555E-08  1.41282E-15  7.80496E-15
  2.500E-01  4.75964E-06  1.55492E-08  1.18554E-08  1.56965E-15  8.67215E-15
  2.750E-01  5.75916E-06  1.55489E-08  1.18554E-08  1.72644E-15  9.53932E-15
  3.000E-01  6.85388E-06  1.55485E-08  1.18553E-08  1.88317E-15  1.04065E-14
  3.250E-01  8.04378E-06  1.55482E-08  1.18552E-08  2.03986E-15  1.12736E-14
  3.500E-01  9.32888E-06  1.55477E-08  1.18551E-08  2.19648E-15  1.21408E-14
  3.750E-01  1.07092E-05  1.55473E-08  1.18550E-08  2.35303E-15  1.30079E-14
  4.000E-01  1.21846E-05  1.55468E-08  1.18549E-08  2.50952E-15  1.38750E-14
  4.250E-01  1.37553E-05  1.55463E-08  1.18548E-08  2.66593E-15  1.47421E-14
  4.500E-01  1.54212E-05  1.55457E-08  1.18547E-08  2.82226E-15  1.56091E-14
  4.750E-01  1.71822E-05  1.55451E-08  1.18546E-08  2.97852E-15  1.64762E-14
  5.000E-01  1.90385E-05  1.55445E-08  1.18545E-08  3.13468E-15  1.73432E-14
  5.250E-01  2.09899E-05  1.55438E-08  1.18543E-08  3.29075E-15  1.82102E-14
  5.500E-01  2.30365E-05  1.55432E-08  1.18542E-08  3.44672E-15  1.90772E-14
  5.750E-01  2.51783E-05  1.55424E-08  1.18540E-08  3.60259E-15  1.99441E-14
  6.000E-01  2.74153E-05  1.55417E-08  1.18539E-08  3.75836E-15  2.08110E-14
  6.250E-01  2.97475E-05  1.55409E-08  1.18537E-08  3.91401E-15  2.16779E-14
  6.500E-01  3.21749E-05  1.55401E-08  1.18535E-08  4.06955E-15  2.25448E-14
  6.750E-01  3.46974E-05  1.55393E-08  1.18534E-08  4.22497E-15  2.34116E-14
  7.000E-01  3.73152E-05  1.55384E-08  1.18532E-08  4.38027E-15  2.42784E-14
  7.250E-01  4.00281E-05  1.55375E-08  1.18530E-08  4.53543E-15  2.51452E-14
  7.500E-01  4.28362E-05  1.55366E-08  1.18528E-08  4.69046E-15  2.60120E-14
  7.750E-01  4.57395E-05  1.55356E-08  1.18526E-08  4.84535E-15  2.68787E-14
  8.000E-01  4.87380E-05  1.55346E-08  1.18524E-08  5.00010E-15  2.77454E-14
  8.250E-01  5.18317E-05  1.55336E-08  1.18522E-08  5.15471E-15  2.86120E-14
  8.500E-01  5.50205E-05  1.55325E-08  1.18520E-08  5.30915E-15  2.94786E-14
  8.750E-01  5.83045E-05  1.55314E-08  1.18518E-08  5.46345E-15  3.03452E-14
  9.000E-01  6.16838E-05  1.55303E-08  1.18515E-08  5.61758E-15  3.12117E-14
  9.250E-01  6.51582E-05  1.55291E-08  1.18513E-08  5.77154E-15  3.20782E-14
  9.500E-01  6.87277E-05  1.55279E-08  1.18510E-08  5.92534E-15  3.29447E-14
  9.750E-01  7.23925E-05  1.55267E-08  1.18508E-08  6.07896E-15  3.38111E-14
  1.000E+00  7.61524E-05  1.55255E-08  1.18505E-08  6.23239E-15  3.46774E-14
  1.100E+00  9.21439E-05  1.55202E-08  1.18494E-08  6.84426E-15  3.81424E-14
  1.200E+00  1.09658E-04  1.55143E-08  1.18482E-08  7.45288E-15  4.16066E-14
  1.300E+00  1.28695E-04  1.55080E-08  1.18469E-08  8.05796E-15  4.50700E-14
  1.400E+00  1.49255E-04  1.55012E-08  1.18455E-08  8.65921E-15  4.85324E-14
  1.500E+00  1.71338E-04  1.54938E-08  1.18440E-08  9.25635E-15  5.19939E-14
  1.600E+00  1.94942E-04  1.54860E-08  1.18424E-08  9.84907E-15  5.54542E-14
  1.700E+00  2.20070E-04  1.54777E-08  1.18406E-08  1.04371E-14  5.89135E-14
  1.800E+00  2.46720E-04  1.54688E-08  1.18388E-08  1.10201E-14  6.23715E-14
  1.900E+00  2.74892E-04  1.54595E-08  1.18369E-08  1.15979E-14  6.58282E-14
  2.000E+00  3.04586E-04  1.54497E-08  1.18348E-08  1.21701E-14  6.92836E-14
  2.100E+00  3.35803E-04  1.54394E-08  1.18327E-08  1.27364E-14  7.27376E-14
  2.200E+00  3.68542E-04  1.54285E-08  1.18304E-08  1.32966E-14  7.61900E-14
  2.300E+00  4.02802E-04  1.54172E-08  1.18281E-08  1.38504E-14  7.96409E-14
  2.400E+00  4.38585E-04  1.54054E-08  1.18256E-08  1.43975E-14  8.30902E-14
  2.500E+00  4.75889E-04  1.53931E-08  1.18231E-08  1.49376E-14  8.65378E-14
  2.600E+00  5.14715E-04  1.53803E-08  1.18204E-08  1.54704E-14  8.99835E-14
  2.700E+00  5.55063E-04  1.53670E-08  1.18176E-08  1.59957E-14  9.34275E-14
  2.800E+00  5.96931E-04  1.53532E-08  1.18148E-08  1.65132E-14  9.68695E-14
  2.900E+00  6.40321E-04  1.53390E-08  1.18118E-08  1.70225E-14  1.00310E-13
  3.000E+00  6.85233E-04  1.53242E-08  1.18087E-08  1.75235E-14  1.03748E-13
  3.100E+00  7.31665E-04  1.53090E-08  1.18055E-08  1.80159E-14  1.07183E-13
  3.200E+00  7.79618E-04  1.52933E-08  1.18023E-08  1.84993E-14  1.10617E-13
  3.300E+00  8.29092E-04  1.52771E-08  1.17989E-08  1.89735E-14  1.14048E-13
  3.400E+00  8.80086E-04  1.52605E-08  1.17954E-08  1.94383E-14  1.17477E-13
  3.500E+00  9.32601E-04  1.52433E-08  1.17918E-08  1.98934E-14  1.20904E-13
  3.600E+00  9.86636E-04  1.52257E-08  1.17881E-08  2.03384E-14  1.24328E-13
  3.700E+00  1.04219E-03  1.52076E-08  1.17843E-08  2.07733E-14  1.27750E-13
  3.800E+00  1.09927E-03  1.51890E-08  1.17804E-08  2.11975E-14  1.31169E-13
  3.900E+00  1.15786E-03  1.51700E-08  1.17764E-08  2.16111E-14  1.34585E-13
  4.000E+00  1.21797E-03  1.51505E-08  1.17723E-08  2.20135E-14  1.37999E-13
  4.100E+00  1.27961E-03  1.51305E-08  1.17681E-08  2.24047E-14  1.41409E-13
  4.200E+00  1.34276E-03  1.51101E-08  1.17637E-08  2.27843E-14  1.44817E-13
  4.300E+00  1.40743E-03  1.50892E-08  1.17593E-08  2.31522E-14  1.48222E-13
  4.400E+00  1.47362E-03  1.50679E-08  1.17548E-08  2.35080E-14  1.51624E-13
  4.500E+00  1.54133E-03  1.50461E-08  1.17502E-08  2.38514E-14  1.55023E-13
  4.600E+00  1.61056E-03  1.50238E-08  1.17455E-08  2.41824E-14  1.58418E-13
  4.700E+00  1.68131E-03  1.50011E-08  1.17406E-08  2.45005E-14  1.61811E-13
  4.800E+00  1.75357E-03  1.49779E-08  1.17357E-08  2.48056E-14  1.65200E-13
  4.900E+00  1.82735E-03  1.49543E-08  1.17307E-08  2.50975E-14  1.68585E-13
  5.000E+00  1.90265E-03  1.49303E-08  1.17255E-08  2.53758E-14  1.71968E-13
  5.100E+00  1.97947E-03  1.49058E-08  1.17203E-08  2.56404E-14  1.75346E-13
  5.200E+00  2.05780E-03  1.48808E-08  1.17150E-08  2.58909E-14  1.78721E-13
  5.300E+00  2.13765E-03  1.48554E-08  1.17095E-08  2.61273E-14  1.82093E-13
  5.400E+00  2.21902E-03  1.48296E-08  1.17040E-08  2.63493E-14  1.85461E-13
  5.500E+00  2.30190E-03  1.48034E-08  1.16984E-08  2.65565E-14  1.88825E-13
  5.600E+00  2.38630E-03  1.47767E-08  1.16926E-08  2.67489E-14  1.92185E-13
  5.700E+00  2.47222E-03  1.47496E-08  1.16868E-08  2.69262E-14  1.95541E-13
  5.800E+00  2.55965E-03  1.47221E-08  1.16809E-08  2.70881E-14  1.98893E-13
  5.900E+00  2.64859E-03  1.46941E-08  1.16748E-08  2.72345E-14  2.02241E-13
  6.000E+00  2.73905E-03  1.46658E-08  1.16687E-08  2.73651E-14  2.05585E-13
  6.100E+00  2.83103E-03  1.46370E-08  1.16624E-08  2.74798E-14  2.08925E-13
  6.200E+00  2.92452E-03  1.46078E-08  1.16561E-08  2.75783E-14  2.12261E-13
  6.300E+00  3.01952E-03  1.45782E-08  1.16497E-08  2.76603E-14  2.15592E-13
  6.400E+00  3.11604E-03  1.45481E-08  1.16431E-08  2.77258E-14  2.18919E-13
  6.500E+00  3.21407E-03  1.45177E-08  1.16365E-08  2.77745E-14  2.22242E-13
  6.600E+00  3.31362E-03  1.44869E-08  1.16298E-08  2.78062E-14  2.25560E-13
  6.700E+00  3.41468E-03  1.44557E-08  1.16229E-08  2.78207E-14  2.28873E-13
  6.800E+00  3.51725E-03  1.44241E-08  1.16160E-08  2.78178E-14  2.32182E-13
  6.900E+00  3.62133E-03  1.43920E-08  1.16090E-08  2.77974E-14  2.35486E-13
  7.000E+00  3.72692E-03  1.43596E-08  1.16018E-08  2.77592E-14  2.38785E-13
  7.100E+00  3.83403E-03  1.43268E-08  1.15946E-08  2.77030E-14  2.42080E-13
  7.200E+00  3.94265E-03  1.42937E-08  1.15873E-08  2.76288E-14  2.45369E-13
  7.300E+00  4.05278E-03  1.42601E-08  1.15798E-08  2.75362E-14  2.48654E-13
  7.400E+00  4.16442E-03  1.42262E-08  1.15723E-08  2.74251E-14  2.51933E-13
  7.500E+00  4.27757E-03  1.41919E-08  1.15647E-08  2.72954E-14  2.55208E-13
  7.600E+00  4.39223E-03  1.41572E-08  1.15570E-08  2.71469E-14  2.58477E-13
  7.700E+00  4.50840E-03  1.41222E-08  1.15492E-08  2.69793E-14  2.61741E-13
  7.800E+00  4.62608E-03  1.40868E-08  1.15413E-08  2.67926E-14  2.65000E-13
  7.900E+00  4.74527E-03  1.40510E-08  1.15332E-08  2.65866E-14  2.68253E-13
  8.000E+00  4.86597E-03  1.40149E-08  1.15251E-08  2.63611E-14  2.71501E-13
  8.100E+00  4.98817E-03  1.39784E-08  1.15169E-08  2.61160E-14  2.74744E-13
  8.200E+00  5.11188E-03  1.39416E-08  1.15086E-08  2.58511E-14  2.77981E-13
  8.300E+00  5.23711E-03  1.39044E-08  1.15002E-08  2.55662E-14  2.81212E-13
  8.400E+00  5.36383E-03  1.38669E-08  1.14918E-08  2.52613E-14  2.84438E-13
  8.500E+00  5.49207E-03  1.38290E-08  1.14832E-08  2.49361E-14  2.87658E-13
  8.600E+00  5.62181E-03  1.37908E-08  1.14745E-08  2.45905E-14  2.90872E-13
  8.700E+00  5.75306E-03  1.37523E-08  1.14657E-08  2.42245E-14  2.94081E-13
  8.800E+00  5.88581E-03  1.37134E-08  1.14568E-08  2.38378E-14  2.97283E-13
  8.900E+00  6.02007E-03  1.36742E-08  1.14479E-08  2.34303E-14  3.00479E-13
  9.000E+00  6.15583E-03  1.36347E-08  1.14388E-08  2.30019E-14  3.03670E-13
  9.100E+00  6.29310E-03  1.35949E-08  1.14297E-08  2.25524E-14  3.06854E-13
  9.200E+00  6.43187E-03  1.35547E-08  1.14204E-08  2.20818E-14  3.10032E-13
  9.300E+00  6.57214E-03  1.35142E-08  1.14111E-08  2.15899E-14  3.13204E-13
  9.400E+00  6.71392E-03  1.34735E-08  1.14016E-08  2.10767E-14  3.16370E-13
  9.500E+00  6.85720E-03  1.34324E-08  1.13921E-08  2.05419E-14  3.19529E-13
  9.600E+00  7.00198E-03  1.33910E-08  1.13825E-08  1.99854E-14  3.22682E-13
  9.700E+00  7.14827E-03  1.33493E-08  1.13728E-08  1.94073E-14  3.25829E-13
  9.800E+00  7.29605E-03  1.33073E-08  1.13630E-08  1.88073E-14  3.28969E-13
  9.900E+00  7.44534E-03  1.32651E-08  1.13531E-08  1.81853E-14  3.32102E-13
  1.000E+01  7.59612E-03  1.32225E-08  1.13431E-08  1.75414E-14  3.35229E-13
  1.025E+01  7.97965E-03  1.31149E-08  1.13177E-08  1.58343E-14  3.43016E-13
  1.050E+01  8.37255E-03  1.30056E-08  1.12917E-08  1.39875E-14  3.50761E-13
  1.075E+01  8.77480E-03  1.28946E-08  1.12652E-08  1.19996E-14  3.58462E-13
  1.100E+01  9.18641E-03  1.27820E-08  1.12381E-08  9.86932E-15  3.66119E-13
  1.125E+01  9.60736E-03  1.26678E-08  1.12105E-08  7.59564E-15  3.73730E-13
  1.150E+01  1.00376E-02  1.25522E-08  1.11823E-08  5.17758E-15  3.81295E-13
  1.175E+01  1.04773E-02  1.24351E-08  1.11535E-08  2.61426E-15  3.88813E-13
  1.200E+01  1.09262E-02  1.23167E-08  1.11242E-08 -9.50620E-17  3.96283E-13
  1.225E+01  1.13844E-02  1.21969E-08  1.10944E-08 -2.95104E-15  4.03704E-13
  1.250E+01  1.18520E-02  1.20759E-08  1.10640E-08 -5.95420E-15  4.11076E-13
  1.275E+01  1.23288E-02  1.19536E-08  1.10331E-08 -9.10498E-15  4.18397E-13
  1.300E+01  1.28150E-02  1.18303E-08  1.10017E-08 -1.24037E-14  4.25667E-13
  1.325E+01  1.33104E-02  1.17058E-08  1.09697E-08 -1.58506E-14  4.32885E-13
  1.350E+01  1.38150E-02  1.15803E-08  1.09372E-08 -1.94458E-14  4.40050E-13
  1.375E+01  1.43290E-02  1.14538E-08  1.09042E-08 -2.31893E-14  4.47161E-13
  1.400E+01  1.48521E-02  1.13264E-08  1.08707E-08 -2.70810E-14  4.54218E-13
  1.425E+01  1.53845E-02  1.11981E-08  1.08367E-08 -3.11208E-14  4.61220E-13
  1.450E+01  1.59262E-02  1.10690E-08  1.08022E-08 -3.53084E-14  4.68166E-13
  1.475E+01  1.64770E-02  1.09392E-08  1.07672E-08 -3.96434E-14  4.75056E-13
  1.500E+01  1.70371E-02  1.08086E-08  1.07317E-08 -4.41254E-14  4.81888E-13
  1.525E+01  1.76063E-02  1.06774E-08  1.06957E-08 -4.87540E-14  4.88663E-13
  1.550E+01  1.81848E-02  1.05456E-08  1.06593E-08 -5.35283E-14  4.95378E-13
  1.575E+01  1.87724E-02  1.04132E-08  1.06223E-08 -5.84479E-14  5.02035E-13
  1.600E+01  1.93692E-02  1.02803E-08  1.05849E-08 -6.35119E-14  5.08632E-13
  1.625E+01  1.99751E-02  1.01470E-08  1.05471E-08 -6.87194E-14  5.15167E-13
  1.650E+01  2.05901E-02  1.00133E-08  1.05088E-08 -7.40695E-14  5.21642E-13
  1.675E+01  2.12143E-02  9.87917E-09  1.04700E-08 -7.95613E-14  5.28055E-13
  1.700E+01  2.18476E-02  9.74477E-09  1.04307E-08 -8.51936E-14  5.34405E-13
  1.725E+01  2.24900E-02  9.61011E-09  1.03911E-08 -9.09653E-14  5.40692E-13
  1.750E+01  2.31415E-02  9.47524E-09  1.03510E-08 -9.68753E-14  5.46916E-13
  1.775E+01  2.38021E-02  9.34020E-09  1.03104E-08 -1.02922E-13  5.53075E-13
  1.800E+01  2.44717E-02  9.20503E-09  1.02695E-08 -1.09105E-13  5.59170E-13
  1.825E+01  2.51504E-02  9.06978E-09  1.02281E-08 -1.15422E-13  5.65199E-13
  1.850E+01  2.58382E-02  8.93449E-09  1.01863E-08 -1.21872E-13  5.71162E-13
  1.875E+01  2.65349E-02  8.79920E-09  1.01441E-08 -1.28453E-13  5.77059E-13
  1.900E+01  2.72407E-02  8.66396E-09  1.01015E-08 -1.35164E-13  5.82889E-13
  1.925E+01  2.79555E-02  8.52879E-09  1.00585E-08 -1.42003E-13  5.88652E-13
  1.950E+01  2.86793E-02  8.39375E-09  1.00151E-08 -1.48969E-13  5.94346E-13
  1.975E+01  2.94120E-02  8.25887E-09  9.97128E-09 -1.56060E-13  5.99973E-13
  2.000E+01  3.01537E-02  8.12419E-09  9.92711E-09 -1.63274E-13  6.05530E-13
  2.025E+01  3.09043E-02  7.98973E-09  9.88257E-09 -1.70610E-13  6.11019E-13
  2.050E+01  3.16639E-02  7.85555E-09  9.83766E-09 -1.78065E-13  6.16438E-13
  2.075E+01  3.24324E-02  7.72167E-09  9.79239E-09 -1.85638E-13  6.21786E-13
  2.100E+01  3.32098E-02  7.58812E-09  9.74675E-09 -1.93328E-13  6.27064E-13
  2.125E+01  3.39961E-02  7.45495E-09  9.70077E-09 -2.01132E-13  6.32272E-13
  2.150E+01  3.47912E-02  7.32217E-09  9.65444E-09 -2.09048E-13  6.37408E-13
  2.175E+01  3.55952E-02  7.18983E-09  9.60778E-09 -2.17074E-13  6.42472E-13
  2.200E+01  3.64081E-02  7.05795E-09  9.56077E-09 -2.25209E-13  6.47465E-13
  2.225E+01  3.72297E-02  6.92656E-09  9.51344E-09 -2.33450E-13  6.52385E-13
  2.250E+01  3.80602E-02  6.79568E-09  9.46579E-09 -2.41796E-13  6.57232E-13
  2.275E+01  3.88995E-02  6.66536E-09  9.41783E-09 -2.50244E-13  6.62007E-13
  2.300E+01  3.97476E-02  6.53560E-09  9.36955E-09 -2.58793E-13  6.66708E-13
  2.325E+01  4.06044E-02  6.40645E-09  9.32097E-09 -2.67440E-13  6.71336E-13
  2.350E+01  4.14700E-02  6.27791E-09  9.27209E-09 -2.76183E-13  6.75891E-13
  2.375E+01  4.23443E-02  6.15003E-09  9.22292E-09 -2.85021E-13  6.80371E-13
  2.400E+01  4.32273E-02  6.02281E-09  9.17346E-09 -2.93951E-13  6.84777E-13
  2.425E+01  4.41190E-02  5.89628E-09  9.12372E-09 -3.02971E-13  6.89108E-13
  2.450E+01  4.50194E-02  5.77047E-09  9.07371E-09 -3.12079E-13  6.93365E-13
  2.475E+01  4.59284E-02  5.64539E-09  9.02343E-09 -3.21273E-13  6.97547E-13
  2.500E+01  4.68461E-02  5.52107E-09  8.97288E-09 -3.30551E-13  7.01653E-13
  2.550E+01  4.87074E-02  5.27476E-09  8.87103E-09 -3.49350E-13  7.09640E-13
  2.600E+01  5.06030E-02  5.03168E-09  8.76820E-09 -3.68460E-13  7.17325E-13
  2.650E+01  5.25328E-02  4.79197E-09  8.66444E-09 -3.87863E-13  7.24707E-13
  2.700E+01  5.44967E-02  4.55574E-09  8.55980E-09 -4.07543E-13  7.31783E-13
  2.750E+01  5.64946E-02  4.32310E-09  8.45432E-09 -4.27483E-13  7.38555E-13
  2.800E+01  5.85262E-02  4.09416E-09  8.34805E-09 -4.47666E-13  7.45021E-13
  2.850E+01  6.05914E-02  3.86900E-09  8.24103E-09 -4.68078E-13  7.51181E-13
  2.900E+01  6.26901E-02  3.64770E-09  8.13332E-09 -4.88701E-13  7.57035E-13
  2.950E+01  6.48222E-02  3.43033E-09  8.02495E-09 -5.09519E-13  7.62583E-13
  3.000E+01  6.69873E-02  3.21695E-09  7.91598E-09 -5.30516E-13  7.67824E-13
  3.050E+01  6.91854E-02  3.00761E-09  7.80645E-09 -5.51678E-13  7.72761E-13
  3.100E+01  7.14163E-02  2.80235E-09  7.69640E-09 -5.72989E-13  7.77392E-13
  3.150E+01  7.36799E-02  2.60122E-09  7.58587E-09 -5.94434E-13  7.81720E-13
  3.200E+01  7.59760E-02  2.40424E-09  7.47492E-09 -6.15998E-13  7.85744E-13
  3.250E+01  7.83043E-02  2.21143E-09  7.36357E-09 -6.37668E-13  7.89466E-13
  3.300E+01  8.06647E-02  2.02281E-09  7.25189E-09 -6.59428E-13  7.92887E-13
  3.350E+01  8.30571E-02  1.83838E-09  7.13990E-09 -6.81265E-13  7.96008E-13
  3.400E+01  8.54812E-02  1.65817E-09  7.02765E-09 -7.03166E-13  7.98831E-13
  3.450E+01  8.79369E-02  1.48215E-09  6.91518E-09 -7.25117E-13  8.01358E-13
  3.500E+01  9.04240E-02  1.31033E-09  6.80253E-09 -7.47106E-13  8.03590E-13
  3.550E+01  9.29422E-02  1.14269E-09  6.68974E-09 -7.69121E-13  8.05530E-13
  3.600E+01  9.54915E-02  9.79227E-10  6.57685E-09 -7.91148E-13  8.07179E-13
  3.650E+01  9.80716E-02  8.19912E-10  6.46390E-09 -8.13177E-13  8.08540E-13
  3.700E+01  1.00682E-01  6.64725E-10  6.35092E-09 -8.35195E-13  8.09614E-13
  3.750E+01  1.03323E-01  5.13639E-10  6.23795E-09 -8.57192E-13  8.10405E-13
  3.800E+01  1.05995E-01  3.66624E-10  6.12503E-09 -8.79157E-13  8.10915E-13
  3.850E+01  1.08696E-01  2.23648E-10  6.01220E-09 -9.01079E-13  8.11147E-13
  3.900E+01  1.11427E-01  8.46755E-11  5.89948E-09 -9.22947E-13  8.11103E-13
  3.950E+01  1.14188E-01 -5.03320E-11  5.78691E-09 -9.44753E-13  8.10787E-13
  4.000E+01  1.16978E-01 -1.81415E-10  5.67453E-09 -9.66487E-13  8.10201E-13
  4.050E+01  1.19797E-01 -3.08615E-10  5.56237E-09 -9.88139E-13  8.09348E-13
  4.100E+01  1.22645E-01 -4.31978E-10  5.45046E-09 -1.00970E-12  8.08232E-13
  4.150E+01  1.25522E-01 -5.51549E-10  5.33882E-09 -1.03116E-12  8.06856E-13
  4.200E+01  1.28428E-01 -6.67375E-10  5.22750E-09 -1.05252E-12  8.05223E-13
  4.250E+01  1.31361E-01 -7.79507E-10  5.11652E-09 -1.07375E-12  8.03337E-13
  4.300E+01  1.34323E-01 -8.87994E-10  5.00591E-09 -1.09487E-12  8.01201E-13
  4.350E+01  1.37313E-01 -9.92888E-10  4.89570E-09 -1.11585E-12  7.98819E-13
  4.400E+01  1.40330E-01 -1.09424E-09  4.78592E-09 -1.13670E-12  7.96194E-13
  4.450E+01  1.43375E-01 -1.19211E-09  4.67658E-09 -1.15740E-12  7.93331E-13
  4.500E+01  1.46447E-01 -1.28654E-09  4.56773E-09 -1.17795E-12  7.90232E-13
  4.550E+01  1.49545E-01 -1.37759E-09  4.45937E-09 -1.19834E-12  7.86903E-13
  4.600E+01  1.52671E-01 -1.46532E-09  4.35155E-09 -1.21856E-12  7.83346E-13
  4.650E+01  1.55823E-01 -1.54978E-09  4.24427E-09 -1.23862E-12  7.79565E-13
  4.700E+01  1.59001E-01 -1.63102E-09  4.13757E-09 -1.25850E-12  7.75565E-13
  4.750E+01  1.62205E-01 -1.70911E-09  4.03146E-09 -1.27820E-12  7.71350E-13
  4.800E+01  1.65435E-01 -1.78410E-09  3.92597E-09 -1.29771E-12  7.66923E-13
  4.850E+01  1.68690E-01 -1.85604E-09  3.82112E-09 -1.31702E-12  7.62289E-13
  4.900E+01  1.71970E-01 -1.92500E-09  3.71693E-09 -1.33615E-12  7.57452E-13
  4.950E+01  1.75276E-01 -1.99102E-09  3.61341E-09 -1.35507E-12  7.52416E-13
  5.000E+01  1.78606E-01 -2.05417E-09  3.51059E-09 -1.37378E-12  7.47185E-13
  5.050E+01  1.81961E-01 -2.11450E-09  3.40848E-09 -1.39229E-12  7.41763E-13
  5.100E+01  1.85340E-01 -2.17206E-09  3.30710E-09 -1.41058E-12  7.36156E-13
  5.150E+01  1.88743E-01 -2.22691E-09  3.20647E-09 -1.42866E-12  7.30366E-13
  5.200E+01  1.92169E-01 -2.27911E-09  3.10660E-09 -1.44651E-12  7.24398E-13
  5.250E+01  1.95619E-01 -2.32871E-09  3.00751E-09 -1.46414E-12  7.18257E-13
  5.300E+01  1.99092E-01 -2.37576E-09  2.90920E-09 -1.48154E-12  7.11947E-13
  5.350E+01  2.02589E-01 -2.42032E-09  2.81171E-09 -1.49871E-12  7.05471E-13
  5.400E+01  2.06107E-01 -2.46244E-09  2.71503E-09 -1.51565E-12  6.98835E-13
  5.450E+01  2.09649E-01 -2.50217E-09  2.61918E-09 -1.53235E-12  6.92043E-13
  5.500E+01  2.13212E-01 -2.53957E-09  2.52418E-09 -1.54881E-12  6.85098E-13
  5.550E+01  2.16797E-01 -2.57469E-09  2.43003E-09 -1.56503E-12  6.78006E-13
  5.600E+01  2.20404E-01 -2.60758E-09  2.33674E-09 -1.58101E-12  6.70770E-13
  5.650E+01  2.24032E-01 -2.63829E-09  2.24433E-09 -1.59674E-12  6.63395E-13
  5.700E+01  2.27680E-01 -2.66687E-09  2.15281E-09 -1.61223E-12  6.55885E-13
  5.750E+01  2.31350E-01 -2.69337E-09  2.06217E-09 -1.62746E-12  6.48244E-13
  5.800E+01  2.35040E-01 -2.71784E-09  1.97244E-09 -1.64244E-12  6.40477E-13
  5.850E+01  2.38751E-01 -2.74033E-09  1.88361E-09 -1.65717E-12  6.32588E-13
  5.900E+01  2.42481E-01 -2.76087E-09  1.79570E-09 -1.67165E-12  6.24581E-13
  5.950E+01  2.46231E-01 -2.77953E-09  1.70871E-09 -1.68587E-12  6.16460E-13
  6.000E+01  2.50000E-01 -2.79635E-09  1.62265E-09 -1.69983E-12  6.08230E-13
  6.050E+01  2.53788E-01 -2.81137E-09  1.53753E-09 -1.71353E-12  5.99894E-13
  6.100E+01  2.57595E-01 -2.82464E-09  1.45334E-09 -1.72698E-12  5.91457E-13
  6.150E+01  2.61421E-01 -2.83620E-09  1.37010E-09 -1.74016E-12  5.82922E-13
  6.200E+01  2.65264E-01 -2.84609E-09  1.28781E-09 -1.75309E-12  5.74295E-13
  6.250E+01  2.69126E-01 -2.85437E-09  1.20647E-09 -1.76575E-12  5.65578E-13
  6.300E+01  2.73005E-01 -2.86106E-09  1.12608E-09 -1.77815E-12  5.56777E-13
  6.350E+01  2.76901E-01 -2.86622E-09  1.04665E-09 -1.79029E-12  5.47894E-13
  6.400E+01  2.80814E-01 -2.86988E-09  9.68179E-10 -1.80216E-12  5.38935E-13
  6.450E+01  2.84744E-01 -2.87208E-09  8.90671E-10 -1.81378E-12  5.29902E-13
  6.500E+01  2.88691E-01 -2.87287E-09  8.14126E-10 -1.82512E-12  5.20800E-13
  6.550E+01  2.92653E-01 -2.87228E-09  7.38546E-10 -1.83621E-12  5.11633E-13
  6.600E+01  2.96632E-01 -2.87035E-09  6.63931E-10 -1.84703E-12  5.02404E-13
  6.650E+01  3.00625E-01 -2.86711E-09  5.90281E-10 -1.85759E-12  4.93117E-13
  6.700E+01  3.04634E-01 -2.86261E-09  5.17597E-10 -1.86788E-12  4.83777E-13
  6.750E+01  3.08658E-01 -2.85688E-09  4.45877E-10 -1.87791E-12  4.74386E-13
  6.800E+01  3.12697E-01 -2.84996E-09  3.75122E-10 -1.88767E-12  4.64949E-13
  6.850E+01  3.16749E-01 -2.84187E-09  3.05330E-10 -1.89718E-12  4.55468E-13
  6.900E+01  3.20816E-01 -2.83267E-09  2.36499E-10 -1.90642E-12  4.45949E-13
  6.950E+01  3.24896E-01 -2.82237E-09  1.68628E-10 -1.91539E-12  4.36393E-13
  7.000E+01  3.28990E-01 -2.81101E-09  1.01716E-10 -1.92411E-12  4.26805E-13
  7.050E+01  3.33097E-01 -2.79863E-09  3.57582E-11 -1.93256E-12  4.17189E-13
  7.100E+01  3.37216E-01 -2.78525E-09 -2.92463E-11 -1.94076E-12  4.07547E-13
  7.150E+01  3.41348E-01 -2.77091E-09 -9.33010E-11 -1.94869E-12  3.97883E-13
  7.200E+01  3.45492E-01 -2.75564E-09 -1.56409E-10 -1.95637E-12  3.88200E-13
  7.250E+01  3.49647E-01 -2.73947E-09 -2.18574E-10 -1.96378E-12  3.78503E-13
  7.300E+01  3.53814E-01 -2.72242E-09 -2.79799E-10 -1.97094E-12  3.68792E-13
  7.350E+01  3.57992E-01 -2.70453E-09 -3.40090E-10 -1.97784E-12  3.59074E-13
  7.400E+01  3.62181E-01 -2.68583E-09 -3.99448E-10 -1.98449E-12  3.49349E-13
  7.450E+01  3.66381E-01 -2.66633E-09 -4.57880E-10 -1.99088E-12  3.39622E-13
  7.500E+01  3.70590E-01 -2.64608E-09 -5.15391E-10 -1.99702E-12  3.29895E-13
  7.550E+01  3.74810E-01 -2.62509E-09 -5.71983E-10 -2.00290E-12  3.20172E-13
  7.600E+01  3.79039E-01 -2.60339E-09 -6.27664E-10 -2.00853E-12  3.10455E-13
  7.650E+01  3.83277E-01 -2.58102E-09 -6.82438E-10 -2.01391E-12  3.00747E-13
  7.700E+01  3.87524E-01 -2.55798E-09 -7.36310E-10 -2.01904E-12  2.91052E-13
  7.750E+01  3.91780E-01 -2.53431E-09 -7.89287E-10 -2.02393E-12  2.81372E-13
  7.800E+01  3.96044E-01 -2.51003E-09 -8.41374E-10 -2.02856E-12  2.71710E-13
  7.850E+01  4.00316E-01 -2.48516E-09 -8.92578E-10 -2.03295E-12  2.62069E-13
  7.900E+01  4.04596E-01 -2.45973E-09 -9.42903E-10 -2.03710E-12  2.52451E-13
  7.950E+01  4.08882E-01 -2.43376E-09 -9.92357E-10 -2.04100E-12  2.42859E-13
  8.000E+01  4.13176E-01 -2.40728E-09 -1.04095E-09 -2.04466E-12  2.33295E-13
  8.050E+01  4.17476E-01 -2.38029E-09 -1.08868E-09 -2.04808E-12  2.23763E-13
  8.100E+01  4.21783E-01 -2.35283E-09 -1.13556E-09 -2.05126E-12  2.14265E-13
  8.150E+01  4.26095E-01 -2.32491E-09 -1.18159E-09 -2.05420E-12  2.04802E-13
  8.200E+01  4.30413E-01 -2.29656E-09 -1.22679E-09 -2.05691E-12  1.95379E-13
  8.250E+01  4.34737E-01 -2.26779E-09 -1.27115E-09 -2.05938E-12  1.85996E-13
  8.300E+01  4.39065E-01 -2.23863E-09 -1.31470E-09 -2.06162E-12  1.76656E-13
  8.350E+01  4.43398E-01 -2.20908E-09 -1.35742E-09 -2.06363E-12  1.67363E-13
  8.400E+01  4.47736E-01 -2.17918E-09 -1.39934E-09 -2.06540E-12  1.58117E-13
  8.450E+01  4.52077E-01 -2.14894E-09 -1.44046E-09 -2.06695E-12  1.48921E-13
  8.500E+01  4.56422E-01 -2.11837E-09 -1.48078E-09 -2.06827E-12  1.39777E-13
  8.550E+01  4.60770E-01 -2.08750E-09 -1.52032E-09 -2.06937E-12  1.30687E-13
  8.600E+01  4.65122E-01 -2.05633E-09 -1.55908E-09 -2.07024E-12  1.21654E-13
  8.650E+01  4.69476E-01 -2.02489E-09 -1.59706E-09 -2.07089E-12  1.12679E-13
  8.700E+01  4.73832E-01 -1.99320E-09 -1.63429E-09 -2.07131E-12  1.03764E-13
  8.750E+01  4.78190E-01 -1.96126E-09 -1.67076E-09 -2.07152E-12  9.49115E-14
  8.800E+01  4.82550E-01 -1.92909E-09 -1.70648E-09 -2.07152E-12  8.61230E-14
  8.850E+01  4.86912E-01 -1.89672E-09 -1.74147E-09 -2.07129E-12  7.74005E-14
  8.900E+01  4.91274E-01 -1.86414E-09 -1.77572E-09 -2.07086E-12  6.87457E-14
  8.950E+01  4.95637E-01 -1.83138E-09 -1.80925E-09 -2.07021E-12  6.01602E-14
  9.000E+01  5.00000E-01 -1.79845E-09 -1.84207E-09 -2.06935E-12  5.16460E-14
  9.050E+01  5.04363E-01 -1.76537E-09 -1.87418E-09 -2.06828E-12  4.32045E-14
  9.100E+01  5.08726E-01 -1.73214E-09 -1.90559E-09 -2.06700E-12  3.48375E-14
  9.150E+01  5.13088E-01 -1.69878E-09 -1.93632E-09 -2.06552E-12  2.65464E-14
  9.200E+01  5.17450E-01 -1.66530E-09 -1.96636E-09 -2.06384E-12  1.83329E-14
  9.250E+01  5.21810E-01 -1.63172E-09 -1.99572E-09 -2.06195E-12  1.01983E-14
  9.300E+01  5.26168E-01 -1.59804E-09 -2.02443E-09 -2.05987E-12  2.14428E-15
  9.350E+01  5.30524E-01 -1.56428E-09 -2.05247E-09 -2.05758E-12 -5.82790E-15
  9.400E+01  5.34878E-01 -1.53045E-09 -2.07987E-09 -2.05510E-12 -1.37168E-14
  9.450E+01  5.39230E-01 -1.49656E-09 -2.10663E-09 -2.05242E-12 -2.15212E-14
  9.500E+01  5.43578E-01 -1.46261E-09 -2.13275E-09 -2.04955E-12 -2.92397E-14
  9.550E+01  5.47923E-01 -1.42863E-09 -2.15825E-09 -2.04649E-12 -3.68711E-14
  9.600E+01  5.52264E-01 -1.39462E-09 -2.18314E-09 -2.04324E-12 -4.44142E-14
  9.650E+01  5.56602E-01 -1.36059E-09 -2.20742E-09 -2.03981E-12 -5.18678E-14
  9.700E+01  5.60935E-01 -1.32656E-09 -2.23110E-09 -2.03618E-12 -5.92307E-14
  9.750E+01  5.65263E-01 -1.29252E-09 -2.25419E-09 -2.03238E-12 -6.65019E-14
  9.800E+01  5.69587E-01 -1.25849E-09 -2.27669E-09 -2.02839E-12 -7.36804E-14
  9.850E+01  5.73905E-01 -1.22447E-09 -2.29863E-09 -2.02422E-12 -8.07650E-14
  9.900E+01  5.78217E-01 -1.19049E-09 -2.31999E-09 -2.01987E-12 -8.77548E-14
  9.950E+01  5.82524E-01 -1.15653E-09 -2.34080E-09 -2.01534E-12 -9.46489E-14
  1.000E+02  5.86824E-01 -1.12262E-09 -2.36106E-09 -2.01064E-12 -1.01446E-13
  1.005E+02  5.91118E-01 -1.08876E-09 -2.38078E-09 -2.00577E-12 -1.08146E-13
  1.010E+02  5.95404E-01 -1.05496E-09 -2.39997E-09 -2.00072E-12 -1.14748E-13
  1.015E+02  5.99684E-01 -1.02122E-09 -2.41863E-09 -1.99550E-12 -1.21250E-13
  1.020E+02  6.03956E-01 -9.87556E-10 -2.43677E-09 -1.99012E-12 -1.27653E-13
  1.025E+02  6.08220E-01 -9.53971E-10 -2.45441E-09 -1.98457E-12 -1.33954E-13
  1.030E+02  6.12476E-01 -9.20472E-10 -2.47154E-09 -1.97885E-12 -1.40155E-13
  1.035E+02  6.16723E-01 -8.87066E-10 -2.48818E-09 -1.97297E-12 -1.46253E-13
  1.040E+02  6.20961E-01 -8.53759E-10 -2.50434E-09 -1.96693E-12 -1.52249E-13
  1.045E+02  6.25190E-01 -8.20558E-10 -2.52001E-09 -1.96073E-12 -1.58141E-13
  1.050E+02  6.29410E-01 -7.87467E-10 -2.53522E-09 -1.95437E-12 -1.63929E-13
  1.055E+02  6.33619E-01 -7.54494E-10 -2.54997E-09 -1.94786E-12 -1.69613E-13
  1.060E+02  6.37819E-01 -7.21644E-10 -2.56426E-09 -1.94119E-12 -1.75192E-13
  1.065E+02  6.42008E-01 -6.88922E-10 -2.57811E-09 -1.93437E-12 -1.80665E-13
  1.070E+02  6.46186E-01 -6.56334E-10 -2.59151E-09 -1.92740E-12 -1.86033E-13
  1.075E+02  6.50353E-01 -6.23884E-10 -2.60449E-09 -1.92028E-12 -1.91294E-13
  1.080E+02  6.54508E-01 -5.91577E-10 -2.61704E-09 -1.91301E-12 -1.96449E-13
  1.085E+02  6.58652E-01 -5.59419E-10 -2.62917E-09 -1.90559E-12 -2.01497E-13
  1.090E+02  6.62784E-01 -5.27414E-10 -2.64090E-09 -1.89804E-12 -2.06437E-13
  1.095E+02  6.66903E-01 -4.95566E-10 -2.65222E-09 -1.89033E-12 -2.11269E-13
  1.100E+02  6.71010E-01 -4.63880E-10 -2.66315E-09 -1.88249E-12 -2.15994E-13
  1.105E+02  6.75104E-01 -4.32360E-10 -2.67369E-09 -1.87451E-12 -2.20610E-13
  1.110E+02  6.79184E-01 -4.01009E-10 -2.68386E-09 -1.86639E-12 -2.25118E-13
  1.115E+02  6.83251E-01 -3.69832E-10 -2.69365E-09 -1.85814E-12 -2.29517E-13
  1.120E+02  6.87303E-01 -3.38833E-10 -2.70307E-09 -1.84975E-12 -2.33808E-13
  1.125E+02  6.91342E-01 -3.08014E-10 -2.71214E-09 -1.84123E-12 -2.37989E-13
  1.130E+02  6.95366E-01 -2.77380E-10 -2.72085E-09 -1.83257E-12 -2.42061E-13
  1.135E+02  6.99375E-01 -2.46934E-10 -2.72922E-09 -1.82379E-12 -2.46025E-13
  1.140E+02  7.03368E-01 -2.16678E-10 -2.73725E-09 -1.81488E-12 -2.49878E-13
  1.145E+02  7.07347E-01 -1.86617E-10 -2.74495E-09 -1.80584E-12 -2.53623E-13
  1.150E+02  7.11309E-01 -1.56752E-10 -2.75233E-09 -1.79668E-12 -2.57259E-13
  1.155E+02  7.15256E-01 -1.27088E-10 -2.75939E-09 -1.78740E-12 -2.60785E-13
  1.160E+02  7.19186E-01 -9.76255E-11 -2.76613E-09 -1.77799E-12 -2.64202E-13
  1.165E+02  7.23099E-01 -6.83684E-11 -2.77258E-09 -1.76846E-12 -2.67509E-13
  1.170E+02  7.26995E-01 -3.93189E-11 -2.77872E-09 -1.75882E-12 -2.70708E-13
  1.175E+02  7.30874E-01 -1.04793E-11 -2.78457E-09 -1.74905E-12 -2.73797E-13
  1.180E+02  7.34736E-01  1.81479E-11 -2.79014E-09 -1.73917E-12 -2.76778E-13
  1.185E+02  7.38579E-01  4.65607E-11 -2.79543E-09 -1.72918E-12 -2.79650E-13
  1.190E+02  7.42405E-01  7.47569E-11 -2.80044E-09 -1.71908E-12 -2.82413E-13
  1.195E+02  7.46212E-01  1.02735E-10 -2.80519E-09 -1.70886E-12 -2.85068E-13
  1.200E+02  7.50000E-01  1.30492E-10 -2.80968E-09 -1.69853E-12 -2.87615E-13
  1.205E+02  7.53769E-01  1.58027E-10 -2.81391E-09 -1.68810E-12 -2.90054E-13
  1.210E+02  7.57519E-01  1.85338E-10 -2.81789E-09 -1.67756E-12 -2.92385E-13
  1.215E+02  7.61249E-01  2.12423E-10 -2.82163E-09 -1.66691E-12 -2.94608E-13
  1.220E+02  7.64960E-01  2.39281E-10 -2.82513E-09 -1.65616E-12 -2.96725E-13
  1.225E+02  7.68650E-01  2.65911E-10 -2.82841E-09 -1.64531E-12 -2.98734E-13
  1.230E+02  7.72320E-01  2.92311E-10 -2.83145E-09 -1.63435E-12 -3.00637E-13
  1.235E+02  7.75968E-01  3.18479E-10 -2.83428E-09 -1.62330E-12 -3.02434E-13
  1.240E+02  7.79596E-01  3.44415E-10 -2.83689E-09 -1.61214E-12 -3.04125E-13
  1.245E+02  7.83203E-01  3.70117E-10 -2.83929E-09 -1.60089E-12 -3.05711E-13
  1.250E+02  7.86788E-01  3.95584E-10 -2.84149E-09 -1.58955E-12 -3.07191E-13
  1.255E+02  7.90351E-01  4.20816E-10 -2.84349E-09 -1.57811E-12 -3.08567E-13
  1.260E+02  7.93893E-01  4.45811E-10 -2.84530E-09 -1.56657E-12 -3.09839E-13
  1.265E+02  7.97411E-01  4.70568E-10 -2.84692E-09 -1.55495E-12 -3.11007E-13
  1.270E+02  8.00908E-01  4.95086E-10 -2.84836E-09 -1.54323E-12 -3.12072E-13
  1.275E+02  8.04381E-01  5.19366E-10 -2.84962E-09 -1.53143E-12 -3.13034E-13
  1.280E+02  8.07831E-01  5.43405E-10 -2.85071E-09 -1.51954E-12 -3.13894E-13
  1.285E+02  8.11257E-01  5.67204E-10 -2.85163E-09 -1.50756E-12 -3.14652E-13
  1.290E+02  8.14660E-01  5.90761E-10 -2.85239E-09 -1.49549E-12 -3.15309E-13
  1.295E+02  8.18039E-01  6.14077E-10 -2.85299E-09 -1.48334E-12 -3.15865E-13
  1.300E+02  8.21394E-01  6.37151E-10 -2.85344E-09 -1.47111E-12 -3.16321E-13
  1.305E+02  8.24724E-01  6.59982E-10 -2.85374E-09 -1.45880E-12 -3.16678E-13
  1.310E+02  8.28030E-01  6.82570E-10 -2.85390E-09 -1.44641E-12 -3.16935E-13
  1.315E+02  8.31310E-01  7.04914E-10 -2.85392E-09 -1.43393E-12 -3.17095E-13
  1.320E+02  8.34565E-01  7.27015E-10 -2.85381E-09 -1.42138E-12 -3.17156E-13
  1.325E+02  8.37795E-01  7.48872E-10 -2.85356E-09 -1.40875E-12 -3.17121E-13
  1.330E+02  8.40999E-01  7.70485E-10 -2.85319E-09 -1.39605E-12 -3.16989E-13
  1.335E+02  8.44177E-01  7.91853E-10 -2.85270E-09 -1.38327E-12 -3.16761E-13
  1.340E+02  8.47329E-01  8.12977E-10 -2.85209E-09 -1.37042E-12 -3.16438E-13
  1.345E+02  8.50455E-01  8.33857E-10 -2.85137E-09 -1.35750E-12 -3.16021E-13
  1.350E+02  8.53553E-01  8.54492E-10 -2.85054E-09 -1.34451E-12 -3.15510E-13
  1.355E+02  8.56625E-01  8.74882E-10 -2.84961E-09 -1.33144E-12 -3.14906E-13
  1.360E+02  8.59670E-01  8.95028E-10 -2.84858E-09 -1.31831E-12 -3.14210E-13
  1.365E+02  8.62687E-01  9.14929E-10 -2.84745E-09 -1.30511E-12 -3.13422E-13
  1.370E+02  8.65677E-01  9.34585E-10 -2.84623E-09 -1.29184E-12 -3.12544E-13
  1.375E+02  8.68639E-01  9.53998E-10 -2.84492E-09 -1.27851E-12 -3.11575E-13
  1.380E+02  8.71572E-01  9.73166E-10 -2.84353E-09 -1.26511E-12 -3.10518E-13
  1.385E+02  8.74478E-01  9.92090E-10 -2.84205E-09 -1.25165E-12 -3.09371E-13
  1.390E+02  8.77355E-01  1.01077E-09 -2.84050E-09 -1.23813E-12 -3.08138E-13
  1.395E+02  8.80203E-01  1.02921E-09 -2.83888E-09 -1.22454E-12 -3.06817E-13
  1.400E+02  8.83022E-01  1.04740E-09 -2.83718E-09 -1.21090E-12 -3.05410E-13
  1.405E+02  8.85812E-01  1.06535E-09 -2.83542E-09 -1.19719E-12 -3.03918E-13
  1.410E+02  8.88573E-01  1.08306E-09 -2.83360E-09 -1.18343E-12 -3.02342E-13
  1.415E+02  8.91304E-01  1.10052E-09 -2.83172E-09 -1.16961E-12 -3.00682E-13
  1.420E+02  8.94005E-01  1.11774E-09 -2.82978E-09 -1.15574E-12 -2.98939E-13
  1.425E+02  8.96677E-01  1.13472E-09 -2.82779E-09 -1.14180E-12 -2.97114E-13
  1.430E+02  8.99318E-01  1.15146E-09 -2.82575E-09 -1.12782E-12 -2.95209E-13
  1.435E+02  9.01928E-01  1.16796E-09 -2.82366E-09 -1.11378E-12 -2.93223E-13
  1.440E+02  9.04508E-01  1.18422E-09 -2.82153E-09 -1.09969E-12 -2.91158E-13
  1.445E+02  9.07058E-01  1.20023E-09 -2.81937E-09 -1.08555E-12 -2.89015E-13
  1.450E+02  9.09576E-01  1.21601E-09 -2.81716E-09 -1.07135E-12 -2.86795E-13
  1.455E+02  9.12063E-01  1.23155E-09 -2.81492E-09 -1.05711E-12 -2.84498E-13
  1.460E+02  9.14519E-01  1.24685E-09 -2.81265E-09 -1.04282E-12 -2.82125E-13
  1.465E+02  9.16943E-01  1.26190E-09 -2.81035E-09 -1.02848E-12 -2.79678E-13
  1.470E+02  9.19335E-01  1.27673E-09 -2.80803E-09 -1.01409E-12 -2.77158E-13
  1.475E+02  9.21696E-01  1.29131E-09 -2.80568E-09 -9.99662E-13 -2.74564E-13
  1.480E+02  9.24024E-01  1.30566E-09 -2.80332E-09 -9.85184E-13 -2.71899E-13
  1.485E+02  9.26320E-01  1.31977E-09 -2.80093E-09 -9.70663E-13 -2.69163E-13
  1.490E+02  9.28584E-01  1.33364E-09 -2.79854E-09 -9.56098E-13 -2.66357E-13
  1.495E+02  9.30815E-01  1.34728E-09 -2.79613E-09 -9.41491E-13 -2.63482E-13
  1.500E+02  9.33013E-01  1.36068E-09 -2.79371E-09 -9.26842E-13 -2.60539E-13
  1.505E+02  9.35178E-01  1.37385E-09 -2.79128E-09 -9.12152E-13 -2.57530E-13
  1.510E+02  9.37310E-01  1.38678E-09 -2.78885E-09 -8.97422E-13 -2.54454E-13
  1.515E+02  9.39409E-01  1.39948E-09 -2.78642E-09 -8.82653E-13 -2.51314E-13
  1.520E+02  9.41474E-01  1.41195E-09 -2.78399E-09 -8.67846E-13 -2.48110E-13
  1.525E+02  9.43505E-01  1.42418E-09 -2.78156E-09 -8.53001E-13 -2.44842E-13
  1.530E+02  9.45503E-01  1.43619E-09 -2.77914E-09 -8.38120E-13 -2.41513E-13
  1.535E+02  9.47467E-01  1.44796E-09 -2.77672E-09 -8.23202E-13 -2.38124E-13
  1.540E+02  9.49397E-01  1.45950E-09 -2.77431E-09 -8.08250E-13 -2.34674E-13
  1.545E+02  9.51293E-01  1.47081E-09 -2.77192E-09 -7.93263E-13 -2.31166E-13
  1.550E+02  9.53154E-01  1.48189E-09 -2.76953E-09 -7.78243E-13 -2.27600E-13
  1.555E+02  9.54981E-01  1.49274E-09 -2.76717E-09 -7.63189E-13 -2.23977E-13
  1.560E+02  9.56773E-01  1.50336E-09 -2.76482E-09 -7.48104E-13 -2.20299E-13
  1.565E+02  9.58530E-01  1.51375E-09 -2.76249E-09 -7.32988E-13 -2.16566E-13
  1.570E+02  9.60252E-01  1.52392E-09 -2.76018E-09 -7.17840E-13 -2.12780E-13
  1.575E+02  9.61940E-01  1.53385E-09 -2.75789E-09 -7.02664E-13 -2.08941E-13
  1.580E+02  9.63592E-01  1.54356E-09 -2.75563E-09 -6.87458E-13 -2.05051E-13
  1.585E+02  9.65209E-01  1.55305E-09 -2.75339E-09 -6.72224E-13 -2.01111E-13
  1.590E+02  9.66790E-01  1.56231E-09 -2.75118E-09 -6.56962E-13 -1.97121E-13
  1.595E+02  9.68336E-01  1.57134E-09 -2.74901E-09 -6.41673E-13 -1.93084E-13
  1.600E+02  9.69846E-01  1.58015E-09 -2.74686E-09 -6.26359E-13 -1.88999E-13
  1.605E+02  9.71321E-01  1.58873E-09 -2.74475E-09 -6.11018E-13 -1.84869E-13
  1.610E+02  9.72759E-01  1.59710E-09 -2.74267E-09 -5.95653E-13 -1.80693E-13
  1.615E+02  9.74162E-01  1.60523E-09 -2.74063E-09 -5.80265E-13 -1.76474E-13
  1.620E+02  9.75528E-01  1.61315E-09 -2.73862E-09 -5.64852E-13 -1.72213E-13
  1.625E+02  9.76858E-01  1.62084E-09 -2.73666E-09 -5.49417E-13 -1.67910E-13
  1.630E+02  9.78152E-01  1.62831E-09 -2.73473E-09 -5.33961E-13 -1.63566E-13
  1.635E+02  9.79410E-01  1.63556E-09 -2.73285E-09 -5.18482E-13 -1.59184E-13
  1.640E+02  9.80631E-01  1.64258E-09 -2.73100E-09 -5.02984E-13 -1.54763E-13
  1.645E+02  9.81815E-01  1.64939E-09 -2.72921E-09 -4.87465E-13 -1.50305E-13
  1.650E+02  9.82963E-01  1.65598E-09 -2.72745E-09 -4.71927E-13 -1.45812E-13
  1.655E+02  9.84074E-01  1.66234E-09 -2.72575E-09 -4.56371E-13 -1.41283E-13
  1.660E+02  9.85148E-01  1.66849E-09 -2.72409E-09 -4.40796E-13 -1.36721E-13
  1.665E+02  9.86185E-01  1.67441E-09 -2.72248E-09 -4.25204E-13 -1.32127E-13
  1.670E+02  9.87185E-01  1.68012E-09 -2.72092E-09 -4.09596E-13 -1.27501E-13
  1.675E+02  9.88148E-01  1.68561E-09 -2.71941E-09 -3.93972E-13 -1.22845E-13
  1.680E+02  9.89074E-01  1.69088E-09 -2.71795E-09 -3.78332E-13 -1.18160E-13
  1.685E+02  9.89962E-01  1.69594E-09 -2.71655E-09 -3.62677E-13 -1.13446E-13
  1.690E+02  9.90814E-01  1.70077E-09 -2.71520E-09 -3.47009E-13 -1.08707E-13
  1.695E+02  9.91627E-01  1.70539E-09 -2.71390E-09 -3.31327E-13 -1.03941E-13
  1.700E+02  9.92404E-01  1.70980E-09 -2.71265E-09 -3.15632E-13 -9.91513E-14
  1.705E+02  9.93143E-01  1.71398E-09 -2.71147E-09 -2.99925E-13 -9.43380E-14
  1.710E+02  9.93844E-01  1.71795E-09 -2.71034E-09 -2.84207E-13 -8.95026E-14
  1.715E+02  9.94508E-01  1.72170E-09 -2.70926E-09 -2.68477E-13 -8.46462E-14
  1.720E+02  9.95134E-01  1.72524E-09 -2.70825E-09 -2.52738E-13 -7.97699E-14
  1.725E+02  9.95722E-01  1.72856E-09 -2.70729E-09 -2.36988E-13 -7.48750E-14
  1.730E+02  9.96273E-01  1.73167E-09 -2.70639E-09 -2.21230E-13 -6.99625E-14
  1.735E+02  9.96786E-01  1.73456E-09 -2.70556E-09 -2.05463E-13 -6.50336E-14
  1.740E+02  9.97261E-01  1.73724E-09 -2.70478E-09 -1.89688E-13 -6.00896E-14
  1.745E+02  9.97698E-01  1.73970E-09 -2.70406E-09 -1.73906E-13 -5.51315E-14
  1.750E+02  9.98097E-01  1.74195E-09 -2.70340E-09 -1.58118E-13 -5.01605E-14
  1.755E+02  9.98459E-01  1.74398E-09 -2.70281E-09 -1.42323E-13 -4.51778E-14
  1.760E+02  9.98782E-01  1.74580E-09 -2.70228E-09 -1.26523E-13 -4.01846E-14
  1.765E+02  9.99067E-01  1.74740E-09 -2.70180E-09 -1.10718E-13 -3.51821E-14
  1.770E+02  9.99315E-01  1.74879E-09 -2.70140E-09 -9.49090E-14 -3.01713E-14
  1.775E+02  9.99524E-01  1.74997E-09 -2.70105E-09 -7.90964E-14 -2.51535E-14
  1.780E+02  9.99695E-01  1.75093E-09 -2.70076E-09 -6.32807E-14 -2.01298E-14
  1.785E+02  9.99829E-01  1.75168E-09 -2.70054E-09 -4.74626E-14 -1.51015E-14
  1.790E+02  9.99924E-01  1.75221E-09 -2.70039E-09 -3.16427E-14 -1.00696E-14
  1.795E+02  9.99981E-01  1.75253E-09 -2.70029E-09 -1.58217E-14 -5.03538E-15
  1.800E+02  1.00000E+00  1.75264E-09 -2.70026E-09 -2.22034E-28 -7.06664E-29
