

  **** PARTIAL WAVE ANALYSIS (DPWA0) ******************************************


  KINETIC ENERGY = 1.16000E+02 eV

      L       PHASE(SPIN UP)     PHASE(SPIN DOWN)
  -----------------------------------------------
       0      3.07569583E-01      0.00000000E+00
       1     -1.35245741E+00     -1.35050068E+00
       2      6.93388655E-01      6.93682498E-01
       3      2.61549982E-01      2.61624251E-01
       4      1.05142493E-01      1.05167742E-01
       5      4.43276261E-02      4.43374285E-02
       6      1.92787861E-02      1.92828502E-02
       7      8.56537575E-03      8.56712539E-03
       8      3.86477448E-03      3.86554627E-03
       9      1.76426105E-03      1.76460739E-03
      10      8.12670965E-04      8.12828388E-04
      11      3.76995921E-04      3.77068185E-04
      12      1.75867961E-04      1.75901391E-04
      13      8.24074108E-05      8.24229712E-05
      14      3.87510592E-05      3.87583373E-05
      15      1.82738218E-05      1.82772392E-05
      16      8.63692018E-06      8.63852986E-06
      17      4.08957469E-06      4.09033477E-06
      18      1.93924724E-06      1.93960686E-06
      19      9.20665149E-07      9.20835571E-07
      20      4.37508400E-07      4.37589266E-07
      21      2.08070062E-07      2.08108473E-07
      22      9.90168025E-08      9.90350616E-08
      23      4.71448758E-08      4.71535670E-08
      24      2.24567360E-08      2.24608699E-08
      25      1.07006940E-08      1.07026640E-08
      26      5.10035823E-09      5.10129995E-09
      27      2.43160449E-09      2.43205164E-09
      28      1.15952368E-09      1.15973653E-09
      29      5.52997483E-10      5.53096515E-10
      30      2.63723107E-10      2.63778151E-10


  *** SCATTERING AMPLITUDES AND DIFFERENTIAL CROSS SECTION ***

    ANGLE      DCS       ASYMMETRY    DIRECT AMPLITUDE       SPIN-FLIP AMPLITUDE     ERROR
    (deg)   (cm**2/sr)                      (cm)                    (cm)
  -------------------------------------------------------------------------------------------
  0.000E+00 2.12974E-16  0.000E+00  1.051E-08  1.013E-08  0.000E+00  0.000E+00  1.00E-07
  1.000E-04 2.12974E-16  2.933E-10  1.051E-08  1.013E-08 -2.006E-18  1.039E-18  1.00E-07
  1.250E-04 2.12974E-16  3.666E-10  1.051E-08  1.013E-08 -2.508E-18  1.299E-18  1.00E-07
  1.500E-04 2.12974E-16  4.400E-10  1.051E-08  1.013E-08 -3.009E-18  1.558E-18  1.00E-07
  1.750E-04 2.12974E-16  5.133E-10  1.051E-08  1.013E-08 -3.511E-18  1.818E-18  1.00E-07
  2.000E-04 2.12974E-16  5.866E-10  1.051E-08  1.013E-08 -4.013E-18  2.078E-18  1.00E-07
  2.250E-04 2.12974E-16  6.600E-10  1.051E-08  1.013E-08 -4.514E-18  2.337E-18  1.00E-07
  2.500E-04 2.12974E-16  7.333E-10  1.051E-08  1.013E-08 -5.016E-18  2.597E-18  1.00E-07
  2.750E-04 2.12974E-16  8.066E-10  1.051E-08  1.013E-08 -5.517E-18  2.857E-18  1.00E-07
  3.000E-04 2.12974E-16  8.800E-10  1.051E-08  1.013E-08 -6.019E-18  3.117E-18  1.00E-07
  3.250E-04 2.12974E-16  9.533E-10  1.051E-08  1.013E-08 -6.520E-18  3.376E-18  1.00E-07
  3.500E-04 2.12974E-16  1.027E-09  1.051E-08  1.013E-08 -7.022E-18  3.636E-18  1.00E-07
  3.750E-04 2.12974E-16  1.100E-09  1.051E-08  1.013E-08 -7.524E-18  3.896E-18  1.00E-07
  4.000E-04 2.12974E-16  1.173E-09  1.051E-08  1.013E-08 -8.025E-18  4.155E-18  1.00E-07
  4.250E-04 2.12974E-16  1.247E-09  1.051E-08  1.013E-08 -8.527E-18  4.415E-18  1.00E-07
  4.500E-04 2.12974E-16  1.320E-09  1.051E-08  1.013E-08 -9.028E-18  4.675E-18  1.00E-07
  4.750E-04 2.12974E-16  1.393E-09  1.051E-08  1.013E-08 -9.530E-18  4.935E-18  1.00E-07
  5.000E-04 2.12974E-16  1.467E-09  1.051E-08  1.013E-08 -1.003E-17  5.194E-18  1.00E-07
  5.250E-04 2.12974E-16  1.540E-09  1.051E-08  1.013E-08 -1.053E-17  5.454E-18  1.00E-07
  5.500E-04 2.12974E-16  1.613E-09  1.051E-08  1.013E-08 -1.103E-17  5.714E-18  1.00E-07
  5.750E-04 2.12974E-16  1.687E-09  1.051E-08  1.013E-08 -1.154E-17  5.973E-18  1.00E-07
  6.000E-04 2.12974E-16  1.760E-09  1.051E-08  1.013E-08 -1.204E-17  6.233E-18  1.00E-07
  6.250E-04 2.12974E-16  1.833E-09  1.051E-08  1.013E-08 -1.254E-17  6.493E-18  1.00E-07
  6.500E-04 2.12974E-16  1.907E-09  1.051E-08  1.013E-08 -1.304E-17  6.753E-18  1.00E-07
  6.750E-04 2.12974E-16  1.980E-09  1.051E-08  1.013E-08 -1.354E-17  7.012E-18  1.00E-07
  7.000E-04 2.12974E-16  2.053E-09  1.051E-08  1.013E-08 -1.404E-17  7.272E-18  1.00E-07
  7.250E-04 2.12974E-16  2.127E-09  1.051E-08  1.013E-08 -1.455E-17  7.532E-18  1.00E-07
  7.500E-04 2.12974E-16  2.200E-09  1.051E-08  1.013E-08 -1.505E-17  7.792E-18  1.00E-07
  7.750E-04 2.12974E-16  2.273E-09  1.051E-08  1.013E-08 -1.555E-17  8.051E-18  1.00E-07
  8.000E-04 2.12974E-16  2.347E-09  1.051E-08  1.013E-08 -1.605E-17  8.311E-18  1.00E-07
  8.250E-04 2.12974E-16  2.420E-09  1.051E-08  1.013E-08 -1.655E-17  8.571E-18  1.00E-07
  8.500E-04 2.12974E-16  2.493E-09  1.051E-08  1.013E-08 -1.705E-17  8.830E-18  1.00E-07
  8.750E-04 2.12974E-16  2.567E-09  1.051E-08  1.013E-08 -1.756E-17  9.090E-18  1.00E-07
  9.000E-04 2.12974E-16  2.640E-09  1.051E-08  1.013E-08 -1.806E-17  9.350E-18  1.00E-07
  9.250E-04 2.12974E-16  2.713E-09  1.051E-08  1.013E-08 -1.856E-17  9.610E-18  1.00E-07
  9.500E-04 2.12974E-16  2.787E-09  1.051E-08  1.013E-08 -1.906E-17  9.869E-18  1.00E-07
  9.750E-04 2.12974E-16  2.860E-09  1.051E-08  1.013E-08 -1.956E-17  1.013E-17  1.00E-07
  1.000E-03 2.12974E-16  2.933E-09  1.051E-08  1.013E-08 -2.006E-17  1.039E-17  1.00E-07
  1.250E-03 2.12974E-16  3.666E-09  1.051E-08  1.013E-08 -2.508E-17  1.299E-17  1.00E-07
  1.500E-03 2.12974E-16  4.400E-09  1.051E-08  1.013E-08 -3.009E-17  1.558E-17  1.00E-07
  1.750E-03 2.12974E-16  5.133E-09  1.051E-08  1.013E-08 -3.511E-17  1.818E-17  1.00E-07
  2.000E-03 2.12974E-16  5.866E-09  1.051E-08  1.013E-08 -4.013E-17  2.078E-17  1.00E-07
  2.250E-03 2.12974E-16  6.600E-09  1.051E-08  1.013E-08 -4.514E-17  2.337E-17  1.00E-07
  2.500E-03 2.12974E-16  7.333E-09  1.051E-08  1.013E-08 -5.016E-17  2.597E-17  1.00E-07
  2.750E-03 2.12974E-16  8.066E-09  1.051E-08  1.013E-08 -5.517E-17  2.857E-17  1.00E-07
  3.000E-03 2.12974E-16  8.800E-09  1.051E-08  1.013E-08 -6.019E-17  3.117E-17  1.00E-07
  3.250E-03 2.12974E-16  9.533E-09  1.051E-08  1.013E-08 -6.520E-17  3.376E-17  1.00E-07
  3.500E-03 2.12974E-16  1.027E-08  1.051E-08  1.013E-08 -7.022E-17  3.636E-17  1.00E-07
  3.750E-03 2.12974E-16  1.100E-08  1.051E-08  1.013E-08 -7.524E-17  3.896E-17  1.00E-07
  4.000E-03 2.12974E-16  1.173E-08  1.051E-08  1.013E-08 -8.025E-17  4.155E-17  1.00E-07
  4.250E-03 2.12974E-16  1.247E-08  1.051E-08  1.013E-08 -8.527E-17  4.415E-17  1.00E-07
  4.500E-03 2.12974E-16  1.320E-08  1.051E-08  1.013E-08 -9.028E-17  4.675E-17  1.00E-07
  4.750E-03 2.12974E-16  1.393E-08  1.051E-08  1.013E-08 -9.530E-17  4.935E-17  1.00E-07
  5.000E-03 2.12974E-16  1.467E-08  1.051E-08  1.013E-08 -1.003E-16  5.194E-17  1.00E-07
  5.250E-03 2.12974E-16  1.540E-08  1.051E-08  1.013E-08 -1.053E-16  5.454E-17  1.00E-07
  5.500E-03 2.12974E-16  1.613E-08  1.051E-08  1.013E-08 -1.103E-16  5.714E-17  1.00E-07
  5.750E-03 2.12974E-16  1.687E-08  1.051E-08  1.013E-08 -1.154E-16  5.973E-17  1.00E-07
  6.000E-03 2.12974E-16  1.760E-08  1.051E-08  1.013E-08 -1.204E-16  6.233E-17  1.00E-07
  6.250E-03 2.12974E-16  1.833E-08  1.051E-08  1.013E-08 -1.254E-16  6.493E-17  1.00E-07
  6.500E-03 2.12974E-16  1.907E-08  1.051E-08  1.013E-08 -1.304E-16  6.753E-17  1.00E-07
  6.750E-03 2.12974E-16  1.980E-08  1.051E-08  1.013E-08 -1.354E-16  7.012E-17  1.00E-07
  7.000E-03 2.12974E-16  2.053E-08  1.051E-08  1.013E-08 -1.404E-16  7.272E-17  1.00E-07
  7.250E-03 2.12974E-16  2.127E-08  1.051E-08  1.013E-08 -1.455E-16  7.532E-17  1.00E-07
  7.500E-03 2.12974E-16  2.200E-08  1.051E-08  1.013E-08 -1.505E-16  7.792E-17  1.00E-07
  7.750E-03 2.12974E-16  2.273E-08  1.051E-08  1.013E-08 -1.555E-16  8.051E-17  1.00E-07
  8.000E-03 2.12974E-16  2.347E-08  1.051E-08  1.013E-08 -1.605E-16  8.311E-17  1.00E-07
  8.250E-03 2.12974E-16  2.420E-08  1.051E-08  1.013E-08 -1.655E-16  8.571E-17  1.00E-07
  8.500E-03 2.12974E-16  2.493E-08  1.051E-08  1.013E-08 -1.705E-16  8.830E-17  1.00E-07
  8.750E-03 2.12974E-16  2.567E-08  1.051E-08  1.013E-08 -1.756E-16  9.090E-17  1.00E-07
  9.000E-03 2.12974E-16  2.640E-08  1.051E-08  1.013E-08 -1.806E-16  9.350E-17  1.00E-07
  9.250E-03 2.12974E-16  2.713E-08  1.051E-08  1.013E-08 -1.856E-16  9.610E-17  1.00E-07
  9.500E-03 2.12974E-16  2.787E-08  1.051E-08  1.013E-08 -1.906E-16  9.869E-17  1.00E-07
  9.750E-03 2.12974E-16  2.860E-08  1.051E-08  1.013E-08 -1.956E-16  1.013E-16  1.00E-07
  1.000E-02 2.12974E-16  2.933E-08  1.051E-08  1.013E-08 -2.006E-16  1.039E-16  1.00E-07
  1.250E-02 2.12974E-16  3.666E-08  1.051E-08  1.013E-08 -2.508E-16  1.299E-16  1.00E-07
  1.500E-02 2.12974E-16  4.400E-08  1.051E-08  1.013E-08 -3.009E-16  1.558E-16  1.00E-07
  1.750E-02 2.12974E-16  5.133E-08  1.051E-08  1.013E-08 -3.511E-16  1.818E-16  1.00E-07
  2.000E-02 2.12974E-16  5.866E-08  1.051E-08  1.013E-08 -4.013E-16  2.078E-16  1.00E-07
  2.250E-02 2.12974E-16  6.600E-08  1.051E-08  1.013E-08 -4.514E-16  2.337E-16  1.00E-07
  2.500E-02 2.12974E-16  7.333E-08  1.051E-08  1.013E-08 -5.016E-16  2.597E-16  1.00E-07
  2.750E-02 2.12974E-16  8.066E-08  1.051E-08  1.013E-08 -5.517E-16  2.857E-16  1.00E-07
  3.000E-02 2.12974E-16  8.800E-08  1.051E-08  1.013E-08 -6.019E-16  3.117E-16  1.00E-07
  3.250E-02 2.12974E-16  9.533E-08  1.051E-08  1.013E-08 -6.520E-16  3.376E-16  1.00E-07
  3.500E-02 2.12973E-16  1.027E-07  1.051E-08  1.013E-08 -7.022E-16  3.636E-16  1.00E-07
  3.750E-02 2.12973E-16  1.100E-07  1.051E-08  1.013E-08 -7.524E-16  3.896E-16  1.00E-07
  4.000E-02 2.12973E-16  1.173E-07  1.051E-08  1.013E-08 -8.025E-16  4.155E-16  1.00E-07
  4.250E-02 2.12973E-16  1.247E-07  1.051E-08  1.013E-08 -8.527E-16  4.415E-16  1.00E-07
  4.500E-02 2.12973E-16  1.320E-07  1.051E-08  1.013E-08 -9.028E-16  4.675E-16  1.00E-07
  4.750E-02 2.12973E-16  1.393E-07  1.051E-08  1.013E-08 -9.530E-16  4.935E-16  1.00E-07
  5.000E-02 2.12973E-16  1.467E-07  1.051E-08  1.013E-08 -1.003E-15  5.194E-16  1.00E-07
  5.250E-02 2.12973E-16  1.540E-07  1.051E-08  1.013E-08 -1.053E-15  5.454E-16  1.00E-07
  5.500E-02 2.12973E-16  1.613E-07  1.051E-08  1.013E-08 -1.103E-15  5.714E-16  1.00E-07
  5.750E-02 2.12973E-16  1.687E-07  1.051E-08  1.013E-08 -1.154E-15  5.973E-16  1.00E-07
  6.000E-02 2.12973E-16  1.760E-07  1.051E-08  1.013E-08 -1.204E-15  6.233E-16  1.00E-07
  6.250E-02 2.12972E-16  1.833E-07  1.051E-08  1.013E-08 -1.254E-15  6.493E-16  1.00E-07
  6.500E-02 2.12972E-16  1.907E-07  1.051E-08  1.013E-08 -1.304E-15  6.753E-16  1.00E-07
  6.750E-02 2.12972E-16  1.980E-07  1.051E-08  1.013E-08 -1.354E-15  7.012E-16  1.00E-07
  7.000E-02 2.12972E-16  2.053E-07  1.051E-08  1.013E-08 -1.404E-15  7.272E-16  1.00E-07
  7.250E-02 2.12972E-16  2.127E-07  1.051E-08  1.013E-08 -1.455E-15  7.532E-16  1.00E-07
  7.500E-02 2.12972E-16  2.200E-07  1.051E-08  1.013E-08 -1.505E-15  7.791E-16  1.00E-07
  7.750E-02 2.12972E-16  2.273E-07  1.051E-08  1.013E-08 -1.555E-15  8.051E-16  1.00E-07
  8.000E-02 2.12972E-16  2.347E-07  1.051E-08  1.013E-08 -1.605E-15  8.311E-16  1.00E-07
  8.250E-02 2.12971E-16  2.420E-07  1.051E-08  1.013E-08 -1.655E-15  8.571E-16  1.00E-07
  8.500E-02 2.12971E-16  2.493E-07  1.051E-08  1.013E-08 -1.705E-15  8.830E-16  1.00E-07
  8.750E-02 2.12971E-16  2.567E-07  1.051E-08  1.013E-08 -1.756E-15  9.090E-16  1.00E-07
  9.000E-02 2.12971E-16  2.640E-07  1.051E-08  1.013E-08 -1.806E-15  9.350E-16  1.00E-07
  9.250E-02 2.12971E-16  2.713E-07  1.051E-08  1.013E-08 -1.856E-15  9.609E-16  1.00E-07
  9.500E-02 2.12971E-16  2.787E-07  1.051E-08  1.013E-08 -1.906E-15  9.869E-16  1.00E-07
  9.750E-02 2.12970E-16  2.860E-07  1.051E-08  1.013E-08 -1.956E-15  1.013E-15  1.00E-07
  1.000E-01 2.12970E-16  2.933E-07  1.051E-08  1.013E-08 -2.006E-15  1.039E-15  1.00E-07
  1.250E-01 2.12968E-16  3.667E-07  1.051E-08  1.013E-08 -2.508E-15  1.299E-15  1.00E-07
  1.500E-01 2.12966E-16  4.400E-07  1.051E-08  1.013E-08 -3.010E-15  1.558E-15  1.00E-07
  1.750E-01 2.12963E-16  5.133E-07  1.051E-08  1.013E-08 -3.511E-15  1.818E-15  1.00E-07
  2.000E-01 2.12960E-16  5.867E-07  1.051E-08  1.013E-08 -4.013E-15  2.078E-15  1.00E-07
  2.250E-01 2.12956E-16  6.600E-07  1.051E-08  1.013E-08 -4.515E-15  2.337E-15  1.00E-07
  2.500E-01 2.12952E-16  7.334E-07  1.051E-08  1.013E-08 -5.016E-15  2.597E-15  1.00E-07
  2.750E-01 2.12947E-16  8.067E-07  1.051E-08  1.013E-08 -5.518E-15  2.857E-15  1.00E-07
  3.000E-01 2.12942E-16  8.801E-07  1.051E-08  1.013E-08 -6.020E-15  3.116E-15  1.00E-07
  3.250E-01 2.12936E-16  9.534E-07  1.051E-08  1.013E-08 -6.521E-15  3.376E-15  1.00E-07
  3.500E-01 2.12930E-16  1.027E-06  1.051E-08  1.013E-08 -7.023E-15  3.636E-15  1.00E-07
  3.750E-01 2.12924E-16  1.100E-06  1.051E-08  1.013E-08 -7.525E-15  3.895E-15  1.00E-07
  4.000E-01 2.12917E-16  1.174E-06  1.051E-08  1.013E-08 -8.027E-15  4.155E-15  1.00E-07
  4.250E-01 2.12909E-16  1.247E-06  1.051E-08  1.013E-08 -8.529E-15  4.414E-15  1.00E-07
  4.500E-01 2.12901E-16  1.320E-06  1.051E-08  1.013E-08 -9.031E-15  4.674E-15  1.00E-07
  4.750E-01 2.12893E-16  1.394E-06  1.050E-08  1.013E-08 -9.533E-15  4.934E-15  1.00E-07
  5.000E-01 2.12884E-16  1.467E-06  1.050E-08  1.013E-08 -1.004E-14  5.193E-15  1.00E-07
  5.250E-01 2.12875E-16  1.541E-06  1.050E-08  1.013E-08 -1.054E-14  5.453E-15  1.00E-07
  5.500E-01 2.12866E-16  1.614E-06  1.050E-08  1.013E-08 -1.104E-14  5.712E-15  1.00E-07
  5.750E-01 2.12855E-16  1.687E-06  1.050E-08  1.013E-08 -1.154E-14  5.972E-15  1.00E-07
  6.000E-01 2.12845E-16  1.761E-06  1.050E-08  1.013E-08 -1.204E-14  6.231E-15  1.00E-07
  6.250E-01 2.12834E-16  1.834E-06  1.050E-08  1.013E-08 -1.255E-14  6.491E-15  1.00E-07
  6.500E-01 2.12823E-16  1.908E-06  1.050E-08  1.013E-08 -1.305E-14  6.750E-15  1.00E-07
  6.750E-01 2.12811E-16  1.981E-06  1.050E-08  1.013E-08 -1.355E-14  7.010E-15  1.00E-07
  7.000E-01 2.12798E-16  2.055E-06  1.050E-08  1.013E-08 -1.405E-14  7.269E-15  1.00E-07
  7.250E-01 2.12786E-16  2.128E-06  1.050E-08  1.013E-08 -1.456E-14  7.528E-15  1.00E-07
  7.500E-01 2.12772E-16  2.202E-06  1.050E-08  1.013E-08 -1.506E-14  7.788E-15  1.00E-07
  7.750E-01 2.12759E-16  2.275E-06  1.050E-08  1.013E-08 -1.556E-14  8.047E-15  1.00E-07
  8.000E-01 2.12745E-16  2.349E-06  1.050E-08  1.012E-08 -1.607E-14  8.306E-15  1.00E-07
  8.250E-01 2.12730E-16  2.423E-06  1.050E-08  1.012E-08 -1.657E-14  8.565E-15  1.00E-07
  8.500E-01 2.12715E-16  2.496E-06  1.050E-08  1.012E-08 -1.707E-14  8.825E-15  1.00E-07
  8.750E-01 2.12700E-16  2.570E-06  1.050E-08  1.012E-08 -1.757E-14  9.084E-15  1.00E-07
  9.000E-01 2.12684E-16  2.643E-06  1.050E-08  1.012E-08 -1.808E-14  9.343E-15  1.00E-07
  9.250E-01 2.12668E-16  2.717E-06  1.050E-08  1.012E-08 -1.858E-14  9.602E-15  1.00E-07
  9.500E-01 2.12651E-16  2.791E-06  1.050E-08  1.012E-08 -1.908E-14  9.861E-15  1.00E-07
  9.750E-01 2.12634E-16  2.864E-06  1.049E-08  1.012E-08 -1.959E-14  1.012E-14  1.00E-07
  1.000E+00 2.12616E-16  2.938E-06  1.049E-08  1.012E-08 -2.009E-14  1.038E-14  1.00E-07
  1.100E+00 2.12541E-16  3.233E-06  1.049E-08  1.012E-08 -2.211E-14  1.142E-14  1.00E-07
  1.200E+00 2.12459E-16  3.528E-06  1.049E-08  1.012E-08 -2.413E-14  1.245E-14  1.00E-07
  1.300E+00 2.12369E-16  3.824E-06  1.048E-08  1.012E-08 -2.615E-14  1.349E-14  1.00E-07
  1.400E+00 2.12273E-16  4.120E-06  1.048E-08  1.012E-08 -2.817E-14  1.452E-14  1.00E-07
  1.500E+00 2.12170E-16  4.416E-06  1.048E-08  1.012E-08 -3.019E-14  1.555E-14  1.00E-07
  1.600E+00 2.12059E-16  4.713E-06  1.047E-08  1.012E-08 -3.222E-14  1.658E-14  1.00E-07
  1.700E+00 2.11942E-16  5.010E-06  1.047E-08  1.012E-08 -3.425E-14  1.762E-14  1.00E-07
  1.800E+00 2.11817E-16  5.308E-06  1.046E-08  1.012E-08 -3.628E-14  1.865E-14  1.00E-07
  1.900E+00 2.11685E-16  5.606E-06  1.046E-08  1.011E-08 -3.832E-14  1.968E-14  1.00E-07
  2.000E+00 2.11547E-16  5.905E-06  1.045E-08  1.011E-08 -4.036E-14  2.070E-14  1.00E-07
  2.100E+00 2.11401E-16  6.204E-06  1.045E-08  1.011E-08 -4.240E-14  2.173E-14  1.00E-07
  2.200E+00 2.11249E-16  6.504E-06  1.044E-08  1.011E-08 -4.445E-14  2.276E-14  1.00E-07
  2.300E+00 2.11089E-16  6.805E-06  1.044E-08  1.011E-08 -4.650E-14  2.378E-14  1.00E-07
  2.400E+00 2.10923E-16  7.106E-06  1.043E-08  1.011E-08 -4.855E-14  2.481E-14  1.00E-07
  2.500E+00 2.10749E-16  7.408E-06  1.042E-08  1.010E-08 -5.061E-14  2.583E-14  1.00E-07
  2.600E+00 2.10569E-16  7.711E-06  1.042E-08  1.010E-08 -5.267E-14  2.685E-14  1.00E-07
  2.700E+00 2.10382E-16  8.014E-06  1.041E-08  1.010E-08 -5.474E-14  2.787E-14  1.00E-07
  2.800E+00 2.10188E-16  8.318E-06  1.040E-08  1.010E-08 -5.681E-14  2.889E-14  1.00E-07
  2.900E+00 2.09988E-16  8.623E-06  1.039E-08  1.010E-08 -5.889E-14  2.990E-14  1.00E-07
  3.000E+00 2.09780E-16  8.929E-06  1.039E-08  1.009E-08 -6.097E-14  3.092E-14  1.00E-07
  3.100E+00 2.09566E-16  9.236E-06  1.038E-08  1.009E-08 -6.306E-14  3.193E-14  1.00E-07
  3.200E+00 2.09345E-16  9.544E-06  1.037E-08  1.009E-08 -6.515E-14  3.294E-14  1.00E-07
  3.300E+00 2.09117E-16  9.852E-06  1.036E-08  1.009E-08 -6.725E-14  3.395E-14  1.00E-07
  3.400E+00 2.08883E-16  1.016E-05  1.035E-08  1.009E-08 -6.935E-14  3.496E-14  1.00E-07
  3.500E+00 2.08642E-16  1.047E-05  1.034E-08  1.008E-08 -7.146E-14  3.597E-14  1.00E-07
  3.600E+00 2.08394E-16  1.078E-05  1.033E-08  1.008E-08 -7.357E-14  3.697E-14  1.00E-07
  3.700E+00 2.08140E-16  1.110E-05  1.032E-08  1.008E-08 -7.570E-14  3.797E-14  1.00E-07
  3.800E+00 2.07879E-16  1.141E-05  1.031E-08  1.007E-08 -7.782E-14  3.897E-14  1.00E-07
  3.900E+00 2.07612E-16  1.173E-05  1.030E-08  1.007E-08 -7.996E-14  3.997E-14  1.00E-07
  4.000E+00 2.07338E-16  1.204E-05  1.029E-08  1.007E-08 -8.210E-14  4.097E-14  1.00E-07
  4.100E+00 2.07058E-16  1.236E-05  1.028E-08  1.007E-08 -8.424E-14  4.196E-14  1.00E-07
  4.200E+00 2.06771E-16  1.268E-05  1.027E-08  1.006E-08 -8.640E-14  4.295E-14  1.00E-07
  4.300E+00 2.06478E-16  1.300E-05  1.026E-08  1.006E-08 -8.856E-14  4.394E-14  1.00E-07
  4.400E+00 2.06179E-16  1.332E-05  1.025E-08  1.006E-08 -9.073E-14  4.493E-14  1.00E-07
  4.500E+00 2.05873E-16  1.364E-05  1.024E-08  1.005E-08 -9.290E-14  4.591E-14  1.00E-07
  4.600E+00 2.05561E-16  1.396E-05  1.023E-08  1.005E-08 -9.509E-14  4.689E-14  1.00E-07
  4.700E+00 2.05243E-16  1.429E-05  1.021E-08  1.005E-08 -9.728E-14  4.787E-14  1.00E-07
  4.800E+00 2.04919E-16  1.461E-05  1.020E-08  1.004E-08 -9.948E-14  4.885E-14  1.00E-07
  4.900E+00 2.04588E-16  1.494E-05  1.019E-08  1.004E-08 -1.017E-13  4.983E-14  1.00E-07
  5.000E+00 2.04252E-16  1.527E-05  1.017E-08  1.004E-08 -1.039E-13  5.080E-14  1.00E-07
  5.100E+00 2.03909E-16  1.560E-05  1.016E-08  1.003E-08 -1.061E-13  5.177E-14  1.00E-07
  5.200E+00 2.03560E-16  1.593E-05  1.015E-08  1.003E-08 -1.084E-13  5.273E-14  1.00E-07
  5.300E+00 2.03206E-16  1.627E-05  1.013E-08  1.002E-08 -1.106E-13  5.370E-14  1.00E-07
  5.400E+00 2.02845E-16  1.660E-05  1.012E-08  1.002E-08 -1.128E-13  5.466E-14  1.00E-07
  5.500E+00 2.02478E-16  1.694E-05  1.011E-08  1.002E-08 -1.151E-13  5.561E-14  1.00E-07
  5.600E+00 2.02106E-16  1.728E-05  1.009E-08  1.001E-08 -1.174E-13  5.657E-14  1.00E-07
  5.700E+00 2.01728E-16  1.762E-05  1.008E-08  1.001E-08 -1.196E-13  5.752E-14  1.00E-07
  5.800E+00 2.01344E-16  1.796E-05  1.006E-08  1.000E-08 -1.219E-13  5.847E-14  1.00E-07
  5.900E+00 2.00954E-16  1.830E-05  1.005E-08  1.000E-08 -1.242E-13  5.941E-14  1.00E-07
  6.000E+00 2.00559E-16  1.865E-05  1.003E-08  9.996E-09 -1.265E-13  6.035E-14  1.00E-07
  6.100E+00 2.00158E-16  1.900E-05  1.002E-08  9.992E-09 -1.288E-13  6.129E-14  1.00E-07
  6.200E+00 1.99751E-16  1.935E-05  1.000E-08  9.987E-09 -1.312E-13  6.223E-14  1.00E-07
  6.300E+00 1.99339E-16  1.970E-05  9.984E-09  9.983E-09 -1.335E-13  6.316E-14  1.00E-07
  6.400E+00 1.98921E-16  2.005E-05  9.968E-09  9.978E-09 -1.358E-13  6.409E-14  1.00E-07
  6.500E+00 1.98498E-16  2.041E-05  9.951E-09  9.974E-09 -1.382E-13  6.501E-14  1.00E-07
  6.600E+00 1.98070E-16  2.076E-05  9.934E-09  9.969E-09 -1.406E-13  6.594E-14  1.00E-07
  6.700E+00 1.97636E-16  2.112E-05  9.917E-09  9.964E-09 -1.429E-13  6.685E-14  1.00E-07
  6.800E+00 1.97197E-16  2.148E-05  9.900E-09  9.959E-09 -1.453E-13  6.777E-14  1.00E-07
  6.900E+00 1.96753E-16  2.185E-05  9.883E-09  9.954E-09 -1.477E-13  6.868E-14  1.00E-07
  7.000E+00 1.96303E-16  2.221E-05  9.865E-09  9.949E-09 -1.501E-13  6.959E-14  1.00E-07
  7.100E+00 1.95849E-16  2.258E-05  9.847E-09  9.944E-09 -1.525E-13  7.049E-14  1.00E-07
  7.200E+00 1.95389E-16  2.295E-05  9.829E-09  9.939E-09 -1.550E-13  7.139E-14  1.00E-07
  7.300E+00 1.94925E-16  2.332E-05  9.810E-09  9.934E-09 -1.574E-13  7.228E-14  1.00E-07
  7.400E+00 1.94455E-16  2.370E-05  9.792E-09  9.929E-09 -1.599E-13  7.318E-14  1.00E-07
  7.500E+00 1.93980E-16  2.407E-05  9.773E-09  9.923E-09 -1.623E-13  7.406E-14  1.00E-07
  7.600E+00 1.93501E-16  2.445E-05  9.754E-09  9.918E-09 -1.648E-13  7.495E-14  1.00E-07
  7.700E+00 1.93017E-16  2.483E-05  9.735E-09  9.912E-09 -1.673E-13  7.583E-14  1.00E-07
  7.800E+00 1.92528E-16  2.522E-05  9.715E-09  9.907E-09 -1.698E-13  7.670E-14  1.00E-07
  7.900E+00 1.92034E-16  2.560E-05  9.696E-09  9.901E-09 -1.723E-13  7.757E-14  1.00E-07
  8.000E+00 1.91536E-16  2.599E-05  9.676E-09  9.895E-09 -1.748E-13  7.844E-14  1.00E-07
  8.100E+00 1.91033E-16  2.638E-05  9.656E-09  9.890E-09 -1.774E-13  7.930E-14  1.00E-07
  8.200E+00 1.90526E-16  2.677E-05  9.635E-09  9.884E-09 -1.799E-13  8.016E-14  1.00E-07
  8.300E+00 1.90014E-16  2.717E-05  9.615E-09  9.878E-09 -1.825E-13  8.102E-14  1.00E-07
  8.400E+00 1.89497E-16  2.757E-05  9.594E-09  9.872E-09 -1.850E-13  8.186E-14  1.00E-07
  8.500E+00 1.88977E-16  2.797E-05  9.573E-09  9.866E-09 -1.876E-13  8.271E-14  1.00E-07
  8.600E+00 1.88452E-16  2.838E-05  9.552E-09  9.860E-09 -1.902E-13  8.355E-14  1.00E-07
  8.700E+00 1.87923E-16  2.878E-05  9.531E-09  9.853E-09 -1.928E-13  8.439E-14  1.00E-07
  8.800E+00 1.87389E-16  2.919E-05  9.509E-09  9.847E-09 -1.955E-13  8.522E-14  1.00E-07
  8.900E+00 1.86852E-16  2.960E-05  9.487E-09  9.841E-09 -1.981E-13  8.604E-14  1.00E-07
  9.000E+00 1.86310E-16  3.002E-05  9.465E-09  9.834E-09 -2.008E-13  8.687E-14  1.00E-07
  9.100E+00 1.85764E-16  3.044E-05  9.443E-09  9.828E-09 -2.034E-13  8.768E-14  1.00E-07
  9.200E+00 1.85215E-16  3.086E-05  9.421E-09  9.821E-09 -2.061E-13  8.850E-14  1.00E-07
  9.300E+00 1.84661E-16  3.128E-05  9.398E-09  9.815E-09 -2.088E-13  8.930E-14  1.00E-07
  9.400E+00 1.84104E-16  3.171E-05  9.376E-09  9.808E-09 -2.115E-13  9.011E-14  1.00E-07
  9.500E+00 1.83543E-16  3.214E-05  9.353E-09  9.801E-09 -2.142E-13  9.090E-14  1.00E-07
  9.600E+00 1.82978E-16  3.258E-05  9.330E-09  9.795E-09 -2.169E-13  9.170E-14  1.00E-07
  9.700E+00 1.82410E-16  3.301E-05  9.306E-09  9.788E-09 -2.197E-13  9.248E-14  1.00E-07
  9.800E+00 1.81838E-16  3.345E-05  9.283E-09  9.781E-09 -2.224E-13  9.327E-14  1.00E-07
  9.900E+00 1.81262E-16  3.390E-05  9.259E-09  9.774E-09 -2.252E-13  9.404E-14  1.00E-07
  1.000E+01 1.80683E-16  3.434E-05  9.235E-09  9.767E-09 -2.280E-13  9.481E-14  1.00E-07
  1.025E+01 1.79221E-16  3.547E-05  9.175E-09  9.749E-09 -2.350E-13  9.672E-14  1.00E-07
  1.050E+01 1.77738E-16  3.663E-05  9.114E-09  9.730E-09 -2.422E-13  9.859E-14  1.00E-07
  1.075E+01 1.76235E-16  3.780E-05  9.051E-09  9.712E-09 -2.494E-13  1.004E-13  1.00E-07
  1.100E+01 1.74714E-16  3.900E-05  8.987E-09  9.692E-09 -2.567E-13  1.022E-13  1.00E-07
  1.125E+01 1.73175E-16  4.022E-05  8.923E-09  9.673E-09 -2.641E-13  1.040E-13  1.00E-07
  1.150E+01 1.71620E-16  4.146E-05  8.857E-09  9.653E-09 -2.716E-13  1.057E-13  1.00E-07
  1.175E+01 1.70049E-16  4.273E-05  8.790E-09  9.632E-09 -2.791E-13  1.074E-13  1.00E-07
  1.200E+01 1.68463E-16  4.403E-05  8.723E-09  9.611E-09 -2.868E-13  1.091E-13  1.00E-07
  1.225E+01 1.66863E-16  4.535E-05  8.654E-09  9.590E-09 -2.946E-13  1.107E-13  1.00E-07
  1.250E+01 1.65250E-16  4.670E-05  8.584E-09  9.569E-09 -3.025E-13  1.123E-13  1.00E-07
  1.275E+01 1.63625E-16  4.807E-05  8.514E-09  9.547E-09 -3.105E-13  1.138E-13  1.00E-07
  1.300E+01 1.61989E-16  4.948E-05  8.443E-09  9.524E-09 -3.185E-13  1.153E-13  1.00E-07
  1.325E+01 1.60343E-16  5.091E-05  8.371E-09  9.501E-09 -3.267E-13  1.168E-13  1.00E-07
  1.350E+01 1.58687E-16  5.238E-05  8.298E-09  9.478E-09 -3.350E-13  1.182E-13  1.00E-07
  1.375E+01 1.57023E-16  5.387E-05  8.224E-09  9.455E-09 -3.434E-13  1.196E-13  1.00E-07
  1.400E+01 1.55351E-16  5.540E-05  8.150E-09  9.431E-09 -3.518E-13  1.209E-13  1.00E-07
  1.425E+01 1.53672E-16  5.696E-05  8.074E-09  9.406E-09 -3.604E-13  1.222E-13  1.00E-07
  1.450E+01 1.51987E-16  5.855E-05  7.998E-09  9.381E-09 -3.691E-13  1.234E-13  1.00E-07
  1.475E+01 1.50298E-16  6.018E-05  7.922E-09  9.356E-09 -3.779E-13  1.246E-13  1.00E-07
  1.500E+01 1.48604E-16  6.185E-05  7.845E-09  9.331E-09 -3.868E-13  1.258E-13  1.00E-07
  1.525E+01 1.46906E-16  6.355E-05  7.767E-09  9.305E-09 -3.958E-13  1.269E-13  1.00E-07
  1.550E+01 1.45206E-16  6.529E-05  7.688E-09  9.279E-09 -4.048E-13  1.279E-13  1.00E-07
  1.575E+01 1.43504E-16  6.706E-05  7.609E-09  9.252E-09 -4.140E-13  1.289E-13  1.00E-07
  1.600E+01 1.41801E-16  6.888E-05  7.530E-09  9.225E-09 -4.233E-13  1.299E-13  1.00E-07
  1.625E+01 1.40097E-16  7.073E-05  7.450E-09  9.198E-09 -4.327E-13  1.308E-13  1.00E-07
  1.650E+01 1.38394E-16  7.263E-05  7.369E-09  9.170E-09 -4.422E-13  1.317E-13  1.00E-07
  1.675E+01 1.36692E-16  7.457E-05  7.288E-09  9.142E-09 -4.518E-13  1.325E-13  1.00E-07
  1.700E+01 1.34992E-16  7.655E-05  7.206E-09  9.114E-09 -4.616E-13  1.332E-13  1.00E-07
  1.725E+01 1.33294E-16  7.857E-05  7.124E-09  9.085E-09 -4.714E-13  1.339E-13  1.00E-07
  1.750E+01 1.31600E-16  8.064E-05  7.042E-09  9.056E-09 -4.813E-13  1.346E-13  1.00E-07
  1.775E+01 1.29909E-16  8.276E-05  6.959E-09  9.027E-09 -4.913E-13  1.352E-13  1.00E-07
  1.800E+01 1.28222E-16  8.492E-05  6.876E-09  8.997E-09 -5.014E-13  1.358E-13  1.00E-07
  1.825E+01 1.26541E-16  8.713E-05  6.793E-09  8.967E-09 -5.116E-13  1.363E-13  1.00E-07
  1.850E+01 1.24865E-16  8.940E-05  6.709E-09  8.936E-09 -5.219E-13  1.367E-13  1.00E-07
  1.875E+01 1.23196E-16  9.171E-05  6.625E-09  8.906E-09 -5.323E-13  1.371E-13  1.00E-07
  1.900E+01 1.21533E-16  9.407E-05  6.540E-09  8.874E-09 -5.429E-13  1.374E-13  1.00E-07
  1.925E+01 1.19878E-16  9.649E-05  6.456E-09  8.843E-09 -5.535E-13  1.377E-13  1.00E-07
  1.950E+01 1.18230E-16  9.896E-05  6.371E-09  8.811E-09 -5.642E-13  1.380E-13  1.00E-07
  1.975E+01 1.16591E-16  1.015E-04  6.286E-09  8.779E-09 -5.750E-13  1.381E-13  1.00E-07
  2.000E+01 1.14960E-16  1.041E-04  6.201E-09  8.747E-09 -5.859E-13  1.382E-13  1.00E-07
  2.025E+01 1.13339E-16  1.067E-04  6.116E-09  8.714E-09 -5.969E-13  1.383E-13  1.00E-07
  2.050E+01 1.11728E-16  1.094E-04  6.030E-09  8.681E-09 -6.080E-13  1.383E-13  1.00E-07
  2.075E+01 1.10127E-16  1.122E-04  5.945E-09  8.648E-09 -6.192E-13  1.383E-13  1.00E-07
  2.100E+01 1.08537E-16  1.150E-04  5.859E-09  8.614E-09 -6.304E-13  1.381E-13  1.00E-07
  2.125E+01 1.06957E-16  1.179E-04  5.773E-09  8.580E-09 -6.418E-13  1.380E-13  1.00E-07
  2.150E+01 1.05389E-16  1.208E-04  5.688E-09  8.546E-09 -6.533E-13  1.377E-13  1.00E-07
  2.175E+01 1.03833E-16  1.238E-04  5.602E-09  8.512E-09 -6.648E-13  1.374E-13  1.00E-07
  2.200E+01 1.02289E-16  1.269E-04  5.516E-09  8.477E-09 -6.765E-13  1.371E-13  1.00E-07
  2.225E+01 1.00758E-16  1.301E-04  5.430E-09  8.442E-09 -6.882E-13  1.367E-13  1.00E-07
  2.250E+01 9.92387E-17  1.333E-04  5.345E-09  8.407E-09 -7.000E-13  1.362E-13  1.00E-07
  2.275E+01 9.77330E-17  1.366E-04  5.259E-09  8.371E-09 -7.119E-13  1.357E-13  1.00E-07
  2.300E+01 9.62405E-17  1.399E-04  5.174E-09  8.335E-09 -7.239E-13  1.351E-13  1.00E-07
  2.325E+01 9.47617E-17  1.433E-04  5.088E-09  8.299E-09 -7.360E-13  1.344E-13  1.00E-07
  2.350E+01 9.32967E-17  1.469E-04  5.003E-09  8.263E-09 -7.481E-13  1.337E-13  1.00E-07
  2.375E+01 9.18458E-17  1.504E-04  4.917E-09  8.226E-09 -7.604E-13  1.330E-13  1.00E-07
  2.400E+01 9.04093E-17  1.541E-04  4.832E-09  8.189E-09 -7.727E-13  1.321E-13  1.00E-07
  2.425E+01 8.89872E-17  1.578E-04  4.747E-09  8.152E-09 -7.851E-13  1.312E-13  1.00E-07
  2.450E+01 8.75798E-17  1.617E-04  4.662E-09  8.114E-09 -7.976E-13  1.303E-13  1.00E-07
  2.475E+01 8.61873E-17  1.656E-04  4.578E-09  8.077E-09 -8.101E-13  1.292E-13  1.00E-07
  2.500E+01 8.48099E-17  1.695E-04  4.493E-09  8.039E-09 -8.227E-13  1.281E-13  1.00E-07
  2.550E+01 8.21006E-17  1.778E-04  4.325E-09  7.962E-09 -8.482E-13  1.258E-13  1.00E-07
  2.600E+01 7.94530E-17  1.863E-04  4.158E-09  7.884E-09 -8.740E-13  1.231E-13  1.00E-07
  2.650E+01 7.68678E-17  1.953E-04  3.992E-09  7.806E-09 -9.000E-13  1.203E-13  1.00E-07
  2.700E+01 7.43458E-17  2.046E-04  3.827E-09  7.726E-09 -9.263E-13  1.171E-13  1.00E-07
  2.750E+01 7.18872E-17  2.143E-04  3.664E-09  7.646E-09 -9.528E-13  1.137E-13  1.00E-07
  2.800E+01 6.94924E-17  2.244E-04  3.502E-09  7.565E-09 -9.796E-13  1.101E-13  1.00E-07
  2.850E+01 6.71613E-17  2.349E-04  3.341E-09  7.483E-09 -1.007E-12  1.061E-13  1.00E-07
  2.900E+01 6.48940E-17  2.458E-04  3.182E-09  7.401E-09 -1.034E-12  1.019E-13  1.00E-07
  2.950E+01 6.26902E-17  2.572E-04  3.025E-09  7.317E-09 -1.061E-12  9.749E-14  1.00E-07
  3.000E+01 6.05495E-17  2.690E-04  2.869E-09  7.233E-09 -1.089E-12  9.277E-14  1.00E-07
  3.050E+01 5.84715E-17  2.812E-04  2.716E-09  7.148E-09 -1.117E-12  8.779E-14  1.00E-07
  3.100E+01 5.64556E-17  2.939E-04  2.564E-09  7.063E-09 -1.145E-12  8.254E-14  1.00E-07
  3.150E+01 5.45011E-17  3.071E-04  2.414E-09  6.977E-09 -1.173E-12  7.703E-14  1.00E-07
  3.200E+01 5.26073E-17  3.208E-04  2.267E-09  6.890E-09 -1.201E-12  7.125E-14  1.00E-07
  3.250E+01 5.07732E-17  3.350E-04  2.121E-09  6.803E-09 -1.230E-12  6.520E-14  1.00E-07
  3.300E+01 4.89980E-17  3.496E-04  1.977E-09  6.715E-09 -1.258E-12  5.889E-14  1.00E-07
  3.350E+01 4.72806E-17  3.648E-04  1.836E-09  6.626E-09 -1.287E-12  5.231E-14  1.00E-07
  3.400E+01 4.56200E-17  3.805E-04  1.697E-09  6.538E-09 -1.316E-12  4.547E-14  1.00E-07
  3.450E+01 4.40151E-17  3.967E-04  1.560E-09  6.448E-09 -1.345E-12  3.837E-14  1.00E-07
  3.500E+01 4.24646E-17  4.134E-04  1.426E-09  6.359E-09 -1.374E-12  3.100E-14  1.00E-07
  3.550E+01 4.09674E-17  4.307E-04  1.294E-09  6.268E-09 -1.403E-12  2.337E-14  1.00E-07
  3.600E+01 3.95224E-17  4.485E-04  1.164E-09  6.178E-09 -1.432E-12  1.548E-14  1.00E-07
  3.650E+01 3.81281E-17  4.668E-04  1.037E-09  6.087E-09 -1.461E-12  7.334E-15  1.00E-07
  3.700E+01 3.67834E-17  4.857E-04  9.116E-10  5.996E-09 -1.490E-12 -1.072E-15  1.00E-07
  3.750E+01 3.54869E-17  5.051E-04  7.891E-10  5.905E-09 -1.519E-12 -9.734E-15  1.00E-07
  3.800E+01 3.42374E-17  5.250E-04  6.691E-10  5.813E-09 -1.548E-12 -1.865E-14  1.00E-07
  3.850E+01 3.30336E-17  5.454E-04  5.516E-10  5.721E-09 -1.577E-12 -2.782E-14  1.00E-07
  3.900E+01 3.18740E-17  5.664E-04  4.365E-10  5.629E-09 -1.607E-12 -3.724E-14  1.00E-07
  3.950E+01 3.07576E-17  5.879E-04  3.240E-10  5.536E-09 -1.636E-12 -4.691E-14  1.00E-07
  4.000E+01 2.96828E-17  6.098E-04  2.140E-10  5.444E-09 -1.665E-12 -5.682E-14  1.00E-07
  4.050E+01 2.86485E-17  6.323E-04  1.064E-10  5.351E-09 -1.694E-12 -6.698E-14  1.00E-07
  4.100E+01 2.76534E-17  6.552E-04  1.460E-12  5.259E-09 -1.723E-12 -7.739E-14  1.00E-07
  4.150E+01 2.66961E-17  6.786E-04 -1.010E-10  5.166E-09 -1.752E-12 -8.803E-14  1.00E-07
  4.200E+01 2.57755E-17  7.025E-04 -2.010E-10  5.073E-09 -1.781E-12 -9.890E-14  1.00E-07
  4.250E+01 2.48903E-17  7.267E-04 -2.984E-10  4.980E-09 -1.810E-12 -1.100E-13  1.00E-07
  4.300E+01 2.40393E-17  7.514E-04 -3.933E-10  4.887E-09 -1.838E-12 -1.214E-13  1.00E-07
  4.350E+01 2.32214E-17  7.764E-04 -4.857E-10  4.794E-09 -1.867E-12 -1.329E-13  1.00E-07
  4.400E+01 2.24352E-17  8.018E-04 -5.756E-10  4.701E-09 -1.895E-12 -1.447E-13  1.00E-07
  4.450E+01 2.16798E-17  8.275E-04 -6.631E-10  4.609E-09 -1.924E-12 -1.567E-13  1.00E-07
  4.500E+01 2.09539E-17  8.535E-04 -7.480E-10  4.516E-09 -1.952E-12 -1.690E-13  1.00E-07
  4.550E+01 2.02566E-17  8.797E-04 -8.305E-10  4.423E-09 -1.980E-12 -1.814E-13  1.00E-07
  4.600E+01 1.95867E-17  9.061E-04 -9.105E-10  4.331E-09 -2.008E-12 -1.941E-13  1.00E-07
  4.650E+01 1.89432E-17  9.327E-04 -9.881E-10  4.239E-09 -2.036E-12 -2.070E-13  1.00E-07
  4.700E+01 1.83251E-17  9.595E-04 -1.063E-09  4.147E-09 -2.064E-12 -2.200E-13  1.00E-07
  4.750E+01 1.77314E-17  9.863E-04 -1.136E-09  4.055E-09 -2.091E-12 -2.333E-13  1.00E-07
  4.800E+01 1.71611E-17  1.013E-03 -1.206E-09  3.963E-09 -2.118E-12 -2.468E-13  1.00E-07
  4.850E+01 1.66134E-17  1.040E-03 -1.274E-09  3.872E-09 -2.146E-12 -2.605E-13  1.00E-07
  4.900E+01 1.60874E-17  1.067E-03 -1.340E-09  3.780E-09 -2.173E-12 -2.743E-13  1.00E-07
  4.950E+01 1.55821E-17  1.093E-03 -1.403E-09  3.690E-09 -2.199E-12 -2.884E-13  1.00E-07
  5.000E+01 1.50968E-17  1.120E-03 -1.464E-09  3.599E-09 -2.226E-12 -3.026E-13  1.00E-07
  5.050E+01 1.46307E-17  1.146E-03 -1.523E-09  3.509E-09 -2.252E-12 -3.170E-13  1.00E-07
  5.100E+01 1.41829E-17  1.172E-03 -1.580E-09  3.419E-09 -2.278E-12 -3.316E-13  1.00E-07
  5.150E+01 1.37528E-17  1.198E-03 -1.634E-09  3.329E-09 -2.304E-12 -3.463E-13  1.00E-07
  5.200E+01 1.33395E-17  1.223E-03 -1.686E-09  3.240E-09 -2.330E-12 -3.612E-13  1.00E-07
  5.250E+01 1.29425E-17  1.248E-03 -1.736E-09  3.151E-09 -2.356E-12 -3.763E-13  1.00E-07
  5.300E+01 1.25609E-17  1.272E-03 -1.784E-09  3.063E-09 -2.381E-12 -3.915E-13  1.00E-07
  5.350E+01 1.21943E-17  1.296E-03 -1.829E-09  2.975E-09 -2.406E-12 -4.069E-13  1.00E-07
  5.400E+01 1.18420E-17  1.319E-03 -1.872E-09  2.887E-09 -2.431E-12 -4.224E-13  1.00E-07
  5.450E+01 1.15033E-17  1.341E-03 -1.914E-09  2.800E-09 -2.455E-12 -4.380E-13  1.00E-07
  5.500E+01 1.11777E-17  1.362E-03 -1.953E-09  2.714E-09 -2.479E-12 -4.538E-13  1.00E-07
  5.550E+01 1.08647E-17  1.383E-03 -1.990E-09  2.627E-09 -2.503E-12 -4.698E-13  1.00E-07
  5.600E+01 1.05637E-17  1.402E-03 -2.026E-09  2.542E-09 -2.527E-12 -4.858E-13  1.00E-07
  5.650E+01 1.02743E-17  1.421E-03 -2.059E-09  2.457E-09 -2.550E-12 -5.020E-13  1.00E-07
  5.700E+01 9.99595E-18  1.438E-03 -2.090E-09  2.372E-09 -2.573E-12 -5.183E-13  1.00E-07
  5.750E+01 9.72818E-18  1.454E-03 -2.120E-09  2.288E-09 -2.596E-12 -5.347E-13  1.00E-07
  5.800E+01 9.47058E-18  1.469E-03 -2.147E-09  2.205E-09 -2.619E-12 -5.512E-13  1.00E-07
  5.850E+01 9.22273E-18  1.483E-03 -2.173E-09  2.122E-09 -2.641E-12 -5.678E-13  1.00E-07
  5.900E+01 8.98422E-18  1.495E-03 -2.196E-09  2.040E-09 -2.663E-12 -5.846E-13  1.00E-07
  5.950E+01 8.75469E-18  1.506E-03 -2.218E-09  1.958E-09 -2.685E-12 -6.014E-13  1.00E-07
  6.000E+01 8.53376E-18  1.515E-03 -2.239E-09  1.877E-09 -2.706E-12 -6.183E-13  1.00E-07
  6.050E+01 8.32109E-18  1.522E-03 -2.257E-09  1.796E-09 -2.727E-12 -6.353E-13  1.00E-07
  6.100E+01 8.11635E-18  1.528E-03 -2.274E-09  1.717E-09 -2.748E-12 -6.523E-13  1.00E-07
  6.150E+01 7.91923E-18  1.532E-03 -2.289E-09  1.638E-09 -2.768E-12 -6.694E-13  1.00E-07
  6.200E+01 7.72943E-18  1.534E-03 -2.302E-09  1.559E-09 -2.788E-12 -6.866E-13  1.00E-07
  6.250E+01 7.54667E-18  1.534E-03 -2.314E-09  1.481E-09 -2.808E-12 -7.039E-13  1.00E-07
  6.300E+01 7.37068E-18  1.532E-03 -2.324E-09  1.404E-09 -2.828E-12 -7.212E-13  1.00E-07
  6.350E+01 7.20121E-18  1.528E-03 -2.332E-09  1.328E-09 -2.847E-12 -7.386E-13  1.00E-07
  6.400E+01 7.03801E-18  1.522E-03 -2.339E-09  1.252E-09 -2.865E-12 -7.560E-13  1.00E-07
  6.450E+01 6.88085E-18  1.513E-03 -2.344E-09  1.177E-09 -2.884E-12 -7.735E-13  1.00E-07
  6.500E+01 6.72952E-18  1.503E-03 -2.348E-09  1.102E-09 -2.902E-12 -7.910E-13  1.00E-07
  6.550E+01 6.58381E-18  1.490E-03 -2.351E-09  1.029E-09 -2.920E-12 -8.085E-13  1.00E-07
  6.600E+01 6.44352E-18  1.474E-03 -2.352E-09  9.558E-10 -2.937E-12 -8.261E-13  1.00E-07
  6.650E+01 6.30848E-18  1.456E-03 -2.351E-09  8.836E-10 -2.954E-12 -8.436E-13  1.00E-07
  6.700E+01 6.17850E-18  1.436E-03 -2.349E-09  8.122E-10 -2.971E-12 -8.612E-13  1.00E-07
  6.750E+01 6.05342E-18  1.413E-03 -2.346E-09  7.415E-10 -2.988E-12 -8.789E-13  1.00E-07
  6.800E+01 5.93309E-18  1.387E-03 -2.341E-09  6.715E-10 -3.004E-12 -8.965E-13  1.00E-07
  6.850E+01 5.81735E-18  1.359E-03 -2.335E-09  6.023E-10 -3.019E-12 -9.141E-13  1.00E-07
  6.900E+01 5.70607E-18  1.328E-03 -2.328E-09  5.339E-10 -3.035E-12 -9.317E-13  1.00E-07
  6.950E+01 5.59913E-18  1.295E-03 -2.320E-09  4.662E-10 -3.050E-12 -9.493E-13  1.00E-07
  7.000E+01 5.49638E-18  1.258E-03 -2.310E-09  3.993E-10 -3.064E-12 -9.669E-13  1.00E-07
  7.050E+01 5.39773E-18  1.219E-03 -2.299E-09  3.332E-10 -3.079E-12 -9.844E-13  1.00E-07
  7.100E+01 5.30305E-18  1.177E-03 -2.287E-09  2.679E-10 -3.093E-12 -1.002E-12  1.00E-07
  7.150E+01 5.21225E-18  1.132E-03 -2.274E-09  2.034E-10 -3.106E-12 -1.020E-12  1.00E-07
  7.200E+01 5.12522E-18  1.084E-03 -2.260E-09  1.396E-10 -3.120E-12 -1.037E-12  1.00E-07
  7.250E+01 5.04188E-18  1.034E-03 -2.244E-09  7.668E-11 -3.133E-12 -1.054E-12  1.00E-07
  7.300E+01 4.96215E-18  9.807E-04 -2.228E-09  1.452E-11 -3.145E-12 -1.072E-12  1.00E-07
  7.350E+01 4.88593E-18  9.247E-04 -2.210E-09 -4.683E-11 -3.157E-12 -1.089E-12  1.00E-07
  7.400E+01 4.81315E-18  8.661E-04 -2.191E-09 -1.074E-10 -3.169E-12 -1.106E-12  1.00E-07
  7.450E+01 4.74375E-18  8.047E-04 -2.172E-09 -1.671E-10 -3.181E-12 -1.124E-12  1.00E-07
  7.500E+01 4.67766E-18  7.407E-04 -2.151E-09 -2.261E-10 -3.192E-12 -1.141E-12  1.00E-07
  7.550E+01 4.61480E-18  6.742E-04 -2.129E-09 -2.842E-10 -3.202E-12 -1.158E-12  1.00E-07
  7.600E+01 4.55513E-18  6.051E-04 -2.107E-09 -3.416E-10 -3.213E-12 -1.175E-12  1.00E-07
  7.650E+01 4.49859E-18  5.337E-04 -2.083E-09 -3.981E-10 -3.223E-12 -1.192E-12  1.00E-07
  7.700E+01 4.44513E-18  4.599E-04 -2.059E-09 -4.538E-10 -3.232E-12 -1.209E-12  1.00E-07
  7.750E+01 4.39470E-18  3.839E-04 -2.034E-09 -5.087E-10 -3.242E-12 -1.226E-12  1.00E-07
  7.800E+01 4.34724E-18  3.058E-04 -2.008E-09 -5.628E-10 -3.251E-12 -1.242E-12  1.00E-07
  7.850E+01 4.30273E-18  2.258E-04 -1.981E-09 -6.160E-10 -3.259E-12 -1.259E-12  1.00E-07
  7.900E+01 4.26111E-18  1.439E-04 -1.953E-09 -6.685E-10 -3.267E-12 -1.275E-12  1.00E-07
  7.950E+01 4.22236E-18  6.036E-05 -1.925E-09 -7.202E-10 -3.275E-12 -1.292E-12  1.00E-07
  8.000E+01 4.18643E-18 -2.474E-05 -1.895E-09 -7.710E-10 -3.283E-12 -1.308E-12  1.00E-07
  8.050E+01 4.15330E-18 -1.112E-04 -1.865E-09 -8.210E-10 -3.290E-12 -1.324E-12  1.00E-07
  8.100E+01 4.12293E-18 -1.989E-04 -1.835E-09 -8.702E-10 -3.297E-12 -1.340E-12  1.00E-07
  8.150E+01 4.09529E-18 -2.876E-04 -1.803E-09 -9.187E-10 -3.303E-12 -1.356E-12  1.00E-07
  8.200E+01 4.07035E-18 -3.771E-04 -1.771E-09 -9.663E-10 -3.309E-12 -1.372E-12  1.00E-07
  8.250E+01 4.04809E-18 -4.673E-04 -1.738E-09 -1.013E-09 -3.315E-12 -1.388E-12  1.00E-07
  8.300E+01 4.02849E-18 -5.579E-04 -1.705E-09 -1.059E-09 -3.320E-12 -1.403E-12  1.00E-07
  8.350E+01 4.01151E-18 -6.488E-04 -1.671E-09 -1.104E-09 -3.325E-12 -1.419E-12  1.00E-07
  8.400E+01 3.99714E-18 -7.397E-04 -1.636E-09 -1.149E-09 -3.330E-12 -1.434E-12  1.00E-07
  8.450E+01 3.98536E-18 -8.305E-04 -1.601E-09 -1.192E-09 -3.334E-12 -1.449E-12  1.00E-07
  8.500E+01 3.97615E-18 -9.210E-04 -1.565E-09 -1.235E-09 -3.338E-12 -1.464E-12  1.00E-07
  8.550E+01 3.96948E-18 -1.011E-03 -1.529E-09 -1.277E-09 -3.341E-12 -1.479E-12  1.00E-07
  8.600E+01 3.96534E-18 -1.100E-03 -1.492E-09 -1.318E-09 -3.345E-12 -1.493E-12  1.00E-07
  8.650E+01 3.96372E-18 -1.188E-03 -1.455E-09 -1.359E-09 -3.347E-12 -1.508E-12  1.00E-07
  8.700E+01 3.96459E-18 -1.275E-03 -1.417E-09 -1.399E-09 -3.350E-12 -1.522E-12  1.00E-07
  8.750E+01 3.96793E-18 -1.361E-03 -1.379E-09 -1.437E-09 -3.352E-12 -1.536E-12  1.00E-07
  8.800E+01 3.97374E-18 -1.445E-03 -1.340E-09 -1.476E-09 -3.354E-12 -1.550E-12  1.00E-07
  8.850E+01 3.98200E-18 -1.528E-03 -1.301E-09 -1.513E-09 -3.355E-12 -1.564E-12  1.00E-07
  8.900E+01 3.99269E-18 -1.608E-03 -1.262E-09 -1.550E-09 -3.356E-12 -1.577E-12  1.00E-07
  8.950E+01 4.00579E-18 -1.687E-03 -1.222E-09 -1.585E-09 -3.357E-12 -1.591E-12  1.00E-07
  9.000E+01 4.02130E-18 -1.764E-03 -1.181E-09 -1.620E-09 -3.358E-12 -1.604E-12  1.00E-07
  9.050E+01 4.03920E-18 -1.838E-03 -1.141E-09 -1.655E-09 -3.358E-12 -1.617E-12  1.00E-07
  9.100E+01 4.05948E-18 -1.910E-03 -1.100E-09 -1.688E-09 -3.358E-12 -1.630E-12  1.00E-07
  9.150E+01 4.08211E-18 -1.979E-03 -1.058E-09 -1.721E-09 -3.357E-12 -1.642E-12  1.00E-07
  9.200E+01 4.10710E-18 -2.046E-03 -1.016E-09 -1.753E-09 -3.356E-12 -1.655E-12  1.00E-07
  9.250E+01 4.13441E-18 -2.110E-03 -9.744E-10 -1.785E-09 -3.355E-12 -1.667E-12  1.00E-07
  9.300E+01 4.16405E-18 -2.172E-03 -9.321E-10 -1.815E-09 -3.353E-12 -1.679E-12  1.00E-07
  9.350E+01 4.19599E-18 -2.231E-03 -8.895E-10 -1.845E-09 -3.351E-12 -1.691E-12  1.00E-07
  9.400E+01 4.23023E-18 -2.287E-03 -8.466E-10 -1.874E-09 -3.349E-12 -1.702E-12  1.00E-07
  9.450E+01 4.26674E-18 -2.340E-03 -8.035E-10 -1.903E-09 -3.347E-12 -1.714E-12  1.00E-07
  9.500E+01 4.30551E-18 -2.390E-03 -7.602E-10 -1.931E-09 -3.344E-12 -1.725E-12  1.00E-07
  9.550E+01 4.34654E-18 -2.437E-03 -7.166E-10 -1.958E-09 -3.341E-12 -1.736E-12  1.00E-07
  9.600E+01 4.38980E-18 -2.481E-03 -6.728E-10 -1.984E-09 -3.337E-12 -1.747E-12  1.00E-07
  9.650E+01 4.43527E-18 -2.523E-03 -6.289E-10 -2.010E-09 -3.333E-12 -1.757E-12  1.00E-07
  9.700E+01 4.48295E-18 -2.561E-03 -5.848E-10 -2.035E-09 -3.329E-12 -1.767E-12  1.00E-07
  9.750E+01 4.53282E-18 -2.597E-03 -5.405E-10 -2.059E-09 -3.325E-12 -1.777E-12  1.00E-07
  9.800E+01 4.58487E-18 -2.630E-03 -4.960E-10 -2.083E-09 -3.320E-12 -1.787E-12  1.00E-07
  9.850E+01 4.63906E-18 -2.660E-03 -4.514E-10 -2.106E-09 -3.315E-12 -1.796E-12  1.00E-07
  9.900E+01 4.69540E-18 -2.687E-03 -4.067E-10 -2.128E-09 -3.309E-12 -1.806E-12  1.00E-07
  9.950E+01 4.75387E-18 -2.712E-03 -3.618E-10 -2.150E-09 -3.304E-12 -1.815E-12  1.00E-07
  1.000E+02 4.81443E-18 -2.734E-03 -3.169E-10 -2.171E-09 -3.298E-12 -1.823E-12  1.00E-07
  1.005E+02 4.87709E-18 -2.754E-03 -2.718E-10 -2.192E-09 -3.291E-12 -1.832E-12  1.00E-07
  1.010E+02 4.94182E-18 -2.771E-03 -2.267E-10 -2.211E-09 -3.285E-12 -1.840E-12  1.00E-07
  1.015E+02 5.00860E-18 -2.786E-03 -1.815E-10 -2.231E-09 -3.278E-12 -1.848E-12  1.00E-07
  1.020E+02 5.07741E-18 -2.798E-03 -1.363E-10 -2.249E-09 -3.271E-12 -1.856E-12  1.00E-07
  1.025E+02 5.14823E-18 -2.808E-03 -9.097E-11 -2.267E-09 -3.263E-12 -1.864E-12  1.00E-07
  1.030E+02 5.22105E-18 -2.816E-03 -4.563E-11 -2.285E-09 -3.255E-12 -1.871E-12  1.00E-07
  1.035E+02 5.29585E-18 -2.822E-03 -2.658E-13 -2.301E-09 -3.247E-12 -1.878E-12  1.00E-07
  1.040E+02 5.37259E-18 -2.826E-03  4.512E-11 -2.317E-09 -3.239E-12 -1.884E-12  1.00E-07
  1.045E+02 5.45128E-18 -2.828E-03  9.051E-11 -2.333E-09 -3.230E-12 -1.891E-12  1.00E-07
  1.050E+02 5.53187E-18 -2.828E-03  1.359E-10 -2.348E-09 -3.222E-12 -1.897E-12  1.00E-07
  1.055E+02 5.61435E-18 -2.826E-03  1.813E-10 -2.363E-09 -3.212E-12 -1.903E-12  1.00E-07
  1.060E+02 5.69869E-18 -2.823E-03  2.266E-10 -2.376E-09 -3.203E-12 -1.909E-12  1.00E-07
  1.065E+02 5.78488E-18 -2.818E-03  2.719E-10 -2.390E-09 -3.193E-12 -1.914E-12  1.00E-07
  1.070E+02 5.87290E-18 -2.812E-03  3.172E-10 -2.403E-09 -3.183E-12 -1.919E-12  1.00E-07
  1.075E+02 5.96270E-18 -2.804E-03  3.625E-10 -2.415E-09 -3.173E-12 -1.924E-12  1.00E-07
  1.080E+02 6.05428E-18 -2.795E-03  4.076E-10 -2.427E-09 -3.162E-12 -1.928E-12  1.00E-07
  1.085E+02 6.14761E-18 -2.784E-03  4.527E-10 -2.438E-09 -3.152E-12 -1.933E-12  1.00E-07
  1.090E+02 6.24266E-18 -2.772E-03  4.978E-10 -2.448E-09 -3.141E-12 -1.937E-12  1.00E-07
  1.095E+02 6.33941E-18 -2.759E-03  5.427E-10 -2.459E-09 -3.129E-12 -1.940E-12  1.00E-07
  1.100E+02 6.43783E-18 -2.745E-03  5.876E-10 -2.468E-09 -3.118E-12 -1.944E-12  1.00E-07
  1.105E+02 6.53789E-18 -2.730E-03  6.323E-10 -2.478E-09 -3.106E-12 -1.947E-12  1.00E-07
  1.110E+02 6.63957E-18 -2.715E-03  6.770E-10 -2.486E-09 -3.094E-12 -1.950E-12  1.00E-07
  1.115E+02 6.74284E-18 -2.698E-03  7.215E-10 -2.494E-09 -3.081E-12 -1.952E-12  1.00E-07
  1.120E+02 6.84768E-18 -2.680E-03  7.659E-10 -2.502E-09 -3.069E-12 -1.955E-12  1.00E-07
  1.125E+02 6.95404E-18 -2.662E-03  8.102E-10 -2.510E-09 -3.056E-12 -1.957E-12  1.00E-07
  1.130E+02 7.06191E-18 -2.642E-03  8.543E-10 -2.516E-09 -3.043E-12 -1.959E-12  1.00E-07
  1.135E+02 7.17126E-18 -2.623E-03  8.983E-10 -2.523E-09 -3.030E-12 -1.960E-12  1.00E-07
  1.140E+02 7.28205E-18 -2.602E-03  9.422E-10 -2.529E-09 -3.016E-12 -1.961E-12  1.00E-07
  1.145E+02 7.39426E-18 -2.581E-03  9.859E-10 -2.534E-09 -3.002E-12 -1.962E-12  1.00E-07
  1.150E+02 7.50785E-18 -2.560E-03  1.029E-09 -2.539E-09 -2.988E-12 -1.963E-12  1.00E-07
  1.155E+02 7.62280E-18 -2.538E-03  1.073E-09 -2.544E-09 -2.974E-12 -1.963E-12  1.00E-07
  1.160E+02 7.73907E-18 -2.515E-03  1.116E-09 -2.548E-09 -2.960E-12 -1.963E-12  1.00E-07
  1.165E+02 7.85663E-18 -2.492E-03  1.159E-09 -2.552E-09 -2.945E-12 -1.963E-12  1.00E-07
  1.170E+02 7.97545E-18 -2.469E-03  1.202E-09 -2.556E-09 -2.930E-12 -1.962E-12  1.00E-07
  1.175E+02 8.09550E-18 -2.445E-03  1.244E-09 -2.559E-09 -2.915E-12 -1.961E-12  1.00E-07
  1.180E+02 8.21674E-18 -2.422E-03  1.287E-09 -2.561E-09 -2.899E-12 -1.960E-12  1.00E-07
  1.185E+02 8.33914E-18 -2.397E-03  1.329E-09 -2.564E-09 -2.884E-12 -1.958E-12  1.00E-07
  1.190E+02 8.46267E-18 -2.373E-03  1.371E-09 -2.566E-09 -2.868E-12 -1.957E-12  1.00E-07
  1.195E+02 8.58730E-18 -2.349E-03  1.413E-09 -2.567E-09 -2.852E-12 -1.955E-12  1.00E-07
  1.200E+02 8.71298E-18 -2.324E-03  1.454E-09 -2.569E-09 -2.836E-12 -1.952E-12  1.00E-07
  1.205E+02 8.83969E-18 -2.299E-03  1.496E-09 -2.570E-09 -2.819E-12 -1.950E-12  1.00E-07
  1.210E+02 8.96739E-18 -2.274E-03  1.537E-09 -2.570E-09 -2.803E-12 -1.947E-12  1.00E-07
  1.215E+02 9.09604E-18 -2.249E-03  1.578E-09 -2.570E-09 -2.786E-12 -1.944E-12  1.00E-07
  1.220E+02 9.22561E-18 -2.224E-03  1.618E-09 -2.570E-09 -2.769E-12 -1.940E-12  1.00E-07
  1.225E+02 9.35607E-18 -2.198E-03  1.659E-09 -2.570E-09 -2.752E-12 -1.936E-12  1.00E-07
  1.230E+02 9.48737E-18 -2.173E-03  1.699E-09 -2.569E-09 -2.734E-12 -1.932E-12  1.00E-07
  1.235E+02 9.61949E-18 -2.148E-03  1.739E-09 -2.568E-09 -2.717E-12 -1.928E-12  1.00E-07
  1.240E+02 9.75238E-18 -2.122E-03  1.778E-09 -2.567E-09 -2.699E-12 -1.923E-12  1.00E-07
  1.245E+02 9.88600E-18 -2.097E-03  1.818E-09 -2.566E-09 -2.681E-12 -1.918E-12  1.00E-07
  1.250E+02 1.00203E-17 -2.072E-03  1.857E-09 -2.564E-09 -2.663E-12 -1.913E-12  1.00E-07
  1.255E+02 1.01553E-17 -2.046E-03  1.895E-09 -2.562E-09 -2.645E-12 -1.908E-12  1.00E-07
  1.260E+02 1.02909E-17 -2.021E-03  1.934E-09 -2.559E-09 -2.626E-12 -1.902E-12  1.00E-07
  1.265E+02 1.04271E-17 -1.996E-03  1.972E-09 -2.557E-09 -2.607E-12 -1.896E-12  1.00E-07
  1.270E+02 1.05639E-17 -1.971E-03  2.010E-09 -2.554E-09 -2.589E-12 -1.890E-12  1.00E-07
  1.275E+02 1.07012E-17 -1.946E-03  2.048E-09 -2.551E-09 -2.570E-12 -1.883E-12  1.00E-07
  1.280E+02 1.08389E-17 -1.921E-03  2.085E-09 -2.548E-09 -2.550E-12 -1.876E-12  1.00E-07
  1.285E+02 1.09771E-17 -1.896E-03  2.122E-09 -2.544E-09 -2.531E-12 -1.869E-12  1.00E-07
  1.290E+02 1.11157E-17 -1.871E-03  2.159E-09 -2.540E-09 -2.511E-12 -1.861E-12  1.00E-07
  1.295E+02 1.12546E-17 -1.846E-03  2.196E-09 -2.536E-09 -2.492E-12 -1.854E-12  1.00E-07
  1.300E+02 1.13938E-17 -1.822E-03  2.232E-09 -2.532E-09 -2.472E-12 -1.846E-12  1.00E-07
  1.305E+02 1.15334E-17 -1.797E-03  2.268E-09 -2.528E-09 -2.452E-12 -1.837E-12  1.00E-07
  1.310E+02 1.16731E-17 -1.773E-03  2.303E-09 -2.523E-09 -2.432E-12 -1.829E-12  1.00E-07
  1.315E+02 1.18131E-17 -1.749E-03  2.339E-09 -2.519E-09 -2.411E-12 -1.820E-12  1.00E-07
  1.320E+02 1.19532E-17 -1.725E-03  2.374E-09 -2.514E-09 -2.391E-12 -1.811E-12  1.00E-07
  1.325E+02 1.20935E-17 -1.701E-03  2.408E-09 -2.509E-09 -2.370E-12 -1.801E-12  1.00E-07
  1.330E+02 1.22338E-17 -1.677E-03  2.443E-09 -2.503E-09 -2.350E-12 -1.792E-12  1.00E-07
  1.335E+02 1.23742E-17 -1.653E-03  2.477E-09 -2.498E-09 -2.329E-12 -1.782E-12  1.00E-07
  1.340E+02 1.25146E-17 -1.630E-03  2.510E-09 -2.492E-09 -2.308E-12 -1.771E-12  1.00E-07
  1.345E+02 1.26550E-17 -1.607E-03  2.544E-09 -2.487E-09 -2.286E-12 -1.761E-12  1.00E-07
  1.350E+02 1.27952E-17 -1.583E-03  2.577E-09 -2.481E-09 -2.265E-12 -1.750E-12  1.00E-07
  1.355E+02 1.29354E-17 -1.560E-03  2.610E-09 -2.475E-09 -2.244E-12 -1.739E-12  1.00E-07
  1.360E+02 1.30754E-17 -1.537E-03  2.642E-09 -2.469E-09 -2.222E-12 -1.728E-12  1.00E-07
  1.365E+02 1.32152E-17 -1.515E-03  2.674E-09 -2.463E-09 -2.200E-12 -1.716E-12  1.00E-07
  1.370E+02 1.33548E-17 -1.492E-03  2.706E-09 -2.456E-09 -2.178E-12 -1.705E-12  1.00E-07
  1.375E+02 1.34941E-17 -1.470E-03  2.737E-09 -2.450E-09 -2.156E-12 -1.693E-12  1.00E-07
  1.380E+02 1.36331E-17 -1.447E-03  2.768E-09 -2.443E-09 -2.134E-12 -1.680E-12  1.00E-07
  1.385E+02 1.37718E-17 -1.425E-03  2.799E-09 -2.437E-09 -2.112E-12 -1.668E-12  1.00E-07
  1.390E+02 1.39100E-17 -1.403E-03  2.829E-09 -2.430E-09 -2.090E-12 -1.655E-12  1.00E-07
  1.395E+02 1.40478E-17 -1.382E-03  2.859E-09 -2.423E-09 -2.067E-12 -1.642E-12  1.00E-07
  1.400E+02 1.41852E-17 -1.360E-03  2.889E-09 -2.416E-09 -2.044E-12 -1.629E-12  1.00E-07
  1.405E+02 1.43220E-17 -1.338E-03  2.918E-09 -2.409E-09 -2.022E-12 -1.615E-12  1.00E-07
  1.410E+02 1.44583E-17 -1.317E-03  2.947E-09 -2.402E-09 -1.999E-12 -1.601E-12  1.00E-07
  1.415E+02 1.45940E-17 -1.296E-03  2.976E-09 -2.395E-09 -1.976E-12 -1.587E-12  1.00E-07
  1.420E+02 1.47291E-17 -1.275E-03  3.004E-09 -2.388E-09 -1.953E-12 -1.573E-12  1.00E-07
  1.425E+02 1.48636E-17 -1.254E-03  3.032E-09 -2.381E-09 -1.930E-12 -1.559E-12  1.00E-07
  1.430E+02 1.49973E-17 -1.233E-03  3.060E-09 -2.374E-09 -1.906E-12 -1.544E-12  1.00E-07
  1.435E+02 1.51303E-17 -1.213E-03  3.087E-09 -2.366E-09 -1.883E-12 -1.529E-12  1.00E-07
  1.440E+02 1.52625E-17 -1.193E-03  3.114E-09 -2.359E-09 -1.859E-12 -1.514E-12  1.00E-07
  1.445E+02 1.53939E-17 -1.172E-03  3.140E-09 -2.352E-09 -1.836E-12 -1.498E-12  1.00E-07
  1.450E+02 1.55244E-17 -1.152E-03  3.167E-09 -2.345E-09 -1.812E-12 -1.483E-12  1.00E-07
  1.455E+02 1.56540E-17 -1.132E-03  3.192E-09 -2.337E-09 -1.788E-12 -1.467E-12  1.00E-07
  1.460E+02 1.57828E-17 -1.113E-03  3.218E-09 -2.330E-09 -1.764E-12 -1.451E-12  1.00E-07
  1.465E+02 1.59105E-17 -1.093E-03  3.243E-09 -2.322E-09 -1.740E-12 -1.435E-12  1.00E-07
  1.470E+02 1.60373E-17 -1.073E-03  3.268E-09 -2.315E-09 -1.716E-12 -1.418E-12  1.00E-07
  1.475E+02 1.61630E-17 -1.054E-03  3.292E-09 -2.308E-09 -1.692E-12 -1.401E-12  1.00E-07
  1.480E+02 1.62876E-17 -1.035E-03  3.316E-09 -2.300E-09 -1.668E-12 -1.384E-12  1.00E-07
  1.485E+02 1.64112E-17 -1.016E-03  3.340E-09 -2.293E-09 -1.644E-12 -1.367E-12  1.00E-07
  1.490E+02 1.65336E-17 -9.968E-04  3.363E-09 -2.286E-09 -1.619E-12 -1.350E-12  1.00E-07
  1.495E+02 1.66548E-17 -9.780E-04  3.386E-09 -2.278E-09 -1.595E-12 -1.332E-12  1.00E-07
  1.500E+02 1.67748E-17 -9.593E-04  3.408E-09 -2.271E-09 -1.570E-12 -1.315E-12  1.00E-07
  1.505E+02 1.68935E-17 -9.408E-04  3.431E-09 -2.264E-09 -1.545E-12 -1.297E-12  1.00E-07
  1.510E+02 1.70110E-17 -9.224E-04  3.452E-09 -2.257E-09 -1.521E-12 -1.279E-12  1.00E-07
  1.515E+02 1.71272E-17 -9.041E-04  3.474E-09 -2.249E-09 -1.496E-12 -1.260E-12  1.00E-07
  1.520E+02 1.72420E-17 -8.859E-04  3.495E-09 -2.242E-09 -1.471E-12 -1.242E-12  1.00E-07
  1.525E+02 1.73554E-17 -8.679E-04  3.516E-09 -2.235E-09 -1.446E-12 -1.223E-12  1.00E-07
  1.530E+02 1.74674E-17 -8.500E-04  3.536E-09 -2.228E-09 -1.421E-12 -1.204E-12  1.00E-07
  1.535E+02 1.75779E-17 -8.322E-04  3.556E-09 -2.221E-09 -1.396E-12 -1.185E-12  1.00E-07
  1.540E+02 1.76870E-17 -8.145E-04  3.576E-09 -2.214E-09 -1.371E-12 -1.166E-12  1.00E-07
  1.545E+02 1.77946E-17 -7.969E-04  3.595E-09 -2.207E-09 -1.345E-12 -1.146E-12  1.00E-07
  1.550E+02 1.79006E-17 -7.795E-04  3.614E-09 -2.201E-09 -1.320E-12 -1.127E-12  1.00E-07
  1.555E+02 1.80051E-17 -7.621E-04  3.632E-09 -2.194E-09 -1.295E-12 -1.107E-12  1.00E-07
  1.560E+02 1.81079E-17 -7.449E-04  3.650E-09 -2.187E-09 -1.269E-12 -1.087E-12  1.00E-07
  1.565E+02 1.82092E-17 -7.277E-04  3.668E-09 -2.181E-09 -1.244E-12 -1.067E-12  1.00E-07
  1.570E+02 1.83087E-17 -7.107E-04  3.685E-09 -2.174E-09 -1.218E-12 -1.047E-12  1.00E-07
  1.575E+02 1.84066E-17 -6.938E-04  3.702E-09 -2.168E-09 -1.192E-12 -1.026E-12  1.00E-07
  1.580E+02 1.85027E-17 -6.769E-04  3.719E-09 -2.161E-09 -1.167E-12 -1.006E-12  1.00E-07
  1.585E+02 1.85971E-17 -6.602E-04  3.735E-09 -2.155E-09 -1.141E-12 -9.852E-13  1.00E-07
  1.590E+02 1.86898E-17 -6.436E-04  3.751E-09 -2.149E-09 -1.115E-12 -9.644E-13  1.00E-07
  1.595E+02 1.87806E-17 -6.270E-04  3.767E-09 -2.143E-09 -1.089E-12 -9.434E-13  1.00E-07
  1.600E+02 1.88696E-17 -6.105E-04  3.782E-09 -2.137E-09 -1.063E-12 -9.223E-13  1.00E-07
  1.605E+02 1.89568E-17 -5.942E-04  3.797E-09 -2.131E-09 -1.037E-12 -9.010E-13  1.00E-07
  1.610E+02 1.90421E-17 -5.779E-04  3.811E-09 -2.126E-09 -1.011E-12 -8.796E-13  1.00E-07
  1.615E+02 1.91255E-17 -5.617E-04  3.825E-09 -2.120E-09 -9.853E-13 -8.581E-13  1.00E-07
  1.620E+02 1.92069E-17 -5.455E-04  3.839E-09 -2.115E-09 -9.592E-13 -8.364E-13  1.00E-07
  1.625E+02 1.92864E-17 -5.295E-04  3.852E-09 -2.109E-09 -9.331E-13 -8.146E-13  1.00E-07
  1.630E+02 1.93640E-17 -5.135E-04  3.865E-09 -2.104E-09 -9.069E-13 -7.927E-13  1.00E-07
  1.635E+02 1.94395E-17 -4.976E-04  3.877E-09 -2.099E-09 -8.806E-13 -7.707E-13  1.00E-07
  1.640E+02 1.95130E-17 -4.818E-04  3.889E-09 -2.094E-09 -8.544E-13 -7.486E-13  1.00E-07
  1.645E+02 1.95845E-17 -4.660E-04  3.901E-09 -2.089E-09 -8.281E-13 -7.263E-13  1.00E-07
  1.650E+02 1.96539E-17 -4.503E-04  3.913E-09 -2.085E-09 -8.017E-13 -7.040E-13  1.00E-07
  1.655E+02 1.97213E-17 -4.347E-04  3.924E-09 -2.080E-09 -7.753E-13 -6.815E-13  1.00E-07
  1.660E+02 1.97866E-17 -4.192E-04  3.934E-09 -2.075E-09 -7.489E-13 -6.589E-13  1.00E-07
  1.665E+02 1.98497E-17 -4.037E-04  3.945E-09 -2.071E-09 -7.225E-13 -6.363E-13  1.00E-07
  1.670E+02 1.99107E-17 -3.882E-04  3.955E-09 -2.067E-09 -6.960E-13 -6.135E-13  1.00E-07
  1.675E+02 1.99695E-17 -3.728E-04  3.964E-09 -2.063E-09 -6.695E-13 -5.907E-13  1.00E-07
  1.680E+02 2.00262E-17 -3.575E-04  3.973E-09 -2.059E-09 -6.429E-13 -5.677E-13  1.00E-07
  1.685E+02 2.00807E-17 -3.422E-04  3.982E-09 -2.055E-09 -6.163E-13 -5.447E-13  1.00E-07
  1.690E+02 2.01330E-17 -3.270E-04  3.990E-09 -2.052E-09 -5.897E-13 -5.216E-13  1.00E-07
  1.695E+02 2.01831E-17 -3.118E-04  3.998E-09 -2.048E-09 -5.631E-13 -4.984E-13  1.00E-07
  1.700E+02 2.02309E-17 -2.966E-04  4.006E-09 -2.045E-09 -5.365E-13 -4.752E-13  1.00E-07
  1.705E+02 2.02765E-17 -2.816E-04  4.013E-09 -2.042E-09 -5.098E-13 -4.519E-13  1.00E-07
  1.710E+02 2.03199E-17 -2.665E-04  4.020E-09 -2.039E-09 -4.831E-13 -4.285E-13  1.00E-07
  1.715E+02 2.03610E-17 -2.515E-04  4.027E-09 -2.036E-09 -4.564E-13 -4.050E-13  1.00E-07
  1.720E+02 2.03997E-17 -2.365E-04  4.033E-09 -2.033E-09 -4.296E-13 -3.815E-13  1.00E-07
  1.725E+02 2.04362E-17 -2.215E-04  4.039E-09 -2.031E-09 -4.029E-13 -3.580E-13  1.00E-07
  1.730E+02 2.04704E-17 -2.066E-04  4.044E-09 -2.028E-09 -3.761E-13 -3.343E-13  1.00E-07
  1.735E+02 2.05023E-17 -1.917E-04  4.049E-09 -2.026E-09 -3.493E-13 -3.107E-13  1.00E-07
  1.740E+02 2.05319E-17 -1.769E-04  4.054E-09 -2.024E-09 -3.225E-13 -2.869E-13  1.00E-07
  1.745E+02 2.05591E-17 -1.621E-04  4.058E-09 -2.022E-09 -2.957E-13 -2.632E-13  1.00E-07
  1.750E+02 2.05840E-17 -1.473E-04  4.062E-09 -2.020E-09 -2.688E-13 -2.394E-13  1.00E-07
  1.755E+02 2.06065E-17 -1.325E-04  4.066E-09 -2.019E-09 -2.420E-13 -2.155E-13  1.00E-07
  1.760E+02 2.06267E-17 -1.177E-04  4.069E-09 -2.017E-09 -2.151E-13 -1.917E-13  1.00E-07
  1.765E+02 2.06445E-17 -1.029E-04  4.072E-09 -2.016E-09 -1.882E-13 -1.678E-13  1.00E-07
  1.770E+02 2.06599E-17 -8.822E-05  4.074E-09 -2.015E-09 -1.614E-13 -1.439E-13  1.00E-07
  1.775E+02 2.06730E-17 -7.349E-05  4.076E-09 -2.014E-09 -1.345E-13 -1.199E-13  1.00E-07
  1.780E+02 2.06837E-17 -5.878E-05  4.078E-09 -2.013E-09 -1.076E-13 -9.595E-14  1.00E-07
  1.785E+02 2.06921E-17 -4.408E-05  4.079E-09 -2.013E-09 -8.070E-14 -7.197E-14  1.00E-07
  1.790E+02 2.06980E-17 -2.938E-05  4.080E-09 -2.012E-09 -5.380E-14 -4.799E-14  1.00E-07
  1.795E+02 2.07016E-17 -1.469E-05  4.081E-09 -2.012E-09 -2.690E-14 -2.400E-14  1.00E-07
  1.800E+02 2.07028E-17 -2.061E-19  4.081E-09 -2.012E-09 -3.775E-28 -3.368E-28  1.00E-07

  TOTAL ELASTIC CROSS SECTION = 2.306266E-16 cm**2
               FROM DCS TABLE = 2.306228E-16  (REL. DIF. = 1.69E-05)

  1ST TRANSPORT CROSS SECTION = 1.329165E-16 cm**2
               FROM DCS TABLE = 1.329168E-16  (REL. DIF. = 2.41E-06)

  2ND TRANSPORT CROSS SECTION = 1.206434E-16 cm**2

  **** DPWA0 ENDED ************************************************************

