 #  Scattering amplitudes (in cm)      MU=(1-cos(TH))/2
 #  Z =   8,   projectile: electron
 #  Kinetic energy = 1.16000E+02 eV
 #
 # TH (deg)      MU          Re(F)        Im(F)        Re(G)        Im(G)
 #--------------------------------------------------------------------------
  0.000E+00  0.00000E+00  1.05077E-08  1.01273E-08  0.00000E+00  0.00000E+00
  1.000E-04  7.61557E-13  1.05077E-08  1.01273E-08 -2.00630E-18  1.03887E-18
  1.250E-04  1.18994E-12  1.05077E-08  1.01273E-08 -2.50787E-18  1.29859E-18
  1.500E-04  1.71346E-12  1.05077E-08  1.01273E-08 -3.00945E-18  1.55830E-18
  1.750E-04  2.33225E-12  1.05077E-08  1.01273E-08 -3.51102E-18  1.81802E-18
  2.000E-04  3.04617E-12  1.05077E-08  1.01273E-08 -4.01260E-18  2.07774E-18
  2.250E-04  3.85530E-12  1.05077E-08  1.01273E-08 -4.51417E-18  2.33745E-18
  2.500E-04  4.75964E-12  1.05077E-08  1.01273E-08 -5.01575E-18  2.59717E-18
  2.750E-04  5.75917E-12  1.05077E-08  1.01273E-08 -5.51732E-18  2.85689E-18
  3.000E-04  6.85391E-12  1.05077E-08  1.01273E-08 -6.01890E-18  3.11661E-18
  3.250E-04  8.04379E-12  1.05077E-08  1.01273E-08 -6.52047E-18  3.37632E-18
  3.500E-04  9.32893E-12  1.05077E-08  1.01273E-08 -7.02205E-18  3.63604E-18
  3.750E-04  1.07092E-11  1.05077E-08  1.01273E-08 -7.52362E-18  3.89576E-18
  4.000E-04  1.21847E-11  1.05077E-08  1.01273E-08 -8.02520E-18  4.15547E-18
  4.250E-04  1.37554E-11  1.05077E-08  1.01273E-08 -8.52677E-18  4.41519E-18
  4.500E-04  1.54213E-11  1.05077E-08  1.01273E-08 -9.02835E-18  4.67491E-18
  4.750E-04  1.71823E-11  1.05077E-08  1.01273E-08 -9.52992E-18  4.93463E-18
  5.000E-04  1.90386E-11  1.05077E-08  1.01273E-08 -1.00315E-17  5.19434E-18
  5.250E-04  2.09900E-11  1.05077E-08  1.01273E-08 -1.05331E-17  5.45406E-18
  5.500E-04  2.30367E-11  1.05077E-08  1.01273E-08 -1.10346E-17  5.71378E-18
  5.750E-04  2.51785E-11  1.05077E-08  1.01273E-08 -1.15362E-17  5.97349E-18
  6.000E-04  2.74156E-11  1.05077E-08  1.01273E-08 -1.20378E-17  6.23321E-18
  6.250E-04  2.97478E-11  1.05077E-08  1.01273E-08 -1.25394E-17  6.49293E-18
  6.500E-04  3.21752E-11  1.05077E-08  1.01273E-08 -1.30409E-17  6.75265E-18
  6.750E-04  3.46979E-11  1.05077E-08  1.01273E-08 -1.35425E-17  7.01236E-18
  7.000E-04  3.73157E-11  1.05077E-08  1.01273E-08 -1.40441E-17  7.27208E-18
  7.250E-04  4.00286E-11  1.05077E-08  1.01273E-08 -1.45457E-17  7.53180E-18
  7.500E-04  4.28368E-11  1.05077E-08  1.01273E-08 -1.50472E-17  7.79151E-18
  7.750E-04  4.57402E-11  1.05077E-08  1.01273E-08 -1.55488E-17  8.05123E-18
  8.000E-04  4.87388E-11  1.05077E-08  1.01273E-08 -1.60504E-17  8.31095E-18
  8.250E-04  5.18325E-11  1.05077E-08  1.01273E-08 -1.65520E-17  8.57067E-18
  8.500E-04  5.50215E-11  1.05077E-08  1.01273E-08 -1.70535E-17  8.83038E-18
  8.750E-04  5.83057E-11  1.05077E-08  1.01273E-08 -1.75551E-17  9.09010E-18
  9.000E-04  6.16850E-11  1.05077E-08  1.01273E-08 -1.80567E-17  9.34982E-18
  9.250E-04  6.51595E-11  1.05077E-08  1.01273E-08 -1.85583E-17  9.60953E-18
  9.500E-04  6.87293E-11  1.05077E-08  1.01273E-08 -1.90598E-17  9.86925E-18
  9.750E-04  7.23943E-11  1.05077E-08  1.01273E-08 -1.95614E-17  1.01290E-17
  1.000E-03  7.61544E-11  1.05077E-08  1.01273E-08 -2.00630E-17  1.03887E-17
  1.250E-03  1.18991E-10  1.05077E-08  1.01273E-08 -2.50787E-17  1.29859E-17
  1.500E-03  1.71347E-10  1.05077E-08  1.01273E-08 -3.00945E-17  1.55830E-17
  1.750E-03  2.33223E-10  1.05077E-08  1.01273E-08 -3.51102E-17  1.81802E-17
  2.000E-03  3.04617E-10  1.05077E-08  1.01273E-08 -4.01260E-17  2.07774E-17
  2.250E-03  3.85531E-10  1.05077E-08  1.01273E-08 -4.51417E-17  2.33745E-17
  2.500E-03  4.75965E-10  1.05077E-08  1.01273E-08 -5.01575E-17  2.59717E-17
  2.750E-03  5.75917E-10  1.05077E-08  1.01273E-08 -5.51732E-17  2.85689E-17
  3.000E-03  6.85389E-10  1.05077E-08  1.01273E-08 -6.01890E-17  3.11661E-17
  3.250E-03  8.04380E-10  1.05077E-08  1.01273E-08 -6.52047E-17  3.37632E-17
  3.500E-03  9.32891E-10  1.05077E-08  1.01273E-08 -7.02205E-17  3.63604E-17
  3.750E-03  1.07092E-09  1.05077E-08  1.01273E-08 -7.52362E-17  3.89576E-17
  4.000E-03  1.21847E-09  1.05077E-08  1.01273E-08 -8.02520E-17  4.15547E-17
  4.250E-03  1.37554E-09  1.05077E-08  1.01273E-08 -8.52677E-17  4.41519E-17
  4.500E-03  1.54213E-09  1.05077E-08  1.01273E-08 -9.02835E-17  4.67491E-17
  4.750E-03  1.71823E-09  1.05077E-08  1.01273E-08 -9.52992E-17  4.93463E-17
  5.000E-03  1.90386E-09  1.05077E-08  1.01273E-08 -1.00315E-16  5.19434E-17
  5.250E-03  2.09900E-09  1.05077E-08  1.01273E-08 -1.05331E-16  5.45406E-17
  5.500E-03  2.30367E-09  1.05077E-08  1.01273E-08 -1.10346E-16  5.71378E-17
  5.750E-03  2.51785E-09  1.05077E-08  1.01273E-08 -1.15362E-16  5.97349E-17
  6.000E-03  2.74156E-09  1.05077E-08  1.01273E-08 -1.20378E-16  6.23321E-17
  6.250E-03  2.97478E-09  1.05077E-08  1.01273E-08 -1.25394E-16  6.49293E-17
  6.500E-03  3.21752E-09  1.05077E-08  1.01273E-08 -1.30409E-16  6.75264E-17
  6.750E-03  3.46978E-09  1.05077E-08  1.01273E-08 -1.35425E-16  7.01236E-17
  7.000E-03  3.73156E-09  1.05077E-08  1.01273E-08 -1.40441E-16  7.27208E-17
  7.250E-03  4.00286E-09  1.05077E-08  1.01273E-08 -1.45457E-16  7.53180E-17
  7.500E-03  4.28368E-09  1.05077E-08  1.01273E-08 -1.50472E-16  7.79151E-17
  7.750E-03  4.57402E-09  1.05077E-08  1.01273E-08 -1.55488E-16  8.05123E-17
  8.000E-03  4.87388E-09  1.05077E-08  1.01273E-08 -1.60504E-16  8.31095E-17
  8.250E-03  5.18326E-09  1.05077E-08  1.01273E-08 -1.65520E-16  8.57066E-17
  8.500E-03  5.50215E-09  1.05077E-08  1.01273E-08 -1.70535E-16  8.83038E-17
  8.750E-03  5.83057E-09  1.05077E-08  1.01273E-08 -1.75551E-16  9.09010E-17
  9.000E-03  6.16850E-09  1.05077E-08  1.01273E-08 -1.80567E-16  9.34982E-17
  9.250E-03  6.51596E-09  1.05077E-08  1.01273E-08 -1.85583E-16  9.60953E-17
  9.500E-03  6.87293E-09  1.05077E-08  1.01273E-08 -1.90598E-16  9.86925E-17
  9.750E-03  7.23942E-09  1.05077E-08  1.01273E-08 -1.95614E-16  1.01290E-16
  1.000E-02  7.61544E-09  1.05077E-08  1.01273E-08 -2.00630E-16  1.03887E-16
  1.250E-02  1.18991E-08  1.05077E-08  1.01273E-08 -2.50788E-16  1.29859E-16
  1.500E-02  1.71347E-08  1.05077E-08  1.01273E-08 -3.00945E-16  1.55830E-16
  1.750E-02  2.33223E-08  1.05077E-08  1.01273E-08 -3.51103E-16  1.81802E-16
  2.000E-02  3.04617E-08  1.05077E-08  1.01273E-08 -4.01260E-16  2.07774E-16
  2.250E-02  3.85531E-08  1.05077E-08  1.01273E-08 -4.51418E-16  2.33745E-16
  2.500E-02  4.75965E-08  1.05077E-08  1.01273E-08 -5.01575E-16  2.59717E-16
  2.750E-02  5.75917E-08  1.05077E-08  1.01273E-08 -5.51733E-16  2.85689E-16
  3.000E-02  6.85389E-08  1.05077E-08  1.01273E-08 -6.01891E-16  3.11660E-16
  3.250E-02  8.04380E-08  1.05077E-08  1.01273E-08 -6.52048E-16  3.37632E-16
  3.500E-02  9.32891E-08  1.05077E-08  1.01273E-08 -7.02206E-16  3.63604E-16
  3.750E-02  1.07092E-07  1.05077E-08  1.01273E-08 -7.52364E-16  3.89575E-16
  4.000E-02  1.21847E-07  1.05077E-08  1.01273E-08 -8.02522E-16  4.15547E-16
  4.250E-02  1.37554E-07  1.05077E-08  1.01272E-08 -8.52680E-16  4.41518E-16
  4.500E-02  1.54213E-07  1.05077E-08  1.01272E-08 -9.02837E-16  4.67490E-16
  4.750E-02  1.71823E-07  1.05077E-08  1.01272E-08 -9.52995E-16  4.93462E-16
  5.000E-02  1.90386E-07  1.05077E-08  1.01272E-08 -1.00315E-15  5.19433E-16
  5.250E-02  2.09900E-07  1.05077E-08  1.01272E-08 -1.05331E-15  5.45405E-16
  5.500E-02  2.30367E-07  1.05077E-08  1.01272E-08 -1.10347E-15  5.71376E-16
  5.750E-02  2.51785E-07  1.05077E-08  1.01272E-08 -1.15363E-15  5.97348E-16
  6.000E-02  2.74156E-07  1.05077E-08  1.01272E-08 -1.20379E-15  6.23319E-16
  6.250E-02  2.97478E-07  1.05077E-08  1.01272E-08 -1.25394E-15  6.49291E-16
  6.500E-02  3.21752E-07  1.05077E-08  1.01272E-08 -1.30410E-15  6.75262E-16
  6.750E-02  3.46978E-07  1.05077E-08  1.01272E-08 -1.35426E-15  7.01233E-16
  7.000E-02  3.73156E-07  1.05077E-08  1.01272E-08 -1.40442E-15  7.27205E-16
  7.250E-02  4.00286E-07  1.05077E-08  1.01272E-08 -1.45458E-15  7.53176E-16
  7.500E-02  4.28368E-07  1.05077E-08  1.01272E-08 -1.50474E-15  7.79147E-16
  7.750E-02  4.57402E-07  1.05077E-08  1.01272E-08 -1.55490E-15  8.05119E-16
  8.000E-02  4.87388E-07  1.05077E-08  1.01272E-08 -1.60505E-15  8.31090E-16
  8.250E-02  5.18325E-07  1.05076E-08  1.01272E-08 -1.65521E-15  8.57061E-16
  8.500E-02  5.50215E-07  1.05076E-08  1.01272E-08 -1.70537E-15  8.83033E-16
  8.750E-02  5.83057E-07  1.05076E-08  1.01272E-08 -1.75553E-15  9.09004E-16
  9.000E-02  6.16850E-07  1.05076E-08  1.01272E-08 -1.80569E-15  9.34975E-16
  9.250E-02  6.51596E-07  1.05076E-08  1.01272E-08 -1.85585E-15  9.60946E-16
  9.500E-02  6.87293E-07  1.05076E-08  1.01272E-08 -1.90601E-15  9.86917E-16
  9.750E-02  7.23942E-07  1.05076E-08  1.01272E-08 -1.95617E-15  1.01289E-15
  1.000E-01  7.61543E-07  1.05076E-08  1.01272E-08 -2.00633E-15  1.03886E-15
  1.250E-01  1.18991E-06  1.05075E-08  1.01272E-08 -2.50793E-15  1.29857E-15
  1.500E-01  1.71347E-06  1.05074E-08  1.01272E-08 -3.00955E-15  1.55827E-15
  1.750E-01  2.33223E-06  1.05073E-08  1.01271E-08 -3.51118E-15  1.81797E-15
  2.000E-01  3.04617E-06  1.05072E-08  1.01271E-08 -4.01283E-15  2.07766E-15
  2.250E-01  3.85531E-06  1.05071E-08  1.01271E-08 -4.51451E-15  2.33735E-15
  2.500E-01  4.75964E-06  1.05069E-08  1.01270E-08 -5.01620E-15  2.59703E-15
  2.750E-01  5.75916E-06  1.05067E-08  1.01270E-08 -5.51793E-15  2.85670E-15
  3.000E-01  6.85388E-06  1.05065E-08  1.01269E-08 -6.01969E-15  3.11636E-15
  3.250E-01  8.04378E-06  1.05063E-08  1.01269E-08 -6.52147E-15  3.37601E-15
  3.500E-01  9.32888E-06  1.05061E-08  1.01268E-08 -7.02330E-15  3.63565E-15
  3.750E-01  1.07092E-05  1.05058E-08  1.01267E-08 -7.52516E-15  3.89527E-15
  4.000E-01  1.21846E-05  1.05056E-08  1.01267E-08 -8.02706E-15  4.15488E-15
  4.250E-01  1.37553E-05  1.05053E-08  1.01266E-08 -8.52901E-15  4.41448E-15
  4.500E-01  1.54212E-05  1.05050E-08  1.01265E-08 -9.03100E-15  4.67407E-15
  4.750E-01  1.71822E-05  1.05047E-08  1.01264E-08 -9.53304E-15  4.93364E-15
  5.000E-01  1.90385E-05  1.05044E-08  1.01263E-08 -1.00351E-14  5.19319E-15
  5.250E-01  2.09899E-05  1.05040E-08  1.01262E-08 -1.05373E-14  5.45273E-15
  5.500E-01  2.30365E-05  1.05036E-08  1.01261E-08 -1.10395E-14  5.71225E-15
  5.750E-01  2.51783E-05  1.05033E-08  1.01260E-08 -1.15418E-14  5.97174E-15
  6.000E-01  2.74153E-05  1.05029E-08  1.01259E-08 -1.20441E-14  6.23122E-15
  6.250E-01  2.97475E-05  1.05025E-08  1.01258E-08 -1.25465E-14  6.49068E-15
  6.500E-01  3.21749E-05  1.05020E-08  1.01257E-08 -1.30489E-14  6.75012E-15
  6.750E-01  3.46974E-05  1.05016E-08  1.01256E-08 -1.35515E-14  7.00953E-15
  7.000E-01  3.73152E-05  1.05011E-08  1.01255E-08 -1.40541E-14  7.26892E-15
  7.250E-01  4.00281E-05  1.05006E-08  1.01253E-08 -1.45568E-14  7.52829E-15
  7.500E-01  4.28362E-05  1.05001E-08  1.01252E-08 -1.50595E-14  7.78763E-15
  7.750E-01  4.57395E-05  1.04996E-08  1.01251E-08 -1.55624E-14  8.04695E-15
  8.000E-01  4.87380E-05  1.04991E-08  1.01249E-08 -1.60653E-14  8.30624E-15
  8.250E-01  5.18317E-05  1.04985E-08  1.01248E-08 -1.65683E-14  8.56550E-15
  8.500E-01  5.50205E-05  1.04980E-08  1.01246E-08 -1.70714E-14  8.82473E-15
  8.750E-01  5.83045E-05  1.04974E-08  1.01245E-08 -1.75746E-14  9.08393E-15
  9.000E-01  6.16838E-05  1.04968E-08  1.01243E-08 -1.80779E-14  9.34311E-15
  9.250E-01  6.51582E-05  1.04962E-08  1.01241E-08 -1.85813E-14  9.60225E-15
  9.500E-01  6.87277E-05  1.04955E-08  1.01240E-08 -1.90848E-14  9.86136E-15
  9.750E-01  7.23925E-05  1.04949E-08  1.01238E-08 -1.95884E-14  1.01204E-14
  1.000E+00  7.61524E-05  1.04942E-08  1.01236E-08 -2.00921E-14  1.03795E-14
  1.100E+00  9.21439E-05  1.04914E-08  1.01228E-08 -2.21080E-14  1.14153E-14
  1.200E+00  1.09658E-04  1.04883E-08  1.01220E-08 -2.41259E-14  1.24505E-14
  1.300E+00  1.28695E-04  1.04849E-08  1.01211E-08 -2.61458E-14  1.34851E-14
  1.400E+00  1.49255E-04  1.04813E-08  1.01201E-08 -2.81680E-14  1.45189E-14
  1.500E+00  1.71338E-04  1.04774E-08  1.01190E-08 -3.01927E-14  1.55520E-14
  1.600E+00  1.94942E-04  1.04732E-08  1.01179E-08 -3.22199E-14  1.65842E-14
  1.700E+00  2.20070E-04  1.04687E-08  1.01167E-08 -3.42500E-14  1.76156E-14
  1.800E+00  2.46720E-04  1.04640E-08  1.01154E-08 -3.62829E-14  1.86460E-14
  1.900E+00  2.74892E-04  1.04590E-08  1.01141E-08 -3.83190E-14  1.96754E-14
  2.000E+00  3.04586E-04  1.04538E-08  1.01126E-08 -4.03585E-14  2.07038E-14
  2.100E+00  3.35803E-04  1.04483E-08  1.01111E-08 -4.24013E-14  2.17310E-14
  2.200E+00  3.68542E-04  1.04425E-08  1.01096E-08 -4.44478E-14  2.27572E-14
  2.300E+00  4.02802E-04  1.04364E-08  1.01079E-08 -4.64981E-14  2.37821E-14
  2.400E+00  4.38585E-04  1.04301E-08  1.01062E-08 -4.85524E-14  2.48057E-14
  2.500E+00  4.75889E-04  1.04235E-08  1.01044E-08 -5.06109E-14  2.58280E-14
  2.600E+00  5.14715E-04  1.04167E-08  1.01025E-08 -5.26736E-14  2.68489E-14
  2.700E+00  5.55063E-04  1.04096E-08  1.01006E-08 -5.47408E-14  2.78685E-14
  2.800E+00  5.96931E-04  1.04022E-08  1.00986E-08 -5.68127E-14  2.88865E-14
  2.900E+00  6.40321E-04  1.03946E-08  1.00965E-08 -5.88894E-14  2.99030E-14
  3.000E+00  6.85233E-04  1.03867E-08  1.00944E-08 -6.09711E-14  3.09178E-14
  3.100E+00  7.31665E-04  1.03786E-08  1.00921E-08 -6.30579E-14  3.19311E-14
  3.200E+00  7.79618E-04  1.03701E-08  1.00898E-08 -6.51500E-14  3.29426E-14
  3.300E+00  8.29092E-04  1.03615E-08  1.00875E-08 -6.72476E-14  3.39524E-14
  3.400E+00  8.80086E-04  1.03525E-08  1.00850E-08 -6.93508E-14  3.49603E-14
  3.500E+00  9.32601E-04  1.03433E-08  1.00825E-08 -7.14598E-14  3.59664E-14
  3.600E+00  9.86636E-04  1.03339E-08  1.00799E-08 -7.35748E-14  3.69706E-14
  3.700E+00  1.04219E-03  1.03242E-08  1.00773E-08 -7.56959E-14  3.79728E-14
  3.800E+00  1.09927E-03  1.03142E-08  1.00745E-08 -7.78233E-14  3.89729E-14
  3.900E+00  1.15786E-03  1.03040E-08  1.00717E-08 -7.99572E-14  3.99710E-14
  4.000E+00  1.21797E-03  1.02935E-08  1.00688E-08 -8.20976E-14  4.09670E-14
  4.100E+00  1.27961E-03  1.02828E-08  1.00659E-08 -8.42448E-14  4.19607E-14
  4.200E+00  1.34276E-03  1.02718E-08  1.00629E-08 -8.63989E-14  4.29522E-14
  4.300E+00  1.40743E-03  1.02606E-08  1.00598E-08 -8.85601E-14  4.39414E-14
  4.400E+00  1.47362E-03  1.02491E-08  1.00566E-08 -9.07285E-14  4.49283E-14
  4.500E+00  1.54133E-03  1.02373E-08  1.00534E-08 -9.29043E-14  4.59127E-14
  4.600E+00  1.61056E-03  1.02253E-08  1.00501E-08 -9.50876E-14  4.68947E-14
  4.700E+00  1.68131E-03  1.02131E-08  1.00467E-08 -9.72786E-14  4.78742E-14
  4.800E+00  1.75357E-03  1.02006E-08  1.00432E-08 -9.94775E-14  4.88511E-14
  4.900E+00  1.82735E-03  1.01879E-08  1.00397E-08 -1.01684E-13  4.98253E-14
  5.000E+00  1.90265E-03  1.01749E-08  1.00361E-08 -1.03899E-13  5.07969E-14
  5.100E+00  1.97947E-03  1.01616E-08  1.00324E-08 -1.06123E-13  5.17658E-14
  5.200E+00  2.05780E-03  1.01482E-08  1.00287E-08 -1.08354E-13  5.27319E-14
  5.300E+00  2.13765E-03  1.01344E-08  1.00249E-08 -1.10595E-13  5.36952E-14
  5.400E+00  2.21902E-03  1.01205E-08  1.00210E-08 -1.12844E-13  5.46555E-14
  5.500E+00  2.30190E-03  1.01063E-08  1.00171E-08 -1.15102E-13  5.56130E-14
  5.600E+00  2.38630E-03  1.00918E-08  1.00130E-08 -1.17368E-13  5.65674E-14
  5.700E+00  2.47222E-03  1.00771E-08  1.00089E-08 -1.19645E-13  5.75188E-14
  5.800E+00  2.55965E-03  1.00622E-08  1.00048E-08 -1.21930E-13  5.84671E-14
  5.900E+00  2.64859E-03  1.00471E-08  1.00005E-08 -1.24225E-13  5.94122E-14
  6.000E+00  2.73905E-03  1.00317E-08  9.99623E-09 -1.26529E-13  6.03541E-14
  6.100E+00  2.83103E-03  1.00160E-08  9.99185E-09 -1.28843E-13  6.12928E-14
  6.200E+00  2.92452E-03  1.00001E-08  9.98740E-09 -1.31167E-13  6.22282E-14
  6.300E+00  3.01952E-03  9.98405E-09  9.98288E-09 -1.33501E-13  6.31602E-14
  6.400E+00  3.11604E-03  9.96771E-09  9.97829E-09 -1.35845E-13  6.40888E-14
  6.500E+00  3.21407E-03  9.95114E-09  9.97362E-09 -1.38200E-13  6.50139E-14
  6.600E+00  3.31362E-03  9.93434E-09  9.96889E-09 -1.40564E-13  6.59355E-14
  6.700E+00  3.41468E-03  9.91732E-09  9.96409E-09 -1.42940E-13  6.68536E-14
  6.800E+00  3.51725E-03  9.90006E-09  9.95921E-09 -1.45326E-13  6.77680E-14
  6.900E+00  3.62133E-03  9.88258E-09  9.95427E-09 -1.47722E-13  6.86788E-14
  7.000E+00  3.72692E-03  9.86488E-09  9.94926E-09 -1.50130E-13  6.95858E-14
  7.100E+00  3.83403E-03  9.84695E-09  9.94417E-09 -1.52549E-13  7.04890E-14
  7.200E+00  3.94265E-03  9.82879E-09  9.93902E-09 -1.54978E-13  7.13885E-14
  7.300E+00  4.05278E-03  9.81042E-09  9.93380E-09 -1.57419E-13  7.22840E-14
  7.400E+00  4.16442E-03  9.79182E-09  9.92850E-09 -1.59872E-13  7.31756E-14
  7.500E+00  4.27757E-03  9.77301E-09  9.92314E-09 -1.62336E-13  7.40633E-14
  7.600E+00  4.39223E-03  9.75398E-09  9.91771E-09 -1.64812E-13  7.49469E-14
  7.700E+00  4.50840E-03  9.73473E-09  9.91221E-09 -1.67299E-13  7.58264E-14
  7.800E+00  4.62608E-03  9.71527E-09  9.90663E-09 -1.69798E-13  7.67018E-14
  7.900E+00  4.74527E-03  9.69559E-09  9.90099E-09 -1.72310E-13  7.75730E-14
  8.000E+00  4.86597E-03  9.67570E-09  9.89528E-09 -1.74833E-13  7.84400E-14
  8.100E+00  4.98817E-03  9.65560E-09  9.88951E-09 -1.77369E-13  7.93027E-14
  8.200E+00  5.11188E-03  9.63529E-09  9.88366E-09 -1.79917E-13  8.01611E-14
  8.300E+00  5.23711E-03  9.61478E-09  9.87774E-09 -1.82477E-13  8.10151E-14
  8.400E+00  5.36383E-03  9.59405E-09  9.87176E-09 -1.85050E-13  8.18646E-14
  8.500E+00  5.49207E-03  9.57312E-09  9.86570E-09 -1.87635E-13  8.27097E-14
  8.600E+00  5.62181E-03  9.55199E-09  9.85958E-09 -1.90234E-13  8.35502E-14
  8.700E+00  5.75306E-03  9.53065E-09  9.85339E-09 -1.92845E-13  8.43861E-14
  8.800E+00  5.88581E-03  9.50911E-09  9.84713E-09 -1.95469E-13  8.52175E-14
  8.900E+00  6.02007E-03  9.48737E-09  9.84080E-09 -1.98106E-13  8.60441E-14
  9.000E+00  6.15583E-03  9.46544E-09  9.83441E-09 -2.00757E-13  8.68660E-14
  9.100E+00  6.29310E-03  9.44330E-09  9.82794E-09 -2.03421E-13  8.76831E-14
  9.200E+00  6.43187E-03  9.42097E-09  9.82141E-09 -2.06098E-13  8.84954E-14
  9.300E+00  6.57214E-03  9.39845E-09  9.81481E-09 -2.08788E-13  8.93029E-14
  9.400E+00  6.71392E-03  9.37573E-09  9.80814E-09 -2.11492E-13  9.01054E-14
  9.500E+00  6.85720E-03  9.35283E-09  9.80141E-09 -2.14210E-13  9.09029E-14
  9.600E+00  7.00198E-03  9.32973E-09  9.79461E-09 -2.16941E-13  9.16954E-14
  9.700E+00  7.14827E-03  9.30645E-09  9.78774E-09 -2.19687E-13  9.24828E-14
  9.800E+00  7.29605E-03  9.28298E-09  9.78080E-09 -2.22446E-13  9.32652E-14
  9.900E+00  7.44534E-03  9.25932E-09  9.77380E-09 -2.25219E-13  9.40423E-14
  1.000E+01  7.59612E-03  9.23548E-09  9.76673E-09 -2.28006E-13  9.48142E-14
  1.025E+01  7.97965E-03  9.17509E-09  9.74876E-09 -2.35037E-13  9.67210E-14
  1.050E+01  8.37255E-03  9.11358E-09  9.73038E-09 -2.42157E-13  9.85941E-14
  1.075E+01  8.77480E-03  9.05099E-09  9.71158E-09 -2.49368E-13  1.00433E-13
  1.100E+01  9.18641E-03  8.98733E-09  9.69237E-09 -2.56672E-13  1.02237E-13
  1.125E+01  9.60736E-03  8.92263E-09  9.67275E-09 -2.64068E-13  1.04004E-13
  1.150E+01  1.00376E-02  8.85692E-09  9.65272E-09 -2.71559E-13  1.05736E-13
  1.175E+01  1.04773E-02  8.79022E-09  9.63229E-09 -2.79146E-13  1.07430E-13
  1.200E+01  1.09262E-02  8.72255E-09  9.61146E-09 -2.86828E-13  1.09086E-13
  1.225E+01  1.13844E-02  8.65395E-09  9.59022E-09 -2.94608E-13  1.10704E-13
  1.250E+01  1.18520E-02  8.58443E-09  9.56859E-09 -3.02485E-13  1.12282E-13
  1.275E+01  1.23288E-02  8.51402E-09  9.54656E-09 -3.10461E-13  1.13820E-13
  1.300E+01  1.28150E-02  8.44275E-09  9.52413E-09 -3.18535E-13  1.15318E-13
  1.325E+01  1.33104E-02  8.37065E-09  9.50131E-09 -3.26710E-13  1.16774E-13
  1.350E+01  1.38150E-02  8.29773E-09  9.47811E-09 -3.34985E-13  1.18189E-13
  1.375E+01  1.43290E-02  8.22403E-09  9.45452E-09 -3.43361E-13  1.19560E-13
  1.400E+01  1.48521E-02  8.14958E-09  9.43054E-09 -3.51839E-13  1.20889E-13
  1.425E+01  1.53845E-02  8.07438E-09  9.40618E-09 -3.60418E-13  1.22173E-13
  1.450E+01  1.59262E-02  7.99849E-09  9.38145E-09 -3.69099E-13  1.23413E-13
  1.475E+01  1.64770E-02  7.92191E-09  9.35633E-09 -3.77882E-13  1.24608E-13
  1.500E+01  1.70371E-02  7.84468E-09  9.33084E-09 -3.86768E-13  1.25757E-13
  1.525E+01  1.76063E-02  7.76681E-09  9.30499E-09 -3.95757E-13  1.26859E-13
  1.550E+01  1.81848E-02  7.68834E-09  9.27876E-09 -4.04848E-13  1.27915E-13
  1.575E+01  1.87724E-02  7.60930E-09  9.25217E-09 -4.14042E-13  1.28923E-13
  1.600E+01  1.93692E-02  7.52970E-09  9.22521E-09 -4.23339E-13  1.29882E-13
  1.625E+01  1.99751E-02  7.44957E-09  9.19789E-09 -4.32738E-13  1.30793E-13
  1.650E+01  2.05901E-02  7.36894E-09  9.17022E-09 -4.42241E-13  1.31655E-13
  1.675E+01  2.12143E-02  7.28783E-09  9.14219E-09 -4.51845E-13  1.32467E-13
  1.700E+01  2.18476E-02  7.20627E-09  9.11381E-09 -4.61552E-13  1.33228E-13
  1.725E+01  2.24900E-02  7.12428E-09  9.08508E-09 -4.71361E-13  1.33939E-13
  1.750E+01  2.31415E-02  7.04189E-09  9.05601E-09 -4.81272E-13  1.34598E-13
  1.775E+01  2.38021E-02  6.95912E-09  9.02659E-09 -4.91285E-13  1.35204E-13
  1.800E+01  2.44717E-02  6.87599E-09  8.99684E-09 -5.01398E-13  1.35759E-13
  1.825E+01  2.51504E-02  6.79253E-09  8.96674E-09 -5.11612E-13  1.36260E-13
  1.850E+01  2.58382E-02  6.70876E-09  8.93632E-09 -5.21925E-13  1.36708E-13
  1.875E+01  2.65349E-02  6.62470E-09  8.90556E-09 -5.32339E-13  1.37102E-13
  1.900E+01  2.72407E-02  6.54039E-09  8.87447E-09 -5.42851E-13  1.37441E-13
  1.925E+01  2.79555E-02  6.45583E-09  8.84306E-09 -5.53462E-13  1.37725E-13
  1.950E+01  2.86793E-02  6.37106E-09  8.81133E-09 -5.64171E-13  1.37954E-13
  1.975E+01  2.94120E-02  6.28610E-09  8.77928E-09 -5.74976E-13  1.38127E-13
  2.000E+01  3.01537E-02  6.20096E-09  8.74692E-09 -5.85878E-13  1.38243E-13
  2.025E+01  3.09043E-02  6.11567E-09  8.71424E-09 -5.96875E-13  1.38303E-13
  2.050E+01  3.16639E-02  6.03025E-09  8.68126E-09 -6.07968E-13  1.38306E-13
  2.075E+01  3.24324E-02  5.94473E-09  8.64797E-09 -6.19154E-13  1.38251E-13
  2.100E+01  3.32098E-02  5.85912E-09  8.61438E-09 -6.30433E-13  1.38137E-13
  2.125E+01  3.39961E-02  5.77344E-09  8.58049E-09 -6.41804E-13  1.37966E-13
  2.150E+01  3.47912E-02  5.68772E-09  8.54630E-09 -6.53267E-13  1.37736E-13
  2.175E+01  3.55952E-02  5.60197E-09  8.51183E-09 -6.64819E-13  1.37446E-13
  2.200E+01  3.64081E-02  5.51622E-09  8.47706E-09 -6.76461E-13  1.37097E-13
  2.225E+01  3.72297E-02  5.43048E-09  8.44201E-09 -6.88192E-13  1.36688E-13
  2.250E+01  3.80602E-02  5.34477E-09  8.40668E-09 -7.00009E-13  1.36219E-13
  2.275E+01  3.88995E-02  5.25911E-09  8.37107E-09 -7.11913E-13  1.35689E-13
  2.300E+01  3.97476E-02  5.17352E-09  8.33518E-09 -7.23901E-13  1.35098E-13
  2.325E+01  4.06044E-02  5.08802E-09  8.29902E-09 -7.35973E-13  1.34446E-13
  2.350E+01  4.14700E-02  5.00262E-09  8.26260E-09 -7.48129E-13  1.33732E-13
  2.375E+01  4.23443E-02  4.91735E-09  8.22590E-09 -7.60365E-13  1.32957E-13
  2.400E+01  4.32273E-02  4.83222E-09  8.18895E-09 -7.72682E-13  1.32119E-13
  2.425E+01  4.41190E-02  4.74724E-09  8.15174E-09 -7.85079E-13  1.31219E-13
  2.450E+01  4.50194E-02  4.66244E-09  8.11428E-09 -7.97553E-13  1.30256E-13
  2.475E+01  4.59284E-02  4.57782E-09  8.07657E-09 -8.10104E-13  1.29230E-13
  2.500E+01  4.68461E-02  4.49341E-09  8.03860E-09 -8.22730E-13  1.28141E-13
  2.550E+01  4.87074E-02  4.32526E-09  7.96195E-09 -8.48203E-13  1.25772E-13
  2.600E+01  5.06030E-02  4.15811E-09  7.88436E-09 -8.73962E-13  1.23147E-13
  2.650E+01  5.25328E-02  3.99208E-09  7.80584E-09 -8.99996E-13  1.20265E-13
  2.700E+01  5.44967E-02  3.82726E-09  7.72644E-09 -9.26294E-13  1.17124E-13
  2.750E+01  5.64946E-02  3.66377E-09  7.64617E-09 -9.52844E-13  1.13723E-13
  2.800E+01  5.85262E-02  3.50171E-09  7.56508E-09 -9.79637E-13  1.10060E-13
  2.850E+01  6.05914E-02  3.34116E-09  7.48318E-09 -1.00666E-12  1.06134E-13
  2.900E+01  6.26901E-02  3.18221E-09  7.40051E-09 -1.03390E-12  1.01945E-13
  2.950E+01  6.48222E-02  3.02495E-09  7.31709E-09 -1.06135E-12  9.74917E-14
  3.000E+01  6.69873E-02  2.86946E-09  7.23296E-09 -1.08899E-12  9.27734E-14
  3.050E+01  6.91854E-02  2.71581E-09  7.14814E-09 -1.11682E-12  8.77898E-14
  3.100E+01  7.14163E-02  2.56407E-09  7.06266E-09 -1.14481E-12  8.25407E-14
  3.150E+01  7.36799E-02  2.41430E-09  6.97655E-09 -1.17297E-12  7.70258E-14
  3.200E+01  7.59760E-02  2.26657E-09  6.88985E-09 -1.20128E-12  7.12451E-14
  3.250E+01  7.83043E-02  2.12093E-09  6.80257E-09 -1.22972E-12  6.51989E-14
  3.300E+01  8.06647E-02  1.97743E-09  6.71474E-09 -1.25828E-12  5.88874E-14
  3.350E+01  8.30571E-02  1.83612E-09  6.62641E-09 -1.28696E-12  5.23110E-14
  3.400E+01  8.54812E-02  1.69705E-09  6.53759E-09 -1.31574E-12  4.54704E-14
  3.450E+01  8.79369E-02  1.56025E-09  6.44831E-09 -1.34460E-12  3.83663E-14
  3.500E+01  9.04240E-02  1.42577E-09  6.35860E-09 -1.37355E-12  3.09996E-14
  3.550E+01  9.29422E-02  1.29364E-09  6.26849E-09 -1.40256E-12  2.33712E-14
  3.600E+01  9.54915E-02  1.16388E-09  6.17801E-09 -1.43162E-12  1.54823E-14
  3.650E+01  9.80716E-02  1.03652E-09  6.08718E-09 -1.46073E-12  7.33425E-15
  3.700E+01  1.00682E-01  9.11592E-10  5.99603E-09 -1.48987E-12 -1.07159E-15
  3.750E+01  1.03323E-01  7.89111E-10  5.90459E-09 -1.51904E-12 -9.73366E-15
  3.800E+01  1.05995E-01  6.69096E-10  5.81289E-09 -1.54821E-12 -1.86503E-14
  3.850E+01  1.08696E-01  5.51562E-10  5.72096E-09 -1.57738E-12 -2.78196E-14
  3.900E+01  1.11427E-01  4.36521E-10  5.62881E-09 -1.60654E-12 -3.72398E-14
  3.950E+01  1.14188E-01  3.23984E-10  5.53648E-09 -1.63568E-12 -4.69087E-14
  4.000E+01  1.16978E-01  2.13959E-10  5.44399E-09 -1.66479E-12 -5.68242E-14
  4.050E+01  1.19797E-01  1.06449E-10  5.35137E-09 -1.69386E-12 -6.69839E-14
  4.100E+01  1.22645E-01  1.45994E-12  5.25865E-09 -1.72288E-12 -7.73855E-14
  4.150E+01  1.25522E-01 -1.01009E-10  5.16584E-09 -1.75183E-12 -8.80265E-14
  4.200E+01  1.28428E-01 -2.00958E-10  5.07298E-09 -1.78071E-12 -9.89041E-14
  4.250E+01  1.31361E-01 -2.98390E-10  4.98009E-09 -1.80952E-12 -1.10016E-13
  4.300E+01  1.34323E-01 -3.93309E-10  4.88719E-09 -1.83823E-12 -1.21358E-13
  4.350E+01  1.37313E-01 -4.85722E-10  4.79431E-09 -1.86684E-12 -1.32929E-13
  4.400E+01  1.40330E-01 -5.75637E-10  4.70147E-09 -1.89535E-12 -1.44725E-13
  4.450E+01  1.43375E-01 -6.63063E-10  4.60870E-09 -1.92374E-12 -1.56743E-13
  4.500E+01  1.46447E-01 -7.48011E-10  4.51602E-09 -1.95200E-12 -1.68979E-13
  4.550E+01  1.49545E-01 -8.30494E-10  4.42345E-09 -1.98013E-12 -1.81431E-13
  4.600E+01  1.52671E-01 -9.10524E-10  4.33101E-09 -2.00811E-12 -1.94094E-13
  4.650E+01  1.55823E-01 -9.88117E-10  4.23873E-09 -2.03595E-12 -2.06966E-13
  4.700E+01  1.59001E-01 -1.06329E-09  4.14662E-09 -2.06363E-12 -2.20042E-13
  4.750E+01  1.62205E-01 -1.13605E-09  4.05472E-09 -2.09114E-12 -2.33320E-13
  4.800E+01  1.65435E-01 -1.20643E-09  3.96303E-09 -2.11848E-12 -2.46794E-13
  4.850E+01  1.68690E-01 -1.27445E-09  3.87159E-09 -2.14564E-12 -2.60462E-13
  4.900E+01  1.71970E-01 -1.34011E-09  3.78041E-09 -2.17261E-12 -2.74319E-13
  4.950E+01  1.75276E-01 -1.40345E-09  3.68951E-09 -2.19939E-12 -2.88362E-13
  5.000E+01  1.78606E-01 -1.46448E-09  3.59891E-09 -2.22597E-12 -3.02585E-13
  5.050E+01  1.81961E-01 -1.52322E-09  3.50863E-09 -2.25233E-12 -3.16986E-13
  5.100E+01  1.85340E-01 -1.57971E-09  3.41869E-09 -2.27848E-12 -3.31559E-13
  5.150E+01  1.88743E-01 -1.63396E-09  3.32911E-09 -2.30441E-12 -3.46301E-13
  5.200E+01  1.92169E-01 -1.68599E-09  3.23990E-09 -2.33011E-12 -3.61207E-13
  5.250E+01  1.95619E-01 -1.73583E-09  3.15109E-09 -2.35558E-12 -3.76273E-13
  5.300E+01  1.99092E-01 -1.78351E-09  3.06268E-09 -2.38081E-12 -3.91494E-13
  5.350E+01  2.02589E-01 -1.82905E-09  2.97471E-09 -2.40580E-12 -4.06866E-13
  5.400E+01  2.06107E-01 -1.87248E-09  2.88718E-09 -2.43053E-12 -4.22384E-13
  5.450E+01  2.09649E-01 -1.91382E-09  2.80010E-09 -2.45501E-12 -4.38044E-13
  5.500E+01  2.13212E-01 -1.95310E-09  2.71351E-09 -2.47923E-12 -4.53840E-13
  5.550E+01  2.16797E-01 -1.99034E-09  2.62740E-09 -2.50318E-12 -4.69768E-13
  5.600E+01  2.20404E-01 -2.02558E-09  2.54181E-09 -2.52686E-12 -4.85824E-13
  5.650E+01  2.24032E-01 -2.05883E-09  2.45673E-09 -2.55026E-12 -5.02002E-13
  5.700E+01  2.27680E-01 -2.09014E-09  2.37219E-09 -2.57338E-12 -5.18298E-13
  5.750E+01  2.31350E-01 -2.11952E-09  2.28819E-09 -2.59622E-12 -5.34707E-13
  5.800E+01  2.35040E-01 -2.14700E-09  2.20476E-09 -2.61877E-12 -5.51224E-13
  5.850E+01  2.38751E-01 -2.17261E-09  2.12190E-09 -2.64103E-12 -5.67843E-13
  5.900E+01  2.42481E-01 -2.19638E-09  2.03964E-09 -2.66299E-12 -5.84561E-13
  5.950E+01  2.46231E-01 -2.21834E-09  1.95797E-09 -2.68465E-12 -6.01372E-13
  6.000E+01  2.50000E-01 -2.23852E-09  1.87691E-09 -2.70600E-12 -6.18271E-13
  6.050E+01  2.53788E-01 -2.25693E-09  1.79648E-09 -2.72704E-12 -6.35252E-13
  6.100E+01  2.57595E-01 -2.27362E-09  1.71668E-09 -2.74778E-12 -6.52312E-13
  6.150E+01  2.61421E-01 -2.28861E-09  1.63753E-09 -2.76820E-12 -6.69444E-13
  6.200E+01  2.65264E-01 -2.30192E-09  1.55903E-09 -2.78829E-12 -6.86644E-13
  6.250E+01  2.69126E-01 -2.31359E-09  1.48120E-09 -2.80807E-12 -7.03907E-13
  6.300E+01  2.73005E-01 -2.32365E-09  1.40404E-09 -2.82753E-12 -7.21227E-13
  6.350E+01  2.76901E-01 -2.33211E-09  1.32757E-09 -2.84665E-12 -7.38600E-13
  6.400E+01  2.80814E-01 -2.33902E-09  1.25180E-09 -2.86545E-12 -7.56020E-13
  6.450E+01  2.84744E-01 -2.34439E-09  1.17672E-09 -2.88392E-12 -7.73482E-13
  6.500E+01  2.88691E-01 -2.34826E-09  1.10236E-09 -2.90205E-12 -7.90981E-13
  6.550E+01  2.92653E-01 -2.35065E-09  1.02871E-09 -2.91984E-12 -8.08512E-13
  6.600E+01  2.96632E-01 -2.35159E-09  9.55789E-10 -2.93729E-12 -8.26070E-13
  6.650E+01  3.00625E-01 -2.35111E-09  8.83602E-10 -2.95441E-12 -8.43650E-13
  6.700E+01  3.04634E-01 -2.34923E-09  8.12154E-10 -2.97118E-12 -8.61245E-13
  6.750E+01  3.08658E-01 -2.34599E-09  7.41453E-10 -2.98760E-12 -8.78853E-13
  6.800E+01  3.12697E-01 -2.34140E-09  6.71504E-10 -3.00368E-12 -8.96466E-13
  6.850E+01  3.16749E-01 -2.33550E-09  6.02313E-10 -3.01940E-12 -9.14081E-13
  6.900E+01  3.20816E-01 -2.32831E-09  5.33886E-10 -3.03478E-12 -9.31691E-13
  6.950E+01  3.24896E-01 -2.31986E-09  4.66228E-10 -3.04981E-12 -9.49293E-13
  7.000E+01  3.28990E-01 -2.31017E-09  3.99344E-10 -3.06448E-12 -9.66880E-13
  7.050E+01  3.33097E-01 -2.29928E-09  3.33239E-10 -3.07880E-12 -9.84449E-13
  7.100E+01  3.37216E-01 -2.28719E-09  2.67916E-10 -3.09277E-12 -1.00199E-12
  7.150E+01  3.41348E-01 -2.27396E-09  2.03379E-10 -3.10638E-12 -1.01951E-12
  7.200E+01  3.45492E-01 -2.25958E-09  1.39633E-10 -3.11963E-12 -1.03699E-12
  7.250E+01  3.49647E-01 -2.24410E-09  7.66802E-11 -3.13252E-12 -1.05443E-12
  7.300E+01  3.53814E-01 -2.22754E-09  1.45239E-11 -3.14506E-12 -1.07183E-12
  7.350E+01  3.57992E-01 -2.20991E-09 -4.68331E-11 -3.15723E-12 -1.08918E-12
  7.400E+01  3.62181E-01 -2.19126E-09 -1.07388E-10 -3.16905E-12 -1.10647E-12
  7.450E+01  3.66381E-01 -2.17159E-09 -1.67140E-10 -3.18050E-12 -1.12371E-12
  7.500E+01  3.70590E-01 -2.15094E-09 -2.26085E-10 -3.19159E-12 -1.14088E-12
  7.550E+01  3.74810E-01 -2.12932E-09 -2.84223E-10 -3.20233E-12 -1.15798E-12
  7.600E+01  3.79039E-01 -2.10677E-09 -3.41553E-10 -3.21270E-12 -1.17501E-12
  7.650E+01  3.83277E-01 -2.08330E-09 -3.98072E-10 -3.22271E-12 -1.19197E-12
  7.700E+01  3.87524E-01 -2.05893E-09 -4.53781E-10 -3.23236E-12 -1.20884E-12
  7.750E+01  3.91780E-01 -2.03370E-09 -5.08678E-10 -3.24164E-12 -1.22562E-12
  7.800E+01  3.96044E-01 -2.00762E-09 -5.62764E-10 -3.25057E-12 -1.24231E-12
  7.850E+01  4.00316E-01 -1.98071E-09 -6.16038E-10 -3.25913E-12 -1.25891E-12
  7.900E+01  4.04596E-01 -1.95300E-09 -6.68500E-10 -3.26733E-12 -1.27540E-12
  7.950E+01  4.08882E-01 -1.92451E-09 -7.20152E-10 -3.27517E-12 -1.29179E-12
  8.000E+01  4.13176E-01 -1.89526E-09 -7.70992E-10 -3.28265E-12 -1.30807E-12
  8.050E+01  4.17476E-01 -1.86526E-09 -8.21023E-10 -3.28977E-12 -1.32423E-12
  8.100E+01  4.21783E-01 -1.83455E-09 -8.70246E-10 -3.29653E-12 -1.34028E-12
  8.150E+01  4.26095E-01 -1.80315E-09 -9.18660E-10 -3.30293E-12 -1.35620E-12
  8.200E+01  4.30413E-01 -1.77106E-09 -9.66270E-10 -3.30898E-12 -1.37199E-12
  8.250E+01  4.34737E-01 -1.73832E-09 -1.01307E-09 -3.31466E-12 -1.38765E-12
  8.300E+01  4.39065E-01 -1.70494E-09 -1.05908E-09 -3.31999E-12 -1.40318E-12
  8.350E+01  4.43398E-01 -1.67095E-09 -1.10428E-09 -3.32496E-12 -1.41857E-12
  8.400E+01  4.47736E-01 -1.63635E-09 -1.14869E-09 -3.32958E-12 -1.43381E-12
  8.450E+01  4.52077E-01 -1.60118E-09 -1.19230E-09 -3.33385E-12 -1.44890E-12
  8.500E+01  4.56422E-01 -1.56545E-09 -1.23511E-09 -3.33776E-12 -1.46384E-12
  8.550E+01  4.60770E-01 -1.52918E-09 -1.27714E-09 -3.34131E-12 -1.47863E-12
  8.600E+01  4.65122E-01 -1.49238E-09 -1.31838E-09 -3.34452E-12 -1.49325E-12
  8.650E+01  4.69476E-01 -1.45508E-09 -1.35884E-09 -3.34738E-12 -1.50771E-12
  8.700E+01  4.73832E-01 -1.41729E-09 -1.39852E-09 -3.34988E-12 -1.52200E-12
  8.750E+01  4.78190E-01 -1.37904E-09 -1.43742E-09 -3.35204E-12 -1.53613E-12
  8.800E+01  4.82550E-01 -1.34033E-09 -1.47555E-09 -3.35386E-12 -1.55007E-12
  8.850E+01  4.86912E-01 -1.30119E-09 -1.51291E-09 -3.35533E-12 -1.56384E-12
  8.900E+01  4.91274E-01 -1.26163E-09 -1.54951E-09 -3.35645E-12 -1.57742E-12
  8.950E+01  4.95637E-01 -1.22167E-09 -1.58534E-09 -3.35724E-12 -1.59082E-12
  9.000E+01  5.00000E-01 -1.18132E-09 -1.62042E-09 -3.35768E-12 -1.60403E-12
  9.050E+01  5.04363E-01 -1.14061E-09 -1.65475E-09 -3.35778E-12 -1.61704E-12
  9.100E+01  5.08726E-01 -1.09954E-09 -1.68833E-09 -3.35755E-12 -1.62986E-12
  9.150E+01  5.13088E-01 -1.05814E-09 -1.72117E-09 -3.35698E-12 -1.64248E-12
  9.200E+01  5.17450E-01 -1.01642E-09 -1.75328E-09 -3.35608E-12 -1.65489E-12
  9.250E+01  5.21810E-01 -9.74389E-10 -1.78465E-09 -3.35484E-12 -1.66710E-12
  9.300E+01  5.26168E-01 -9.32068E-10 -1.81529E-09 -3.35328E-12 -1.67910E-12
  9.350E+01  5.30524E-01 -8.89472E-10 -1.84522E-09 -3.35138E-12 -1.69089E-12
  9.400E+01  5.34878E-01 -8.46613E-10 -1.87442E-09 -3.34916E-12 -1.70246E-12
  9.450E+01  5.39230E-01 -8.03508E-10 -1.90292E-09 -3.34661E-12 -1.71381E-12
  9.500E+01  5.43578E-01 -7.60169E-10 -1.93071E-09 -3.34374E-12 -1.72494E-12
  9.550E+01  5.47923E-01 -7.16610E-10 -1.95780E-09 -3.34055E-12 -1.73585E-12
  9.600E+01  5.52264E-01 -6.72846E-10 -1.98420E-09 -3.33704E-12 -1.74653E-12
  9.650E+01  5.56602E-01 -6.28889E-10 -2.00991E-09 -3.33321E-12 -1.75698E-12
  9.700E+01  5.60935E-01 -5.84753E-10 -2.03495E-09 -3.32907E-12 -1.76720E-12
  9.750E+01  5.65263E-01 -5.40451E-10 -2.05930E-09 -3.32461E-12 -1.77718E-12
  9.800E+01  5.69587E-01 -4.95994E-10 -2.08299E-09 -3.31984E-12 -1.78693E-12
  9.850E+01  5.73905E-01 -4.51397E-10 -2.10601E-09 -3.31476E-12 -1.79643E-12
  9.900E+01  5.78217E-01 -4.06671E-10 -2.12838E-09 -3.30937E-12 -1.80569E-12
  9.950E+01  5.82524E-01 -3.61828E-10 -2.15010E-09 -3.30368E-12 -1.81471E-12
  1.000E+02  5.86824E-01 -3.16880E-10 -2.17118E-09 -3.29769E-12 -1.82348E-12
  1.005E+02  5.91118E-01 -2.71840E-10 -2.19162E-09 -3.29139E-12 -1.83200E-12
  1.010E+02  5.95404E-01 -2.26717E-10 -2.21143E-09 -3.28479E-12 -1.84027E-12
  1.015E+02  5.99684E-01 -1.81524E-10 -2.23061E-09 -3.27790E-12 -1.84828E-12
  1.020E+02  6.03956E-01 -1.36272E-10 -2.24918E-09 -3.27072E-12 -1.85604E-12
  1.025E+02  6.08220E-01 -9.09707E-11 -2.26714E-09 -3.26324E-12 -1.86354E-12
  1.030E+02  6.12476E-01 -4.56320E-11 -2.28450E-09 -3.25547E-12 -1.87078E-12
  1.035E+02  6.16723E-01 -2.65814E-13 -2.30127E-09 -3.24742E-12 -1.87776E-12
  1.040E+02  6.20961E-01  4.51175E-11 -2.31744E-09 -3.23908E-12 -1.88447E-12
  1.045E+02  6.25190E-01  9.05078E-11 -2.33304E-09 -3.23046E-12 -1.89092E-12
  1.050E+02  6.29410E-01  1.35895E-10 -2.34806E-09 -3.22155E-12 -1.89710E-12
  1.055E+02  6.33619E-01  1.81270E-10 -2.36251E-09 -3.21237E-12 -1.90301E-12
  1.060E+02  6.37819E-01  2.26623E-10 -2.37641E-09 -3.20291E-12 -1.90866E-12
  1.065E+02  6.42008E-01  2.71944E-10 -2.38975E-09 -3.19318E-12 -1.91403E-12
  1.070E+02  6.46186E-01  3.17225E-10 -2.40255E-09 -3.18318E-12 -1.91913E-12
  1.075E+02  6.50353E-01  3.62456E-10 -2.41481E-09 -3.17291E-12 -1.92395E-12
  1.080E+02  6.54508E-01  4.07629E-10 -2.42654E-09 -3.16237E-12 -1.92850E-12
  1.085E+02  6.58652E-01  4.52735E-10 -2.43775E-09 -3.15157E-12 -1.93277E-12
  1.090E+02  6.62784E-01  4.97766E-10 -2.44844E-09 -3.14051E-12 -1.93676E-12
  1.095E+02  6.66903E-01  5.42712E-10 -2.45863E-09 -3.12918E-12 -1.94047E-12
  1.100E+02  6.71010E-01  5.87567E-10 -2.46832E-09 -3.11760E-12 -1.94390E-12
  1.105E+02  6.75104E-01  6.32323E-10 -2.47751E-09 -3.10577E-12 -1.94705E-12
  1.110E+02  6.79184E-01  6.76970E-10 -2.48622E-09 -3.09369E-12 -1.94991E-12
  1.115E+02  6.83251E-01  7.21503E-10 -2.49445E-09 -3.08135E-12 -1.95250E-12
  1.120E+02  6.87303E-01  7.65913E-10 -2.50221E-09 -3.06877E-12 -1.95479E-12
  1.125E+02  6.91342E-01  8.10192E-10 -2.50951E-09 -3.05594E-12 -1.95681E-12
  1.130E+02  6.95366E-01  8.54335E-10 -2.51635E-09 -3.04288E-12 -1.95853E-12
  1.135E+02  6.99375E-01  8.98334E-10 -2.52274E-09 -3.02957E-12 -1.95997E-12
  1.140E+02  7.03368E-01  9.42182E-10 -2.52870E-09 -3.01602E-12 -1.96112E-12
  1.145E+02  7.07347E-01  9.85873E-10 -2.53423E-09 -3.00224E-12 -1.96199E-12
  1.150E+02  7.11309E-01  1.02940E-09 -2.53933E-09 -2.98823E-12 -1.96256E-12
  1.155E+02  7.15256E-01  1.07275E-09 -2.54401E-09 -2.97399E-12 -1.96285E-12
  1.160E+02  7.19186E-01  1.11593E-09 -2.54828E-09 -2.95952E-12 -1.96285E-12
  1.165E+02  7.23099E-01  1.15893E-09 -2.55216E-09 -2.94483E-12 -1.96256E-12
  1.170E+02  7.26995E-01  1.20174E-09 -2.55563E-09 -2.92991E-12 -1.96197E-12
  1.175E+02  7.30874E-01  1.24435E-09 -2.55873E-09 -2.91478E-12 -1.96110E-12
  1.180E+02  7.34736E-01  1.28676E-09 -2.56144E-09 -2.89942E-12 -1.95994E-12
  1.185E+02  7.38579E-01  1.32897E-09 -2.56378E-09 -2.88385E-12 -1.95849E-12
  1.190E+02  7.42405E-01  1.37096E-09 -2.56576E-09 -2.86807E-12 -1.95675E-12
  1.195E+02  7.46212E-01  1.41274E-09 -2.56738E-09 -2.85208E-12 -1.95471E-12
  1.200E+02  7.50000E-01  1.45430E-09 -2.56865E-09 -2.83588E-12 -1.95239E-12
  1.205E+02  7.53769E-01  1.49563E-09 -2.56959E-09 -2.81948E-12 -1.94978E-12
  1.210E+02  7.57519E-01  1.53673E-09 -2.57018E-09 -2.80287E-12 -1.94687E-12
  1.215E+02  7.61249E-01  1.57759E-09 -2.57046E-09 -2.78606E-12 -1.94368E-12
  1.220E+02  7.64960E-01  1.61821E-09 -2.57041E-09 -2.76905E-12 -1.94020E-12
  1.225E+02  7.68650E-01  1.65858E-09 -2.57005E-09 -2.75185E-12 -1.93642E-12
  1.230E+02  7.72320E-01  1.69871E-09 -2.56939E-09 -2.73446E-12 -1.93236E-12
  1.235E+02  7.75968E-01  1.73858E-09 -2.56843E-09 -2.71687E-12 -1.92802E-12
  1.240E+02  7.79596E-01  1.77819E-09 -2.56718E-09 -2.69910E-12 -1.92338E-12
  1.245E+02  7.83203E-01  1.81754E-09 -2.56565E-09 -2.68113E-12 -1.91846E-12
  1.250E+02  7.86788E-01  1.85662E-09 -2.56384E-09 -2.66299E-12 -1.91324E-12
  1.255E+02  7.90351E-01  1.89543E-09 -2.56177E-09 -2.64466E-12 -1.90775E-12
  1.260E+02  7.93893E-01  1.93396E-09 -2.55944E-09 -2.62616E-12 -1.90197E-12
  1.265E+02  7.97411E-01  1.97222E-09 -2.55685E-09 -2.60747E-12 -1.89590E-12
  1.270E+02  8.00908E-01  2.01020E-09 -2.55402E-09 -2.58862E-12 -1.88955E-12
  1.275E+02  8.04381E-01  2.04789E-09 -2.55094E-09 -2.56959E-12 -1.88292E-12
  1.280E+02  8.07831E-01  2.08529E-09 -2.54764E-09 -2.55039E-12 -1.87600E-12
  1.285E+02  8.11257E-01  2.12240E-09 -2.54411E-09 -2.53102E-12 -1.86881E-12
  1.290E+02  8.14660E-01  2.15921E-09 -2.54036E-09 -2.51149E-12 -1.86133E-12
  1.295E+02  8.18039E-01  2.19573E-09 -2.53640E-09 -2.49180E-12 -1.85358E-12
  1.300E+02  8.21394E-01  2.23195E-09 -2.53224E-09 -2.47194E-12 -1.84555E-12
  1.305E+02  8.24724E-01  2.26786E-09 -2.52788E-09 -2.45193E-12 -1.83724E-12
  1.310E+02  8.28030E-01  2.30346E-09 -2.52333E-09 -2.43176E-12 -1.82865E-12
  1.315E+02  8.31310E-01  2.33876E-09 -2.51859E-09 -2.41143E-12 -1.81980E-12
  1.320E+02  8.34565E-01  2.37374E-09 -2.51368E-09 -2.39095E-12 -1.81066E-12
  1.325E+02  8.37795E-01  2.40841E-09 -2.50860E-09 -2.37033E-12 -1.80126E-12
  1.330E+02  8.40999E-01  2.44275E-09 -2.50335E-09 -2.34955E-12 -1.79159E-12
  1.335E+02  8.44177E-01  2.47678E-09 -2.49795E-09 -2.32863E-12 -1.78165E-12
  1.340E+02  8.47329E-01  2.51049E-09 -2.49239E-09 -2.30757E-12 -1.77144E-12
  1.345E+02  8.50455E-01  2.54387E-09 -2.48669E-09 -2.28637E-12 -1.76096E-12
  1.350E+02  8.53553E-01  2.57693E-09 -2.48086E-09 -2.26502E-12 -1.75022E-12
  1.355E+02  8.56625E-01  2.60966E-09 -2.47489E-09 -2.24355E-12 -1.73922E-12
  1.360E+02  8.59670E-01  2.64205E-09 -2.46879E-09 -2.22193E-12 -1.72796E-12
  1.365E+02  8.62687E-01  2.67412E-09 -2.46258E-09 -2.20018E-12 -1.71644E-12
  1.370E+02  8.65677E-01  2.70585E-09 -2.45626E-09 -2.17831E-12 -1.70466E-12
  1.375E+02  8.68639E-01  2.73724E-09 -2.44982E-09 -2.15630E-12 -1.69262E-12
  1.380E+02  8.71572E-01  2.76829E-09 -2.44329E-09 -2.13417E-12 -1.68033E-12
  1.385E+02  8.74478E-01  2.79901E-09 -2.43666E-09 -2.11191E-12 -1.66779E-12
  1.390E+02  8.77355E-01  2.82938E-09 -2.42994E-09 -2.08953E-12 -1.65500E-12
  1.395E+02  8.80203E-01  2.85941E-09 -2.42314E-09 -2.06703E-12 -1.64196E-12
  1.400E+02  8.83022E-01  2.88909E-09 -2.41627E-09 -2.04441E-12 -1.62868E-12
  1.405E+02  8.85812E-01  2.91843E-09 -2.40932E-09 -2.02168E-12 -1.61515E-12
  1.410E+02  8.88573E-01  2.94742E-09 -2.40230E-09 -1.99883E-12 -1.60137E-12
  1.415E+02  8.91304E-01  2.97606E-09 -2.39523E-09 -1.97586E-12 -1.58736E-12
  1.420E+02  8.94005E-01  3.00434E-09 -2.38810E-09 -1.95279E-12 -1.57311E-12
  1.425E+02  8.96677E-01  3.03228E-09 -2.38093E-09 -1.92961E-12 -1.55862E-12
  1.430E+02  8.99318E-01  3.05987E-09 -2.37371E-09 -1.90632E-12 -1.54390E-12
  1.435E+02  9.01928E-01  3.08710E-09 -2.36645E-09 -1.88292E-12 -1.52895E-12
  1.440E+02  9.04508E-01  3.11397E-09 -2.35916E-09 -1.85942E-12 -1.51377E-12
  1.445E+02  9.07058E-01  3.14049E-09 -2.35184E-09 -1.83583E-12 -1.49836E-12
  1.450E+02  9.09576E-01  3.16665E-09 -2.34450E-09 -1.81213E-12 -1.48273E-12
  1.455E+02  9.12063E-01  3.19246E-09 -2.33715E-09 -1.78833E-12 -1.46688E-12
  1.460E+02  9.14519E-01  3.21790E-09 -2.32978E-09 -1.76444E-12 -1.45080E-12
  1.465E+02  9.16943E-01  3.24298E-09 -2.32241E-09 -1.74045E-12 -1.43451E-12
  1.470E+02  9.19335E-01  3.26771E-09 -2.31503E-09 -1.71637E-12 -1.41801E-12
  1.475E+02  9.21696E-01  3.29207E-09 -2.30766E-09 -1.69220E-12 -1.40129E-12
  1.480E+02  9.24024E-01  3.31606E-09 -2.30029E-09 -1.66794E-12 -1.38436E-12
  1.485E+02  9.26320E-01  3.33970E-09 -2.29294E-09 -1.64360E-12 -1.36723E-12
  1.490E+02  9.28584E-01  3.36297E-09 -2.28561E-09 -1.61917E-12 -1.34989E-12
  1.495E+02  9.30815E-01  3.38588E-09 -2.27829E-09 -1.59465E-12 -1.33234E-12
  1.500E+02  9.33013E-01  3.40842E-09 -2.27101E-09 -1.57005E-12 -1.31460E-12
  1.505E+02  9.35178E-01  3.43059E-09 -2.26375E-09 -1.54538E-12 -1.29667E-12
  1.510E+02  9.37310E-01  3.45240E-09 -2.25653E-09 -1.52062E-12 -1.27853E-12
  1.515E+02  9.39409E-01  3.47384E-09 -2.24935E-09 -1.49579E-12 -1.26021E-12
  1.520E+02  9.41474E-01  3.49491E-09 -2.24222E-09 -1.47088E-12 -1.24170E-12
  1.525E+02  9.43505E-01  3.51562E-09 -2.23513E-09 -1.44589E-12 -1.22300E-12
  1.530E+02  9.45503E-01  3.53595E-09 -2.22810E-09 -1.42084E-12 -1.20412E-12
  1.535E+02  9.47467E-01  3.55592E-09 -2.22112E-09 -1.39571E-12 -1.18506E-12
  1.540E+02  9.49397E-01  3.57552E-09 -2.21420E-09 -1.37052E-12 -1.16583E-12
  1.545E+02  9.51293E-01  3.59475E-09 -2.20735E-09 -1.34525E-12 -1.14642E-12
  1.550E+02  9.53154E-01  3.61361E-09 -2.20056E-09 -1.31992E-12 -1.12684E-12
  1.555E+02  9.54981E-01  3.63209E-09 -2.19385E-09 -1.29453E-12 -1.10709E-12
  1.560E+02  9.56773E-01  3.65021E-09 -2.18721E-09 -1.26907E-12 -1.08717E-12
  1.565E+02  9.58530E-01  3.66796E-09 -2.18065E-09 -1.24355E-12 -1.06709E-12
  1.570E+02  9.60252E-01  3.68533E-09 -2.17418E-09 -1.21798E-12 -1.04686E-12
  1.575E+02  9.61940E-01  3.70233E-09 -2.16779E-09 -1.19234E-12 -1.02646E-12
  1.580E+02  9.63592E-01  3.71896E-09 -2.16149E-09 -1.16664E-12 -1.00592E-12
  1.585E+02  9.65209E-01  3.73522E-09 -2.15529E-09 -1.14089E-12 -9.85222E-13
  1.590E+02  9.66790E-01  3.75111E-09 -2.14918E-09 -1.11509E-12 -9.64379E-13
  1.595E+02  9.68336E-01  3.76662E-09 -2.14317E-09 -1.08923E-12 -9.43392E-13
  1.600E+02  9.69846E-01  3.78176E-09 -2.13727E-09 -1.06333E-12 -9.22265E-13
  1.605E+02  9.71321E-01  3.79653E-09 -2.13147E-09 -1.03737E-12 -9.01000E-13
  1.610E+02  9.72759E-01  3.81093E-09 -2.12578E-09 -1.01136E-12 -8.79601E-13
  1.615E+02  9.74162E-01  3.82495E-09 -2.12020E-09 -9.85306E-13 -8.58071E-13
  1.620E+02  9.75528E-01  3.83860E-09 -2.11473E-09 -9.59206E-13 -8.36413E-13
  1.625E+02  9.76858E-01  3.85187E-09 -2.10938E-09 -9.33062E-13 -8.14630E-13
  1.630E+02  9.78152E-01  3.86477E-09 -2.10416E-09 -9.06875E-13 -7.92726E-13
  1.635E+02  9.79410E-01  3.87730E-09 -2.09905E-09 -8.80645E-13 -7.70704E-13
  1.640E+02  9.80631E-01  3.88946E-09 -2.09407E-09 -8.54376E-13 -7.48567E-13
  1.645E+02  9.81815E-01  3.90124E-09 -2.08922E-09 -8.28067E-13 -7.26319E-13
  1.650E+02  9.82963E-01  3.91265E-09 -2.08450E-09 -8.01721E-13 -7.03963E-13
  1.655E+02  9.84074E-01  3.92368E-09 -2.07991E-09 -7.75338E-13 -6.81502E-13
  1.660E+02  9.85148E-01  3.93434E-09 -2.07546E-09 -7.48920E-13 -6.58940E-13
  1.665E+02  9.86185E-01  3.94463E-09 -2.07114E-09 -7.22468E-13 -6.36279E-13
  1.670E+02  9.87185E-01  3.95454E-09 -2.06696E-09 -6.95984E-13 -6.13524E-13
  1.675E+02  9.88148E-01  3.96408E-09 -2.06292E-09 -6.69468E-13 -5.90678E-13
  1.680E+02  9.89074E-01  3.97324E-09 -2.05903E-09 -6.42922E-13 -5.67743E-13
  1.685E+02  9.89962E-01  3.98203E-09 -2.05528E-09 -6.16348E-13 -5.44725E-13
  1.690E+02  9.90814E-01  3.99045E-09 -2.05167E-09 -5.89746E-13 -5.21625E-13
  1.695E+02  9.91627E-01  3.99849E-09 -2.04822E-09 -5.63117E-13 -4.98448E-13
  1.700E+02  9.92404E-01  4.00615E-09 -2.04491E-09 -5.36464E-13 -4.75197E-13
  1.705E+02  9.93143E-01  4.01345E-09 -2.04176E-09 -5.09787E-13 -4.51875E-13
  1.710E+02  9.93844E-01  4.02037E-09 -2.03876E-09 -4.83087E-13 -4.28486E-13
  1.715E+02  9.94508E-01  4.02691E-09 -2.03591E-09 -4.56366E-13 -4.05033E-13
  1.720E+02  9.95134E-01  4.03309E-09 -2.03322E-09 -4.29624E-13 -3.81520E-13
  1.725E+02  9.95722E-01  4.03888E-09 -2.03068E-09 -4.02864E-13 -3.57950E-13
  1.730E+02  9.96273E-01  4.04431E-09 -2.02830E-09 -3.76086E-13 -3.34327E-13
  1.735E+02  9.96786E-01  4.04936E-09 -2.02609E-09 -3.49292E-13 -3.10655E-13
  1.740E+02  9.97261E-01  4.05403E-09 -2.02403E-09 -3.22482E-13 -2.86936E-13
  1.745E+02  9.97698E-01  4.05833E-09 -2.02213E-09 -2.95658E-13 -2.63175E-13
  1.750E+02  9.98097E-01  4.06226E-09 -2.02040E-09 -2.68821E-13 -2.39374E-13
  1.755E+02  9.98459E-01  4.06581E-09 -2.01883E-09 -2.41972E-13 -2.15538E-13
  1.760E+02  9.98782E-01  4.06899E-09 -2.01742E-09 -2.15113E-13 -1.91670E-13
  1.765E+02  9.99067E-01  4.07180E-09 -2.01617E-09 -1.88244E-13 -1.67774E-13
  1.770E+02  9.99315E-01  4.07423E-09 -2.01509E-09 -1.61368E-13 -1.43852E-13
  1.775E+02  9.99524E-01  4.07628E-09 -2.01418E-09 -1.34484E-13 -1.19910E-13
  1.780E+02  9.99695E-01  4.07797E-09 -2.01343E-09 -1.07594E-13 -9.59491E-14
  1.785E+02  9.99829E-01  4.07928E-09 -2.01285E-09 -8.06996E-14 -7.19743E-14
  1.790E+02  9.99924E-01  4.08021E-09 -2.01243E-09 -5.38017E-14 -4.79888E-14
  1.795E+02  9.99981E-01  4.08077E-09 -2.01218E-09 -2.69014E-14 -2.39962E-14
  1.800E+02  1.00000E+00  4.08096E-09 -2.01210E-09 -3.77522E-28 -3.36757E-28
