 #  Scattering amplitudes (in cm)      MU=(1-cos(TH))/2
 #  Z =   6,   projectile: electron
 #  Kinetic energy = 2.90000E+02 eV
 #
 # TH (deg)      MU          Re(F)        Im(F)        Re(G)        Im(G)
 #--------------------------------------------------------------------------
  0.000E+00  0.00000E+00  1.89436E-08  9.99912E-09  0.00000E+00  0.00000E+00
  1.000E-04  7.61557E-13  1.89436E-08  9.99912E-09  9.03990E-18  7.19081E-18
  1.250E-04  1.18994E-12  1.89436E-08  9.99912E-09  1.12999E-17  8.98851E-18
  1.500E-04  1.71346E-12  1.89436E-08  9.99912E-09  1.35599E-17  1.07862E-17
  1.750E-04  2.33225E-12  1.89436E-08  9.99912E-09  1.58198E-17  1.25839E-17
  2.000E-04  3.04617E-12  1.89436E-08  9.99912E-09  1.80798E-17  1.43816E-17
  2.250E-04  3.85530E-12  1.89436E-08  9.99912E-09  2.03398E-17  1.61793E-17
  2.500E-04  4.75964E-12  1.89436E-08  9.99912E-09  2.25998E-17  1.79770E-17
  2.750E-04  5.75917E-12  1.89436E-08  9.99912E-09  2.48597E-17  1.97747E-17
  3.000E-04  6.85391E-12  1.89436E-08  9.99912E-09  2.71197E-17  2.15724E-17
  3.250E-04  8.04379E-12  1.89436E-08  9.99912E-09  2.93797E-17  2.33701E-17
  3.500E-04  9.32893E-12  1.89436E-08  9.99912E-09  3.16397E-17  2.51678E-17
  3.750E-04  1.07092E-11  1.89436E-08  9.99912E-09  3.38996E-17  2.69655E-17
  4.000E-04  1.21847E-11  1.89436E-08  9.99912E-09  3.61596E-17  2.87632E-17
  4.250E-04  1.37554E-11  1.89436E-08  9.99912E-09  3.84196E-17  3.05609E-17
  4.500E-04  1.54213E-11  1.89436E-08  9.99912E-09  4.06796E-17  3.23586E-17
  4.750E-04  1.71823E-11  1.89436E-08  9.99912E-09  4.29395E-17  3.41563E-17
  5.000E-04  1.90386E-11  1.89436E-08  9.99912E-09  4.51995E-17  3.59540E-17
  5.250E-04  2.09900E-11  1.89436E-08  9.99912E-09  4.74595E-17  3.77517E-17
  5.500E-04  2.30367E-11  1.89436E-08  9.99912E-09  4.97195E-17  3.95494E-17
  5.750E-04  2.51785E-11  1.89436E-08  9.99912E-09  5.19794E-17  4.13471E-17
  6.000E-04  2.74156E-11  1.89436E-08  9.99912E-09  5.42394E-17  4.31448E-17
  6.250E-04  2.97478E-11  1.89436E-08  9.99912E-09  5.64994E-17  4.49425E-17
  6.500E-04  3.21752E-11  1.89436E-08  9.99912E-09  5.87594E-17  4.67402E-17
  6.750E-04  3.46979E-11  1.89436E-08  9.99912E-09  6.10194E-17  4.85380E-17
  7.000E-04  3.73157E-11  1.89436E-08  9.99912E-09  6.32793E-17  5.03357E-17
  7.250E-04  4.00286E-11  1.89436E-08  9.99912E-09  6.55393E-17  5.21334E-17
  7.500E-04  4.28368E-11  1.89436E-08  9.99912E-09  6.77993E-17  5.39311E-17
  7.750E-04  4.57402E-11  1.89436E-08  9.99912E-09  7.00593E-17  5.57288E-17
  8.000E-04  4.87388E-11  1.89436E-08  9.99912E-09  7.23192E-17  5.75265E-17
  8.250E-04  5.18325E-11  1.89436E-08  9.99912E-09  7.45792E-17  5.93242E-17
  8.500E-04  5.50215E-11  1.89436E-08  9.99912E-09  7.68392E-17  6.11219E-17
  8.750E-04  5.83057E-11  1.89436E-08  9.99912E-09  7.90992E-17  6.29196E-17
  9.000E-04  6.16850E-11  1.89436E-08  9.99912E-09  8.13591E-17  6.47173E-17
  9.250E-04  6.51595E-11  1.89436E-08  9.99912E-09  8.36191E-17  6.65150E-17
  9.500E-04  6.87293E-11  1.89436E-08  9.99912E-09  8.58791E-17  6.83127E-17
  9.750E-04  7.23943E-11  1.89436E-08  9.99912E-09  8.81391E-17  7.01104E-17
  1.000E-03  7.61544E-11  1.89436E-08  9.99912E-09  9.03990E-17  7.19081E-17
  1.250E-03  1.18991E-10  1.89436E-08  9.99912E-09  1.12999E-16  8.98851E-17
  1.500E-03  1.71347E-10  1.89436E-08  9.99912E-09  1.35599E-16  1.07862E-16
  1.750E-03  2.33223E-10  1.89436E-08  9.99912E-09  1.58198E-16  1.25839E-16
  2.000E-03  3.04617E-10  1.89436E-08  9.99912E-09  1.80798E-16  1.43816E-16
  2.250E-03  3.85531E-10  1.89436E-08  9.99912E-09  2.03398E-16  1.61793E-16
  2.500E-03  4.75965E-10  1.89436E-08  9.99912E-09  2.25998E-16  1.79770E-16
  2.750E-03  5.75917E-10  1.89436E-08  9.99912E-09  2.48597E-16  1.97747E-16
  3.000E-03  6.85389E-10  1.89436E-08  9.99912E-09  2.71197E-16  2.15724E-16
  3.250E-03  8.04380E-10  1.89436E-08  9.99912E-09  2.93797E-16  2.33701E-16
  3.500E-03  9.32891E-10  1.89436E-08  9.99912E-09  3.16397E-16  2.51678E-16
  3.750E-03  1.07092E-09  1.89436E-08  9.99912E-09  3.38996E-16  2.69655E-16
  4.000E-03  1.21847E-09  1.89436E-08  9.99912E-09  3.61596E-16  2.87632E-16
  4.250E-03  1.37554E-09  1.89436E-08  9.99912E-09  3.84196E-16  3.05609E-16
  4.500E-03  1.54213E-09  1.89436E-08  9.99912E-09  4.06796E-16  3.23586E-16
  4.750E-03  1.71823E-09  1.89436E-08  9.99912E-09  4.29395E-16  3.41563E-16
  5.000E-03  1.90386E-09  1.89436E-08  9.99912E-09  4.51995E-16  3.59540E-16
  5.250E-03  2.09900E-09  1.89436E-08  9.99912E-09  4.74595E-16  3.77517E-16
  5.500E-03  2.30367E-09  1.89436E-08  9.99912E-09  4.97195E-16  3.95494E-16
  5.750E-03  2.51785E-09  1.89436E-08  9.99912E-09  5.19794E-16  4.13471E-16
  6.000E-03  2.74156E-09  1.89436E-08  9.99912E-09  5.42394E-16  4.31448E-16
  6.250E-03  2.97478E-09  1.89436E-08  9.99912E-09  5.64994E-16  4.49425E-16
  6.500E-03  3.21752E-09  1.89436E-08  9.99912E-09  5.87594E-16  4.67402E-16
  6.750E-03  3.46978E-09  1.89436E-08  9.99912E-09  6.10193E-16  4.85380E-16
  7.000E-03  3.73156E-09  1.89436E-08  9.99912E-09  6.32793E-16  5.03357E-16
  7.250E-03  4.00286E-09  1.89436E-08  9.99912E-09  6.55393E-16  5.21334E-16
  7.500E-03  4.28368E-09  1.89436E-08  9.99912E-09  6.77993E-16  5.39311E-16
  7.750E-03  4.57402E-09  1.89436E-08  9.99912E-09  7.00592E-16  5.57288E-16
  8.000E-03  4.87388E-09  1.89436E-08  9.99912E-09  7.23192E-16  5.75265E-16
  8.250E-03  5.18326E-09  1.89436E-08  9.99912E-09  7.45792E-16  5.93242E-16
  8.500E-03  5.50215E-09  1.89436E-08  9.99912E-09  7.68392E-16  6.11219E-16
  8.750E-03  5.83057E-09  1.89436E-08  9.99912E-09  7.90991E-16  6.29196E-16
  9.000E-03  6.16850E-09  1.89436E-08  9.99912E-09  8.13591E-16  6.47173E-16
  9.250E-03  6.51596E-09  1.89436E-08  9.99912E-09  8.36191E-16  6.65150E-16
  9.500E-03  6.87293E-09  1.89436E-08  9.99912E-09  8.58791E-16  6.83127E-16
  9.750E-03  7.23942E-09  1.89436E-08  9.99912E-09  8.81390E-16  7.01104E-16
  1.000E-02  7.61544E-09  1.89436E-08  9.99912E-09  9.03990E-16  7.19081E-16
  1.250E-02  1.18991E-08  1.89436E-08  9.99911E-09  1.12999E-15  8.98851E-16
  1.500E-02  1.71347E-08  1.89436E-08  9.99911E-09  1.35598E-15  1.07862E-15
  1.750E-02  2.33223E-08  1.89436E-08  9.99911E-09  1.58198E-15  1.25839E-15
  2.000E-02  3.04617E-08  1.89436E-08  9.99911E-09  1.80798E-15  1.43816E-15
  2.250E-02  3.85531E-08  1.89436E-08  9.99911E-09  2.03397E-15  1.61793E-15
  2.500E-02  4.75965E-08  1.89436E-08  9.99911E-09  2.25997E-15  1.79770E-15
  2.750E-02  5.75917E-08  1.89436E-08  9.99911E-09  2.48597E-15  1.97747E-15
  3.000E-02  6.85389E-08  1.89436E-08  9.99911E-09  2.71196E-15  2.15724E-15
  3.250E-02  8.04380E-08  1.89436E-08  9.99911E-09  2.93796E-15  2.33701E-15
  3.500E-02  9.32891E-08  1.89436E-08  9.99911E-09  3.16395E-15  2.51678E-15
  3.750E-02  1.07092E-07  1.89435E-08  9.99911E-09  3.38995E-15  2.69655E-15
  4.000E-02  1.21847E-07  1.89435E-08  9.99910E-09  3.61594E-15  2.87632E-15
  4.250E-02  1.37554E-07  1.89435E-08  9.99910E-09  3.84193E-15  3.05609E-15
  4.500E-02  1.54213E-07  1.89435E-08  9.99910E-09  4.06793E-15  3.23586E-15
  4.750E-02  1.71823E-07  1.89435E-08  9.99910E-09  4.29392E-15  3.41563E-15
  5.000E-02  1.90386E-07  1.89435E-08  9.99910E-09  4.51991E-15  3.59540E-15
  5.250E-02  2.09900E-07  1.89435E-08  9.99909E-09  4.74590E-15  3.77517E-15
  5.500E-02  2.30367E-07  1.89434E-08  9.99909E-09  4.97189E-15  3.95494E-15
  5.750E-02  2.51785E-07  1.89434E-08  9.99909E-09  5.19788E-15  4.13471E-15
  6.000E-02  2.74156E-07  1.89434E-08  9.99909E-09  5.42387E-15  4.31448E-15
  6.250E-02  2.97478E-07  1.89434E-08  9.99909E-09  5.64986E-15  4.49424E-15
  6.500E-02  3.21752E-07  1.89434E-08  9.99908E-09  5.87585E-15  4.67401E-15
  6.750E-02  3.46978E-07  1.89433E-08  9.99908E-09  6.10183E-15  4.85378E-15
  7.000E-02  3.73156E-07  1.89433E-08  9.99908E-09  6.32782E-15  5.03355E-15
  7.250E-02  4.00286E-07  1.89433E-08  9.99908E-09  6.55380E-15  5.21332E-15
  7.500E-02  4.28368E-07  1.89433E-08  9.99907E-09  6.77979E-15  5.39309E-15
  7.750E-02  4.57402E-07  1.89433E-08  9.99907E-09  7.00577E-15  5.57286E-15
  8.000E-02  4.87388E-07  1.89432E-08  9.99907E-09  7.23175E-15  5.75262E-15
  8.250E-02  5.18325E-07  1.89432E-08  9.99906E-09  7.45774E-15  5.93239E-15
  8.500E-02  5.50215E-07  1.89432E-08  9.99906E-09  7.68372E-15  6.11216E-15
  8.750E-02  5.83057E-07  1.89431E-08  9.99906E-09  7.90970E-15  6.29193E-15
  9.000E-02  6.16850E-07  1.89431E-08  9.99905E-09  8.13567E-15  6.47170E-15
  9.250E-02  6.51596E-07  1.89431E-08  9.99905E-09  8.36165E-15  6.65146E-15
  9.500E-02  6.87293E-07  1.89431E-08  9.99905E-09  8.58763E-15  6.83123E-15
  9.750E-02  7.23942E-07  1.89430E-08  9.99904E-09  8.81360E-15  7.01100E-15
  1.000E-01  7.61543E-07  1.89430E-08  9.99904E-09  9.03957E-15  7.19076E-15
  1.250E-01  1.18991E-06  1.89426E-08  9.99899E-09  1.12992E-14  8.98843E-15
  1.500E-01  1.71347E-06  1.89422E-08  9.99894E-09  1.35587E-14  1.07861E-14
  1.750E-01  2.33223E-06  1.89417E-08  9.99888E-09  1.58181E-14  1.25837E-14
  2.000E-01  3.04617E-06  1.89411E-08  9.99880E-09  1.80772E-14  1.43813E-14
  2.250E-01  3.85531E-06  1.89404E-08  9.99872E-09  2.03360E-14  1.61788E-14
  2.500E-01  4.75964E-06  1.89396E-08  9.99863E-09  2.25946E-14  1.79763E-14
  2.750E-01  5.75916E-06  1.89388E-08  9.99853E-09  2.48529E-14  1.97738E-14
  3.000E-01  6.85388E-06  1.89379E-08  9.99842E-09  2.71108E-14  2.15713E-14
  3.250E-01  8.04378E-06  1.89368E-08  9.99829E-09  2.93684E-14  2.33687E-14
  3.500E-01  9.32888E-06  1.89358E-08  9.99816E-09  3.16255E-14  2.51660E-14
  3.750E-01  1.07092E-05  1.89346E-08  9.99802E-09  3.38823E-14  2.69633E-14
  4.000E-01  1.21846E-05  1.89334E-08  9.99787E-09  3.61385E-14  2.87605E-14
  4.250E-01  1.37553E-05  1.89320E-08  9.99771E-09  3.83943E-14  3.05576E-14
  4.500E-01  1.54212E-05  1.89306E-08  9.99754E-09  4.06495E-14  3.23547E-14
  4.750E-01  1.71822E-05  1.89291E-08  9.99736E-09  4.29042E-14  3.41517E-14
  5.000E-01  1.90385E-05  1.89276E-08  9.99717E-09  4.51583E-14  3.59487E-14
  5.250E-01  2.09899E-05  1.89259E-08  9.99697E-09  4.74118E-14  3.77455E-14
  5.500E-01  2.30365E-05  1.89242E-08  9.99676E-09  4.96647E-14  3.95423E-14
  5.750E-01  2.51783E-05  1.89224E-08  9.99654E-09  5.19168E-14  4.13390E-14
  6.000E-01  2.74153E-05  1.89205E-08  9.99632E-09  5.41683E-14  4.31356E-14
  6.250E-01  2.97475E-05  1.89185E-08  9.99608E-09  5.64190E-14  4.49321E-14
  6.500E-01  3.21749E-05  1.89165E-08  9.99583E-09  5.86689E-14  4.67285E-14
  6.750E-01  3.46974E-05  1.89144E-08  9.99557E-09  6.09181E-14  4.85247E-14
  7.000E-01  3.73152E-05  1.89122E-08  9.99530E-09  6.31664E-14  5.03209E-14
  7.250E-01  4.00281E-05  1.89099E-08  9.99503E-09  6.54138E-14  5.21170E-14
  7.500E-01  4.28362E-05  1.89075E-08  9.99474E-09  6.76604E-14  5.39129E-14
  7.750E-01  4.57395E-05  1.89051E-08  9.99444E-09  6.99060E-14  5.57088E-14
  8.000E-01  4.87380E-05  1.89025E-08  9.99414E-09  7.21507E-14  5.75045E-14
  8.250E-01  5.18317E-05  1.88999E-08  9.99382E-09  7.43944E-14  5.93001E-14
  8.500E-01  5.50205E-05  1.88973E-08  9.99350E-09  7.66370E-14  6.10955E-14
  8.750E-01  5.83045E-05  1.88945E-08  9.99316E-09  7.88787E-14  6.28908E-14
  9.000E-01  6.16838E-05  1.88916E-08  9.99282E-09  8.11192E-14  6.46860E-14
  9.250E-01  6.51582E-05  1.88887E-08  9.99246E-09  8.33587E-14  6.64810E-14
  9.500E-01  6.87277E-05  1.88857E-08  9.99210E-09  8.55970E-14  6.82759E-14
  9.750E-01  7.23925E-05  1.88826E-08  9.99172E-09  8.78341E-14  7.00706E-14
  1.000E+00  7.61524E-05  1.88795E-08  9.99134E-09  9.00701E-14  7.18651E-14
  1.100E+00  9.21439E-05  1.88660E-08  9.98971E-09  9.90013E-14  7.90417E-14
  1.200E+00  1.09658E-04  1.88513E-08  9.98792E-09  1.07911E-13  8.62155E-14
  1.300E+00  1.28695E-04  1.88354E-08  9.98598E-09  1.16797E-13  9.33862E-14
  1.400E+00  1.49255E-04  1.88182E-08  9.98388E-09  1.25658E-13  1.00554E-13
  1.500E+00  1.71338E-04  1.87997E-08  9.98163E-09  1.34492E-13  1.07717E-13
  1.600E+00  1.94942E-04  1.87800E-08  9.97922E-09  1.43296E-13  1.14877E-13
  1.700E+00  2.20070E-04  1.87590E-08  9.97666E-09  1.52069E-13  1.22033E-13
  1.800E+00  2.46720E-04  1.87368E-08  9.97395E-09  1.60810E-13  1.29184E-13
  1.900E+00  2.74892E-04  1.87134E-08  9.97108E-09  1.69515E-13  1.36331E-13
  2.000E+00  3.04586E-04  1.86888E-08  9.96806E-09  1.78184E-13  1.43473E-13
  2.100E+00  3.35803E-04  1.86629E-08  9.96488E-09  1.86815E-13  1.50610E-13
  2.200E+00  3.68542E-04  1.86359E-08  9.96155E-09  1.95406E-13  1.57742E-13
  2.300E+00  4.02802E-04  1.86076E-08  9.95807E-09  2.03954E-13  1.64867E-13
  2.400E+00  4.38585E-04  1.85781E-08  9.95443E-09  2.12459E-13  1.71987E-13
  2.500E+00  4.75889E-04  1.85475E-08  9.95065E-09  2.20919E-13  1.79101E-13
  2.600E+00  5.14715E-04  1.85156E-08  9.94670E-09  2.29331E-13  1.86209E-13
  2.700E+00  5.55063E-04  1.84826E-08  9.94261E-09  2.37695E-13  1.93309E-13
  2.800E+00  5.96931E-04  1.84485E-08  9.93837E-09  2.46008E-13  2.00403E-13
  2.900E+00  6.40321E-04  1.84132E-08  9.93397E-09  2.54269E-13  2.07490E-13
  3.000E+00  6.85233E-04  1.83767E-08  9.92942E-09  2.62476E-13  2.14570E-13
  3.100E+00  7.31665E-04  1.83391E-08  9.92472E-09  2.70627E-13  2.21642E-13
  3.200E+00  7.79618E-04  1.83004E-08  9.91987E-09  2.78722E-13  2.28706E-13
  3.300E+00  8.29092E-04  1.82606E-08  9.91487E-09  2.86758E-13  2.35761E-13
  3.400E+00  8.80086E-04  1.82197E-08  9.90972E-09  2.94734E-13  2.42809E-13
  3.500E+00  9.32601E-04  1.81777E-08  9.90441E-09  3.02648E-13  2.49848E-13
  3.600E+00  9.86636E-04  1.81346E-08  9.89896E-09  3.10499E-13  2.56878E-13
  3.700E+00  1.04219E-03  1.80904E-08  9.89336E-09  3.18286E-13  2.63899E-13
  3.800E+00  1.09927E-03  1.80452E-08  9.88761E-09  3.26007E-13  2.70911E-13
  3.900E+00  1.15786E-03  1.79989E-08  9.88172E-09  3.33660E-13  2.77913E-13
  4.000E+00  1.21797E-03  1.79516E-08  9.87567E-09  3.41244E-13  2.84905E-13
  4.100E+00  1.27961E-03  1.79033E-08  9.86947E-09  3.48759E-13  2.91887E-13
  4.200E+00  1.34276E-03  1.78540E-08  9.86313E-09  3.56202E-13  2.98859E-13
  4.300E+00  1.40743E-03  1.78036E-08  9.85664E-09  3.63572E-13  3.05821E-13
  4.400E+00  1.47362E-03  1.77523E-08  9.85001E-09  3.70868E-13  3.12772E-13
  4.500E+00  1.54133E-03  1.77000E-08  9.84323E-09  3.78089E-13  3.19711E-13
  4.600E+00  1.61056E-03  1.76467E-08  9.83630E-09  3.85234E-13  3.26640E-13
  4.700E+00  1.68131E-03  1.75925E-08  9.82923E-09  3.92301E-13  3.33557E-13
  4.800E+00  1.75357E-03  1.75374E-08  9.82201E-09  3.99289E-13  3.40463E-13
  4.900E+00  1.82735E-03  1.74813E-08  9.81465E-09  4.06198E-13  3.47356E-13
  5.000E+00  1.90265E-03  1.74243E-08  9.80714E-09  4.13025E-13  3.54237E-13
  5.100E+00  1.97947E-03  1.73664E-08  9.79949E-09  4.19771E-13  3.61107E-13
  5.200E+00  2.05780E-03  1.73077E-08  9.79170E-09  4.26433E-13  3.67963E-13
  5.300E+00  2.13765E-03  1.72481E-08  9.78376E-09  4.33012E-13  3.74807E-13
  5.400E+00  2.21902E-03  1.71876E-08  9.77569E-09  4.39506E-13  3.81637E-13
  5.500E+00  2.30190E-03  1.71263E-08  9.76747E-09  4.45913E-13  3.88455E-13
  5.600E+00  2.38630E-03  1.70641E-08  9.75911E-09  4.52234E-13  3.95258E-13
  5.700E+00  2.47222E-03  1.70012E-08  9.75060E-09  4.58467E-13  4.02049E-13
  5.800E+00  2.55965E-03  1.69375E-08  9.74196E-09  4.64612E-13  4.08825E-13
  5.900E+00  2.64859E-03  1.68729E-08  9.73318E-09  4.70668E-13  4.15587E-13
  6.000E+00  2.73905E-03  1.68076E-08  9.72426E-09  4.76633E-13  4.22335E-13
  6.100E+00  2.83103E-03  1.67416E-08  9.71520E-09  4.82508E-13  4.29068E-13
  6.200E+00  2.92452E-03  1.66748E-08  9.70601E-09  4.88291E-13  4.35786E-13
  6.300E+00  3.01952E-03  1.66073E-08  9.69667E-09  4.93982E-13  4.42489E-13
  6.400E+00  3.11604E-03  1.65390E-08  9.68720E-09  4.99580E-13  4.49178E-13
  6.500E+00  3.21407E-03  1.64701E-08  9.67759E-09  5.05085E-13  4.55850E-13
  6.600E+00  3.31362E-03  1.64005E-08  9.66785E-09  5.10495E-13  4.62508E-13
  6.700E+00  3.41468E-03  1.63302E-08  9.65797E-09  5.15811E-13  4.69149E-13
  6.800E+00  3.51725E-03  1.62593E-08  9.64796E-09  5.21032E-13  4.75774E-13
  6.900E+00  3.62133E-03  1.61877E-08  9.63781E-09  5.26158E-13  4.82383E-13
  7.000E+00  3.72692E-03  1.61156E-08  9.62753E-09  5.31187E-13  4.88976E-13
  7.100E+00  3.83403E-03  1.60428E-08  9.61712E-09  5.36120E-13  4.95552E-13
  7.200E+00  3.94265E-03  1.59694E-08  9.60658E-09  5.40955E-13  5.02111E-13
  7.300E+00  4.05278E-03  1.58954E-08  9.59590E-09  5.45694E-13  5.08653E-13
  7.400E+00  4.16442E-03  1.58209E-08  9.58509E-09  5.50335E-13  5.15178E-13
  7.500E+00  4.27757E-03  1.57458E-08  9.57416E-09  5.54878E-13  5.21685E-13
  7.600E+00  4.39223E-03  1.56702E-08  9.56309E-09  5.59323E-13  5.28175E-13
  7.700E+00  4.50840E-03  1.55941E-08  9.55189E-09  5.63669E-13  5.34647E-13
  7.800E+00  4.62608E-03  1.55175E-08  9.54057E-09  5.67916E-13  5.41101E-13
  7.900E+00  4.74527E-03  1.54404E-08  9.52912E-09  5.72065E-13  5.47537E-13
  8.000E+00  4.86597E-03  1.53628E-08  9.51754E-09  5.76114E-13  5.53954E-13
  8.100E+00  4.98817E-03  1.52847E-08  9.50584E-09  5.80064E-13  5.60353E-13
  8.200E+00  5.11188E-03  1.52062E-08  9.49401E-09  5.83915E-13  5.66733E-13
  8.300E+00  5.23711E-03  1.51273E-08  9.48205E-09  5.87666E-13  5.73095E-13
  8.400E+00  5.36383E-03  1.50479E-08  9.46997E-09  5.91318E-13  5.79437E-13
  8.500E+00  5.49207E-03  1.49681E-08  9.45777E-09  5.94870E-13  5.85760E-13
  8.600E+00  5.62181E-03  1.48880E-08  9.44544E-09  5.98323E-13  5.92063E-13
  8.700E+00  5.75306E-03  1.48075E-08  9.43299E-09  6.01676E-13  5.98347E-13
  8.800E+00  5.88581E-03  1.47266E-08  9.42043E-09  6.04929E-13  6.04611E-13
  8.900E+00  6.02007E-03  1.46453E-08  9.40774E-09  6.08083E-13  6.10855E-13
  9.000E+00  6.15583E-03  1.45637E-08  9.39493E-09  6.11137E-13  6.17079E-13
  9.100E+00  6.29310E-03  1.44818E-08  9.38200E-09  6.14092E-13  6.23282E-13
  9.200E+00  6.43187E-03  1.43996E-08  9.36895E-09  6.16948E-13  6.29465E-13
  9.300E+00  6.57214E-03  1.43171E-08  9.35578E-09  6.19705E-13  6.35628E-13
  9.400E+00  6.71392E-03  1.42344E-08  9.34250E-09  6.22363E-13  6.41769E-13
  9.500E+00  6.85720E-03  1.41513E-08  9.32910E-09  6.24922E-13  6.47890E-13
  9.600E+00  7.00198E-03  1.40680E-08  9.31559E-09  6.27383E-13  6.53989E-13
  9.700E+00  7.14827E-03  1.39845E-08  9.30196E-09  6.29745E-13  6.60068E-13
  9.800E+00  7.29605E-03  1.39007E-08  9.28822E-09  6.32009E-13  6.66124E-13
  9.900E+00  7.44534E-03  1.38167E-08  9.27436E-09  6.34176E-13  6.72160E-13
  1.000E+01  7.59612E-03  1.37325E-08  9.26039E-09  6.36245E-13  6.78173E-13
  1.025E+01  7.97965E-03  1.35212E-08  9.22499E-09  6.40994E-13  6.93111E-13
  1.050E+01  8.37255E-03  1.33088E-08  9.18889E-09  6.45141E-13  7.07909E-13
  1.075E+01  8.77480E-03  1.30957E-08  9.15213E-09  6.48693E-13  7.22567E-13
  1.100E+01  9.18641E-03  1.28819E-08  9.11470E-09  6.51656E-13  7.37080E-13
  1.125E+01  9.60736E-03  1.26677E-08  9.07662E-09  6.54038E-13  7.51449E-13
  1.150E+01  1.00376E-02  1.24531E-08  9.03791E-09  6.55845E-13  7.65670E-13
  1.175E+01  1.04773E-02  1.22384E-08  8.99858E-09  6.57088E-13  7.79741E-13
  1.200E+01  1.09262E-02  1.20238E-08  8.95863E-09  6.57775E-13  7.93661E-13
  1.225E+01  1.13844E-02  1.18093E-08  8.91809E-09  6.57914E-13  8.07428E-13
  1.250E+01  1.18520E-02  1.15951E-08  8.87697E-09  6.57517E-13  8.21040E-13
  1.275E+01  1.23288E-02  1.13814E-08  8.83527E-09  6.56592E-13  8.34496E-13
  1.300E+01  1.28150E-02  1.11682E-08  8.79302E-09  6.55151E-13  8.47794E-13
  1.325E+01  1.33104E-02  1.09558E-08  8.75023E-09  6.53204E-13  8.60933E-13
  1.350E+01  1.38150E-02  1.07443E-08  8.70690E-09  6.50761E-13  8.73910E-13
  1.375E+01  1.43290E-02  1.05337E-08  8.66305E-09  6.47835E-13  8.86726E-13
  1.400E+01  1.48521E-02  1.03241E-08  8.61871E-09  6.44437E-13  8.99378E-13
  1.425E+01  1.53845E-02  1.01158E-08  8.57387E-09  6.40577E-13  9.11866E-13
  1.450E+01  1.59262E-02  9.90866E-09  8.52855E-09  6.36269E-13  9.24187E-13
  1.475E+01  1.64770E-02  9.70293E-09  8.48278E-09  6.31522E-13  9.36342E-13
  1.500E+01  1.70371E-02  9.49865E-09  8.43655E-09  6.26351E-13  9.48329E-13
  1.525E+01  1.76063E-02  9.29591E-09  8.38988E-09  6.20765E-13  9.60148E-13
  1.550E+01  1.81848E-02  9.09479E-09  8.34280E-09  6.14778E-13  9.71797E-13
  1.575E+01  1.87724E-02  8.89535E-09  8.29530E-09  6.08400E-13  9.83276E-13
  1.600E+01  1.93692E-02  8.69767E-09  8.24741E-09  6.01645E-13  9.94584E-13
  1.625E+01  1.99751E-02  8.50181E-09  8.19913E-09  5.94524E-13  1.00572E-12
  1.650E+01  2.05901E-02  8.30782E-09  8.15049E-09  5.87048E-13  1.01668E-12
  1.675E+01  2.12143E-02  8.11578E-09  8.10148E-09  5.79230E-13  1.02748E-12
  1.700E+01  2.18476E-02  7.92571E-09  8.05214E-09  5.71081E-13  1.03809E-12
  1.725E+01  2.24900E-02  7.73767E-09  8.00246E-09  5.62612E-13  1.04854E-12
  1.750E+01  2.31415E-02  7.55171E-09  7.95247E-09  5.53836E-13  1.05881E-12
  1.775E+01  2.38021E-02  7.36786E-09  7.90218E-09  5.44763E-13  1.06891E-12
  1.800E+01  2.44717E-02  7.18615E-09  7.85159E-09  5.35405E-13  1.07883E-12
  1.825E+01  2.51504E-02  7.00661E-09  7.80073E-09  5.25773E-13  1.08858E-12
  1.850E+01  2.58382E-02  6.82928E-09  7.74960E-09  5.15878E-13  1.09815E-12
  1.875E+01  2.65349E-02  6.65418E-09  7.69822E-09  5.05730E-13  1.10755E-12
  1.900E+01  2.72407E-02  6.48133E-09  7.64659E-09  4.95340E-13  1.11678E-12
  1.925E+01  2.79555E-02  6.31074E-09  7.59474E-09  4.84718E-13  1.12583E-12
  1.950E+01  2.86793E-02  6.14244E-09  7.54268E-09  4.73875E-13  1.13471E-12
  1.975E+01  2.94120E-02  5.97643E-09  7.49041E-09  4.62821E-13  1.14341E-12
  2.000E+01  3.01537E-02  5.81273E-09  7.43795E-09  4.51565E-13  1.15194E-12
  2.025E+01  3.09043E-02  5.65135E-09  7.38531E-09  4.40118E-13  1.16030E-12
  2.050E+01  3.16639E-02  5.49228E-09  7.33251E-09  4.28487E-13  1.16849E-12
  2.075E+01  3.24324E-02  5.33554E-09  7.27954E-09  4.16684E-13  1.17650E-12
  2.100E+01  3.32098E-02  5.18112E-09  7.22644E-09  4.04717E-13  1.18434E-12
  2.125E+01  3.39961E-02  5.02902E-09  7.17320E-09  3.92594E-13  1.19201E-12
  2.150E+01  3.47912E-02  4.87924E-09  7.11984E-09  3.80325E-13  1.19951E-12
  2.175E+01  3.55952E-02  4.73178E-09  7.06637E-09  3.67917E-13  1.20684E-12
  2.200E+01  3.64081E-02  4.58662E-09  7.01280E-09  3.55380E-13  1.21400E-12
  2.225E+01  3.72297E-02  4.44377E-09  6.95915E-09  3.42720E-13  1.22099E-12
  2.250E+01  3.80602E-02  4.30321E-09  6.90541E-09  3.29947E-13  1.22781E-12
  2.275E+01  3.88995E-02  4.16493E-09  6.85161E-09  3.17067E-13  1.23446E-12
  2.300E+01  3.97476E-02  4.02892E-09  6.79775E-09  3.04088E-13  1.24095E-12
  2.325E+01  4.06044E-02  3.89517E-09  6.74385E-09  2.91017E-13  1.24728E-12
  2.350E+01  4.14700E-02  3.76365E-09  6.68991E-09  2.77861E-13  1.25343E-12
  2.375E+01  4.23443E-02  3.63437E-09  6.63594E-09  2.64627E-13  1.25943E-12
  2.400E+01  4.32273E-02  3.50730E-09  6.58196E-09  2.51322E-13  1.26526E-12
  2.425E+01  4.41190E-02  3.38241E-09  6.52797E-09  2.37952E-13  1.27093E-12
  2.450E+01  4.50194E-02  3.25971E-09  6.47398E-09  2.24524E-13  1.27644E-12
  2.475E+01  4.59284E-02  3.13916E-09  6.42000E-09  2.11043E-13  1.28179E-12
  2.500E+01  4.68461E-02  3.02074E-09  6.36604E-09  1.97515E-13  1.28698E-12
  2.550E+01  4.87074E-02  2.79024E-09  6.25823E-09  1.70342E-13  1.29689E-12
  2.600E+01  5.06030E-02  2.56804E-09  6.15060E-09  1.43049E-13  1.30619E-12
  2.650E+01  5.25328E-02  2.35395E-09  6.04323E-09  1.15677E-13  1.31487E-12
  2.700E+01  5.44967E-02  2.14781E-09  5.93617E-09  8.82633E-14  1.32295E-12
  2.750E+01  5.64946E-02  1.94941E-09  5.82950E-09  6.08448E-14  1.33044E-12
  2.800E+01  5.85262E-02  1.75856E-09  5.72326E-09  3.34547E-14  1.33735E-12
  2.850E+01  6.05914E-02  1.57508E-09  5.61751E-09  6.12396E-15  1.34369E-12
  2.900E+01  6.26901E-02  1.39877E-09  5.51231E-09 -2.11183E-14  1.34947E-12
  2.950E+01  6.48222E-02  1.22942E-09  5.40771E-09 -4.82452E-14  1.35471E-12
  3.000E+01  6.69873E-02  1.06685E-09  5.30376E-09 -7.52318E-14  1.35941E-12
  3.050E+01  6.91854E-02  9.10861E-10  5.20050E-09 -1.02055E-13  1.36359E-12
  3.100E+01  7.14163E-02  7.61250E-10  5.09797E-09 -1.28694E-13  1.36726E-12
  3.150E+01  7.36799E-02  6.17828E-10  4.99621E-09 -1.55128E-13  1.37043E-12
  3.200E+01  7.59760E-02  4.80404E-10  4.89527E-09 -1.81340E-13  1.37311E-12
  3.250E+01  7.83043E-02  3.48791E-10  4.79518E-09 -2.07312E-13  1.37531E-12
  3.300E+01  8.06647E-02  2.22802E-10  4.69597E-09 -2.33031E-13  1.37705E-12
  3.350E+01  8.30571E-02  1.02256E-10  4.59767E-09 -2.58482E-13  1.37834E-12
  3.400E+01  8.54812E-02 -1.30268E-11  4.50032E-09 -2.83652E-13  1.37919E-12
  3.450E+01  8.79369E-02 -1.23220E-10  4.40393E-09 -3.08530E-13  1.37962E-12
  3.500E+01  9.04240E-02 -2.28496E-10  4.30854E-09 -3.33106E-13  1.37963E-12
  3.550E+01  9.29422E-02 -3.29021E-10  4.21417E-09 -3.57370E-13  1.37923E-12
  3.600E+01  9.54915E-02 -4.24960E-10  4.12083E-09 -3.81314E-13  1.37844E-12
  3.650E+01  9.80716E-02 -5.16470E-10  4.02855E-09 -4.04931E-13  1.37727E-12
  3.700E+01  1.00682E-01 -6.03708E-10  3.93735E-09 -4.28214E-13  1.37574E-12
  3.750E+01  1.03323E-01 -6.86824E-10  3.84723E-09 -4.51157E-13  1.37384E-12
  3.800E+01  1.05995E-01 -7.65965E-10  3.75822E-09 -4.73756E-13  1.37160E-12
  3.850E+01  1.08696E-01 -8.41275E-10  3.67032E-09 -4.96005E-13  1.36903E-12
  3.900E+01  1.11427E-01 -9.12890E-10  3.58356E-09 -5.17902E-13  1.36613E-12
  3.950E+01  1.14188E-01 -9.80947E-10  3.49792E-09 -5.39443E-13  1.36292E-12
  4.000E+01  1.16978E-01 -1.04558E-09  3.41343E-09 -5.60626E-13  1.35940E-12
  4.050E+01  1.19797E-01 -1.10690E-09  3.33010E-09 -5.81449E-13  1.35560E-12
  4.100E+01  1.22645E-01 -1.16505E-09  3.24791E-09 -6.01910E-13  1.35152E-12
  4.150E+01  1.25522E-01 -1.22014E-09  3.16689E-09 -6.22008E-13  1.34716E-12
  4.200E+01  1.28428E-01 -1.27228E-09  3.08702E-09 -6.41743E-13  1.34254E-12
  4.250E+01  1.31361E-01 -1.32159E-09  3.00832E-09 -6.61114E-13  1.33768E-12
  4.300E+01  1.34323E-01 -1.36817E-09  2.93079E-09 -6.80122E-13  1.33257E-12
  4.350E+01  1.37313E-01 -1.41213E-09  2.85442E-09 -6.98767E-13  1.32723E-12
  4.400E+01  1.40330E-01 -1.45356E-09  2.77920E-09 -7.17050E-13  1.32166E-12
  4.450E+01  1.43375E-01 -1.49258E-09  2.70515E-09 -7.34973E-13  1.31589E-12
  4.500E+01  1.46447E-01 -1.52926E-09  2.63226E-09 -7.52535E-13  1.30991E-12
  4.550E+01  1.49545E-01 -1.56370E-09  2.56051E-09 -7.69740E-13  1.30373E-12
  4.600E+01  1.52671E-01 -1.59599E-09  2.48991E-09 -7.86589E-13  1.29737E-12
  4.650E+01  1.55823E-01 -1.62622E-09  2.42046E-09 -8.03083E-13  1.29083E-12
  4.700E+01  1.59001E-01 -1.65446E-09  2.35214E-09 -8.19226E-13  1.28411E-12
  4.750E+01  1.62205E-01 -1.68080E-09  2.28494E-09 -8.35019E-13  1.27724E-12
  4.800E+01  1.65435E-01 -1.70530E-09  2.21887E-09 -8.50466E-13  1.27020E-12
  4.850E+01  1.68690E-01 -1.72805E-09  2.15391E-09 -8.65568E-13  1.26302E-12
  4.900E+01  1.71970E-01 -1.74911E-09  2.09006E-09 -8.80330E-13  1.25570E-12
  4.950E+01  1.75276E-01 -1.76856E-09  2.02730E-09 -8.94753E-13  1.24825E-12
  5.000E+01  1.78606E-01 -1.78646E-09  1.96562E-09 -9.08841E-13  1.24067E-12
  5.050E+01  1.81961E-01 -1.80287E-09  1.90502E-09 -9.22597E-13  1.23297E-12
  5.100E+01  1.85340E-01 -1.81785E-09  1.84548E-09 -9.36024E-13  1.22516E-12
  5.150E+01  1.88743E-01 -1.83147E-09  1.78700E-09 -9.49127E-13  1.21724E-12
  5.200E+01  1.92169E-01 -1.84377E-09  1.72957E-09 -9.61907E-13  1.20922E-12
  5.250E+01  1.95619E-01 -1.85483E-09  1.67316E-09 -9.74369E-13  1.20110E-12
  5.300E+01  1.99092E-01 -1.86468E-09  1.61778E-09 -9.86516E-13  1.19289E-12
  5.350E+01  2.02589E-01 -1.87338E-09  1.56340E-09 -9.98352E-13  1.18461E-12
  5.400E+01  2.06107E-01 -1.88097E-09  1.51002E-09 -1.00988E-12  1.17624E-12
  5.450E+01  2.09649E-01 -1.88752E-09  1.45763E-09 -1.02110E-12  1.16780E-12
  5.500E+01  2.13212E-01 -1.89305E-09  1.40620E-09 -1.03203E-12  1.15930E-12
  5.550E+01  2.16797E-01 -1.89762E-09  1.35574E-09 -1.04265E-12  1.15073E-12
  5.600E+01  2.20404E-01 -1.90127E-09  1.30622E-09 -1.05299E-12  1.14210E-12
  5.650E+01  2.24032E-01 -1.90403E-09  1.25764E-09 -1.06303E-12  1.13342E-12
  5.700E+01  2.27680E-01 -1.90596E-09  1.20998E-09 -1.07279E-12  1.12469E-12
  5.750E+01  2.31350E-01 -1.90707E-09  1.16323E-09 -1.08227E-12  1.11592E-12
  5.800E+01  2.35040E-01 -1.90742E-09  1.11738E-09 -1.09147E-12  1.10711E-12
  5.850E+01  2.38751E-01 -1.90704E-09  1.07240E-09 -1.10040E-12  1.09826E-12
  5.900E+01  2.42481E-01 -1.90595E-09  1.02830E-09 -1.10905E-12  1.08938E-12
  5.950E+01  2.46231E-01 -1.90420E-09  9.85052E-10 -1.11744E-12  1.08048E-12
  6.000E+01  2.50000E-01 -1.90181E-09  9.42649E-10 -1.12556E-12  1.07154E-12
  6.050E+01  2.53788E-01 -1.89882E-09  9.01076E-10 -1.13343E-12  1.06259E-12
  6.100E+01  2.57595E-01 -1.89524E-09  8.60322E-10 -1.14103E-12  1.05362E-12
  6.150E+01  2.61421E-01 -1.89112E-09  8.20372E-10 -1.14839E-12  1.04464E-12
  6.200E+01  2.65264E-01 -1.88647E-09  7.81213E-10 -1.15550E-12  1.03564E-12
  6.250E+01  2.69126E-01 -1.88133E-09  7.42834E-10 -1.16236E-12  1.02664E-12
  6.300E+01  2.73005E-01 -1.87571E-09  7.05221E-10 -1.16898E-12  1.01763E-12
  6.350E+01  2.76901E-01 -1.86965E-09  6.68362E-10 -1.17536E-12  1.00862E-12
  6.400E+01  2.80814E-01 -1.86315E-09  6.32244E-10 -1.18151E-12  9.99608E-13
  6.450E+01  2.84744E-01 -1.85625E-09  5.96854E-10 -1.18743E-12  9.90601E-13
  6.500E+01  2.88691E-01 -1.84897E-09  5.62180E-10 -1.19311E-12  9.81600E-13
  6.550E+01  2.92653E-01 -1.84133E-09  5.28210E-10 -1.19858E-12  9.72608E-13
  6.600E+01  2.96632E-01 -1.83334E-09  4.94931E-10 -1.20382E-12  9.63626E-13
  6.650E+01  3.00625E-01 -1.82503E-09  4.62332E-10 -1.20884E-12  9.54657E-13
  6.700E+01  3.04634E-01 -1.81641E-09  4.30400E-10 -1.21365E-12  9.45703E-13
  6.750E+01  3.08658E-01 -1.80750E-09  3.99123E-10 -1.21825E-12  9.36766E-13
  6.800E+01  3.12697E-01 -1.79832E-09  3.68491E-10 -1.22264E-12  9.27848E-13
  6.850E+01  3.16749E-01 -1.78888E-09  3.38490E-10 -1.22682E-12  9.18951E-13
  6.900E+01  3.20816E-01 -1.77920E-09  3.09111E-10 -1.23081E-12  9.10077E-13
  6.950E+01  3.24896E-01 -1.76929E-09  2.80340E-10 -1.23459E-12  9.01227E-13
  7.000E+01  3.28990E-01 -1.75916E-09  2.52168E-10 -1.23818E-12  8.92404E-13
  7.050E+01  3.33097E-01 -1.74884E-09  2.24584E-10 -1.24157E-12  8.83609E-13
  7.100E+01  3.37216E-01 -1.73833E-09  1.97575E-10 -1.24478E-12  8.74843E-13
  7.150E+01  3.41348E-01 -1.72765E-09  1.71132E-10 -1.24779E-12  8.66107E-13
  7.200E+01  3.45492E-01 -1.71680E-09  1.45243E-10 -1.25063E-12  8.57405E-13
  7.250E+01  3.49647E-01 -1.70581E-09  1.19900E-10 -1.25328E-12  8.48735E-13
  7.300E+01  3.53814E-01 -1.69467E-09  9.50896E-11 -1.25575E-12  8.40101E-13
  7.350E+01  3.57992E-01 -1.68341E-09  7.08035E-11 -1.25804E-12  8.31503E-13
  7.400E+01  3.62181E-01 -1.67202E-09  4.70312E-11 -1.26017E-12  8.22943E-13
  7.450E+01  3.66381E-01 -1.66053E-09  2.37629E-11 -1.26212E-12  8.14420E-13
  7.500E+01  3.70590E-01 -1.64894E-09  9.88685E-13 -1.26390E-12  8.05938E-13
  7.550E+01  3.74810E-01 -1.63725E-09 -2.13009E-11 -1.26552E-12  7.97496E-13
  7.600E+01  3.79039E-01 -1.62548E-09 -4.31153E-11 -1.26698E-12  7.89095E-13
  7.650E+01  3.83277E-01 -1.61364E-09 -6.44638E-11 -1.26827E-12  7.80737E-13
  7.700E+01  3.87524E-01 -1.60173E-09 -8.53555E-11 -1.26941E-12  7.72422E-13
  7.750E+01  3.91780E-01 -1.58976E-09 -1.05800E-10 -1.27039E-12  7.64151E-13
  7.800E+01  3.96044E-01 -1.57774E-09 -1.25805E-10 -1.27121E-12  7.55926E-13
  7.850E+01  4.00316E-01 -1.56568E-09 -1.45380E-10 -1.27189E-12  7.47745E-13
  7.900E+01  4.04596E-01 -1.55357E-09 -1.64533E-10 -1.27242E-12  7.39612E-13
  7.950E+01  4.08882E-01 -1.54144E-09 -1.83273E-10 -1.27280E-12  7.31525E-13
  8.000E+01  4.13176E-01 -1.52928E-09 -2.01608E-10 -1.27304E-12  7.23486E-13
  8.050E+01  4.17476E-01 -1.51709E-09 -2.19546E-10 -1.27313E-12  7.15495E-13
  8.100E+01  4.21783E-01 -1.50490E-09 -2.37095E-10 -1.27309E-12  7.07554E-13
  8.150E+01  4.26095E-01 -1.49269E-09 -2.54263E-10 -1.27291E-12  6.99661E-13
  8.200E+01  4.30413E-01 -1.48048E-09 -2.71057E-10 -1.27259E-12  6.91818E-13
  8.250E+01  4.34737E-01 -1.46826E-09 -2.87486E-10 -1.27214E-12  6.84026E-13
  8.300E+01  4.39065E-01 -1.45606E-09 -3.03557E-10 -1.27155E-12  6.76284E-13
  8.350E+01  4.43398E-01 -1.44386E-09 -3.19276E-10 -1.27084E-12  6.68594E-13
  8.400E+01  4.47736E-01 -1.43167E-09 -3.34651E-10 -1.27000E-12  6.60955E-13
  8.450E+01  4.52077E-01 -1.41950E-09 -3.49690E-10 -1.26903E-12  6.53368E-13
  8.500E+01  4.56422E-01 -1.40735E-09 -3.64398E-10 -1.26794E-12  6.45833E-13
  8.550E+01  4.60770E-01 -1.39523E-09 -3.78783E-10 -1.26673E-12  6.38351E-13
  8.600E+01  4.65122E-01 -1.38314E-09 -3.92852E-10 -1.26540E-12  6.30921E-13
  8.650E+01  4.69476E-01 -1.37107E-09 -4.06610E-10 -1.26395E-12  6.23545E-13
  8.700E+01  4.73832E-01 -1.35904E-09 -4.20065E-10 -1.26238E-12  6.16222E-13
  8.750E+01  4.78190E-01 -1.34705E-09 -4.33222E-10 -1.26070E-12  6.08952E-13
  8.800E+01  4.82550E-01 -1.33510E-09 -4.46088E-10 -1.25890E-12  6.01736E-13
  8.850E+01  4.86912E-01 -1.32319E-09 -4.58668E-10 -1.25699E-12  5.94574E-13
  8.900E+01  4.91274E-01 -1.31132E-09 -4.70969E-10 -1.25498E-12  5.87465E-13
  8.950E+01  4.95637E-01 -1.29950E-09 -4.82997E-10 -1.25285E-12  5.80411E-13
  9.000E+01  5.00000E-01 -1.28774E-09 -4.94757E-10 -1.25062E-12  5.73411E-13
  9.050E+01  5.04363E-01 -1.27602E-09 -5.06254E-10 -1.24828E-12  5.66466E-13
  9.100E+01  5.08726E-01 -1.26436E-09 -5.17494E-10 -1.24584E-12  5.59575E-13
  9.150E+01  5.13088E-01 -1.25276E-09 -5.28483E-10 -1.24330E-12  5.52738E-13
  9.200E+01  5.17450E-01 -1.24121E-09 -5.39226E-10 -1.24065E-12  5.45956E-13
  9.250E+01  5.21810E-01 -1.22972E-09 -5.49728E-10 -1.23791E-12  5.39229E-13
  9.300E+01  5.26168E-01 -1.21830E-09 -5.59993E-10 -1.23507E-12  5.32556E-13
  9.350E+01  5.30524E-01 -1.20693E-09 -5.70028E-10 -1.23214E-12  5.25937E-13
  9.400E+01  5.34878E-01 -1.19563E-09 -5.79836E-10 -1.22910E-12  5.19374E-13
  9.450E+01  5.39230E-01 -1.18440E-09 -5.89423E-10 -1.22598E-12  5.12865E-13
  9.500E+01  5.43578E-01 -1.17323E-09 -5.98793E-10 -1.22276E-12  5.06410E-13
  9.550E+01  5.47923E-01 -1.16213E-09 -6.07951E-10 -1.21945E-12  5.00010E-13
  9.600E+01  5.52264E-01 -1.15111E-09 -6.16901E-10 -1.21606E-12  4.93665E-13
  9.650E+01  5.56602E-01 -1.14015E-09 -6.25647E-10 -1.21257E-12  4.87373E-13
  9.700E+01  5.60935E-01 -1.12926E-09 -6.34195E-10 -1.20900E-12  4.81137E-13
  9.750E+01  5.65263E-01 -1.11844E-09 -6.42547E-10 -1.20534E-12  4.74954E-13
  9.800E+01  5.69587E-01 -1.10770E-09 -6.50709E-10 -1.20160E-12  4.68826E-13
  9.850E+01  5.73905E-01 -1.09703E-09 -6.58684E-10 -1.19777E-12  4.62752E-13
  9.900E+01  5.78217E-01 -1.08644E-09 -6.66476E-10 -1.19387E-12  4.56731E-13
  9.950E+01  5.82524E-01 -1.07592E-09 -6.74089E-10 -1.18988E-12  4.50765E-13
  1.000E+02  5.86824E-01 -1.06548E-09 -6.81527E-10 -1.18581E-12  4.44852E-13
  1.005E+02  5.91118E-01 -1.05511E-09 -6.88794E-10 -1.18166E-12  4.38993E-13
  1.010E+02  5.95404E-01 -1.04482E-09 -6.95893E-10 -1.17744E-12  4.33187E-13
  1.015E+02  5.99684E-01 -1.03461E-09 -7.02828E-10 -1.17314E-12  4.27435E-13
  1.020E+02  6.03956E-01 -1.02448E-09 -7.09602E-10 -1.16876E-12  4.21736E-13
  1.025E+02  6.08220E-01 -1.01442E-09 -7.16218E-10 -1.16431E-12  4.16090E-13
  1.030E+02  6.12476E-01 -1.00445E-09 -7.22681E-10 -1.15978E-12  4.10496E-13
  1.035E+02  6.16723E-01 -9.94552E-10 -7.28993E-10 -1.15519E-12  4.04956E-13
  1.040E+02  6.20961E-01 -9.84734E-10 -7.35158E-10 -1.15052E-12  3.99467E-13
  1.045E+02  6.25190E-01 -9.74996E-10 -7.41178E-10 -1.14578E-12  3.94031E-13
  1.050E+02  6.29410E-01 -9.65338E-10 -7.47057E-10 -1.14098E-12  3.88648E-13
  1.055E+02  6.33619E-01 -9.55759E-10 -7.52798E-10 -1.13610E-12  3.83316E-13
  1.060E+02  6.37819E-01 -9.46261E-10 -7.58404E-10 -1.13116E-12  3.78035E-13
  1.065E+02  6.42008E-01 -9.36843E-10 -7.63878E-10 -1.12615E-12  3.72807E-13
  1.070E+02  6.46186E-01 -9.27506E-10 -7.69222E-10 -1.12107E-12  3.67629E-13
  1.075E+02  6.50353E-01 -9.18249E-10 -7.74439E-10 -1.11594E-12  3.62502E-13
  1.080E+02  6.54508E-01 -9.09072E-10 -7.79532E-10 -1.11073E-12  3.57427E-13
  1.085E+02  6.58652E-01 -8.99976E-10 -7.84504E-10 -1.10547E-12  3.52402E-13
  1.090E+02  6.62784E-01 -8.90960E-10 -7.89358E-10 -1.10014E-12  3.47427E-13
  1.095E+02  6.66903E-01 -8.82025E-10 -7.94095E-10 -1.09475E-12  3.42503E-13
  1.100E+02  6.71010E-01 -8.73170E-10 -7.98719E-10 -1.08930E-12  3.37628E-13
  1.105E+02  6.75104E-01 -8.64396E-10 -8.03231E-10 -1.08380E-12  3.32803E-13
  1.110E+02  6.79184E-01 -8.55701E-10 -8.07635E-10 -1.07823E-12  3.28027E-13
  1.115E+02  6.83251E-01 -8.47087E-10 -8.11932E-10 -1.07261E-12  3.23301E-13
  1.120E+02  6.87303E-01 -8.38553E-10 -8.16125E-10 -1.06693E-12  3.18624E-13
  1.125E+02  6.91342E-01 -8.30099E-10 -8.20216E-10 -1.06119E-12  3.13995E-13
  1.130E+02  6.95366E-01 -8.21725E-10 -8.24208E-10 -1.05540E-12  3.09414E-13
  1.135E+02  6.99375E-01 -8.13430E-10 -8.28102E-10 -1.04955E-12  3.04882E-13
  1.140E+02  7.03368E-01 -8.05215E-10 -8.31901E-10 -1.04365E-12  3.00397E-13
  1.145E+02  7.07347E-01 -7.97079E-10 -8.35607E-10 -1.03770E-12  2.95961E-13
  1.150E+02  7.11309E-01 -7.89022E-10 -8.39221E-10 -1.03169E-12  2.91571E-13
  1.155E+02  7.15256E-01 -7.81043E-10 -8.42746E-10 -1.02563E-12  2.87229E-13
  1.160E+02  7.19186E-01 -7.73144E-10 -8.46184E-10 -1.01952E-12  2.82933E-13
  1.165E+02  7.23099E-01 -7.65322E-10 -8.49536E-10 -1.01337E-12  2.78684E-13
  1.170E+02  7.26995E-01 -7.57579E-10 -8.52805E-10 -1.00716E-12  2.74480E-13
  1.175E+02  7.30874E-01 -7.49914E-10 -8.55992E-10 -1.00090E-12  2.70323E-13
  1.180E+02  7.34736E-01 -7.42326E-10 -8.59100E-10 -9.94596E-13  2.66212E-13
  1.185E+02  7.38579E-01 -7.34816E-10 -8.62129E-10 -9.88244E-13  2.62146E-13
  1.190E+02  7.42405E-01 -7.27382E-10 -8.65082E-10 -9.81845E-13  2.58124E-13
  1.195E+02  7.46212E-01 -7.20026E-10 -8.67960E-10 -9.75400E-13  2.54148E-13
  1.200E+02  7.50000E-01 -7.12746E-10 -8.70765E-10 -9.68910E-13  2.50216E-13
  1.205E+02  7.53769E-01 -7.05542E-10 -8.73499E-10 -9.62375E-13  2.46328E-13
  1.210E+02  7.57519E-01 -6.98415E-10 -8.76162E-10 -9.55795E-13  2.42484E-13
  1.215E+02  7.61249E-01 -6.91362E-10 -8.78758E-10 -9.49172E-13  2.38684E-13
  1.220E+02  7.64960E-01 -6.84386E-10 -8.81287E-10 -9.42506E-13  2.34927E-13
  1.225E+02  7.68650E-01 -6.77484E-10 -8.83750E-10 -9.35798E-13  2.31213E-13
  1.230E+02  7.72320E-01 -6.70657E-10 -8.86150E-10 -9.29048E-13  2.27541E-13
  1.235E+02  7.75968E-01 -6.63904E-10 -8.88487E-10 -9.22257E-13  2.23912E-13
  1.240E+02  7.79596E-01 -6.57226E-10 -8.90764E-10 -9.15426E-13  2.20324E-13
  1.245E+02  7.83203E-01 -6.50621E-10 -8.92981E-10 -9.08554E-13  2.16779E-13
  1.250E+02  7.86788E-01 -6.44089E-10 -8.95139E-10 -9.01643E-13  2.13274E-13
  1.255E+02  7.90351E-01 -6.37631E-10 -8.97241E-10 -8.94693E-13  2.09811E-13
  1.260E+02  7.93893E-01 -6.31246E-10 -8.99287E-10 -8.87705E-13  2.06388E-13
  1.265E+02  7.97411E-01 -6.24933E-10 -9.01279E-10 -8.80679E-13  2.03006E-13
  1.270E+02  8.00908E-01 -6.18692E-10 -9.03217E-10 -8.73616E-13  1.99664E-13
  1.275E+02  8.04381E-01 -6.12523E-10 -9.05104E-10 -8.66516E-13  1.96362E-13
  1.280E+02  8.07831E-01 -6.06425E-10 -9.06940E-10 -8.59381E-13  1.93099E-13
  1.285E+02  8.11257E-01 -6.00399E-10 -9.08726E-10 -8.52209E-13  1.89875E-13
  1.290E+02  8.14660E-01 -5.94443E-10 -9.10464E-10 -8.45003E-13  1.86690E-13
  1.295E+02  8.18039E-01 -5.88558E-10 -9.12154E-10 -8.37762E-13  1.83543E-13
  1.300E+02  8.21394E-01 -5.82743E-10 -9.13799E-10 -8.30487E-13  1.80435E-13
  1.305E+02  8.24724E-01 -5.76998E-10 -9.15398E-10 -8.23178E-13  1.77364E-13
  1.310E+02  8.28030E-01 -5.71322E-10 -9.16953E-10 -8.15837E-13  1.74330E-13
  1.315E+02  8.31310E-01 -5.65716E-10 -9.18465E-10 -8.08463E-13  1.71334E-13
  1.320E+02  8.34565E-01 -5.60178E-10 -9.19936E-10 -8.01057E-13  1.68374E-13
  1.325E+02  8.37795E-01 -5.54709E-10 -9.21365E-10 -7.93619E-13  1.65451E-13
  1.330E+02  8.40999E-01 -5.49308E-10 -9.22754E-10 -7.86150E-13  1.62564E-13
  1.335E+02  8.44177E-01 -5.43976E-10 -9.24104E-10 -7.78651E-13  1.59713E-13
  1.340E+02  8.47329E-01 -5.38710E-10 -9.25415E-10 -7.71121E-13  1.56896E-13
  1.345E+02  8.50455E-01 -5.33512E-10 -9.26690E-10 -7.63562E-13  1.54115E-13
  1.350E+02  8.53553E-01 -5.28381E-10 -9.27928E-10 -7.55973E-13  1.51369E-13
  1.355E+02  8.56625E-01 -5.23316E-10 -9.29130E-10 -7.48356E-13  1.48657E-13
  1.360E+02  8.59670E-01 -5.18318E-10 -9.30298E-10 -7.40710E-13  1.45979E-13
  1.365E+02  8.62687E-01 -5.13385E-10 -9.31432E-10 -7.33036E-13  1.43335E-13
  1.370E+02  8.65677E-01 -5.08519E-10 -9.32533E-10 -7.25335E-13  1.40724E-13
  1.375E+02  8.68639E-01 -5.03717E-10 -9.33602E-10 -7.17607E-13  1.38145E-13
  1.380E+02  8.71572E-01 -4.98981E-10 -9.34639E-10 -7.09852E-13  1.35600E-13
  1.385E+02  8.74478E-01 -4.94310E-10 -9.35646E-10 -7.02071E-13  1.33086E-13
  1.390E+02  8.77355E-01 -4.89703E-10 -9.36623E-10 -6.94265E-13  1.30605E-13
  1.395E+02  8.80203E-01 -4.85160E-10 -9.37570E-10 -6.86433E-13  1.28155E-13
  1.400E+02  8.83022E-01 -4.80681E-10 -9.38490E-10 -6.78576E-13  1.25736E-13
  1.405E+02  8.85812E-01 -4.76265E-10 -9.39381E-10 -6.70694E-13  1.23348E-13
  1.410E+02  8.88573E-01 -4.71913E-10 -9.40246E-10 -6.62788E-13  1.20990E-13
  1.415E+02  8.91304E-01 -4.67624E-10 -9.41084E-10 -6.54859E-13  1.18663E-13
  1.420E+02  8.94005E-01 -4.63397E-10 -9.41897E-10 -6.46906E-13  1.16365E-13
  1.425E+02  8.96677E-01 -4.59233E-10 -9.42684E-10 -6.38931E-13  1.14096E-13
  1.430E+02  8.99318E-01 -4.55131E-10 -9.43447E-10 -6.30933E-13  1.11857E-13
  1.435E+02  9.01928E-01 -4.51091E-10 -9.44187E-10 -6.22912E-13  1.09646E-13
  1.440E+02  9.04508E-01 -4.47113E-10 -9.44903E-10 -6.14870E-13  1.07463E-13
  1.445E+02  9.07058E-01 -4.43196E-10 -9.45597E-10 -6.06807E-13  1.05308E-13
  1.450E+02  9.09576E-01 -4.39340E-10 -9.46269E-10 -5.98722E-13  1.03181E-13
  1.455E+02  9.12063E-01 -4.35545E-10 -9.46919E-10 -5.90617E-13  1.01081E-13
  1.460E+02  9.14519E-01 -4.31810E-10 -9.47549E-10 -5.82491E-13  9.90073E-14
  1.465E+02  9.16943E-01 -4.28136E-10 -9.48158E-10 -5.74346E-13  9.69603E-14
  1.470E+02  9.19335E-01 -4.24521E-10 -9.48748E-10 -5.66181E-13  9.49394E-14
  1.475E+02  9.21696E-01 -4.20967E-10 -9.49318E-10 -5.57997E-13  9.29441E-14
  1.480E+02  9.24024E-01 -4.17472E-10 -9.49870E-10 -5.49794E-13  9.09742E-14
  1.485E+02  9.26320E-01 -4.14036E-10 -9.50403E-10 -5.41572E-13  8.90291E-14
  1.490E+02  9.28584E-01 -4.10659E-10 -9.50919E-10 -5.33332E-13  8.71086E-14
  1.495E+02  9.30815E-01 -4.07342E-10 -9.51417E-10 -5.25075E-13  8.52123E-14
  1.500E+02  9.33013E-01 -4.04082E-10 -9.51899E-10 -5.16800E-13  8.33398E-14
  1.505E+02  9.35178E-01 -4.00882E-10 -9.52365E-10 -5.08508E-13  8.14907E-14
  1.510E+02  9.37310E-01 -3.97739E-10 -9.52814E-10 -5.00199E-13  7.96647E-14
  1.515E+02  9.39409E-01 -3.94654E-10 -9.53249E-10 -4.91874E-13  7.78613E-14
  1.520E+02  9.41474E-01 -3.91627E-10 -9.53668E-10 -4.83532E-13  7.60802E-14
  1.525E+02  9.43505E-01 -3.88658E-10 -9.54072E-10 -4.75175E-13  7.43210E-14
  1.530E+02  9.45503E-01 -3.85746E-10 -9.54463E-10 -4.66802E-13  7.25834E-14
  1.535E+02  9.47467E-01 -3.82890E-10 -9.54840E-10 -4.58414E-13  7.08669E-14
  1.540E+02  9.49397E-01 -3.80092E-10 -9.55203E-10 -4.50012E-13  6.91711E-14
  1.545E+02  9.51293E-01 -3.77351E-10 -9.55554E-10 -4.41595E-13  6.74958E-14
  1.550E+02  9.53154E-01 -3.74666E-10 -9.55891E-10 -4.33163E-13  6.58405E-14
  1.555E+02  9.54981E-01 -3.72037E-10 -9.56217E-10 -4.24718E-13  6.42047E-14
  1.560E+02  9.56773E-01 -3.69464E-10 -9.56531E-10 -4.16259E-13  6.25883E-14
  1.565E+02  9.58530E-01 -3.66947E-10 -9.56833E-10 -4.07787E-13  6.09907E-14
  1.570E+02  9.60252E-01 -3.64486E-10 -9.57123E-10 -3.99302E-13  5.94115E-14
  1.575E+02  9.61940E-01 -3.62081E-10 -9.57403E-10 -3.90805E-13  5.78505E-14
  1.580E+02  9.63592E-01 -3.59731E-10 -9.57673E-10 -3.82295E-13  5.63071E-14
  1.585E+02  9.65209E-01 -3.57436E-10 -9.57932E-10 -3.73773E-13  5.47811E-14
  1.590E+02  9.66790E-01 -3.55196E-10 -9.58181E-10 -3.65240E-13  5.32720E-14
  1.595E+02  9.68336E-01 -3.53012E-10 -9.58420E-10 -3.56695E-13  5.17794E-14
  1.600E+02  9.69846E-01 -3.50882E-10 -9.58650E-10 -3.48138E-13  5.03030E-14
  1.605E+02  9.71321E-01 -3.48806E-10 -9.58871E-10 -3.39572E-13  4.88424E-14
  1.610E+02  9.72759E-01 -3.46785E-10 -9.59083E-10 -3.30994E-13  4.73971E-14
  1.615E+02  9.74162E-01 -3.44818E-10 -9.59286E-10 -3.22406E-13  4.59668E-14
  1.620E+02  9.75528E-01 -3.42906E-10 -9.59481E-10 -3.13809E-13  4.45512E-14
  1.625E+02  9.76858E-01 -3.41047E-10 -9.59668E-10 -3.05201E-13  4.31497E-14
  1.630E+02  9.78152E-01 -3.39243E-10 -9.59847E-10 -2.96585E-13  4.17621E-14
  1.635E+02  9.79410E-01 -3.37492E-10 -9.60018E-10 -2.87959E-13  4.03879E-14
  1.640E+02  9.80631E-01 -3.35794E-10 -9.60182E-10 -2.79324E-13  3.90267E-14
  1.645E+02  9.81815E-01 -3.34151E-10 -9.60339E-10 -2.70681E-13  3.76782E-14
  1.650E+02  9.82963E-01 -3.32560E-10 -9.60489E-10 -2.62030E-13  3.63419E-14
  1.655E+02  9.84074E-01 -3.31023E-10 -9.60632E-10 -2.53370E-13  3.50176E-14
  1.660E+02  9.85148E-01 -3.29539E-10 -9.60768E-10 -2.44703E-13  3.37046E-14
  1.665E+02  9.86185E-01 -3.28108E-10 -9.60898E-10 -2.36029E-13  3.24028E-14
  1.670E+02  9.87185E-01 -3.26730E-10 -9.61022E-10 -2.27347E-13  3.11116E-14
  1.675E+02  9.88148E-01 -3.25405E-10 -9.61139E-10 -2.18659E-13  2.98308E-14
  1.680E+02  9.89074E-01 -3.24132E-10 -9.61251E-10 -2.09964E-13  2.85598E-14
  1.685E+02  9.89962E-01 -3.22913E-10 -9.61357E-10 -2.01262E-13  2.72984E-14
  1.690E+02  9.90814E-01 -3.21745E-10 -9.61457E-10 -1.92555E-13  2.60461E-14
  1.695E+02  9.91627E-01 -3.20631E-10 -9.61552E-10 -1.83842E-13  2.48024E-14
  1.700E+02  9.92404E-01 -3.19568E-10 -9.61642E-10 -1.75123E-13  2.35672E-14
  1.705E+02  9.93143E-01 -3.18558E-10 -9.61726E-10 -1.66399E-13  2.23398E-14
  1.710E+02  9.93844E-01 -3.17600E-10 -9.61805E-10 -1.57670E-13  2.11200E-14
  1.715E+02  9.94508E-01 -3.16695E-10 -9.61880E-10 -1.48936E-13  1.99073E-14
  1.720E+02  9.95134E-01 -3.15841E-10 -9.61949E-10 -1.40198E-13  1.87013E-14
  1.725E+02  9.95722E-01 -3.15040E-10 -9.62014E-10 -1.31456E-13  1.75017E-14
  1.730E+02  9.96273E-01 -3.14290E-10 -9.62074E-10 -1.22710E-13  1.63081E-14
  1.735E+02  9.96786E-01 -3.13593E-10 -9.62130E-10 -1.13960E-13  1.51200E-14
  1.740E+02  9.97261E-01 -3.12947E-10 -9.62181E-10 -1.05207E-13  1.39371E-14
  1.745E+02  9.97698E-01 -3.12353E-10 -9.62228E-10 -9.64507E-14  1.27589E-14
  1.750E+02  9.98097E-01 -3.11811E-10 -9.62270E-10 -8.76916E-14  1.15851E-14
  1.755E+02  9.98459E-01 -3.11321E-10 -9.62308E-10 -7.89298E-14  1.04153E-14
  1.760E+02  9.98782E-01 -3.10882E-10 -9.62342E-10 -7.01657E-14  9.24903E-15
  1.765E+02  9.99067E-01 -3.10495E-10 -9.62372E-10 -6.13995E-14  8.08595E-15
  1.770E+02  9.99315E-01 -3.10160E-10 -9.62398E-10 -5.26315E-14  6.92565E-15
  1.775E+02  9.99524E-01 -3.09876E-10 -9.62420E-10 -4.38620E-14  5.76774E-15
  1.780E+02  9.99695E-01 -3.09644E-10 -9.62438E-10 -3.50912E-14  4.61181E-15
  1.785E+02  9.99829E-01 -3.09464E-10 -9.62451E-10 -2.63193E-14  3.45746E-15
  1.790E+02  9.99924E-01 -3.09335E-10 -9.62461E-10 -1.75466E-14  2.30431E-15
  1.795E+02  9.99981E-01 -3.09258E-10 -9.62467E-10 -8.77344E-15  1.15196E-15
  1.800E+02  1.00000E+00 -3.09232E-10 -9.62469E-10 -1.23122E-28  1.61650E-29
