 #  Scattering amplitudes (in cm)      MU=(1-cos(TH))/2
 #  Z =   6,   projectile: electron
 #  Kinetic energy = 2.58000E+02 eV
 #
 # TH (deg)      MU          Re(F)        Im(F)        Re(G)        Im(G)
 #--------------------------------------------------------------------------
  0.000E+00  0.00000E+00  1.85466E-08  1.02377E-08  0.00000E+00  0.00000E+00
  1.000E-04  7.61557E-13  1.85466E-08  1.02377E-08  7.62509E-18  6.71619E-18
  1.250E-04  1.18994E-12  1.85466E-08  1.02377E-08  9.53136E-18  8.39524E-18
  1.500E-04  1.71346E-12  1.85466E-08  1.02377E-08  1.14376E-17  1.00743E-17
  1.750E-04  2.33225E-12  1.85466E-08  1.02377E-08  1.33439E-17  1.17533E-17
  2.000E-04  3.04617E-12  1.85466E-08  1.02377E-08  1.52502E-17  1.34324E-17
  2.250E-04  3.85530E-12  1.85466E-08  1.02377E-08  1.71564E-17  1.51114E-17
  2.500E-04  4.75964E-12  1.85466E-08  1.02377E-08  1.90627E-17  1.67905E-17
  2.750E-04  5.75917E-12  1.85466E-08  1.02377E-08  2.09690E-17  1.84695E-17
  3.000E-04  6.85391E-12  1.85466E-08  1.02377E-08  2.28753E-17  2.01486E-17
  3.250E-04  8.04379E-12  1.85466E-08  1.02377E-08  2.47815E-17  2.18276E-17
  3.500E-04  9.32893E-12  1.85466E-08  1.02377E-08  2.66878E-17  2.35067E-17
  3.750E-04  1.07092E-11  1.85466E-08  1.02377E-08  2.85941E-17  2.51857E-17
  4.000E-04  1.21847E-11  1.85466E-08  1.02377E-08  3.05003E-17  2.68648E-17
  4.250E-04  1.37554E-11  1.85466E-08  1.02377E-08  3.24066E-17  2.85438E-17
  4.500E-04  1.54213E-11  1.85466E-08  1.02377E-08  3.43129E-17  3.02229E-17
  4.750E-04  1.71823E-11  1.85466E-08  1.02377E-08  3.62192E-17  3.19019E-17
  5.000E-04  1.90386E-11  1.85466E-08  1.02377E-08  3.81254E-17  3.35810E-17
  5.250E-04  2.09900E-11  1.85466E-08  1.02377E-08  4.00317E-17  3.52600E-17
  5.500E-04  2.30367E-11  1.85466E-08  1.02377E-08  4.19380E-17  3.69391E-17
  5.750E-04  2.51785E-11  1.85466E-08  1.02377E-08  4.38442E-17  3.86181E-17
  6.000E-04  2.74156E-11  1.85466E-08  1.02377E-08  4.57505E-17  4.02972E-17
  6.250E-04  2.97478E-11  1.85466E-08  1.02377E-08  4.76568E-17  4.19762E-17
  6.500E-04  3.21752E-11  1.85466E-08  1.02377E-08  4.95631E-17  4.36553E-17
  6.750E-04  3.46979E-11  1.85466E-08  1.02377E-08  5.14693E-17  4.53343E-17
  7.000E-04  3.73157E-11  1.85466E-08  1.02377E-08  5.33756E-17  4.70134E-17
  7.250E-04  4.00286E-11  1.85466E-08  1.02377E-08  5.52819E-17  4.86924E-17
  7.500E-04  4.28368E-11  1.85466E-08  1.02377E-08  5.71882E-17  5.03715E-17
  7.750E-04  4.57402E-11  1.85466E-08  1.02377E-08  5.90944E-17  5.20505E-17
  8.000E-04  4.87388E-11  1.85466E-08  1.02377E-08  6.10007E-17  5.37295E-17
  8.250E-04  5.18325E-11  1.85466E-08  1.02377E-08  6.29070E-17  5.54086E-17
  8.500E-04  5.50215E-11  1.85466E-08  1.02377E-08  6.48132E-17  5.70876E-17
  8.750E-04  5.83057E-11  1.85466E-08  1.02377E-08  6.67195E-17  5.87667E-17
  9.000E-04  6.16850E-11  1.85466E-08  1.02377E-08  6.86258E-17  6.04457E-17
  9.250E-04  6.51595E-11  1.85466E-08  1.02377E-08  7.05321E-17  6.21248E-17
  9.500E-04  6.87293E-11  1.85466E-08  1.02377E-08  7.24383E-17  6.38038E-17
  9.750E-04  7.23943E-11  1.85466E-08  1.02377E-08  7.43446E-17  6.54829E-17
  1.000E-03  7.61544E-11  1.85466E-08  1.02377E-08  7.62509E-17  6.71619E-17
  1.250E-03  1.18991E-10  1.85466E-08  1.02377E-08  9.53136E-17  8.39524E-17
  1.500E-03  1.71347E-10  1.85466E-08  1.02377E-08  1.14376E-16  1.00743E-16
  1.750E-03  2.33223E-10  1.85466E-08  1.02377E-08  1.33439E-16  1.17533E-16
  2.000E-03  3.04617E-10  1.85466E-08  1.02377E-08  1.52502E-16  1.34324E-16
  2.250E-03  3.85531E-10  1.85466E-08  1.02377E-08  1.71564E-16  1.51114E-16
  2.500E-03  4.75965E-10  1.85466E-08  1.02377E-08  1.90627E-16  1.67905E-16
  2.750E-03  5.75917E-10  1.85466E-08  1.02377E-08  2.09690E-16  1.84695E-16
  3.000E-03  6.85389E-10  1.85466E-08  1.02377E-08  2.28753E-16  2.01486E-16
  3.250E-03  8.04380E-10  1.85466E-08  1.02377E-08  2.47815E-16  2.18276E-16
  3.500E-03  9.32891E-10  1.85466E-08  1.02377E-08  2.66878E-16  2.35067E-16
  3.750E-03  1.07092E-09  1.85466E-08  1.02377E-08  2.85941E-16  2.51857E-16
  4.000E-03  1.21847E-09  1.85466E-08  1.02377E-08  3.05003E-16  2.68648E-16
  4.250E-03  1.37554E-09  1.85466E-08  1.02377E-08  3.24066E-16  2.85438E-16
  4.500E-03  1.54213E-09  1.85466E-08  1.02377E-08  3.43129E-16  3.02229E-16
  4.750E-03  1.71823E-09  1.85466E-08  1.02377E-08  3.62192E-16  3.19019E-16
  5.000E-03  1.90386E-09  1.85466E-08  1.02377E-08  3.81254E-16  3.35810E-16
  5.250E-03  2.09900E-09  1.85466E-08  1.02377E-08  4.00317E-16  3.52600E-16
  5.500E-03  2.30367E-09  1.85466E-08  1.02377E-08  4.19380E-16  3.69391E-16
  5.750E-03  2.51785E-09  1.85466E-08  1.02377E-08  4.38442E-16  3.86181E-16
  6.000E-03  2.74156E-09  1.85466E-08  1.02377E-08  4.57505E-16  4.02972E-16
  6.250E-03  2.97478E-09  1.85466E-08  1.02377E-08  4.76568E-16  4.19762E-16
  6.500E-03  3.21752E-09  1.85466E-08  1.02377E-08  4.95631E-16  4.36553E-16
  6.750E-03  3.46978E-09  1.85466E-08  1.02377E-08  5.14693E-16  4.53343E-16
  7.000E-03  3.73156E-09  1.85466E-08  1.02377E-08  5.33756E-16  4.70134E-16
  7.250E-03  4.00286E-09  1.85466E-08  1.02377E-08  5.52819E-16  4.86924E-16
  7.500E-03  4.28368E-09  1.85466E-08  1.02377E-08  5.71881E-16  5.03715E-16
  7.750E-03  4.57402E-09  1.85466E-08  1.02377E-08  5.90944E-16  5.20505E-16
  8.000E-03  4.87388E-09  1.85466E-08  1.02377E-08  6.10007E-16  5.37295E-16
  8.250E-03  5.18326E-09  1.85466E-08  1.02377E-08  6.29070E-16  5.54086E-16
  8.500E-03  5.50215E-09  1.85466E-08  1.02377E-08  6.48132E-16  5.70876E-16
  8.750E-03  5.83057E-09  1.85466E-08  1.02377E-08  6.67195E-16  5.87667E-16
  9.000E-03  6.16850E-09  1.85466E-08  1.02377E-08  6.86258E-16  6.04457E-16
  9.250E-03  6.51596E-09  1.85466E-08  1.02377E-08  7.05320E-16  6.21248E-16
  9.500E-03  6.87293E-09  1.85466E-08  1.02377E-08  7.24383E-16  6.38038E-16
  9.750E-03  7.23942E-09  1.85466E-08  1.02377E-08  7.43446E-16  6.54829E-16
  1.000E-02  7.61544E-09  1.85466E-08  1.02377E-08  7.62508E-16  6.71619E-16
  1.250E-02  1.18991E-08  1.85466E-08  1.02377E-08  9.53135E-16  8.39524E-16
  1.500E-02  1.71347E-08  1.85466E-08  1.02377E-08  1.14376E-15  1.00743E-15
  1.750E-02  2.33223E-08  1.85466E-08  1.02377E-08  1.33439E-15  1.17533E-15
  2.000E-02  3.04617E-08  1.85466E-08  1.02377E-08  1.52502E-15  1.34324E-15
  2.250E-02  3.85531E-08  1.85465E-08  1.02377E-08  1.71564E-15  1.51114E-15
  2.500E-02  4.75965E-08  1.85465E-08  1.02377E-08  1.90627E-15  1.67905E-15
  2.750E-02  5.75917E-08  1.85465E-08  1.02377E-08  2.09689E-15  1.84695E-15
  3.000E-02  6.85389E-08  1.85465E-08  1.02377E-08  2.28752E-15  2.01486E-15
  3.250E-02  8.04380E-08  1.85465E-08  1.02377E-08  2.47814E-15  2.18276E-15
  3.500E-02  9.32891E-08  1.85465E-08  1.02377E-08  2.66877E-15  2.35067E-15
  3.750E-02  1.07092E-07  1.85465E-08  1.02377E-08  2.85939E-15  2.51857E-15
  4.000E-02  1.21847E-07  1.85465E-08  1.02377E-08  3.05002E-15  2.68648E-15
  4.250E-02  1.37554E-07  1.85465E-08  1.02377E-08  3.24064E-15  2.85438E-15
  4.500E-02  1.54213E-07  1.85465E-08  1.02377E-08  3.43127E-15  3.02228E-15
  4.750E-02  1.71823E-07  1.85464E-08  1.02377E-08  3.62189E-15  3.19019E-15
  5.000E-02  1.90386E-07  1.85464E-08  1.02377E-08  3.81251E-15  3.35809E-15
  5.250E-02  2.09900E-07  1.85464E-08  1.02377E-08  4.00313E-15  3.52600E-15
  5.500E-02  2.30367E-07  1.85464E-08  1.02377E-08  4.19375E-15  3.69390E-15
  5.750E-02  2.51785E-07  1.85464E-08  1.02377E-08  4.38437E-15  3.86180E-15
  6.000E-02  2.74156E-07  1.85464E-08  1.02377E-08  4.57500E-15  4.02971E-15
  6.250E-02  2.97478E-07  1.85464E-08  1.02377E-08  4.76561E-15  4.19761E-15
  6.500E-02  3.21752E-07  1.85463E-08  1.02377E-08  4.95623E-15  4.36552E-15
  6.750E-02  3.46978E-07  1.85463E-08  1.02377E-08  5.14685E-15  4.53342E-15
  7.000E-02  3.73156E-07  1.85463E-08  1.02377E-08  5.33747E-15  4.70132E-15
  7.250E-02  4.00286E-07  1.85463E-08  1.02377E-08  5.52809E-15  4.86923E-15
  7.500E-02  4.28368E-07  1.85463E-08  1.02377E-08  5.71870E-15  5.03713E-15
  7.750E-02  4.57402E-07  1.85462E-08  1.02377E-08  5.90932E-15  5.20503E-15
  8.000E-02  4.87388E-07  1.85462E-08  1.02377E-08  6.09993E-15  5.37294E-15
  8.250E-02  5.18325E-07  1.85462E-08  1.02377E-08  6.29055E-15  5.54084E-15
  8.500E-02  5.50215E-07  1.85462E-08  1.02377E-08  6.48116E-15  5.70874E-15
  8.750E-02  5.83057E-07  1.85461E-08  1.02377E-08  6.67177E-15  5.87664E-15
  9.000E-02  6.16850E-07  1.85461E-08  1.02377E-08  6.86239E-15  6.04455E-15
  9.250E-02  6.51596E-07  1.85461E-08  1.02377E-08  7.05300E-15  6.21245E-15
  9.500E-02  6.87293E-07  1.85461E-08  1.02377E-08  7.24361E-15  6.38035E-15
  9.750E-02  7.23942E-07  1.85460E-08  1.02377E-08  7.43422E-15  6.54825E-15
  1.000E-01  7.61543E-07  1.85460E-08  1.02377E-08  7.62482E-15  6.71616E-15
  1.250E-01  1.18991E-06  1.85457E-08  1.02376E-08  9.53084E-15  8.39517E-15
  1.500E-01  1.71347E-06  1.85453E-08  1.02376E-08  1.14367E-14  1.00742E-14
  1.750E-01  2.33223E-06  1.85448E-08  1.02375E-08  1.33425E-14  1.17531E-14
  2.000E-01  3.04617E-06  1.85443E-08  1.02374E-08  1.52481E-14  1.34321E-14
  2.250E-01  3.85531E-06  1.85437E-08  1.02374E-08  1.71534E-14  1.51110E-14
  2.500E-01  4.75964E-06  1.85430E-08  1.02373E-08  1.90586E-14  1.67899E-14
  2.750E-01  5.75916E-06  1.85422E-08  1.02372E-08  2.09635E-14  1.84688E-14
  3.000E-01  6.85388E-06  1.85414E-08  1.02371E-08  2.28681E-14  2.01476E-14
  3.250E-01  8.04378E-06  1.85405E-08  1.02370E-08  2.47725E-14  2.18264E-14
  3.500E-01  9.32888E-06  1.85395E-08  1.02368E-08  2.66765E-14  2.35051E-14
  3.750E-01  1.07092E-05  1.85385E-08  1.02367E-08  2.85802E-14  2.51838E-14
  4.000E-01  1.21846E-05  1.85374E-08  1.02366E-08  3.04835E-14  2.68624E-14
  4.250E-01  1.37553E-05  1.85362E-08  1.02364E-08  3.23864E-14  2.85410E-14
  4.500E-01  1.54212E-05  1.85349E-08  1.02362E-08  3.42889E-14  3.02195E-14
  4.750E-01  1.71822E-05  1.85336E-08  1.02361E-08  3.61909E-14  3.18980E-14
  5.000E-01  1.90385E-05  1.85322E-08  1.02359E-08  3.80925E-14  3.35764E-14
  5.250E-01  2.09899E-05  1.85307E-08  1.02357E-08  3.99936E-14  3.52547E-14
  5.500E-01  2.30365E-05  1.85292E-08  1.02355E-08  4.18942E-14  3.69329E-14
  5.750E-01  2.51783E-05  1.85276E-08  1.02353E-08  4.37942E-14  3.86111E-14
  6.000E-01  2.74153E-05  1.85259E-08  1.02351E-08  4.56936E-14  4.02892E-14
  6.250E-01  2.97475E-05  1.85241E-08  1.02348E-08  4.75925E-14  4.19672E-14
  6.500E-01  3.21749E-05  1.85223E-08  1.02346E-08  4.94908E-14  4.36452E-14
  6.750E-01  3.46974E-05  1.85204E-08  1.02344E-08  5.13884E-14  4.53230E-14
  7.000E-01  3.73152E-05  1.85184E-08  1.02341E-08  5.32853E-14  4.70007E-14
  7.250E-01  4.00281E-05  1.85164E-08  1.02338E-08  5.51816E-14  4.86784E-14
  7.500E-01  4.28362E-05  1.85142E-08  1.02336E-08  5.70771E-14  5.03559E-14
  7.750E-01  4.57395E-05  1.85120E-08  1.02333E-08  5.89719E-14  5.20334E-14
  8.000E-01  4.87380E-05  1.85098E-08  1.02330E-08  6.08660E-14  5.37107E-14
  8.250E-01  5.18317E-05  1.85075E-08  1.02327E-08  6.27592E-14  5.53879E-14
  8.500E-01  5.50205E-05  1.85051E-08  1.02324E-08  6.46516E-14  5.70651E-14
  8.750E-01  5.83045E-05  1.85026E-08  1.02321E-08  6.65433E-14  5.87421E-14
  9.000E-01  6.16838E-05  1.85000E-08  1.02317E-08  6.84340E-14  6.04189E-14
  9.250E-01  6.51582E-05  1.84974E-08  1.02314E-08  7.03239E-14  6.20957E-14
  9.500E-01  6.87277E-05  1.84947E-08  1.02311E-08  7.22128E-14  6.37723E-14
  9.750E-01  7.23925E-05  1.84920E-08  1.02307E-08  7.41008E-14  6.54488E-14
  1.000E+00  7.61524E-05  1.84891E-08  1.02303E-08  7.59879E-14  6.71252E-14
  1.100E+00  9.21439E-05  1.84771E-08  1.02288E-08  8.35261E-14  7.38292E-14
  1.200E+00  1.09658E-04  1.84639E-08  1.02271E-08  9.10470E-14  8.05308E-14
  1.300E+00  1.28695E-04  1.84496E-08  1.02252E-08  9.85492E-14  8.72298E-14
  1.400E+00  1.49255E-04  1.84342E-08  1.02232E-08  1.06031E-13  9.39259E-14
  1.500E+00  1.71338E-04  1.84177E-08  1.02211E-08  1.13491E-13  1.00619E-13
  1.600E+00  1.94942E-04  1.84000E-08  1.02188E-08  1.20928E-13  1.07309E-13
  1.700E+00  2.20070E-04  1.83812E-08  1.02164E-08  1.28339E-13  1.13995E-13
  1.800E+00  2.46720E-04  1.83613E-08  1.02138E-08  1.35725E-13  1.20677E-13
  1.900E+00  2.74892E-04  1.83403E-08  1.02110E-08  1.43083E-13  1.27356E-13
  2.000E+00  3.04586E-04  1.83182E-08  1.02082E-08  1.50411E-13  1.34030E-13
  2.100E+00  3.35803E-04  1.82950E-08  1.02051E-08  1.57708E-13  1.40700E-13
  2.200E+00  3.68542E-04  1.82708E-08  1.02020E-08  1.64974E-13  1.47365E-13
  2.300E+00  4.02802E-04  1.82454E-08  1.01987E-08  1.72205E-13  1.54026E-13
  2.400E+00  4.38585E-04  1.82190E-08  1.01952E-08  1.79402E-13  1.60681E-13
  2.500E+00  4.75889E-04  1.81914E-08  1.01916E-08  1.86562E-13  1.67332E-13
  2.600E+00  5.14715E-04  1.81629E-08  1.01878E-08  1.93684E-13  1.73976E-13
  2.700E+00  5.55063E-04  1.81332E-08  1.01839E-08  2.00767E-13  1.80615E-13
  2.800E+00  5.96931E-04  1.81025E-08  1.01799E-08  2.07809E-13  1.87249E-13
  2.900E+00  6.40321E-04  1.80708E-08  1.01757E-08  2.14810E-13  1.93876E-13
  3.000E+00  6.85233E-04  1.80380E-08  1.01714E-08  2.21767E-13  2.00497E-13
  3.100E+00  7.31665E-04  1.80043E-08  1.01669E-08  2.28679E-13  2.07111E-13
  3.200E+00  7.79618E-04  1.79694E-08  1.01623E-08  2.35546E-13  2.13718E-13
  3.300E+00  8.29092E-04  1.79336E-08  1.01575E-08  2.42365E-13  2.20319E-13
  3.400E+00  8.80086E-04  1.78968E-08  1.01526E-08  2.49136E-13  2.26912E-13
  3.500E+00  9.32601E-04  1.78590E-08  1.01475E-08  2.55857E-13  2.33498E-13
  3.600E+00  9.86636E-04  1.78202E-08  1.01424E-08  2.62527E-13  2.40076E-13
  3.700E+00  1.04219E-03  1.77804E-08  1.01370E-08  2.69145E-13  2.46647E-13
  3.800E+00  1.09927E-03  1.77396E-08  1.01315E-08  2.75710E-13  2.53210E-13
  3.900E+00  1.15786E-03  1.76979E-08  1.01259E-08  2.82221E-13  2.59764E-13
  4.000E+00  1.21797E-03  1.76552E-08  1.01201E-08  2.88675E-13  2.66310E-13
  4.100E+00  1.27961E-03  1.76116E-08  1.01142E-08  2.95073E-13  2.72847E-13
  4.200E+00  1.34276E-03  1.75671E-08  1.01082E-08  3.01413E-13  2.79376E-13
  4.300E+00  1.40743E-03  1.75217E-08  1.01020E-08  3.07694E-13  2.85895E-13
  4.400E+00  1.47362E-03  1.74753E-08  1.00957E-08  3.13915E-13  2.92406E-13
  4.500E+00  1.54133E-03  1.74280E-08  1.00892E-08  3.20075E-13  2.98906E-13
  4.600E+00  1.61056E-03  1.73799E-08  1.00826E-08  3.26173E-13  3.05398E-13
  4.700E+00  1.68131E-03  1.73309E-08  1.00759E-08  3.32208E-13  3.11879E-13
  4.800E+00  1.75357E-03  1.72810E-08  1.00690E-08  3.38179E-13  3.18350E-13
  4.900E+00  1.82735E-03  1.72302E-08  1.00619E-08  3.44085E-13  3.24811E-13
  5.000E+00  1.90265E-03  1.71786E-08  1.00548E-08  3.49925E-13  3.31262E-13
  5.100E+00  1.97947E-03  1.71262E-08  1.00475E-08  3.55698E-13  3.37702E-13
  5.200E+00  2.05780E-03  1.70730E-08  1.00400E-08  3.61403E-13  3.44131E-13
  5.300E+00  2.13765E-03  1.70189E-08  1.00325E-08  3.67040E-13  3.50549E-13
  5.400E+00  2.21902E-03  1.69640E-08  1.00248E-08  3.72607E-13  3.56956E-13
  5.500E+00  2.30190E-03  1.69084E-08  1.00169E-08  3.78105E-13  3.63351E-13
  5.600E+00  2.38630E-03  1.68520E-08  1.00089E-08  3.83531E-13  3.69735E-13
  5.700E+00  2.47222E-03  1.67948E-08  1.00008E-08  3.88885E-13  3.76107E-13
  5.800E+00  2.55965E-03  1.67368E-08  9.99255E-09  3.94167E-13  3.82467E-13
  5.900E+00  2.64859E-03  1.66781E-08  9.98416E-09  3.99375E-13  3.88815E-13
  6.000E+00  2.73905E-03  1.66187E-08  9.97564E-09  4.04510E-13  3.95151E-13
  6.100E+00  2.83103E-03  1.65586E-08  9.96698E-09  4.09570E-13  4.01474E-13
  6.200E+00  2.92452E-03  1.64978E-08  9.95819E-09  4.14554E-13  4.07784E-13
  6.300E+00  3.01952E-03  1.64362E-08  9.94927E-09  4.19463E-13  4.14081E-13
  6.400E+00  3.11604E-03  1.63740E-08  9.94022E-09  4.24295E-13  4.20365E-13
  6.500E+00  3.21407E-03  1.63111E-08  9.93104E-09  4.29050E-13  4.26636E-13
  6.600E+00  3.31362E-03  1.62476E-08  9.92172E-09  4.33728E-13  4.32894E-13
  6.700E+00  3.41468E-03  1.61834E-08  9.91227E-09  4.38327E-13  4.39137E-13
  6.800E+00  3.51725E-03  1.61186E-08  9.90270E-09  4.42848E-13  4.45367E-13
  6.900E+00  3.62133E-03  1.60532E-08  9.89299E-09  4.47289E-13  4.51583E-13
  7.000E+00  3.72692E-03  1.59871E-08  9.88315E-09  4.51651E-13  4.57785E-13
  7.100E+00  3.83403E-03  1.59205E-08  9.87319E-09  4.55933E-13  4.63972E-13
  7.200E+00  3.94265E-03  1.58533E-08  9.86310E-09  4.60134E-13  4.70145E-13
  7.300E+00  4.05278E-03  1.57855E-08  9.85288E-09  4.64255E-13  4.76303E-13
  7.400E+00  4.16442E-03  1.57172E-08  9.84254E-09  4.68294E-13  4.82446E-13
  7.500E+00  4.27757E-03  1.56483E-08  9.83206E-09  4.72251E-13  4.88574E-13
  7.600E+00  4.39223E-03  1.55789E-08  9.82147E-09  4.76127E-13  4.94686E-13
  7.700E+00  4.50840E-03  1.55090E-08  9.81074E-09  4.79920E-13  5.00784E-13
  7.800E+00  4.62608E-03  1.54385E-08  9.79989E-09  4.83631E-13  5.06866E-13
  7.900E+00  4.74527E-03  1.53676E-08  9.78892E-09  4.87259E-13  5.12932E-13
  8.000E+00  4.86597E-03  1.52962E-08  9.77783E-09  4.90805E-13  5.18982E-13
  8.100E+00  4.98817E-03  1.52243E-08  9.76661E-09  4.94266E-13  5.25016E-13
  8.200E+00  5.11188E-03  1.51519E-08  9.75527E-09  4.97645E-13  5.31034E-13
  8.300E+00  5.23711E-03  1.50791E-08  9.74381E-09  5.00940E-13  5.37035E-13
  8.400E+00  5.36383E-03  1.50059E-08  9.73222E-09  5.04151E-13  5.43020E-13
  8.500E+00  5.49207E-03  1.49323E-08  9.72052E-09  5.07278E-13  5.48988E-13
  8.600E+00  5.62181E-03  1.48582E-08  9.70870E-09  5.10321E-13  5.54939E-13
  8.700E+00  5.75306E-03  1.47838E-08  9.69676E-09  5.13281E-13  5.60873E-13
  8.800E+00  5.88581E-03  1.47089E-08  9.68469E-09  5.16156E-13  5.66790E-13
  8.900E+00  6.02007E-03  1.46337E-08  9.67251E-09  5.18947E-13  5.72690E-13
  9.000E+00  6.15583E-03  1.45582E-08  9.66022E-09  5.21653E-13  5.78572E-13
  9.100E+00  6.29310E-03  1.44822E-08  9.64780E-09  5.24276E-13  5.84437E-13
  9.200E+00  6.43187E-03  1.44060E-08  9.63528E-09  5.26814E-13  5.90284E-13
  9.300E+00  6.57214E-03  1.43294E-08  9.62263E-09  5.29268E-13  5.96112E-13
  9.400E+00  6.71392E-03  1.42525E-08  9.60987E-09  5.31638E-13  6.01923E-13
  9.500E+00  6.85720E-03  1.41753E-08  9.59700E-09  5.33923E-13  6.07716E-13
  9.600E+00  7.00198E-03  1.40979E-08  9.58401E-09  5.36125E-13  6.13490E-13
  9.700E+00  7.14827E-03  1.40201E-08  9.57091E-09  5.38243E-13  6.19245E-13
  9.800E+00  7.29605E-03  1.39421E-08  9.55770E-09  5.40277E-13  6.24982E-13
  9.900E+00  7.44534E-03  1.38638E-08  9.54437E-09  5.42227E-13  6.30700E-13
  1.000E+01  7.59612E-03  1.37853E-08  9.53094E-09  5.44094E-13  6.36399E-13
  1.025E+01  7.97965E-03  1.35880E-08  9.49687E-09  5.48396E-13  6.50564E-13
  1.050E+01  8.37255E-03  1.33893E-08  9.46212E-09  5.52181E-13  6.64606E-13
  1.075E+01  8.77480E-03  1.31896E-08  9.42671E-09  5.55451E-13  6.78526E-13
  1.100E+01  9.18641E-03  1.29889E-08  9.39064E-09  5.58210E-13  6.92320E-13
  1.125E+01  9.60736E-03  1.27875E-08  9.35393E-09  5.60465E-13  7.05987E-13
  1.150E+01  1.00376E-02  1.25853E-08  9.31658E-09  5.62218E-13  7.19524E-13
  1.175E+01  1.04773E-02  1.23827E-08  9.27861E-09  5.63477E-13  7.32931E-13
  1.200E+01  1.09262E-02  1.21797E-08  9.24003E-09  5.64248E-13  7.46205E-13
  1.225E+01  1.13844E-02  1.19766E-08  9.20085E-09  5.64536E-13  7.59345E-13
  1.250E+01  1.18520E-02  1.17733E-08  9.16108E-09  5.64349E-13  7.72348E-13
  1.275E+01  1.23288E-02  1.15702E-08  9.12074E-09  5.63694E-13  7.85214E-13
  1.300E+01  1.28150E-02  1.13672E-08  9.07983E-09  5.62578E-13  7.97941E-13
  1.325E+01  1.33104E-02  1.11645E-08  9.03836E-09  5.61011E-13  8.10527E-13
  1.350E+01  1.38150E-02  1.09622E-08  8.99636E-09  5.58998E-13  8.22972E-13
  1.375E+01  1.43290E-02  1.07605E-08  8.95383E-09  5.56550E-13  8.35273E-13
  1.400E+01  1.48521E-02  1.05595E-08  8.91078E-09  5.53675E-13  8.47429E-13
  1.425E+01  1.53845E-02  1.03592E-08  8.86723E-09  5.50381E-13  8.59440E-13
  1.450E+01  1.59262E-02  1.01598E-08  8.82319E-09  5.46678E-13  8.71304E-13
  1.475E+01  1.64770E-02  9.96129E-09  8.77866E-09  5.42574E-13  8.83020E-13
  1.500E+01  1.70371E-02  9.76384E-09  8.73367E-09  5.38079E-13  8.94587E-13
  1.525E+01  1.76063E-02  9.56752E-09  8.68822E-09  5.33203E-13  9.06003E-13
  1.550E+01  1.81848E-02  9.37241E-09  8.64232E-09  5.27954E-13  9.17269E-13
  1.575E+01  1.87724E-02  9.17859E-09  8.59599E-09  5.22343E-13  9.28383E-13
  1.600E+01  1.93692E-02  8.98611E-09  8.54925E-09  5.16378E-13  9.39345E-13
  1.625E+01  1.99751E-02  8.79507E-09  8.50210E-09  5.10070E-13  9.50153E-13
  1.650E+01  2.05901E-02  8.60551E-09  8.45455E-09  5.03428E-13  9.60807E-13
  1.675E+01  2.12143E-02  8.41751E-09  8.40661E-09  4.96462E-13  9.71306E-13
  1.700E+01  2.18476E-02  8.23111E-09  8.35831E-09  4.89180E-13  9.81650E-13
  1.725E+01  2.24900E-02  8.04637E-09  8.30965E-09  4.81594E-13  9.91839E-13
  1.750E+01  2.31415E-02  7.86334E-09  8.26064E-09  4.73712E-13  1.00187E-12
  1.775E+01  2.38021E-02  7.68206E-09  8.21129E-09  4.65544E-13  1.01175E-12
  1.800E+01  2.44717E-02  7.50258E-09  8.16163E-09  4.57099E-13  1.02146E-12
  1.825E+01  2.51504E-02  7.32494E-09  8.11165E-09  4.48387E-13  1.03103E-12
  1.850E+01  2.58382E-02  7.14917E-09  8.06137E-09  4.39417E-13  1.04043E-12
  1.875E+01  2.65349E-02  6.97531E-09  8.01080E-09  4.30198E-13  1.04968E-12
  1.900E+01  2.72407E-02  6.80338E-09  7.95996E-09  4.20738E-13  1.05876E-12
  1.925E+01  2.79555E-02  6.63341E-09  7.90885E-09  4.11048E-13  1.06769E-12
  1.950E+01  2.86793E-02  6.46543E-09  7.85749E-09  4.01136E-13  1.07646E-12
  1.975E+01  2.94120E-02  6.29946E-09  7.80589E-09  3.91011E-13  1.08508E-12
  2.000E+01  3.01537E-02  6.13551E-09  7.75406E-09  3.80680E-13  1.09353E-12
  2.025E+01  3.09043E-02  5.97361E-09  7.70201E-09  3.70154E-13  1.10183E-12
  2.050E+01  3.16639E-02  5.81376E-09  7.64975E-09  3.59439E-13  1.10997E-12
  2.075E+01  3.24324E-02  5.65599E-09  7.59729E-09  3.48544E-13  1.11795E-12
  2.100E+01  3.32098E-02  5.50029E-09  7.54465E-09  3.37478E-13  1.12578E-12
  2.125E+01  3.39961E-02  5.34668E-09  7.49184E-09  3.26248E-13  1.13344E-12
  2.150E+01  3.47912E-02  5.19517E-09  7.43886E-09  3.14862E-13  1.14095E-12
  2.175E+01  3.55952E-02  5.04575E-09  7.38573E-09  3.03327E-13  1.14831E-12
  2.200E+01  3.64081E-02  4.89843E-09  7.33245E-09  2.91652E-13  1.15550E-12
  2.225E+01  3.72297E-02  4.75322E-09  7.27904E-09  2.79842E-13  1.16255E-12
  2.250E+01  3.80602E-02  4.61010E-09  7.22551E-09  2.67906E-13  1.16943E-12
  2.275E+01  3.88995E-02  4.46909E-09  7.17187E-09  2.55850E-13  1.17616E-12
  2.300E+01  3.97476E-02  4.33016E-09  7.11813E-09  2.43682E-13  1.18274E-12
  2.325E+01  4.06044E-02  4.19333E-09  7.06429E-09  2.31407E-13  1.18916E-12
  2.350E+01  4.14700E-02  4.05857E-09  7.01038E-09  2.19033E-13  1.19543E-12
  2.375E+01  4.23443E-02  3.92589E-09  6.95639E-09  2.06566E-13  1.20155E-12
  2.400E+01  4.32273E-02  3.79528E-09  6.90234E-09  1.94012E-13  1.20752E-12
  2.425E+01  4.41190E-02  3.66672E-09  6.84823E-09  1.81377E-13  1.21333E-12
  2.450E+01  4.50194E-02  3.54021E-09  6.79408E-09  1.68667E-13  1.21900E-12
  2.475E+01  4.59284E-02  3.41573E-09  6.73990E-09  1.55888E-13  1.22451E-12
  2.500E+01  4.68461E-02  3.29327E-09  6.68569E-09  1.43045E-13  1.22988E-12
  2.550E+01  4.87074E-02  3.05437E-09  6.57723E-09  1.17191E-13  1.24016E-12
  2.600E+01  5.06030E-02  2.82337E-09  6.46877E-09  9.11457E-14  1.24987E-12
  2.650E+01  5.25328E-02  2.60015E-09  6.36038E-09  6.49502E-14  1.25899E-12
  2.700E+01  5.44967E-02  2.38458E-09  6.25212E-09  3.86416E-14  1.26755E-12
  2.750E+01  5.64946E-02  2.17652E-09  6.14406E-09  1.22555E-14  1.27554E-12
  2.800E+01  5.85262E-02  1.97581E-09  6.03626E-09 -1.41749E-14  1.28298E-12
  2.850E+01  6.05914E-02  1.78230E-09  5.92877E-09 -4.06180E-14  1.28988E-12
  2.900E+01  6.26901E-02  1.59582E-09  5.82165E-09 -6.70444E-14  1.29624E-12
  2.950E+01  6.48222E-02  1.41622E-09  5.71496E-09 -9.34265E-14  1.30207E-12
  3.000E+01  6.69873E-02  1.24333E-09  5.60874E-09 -1.19738E-13  1.30738E-12
  3.050E+01  6.91854E-02  1.07698E-09  5.50304E-09 -1.45956E-13  1.31219E-12
  3.100E+01  7.14163E-02  9.17006E-10  5.39792E-09 -1.72056E-13  1.31649E-12
  3.150E+01  7.36799E-02  7.63238E-10  5.29341E-09 -1.98018E-13  1.32031E-12
  3.200E+01  7.59760E-02  6.15509E-10  5.18956E-09 -2.23823E-13  1.32365E-12
  3.250E+01  7.83043E-02  4.73651E-10  5.08640E-09 -2.49451E-13  1.32653E-12
  3.300E+01  8.06647E-02  3.37498E-10  4.98398E-09 -2.74887E-13  1.32894E-12
  3.350E+01  8.30571E-02  2.06886E-10  4.88233E-09 -3.00114E-13  1.33091E-12
  3.400E+01  8.54812E-02  8.16517E-11  4.78148E-09 -3.25119E-13  1.33244E-12
  3.450E+01  8.79369E-02 -3.83646E-11  4.68147E-09 -3.49887E-13  1.33354E-12
  3.500E+01  9.04240E-02 -1.53321E-10  4.58233E-09 -3.74407E-13  1.33423E-12
  3.550E+01  9.29422E-02 -2.63374E-10  4.48408E-09 -3.98667E-13  1.33451E-12
  3.600E+01  9.54915E-02 -3.68676E-10  4.38675E-09 -4.22657E-13  1.33439E-12
  3.650E+01  9.80716E-02 -4.69376E-10  4.29037E-09 -4.46368E-13  1.33389E-12
  3.700E+01  1.00682E-01 -5.65622E-10  4.19495E-09 -4.69791E-13  1.33302E-12
  3.750E+01  1.03323E-01 -6.57558E-10  4.10052E-09 -4.92918E-13  1.33178E-12
  3.800E+01  1.05995E-01 -7.45323E-10  4.00709E-09 -5.15743E-13  1.33019E-12
  3.850E+01  1.08696E-01 -8.29056E-10  3.91469E-09 -5.38259E-13  1.32825E-12
  3.900E+01  1.11427E-01 -9.08889E-10  3.82333E-09 -5.60461E-13  1.32598E-12
  3.950E+01  1.14188E-01 -9.84955E-10  3.73303E-09 -5.82343E-13  1.32338E-12
  4.000E+01  1.16978E-01 -1.05738E-09  3.64379E-09 -6.03901E-13  1.32048E-12
  4.050E+01  1.19797E-01 -1.12629E-09  3.55563E-09 -6.25132E-13  1.31726E-12
  4.100E+01  1.22645E-01 -1.19180E-09  3.46856E-09 -6.46033E-13  1.31376E-12
  4.150E+01  1.25522E-01 -1.25404E-09  3.38258E-09 -6.66599E-13  1.30996E-12
  4.200E+01  1.28428E-01 -1.31311E-09  3.29771E-09 -6.86830E-13  1.30590E-12
  4.250E+01  1.31361E-01 -1.36912E-09  3.21396E-09 -7.06723E-13  1.30156E-12
  4.300E+01  1.34323E-01 -1.42219E-09  3.13132E-09 -7.26277E-13  1.29697E-12
  4.350E+01  1.37313E-01 -1.47243E-09  3.04980E-09 -7.45490E-13  1.29213E-12
  4.400E+01  1.40330E-01 -1.51992E-09  2.96941E-09 -7.64362E-13  1.28706E-12
  4.450E+01  1.43375E-01 -1.56477E-09  2.89014E-09 -7.82892E-13  1.28175E-12
  4.500E+01  1.46447E-01 -1.60708E-09  2.81200E-09 -8.01081E-13  1.27622E-12
  4.550E+01  1.49545E-01 -1.64693E-09  2.73499E-09 -8.18929E-13  1.27048E-12
  4.600E+01  1.52671E-01 -1.68442E-09  2.65911E-09 -8.36435E-13  1.26453E-12
  4.650E+01  1.55823E-01 -1.71964E-09  2.58435E-09 -8.53601E-13  1.25839E-12
  4.700E+01  1.59001E-01 -1.75267E-09  2.51071E-09 -8.70428E-13  1.25206E-12
  4.750E+01  1.62205E-01 -1.78359E-09  2.43820E-09 -8.86916E-13  1.24554E-12
  4.800E+01  1.65435E-01 -1.81247E-09  2.36680E-09 -9.03068E-13  1.23886E-12
  4.850E+01  1.68690E-01 -1.83941E-09  2.29651E-09 -9.18884E-13  1.23201E-12
  4.900E+01  1.71970E-01 -1.86446E-09  2.22734E-09 -9.34367E-13  1.22500E-12
  4.950E+01  1.75276E-01 -1.88771E-09  2.15926E-09 -9.49518E-13  1.21783E-12
  5.000E+01  1.78606E-01 -1.90922E-09  2.09227E-09 -9.64339E-13  1.21053E-12
  5.050E+01  1.81961E-01 -1.92905E-09  2.02638E-09 -9.78832E-13  1.20308E-12
  5.100E+01  1.85340E-01 -1.94728E-09  1.96156E-09 -9.93000E-13  1.19551E-12
  5.150E+01  1.88743E-01 -1.96397E-09  1.89782E-09 -1.00685E-12  1.18781E-12
  5.200E+01  1.92169E-01 -1.97917E-09  1.83515E-09 -1.02037E-12  1.17999E-12
  5.250E+01  1.95619E-01 -1.99295E-09  1.77353E-09 -1.03358E-12  1.17206E-12
  5.300E+01  1.99092E-01 -2.00536E-09  1.71296E-09 -1.04647E-12  1.16403E-12
  5.350E+01  2.02589E-01 -2.01646E-09  1.65342E-09 -1.05905E-12  1.15589E-12
  5.400E+01  2.06107E-01 -2.02629E-09  1.59492E-09 -1.07132E-12  1.14766E-12
  5.450E+01  2.09649E-01 -2.03492E-09  1.53743E-09 -1.08328E-12  1.13934E-12
  5.500E+01  2.13212E-01 -2.04238E-09  1.48095E-09 -1.09494E-12  1.13094E-12
  5.550E+01  2.16797E-01 -2.04874E-09  1.42547E-09 -1.10630E-12  1.12246E-12
  5.600E+01  2.20404E-01 -2.05402E-09  1.37098E-09 -1.11737E-12  1.11391E-12
  5.650E+01  2.24032E-01 -2.05829E-09  1.31746E-09 -1.12813E-12  1.10529E-12
  5.700E+01  2.27680E-01 -2.06157E-09  1.26491E-09 -1.13861E-12  1.09661E-12
  5.750E+01  2.31350E-01 -2.06392E-09  1.21331E-09 -1.14880E-12  1.08787E-12
  5.800E+01  2.35040E-01 -2.06537E-09  1.16265E-09 -1.15870E-12  1.07907E-12
  5.850E+01  2.38751E-01 -2.06596E-09  1.11293E-09 -1.16832E-12  1.07023E-12
  5.900E+01  2.42481E-01 -2.06572E-09  1.06412E-09 -1.17767E-12  1.06134E-12
  5.950E+01  2.46231E-01 -2.06470E-09  1.01623E-09 -1.18673E-12  1.05241E-12
  6.000E+01  2.50000E-01 -2.06293E-09  9.69222E-10 -1.19553E-12  1.04344E-12
  6.050E+01  2.53788E-01 -2.06044E-09  9.23102E-10 -1.20406E-12  1.03444E-12
  6.100E+01  2.57595E-01 -2.05727E-09  8.77855E-10 -1.21232E-12  1.02542E-12
  6.150E+01  2.61421E-01 -2.05344E-09  8.33466E-10 -1.22032E-12  1.01636E-12
  6.200E+01  2.65264E-01 -2.04898E-09  7.89925E-10 -1.22806E-12  1.00729E-12
  6.250E+01  2.69126E-01 -2.04393E-09  7.47220E-10 -1.23554E-12  9.98191E-13
  6.300E+01  2.73005E-01 -2.03831E-09  7.05338E-10 -1.24278E-12  9.89082E-13
  6.350E+01  2.76901E-01 -2.03214E-09  6.64268E-10 -1.24976E-12  9.79961E-13
  6.400E+01  2.80814E-01 -2.02546E-09  6.23996E-10 -1.25650E-12  9.70831E-13
  6.450E+01  2.84744E-01 -2.01829E-09  5.84512E-10 -1.26299E-12  9.61696E-13
  6.500E+01  2.88691E-01 -2.01066E-09  5.45803E-10 -1.26925E-12  9.52558E-13
  6.550E+01  2.92653E-01 -2.00258E-09  5.07857E-10 -1.27526E-12  9.43420E-13
  6.600E+01  2.96632E-01 -1.99408E-09  4.70663E-10 -1.28105E-12  9.34285E-13
  6.650E+01  3.00625E-01 -1.98518E-09  4.34208E-10 -1.28660E-12  9.25155E-13
  6.700E+01  3.04634E-01 -1.97590E-09  3.98480E-10 -1.29193E-12  9.16033E-13
  6.750E+01  3.08658E-01 -1.96626E-09  3.63469E-10 -1.29703E-12  9.06921E-13
  6.800E+01  3.12697E-01 -1.95628E-09  3.29162E-10 -1.30192E-12  8.97822E-13
  6.850E+01  3.16749E-01 -1.94598E-09  2.95548E-10 -1.30658E-12  8.88739E-13
  6.900E+01  3.20816E-01 -1.93538E-09  2.62615E-10 -1.31103E-12  8.79672E-13
  6.950E+01  3.24896E-01 -1.92448E-09  2.30351E-10 -1.31527E-12  8.70625E-13
  7.000E+01  3.28990E-01 -1.91332E-09  1.98747E-10 -1.31930E-12  8.61599E-13
  7.050E+01  3.33097E-01 -1.90191E-09  1.67789E-10 -1.32312E-12  8.52596E-13
  7.100E+01  3.37216E-01 -1.89026E-09  1.37468E-10 -1.32674E-12  8.43618E-13
  7.150E+01  3.41348E-01 -1.87838E-09  1.07773E-10 -1.33016E-12  8.34668E-13
  7.200E+01  3.45492E-01 -1.86629E-09  7.86915E-11 -1.33338E-12  8.25746E-13
  7.250E+01  3.49647E-01 -1.85401E-09  5.02139E-11 -1.33641E-12  8.16854E-13
  7.300E+01  3.53814E-01 -1.84154E-09  2.23294E-11 -1.33924E-12  8.07995E-13
  7.350E+01  3.57992E-01 -1.82890E-09 -4.97261E-12 -1.34189E-12  7.99169E-13
  7.400E+01  3.62181E-01 -1.81610E-09 -3.17025E-11 -1.34435E-12  7.90377E-13
  7.450E+01  3.66381E-01 -1.80316E-09 -5.78705E-11 -1.34662E-12  7.81623E-13
  7.500E+01  3.70590E-01 -1.79008E-09 -8.34868E-11 -1.34872E-12  7.72906E-13
  7.550E+01  3.74810E-01 -1.77687E-09 -1.08561E-10 -1.35063E-12  7.64227E-13
  7.600E+01  3.79039E-01 -1.76355E-09 -1.33104E-10 -1.35237E-12  7.55590E-13
  7.650E+01  3.83277E-01 -1.75013E-09 -1.57125E-10 -1.35394E-12  7.46993E-13
  7.700E+01  3.87524E-01 -1.73661E-09 -1.80634E-10 -1.35533E-12  7.38440E-13
  7.750E+01  3.91780E-01 -1.72300E-09 -2.03639E-10 -1.35656E-12  7.29929E-13
  7.800E+01  3.96044E-01 -1.70931E-09 -2.26151E-10 -1.35762E-12  7.21464E-13
  7.850E+01  4.00316E-01 -1.69556E-09 -2.48179E-10 -1.35851E-12  7.13044E-13
  7.900E+01  4.04596E-01 -1.68174E-09 -2.69732E-10 -1.35925E-12  7.04671E-13
  7.950E+01  4.08882E-01 -1.66787E-09 -2.90819E-10 -1.35982E-12  6.96346E-13
  8.000E+01  4.13176E-01 -1.65396E-09 -3.11448E-10 -1.36024E-12  6.88068E-13
  8.050E+01  4.17476E-01 -1.64000E-09 -3.31629E-10 -1.36051E-12  6.79840E-13
  8.100E+01  4.21783E-01 -1.62602E-09 -3.51370E-10 -1.36062E-12  6.71662E-13
  8.150E+01  4.26095E-01 -1.61200E-09 -3.70679E-10 -1.36058E-12  6.63535E-13
  8.200E+01  4.30413E-01 -1.59797E-09 -3.89565E-10 -1.36040E-12  6.55459E-13
  8.250E+01  4.34737E-01 -1.58392E-09 -4.08036E-10 -1.36007E-12  6.47435E-13
  8.300E+01  4.39065E-01 -1.56987E-09 -4.26100E-10 -1.35959E-12  6.39463E-13
  8.350E+01  4.43398E-01 -1.55582E-09 -4.43765E-10 -1.35898E-12  6.31545E-13
  8.400E+01  4.47736E-01 -1.54176E-09 -4.61039E-10 -1.35822E-12  6.23681E-13
  8.450E+01  4.52077E-01 -1.52772E-09 -4.77930E-10 -1.35733E-12  6.15871E-13
  8.500E+01  4.56422E-01 -1.51369E-09 -4.94444E-10 -1.35630E-12  6.08115E-13
  8.550E+01  4.60770E-01 -1.49967E-09 -5.10590E-10 -1.35514E-12  6.00415E-13
  8.600E+01  4.65122E-01 -1.48568E-09 -5.26375E-10 -1.35385E-12  5.92771E-13
  8.650E+01  4.69476E-01 -1.47171E-09 -5.41805E-10 -1.35243E-12  5.85183E-13
  8.700E+01  4.73832E-01 -1.45777E-09 -5.56889E-10 -1.35088E-12  5.77651E-13
  8.750E+01  4.78190E-01 -1.44387E-09 -5.71633E-10 -1.34920E-12  5.70176E-13
  8.800E+01  4.82550E-01 -1.43001E-09 -5.86044E-10 -1.34740E-12  5.62758E-13
  8.850E+01  4.86912E-01 -1.41618E-09 -6.00128E-10 -1.34548E-12  5.55398E-13
  8.900E+01  4.91274E-01 -1.40240E-09 -6.13892E-10 -1.34344E-12  5.48095E-13
  8.950E+01  4.95637E-01 -1.38866E-09 -6.27343E-10 -1.34128E-12  5.40850E-13
  9.000E+01  5.00000E-01 -1.37498E-09 -6.40486E-10 -1.33900E-12  5.33664E-13
  9.050E+01  5.04363E-01 -1.36135E-09 -6.53329E-10 -1.33661E-12  5.26536E-13
  9.100E+01  5.08726E-01 -1.34778E-09 -6.65877E-10 -1.33410E-12  5.19466E-13
  9.150E+01  5.13088E-01 -1.33426E-09 -6.78137E-10 -1.33149E-12  5.12455E-13
  9.200E+01  5.17450E-01 -1.32080E-09 -6.90113E-10 -1.32876E-12  5.05503E-13
  9.250E+01  5.21810E-01 -1.30741E-09 -7.01813E-10 -1.32592E-12  4.98610E-13
  9.300E+01  5.26168E-01 -1.29408E-09 -7.13241E-10 -1.32298E-12  4.91776E-13
  9.350E+01  5.30524E-01 -1.28082E-09 -7.24404E-10 -1.31993E-12  4.85001E-13
  9.400E+01  5.34878E-01 -1.26763E-09 -7.35307E-10 -1.31677E-12  4.78286E-13
  9.450E+01  5.39230E-01 -1.25452E-09 -7.45954E-10 -1.31352E-12  4.71630E-13
  9.500E+01  5.43578E-01 -1.24147E-09 -7.56353E-10 -1.31016E-12  4.65033E-13
  9.550E+01  5.47923E-01 -1.22850E-09 -7.66507E-10 -1.30670E-12  4.58496E-13
  9.600E+01  5.52264E-01 -1.21560E-09 -7.76421E-10 -1.30314E-12  4.52018E-13
  9.650E+01  5.56602E-01 -1.20278E-09 -7.86102E-10 -1.29949E-12  4.45599E-13
  9.700E+01  5.60935E-01 -1.19005E-09 -7.95553E-10 -1.29574E-12  4.39240E-13
  9.750E+01  5.65263E-01 -1.17739E-09 -8.04779E-10 -1.29190E-12  4.32941E-13
  9.800E+01  5.69587E-01 -1.16481E-09 -8.13786E-10 -1.28797E-12  4.26700E-13
  9.850E+01  5.73905E-01 -1.15232E-09 -8.22578E-10 -1.28394E-12  4.20519E-13
  9.900E+01  5.78217E-01 -1.13991E-09 -8.31159E-10 -1.27982E-12  4.14397E-13
  9.950E+01  5.82524E-01 -1.12758E-09 -8.39534E-10 -1.27562E-12  4.08335E-13
  1.000E+02  5.86824E-01 -1.11534E-09 -8.47707E-10 -1.27132E-12  4.02331E-13
  1.005E+02  5.91118E-01 -1.10319E-09 -8.55682E-10 -1.26694E-12  3.96386E-13
  1.010E+02  5.95404E-01 -1.09113E-09 -8.63464E-10 -1.26248E-12  3.90501E-13
  1.015E+02  5.99684E-01 -1.07915E-09 -8.71057E-10 -1.25793E-12  3.84673E-13
  1.020E+02  6.03956E-01 -1.06726E-09 -8.78465E-10 -1.25330E-12  3.78905E-13
  1.025E+02  6.08220E-01 -1.05546E-09 -8.85691E-10 -1.24859E-12  3.73195E-13
  1.030E+02  6.12476E-01 -1.04375E-09 -8.92741E-10 -1.24380E-12  3.67543E-13
  1.035E+02  6.16723E-01 -1.03214E-09 -8.99616E-10 -1.23892E-12  3.61950E-13
  1.040E+02  6.20961E-01 -1.02061E-09 -9.06322E-10 -1.23397E-12  3.56414E-13
  1.045E+02  6.25190E-01 -1.00917E-09 -9.12862E-10 -1.22894E-12  3.50936E-13
  1.050E+02  6.29410E-01 -9.97830E-10 -9.19239E-10 -1.22384E-12  3.45516E-13
  1.055E+02  6.33619E-01 -9.86579E-10 -9.25457E-10 -1.21866E-12  3.40154E-13
  1.060E+02  6.37819E-01 -9.75420E-10 -9.31520E-10 -1.21341E-12  3.34849E-13
  1.065E+02  6.42008E-01 -9.64354E-10 -9.37430E-10 -1.20809E-12  3.29600E-13
  1.070E+02  6.46186E-01 -9.53381E-10 -9.43192E-10 -1.20269E-12  3.24409E-13
  1.075E+02  6.50353E-01 -9.42502E-10 -9.48808E-10 -1.19722E-12  3.19274E-13
  1.080E+02  6.54508E-01 -9.31715E-10 -9.54281E-10 -1.19168E-12  3.14196E-13
  1.085E+02  6.58652E-01 -9.21022E-10 -9.59615E-10 -1.18608E-12  3.09174E-13
  1.090E+02  6.62784E-01 -9.10423E-10 -9.64813E-10 -1.18041E-12  3.04208E-13
  1.095E+02  6.66903E-01 -8.99918E-10 -9.69877E-10 -1.17466E-12  2.99297E-13
  1.100E+02  6.71010E-01 -8.89506E-10 -9.74811E-10 -1.16886E-12  2.94442E-13
  1.105E+02  6.75104E-01 -8.79187E-10 -9.79618E-10 -1.16299E-12  2.89643E-13
  1.110E+02  6.79184E-01 -8.68963E-10 -9.84300E-10 -1.15705E-12  2.84898E-13
  1.115E+02  6.83251E-01 -8.58832E-10 -9.88860E-10 -1.15105E-12  2.80208E-13
  1.120E+02  6.87303E-01 -8.48794E-10 -9.93301E-10 -1.14499E-12  2.75572E-13
  1.125E+02  6.91342E-01 -8.38850E-10 -9.97625E-10 -1.13887E-12  2.70991E-13
  1.130E+02  6.95366E-01 -8.29000E-10 -1.00184E-09 -1.13269E-12  2.66463E-13
  1.135E+02  6.99375E-01 -8.19242E-10 -1.00593E-09 -1.12644E-12  2.61990E-13
  1.140E+02  7.03368E-01 -8.09578E-10 -1.00993E-09 -1.12014E-12  2.57569E-13
  1.145E+02  7.07347E-01 -8.00007E-10 -1.01381E-09 -1.11378E-12  2.53202E-13
  1.150E+02  7.11309E-01 -7.90528E-10 -1.01759E-09 -1.10737E-12  2.48887E-13
  1.155E+02  7.15256E-01 -7.81142E-10 -1.02127E-09 -1.10089E-12  2.44625E-13
  1.160E+02  7.19186E-01 -7.71849E-10 -1.02485E-09 -1.09436E-12  2.40415E-13
  1.165E+02  7.23099E-01 -7.62647E-10 -1.02833E-09 -1.08778E-12  2.36256E-13
  1.170E+02  7.26995E-01 -7.53538E-10 -1.03171E-09 -1.08114E-12  2.32150E-13
  1.175E+02  7.30874E-01 -7.44520E-10 -1.03501E-09 -1.07445E-12  2.28094E-13
  1.180E+02  7.34736E-01 -7.35593E-10 -1.03821E-09 -1.06771E-12  2.24090E-13
  1.185E+02  7.38579E-01 -7.26757E-10 -1.04133E-09 -1.06091E-12  2.20136E-13
  1.190E+02  7.42405E-01 -7.18012E-10 -1.04435E-09 -1.05407E-12  2.16233E-13
  1.195E+02  7.46212E-01 -7.09358E-10 -1.04730E-09 -1.04717E-12  2.12379E-13
  1.200E+02  7.50000E-01 -7.00794E-10 -1.05016E-09 -1.04022E-12  2.08575E-13
  1.205E+02  7.53769E-01 -6.92320E-10 -1.05294E-09 -1.03323E-12  2.04821E-13
  1.210E+02  7.57519E-01 -6.83935E-10 -1.05564E-09 -1.02619E-12  2.01115E-13
  1.215E+02  7.61249E-01 -6.75640E-10 -1.05827E-09 -1.01910E-12  1.97458E-13
  1.220E+02  7.64960E-01 -6.67433E-10 -1.06082E-09 -1.01196E-12  1.93850E-13
  1.225E+02  7.68650E-01 -6.59315E-10 -1.06329E-09 -1.00477E-12  1.90289E-13
  1.230E+02  7.72320E-01 -6.51286E-10 -1.06570E-09 -9.97545E-13  1.86776E-13
  1.235E+02  7.75968E-01 -6.43344E-10 -1.06803E-09 -9.90271E-13  1.83310E-13
  1.240E+02  7.79596E-01 -6.35489E-10 -1.07030E-09 -9.82953E-13  1.79892E-13
  1.245E+02  7.83203E-01 -6.27722E-10 -1.07250E-09 -9.75591E-13  1.76520E-13
  1.250E+02  7.86788E-01 -6.20042E-10 -1.07463E-09 -9.68186E-13  1.73194E-13
  1.255E+02  7.90351E-01 -6.12447E-10 -1.07670E-09 -9.60739E-13  1.69914E-13
  1.260E+02  7.93893E-01 -6.04939E-10 -1.07871E-09 -9.53250E-13  1.66679E-13
  1.265E+02  7.97411E-01 -5.97517E-10 -1.08066E-09 -9.45721E-13  1.63490E-13
  1.270E+02  8.00908E-01 -5.90180E-10 -1.08255E-09 -9.38150E-13  1.60346E-13
  1.275E+02  8.04381E-01 -5.82927E-10 -1.08439E-09 -9.30540E-13  1.57246E-13
  1.280E+02  8.07831E-01 -5.75760E-10 -1.08616E-09 -9.22890E-13  1.54190E-13
  1.285E+02  8.11257E-01 -5.68676E-10 -1.08788E-09 -9.15202E-13  1.51177E-13
  1.290E+02  8.14660E-01 -5.61676E-10 -1.08955E-09 -9.07476E-13  1.48209E-13
  1.295E+02  8.18039E-01 -5.54759E-10 -1.09117E-09 -8.99712E-13  1.45283E-13
  1.300E+02  8.21394E-01 -5.47926E-10 -1.09273E-09 -8.91911E-13  1.42400E-13
  1.305E+02  8.24724E-01 -5.41175E-10 -1.09425E-09 -8.84073E-13  1.39559E-13
  1.310E+02  8.28030E-01 -5.34506E-10 -1.09572E-09 -8.76200E-13  1.36760E-13
  1.315E+02  8.31310E-01 -5.27919E-10 -1.09714E-09 -8.68291E-13  1.34002E-13
  1.320E+02  8.34565E-01 -5.21413E-10 -1.09851E-09 -8.60347E-13  1.31285E-13
  1.325E+02  8.37795E-01 -5.14988E-10 -1.09984E-09 -8.52369E-13  1.28610E-13
  1.330E+02  8.40999E-01 -5.08644E-10 -1.10113E-09 -8.44357E-13  1.25974E-13
  1.335E+02  8.44177E-01 -5.02380E-10 -1.10238E-09 -8.36312E-13  1.23379E-13
  1.340E+02  8.47329E-01 -4.96197E-10 -1.10358E-09 -8.28234E-13  1.20823E-13
  1.345E+02  8.50455E-01 -4.90092E-10 -1.10474E-09 -8.20124E-13  1.18306E-13
  1.350E+02  8.53553E-01 -4.84067E-10 -1.10587E-09 -8.11982E-13  1.15828E-13
  1.355E+02  8.56625E-01 -4.78120E-10 -1.10695E-09 -8.03808E-13  1.13389E-13
  1.360E+02  8.59670E-01 -4.72252E-10 -1.10800E-09 -7.95604E-13  1.10987E-13
  1.365E+02  8.62687E-01 -4.66461E-10 -1.10901E-09 -7.87370E-13  1.08623E-13
  1.370E+02  8.65677E-01 -4.60748E-10 -1.10999E-09 -7.79105E-13  1.06297E-13
  1.375E+02  8.68639E-01 -4.55113E-10 -1.11093E-09 -7.70812E-13  1.04007E-13
  1.380E+02  8.71572E-01 -4.49554E-10 -1.11184E-09 -7.62489E-13  1.01754E-13
  1.385E+02  8.74478E-01 -4.44072E-10 -1.11272E-09 -7.54138E-13  9.95367E-14
  1.390E+02  8.77355E-01 -4.38666E-10 -1.11357E-09 -7.45759E-13  9.73551E-14
  1.395E+02  8.80203E-01 -4.33335E-10 -1.11438E-09 -7.37353E-13  9.52088E-14
  1.400E+02  8.83022E-01 -4.28080E-10 -1.11517E-09 -7.28919E-13  9.30973E-14
  1.405E+02  8.85812E-01 -4.22900E-10 -1.11592E-09 -7.20459E-13  9.10203E-14
  1.410E+02  8.88573E-01 -4.17795E-10 -1.11665E-09 -7.11973E-13  8.89774E-14
  1.415E+02  8.91304E-01 -4.12764E-10 -1.11735E-09 -7.03461E-13  8.69681E-14
  1.420E+02  8.94005E-01 -4.07807E-10 -1.11803E-09 -6.94923E-13  8.49920E-14
  1.425E+02  8.96677E-01 -4.02924E-10 -1.11868E-09 -6.86361E-13  8.30488E-14
  1.430E+02  8.99318E-01 -3.98114E-10 -1.11930E-09 -6.77774E-13  8.11380E-14
  1.435E+02  9.01928E-01 -3.93376E-10 -1.11990E-09 -6.69164E-13  7.92592E-14
  1.440E+02  9.04508E-01 -3.88712E-10 -1.12048E-09 -6.60529E-13  7.74120E-14
  1.445E+02  9.07058E-01 -3.84120E-10 -1.12103E-09 -6.51872E-13  7.55961E-14
  1.450E+02  9.09576E-01 -3.79600E-10 -1.12157E-09 -6.43191E-13  7.38109E-14
  1.455E+02  9.12063E-01 -3.75151E-10 -1.12208E-09 -6.34488E-13  7.20561E-14
  1.460E+02  9.14519E-01 -3.70774E-10 -1.12257E-09 -6.25763E-13  7.03312E-14
  1.465E+02  9.16943E-01 -3.66468E-10 -1.12304E-09 -6.17017E-13  6.86359E-14
  1.470E+02  9.19335E-01 -3.62233E-10 -1.12349E-09 -6.08249E-13  6.69697E-14
  1.475E+02  9.21696E-01 -3.58068E-10 -1.12392E-09 -5.99461E-13  6.53323E-14
  1.480E+02  9.24024E-01 -3.53973E-10 -1.12433E-09 -5.90652E-13  6.37231E-14
  1.485E+02  9.26320E-01 -3.49948E-10 -1.12472E-09 -5.81823E-13  6.21419E-14
  1.490E+02  9.28584E-01 -3.45992E-10 -1.12510E-09 -5.72974E-13  6.05881E-14
  1.495E+02  9.30815E-01 -3.42106E-10 -1.12546E-09 -5.64106E-13  5.90613E-14
  1.500E+02  9.33013E-01 -3.38289E-10 -1.12581E-09 -5.55219E-13  5.75611E-14
  1.505E+02  9.35178E-01 -3.34540E-10 -1.12614E-09 -5.46313E-13  5.60872E-14
  1.510E+02  9.37310E-01 -3.30860E-10 -1.12645E-09 -5.37390E-13  5.46390E-14
  1.515E+02  9.39409E-01 -3.27247E-10 -1.12676E-09 -5.28448E-13  5.32162E-14
  1.520E+02  9.41474E-01 -3.23703E-10 -1.12704E-09 -5.19489E-13  5.18183E-14
  1.525E+02  9.43505E-01 -3.20227E-10 -1.12732E-09 -5.10513E-13  5.04450E-14
  1.530E+02  9.45503E-01 -3.16817E-10 -1.12758E-09 -5.01520E-13  4.90957E-14
  1.535E+02  9.47467E-01 -3.13475E-10 -1.12782E-09 -4.92511E-13  4.77701E-14
  1.540E+02  9.49397E-01 -3.10199E-10 -1.12806E-09 -4.83485E-13  4.64677E-14
  1.545E+02  9.51293E-01 -3.06991E-10 -1.12828E-09 -4.74444E-13  4.51881E-14
  1.550E+02  9.53154E-01 -3.03848E-10 -1.12850E-09 -4.65388E-13  4.39309E-14
  1.555E+02  9.54981E-01 -3.00772E-10 -1.12870E-09 -4.56316E-13  4.26956E-14
  1.560E+02  9.56773E-01 -2.97761E-10 -1.12889E-09 -4.47230E-13  4.14819E-14
  1.565E+02  9.58530E-01 -2.94816E-10 -1.12907E-09 -4.38130E-13  4.02892E-14
  1.570E+02  9.60252E-01 -2.91937E-10 -1.12925E-09 -4.29015E-13  3.91173E-14
  1.575E+02  9.61940E-01 -2.89122E-10 -1.12941E-09 -4.19887E-13  3.79655E-14
  1.580E+02  9.63592E-01 -2.86373E-10 -1.12957E-09 -4.10746E-13  3.68335E-14
  1.585E+02  9.65209E-01 -2.83689E-10 -1.12971E-09 -4.01591E-13  3.57210E-14
  1.590E+02  9.66790E-01 -2.81069E-10 -1.12985E-09 -3.92424E-13  3.46273E-14
  1.595E+02  9.68336E-01 -2.78513E-10 -1.12998E-09 -3.83244E-13  3.35521E-14
  1.600E+02  9.69846E-01 -2.76022E-10 -1.13011E-09 -3.74052E-13  3.24951E-14
  1.605E+02  9.71321E-01 -2.73595E-10 -1.13022E-09 -3.64849E-13  3.14556E-14
  1.610E+02  9.72759E-01 -2.71231E-10 -1.13033E-09 -3.55634E-13  3.04334E-14
  1.615E+02  9.74162E-01 -2.68931E-10 -1.13043E-09 -3.46408E-13  2.94279E-14
  1.620E+02  9.75528E-01 -2.66695E-10 -1.13053E-09 -3.37172E-13  2.84387E-14
  1.625E+02  9.76858E-01 -2.64522E-10 -1.13062E-09 -3.27925E-13  2.74654E-14
  1.630E+02  9.78152E-01 -2.62411E-10 -1.13071E-09 -3.18667E-13  2.65076E-14
  1.635E+02  9.79410E-01 -2.60364E-10 -1.13079E-09 -3.09400E-13  2.55648E-14
  1.640E+02  9.80631E-01 -2.58380E-10 -1.13086E-09 -3.00123E-13  2.46366E-14
  1.645E+02  9.81815E-01 -2.56458E-10 -1.13093E-09 -2.90837E-13  2.37226E-14
  1.650E+02  9.82963E-01 -2.54599E-10 -1.13100E-09 -2.81542E-13  2.28222E-14
  1.655E+02  9.84074E-01 -2.52802E-10 -1.13106E-09 -2.72239E-13  2.19351E-14
  1.660E+02  9.85148E-01 -2.51068E-10 -1.13112E-09 -2.62927E-13  2.10609E-14
  1.665E+02  9.86185E-01 -2.49395E-10 -1.13117E-09 -2.53607E-13  2.01990E-14
  1.670E+02  9.87185E-01 -2.47785E-10 -1.13122E-09 -2.44279E-13  1.93491E-14
  1.675E+02  9.88148E-01 -2.46236E-10 -1.13127E-09 -2.34944E-13  1.85107E-14
  1.680E+02  9.89074E-01 -2.44749E-10 -1.13131E-09 -2.25602E-13  1.76834E-14
  1.685E+02  9.89962E-01 -2.43323E-10 -1.13135E-09 -2.16253E-13  1.68667E-14
  1.690E+02  9.90814E-01 -2.41959E-10 -1.13138E-09 -2.06898E-13  1.60601E-14
  1.695E+02  9.91627E-01 -2.40656E-10 -1.13142E-09 -1.97536E-13  1.52634E-14
  1.700E+02  9.92404E-01 -2.39415E-10 -1.13145E-09 -1.88168E-13  1.44759E-14
  1.705E+02  9.93143E-01 -2.38235E-10 -1.13148E-09 -1.78794E-13  1.36973E-14
  1.710E+02  9.93844E-01 -2.37116E-10 -1.13150E-09 -1.69415E-13  1.29272E-14
  1.715E+02  9.94508E-01 -2.36057E-10 -1.13153E-09 -1.60031E-13  1.21650E-14
  1.720E+02  9.95134E-01 -2.35060E-10 -1.13155E-09 -1.50643E-13  1.14104E-14
  1.725E+02  9.95722E-01 -2.34124E-10 -1.13157E-09 -1.41249E-13  1.06628E-14
  1.730E+02  9.96273E-01 -2.33248E-10 -1.13159E-09 -1.31852E-13  9.92192E-15
  1.735E+02  9.96786E-01 -2.32433E-10 -1.13161E-09 -1.22450E-13  9.18725E-15
  1.740E+02  9.97261E-01 -2.31679E-10 -1.13162E-09 -1.13045E-13  8.45834E-15
  1.745E+02  9.97698E-01 -2.30985E-10 -1.13163E-09 -1.03637E-13  7.73476E-15
  1.750E+02  9.98097E-01 -2.30352E-10 -1.13165E-09 -9.42249E-14  7.01606E-15
  1.755E+02  9.98459E-01 -2.29779E-10 -1.13166E-09 -8.48104E-14  6.30180E-15
  1.760E+02  9.98782E-01 -2.29266E-10 -1.13167E-09 -7.53934E-14  5.59153E-15
  1.765E+02  9.99067E-01 -2.28814E-10 -1.13167E-09 -6.59741E-14  4.88482E-15
  1.770E+02  9.99315E-01 -2.28423E-10 -1.13168E-09 -5.65529E-14  4.18122E-15
  1.775E+02  9.99524E-01 -2.28091E-10 -1.13169E-09 -4.71300E-14  3.48028E-15
  1.780E+02  9.99695E-01 -2.27820E-10 -1.13169E-09 -3.77057E-14  2.78156E-15
  1.785E+02  9.99829E-01 -2.27609E-10 -1.13170E-09 -2.82802E-14  2.08461E-15
  1.790E+02  9.99924E-01 -2.27459E-10 -1.13170E-09 -1.88540E-14  1.38900E-15
  1.795E+02  9.99981E-01 -2.27368E-10 -1.13170E-09 -9.42712E-15  6.94279E-16
  1.800E+02  1.00000E+00 -2.27338E-10 -1.13170E-09 -1.32295E-28  9.74207E-30
