 #  Scattering amplitudes (in cm)      MU=(1-cos(TH))/2
 #  Z =   8,   projectile: electron
 #  Kinetic energy = 2.78000E+02 eV
 #
 # TH (deg)      MU          Re(F)        Im(F)        Re(G)        Im(G)
 #--------------------------------------------------------------------------
  0.000E+00  0.00000E+00  1.29968E-08  9.00438E-09  0.00000E+00  0.00000E+00
  1.000E-04  7.61557E-13  1.29968E-08  9.00438E-09  3.73083E-18  6.37333E-18
  1.250E-04  1.18994E-12  1.29968E-08  9.00438E-09  4.66354E-18  7.96667E-18
  1.500E-04  1.71346E-12  1.29968E-08  9.00438E-09  5.59625E-18  9.56000E-18
  1.750E-04  2.33225E-12  1.29968E-08  9.00438E-09  6.52896E-18  1.11533E-17
  2.000E-04  3.04617E-12  1.29968E-08  9.00438E-09  7.46166E-18  1.27467E-17
  2.250E-04  3.85530E-12  1.29968E-08  9.00438E-09  8.39437E-18  1.43400E-17
  2.500E-04  4.75964E-12  1.29968E-08  9.00438E-09  9.32708E-18  1.59333E-17
  2.750E-04  5.75917E-12  1.29968E-08  9.00438E-09  1.02598E-17  1.75267E-17
  3.000E-04  6.85391E-12  1.29968E-08  9.00438E-09  1.11925E-17  1.91200E-17
  3.250E-04  8.04379E-12  1.29968E-08  9.00438E-09  1.21252E-17  2.07133E-17
  3.500E-04  9.32893E-12  1.29968E-08  9.00438E-09  1.30579E-17  2.23067E-17
  3.750E-04  1.07092E-11  1.29968E-08  9.00438E-09  1.39906E-17  2.39000E-17
  4.000E-04  1.21847E-11  1.29968E-08  9.00438E-09  1.49233E-17  2.54933E-17
  4.250E-04  1.37554E-11  1.29968E-08  9.00438E-09  1.58560E-17  2.70867E-17
  4.500E-04  1.54213E-11  1.29968E-08  9.00438E-09  1.67887E-17  2.86800E-17
  4.750E-04  1.71823E-11  1.29968E-08  9.00438E-09  1.77215E-17  3.02733E-17
  5.000E-04  1.90386E-11  1.29968E-08  9.00438E-09  1.86542E-17  3.18667E-17
  5.250E-04  2.09900E-11  1.29968E-08  9.00438E-09  1.95869E-17  3.34600E-17
  5.500E-04  2.30367E-11  1.29968E-08  9.00438E-09  2.05196E-17  3.50533E-17
  5.750E-04  2.51785E-11  1.29968E-08  9.00438E-09  2.14523E-17  3.66467E-17
  6.000E-04  2.74156E-11  1.29968E-08  9.00438E-09  2.23850E-17  3.82400E-17
  6.250E-04  2.97478E-11  1.29968E-08  9.00438E-09  2.33177E-17  3.98333E-17
  6.500E-04  3.21752E-11  1.29968E-08  9.00438E-09  2.42504E-17  4.14267E-17
  6.750E-04  3.46979E-11  1.29968E-08  9.00438E-09  2.51831E-17  4.30200E-17
  7.000E-04  3.73157E-11  1.29968E-08  9.00438E-09  2.61158E-17  4.46133E-17
  7.250E-04  4.00286E-11  1.29968E-08  9.00438E-09  2.70485E-17  4.62067E-17
  7.500E-04  4.28368E-11  1.29968E-08  9.00438E-09  2.79812E-17  4.78000E-17
  7.750E-04  4.57402E-11  1.29968E-08  9.00438E-09  2.89139E-17  4.93933E-17
  8.000E-04  4.87388E-11  1.29968E-08  9.00438E-09  2.98467E-17  5.09867E-17
  8.250E-04  5.18325E-11  1.29968E-08  9.00438E-09  3.07794E-17  5.25800E-17
  8.500E-04  5.50215E-11  1.29968E-08  9.00438E-09  3.17121E-17  5.41733E-17
  8.750E-04  5.83057E-11  1.29968E-08  9.00438E-09  3.26448E-17  5.57667E-17
  9.000E-04  6.16850E-11  1.29968E-08  9.00438E-09  3.35775E-17  5.73600E-17
  9.250E-04  6.51595E-11  1.29968E-08  9.00438E-09  3.45102E-17  5.89533E-17
  9.500E-04  6.87293E-11  1.29968E-08  9.00438E-09  3.54429E-17  6.05467E-17
  9.750E-04  7.23943E-11  1.29968E-08  9.00438E-09  3.63756E-17  6.21400E-17
  1.000E-03  7.61544E-11  1.29968E-08  9.00438E-09  3.73083E-17  6.37333E-17
  1.250E-03  1.18991E-10  1.29968E-08  9.00438E-09  4.66354E-17  7.96667E-17
  1.500E-03  1.71347E-10  1.29968E-08  9.00438E-09  5.59625E-17  9.56000E-17
  1.750E-03  2.33223E-10  1.29968E-08  9.00438E-09  6.52896E-17  1.11533E-16
  2.000E-03  3.04617E-10  1.29968E-08  9.00438E-09  7.46166E-17  1.27467E-16
  2.250E-03  3.85531E-10  1.29968E-08  9.00438E-09  8.39437E-17  1.43400E-16
  2.500E-03  4.75965E-10  1.29968E-08  9.00438E-09  9.32708E-17  1.59333E-16
  2.750E-03  5.75917E-10  1.29968E-08  9.00438E-09  1.02598E-16  1.75267E-16
  3.000E-03  6.85389E-10  1.29968E-08  9.00438E-09  1.11925E-16  1.91200E-16
  3.250E-03  8.04380E-10  1.29968E-08  9.00438E-09  1.21252E-16  2.07133E-16
  3.500E-03  9.32891E-10  1.29968E-08  9.00438E-09  1.30579E-16  2.23067E-16
  3.750E-03  1.07092E-09  1.29968E-08  9.00438E-09  1.39906E-16  2.39000E-16
  4.000E-03  1.21847E-09  1.29968E-08  9.00438E-09  1.49233E-16  2.54933E-16
  4.250E-03  1.37554E-09  1.29968E-08  9.00438E-09  1.58560E-16  2.70867E-16
  4.500E-03  1.54213E-09  1.29968E-08  9.00438E-09  1.67887E-16  2.86800E-16
  4.750E-03  1.71823E-09  1.29968E-08  9.00438E-09  1.77215E-16  3.02733E-16
  5.000E-03  1.90386E-09  1.29968E-08  9.00438E-09  1.86542E-16  3.18667E-16
  5.250E-03  2.09900E-09  1.29968E-08  9.00438E-09  1.95869E-16  3.34600E-16
  5.500E-03  2.30367E-09  1.29968E-08  9.00438E-09  2.05196E-16  3.50533E-16
  5.750E-03  2.51785E-09  1.29968E-08  9.00438E-09  2.14523E-16  3.66467E-16
  6.000E-03  2.74156E-09  1.29968E-08  9.00438E-09  2.23850E-16  3.82400E-16
  6.250E-03  2.97478E-09  1.29968E-08  9.00438E-09  2.33177E-16  3.98333E-16
  6.500E-03  3.21752E-09  1.29968E-08  9.00438E-09  2.42504E-16  4.14267E-16
  6.750E-03  3.46978E-09  1.29968E-08  9.00438E-09  2.51831E-16  4.30200E-16
  7.000E-03  3.73156E-09  1.29968E-08  9.00438E-09  2.61158E-16  4.46133E-16
  7.250E-03  4.00286E-09  1.29968E-08  9.00438E-09  2.70485E-16  4.62067E-16
  7.500E-03  4.28368E-09  1.29968E-08  9.00438E-09  2.79812E-16  4.78000E-16
  7.750E-03  4.57402E-09  1.29968E-08  9.00438E-09  2.89139E-16  4.93933E-16
  8.000E-03  4.87388E-09  1.29968E-08  9.00438E-09  2.98466E-16  5.09867E-16
  8.250E-03  5.18326E-09  1.29968E-08  9.00438E-09  3.07794E-16  5.25800E-16
  8.500E-03  5.50215E-09  1.29968E-08  9.00438E-09  3.17121E-16  5.41733E-16
  8.750E-03  5.83057E-09  1.29968E-08  9.00438E-09  3.26448E-16  5.57667E-16
  9.000E-03  6.16850E-09  1.29968E-08  9.00438E-09  3.35775E-16  5.73600E-16
  9.250E-03  6.51596E-09  1.29968E-08  9.00438E-09  3.45102E-16  5.89533E-16
  9.500E-03  6.87293E-09  1.29968E-08  9.00438E-09  3.54429E-16  6.05467E-16
  9.750E-03  7.23942E-09  1.29968E-08  9.00438E-09  3.63756E-16  6.21400E-16
  1.000E-02  7.61544E-09  1.29968E-08  9.00438E-09  3.73083E-16  6.37333E-16
  1.250E-02  1.18991E-08  1.29968E-08  9.00438E-09  4.66354E-16  7.96667E-16
  1.500E-02  1.71347E-08  1.29968E-08  9.00438E-09  5.59624E-16  9.56000E-16
  1.750E-02  2.33223E-08  1.29968E-08  9.00438E-09  6.52895E-16  1.11533E-15
  2.000E-02  3.04617E-08  1.29968E-08  9.00437E-09  7.46165E-16  1.27467E-15
  2.250E-02  3.85531E-08  1.29968E-08  9.00437E-09  8.39436E-16  1.43400E-15
  2.500E-02  4.75965E-08  1.29968E-08  9.00437E-09  9.32706E-16  1.59333E-15
  2.750E-02  5.75917E-08  1.29968E-08  9.00437E-09  1.02598E-15  1.75267E-15
  3.000E-02  6.85389E-08  1.29968E-08  9.00437E-09  1.11925E-15  1.91200E-15
  3.250E-02  8.04380E-08  1.29968E-08  9.00437E-09  1.21252E-15  2.07133E-15
  3.500E-02  9.32891E-08  1.29968E-08  9.00437E-09  1.30578E-15  2.23067E-15
  3.750E-02  1.07092E-07  1.29968E-08  9.00437E-09  1.39905E-15  2.39000E-15
  4.000E-02  1.21847E-07  1.29968E-08  9.00437E-09  1.49232E-15  2.54933E-15
  4.250E-02  1.37554E-07  1.29968E-08  9.00437E-09  1.58559E-15  2.70866E-15
  4.500E-02  1.54213E-07  1.29967E-08  9.00437E-09  1.67886E-15  2.86800E-15
  4.750E-02  1.71823E-07  1.29967E-08  9.00437E-09  1.77213E-15  3.02733E-15
  5.000E-02  1.90386E-07  1.29967E-08  9.00436E-09  1.86540E-15  3.18666E-15
  5.250E-02  2.09900E-07  1.29967E-08  9.00436E-09  1.95867E-15  3.34600E-15
  5.500E-02  2.30367E-07  1.29967E-08  9.00436E-09  2.05193E-15  3.50533E-15
  5.750E-02  2.51785E-07  1.29967E-08  9.00436E-09  2.14520E-15  3.66466E-15
  6.000E-02  2.74156E-07  1.29967E-08  9.00436E-09  2.23847E-15  3.82399E-15
  6.250E-02  2.97478E-07  1.29967E-08  9.00436E-09  2.33173E-15  3.98333E-15
  6.500E-02  3.21752E-07  1.29967E-08  9.00436E-09  2.42500E-15  4.14266E-15
  6.750E-02  3.46978E-07  1.29967E-08  9.00435E-09  2.51827E-15  4.30199E-15
  7.000E-02  3.73156E-07  1.29967E-08  9.00435E-09  2.61153E-15  4.46132E-15
  7.250E-02  4.00286E-07  1.29967E-08  9.00435E-09  2.70480E-15  4.62066E-15
  7.500E-02  4.28368E-07  1.29966E-08  9.00435E-09  2.79806E-15  4.77999E-15
  7.750E-02  4.57402E-07  1.29966E-08  9.00435E-09  2.89133E-15  4.93932E-15
  8.000E-02  4.87388E-07  1.29966E-08  9.00434E-09  2.98459E-15  5.09865E-15
  8.250E-02  5.18325E-07  1.29966E-08  9.00434E-09  3.07785E-15  5.25798E-15
  8.500E-02  5.50215E-07  1.29966E-08  9.00434E-09  3.17112E-15  5.41732E-15
  8.750E-02  5.83057E-07  1.29966E-08  9.00434E-09  3.26438E-15  5.57665E-15
  9.000E-02  6.16850E-07  1.29966E-08  9.00434E-09  3.35764E-15  5.73598E-15
  9.250E-02  6.51596E-07  1.29966E-08  9.00433E-09  3.45090E-15  5.89531E-15
  9.500E-02  6.87293E-07  1.29965E-08  9.00433E-09  3.54416E-15  6.05464E-15
  9.750E-02  7.23942E-07  1.29965E-08  9.00433E-09  3.63742E-15  6.21397E-15
  1.000E-01  7.61543E-07  1.29965E-08  9.00433E-09  3.73068E-15  6.37330E-15
  1.250E-01  1.18991E-06  1.29963E-08  9.00430E-09  4.66325E-15  7.96661E-15
  1.500E-01  1.71347E-06  1.29961E-08  9.00426E-09  5.59575E-15  9.55990E-15
  1.750E-01  2.33223E-06  1.29959E-08  9.00422E-09  6.52816E-15  1.11532E-14
  2.000E-01  3.04617E-06  1.29956E-08  9.00417E-09  7.46047E-15  1.27464E-14
  2.250E-01  3.85531E-06  1.29953E-08  9.00412E-09  8.39268E-15  1.43397E-14
  2.500E-01  4.75964E-06  1.29950E-08  9.00406E-09  9.32476E-15  1.59329E-14
  2.750E-01  5.75916E-06  1.29946E-08  9.00399E-09  1.02567E-14  1.75261E-14
  3.000E-01  6.85388E-06  1.29941E-08  9.00392E-09  1.11885E-14  1.91192E-14
  3.250E-01  8.04378E-06  1.29937E-08  9.00384E-09  1.21201E-14  2.07123E-14
  3.500E-01  9.32888E-06  1.29932E-08  9.00375E-09  1.30515E-14  2.23054E-14
  3.750E-01  1.07092E-05  1.29926E-08  9.00366E-09  1.39828E-14  2.38985E-14
  4.000E-01  1.21846E-05  1.29921E-08  9.00356E-09  1.49138E-14  2.54915E-14
  4.250E-01  1.37553E-05  1.29914E-08  9.00346E-09  1.58446E-14  2.70844E-14
  4.500E-01  1.54212E-05  1.29908E-08  9.00335E-09  1.67752E-14  2.86774E-14
  4.750E-01  1.71822E-05  1.29901E-08  9.00323E-09  1.77055E-14  3.02702E-14
  5.000E-01  1.90385E-05  1.29894E-08  9.00310E-09  1.86356E-14  3.18630E-14
  5.250E-01  2.09899E-05  1.29886E-08  9.00297E-09  1.95653E-14  3.34558E-14
  5.500E-01  2.30365E-05  1.29878E-08  9.00284E-09  2.04948E-14  3.50485E-14
  5.750E-01  2.51783E-05  1.29870E-08  9.00269E-09  2.14240E-14  3.66412E-14
  6.000E-01  2.74153E-05  1.29861E-08  9.00254E-09  2.23529E-14  3.82337E-14
  6.250E-01  2.97475E-05  1.29852E-08  9.00239E-09  2.32814E-14  3.98263E-14
  6.500E-01  3.21749E-05  1.29843E-08  9.00223E-09  2.42096E-14  4.14187E-14
  6.750E-01  3.46974E-05  1.29833E-08  9.00206E-09  2.51374E-14  4.30111E-14
  7.000E-01  3.73152E-05  1.29823E-08  9.00188E-09  2.60648E-14  4.46034E-14
  7.250E-01  4.00281E-05  1.29812E-08  9.00170E-09  2.69919E-14  4.61956E-14
  7.500E-01  4.28362E-05  1.29801E-08  9.00151E-09  2.79185E-14  4.77878E-14
  7.750E-01  4.57395E-05  1.29790E-08  9.00132E-09  2.88448E-14  4.93798E-14
  8.000E-01  4.87380E-05  1.29778E-08  9.00112E-09  2.97705E-14  5.09718E-14
  8.250E-01  5.18317E-05  1.29766E-08  9.00091E-09  3.06959E-14  5.25637E-14
  8.500E-01  5.50205E-05  1.29754E-08  9.00070E-09  3.16208E-14  5.41555E-14
  8.750E-01  5.83045E-05  1.29741E-08  9.00048E-09  3.25452E-14  5.57473E-14
  9.000E-01  6.16838E-05  1.29728E-08  9.00025E-09  3.34691E-14  5.73389E-14
  9.250E-01  6.51582E-05  1.29714E-08  9.00002E-09  3.43926E-14  5.89304E-14
  9.500E-01  6.87277E-05  1.29701E-08  8.99978E-09  3.53155E-14  6.05218E-14
  9.750E-01  7.23925E-05  1.29686E-08  8.99954E-09  3.62379E-14  6.21132E-14
  1.000E+00  7.61524E-05  1.29672E-08  8.99929E-09  3.71597E-14  6.37044E-14
  1.100E+00  9.21439E-05  1.29610E-08  8.99822E-09  4.08415E-14  7.00681E-14
  1.200E+00  1.09658E-04  1.29541E-08  8.99705E-09  4.45134E-14  7.64300E-14
  1.300E+00  1.28695E-04  1.29468E-08  8.99578E-09  4.81747E-14  8.27897E-14
  1.400E+00  1.49255E-04  1.29388E-08  8.99440E-09  5.18245E-14  8.91472E-14
  1.500E+00  1.71338E-04  1.29302E-08  8.99293E-09  5.54619E-14  9.55023E-14
  1.600E+00  1.94942E-04  1.29211E-08  8.99135E-09  5.90860E-14  1.01855E-13
  1.700E+00  2.20070E-04  1.29114E-08  8.98967E-09  6.26961E-14  1.08204E-13
  1.800E+00  2.46720E-04  1.29011E-08  8.98790E-09  6.62911E-14  1.14551E-13
  1.900E+00  2.74892E-04  1.28902E-08  8.98602E-09  6.98704E-14  1.20895E-13
  2.000E+00  3.04586E-04  1.28787E-08  8.98403E-09  7.34329E-14  1.27235E-13
  2.100E+00  3.35803E-04  1.28667E-08  8.98195E-09  7.69779E-14  1.33572E-13
  2.200E+00  3.68542E-04  1.28541E-08  8.97977E-09  8.05045E-14  1.39905E-13
  2.300E+00  4.02802E-04  1.28409E-08  8.97748E-09  8.40120E-14  1.46235E-13
  2.400E+00  4.38585E-04  1.28272E-08  8.97510E-09  8.74993E-14  1.52560E-13
  2.500E+00  4.75889E-04  1.28129E-08  8.97261E-09  9.09658E-14  1.58882E-13
  2.600E+00  5.14715E-04  1.27980E-08  8.97003E-09  9.44107E-14  1.65199E-13
  2.700E+00  5.55063E-04  1.27826E-08  8.96734E-09  9.78330E-14  1.71511E-13
  2.800E+00  5.96931E-04  1.27666E-08  8.96455E-09  1.01232E-13  1.77819E-13
  2.900E+00  6.40321E-04  1.27501E-08  8.96167E-09  1.04607E-13  1.84122E-13
  3.000E+00  6.85233E-04  1.27330E-08  8.95868E-09  1.07957E-13  1.90420E-13
  3.100E+00  7.31665E-04  1.27153E-08  8.95559E-09  1.11281E-13  1.96713E-13
  3.200E+00  7.79618E-04  1.26971E-08  8.95240E-09  1.14579E-13  2.03000E-13
  3.300E+00  8.29092E-04  1.26784E-08  8.94911E-09  1.17849E-13  2.09282E-13
  3.400E+00  8.80086E-04  1.26591E-08  8.94572E-09  1.21092E-13  2.15559E-13
  3.500E+00  9.32601E-04  1.26393E-08  8.94224E-09  1.24305E-13  2.21829E-13
  3.600E+00  9.86636E-04  1.26189E-08  8.93865E-09  1.27490E-13  2.28094E-13
  3.700E+00  1.04219E-03  1.25980E-08  8.93496E-09  1.30643E-13  2.34352E-13
  3.800E+00  1.09927E-03  1.25766E-08  8.93118E-09  1.33766E-13  2.40604E-13
  3.900E+00  1.15786E-03  1.25547E-08  8.92729E-09  1.36857E-13  2.46849E-13
  4.000E+00  1.21797E-03  1.25322E-08  8.92331E-09  1.39916E-13  2.53088E-13
  4.100E+00  1.27961E-03  1.25092E-08  8.91922E-09  1.42941E-13  2.59320E-13
  4.200E+00  1.34276E-03  1.24857E-08  8.91504E-09  1.45932E-13  2.65545E-13
  4.300E+00  1.40743E-03  1.24617E-08  8.91076E-09  1.48889E-13  2.71762E-13
  4.400E+00  1.47362E-03  1.24372E-08  8.90638E-09  1.51810E-13  2.77973E-13
  4.500E+00  1.54133E-03  1.24121E-08  8.90190E-09  1.54696E-13  2.84176E-13
  4.600E+00  1.61056E-03  1.23866E-08  8.89733E-09  1.57544E-13  2.90371E-13
  4.700E+00  1.68131E-03  1.23606E-08  8.89266E-09  1.60356E-13  2.96558E-13
  4.800E+00  1.75357E-03  1.23341E-08  8.88789E-09  1.63129E-13  3.02737E-13
  4.900E+00  1.82735E-03  1.23071E-08  8.88302E-09  1.65864E-13  3.08909E-13
  5.000E+00  1.90265E-03  1.22796E-08  8.87805E-09  1.68560E-13  3.15071E-13
  5.100E+00  1.97947E-03  1.22516E-08  8.87299E-09  1.71216E-13  3.21226E-13
  5.200E+00  2.05780E-03  1.22232E-08  8.86783E-09  1.73831E-13  3.27371E-13
  5.300E+00  2.13765E-03  1.21943E-08  8.86257E-09  1.76405E-13  3.33508E-13
  5.400E+00  2.21902E-03  1.21649E-08  8.85722E-09  1.78937E-13  3.39636E-13
  5.500E+00  2.30190E-03  1.21350E-08  8.85177E-09  1.81427E-13  3.45755E-13
  5.600E+00  2.38630E-03  1.21047E-08  8.84622E-09  1.83875E-13  3.51864E-13
  5.700E+00  2.47222E-03  1.20740E-08  8.84058E-09  1.86279E-13  3.57965E-13
  5.800E+00  2.55965E-03  1.20428E-08  8.83484E-09  1.88638E-13  3.64055E-13
  5.900E+00  2.64859E-03  1.20111E-08  8.82900E-09  1.90954E-13  3.70136E-13
  6.000E+00  2.73905E-03  1.19790E-08  8.82308E-09  1.93224E-13  3.76206E-13
  6.100E+00  2.83103E-03  1.19465E-08  8.81705E-09  1.95449E-13  3.82267E-13
  6.200E+00  2.92452E-03  1.19135E-08  8.81093E-09  1.97627E-13  3.88317E-13
  6.300E+00  3.01952E-03  1.18801E-08  8.80472E-09  1.99759E-13  3.94357E-13
  6.400E+00  3.11604E-03  1.18463E-08  8.79841E-09  2.01844E-13  4.00387E-13
  6.500E+00  3.21407E-03  1.18121E-08  8.79200E-09  2.03882E-13  4.06406E-13
  6.600E+00  3.31362E-03  1.17775E-08  8.78550E-09  2.05871E-13  4.12414E-13
  6.700E+00  3.41468E-03  1.17424E-08  8.77891E-09  2.07812E-13  4.18410E-13
  6.800E+00  3.51725E-03  1.17070E-08  8.77223E-09  2.09704E-13  4.24396E-13
  6.900E+00  3.62133E-03  1.16711E-08  8.76545E-09  2.11546E-13  4.30371E-13
  7.000E+00  3.72692E-03  1.16349E-08  8.75858E-09  2.13339E-13  4.36334E-13
  7.100E+00  3.83403E-03  1.15983E-08  8.75161E-09  2.15081E-13  4.42285E-13
  7.200E+00  3.94265E-03  1.15613E-08  8.74455E-09  2.16773E-13  4.48224E-13
  7.300E+00  4.05278E-03  1.15239E-08  8.73740E-09  2.18413E-13  4.54152E-13
  7.400E+00  4.16442E-03  1.14861E-08  8.73016E-09  2.20003E-13  4.60067E-13
  7.500E+00  4.27757E-03  1.14480E-08  8.72283E-09  2.21540E-13  4.65971E-13
  7.600E+00  4.39223E-03  1.14095E-08  8.71540E-09  2.23025E-13  4.71862E-13
  7.700E+00  4.50840E-03  1.13707E-08  8.70788E-09  2.24458E-13  4.77740E-13
  7.800E+00  4.62608E-03  1.13315E-08  8.70027E-09  2.25838E-13  4.83606E-13
  7.900E+00  4.74527E-03  1.12919E-08  8.69257E-09  2.27165E-13  4.89459E-13
  8.000E+00  4.86597E-03  1.12521E-08  8.68478E-09  2.28438E-13  4.95299E-13
  8.100E+00  4.98817E-03  1.12118E-08  8.67690E-09  2.29658E-13  5.01126E-13
  8.200E+00  5.11188E-03  1.11713E-08  8.66893E-09  2.30823E-13  5.06939E-13
  8.300E+00  5.23711E-03  1.11304E-08  8.66087E-09  2.31934E-13  5.12740E-13
  8.400E+00  5.36383E-03  1.10892E-08  8.65272E-09  2.32990E-13  5.18527E-13
  8.500E+00  5.49207E-03  1.10477E-08  8.64448E-09  2.33991E-13  5.24300E-13
  8.600E+00  5.62181E-03  1.10059E-08  8.63615E-09  2.34937E-13  5.30059E-13
  8.700E+00  5.75306E-03  1.09638E-08  8.62774E-09  2.35828E-13  5.35804E-13
  8.800E+00  5.88581E-03  1.09213E-08  8.61923E-09  2.36663E-13  5.41535E-13
  8.900E+00  6.02007E-03  1.08786E-08  8.61064E-09  2.37442E-13  5.47252E-13
  9.000E+00  6.15583E-03  1.08356E-08  8.60196E-09  2.38165E-13  5.52955E-13
  9.100E+00  6.29310E-03  1.07923E-08  8.59319E-09  2.38832E-13  5.58643E-13
  9.200E+00  6.43187E-03  1.07487E-08  8.58433E-09  2.39442E-13  5.64317E-13
  9.300E+00  6.57214E-03  1.07049E-08  8.57539E-09  2.39995E-13  5.69975E-13
  9.400E+00  6.71392E-03  1.06608E-08  8.56636E-09  2.40492E-13  5.75619E-13
  9.500E+00  6.85720E-03  1.06164E-08  8.55724E-09  2.40932E-13  5.81248E-13
  9.600E+00  7.00198E-03  1.05717E-08  8.54804E-09  2.41314E-13  5.86861E-13
  9.700E+00  7.14827E-03  1.05269E-08  8.53875E-09  2.41639E-13  5.92459E-13
  9.800E+00  7.29605E-03  1.04817E-08  8.52938E-09  2.41907E-13  5.98042E-13
  9.900E+00  7.44534E-03  1.04363E-08  8.51992E-09  2.42117E-13  6.03609E-13
  1.000E+01  7.59612E-03  1.03907E-08  8.51038E-09  2.42270E-13  6.09161E-13
  1.025E+01  7.97965E-03  1.02757E-08  8.48616E-09  2.42398E-13  6.22970E-13
  1.050E+01  8.37255E-03  1.01593E-08  8.46141E-09  2.42164E-13  6.36678E-13
  1.075E+01  8.77480E-03  1.00416E-08  8.43615E-09  2.41566E-13  6.50283E-13
  1.100E+01  9.18641E-03  9.92264E-09  8.41037E-09  2.40605E-13  6.63783E-13
  1.125E+01  9.60736E-03  9.80260E-09  8.38409E-09  2.39280E-13  6.77177E-13
  1.150E+01  1.00376E-02  9.68150E-09  8.35731E-09  2.37591E-13  6.90461E-13
  1.175E+01  1.04773E-02  9.55943E-09  8.33004E-09  2.35538E-13  7.03635E-13
  1.200E+01  1.09262E-02  9.43645E-09  8.30227E-09  2.33122E-13  7.16697E-13
  1.225E+01  1.13844E-02  9.31265E-09  8.27402E-09  2.30345E-13  7.29645E-13
  1.250E+01  1.18520E-02  9.18810E-09  8.24529E-09  2.27208E-13  7.42477E-13
  1.275E+01  1.23288E-02  9.06286E-09  8.21609E-09  2.23711E-13  7.55191E-13
  1.300E+01  1.28150E-02  8.93701E-09  8.18643E-09  2.19859E-13  7.67786E-13
  1.325E+01  1.33104E-02  8.81063E-09  8.15630E-09  2.15652E-13  7.80260E-13
  1.350E+01  1.38150E-02  8.68377E-09  8.12572E-09  2.11092E-13  7.92612E-13
  1.375E+01  1.43290E-02  8.55651E-09  8.09469E-09  2.06184E-13  8.04839E-13
  1.400E+01  1.48521E-02  8.42890E-09  8.06322E-09  2.00929E-13  8.16942E-13
  1.425E+01  1.53845E-02  8.30102E-09  8.03132E-09  1.95332E-13  8.28917E-13
  1.450E+01  1.59262E-02  8.17293E-09  7.99898E-09  1.89394E-13  8.40763E-13
  1.475E+01  1.64770E-02  8.04468E-09  7.96623E-09  1.83121E-13  8.52480E-13
  1.500E+01  1.70371E-02  7.91635E-09  7.93305E-09  1.76515E-13  8.64066E-13
  1.525E+01  1.76063E-02  7.78797E-09  7.89947E-09  1.69582E-13  8.75519E-13
  1.550E+01  1.81848E-02  7.65962E-09  7.86548E-09  1.62323E-13  8.86838E-13
  1.575E+01  1.87724E-02  7.53134E-09  7.83109E-09  1.54746E-13  8.98022E-13
  1.600E+01  1.93692E-02  7.40319E-09  7.79632E-09  1.46852E-13  9.09070E-13
  1.625E+01  1.99751E-02  7.27521E-09  7.76116E-09  1.38648E-13  9.19980E-13
  1.650E+01  2.05901E-02  7.14747E-09  7.72562E-09  1.30138E-13  9.30751E-13
  1.675E+01  2.12143E-02  7.02001E-09  7.68971E-09  1.21326E-13  9.41383E-13
  1.700E+01  2.18476E-02  6.89286E-09  7.65344E-09  1.12219E-13  9.51874E-13
  1.725E+01  2.24900E-02  6.76609E-09  7.61681E-09  1.02820E-13  9.62222E-13
  1.750E+01  2.31415E-02  6.63973E-09  7.57982E-09  9.31345E-14  9.72428E-13
  1.775E+01  2.38021E-02  6.51382E-09  7.54250E-09  8.31685E-14  9.82490E-13
  1.800E+01  2.44717E-02  6.38841E-09  7.50484E-09  7.29268E-14  9.92408E-13
  1.825E+01  2.51504E-02  6.26353E-09  7.46684E-09  6.24149E-14  1.00218E-12
  1.850E+01  2.58382E-02  6.13922E-09  7.42852E-09  5.16382E-14  1.01180E-12
  1.875E+01  2.65349E-02  6.01552E-09  7.38989E-09  4.06022E-14  1.02128E-12
  1.900E+01  2.72407E-02  5.89246E-09  7.35094E-09  2.93123E-14  1.03061E-12
  1.925E+01  2.79555E-02  5.77007E-09  7.31170E-09  1.77741E-14  1.03979E-12
  1.950E+01  2.86793E-02  5.64839E-09  7.27215E-09  5.99331E-15  1.04882E-12
  1.975E+01  2.94120E-02  5.52744E-09  7.23232E-09 -6.02460E-15  1.05771E-12
  2.000E+01  3.01537E-02  5.40725E-09  7.19220E-09 -1.82740E-14  1.06644E-12
  2.025E+01  3.09043E-02  5.28786E-09  7.15180E-09 -3.07491E-14  1.07502E-12
  2.050E+01  3.16639E-02  5.16928E-09  7.11114E-09 -4.34445E-14  1.08344E-12
  2.075E+01  3.24324E-02  5.05155E-09  7.07021E-09 -5.63543E-14  1.09172E-12
  2.100E+01  3.32098E-02  4.93467E-09  7.02903E-09 -6.94730E-14  1.09984E-12
  2.125E+01  3.39961E-02  4.81869E-09  6.98760E-09 -8.27950E-14  1.10781E-12
  2.150E+01  3.47912E-02  4.70361E-09  6.94593E-09 -9.63146E-14  1.11562E-12
  2.175E+01  3.55952E-02  4.58947E-09  6.90402E-09 -1.10026E-13  1.12328E-12
  2.200E+01  3.64081E-02  4.47626E-09  6.86188E-09 -1.23924E-13  1.13079E-12
  2.225E+01  3.72297E-02  4.36403E-09  6.81952E-09 -1.38003E-13  1.13814E-12
  2.250E+01  3.80602E-02  4.25277E-09  6.77694E-09 -1.52257E-13  1.14534E-12
  2.275E+01  3.88995E-02  4.14251E-09  6.73415E-09 -1.66682E-13  1.15238E-12
  2.300E+01  3.97476E-02  4.03326E-09  6.69117E-09 -1.81270E-13  1.15926E-12
  2.325E+01  4.06044E-02  3.92503E-09  6.64798E-09 -1.96018E-13  1.16599E-12
  2.350E+01  4.14700E-02  3.81784E-09  6.60461E-09 -2.10919E-13  1.17257E-12
  2.375E+01  4.23443E-02  3.71170E-09  6.56105E-09 -2.25968E-13  1.17898E-12
  2.400E+01  4.32273E-02  3.60661E-09  6.51732E-09 -2.41161E-13  1.18525E-12
  2.425E+01  4.41190E-02  3.50260E-09  6.47342E-09 -2.56491E-13  1.19135E-12
  2.450E+01  4.50194E-02  3.39966E-09  6.42936E-09 -2.71954E-13  1.19730E-12
  2.475E+01  4.59284E-02  3.29780E-09  6.38514E-09 -2.87544E-13  1.20310E-12
  2.500E+01  4.68461E-02  3.19704E-09  6.34077E-09 -3.03256E-13  1.20873E-12
  2.550E+01  4.87074E-02  2.99881E-09  6.25160E-09 -3.35028E-13  1.21954E-12
  2.600E+01  5.06030E-02  2.80502E-09  6.16191E-09 -3.67230E-13  1.22973E-12
  2.650E+01  5.25328E-02  2.61570E-09  6.07174E-09 -3.99824E-13  1.23930E-12
  2.700E+01  5.44967E-02  2.43086E-09  5.98115E-09 -4.32771E-13  1.24824E-12
  2.750E+01  5.64946E-02  2.25052E-09  5.89018E-09 -4.66036E-13  1.25657E-12
  2.800E+01  5.85262E-02  2.07469E-09  5.79888E-09 -4.99583E-13  1.26429E-12
  2.850E+01  6.05914E-02  1.90335E-09  5.70729E-09 -5.33378E-13  1.27140E-12
  2.900E+01  6.26901E-02  1.73649E-09  5.61546E-09 -5.67387E-13  1.27790E-12
  2.950E+01  6.48222E-02  1.57411E-09  5.52345E-09 -6.01578E-13  1.28380E-12
  3.000E+01  6.69873E-02  1.41615E-09  5.43128E-09 -6.35920E-13  1.28909E-12
  3.050E+01  6.91854E-02  1.26261E-09  5.33900E-09 -6.70384E-13  1.29380E-12
  3.100E+01  7.14163E-02  1.11344E-09  5.24667E-09 -7.04939E-13  1.29792E-12
  3.150E+01  7.36799E-02  9.68595E-10  5.15431E-09 -7.39558E-13  1.30145E-12
  3.200E+01  7.59760E-02  8.28036E-10  5.06196E-09 -7.74214E-13  1.30441E-12
  3.250E+01  7.83043E-02  6.91711E-10  4.96968E-09 -8.08881E-13  1.30679E-12
  3.300E+01  8.06647E-02  5.59569E-10  4.87749E-09 -8.43534E-13  1.30861E-12
  3.350E+01  8.30571E-02  4.31553E-10  4.78543E-09 -8.78149E-13  1.30988E-12
  3.400E+01  8.54812E-02  3.07605E-10  4.69354E-09 -9.12704E-13  1.31059E-12
  3.450E+01  8.79369E-02  1.87665E-10  4.60186E-09 -9.47176E-13  1.31075E-12
  3.500E+01  9.04240E-02  7.16710E-11  4.51041E-09 -9.81543E-13  1.31038E-12
  3.550E+01  9.29422E-02 -4.04423E-11  4.41924E-09 -1.01579E-12  1.30948E-12
  3.600E+01  9.54915E-02 -1.48740E-10  4.32837E-09 -1.04989E-12  1.30806E-12
  3.650E+01  9.80716E-02 -2.53290E-10  4.23784E-09 -1.08382E-12  1.30613E-12
  3.700E+01  1.00682E-01 -3.54159E-10  4.14768E-09 -1.11758E-12  1.30368E-12
  3.750E+01  1.03323E-01 -4.51416E-10  4.05791E-09 -1.15114E-12  1.30075E-12
  3.800E+01  1.05995E-01 -5.45130E-10  3.96856E-09 -1.18449E-12  1.29732E-12
  3.850E+01  1.08696E-01 -6.35372E-10  3.87967E-09 -1.21761E-12  1.29341E-12
  3.900E+01  1.11427E-01 -7.22211E-10  3.79126E-09 -1.25049E-12  1.28903E-12
  3.950E+01  1.14188E-01 -8.05717E-10  3.70334E-09 -1.28311E-12  1.28419E-12
  4.000E+01  1.16978E-01 -8.85961E-10  3.61596E-09 -1.31546E-12  1.27889E-12
  4.050E+01  1.19797E-01 -9.63012E-10  3.52913E-09 -1.34753E-12  1.27315E-12
  4.100E+01  1.22645E-01 -1.03694E-09  3.44287E-09 -1.37930E-12  1.26697E-12
  4.150E+01  1.25522E-01 -1.10782E-09  3.35720E-09 -1.41077E-12  1.26037E-12
  4.200E+01  1.28428E-01 -1.17571E-09  3.27215E-09 -1.44192E-12  1.25335E-12
  4.250E+01  1.31361E-01 -1.24068E-09  3.18774E-09 -1.47275E-12  1.24592E-12
  4.300E+01  1.34323E-01 -1.30281E-09  3.10398E-09 -1.50324E-12  1.23809E-12
  4.350E+01  1.37313E-01 -1.36216E-09  3.02089E-09 -1.53339E-12  1.22987E-12
  4.400E+01  1.40330E-01 -1.41880E-09  2.93849E-09 -1.56318E-12  1.22128E-12
  4.450E+01  1.43375E-01 -1.47279E-09  2.85679E-09 -1.59261E-12  1.21231E-12
  4.500E+01  1.46447E-01 -1.52419E-09  2.77582E-09 -1.62167E-12  1.20299E-12
  4.550E+01  1.49545E-01 -1.57308E-09  2.69558E-09 -1.65036E-12  1.19331E-12
  4.600E+01  1.52671E-01 -1.61951E-09  2.61609E-09 -1.67867E-12  1.18329E-12
  4.650E+01  1.55823E-01 -1.66356E-09  2.53736E-09 -1.70658E-12  1.17293E-12
  4.700E+01  1.59001E-01 -1.70527E-09  2.45940E-09 -1.73411E-12  1.16226E-12
  4.750E+01  1.62205E-01 -1.74471E-09  2.38223E-09 -1.76123E-12  1.15127E-12
  4.800E+01  1.65435E-01 -1.78195E-09  2.30586E-09 -1.78795E-12  1.13998E-12
  4.850E+01  1.68690E-01 -1.81703E-09  2.23028E-09 -1.81427E-12  1.12839E-12
  4.900E+01  1.71970E-01 -1.85002E-09  2.15553E-09 -1.84017E-12  1.11652E-12
  4.950E+01  1.75276E-01 -1.88098E-09  2.08159E-09 -1.86565E-12  1.10437E-12
  5.000E+01  1.78606E-01 -1.90995E-09  2.00849E-09 -1.89072E-12  1.09196E-12
  5.050E+01  1.81961E-01 -1.93700E-09  1.93622E-09 -1.91536E-12  1.07929E-12
  5.100E+01  1.85340E-01 -1.96218E-09  1.86480E-09 -1.93958E-12  1.06637E-12
  5.150E+01  1.88743E-01 -1.98554E-09  1.79423E-09 -1.96337E-12  1.05321E-12
  5.200E+01  1.92169E-01 -2.00713E-09  1.72451E-09 -1.98672E-12  1.03982E-12
  5.250E+01  1.95619E-01 -2.02701E-09  1.65565E-09 -2.00965E-12  1.02621E-12
  5.300E+01  1.99092E-01 -2.04522E-09  1.58765E-09 -2.03215E-12  1.01239E-12
  5.350E+01  2.02589E-01 -2.06181E-09  1.52053E-09 -2.05420E-12  9.98359E-13
  5.400E+01  2.06107E-01 -2.07684E-09  1.45427E-09 -2.07583E-12  9.84138E-13
  5.450E+01  2.09649E-01 -2.09034E-09  1.38888E-09 -2.09701E-12  9.69731E-13
  5.500E+01  2.13212E-01 -2.10236E-09  1.32437E-09 -2.11776E-12  9.55146E-13
  5.550E+01  2.16797E-01 -2.11296E-09  1.26073E-09 -2.13807E-12  9.40391E-13
  5.600E+01  2.20404E-01 -2.12216E-09  1.19798E-09 -2.15794E-12  9.25476E-13
  5.650E+01  2.24032E-01 -2.13002E-09  1.13609E-09 -2.17738E-12  9.10408E-13
  5.700E+01  2.27680E-01 -2.13658E-09  1.07509E-09 -2.19637E-12  8.95196E-13
  5.750E+01  2.31350E-01 -2.14187E-09  1.01496E-09 -2.21493E-12  8.79847E-13
  5.800E+01  2.35040E-01 -2.14595E-09  9.55705E-10 -2.23305E-12  8.64369E-13
  5.850E+01  2.38751E-01 -2.14884E-09  8.97326E-10 -2.25074E-12  8.48771E-13
  5.900E+01  2.42481E-01 -2.15058E-09  8.39820E-10 -2.26799E-12  8.33060E-13
  5.950E+01  2.46231E-01 -2.15122E-09  7.83186E-10 -2.28480E-12  8.17243E-13
  6.000E+01  2.50000E-01 -2.15079E-09  7.27419E-10 -2.30118E-12  8.01328E-13
  6.050E+01  2.53788E-01 -2.14933E-09  6.72519E-10 -2.31713E-12  7.85323E-13
  6.100E+01  2.57595E-01 -2.14687E-09  6.18481E-10 -2.33265E-12  7.69235E-13
  6.150E+01  2.61421E-01 -2.14344E-09  5.65303E-10 -2.34774E-12  7.53071E-13
  6.200E+01  2.65264E-01 -2.13908E-09  5.12980E-10 -2.36240E-12  7.36837E-13
  6.250E+01  2.69126E-01 -2.13382E-09  4.61510E-10 -2.37664E-12  7.20542E-13
  6.300E+01  2.73005E-01 -2.12770E-09  4.10887E-10 -2.39045E-12  7.04191E-13
  6.350E+01  2.76901E-01 -2.12073E-09  3.61108E-10 -2.40384E-12  6.87792E-13
  6.400E+01  2.80814E-01 -2.11297E-09  3.12166E-10 -2.41681E-12  6.71351E-13
  6.450E+01  2.84744E-01 -2.10442E-09  2.64059E-10 -2.42937E-12  6.54875E-13
  6.500E+01  2.88691E-01 -2.09513E-09  2.16779E-10 -2.44151E-12  6.38370E-13
  6.550E+01  2.92653E-01 -2.08512E-09  1.70323E-10 -2.45324E-12  6.21841E-13
  6.600E+01  2.96632E-01 -2.07442E-09  1.24683E-10 -2.46456E-12  6.05297E-13
  6.650E+01  3.00625E-01 -2.06305E-09  7.98550E-11 -2.47547E-12  5.88741E-13
  6.700E+01  3.04634E-01 -2.05105E-09  3.58321E-11 -2.48598E-12  5.72181E-13
  6.750E+01  3.08658E-01 -2.03843E-09 -7.39172E-12 -2.49609E-12  5.55622E-13
  6.800E+01  3.12697E-01 -2.02522E-09 -4.98229E-11 -2.50580E-12  5.39070E-13
  6.850E+01  3.16749E-01 -2.01144E-09 -9.14679E-11 -2.51511E-12  5.22530E-13
  6.900E+01  3.20816E-01 -1.99713E-09 -1.32334E-10 -2.52403E-12  5.06008E-13
  6.950E+01  3.24896E-01 -1.98229E-09 -1.72427E-10 -2.53256E-12  4.89509E-13
  7.000E+01  3.28990E-01 -1.96696E-09 -2.11754E-10 -2.54070E-12  4.73038E-13
  7.050E+01  3.33097E-01 -1.95116E-09 -2.50323E-10 -2.54846E-12  4.56601E-13
  7.100E+01  3.37216E-01 -1.93490E-09 -2.88140E-10 -2.55584E-12  4.40202E-13
  7.150E+01  3.41348E-01 -1.91820E-09 -3.25214E-10 -2.56284E-12  4.23846E-13
  7.200E+01  3.45492E-01 -1.90110E-09 -3.61551E-10 -2.56947E-12  4.07539E-13
  7.250E+01  3.49647E-01 -1.88360E-09 -3.97159E-10 -2.57573E-12  3.91284E-13
  7.300E+01  3.53814E-01 -1.86573E-09 -4.32046E-10 -2.58162E-12  3.75087E-13
  7.350E+01  3.57992E-01 -1.84750E-09 -4.66218E-10 -2.58715E-12  3.58951E-13
  7.400E+01  3.62181E-01 -1.82893E-09 -4.99685E-10 -2.59232E-12  3.42882E-13
  7.450E+01  3.66381E-01 -1.81004E-09 -5.32454E-10 -2.59713E-12  3.26883E-13
  7.500E+01  3.70590E-01 -1.79085E-09 -5.64532E-10 -2.60159E-12  3.10958E-13
  7.550E+01  3.74810E-01 -1.77136E-09 -5.95928E-10 -2.60569E-12  2.95112E-13
  7.600E+01  3.79039E-01 -1.75161E-09 -6.26650E-10 -2.60945E-12  2.79348E-13
  7.650E+01  3.83277E-01 -1.73161E-09 -6.56705E-10 -2.61287E-12  2.63671E-13
  7.700E+01  3.87524E-01 -1.71136E-09 -6.86103E-10 -2.61595E-12  2.48083E-13
  7.750E+01  3.91780E-01 -1.69088E-09 -7.14849E-10 -2.61869E-12  2.32589E-13
  7.800E+01  3.96044E-01 -1.67020E-09 -7.42954E-10 -2.62110E-12  2.17192E-13
  7.850E+01  4.00316E-01 -1.64932E-09 -7.70425E-10 -2.62318E-12  2.01896E-13
  7.900E+01  4.04596E-01 -1.62825E-09 -7.97270E-10 -2.62494E-12  1.86704E-13
  7.950E+01  4.08882E-01 -1.60701E-09 -8.23498E-10 -2.62638E-12  1.71619E-13
  8.000E+01  4.13176E-01 -1.58561E-09 -8.49116E-10 -2.62749E-12  1.56644E-13
  8.050E+01  4.17476E-01 -1.56407E-09 -8.74133E-10 -2.62830E-12  1.41782E-13
  8.100E+01  4.21783E-01 -1.54239E-09 -8.98557E-10 -2.62879E-12  1.27037E-13
  8.150E+01  4.26095E-01 -1.52059E-09 -9.22395E-10 -2.62897E-12  1.12411E-13
  8.200E+01  4.30413E-01 -1.49868E-09 -9.45657E-10 -2.62886E-12  9.79065E-14
  8.250E+01  4.34737E-01 -1.47667E-09 -9.68351E-10 -2.62844E-12  8.35269E-14
  8.300E+01  4.39065E-01 -1.45456E-09 -9.90484E-10 -2.62773E-12  6.92745E-14
  8.350E+01  4.43398E-01 -1.43238E-09 -1.01206E-09 -2.62672E-12  5.51518E-14
  8.400E+01  4.47736E-01 -1.41013E-09 -1.03310E-09 -2.62542E-12  4.11613E-14
  8.450E+01  4.52077E-01 -1.38782E-09 -1.05360E-09 -2.62384E-12  2.73053E-14
  8.500E+01  4.56422E-01 -1.36546E-09 -1.07357E-09 -2.62198E-12  1.35861E-14
  8.550E+01  4.60770E-01 -1.34305E-09 -1.09303E-09 -2.61984E-12  5.93645E-18
  8.600E+01  4.65122E-01 -1.32062E-09 -1.11197E-09 -2.61742E-12 -1.34332E-14
  8.650E+01  4.69476E-01 -1.29815E-09 -1.13040E-09 -2.61474E-12 -2.67291E-14
  8.700E+01  4.73832E-01 -1.27568E-09 -1.14834E-09 -2.61178E-12 -3.98800E-14
  8.750E+01  4.78190E-01 -1.25319E-09 -1.16579E-09 -2.60856E-12 -5.28839E-14
  8.800E+01  4.82550E-01 -1.23070E-09 -1.18276E-09 -2.60508E-12 -6.57391E-14
  8.850E+01  4.86912E-01 -1.20822E-09 -1.19926E-09 -2.60135E-12 -7.84437E-14
  8.900E+01  4.91274E-01 -1.18575E-09 -1.21529E-09 -2.59736E-12 -9.09961E-14
  8.950E+01  4.95637E-01 -1.16330E-09 -1.23086E-09 -2.59312E-12 -1.03395E-13
  9.000E+01  5.00000E-01 -1.14088E-09 -1.24599E-09 -2.58863E-12 -1.15638E-13
  9.050E+01  5.04363E-01 -1.11850E-09 -1.26067E-09 -2.58390E-12 -1.27725E-13
  9.100E+01  5.08726E-01 -1.09615E-09 -1.27492E-09 -2.57893E-12 -1.39654E-13
  9.150E+01  5.13088E-01 -1.07385E-09 -1.28873E-09 -2.57372E-12 -1.51423E-13
  9.200E+01  5.17450E-01 -1.05160E-09 -1.30213E-09 -2.56828E-12 -1.63031E-13
  9.250E+01  5.21810E-01 -1.02941E-09 -1.31512E-09 -2.56261E-12 -1.74478E-13
  9.300E+01  5.26168E-01 -1.00728E-09 -1.32770E-09 -2.55672E-12 -1.85761E-13
  9.350E+01  5.30524E-01 -9.85215E-10 -1.33989E-09 -2.55060E-12 -1.96881E-13
  9.400E+01  5.34878E-01 -9.63226E-10 -1.35168E-09 -2.54425E-12 -2.07835E-13
  9.450E+01  5.39230E-01 -9.41313E-10 -1.36309E-09 -2.53770E-12 -2.18623E-13
  9.500E+01  5.43578E-01 -9.19482E-10 -1.37412E-09 -2.53093E-12 -2.29245E-13
  9.550E+01  5.47923E-01 -8.97738E-10 -1.38478E-09 -2.52394E-12 -2.39698E-13
  9.600E+01  5.52264E-01 -8.76084E-10 -1.39507E-09 -2.51676E-12 -2.49984E-13
  9.650E+01  5.56602E-01 -8.54525E-10 -1.40502E-09 -2.50936E-12 -2.60099E-13
  9.700E+01  5.60935E-01 -8.33064E-10 -1.41461E-09 -2.50177E-12 -2.70045E-13
  9.750E+01  5.65263E-01 -8.11705E-10 -1.42386E-09 -2.49398E-12 -2.79821E-13
  9.800E+01  5.69587E-01 -7.90453E-10 -1.43277E-09 -2.48599E-12 -2.89425E-13
  9.850E+01  5.73905E-01 -7.69309E-10 -1.44135E-09 -2.47781E-12 -2.98858E-13
  9.900E+01  5.78217E-01 -7.48278E-10 -1.44961E-09 -2.46944E-12 -3.08118E-13
  9.950E+01  5.82524E-01 -7.27363E-10 -1.45756E-09 -2.46089E-12 -3.17206E-13
  1.000E+02  5.86824E-01 -7.06567E-10 -1.46519E-09 -2.45215E-12 -3.26122E-13
  1.005E+02  5.91118E-01 -6.85892E-10 -1.47252E-09 -2.44324E-12 -3.34864E-13
  1.010E+02  5.95404E-01 -6.65342E-10 -1.47955E-09 -2.43414E-12 -3.43432E-13
  1.015E+02  5.99684E-01 -6.44918E-10 -1.48629E-09 -2.42487E-12 -3.51827E-13
  1.020E+02  6.03956E-01 -6.24624E-10 -1.49274E-09 -2.41543E-12 -3.60048E-13
  1.025E+02  6.08220E-01 -6.04461E-10 -1.49891E-09 -2.40582E-12 -3.68095E-13
  1.030E+02  6.12476E-01 -5.84433E-10 -1.50481E-09 -2.39605E-12 -3.75968E-13
  1.035E+02  6.16723E-01 -5.64540E-10 -1.51044E-09 -2.38611E-12 -3.83667E-13
  1.040E+02  6.20961E-01 -5.44786E-10 -1.51581E-09 -2.37601E-12 -3.91191E-13
  1.045E+02  6.25190E-01 -5.25172E-10 -1.52092E-09 -2.36576E-12 -3.98542E-13
  1.050E+02  6.29410E-01 -5.05700E-10 -1.52578E-09 -2.35535E-12 -4.05718E-13
  1.055E+02  6.33619E-01 -4.86371E-10 -1.53040E-09 -2.34478E-12 -4.12720E-13
  1.060E+02  6.37819E-01 -4.67188E-10 -1.53478E-09 -2.33407E-12 -4.19548E-13
  1.065E+02  6.42008E-01 -4.48151E-10 -1.53892E-09 -2.32321E-12 -4.26203E-13
  1.070E+02  6.46186E-01 -4.29262E-10 -1.54283E-09 -2.31220E-12 -4.32684E-13
  1.075E+02  6.50353E-01 -4.10523E-10 -1.54652E-09 -2.30106E-12 -4.38992E-13
  1.080E+02  6.54508E-01 -3.91934E-10 -1.54999E-09 -2.28977E-12 -4.45127E-13
  1.085E+02  6.58652E-01 -3.73497E-10 -1.55324E-09 -2.27834E-12 -4.51089E-13
  1.090E+02  6.62784E-01 -3.55213E-10 -1.55629E-09 -2.26678E-12 -4.56878E-13
  1.095E+02  6.66903E-01 -3.37083E-10 -1.55914E-09 -2.25509E-12 -4.62496E-13
  1.100E+02  6.71010E-01 -3.19107E-10 -1.56178E-09 -2.24327E-12 -4.67942E-13
  1.105E+02  6.75104E-01 -3.01287E-10 -1.56423E-09 -2.23132E-12 -4.73217E-13
  1.110E+02  6.79184E-01 -2.83624E-10 -1.56650E-09 -2.21924E-12 -4.78321E-13
  1.115E+02  6.83251E-01 -2.66117E-10 -1.56857E-09 -2.20704E-12 -4.83255E-13
  1.120E+02  6.87303E-01 -2.48769E-10 -1.57047E-09 -2.19472E-12 -4.88019E-13
  1.125E+02  6.91342E-01 -2.31578E-10 -1.57220E-09 -2.18228E-12 -4.92614E-13
  1.130E+02  6.95366E-01 -2.14546E-10 -1.57375E-09 -2.16973E-12 -4.97040E-13
  1.135E+02  6.99375E-01 -1.97674E-10 -1.57514E-09 -2.15706E-12 -5.01299E-13
  1.140E+02  7.03368E-01 -1.80961E-10 -1.57637E-09 -2.14428E-12 -5.05390E-13
  1.145E+02  7.07347E-01 -1.64408E-10 -1.57744E-09 -2.13138E-12 -5.09314E-13
  1.150E+02  7.11309E-01 -1.48015E-10 -1.57835E-09 -2.11838E-12 -5.13072E-13
  1.155E+02  7.15256E-01 -1.31782E-10 -1.57912E-09 -2.10528E-12 -5.16665E-13
  1.160E+02  7.19186E-01 -1.15710E-10 -1.57974E-09 -2.09207E-12 -5.20093E-13
  1.165E+02  7.23099E-01 -9.97991E-11 -1.58022E-09 -2.07875E-12 -5.23357E-13
  1.170E+02  7.26995E-01 -8.40485E-11 -1.58057E-09 -2.06534E-12 -5.26458E-13
  1.175E+02  7.30874E-01 -6.84586E-11 -1.58078E-09 -2.05183E-12 -5.29396E-13
  1.180E+02  7.34736E-01 -5.30294E-11 -1.58087E-09 -2.03822E-12 -5.32173E-13
  1.185E+02  7.38579E-01 -3.77608E-11 -1.58083E-09 -2.02452E-12 -5.34789E-13
  1.190E+02  7.42405E-01 -2.26528E-11 -1.58066E-09 -2.01073E-12 -5.37245E-13
  1.195E+02  7.46212E-01 -7.70509E-12 -1.58038E-09 -1.99684E-12 -5.39542E-13
  1.200E+02  7.50000E-01  7.08240E-12 -1.57999E-09 -1.98287E-12 -5.41681E-13
  1.205E+02  7.53769E-01  2.17099E-11 -1.57949E-09 -1.96881E-12 -5.43662E-13
  1.210E+02  7.57519E-01  3.61777E-11 -1.57888E-09 -1.95466E-12 -5.45487E-13
  1.215E+02  7.61249E-01  5.04862E-11 -1.57816E-09 -1.94044E-12 -5.47157E-13
  1.220E+02  7.64960E-01  6.46355E-11 -1.57735E-09 -1.92612E-12 -5.48671E-13
  1.225E+02  7.68650E-01  7.86261E-11 -1.57644E-09 -1.91173E-12 -5.50033E-13
  1.230E+02  7.72320E-01  9.24583E-11 -1.57544E-09 -1.89726E-12 -5.51241E-13
  1.235E+02  7.75968E-01  1.06133E-10 -1.57435E-09 -1.88271E-12 -5.52299E-13
  1.240E+02  7.79596E-01  1.19649E-10 -1.57317E-09 -1.86809E-12 -5.53205E-13
  1.245E+02  7.83203E-01  1.33009E-10 -1.57190E-09 -1.85339E-12 -5.53962E-13
  1.250E+02  7.86788E-01  1.46213E-10 -1.57056E-09 -1.83863E-12 -5.54570E-13
  1.255E+02  7.90351E-01  1.59260E-10 -1.56914E-09 -1.82379E-12 -5.55031E-13
  1.260E+02  7.93893E-01  1.72152E-10 -1.56764E-09 -1.80888E-12 -5.55345E-13
  1.265E+02  7.97411E-01  1.84888E-10 -1.56608E-09 -1.79390E-12 -5.55514E-13
  1.270E+02  8.00908E-01  1.97471E-10 -1.56444E-09 -1.77886E-12 -5.55539E-13
  1.275E+02  8.04381E-01  2.09900E-10 -1.56274E-09 -1.76375E-12 -5.55420E-13
  1.280E+02  8.07831E-01  2.22175E-10 -1.56097E-09 -1.74858E-12 -5.55160E-13
  1.285E+02  8.11257E-01  2.34298E-10 -1.55915E-09 -1.73334E-12 -5.54758E-13
  1.290E+02  8.14660E-01  2.46270E-10 -1.55727E-09 -1.71805E-12 -5.54217E-13
  1.295E+02  8.18039E-01  2.58090E-10 -1.55533E-09 -1.70270E-12 -5.53536E-13
  1.300E+02  8.21394E-01  2.69759E-10 -1.55334E-09 -1.68728E-12 -5.52719E-13
  1.305E+02  8.24724E-01  2.81279E-10 -1.55130E-09 -1.67181E-12 -5.51765E-13
  1.310E+02  8.28030E-01  2.92650E-10 -1.54921E-09 -1.65629E-12 -5.50676E-13
  1.315E+02  8.31310E-01  3.03872E-10 -1.54708E-09 -1.64071E-12 -5.49452E-13
  1.320E+02  8.34565E-01  3.14947E-10 -1.54490E-09 -1.62508E-12 -5.48096E-13
  1.325E+02  8.37795E-01  3.25874E-10 -1.54269E-09 -1.60939E-12 -5.46608E-13
  1.330E+02  8.40999E-01  3.36656E-10 -1.54044E-09 -1.59366E-12 -5.44990E-13
  1.335E+02  8.44177E-01  3.47292E-10 -1.53815E-09 -1.57788E-12 -5.43243E-13
  1.340E+02  8.47329E-01  3.57783E-10 -1.53582E-09 -1.56204E-12 -5.41368E-13
  1.345E+02  8.50455E-01  3.68130E-10 -1.53347E-09 -1.54616E-12 -5.39366E-13
  1.350E+02  8.53553E-01  3.78335E-10 -1.53109E-09 -1.53024E-12 -5.37238E-13
  1.355E+02  8.56625E-01  3.88397E-10 -1.52868E-09 -1.51426E-12 -5.34986E-13
  1.360E+02  8.59670E-01  3.98317E-10 -1.52625E-09 -1.49825E-12 -5.32612E-13
  1.365E+02  8.62687E-01  4.08097E-10 -1.52379E-09 -1.48219E-12 -5.30115E-13
  1.370E+02  8.65677E-01  4.17736E-10 -1.52131E-09 -1.46609E-12 -5.27498E-13
  1.375E+02  8.68639E-01  4.27237E-10 -1.51882E-09 -1.44995E-12 -5.24762E-13
  1.380E+02  8.71572E-01  4.36599E-10 -1.51630E-09 -1.43377E-12 -5.21908E-13
  1.385E+02  8.74478E-01  4.45823E-10 -1.51377E-09 -1.41754E-12 -5.18937E-13
  1.390E+02  8.77355E-01  4.54911E-10 -1.51123E-09 -1.40129E-12 -5.15851E-13
  1.395E+02  8.80203E-01  4.63863E-10 -1.50868E-09 -1.38499E-12 -5.12651E-13
  1.400E+02  8.83022E-01  4.72679E-10 -1.50612E-09 -1.36866E-12 -5.09338E-13
  1.405E+02  8.85812E-01  4.81362E-10 -1.50354E-09 -1.35229E-12 -5.05914E-13
  1.410E+02  8.88573E-01  4.89910E-10 -1.50097E-09 -1.33589E-12 -5.02380E-13
  1.415E+02  8.91304E-01  4.98326E-10 -1.49839E-09 -1.31945E-12 -4.98736E-13
  1.420E+02  8.94005E-01  5.06610E-10 -1.49580E-09 -1.30298E-12 -4.94986E-13
  1.425E+02  8.96677E-01  5.14763E-10 -1.49322E-09 -1.28648E-12 -4.91129E-13
  1.430E+02  8.99318E-01  5.22786E-10 -1.49063E-09 -1.26995E-12 -4.87167E-13
  1.435E+02  9.01928E-01  5.30679E-10 -1.48805E-09 -1.25339E-12 -4.83102E-13
  1.440E+02  9.04508E-01  5.38443E-10 -1.48547E-09 -1.23679E-12 -4.78935E-13
  1.445E+02  9.07058E-01  5.46080E-10 -1.48289E-09 -1.22017E-12 -4.74667E-13
  1.450E+02  9.09576E-01  5.53589E-10 -1.48032E-09 -1.20352E-12 -4.70300E-13
  1.455E+02  9.12063E-01  5.60971E-10 -1.47776E-09 -1.18685E-12 -4.65834E-13
  1.460E+02  9.14519E-01  5.68229E-10 -1.47520E-09 -1.17014E-12 -4.61272E-13
  1.465E+02  9.16943E-01  5.75361E-10 -1.47266E-09 -1.15341E-12 -4.56614E-13
  1.470E+02  9.19335E-01  5.82369E-10 -1.47013E-09 -1.13666E-12 -4.51862E-13
  1.475E+02  9.21696E-01  5.89254E-10 -1.46761E-09 -1.11988E-12 -4.47018E-13
  1.480E+02  9.24024E-01  5.96016E-10 -1.46511E-09 -1.10308E-12 -4.42082E-13
  1.485E+02  9.26320E-01  6.02657E-10 -1.46262E-09 -1.08625E-12 -4.37056E-13
  1.490E+02  9.28584E-01  6.09176E-10 -1.46014E-09 -1.06940E-12 -4.31942E-13
  1.495E+02  9.30815E-01  6.15575E-10 -1.45769E-09 -1.05253E-12 -4.26741E-13
  1.500E+02  9.33013E-01  6.21855E-10 -1.45525E-09 -1.03564E-12 -4.21453E-13
  1.505E+02  9.35178E-01  6.28015E-10 -1.45284E-09 -1.01873E-12 -4.16082E-13
  1.510E+02  9.37310E-01  6.34057E-10 -1.45044E-09 -1.00180E-12 -4.10627E-13
  1.515E+02  9.39409E-01  6.39982E-10 -1.44807E-09 -9.84842E-13 -4.05090E-13
  1.520E+02  9.41474E-01  6.45790E-10 -1.44572E-09 -9.67871E-13 -3.99474E-13
  1.525E+02  9.43505E-01  6.51482E-10 -1.44339E-09 -9.50880E-13 -3.93778E-13
  1.530E+02  9.45503E-01  6.57059E-10 -1.44109E-09 -9.33872E-13 -3.88005E-13
  1.535E+02  9.47467E-01  6.62521E-10 -1.43882E-09 -9.16846E-13 -3.82155E-13
  1.540E+02  9.49397E-01  6.67869E-10 -1.43657E-09 -8.99803E-13 -3.76231E-13
  1.545E+02  9.51293E-01  6.73103E-10 -1.43436E-09 -8.82744E-13 -3.70234E-13
  1.550E+02  9.53154E-01  6.78224E-10 -1.43217E-09 -8.65669E-13 -3.64164E-13
  1.555E+02  9.54981E-01  6.83234E-10 -1.43001E-09 -8.48578E-13 -3.58024E-13
  1.560E+02  9.56773E-01  6.88132E-10 -1.42788E-09 -8.31472E-13 -3.51815E-13
  1.565E+02  9.58530E-01  6.92918E-10 -1.42578E-09 -8.14352E-13 -3.45538E-13
  1.570E+02  9.60252E-01  6.97595E-10 -1.42371E-09 -7.97218E-13 -3.39195E-13
  1.575E+02  9.61940E-01  7.02162E-10 -1.42168E-09 -7.80070E-13 -3.32786E-13
  1.580E+02  9.63592E-01  7.06619E-10 -1.41968E-09 -7.62908E-13 -3.26315E-13
  1.585E+02  9.65209E-01  7.10968E-10 -1.41772E-09 -7.45734E-13 -3.19781E-13
  1.590E+02  9.66790E-01  7.15210E-10 -1.41579E-09 -7.28548E-13 -3.13186E-13
  1.595E+02  9.68336E-01  7.19343E-10 -1.41390E-09 -7.11349E-13 -3.06531E-13
  1.600E+02  9.69846E-01  7.23370E-10 -1.41205E-09 -6.94139E-13 -2.99819E-13
  1.605E+02  9.71321E-01  7.27290E-10 -1.41023E-09 -6.76918E-13 -2.93051E-13
  1.610E+02  9.72759E-01  7.31104E-10 -1.40845E-09 -6.59686E-13 -2.86227E-13
  1.615E+02  9.74162E-01  7.34813E-10 -1.40671E-09 -6.42444E-13 -2.79349E-13
  1.620E+02  9.75528E-01  7.38417E-10 -1.40501E-09 -6.25192E-13 -2.72419E-13
  1.625E+02  9.76858E-01  7.41917E-10 -1.40335E-09 -6.07929E-13 -2.65438E-13
  1.630E+02  9.78152E-01  7.45312E-10 -1.40173E-09 -5.90658E-13 -2.58408E-13
  1.635E+02  9.79410E-01  7.48604E-10 -1.40015E-09 -5.73377E-13 -2.51329E-13
  1.640E+02  9.80631E-01  7.51793E-10 -1.39861E-09 -5.56088E-13 -2.44204E-13
  1.645E+02  9.81815E-01  7.54880E-10 -1.39711E-09 -5.38791E-13 -2.37034E-13
  1.650E+02  9.82963E-01  7.57864E-10 -1.39566E-09 -5.21485E-13 -2.29819E-13
  1.655E+02  9.84074E-01  7.60746E-10 -1.39425E-09 -5.04172E-13 -2.22562E-13
  1.660E+02  9.85148E-01  7.63527E-10 -1.39289E-09 -4.86851E-13 -2.15265E-13
  1.665E+02  9.86185E-01  7.66207E-10 -1.39156E-09 -4.69524E-13 -2.07927E-13
  1.670E+02  9.87185E-01  7.68786E-10 -1.39029E-09 -4.52189E-13 -2.00551E-13
  1.675E+02  9.88148E-01  7.71265E-10 -1.38905E-09 -4.34848E-13 -1.93139E-13
  1.680E+02  9.89074E-01  7.73644E-10 -1.38786E-09 -4.17501E-13 -1.85691E-13
  1.685E+02  9.89962E-01  7.75923E-10 -1.38672E-09 -4.00148E-13 -1.78209E-13
  1.690E+02  9.90814E-01  7.78103E-10 -1.38563E-09 -3.82789E-13 -1.70694E-13
  1.695E+02  9.91627E-01  7.80184E-10 -1.38458E-09 -3.65425E-13 -1.63149E-13
  1.700E+02  9.92404E-01  7.82166E-10 -1.38357E-09 -3.48056E-13 -1.55573E-13
  1.705E+02  9.93143E-01  7.84050E-10 -1.38262E-09 -3.30682E-13 -1.47970E-13
  1.710E+02  9.93844E-01  7.85836E-10 -1.38171E-09 -3.13304E-13 -1.40339E-13
  1.715E+02  9.94508E-01  7.87523E-10 -1.38085E-09 -2.95921E-13 -1.32683E-13
  1.720E+02  9.95134E-01  7.89113E-10 -1.38003E-09 -2.78535E-13 -1.25003E-13
  1.725E+02  9.95722E-01  7.90605E-10 -1.37927E-09 -2.61144E-13 -1.17300E-13
  1.730E+02  9.96273E-01  7.92001E-10 -1.37855E-09 -2.43750E-13 -1.09576E-13
  1.735E+02  9.96786E-01  7.93299E-10 -1.37788E-09 -2.26353E-13 -1.01832E-13
  1.740E+02  9.97261E-01  7.94500E-10 -1.37726E-09 -2.08953E-13 -9.40693E-14
  1.745E+02  9.97698E-01  7.95604E-10 -1.37669E-09 -1.91550E-13 -8.62899E-14
  1.750E+02  9.98097E-01  7.96612E-10 -1.37617E-09 -1.74144E-13 -7.84950E-14
  1.755E+02  9.98459E-01  7.97524E-10 -1.37570E-09 -1.56736E-13 -7.06859E-14
  1.760E+02  9.98782E-01  7.98339E-10 -1.37527E-09 -1.39326E-13 -6.28640E-14
  1.765E+02  9.99067E-01  7.99058E-10 -1.37490E-09 -1.21914E-13 -5.50308E-14
  1.770E+02  9.99315E-01  7.99681E-10 -1.37457E-09 -1.04501E-13 -4.71877E-14
  1.775E+02  9.99524E-01  8.00208E-10 -1.37430E-09 -8.70863E-14 -3.93360E-14
  1.780E+02  9.99695E-01  8.00639E-10 -1.37407E-09 -6.96704E-14 -3.14773E-14
  1.785E+02  9.99829E-01  8.00974E-10 -1.37390E-09 -5.22536E-14 -2.36130E-14
  1.790E+02  9.99924E-01  8.01213E-10 -1.37378E-09 -3.48361E-14 -1.57443E-14
  1.795E+02  9.99981E-01  8.01357E-10 -1.37370E-09 -1.74182E-14 -7.87287E-15
  1.800E+02  1.00000E+00  8.01405E-10 -1.37368E-09 -2.44437E-28 -1.10487E-28
