 #  Scattering amplitudes (in cm)      MU=(1-cos(TH))/2
 #  Z =   6,   projectile: electron
 #  Kinetic energy = 1.48000E+02 eV
 #
 # TH (deg)      MU          Re(F)        Im(F)        Re(G)        Im(G)
 #--------------------------------------------------------------------------
  0.000E+00  0.00000E+00  1.66506E-08  1.12624E-08  0.00000E+00  0.00000E+00
  1.000E-04  7.61557E-13  1.66506E-08  1.12624E-08  2.63859E-18  4.64264E-18
  1.250E-04  1.18994E-12  1.66506E-08  1.12624E-08  3.29824E-18  5.80331E-18
  1.500E-04  1.71346E-12  1.66506E-08  1.12624E-08  3.95788E-18  6.96397E-18
  1.750E-04  2.33225E-12  1.66506E-08  1.12624E-08  4.61753E-18  8.12463E-18
  2.000E-04  3.04617E-12  1.66506E-08  1.12624E-08  5.27718E-18  9.28529E-18
  2.250E-04  3.85530E-12  1.66506E-08  1.12624E-08  5.93682E-18  1.04460E-17
  2.500E-04  4.75964E-12  1.66506E-08  1.12624E-08  6.59647E-18  1.16066E-17
  2.750E-04  5.75917E-12  1.66506E-08  1.12624E-08  7.25612E-18  1.27673E-17
  3.000E-04  6.85391E-12  1.66506E-08  1.12624E-08  7.91577E-18  1.39279E-17
  3.250E-04  8.04379E-12  1.66506E-08  1.12624E-08  8.57541E-18  1.50886E-17
  3.500E-04  9.32893E-12  1.66506E-08  1.12624E-08  9.23506E-18  1.62493E-17
  3.750E-04  1.07092E-11  1.66506E-08  1.12624E-08  9.89471E-18  1.74099E-17
  4.000E-04  1.21847E-11  1.66506E-08  1.12624E-08  1.05544E-17  1.85706E-17
  4.250E-04  1.37554E-11  1.66506E-08  1.12624E-08  1.12140E-17  1.97312E-17
  4.500E-04  1.54213E-11  1.66506E-08  1.12624E-08  1.18736E-17  2.08919E-17
  4.750E-04  1.71823E-11  1.66506E-08  1.12624E-08  1.25333E-17  2.20526E-17
  5.000E-04  1.90386E-11  1.66506E-08  1.12624E-08  1.31929E-17  2.32132E-17
  5.250E-04  2.09900E-11  1.66506E-08  1.12624E-08  1.38526E-17  2.43739E-17
  5.500E-04  2.30367E-11  1.66506E-08  1.12624E-08  1.45122E-17  2.55345E-17
  5.750E-04  2.51785E-11  1.66506E-08  1.12624E-08  1.51719E-17  2.66952E-17
  6.000E-04  2.74156E-11  1.66506E-08  1.12624E-08  1.58315E-17  2.78559E-17
  6.250E-04  2.97478E-11  1.66506E-08  1.12624E-08  1.64912E-17  2.90165E-17
  6.500E-04  3.21752E-11  1.66506E-08  1.12624E-08  1.71508E-17  3.01772E-17
  6.750E-04  3.46979E-11  1.66506E-08  1.12624E-08  1.78105E-17  3.13379E-17
  7.000E-04  3.73157E-11  1.66506E-08  1.12624E-08  1.84701E-17  3.24985E-17
  7.250E-04  4.00286E-11  1.66506E-08  1.12624E-08  1.91298E-17  3.36592E-17
  7.500E-04  4.28368E-11  1.66506E-08  1.12624E-08  1.97894E-17  3.48198E-17
  7.750E-04  4.57402E-11  1.66506E-08  1.12624E-08  2.04491E-17  3.59805E-17
  8.000E-04  4.87388E-11  1.66506E-08  1.12624E-08  2.11087E-17  3.71412E-17
  8.250E-04  5.18325E-11  1.66506E-08  1.12624E-08  2.17684E-17  3.83018E-17
  8.500E-04  5.50215E-11  1.66506E-08  1.12624E-08  2.24280E-17  3.94625E-17
  8.750E-04  5.83057E-11  1.66506E-08  1.12624E-08  2.30877E-17  4.06231E-17
  9.000E-04  6.16850E-11  1.66506E-08  1.12624E-08  2.37473E-17  4.17838E-17
  9.250E-04  6.51595E-11  1.66506E-08  1.12624E-08  2.44069E-17  4.29445E-17
  9.500E-04  6.87293E-11  1.66506E-08  1.12624E-08  2.50666E-17  4.41051E-17
  9.750E-04  7.23943E-11  1.66506E-08  1.12624E-08  2.57262E-17  4.52658E-17
  1.000E-03  7.61544E-11  1.66506E-08  1.12624E-08  2.63859E-17  4.64264E-17
  1.250E-03  1.18991E-10  1.66506E-08  1.12624E-08  3.29824E-17  5.80331E-17
  1.500E-03  1.71347E-10  1.66506E-08  1.12624E-08  3.95788E-17  6.96397E-17
  1.750E-03  2.33223E-10  1.66506E-08  1.12624E-08  4.61753E-17  8.12463E-17
  2.000E-03  3.04617E-10  1.66506E-08  1.12624E-08  5.27718E-17  9.28529E-17
  2.250E-03  3.85531E-10  1.66506E-08  1.12624E-08  5.93682E-17  1.04460E-16
  2.500E-03  4.75965E-10  1.66506E-08  1.12624E-08  6.59647E-17  1.16066E-16
  2.750E-03  5.75917E-10  1.66506E-08  1.12624E-08  7.25612E-17  1.27673E-16
  3.000E-03  6.85389E-10  1.66506E-08  1.12624E-08  7.91577E-17  1.39279E-16
  3.250E-03  8.04380E-10  1.66506E-08  1.12624E-08  8.57541E-17  1.50886E-16
  3.500E-03  9.32891E-10  1.66506E-08  1.12624E-08  9.23506E-17  1.62493E-16
  3.750E-03  1.07092E-09  1.66506E-08  1.12624E-08  9.89471E-17  1.74099E-16
  4.000E-03  1.21847E-09  1.66506E-08  1.12624E-08  1.05544E-16  1.85706E-16
  4.250E-03  1.37554E-09  1.66506E-08  1.12624E-08  1.12140E-16  1.97312E-16
  4.500E-03  1.54213E-09  1.66506E-08  1.12624E-08  1.18736E-16  2.08919E-16
  4.750E-03  1.71823E-09  1.66506E-08  1.12624E-08  1.25333E-16  2.20526E-16
  5.000E-03  1.90386E-09  1.66506E-08  1.12624E-08  1.31929E-16  2.32132E-16
  5.250E-03  2.09900E-09  1.66506E-08  1.12624E-08  1.38526E-16  2.43739E-16
  5.500E-03  2.30367E-09  1.66506E-08  1.12624E-08  1.45122E-16  2.55345E-16
  5.750E-03  2.51785E-09  1.66506E-08  1.12624E-08  1.51719E-16  2.66952E-16
  6.000E-03  2.74156E-09  1.66506E-08  1.12624E-08  1.58315E-16  2.78559E-16
  6.250E-03  2.97478E-09  1.66506E-08  1.12624E-08  1.64912E-16  2.90165E-16
  6.500E-03  3.21752E-09  1.66506E-08  1.12624E-08  1.71508E-16  3.01772E-16
  6.750E-03  3.46978E-09  1.66506E-08  1.12624E-08  1.78105E-16  3.13379E-16
  7.000E-03  3.73156E-09  1.66506E-08  1.12624E-08  1.84701E-16  3.24985E-16
  7.250E-03  4.00286E-09  1.66506E-08  1.12624E-08  1.91298E-16  3.36592E-16
  7.500E-03  4.28368E-09  1.66506E-08  1.12624E-08  1.97894E-16  3.48198E-16
  7.750E-03  4.57402E-09  1.66506E-08  1.12624E-08  2.04491E-16  3.59805E-16
  8.000E-03  4.87388E-09  1.66506E-08  1.12624E-08  2.11087E-16  3.71412E-16
  8.250E-03  5.18326E-09  1.66506E-08  1.12624E-08  2.17684E-16  3.83018E-16
  8.500E-03  5.50215E-09  1.66506E-08  1.12624E-08  2.24280E-16  3.94625E-16
  8.750E-03  5.83057E-09  1.66506E-08  1.12624E-08  2.30876E-16  4.06231E-16
  9.000E-03  6.16850E-09  1.66506E-08  1.12624E-08  2.37473E-16  4.17838E-16
  9.250E-03  6.51596E-09  1.66506E-08  1.12624E-08  2.44069E-16  4.29445E-16
  9.500E-03  6.87293E-09  1.66506E-08  1.12624E-08  2.50666E-16  4.41051E-16
  9.750E-03  7.23942E-09  1.66506E-08  1.12624E-08  2.57262E-16  4.52658E-16
  1.000E-02  7.61544E-09  1.66506E-08  1.12624E-08  2.63859E-16  4.64264E-16
  1.250E-02  1.18991E-08  1.66506E-08  1.12624E-08  3.29823E-16  5.80331E-16
  1.500E-02  1.71347E-08  1.66506E-08  1.12624E-08  3.95788E-16  6.96397E-16
  1.750E-02  2.33223E-08  1.66506E-08  1.12624E-08  4.61753E-16  8.12463E-16
  2.000E-02  3.04617E-08  1.66506E-08  1.12624E-08  5.27717E-16  9.28529E-16
  2.250E-02  3.85531E-08  1.66506E-08  1.12624E-08  5.93681E-16  1.04459E-15
  2.500E-02  4.75965E-08  1.66506E-08  1.12624E-08  6.59646E-16  1.16066E-15
  2.750E-02  5.75917E-08  1.66506E-08  1.12624E-08  7.25610E-16  1.27673E-15
  3.000E-02  6.85389E-08  1.66506E-08  1.12624E-08  7.91574E-16  1.39279E-15
  3.250E-02  8.04380E-08  1.66506E-08  1.12624E-08  8.57538E-16  1.50886E-15
  3.500E-02  9.32891E-08  1.66506E-08  1.12624E-08  9.23502E-16  1.62492E-15
  3.750E-02  1.07092E-07  1.66506E-08  1.12624E-08  9.89466E-16  1.74099E-15
  4.000E-02  1.21847E-07  1.66506E-08  1.12624E-08  1.05543E-15  1.85706E-15
  4.250E-02  1.37554E-07  1.66506E-08  1.12624E-08  1.12139E-15  1.97312E-15
  4.500E-02  1.54213E-07  1.66506E-08  1.12624E-08  1.18736E-15  2.08919E-15
  4.750E-02  1.71823E-07  1.66506E-08  1.12624E-08  1.25332E-15  2.20525E-15
  5.000E-02  1.90386E-07  1.66506E-08  1.12624E-08  1.31928E-15  2.32132E-15
  5.250E-02  2.09900E-07  1.66505E-08  1.12624E-08  1.38525E-15  2.43739E-15
  5.500E-02  2.30367E-07  1.66505E-08  1.12624E-08  1.45121E-15  2.55345E-15
  5.750E-02  2.51785E-07  1.66505E-08  1.12624E-08  1.51717E-15  2.66952E-15
  6.000E-02  2.74156E-07  1.66505E-08  1.12624E-08  1.58313E-15  2.78558E-15
  6.250E-02  2.97478E-07  1.66505E-08  1.12624E-08  1.64910E-15  2.90165E-15
  6.500E-02  3.21752E-07  1.66505E-08  1.12624E-08  1.71506E-15  3.01771E-15
  6.750E-02  3.46978E-07  1.66505E-08  1.12624E-08  1.78102E-15  3.13378E-15
  7.000E-02  3.73156E-07  1.66505E-08  1.12623E-08  1.84698E-15  3.24985E-15
  7.250E-02  4.00286E-07  1.66505E-08  1.12623E-08  1.91294E-15  3.36591E-15
  7.500E-02  4.28368E-07  1.66504E-08  1.12623E-08  1.97890E-15  3.48198E-15
  7.750E-02  4.57402E-07  1.66504E-08  1.12623E-08  2.04486E-15  3.59804E-15
  8.000E-02  4.87388E-07  1.66504E-08  1.12623E-08  2.11082E-15  3.71411E-15
  8.250E-02  5.18325E-07  1.66504E-08  1.12623E-08  2.17678E-15  3.83017E-15
  8.500E-02  5.50215E-07  1.66504E-08  1.12623E-08  2.24274E-15  3.94624E-15
  8.750E-02  5.83057E-07  1.66504E-08  1.12623E-08  2.30870E-15  4.06230E-15
  9.000E-02  6.16850E-07  1.66504E-08  1.12623E-08  2.37466E-15  4.17837E-15
  9.250E-02  6.51596E-07  1.66503E-08  1.12623E-08  2.44062E-15  4.29443E-15
  9.500E-02  6.87293E-07  1.66503E-08  1.12623E-08  2.50658E-15  4.41050E-15
  9.750E-02  7.23942E-07  1.66503E-08  1.12623E-08  2.57254E-15  4.52656E-15
  1.000E-01  7.61543E-07  1.66503E-08  1.12623E-08  2.63850E-15  4.64263E-15
  1.250E-01  1.18991E-06  1.66501E-08  1.12623E-08  3.29806E-15  5.80327E-15
  1.500E-01  1.71347E-06  1.66499E-08  1.12622E-08  3.95757E-15  6.96391E-15
  1.750E-01  2.33223E-06  1.66496E-08  1.12622E-08  4.61704E-15  8.12453E-15
  2.000E-01  3.04617E-06  1.66493E-08  1.12621E-08  5.27644E-15  9.28515E-15
  2.250E-01  3.85531E-06  1.66489E-08  1.12621E-08  5.93578E-15  1.04457E-14
  2.500E-01  4.75964E-06  1.66485E-08  1.12620E-08  6.59504E-15  1.16063E-14
  2.750E-01  5.75916E-06  1.66480E-08  1.12619E-08  7.25421E-15  1.27669E-14
  3.000E-01  6.85388E-06  1.66476E-08  1.12618E-08  7.91328E-15  1.39274E-14
  3.250E-01  8.04378E-06  1.66470E-08  1.12618E-08  8.57226E-15  1.50880E-14
  3.500E-01  9.32888E-06  1.66464E-08  1.12617E-08  9.23112E-15  1.62485E-14
  3.750E-01  1.07092E-05  1.66458E-08  1.12615E-08  9.88986E-15  1.74090E-14
  4.000E-01  1.21846E-05  1.66452E-08  1.12614E-08  1.05485E-14  1.85694E-14
  4.250E-01  1.37553E-05  1.66444E-08  1.12613E-08  1.12069E-14  1.97299E-14
  4.500E-01  1.54212E-05  1.66437E-08  1.12612E-08  1.18653E-14  2.08903E-14
  4.750E-01  1.71822E-05  1.66429E-08  1.12610E-08  1.25234E-14  2.20506E-14
  5.000E-01  1.90385E-05  1.66421E-08  1.12609E-08  1.31815E-14  2.32110E-14
  5.250E-01  2.09899E-05  1.66412E-08  1.12607E-08  1.38393E-14  2.43713E-14
  5.500E-01  2.30365E-05  1.66403E-08  1.12606E-08  1.44969E-14  2.55315E-14
  5.750E-01  2.51783E-05  1.66393E-08  1.12604E-08  1.51544E-14  2.66918E-14
  6.000E-01  2.74153E-05  1.66383E-08  1.12602E-08  1.58117E-14  2.78520E-14
  6.250E-01  2.97475E-05  1.66372E-08  1.12601E-08  1.64687E-14  2.90121E-14
  6.500E-01  3.21749E-05  1.66362E-08  1.12599E-08  1.71256E-14  3.01722E-14
  6.750E-01  3.46974E-05  1.66350E-08  1.12597E-08  1.77822E-14  3.13323E-14
  7.000E-01  3.73152E-05  1.66338E-08  1.12595E-08  1.84386E-14  3.24923E-14
  7.250E-01  4.00281E-05  1.66326E-08  1.12593E-08  1.90947E-14  3.36523E-14
  7.500E-01  4.28362E-05  1.66314E-08  1.12590E-08  1.97506E-14  3.48122E-14
  7.750E-01  4.57395E-05  1.66300E-08  1.12588E-08  2.04063E-14  3.59721E-14
  8.000E-01  4.87380E-05  1.66287E-08  1.12586E-08  2.10617E-14  3.71319E-14
  8.250E-01  5.18317E-05  1.66273E-08  1.12583E-08  2.17168E-14  3.82917E-14
  8.500E-01  5.50205E-05  1.66259E-08  1.12581E-08  2.23716E-14  3.94514E-14
  8.750E-01  5.83045E-05  1.66244E-08  1.12578E-08  2.30261E-14  4.06111E-14
  9.000E-01  6.16838E-05  1.66229E-08  1.12576E-08  2.36803E-14  4.17707E-14
  9.250E-01  6.51582E-05  1.66213E-08  1.12573E-08  2.43342E-14  4.29302E-14
  9.500E-01  6.87277E-05  1.66197E-08  1.12570E-08  2.49878E-14  4.40897E-14
  9.750E-01  7.23925E-05  1.66181E-08  1.12567E-08  2.56411E-14  4.52491E-14
  1.000E+00  7.61524E-05  1.66164E-08  1.12565E-08  2.62940E-14  4.64084E-14
  1.100E+00  9.21439E-05  1.66092E-08  1.12552E-08  2.89022E-14  5.10451E-14
  1.200E+00  1.09658E-04  1.66013E-08  1.12539E-08  3.15044E-14  5.56806E-14
  1.300E+00  1.28695E-04  1.65928E-08  1.12524E-08  3.41000E-14  6.03148E-14
  1.400E+00  1.49255E-04  1.65836E-08  1.12508E-08  3.66885E-14  6.49476E-14
  1.500E+00  1.71338E-04  1.65737E-08  1.12491E-08  3.92693E-14  6.95789E-14
  1.600E+00  1.94942E-04  1.65631E-08  1.12472E-08  4.18419E-14  7.42086E-14
  1.700E+00  2.20070E-04  1.65518E-08  1.12453E-08  4.44058E-14  7.88365E-14
  1.800E+00  2.46720E-04  1.65399E-08  1.12432E-08  4.69603E-14  8.34626E-14
  1.900E+00  2.74892E-04  1.65273E-08  1.12410E-08  4.95051E-14  8.80868E-14
  2.000E+00  3.04586E-04  1.65141E-08  1.12387E-08  5.20396E-14  9.27089E-14
  2.100E+00  3.35803E-04  1.65001E-08  1.12363E-08  5.45632E-14  9.73289E-14
  2.200E+00  3.68542E-04  1.64855E-08  1.12337E-08  5.70754E-14  1.01947E-13
  2.300E+00  4.02802E-04  1.64703E-08  1.12311E-08  5.95757E-14  1.06562E-13
  2.400E+00  4.38585E-04  1.64544E-08  1.12283E-08  6.20636E-14  1.11175E-13
  2.500E+00  4.75889E-04  1.64378E-08  1.12254E-08  6.45385E-14  1.15785E-13
  2.600E+00  5.14715E-04  1.64206E-08  1.12224E-08  6.70000E-14  1.20393E-13
  2.700E+00  5.55063E-04  1.64027E-08  1.12193E-08  6.94475E-14  1.24998E-13
  2.800E+00  5.96931E-04  1.63842E-08  1.12160E-08  7.18806E-14  1.29599E-13
  2.900E+00  6.40321E-04  1.63650E-08  1.12127E-08  7.42987E-14  1.34198E-13
  3.000E+00  6.85233E-04  1.63452E-08  1.12092E-08  7.67013E-14  1.38794E-13
  3.100E+00  7.31665E-04  1.63247E-08  1.12056E-08  7.90879E-14  1.43387E-13
  3.200E+00  7.79618E-04  1.63036E-08  1.12019E-08  8.14581E-14  1.47976E-13
  3.300E+00  8.29092E-04  1.62819E-08  1.11981E-08  8.38114E-14  1.52562E-13
  3.400E+00  8.80086E-04  1.62595E-08  1.11941E-08  8.61472E-14  1.57144E-13
  3.500E+00  9.32601E-04  1.62365E-08  1.11901E-08  8.84651E-14  1.61723E-13
  3.600E+00  9.86636E-04  1.62129E-08  1.11859E-08  9.07646E-14  1.66298E-13
  3.700E+00  1.04219E-03  1.61886E-08  1.11816E-08  9.30453E-14  1.70869E-13
  3.800E+00  1.09927E-03  1.61638E-08  1.11772E-08  9.53066E-14  1.75436E-13
  3.900E+00  1.15786E-03  1.61383E-08  1.11727E-08  9.75481E-14  1.79999E-13
  4.000E+00  1.21797E-03  1.61122E-08  1.11680E-08  9.97694E-14  1.84558E-13
  4.100E+00  1.27961E-03  1.60855E-08  1.11633E-08  1.01970E-13  1.89112E-13
  4.200E+00  1.34276E-03  1.60581E-08  1.11584E-08  1.04149E-13  1.93663E-13
  4.300E+00  1.40743E-03  1.60302E-08  1.11534E-08  1.06307E-13  1.98208E-13
  4.400E+00  1.47362E-03  1.60017E-08  1.11483E-08  1.08443E-13  2.02750E-13
  4.500E+00  1.54133E-03  1.59726E-08  1.11431E-08  1.10556E-13  2.07286E-13
  4.600E+00  1.61056E-03  1.59429E-08  1.11378E-08  1.12647E-13  2.11818E-13
  4.700E+00  1.68131E-03  1.59126E-08  1.11323E-08  1.14714E-13  2.16345E-13
  4.800E+00  1.75357E-03  1.58817E-08  1.11268E-08  1.16757E-13  2.20867E-13
  4.900E+00  1.82735E-03  1.58503E-08  1.11211E-08  1.18776E-13  2.25384E-13
  5.000E+00  1.90265E-03  1.58183E-08  1.11153E-08  1.20771E-13  2.29895E-13
  5.100E+00  1.97947E-03  1.57857E-08  1.11094E-08  1.22741E-13  2.34402E-13
  5.200E+00  2.05780E-03  1.57525E-08  1.11034E-08  1.24685E-13  2.38903E-13
  5.300E+00  2.13765E-03  1.57188E-08  1.10973E-08  1.26604E-13  2.43398E-13
  5.400E+00  2.21902E-03  1.56845E-08  1.10910E-08  1.28496E-13  2.47888E-13
  5.500E+00  2.30190E-03  1.56497E-08  1.10847E-08  1.30362E-13  2.52372E-13
  5.600E+00  2.38630E-03  1.56143E-08  1.10782E-08  1.32201E-13  2.56850E-13
  5.700E+00  2.47222E-03  1.55784E-08  1.10717E-08  1.34012E-13  2.61323E-13
  5.800E+00  2.55965E-03  1.55420E-08  1.10650E-08  1.35796E-13  2.65789E-13
  5.900E+00  2.64859E-03  1.55050E-08  1.10582E-08  1.37552E-13  2.70250E-13
  6.000E+00  2.73905E-03  1.54675E-08  1.10513E-08  1.39280E-13  2.74704E-13
  6.100E+00  2.83103E-03  1.54295E-08  1.10442E-08  1.40979E-13  2.79152E-13
  6.200E+00  2.92452E-03  1.53909E-08  1.10371E-08  1.42649E-13  2.83594E-13
  6.300E+00  3.01952E-03  1.53518E-08  1.10299E-08  1.44289E-13  2.88029E-13
  6.400E+00  3.11604E-03  1.53123E-08  1.10225E-08  1.45900E-13  2.92457E-13
  6.500E+00  3.21407E-03  1.52722E-08  1.10150E-08  1.47481E-13  2.96879E-13
  6.600E+00  3.31362E-03  1.52316E-08  1.10075E-08  1.49032E-13  3.01294E-13
  6.700E+00  3.41468E-03  1.51906E-08  1.09998E-08  1.50551E-13  3.05702E-13
  6.800E+00  3.51725E-03  1.51490E-08  1.09920E-08  1.52040E-13  3.10103E-13
  6.900E+00  3.62133E-03  1.51070E-08  1.09841E-08  1.53498E-13  3.14498E-13
  7.000E+00  3.72692E-03  1.50645E-08  1.09761E-08  1.54924E-13  3.18885E-13
  7.100E+00  3.83403E-03  1.50215E-08  1.09680E-08  1.56318E-13  3.23264E-13
  7.200E+00  3.94265E-03  1.49780E-08  1.09597E-08  1.57681E-13  3.27637E-13
  7.300E+00  4.05278E-03  1.49341E-08  1.09514E-08  1.59010E-13  3.32002E-13
  7.400E+00  4.16442E-03  1.48897E-08  1.09429E-08  1.60307E-13  3.36359E-13
  7.500E+00  4.27757E-03  1.48449E-08  1.09344E-08  1.61572E-13  3.40709E-13
  7.600E+00  4.39223E-03  1.47997E-08  1.09257E-08  1.62803E-13  3.45051E-13
  7.700E+00  4.50840E-03  1.47540E-08  1.09170E-08  1.64001E-13  3.49385E-13
  7.800E+00  4.62608E-03  1.47078E-08  1.09081E-08  1.65165E-13  3.53712E-13
  7.900E+00  4.74527E-03  1.46613E-08  1.08991E-08  1.66295E-13  3.58030E-13
  8.000E+00  4.86597E-03  1.46143E-08  1.08900E-08  1.67391E-13  3.62340E-13
  8.100E+00  4.98817E-03  1.45669E-08  1.08808E-08  1.68453E-13  3.66642E-13
  8.200E+00  5.11188E-03  1.45191E-08  1.08715E-08  1.69480E-13  3.70936E-13
  8.300E+00  5.23711E-03  1.44709E-08  1.08621E-08  1.70472E-13  3.75222E-13
  8.400E+00  5.36383E-03  1.44222E-08  1.08526E-08  1.71430E-13  3.79499E-13
  8.500E+00  5.49207E-03  1.43732E-08  1.08430E-08  1.72352E-13  3.83767E-13
  8.600E+00  5.62181E-03  1.43238E-08  1.08333E-08  1.73239E-13  3.88027E-13
  8.700E+00  5.75306E-03  1.42740E-08  1.08234E-08  1.74091E-13  3.92278E-13
  8.800E+00  5.88581E-03  1.42239E-08  1.08135E-08  1.74906E-13  3.96520E-13
  8.900E+00  6.02007E-03  1.41733E-08  1.08035E-08  1.75686E-13  4.00754E-13
  9.000E+00  6.15583E-03  1.41224E-08  1.07933E-08  1.76430E-13  4.04978E-13
  9.100E+00  6.29310E-03  1.40712E-08  1.07831E-08  1.77138E-13  4.09193E-13
  9.200E+00  6.43187E-03  1.40196E-08  1.07728E-08  1.77809E-13  4.13400E-13
  9.300E+00  6.57214E-03  1.39676E-08  1.07623E-08  1.78444E-13  4.17597E-13
  9.400E+00  6.71392E-03  1.39153E-08  1.07518E-08  1.79042E-13  4.21784E-13
  9.500E+00  6.85720E-03  1.38626E-08  1.07411E-08  1.79604E-13  4.25962E-13
  9.600E+00  7.00198E-03  1.38097E-08  1.07304E-08  1.80128E-13  4.30131E-13
  9.700E+00  7.14827E-03  1.37564E-08  1.07195E-08  1.80616E-13  4.34290E-13
  9.800E+00  7.29605E-03  1.37027E-08  1.07086E-08  1.81067E-13  4.38440E-13
  9.900E+00  7.44534E-03  1.36488E-08  1.06975E-08  1.81480E-13  4.42579E-13
  1.000E+01  7.59612E-03  1.35946E-08  1.06864E-08  1.81856E-13  4.46709E-13
  1.025E+01  7.97965E-03  1.34576E-08  1.06581E-08  1.82632E-13  4.56990E-13
  1.050E+01  8.37255E-03  1.33189E-08  1.06292E-08  1.83172E-13  4.67208E-13
  1.075E+01  8.77480E-03  1.31785E-08  1.05996E-08  1.83477E-13  4.77361E-13
  1.100E+01  9.18641E-03  1.30364E-08  1.05695E-08  1.83544E-13  4.87449E-13
  1.125E+01  9.60736E-03  1.28928E-08  1.05387E-08  1.83373E-13  4.97469E-13
  1.150E+01  1.00376E-02  1.27478E-08  1.05074E-08  1.82964E-13  5.07422E-13
  1.175E+01  1.04773E-02  1.26014E-08  1.04755E-08  1.82317E-13  5.17305E-13
  1.200E+01  1.09262E-02  1.24537E-08  1.04430E-08  1.81431E-13  5.27117E-13
  1.225E+01  1.13844E-02  1.23048E-08  1.04099E-08  1.80306E-13  5.36858E-13
  1.250E+01  1.18520E-02  1.21548E-08  1.03763E-08  1.78943E-13  5.46526E-13
  1.275E+01  1.23288E-02  1.20038E-08  1.03421E-08  1.77343E-13  5.56121E-13
  1.300E+01  1.28150E-02  1.18519E-08  1.03074E-08  1.75507E-13  5.65640E-13
  1.325E+01  1.33104E-02  1.16991E-08  1.02721E-08  1.73434E-13  5.75083E-13
  1.350E+01  1.38150E-02  1.15455E-08  1.02362E-08  1.71127E-13  5.84449E-13
  1.375E+01  1.43290E-02  1.13912E-08  1.01998E-08  1.68586E-13  5.93738E-13
  1.400E+01  1.48521E-02  1.12363E-08  1.01629E-08  1.65814E-13  6.02947E-13
  1.425E+01  1.53845E-02  1.10808E-08  1.01255E-08  1.62811E-13  6.12076E-13
  1.450E+01  1.59262E-02  1.09249E-08  1.00876E-08  1.59580E-13  6.21124E-13
  1.475E+01  1.64770E-02  1.07686E-08  1.00491E-08  1.56121E-13  6.30091E-13
  1.500E+01  1.70371E-02  1.06119E-08  1.00102E-08  1.52438E-13  6.38974E-13
  1.525E+01  1.76063E-02  1.04550E-08  9.97073E-09  1.48533E-13  6.47774E-13
  1.550E+01  1.81848E-02  1.02979E-08  9.93081E-09  1.44407E-13  6.56490E-13
  1.575E+01  1.87724E-02  1.01406E-08  9.89041E-09  1.40063E-13  6.65120E-13
  1.600E+01  1.93692E-02  9.98334E-09  9.84953E-09  1.35503E-13  6.73664E-13
  1.625E+01  1.99751E-02  9.82605E-09  9.80819E-09  1.30731E-13  6.82121E-13
  1.650E+01  2.05901E-02  9.66883E-09  9.76640E-09  1.25749E-13  6.90490E-13
  1.675E+01  2.12143E-02  9.51174E-09  9.72416E-09  1.20559E-13  6.98771E-13
  1.700E+01  2.18476E-02  9.35483E-09  9.68147E-09  1.15165E-13  7.06962E-13
  1.725E+01  2.24900E-02  9.19816E-09  9.63835E-09  1.09569E-13  7.15064E-13
  1.750E+01  2.31415E-02  9.04179E-09  9.59481E-09  1.03775E-13  7.23075E-13
  1.775E+01  2.38021E-02  8.88578E-09  9.55084E-09  9.77851E-14  7.30995E-13
  1.800E+01  2.44717E-02  8.73016E-09  9.50647E-09  9.16033E-14  7.38823E-13
  1.825E+01  2.51504E-02  8.57500E-09  9.46169E-09  8.52326E-14  7.46558E-13
  1.850E+01  2.58382E-02  8.42034E-09  9.41651E-09  7.86762E-14  7.54201E-13
  1.875E+01  2.65349E-02  8.26623E-09  9.37095E-09  7.19375E-14  7.61749E-13
  1.900E+01  2.72407E-02  8.11271E-09  9.32500E-09  6.50199E-14  7.69204E-13
  1.925E+01  2.79555E-02  7.95984E-09  9.27868E-09  5.79268E-14  7.76564E-13
  1.950E+01  2.86793E-02  7.80764E-09  9.23199E-09  5.06616E-14  7.83829E-13
  1.975E+01  2.94120E-02  7.65616E-09  9.18495E-09  4.32279E-14  7.90998E-13
  2.000E+01  3.01537E-02  7.50544E-09  9.13756E-09  3.56292E-14  7.98071E-13
  2.025E+01  3.09043E-02  7.35552E-09  9.08982E-09  2.78690E-14  8.05048E-13
  2.050E+01  3.16639E-02  7.20643E-09  9.04175E-09  1.99509E-14  8.11928E-13
  2.075E+01  3.24324E-02  7.05821E-09  8.99335E-09  1.18785E-14  8.18710E-13
  2.100E+01  3.32098E-02  6.91089E-09  8.94463E-09  3.65530E-15  8.25394E-13
  2.125E+01  3.39961E-02  6.76450E-09  8.89559E-09 -4.71501E-15  8.31981E-13
  2.150E+01  3.47912E-02  6.61908E-09  8.84626E-09 -1.32288E-14  8.38469E-13
  2.175E+01  3.55952E-02  6.47464E-09  8.79662E-09 -2.18826E-14  8.44859E-13
  2.200E+01  3.64081E-02  6.33122E-09  8.74670E-09 -3.06727E-14  8.51150E-13
  2.225E+01  3.72297E-02  6.18884E-09  8.69650E-09 -3.95955E-14  8.57341E-13
  2.250E+01  3.80602E-02  6.04754E-09  8.64602E-09 -4.86474E-14  8.63433E-13
  2.275E+01  3.88995E-02  5.90732E-09  8.59527E-09 -5.78248E-14  8.69426E-13
  2.300E+01  3.97476E-02  5.76822E-09  8.54427E-09 -6.71242E-14  8.75318E-13
  2.325E+01  4.06044E-02  5.63025E-09  8.49301E-09 -7.65420E-14  8.81111E-13
  2.350E+01  4.14700E-02  5.49343E-09  8.44151E-09 -8.60746E-14  8.86803E-13
  2.375E+01  4.23443E-02  5.35779E-09  8.38978E-09 -9.57186E-14  8.92396E-13
  2.400E+01  4.32273E-02  5.22334E-09  8.33782E-09 -1.05470E-13  8.97887E-13
  2.425E+01  4.41190E-02  5.09009E-09  8.28563E-09 -1.15327E-13  9.03279E-13
  2.450E+01  4.50194E-02  4.95807E-09  8.23323E-09 -1.25284E-13  9.08570E-13
  2.475E+01  4.59284E-02  4.82727E-09  8.18062E-09 -1.35338E-13  9.13760E-13
  2.500E+01  4.68461E-02  4.69773E-09  8.12782E-09 -1.45487E-13  9.18849E-13
  2.550E+01  4.87074E-02  4.44244E-09  8.02164E-09 -1.66053E-13  9.28727E-13
  2.600E+01  5.06030E-02  4.19226E-09  7.91475E-09 -1.86956E-13  9.38201E-13
  2.650E+01  5.25328E-02  3.94729E-09  7.80721E-09 -2.08168E-13  9.47274E-13
  2.700E+01  5.44967E-02  3.70756E-09  7.69908E-09 -2.29666E-13  9.55945E-13
  2.750E+01  5.64946E-02  3.47312E-09  7.59040E-09 -2.51424E-13  9.64216E-13
  2.800E+01  5.85262E-02  3.24401E-09  7.48124E-09 -2.73417E-13  9.72087E-13
  2.850E+01  6.05914E-02  3.02024E-09  7.37165E-09 -2.95622E-13  9.79561E-13
  2.900E+01  6.26901E-02  2.80183E-09  7.26169E-09 -3.18017E-13  9.86638E-13
  2.950E+01  6.48222E-02  2.58877E-09  7.15139E-09 -3.40579E-13  9.93322E-13
  3.000E+01  6.69873E-02  2.38105E-09  7.04083E-09 -3.63286E-13  9.99614E-13
  3.050E+01  6.91854E-02  2.17867E-09  6.93005E-09 -3.86118E-13  1.00552E-12
  3.100E+01  7.14163E-02  1.98158E-09  6.81909E-09 -4.09054E-13  1.01103E-12
  3.150E+01  7.36799E-02  1.78977E-09  6.70801E-09 -4.32075E-13  1.01617E-12
  3.200E+01  7.59760E-02  1.60320E-09  6.59686E-09 -4.55161E-13  1.02092E-12
  3.250E+01  7.83043E-02  1.42181E-09  6.48568E-09 -4.78295E-13  1.02529E-12
  3.300E+01  8.06647E-02  1.24557E-09  6.37451E-09 -5.01460E-13  1.02929E-12
  3.350E+01  8.30571E-02  1.07441E-09  6.26341E-09 -5.24638E-13  1.03292E-12
  3.400E+01  8.54812E-02  9.08278E-10  6.15241E-09 -5.47812E-13  1.03619E-12
  3.450E+01  8.79369E-02  7.47117E-10  6.04156E-09 -5.70968E-13  1.03909E-12
  3.500E+01  9.04240E-02  5.90857E-10  5.93090E-09 -5.94091E-13  1.04163E-12
  3.550E+01  9.29422E-02  4.39431E-10  5.82047E-09 -6.17166E-13  1.04382E-12
  3.600E+01  9.54915E-02  2.92768E-10  5.71031E-09 -6.40179E-13  1.04566E-12
  3.650E+01  9.80716E-02  1.50794E-10  5.60045E-09 -6.63118E-13  1.04716E-12
  3.700E+01  1.00682E-01  1.34333E-11  5.49094E-09 -6.85969E-13  1.04831E-12
  3.750E+01  1.03323E-01 -1.19391E-10  5.38181E-09 -7.08720E-13  1.04913E-12
  3.800E+01  1.05995E-01 -2.47756E-10  5.27309E-09 -7.31361E-13  1.04962E-12
  3.850E+01  1.08696E-01 -3.71744E-10  5.16481E-09 -7.53880E-13  1.04979E-12
  3.900E+01  1.11427E-01 -4.91434E-10  5.05702E-09 -7.76267E-13  1.04963E-12
  3.950E+01  1.14188E-01 -6.06908E-10  4.94974E-09 -7.98511E-13  1.04916E-12
  4.000E+01  1.16978E-01 -7.18247E-10  4.84299E-09 -8.20603E-13  1.04838E-12
  4.050E+01  1.19797E-01 -8.25536E-10  4.73682E-09 -8.42535E-13  1.04729E-12
  4.100E+01  1.22645E-01 -9.28855E-10  4.63124E-09 -8.64297E-13  1.04591E-12
  4.150E+01  1.25522E-01 -1.02829E-09  4.52629E-09 -8.85882E-13  1.04423E-12
  4.200E+01  1.28428E-01 -1.12392E-09  4.42199E-09 -9.07281E-13  1.04226E-12
  4.250E+01  1.31361E-01 -1.21582E-09  4.31836E-09 -9.28488E-13  1.04001E-12
  4.300E+01  1.34323E-01 -1.30409E-09  4.21544E-09 -9.49496E-13  1.03749E-12
  4.350E+01  1.37313E-01 -1.38880E-09  4.11323E-09 -9.70297E-13  1.03469E-12
  4.400E+01  1.40330E-01 -1.47003E-09  4.01177E-09 -9.90886E-13  1.03163E-12
  4.450E+01  1.43375E-01 -1.54787E-09  3.91107E-09 -1.01126E-12  1.02830E-12
  4.500E+01  1.46447E-01 -1.62238E-09  3.81115E-09 -1.03141E-12  1.02472E-12
  4.550E+01  1.49545E-01 -1.69366E-09  3.71204E-09 -1.05132E-12  1.02090E-12
  4.600E+01  1.52671E-01 -1.76178E-09  3.61374E-09 -1.07101E-12  1.01683E-12
  4.650E+01  1.55823E-01 -1.82681E-09  3.51628E-09 -1.09046E-12  1.01252E-12
  4.700E+01  1.59001E-01 -1.88884E-09  3.41968E-09 -1.10966E-12  1.00799E-12
  4.750E+01  1.62205E-01 -1.94793E-09  3.32394E-09 -1.12862E-12  1.00322E-12
  4.800E+01  1.65435E-01 -2.00417E-09  3.22908E-09 -1.14733E-12  9.98239E-13
  4.850E+01  1.68690E-01 -2.05762E-09  3.13512E-09 -1.16579E-12  9.93042E-13
  4.900E+01  1.71970E-01 -2.10836E-09  3.04207E-09 -1.18399E-12  9.87636E-13
  4.950E+01  1.75276E-01 -2.15645E-09  2.94993E-09 -1.20193E-12  9.82027E-13
  5.000E+01  1.78606E-01 -2.20197E-09  2.85872E-09 -1.21961E-12  9.76222E-13
  5.050E+01  1.81961E-01 -2.24498E-09  2.76845E-09 -1.23703E-12  9.70224E-13
  5.100E+01  1.85340E-01 -2.28556E-09  2.67913E-09 -1.25417E-12  9.64041E-13
  5.150E+01  1.88743E-01 -2.32376E-09  2.59077E-09 -1.27105E-12  9.57677E-13
  5.200E+01  1.92169E-01 -2.35966E-09  2.50337E-09 -1.28766E-12  9.51139E-13
  5.250E+01  1.95619E-01 -2.39331E-09  2.41694E-09 -1.30400E-12  9.44431E-13
  5.300E+01  1.99092E-01 -2.42479E-09  2.33149E-09 -1.32006E-12  9.37559E-13
  5.350E+01  2.02589E-01 -2.45414E-09  2.24702E-09 -1.33585E-12  9.30529E-13
  5.400E+01  2.06107E-01 -2.48144E-09  2.16355E-09 -1.35136E-12  9.23345E-13
  5.450E+01  2.09649E-01 -2.50673E-09  2.08106E-09 -1.36660E-12  9.16014E-13
  5.500E+01  2.13212E-01 -2.53008E-09  1.99957E-09 -1.38156E-12  9.08540E-13
  5.550E+01  2.16797E-01 -2.55155E-09  1.91908E-09 -1.39624E-12  9.00928E-13
  5.600E+01  2.20404E-01 -2.57118E-09  1.83959E-09 -1.41064E-12  8.93184E-13
  5.650E+01  2.24032E-01 -2.58904E-09  1.76111E-09 -1.42476E-12  8.85314E-13
  5.700E+01  2.27680E-01 -2.60517E-09  1.68362E-09 -1.43860E-12  8.77321E-13
  5.750E+01  2.31350E-01 -2.61963E-09  1.60715E-09 -1.45216E-12  8.69211E-13
  5.800E+01  2.35040E-01 -2.63247E-09  1.53168E-09 -1.46544E-12  8.60988E-13
  5.850E+01  2.38751E-01 -2.64374E-09  1.45722E-09 -1.47845E-12  8.52659E-13
  5.900E+01  2.42481E-01 -2.65349E-09  1.38376E-09 -1.49117E-12  8.44226E-13
  5.950E+01  2.46231E-01 -2.66176E-09  1.31131E-09 -1.50361E-12  8.35696E-13
  6.000E+01  2.50000E-01 -2.66860E-09  1.23986E-09 -1.51578E-12  8.27073E-13
  6.050E+01  2.53788E-01 -2.67406E-09  1.16942E-09 -1.52767E-12  8.18362E-13
  6.100E+01  2.57595E-01 -2.67818E-09  1.09997E-09 -1.53928E-12  8.09566E-13
  6.150E+01  2.61421E-01 -2.68100E-09  1.03151E-09 -1.55061E-12  8.00691E-13
  6.200E+01  2.65264E-01 -2.68257E-09  9.64050E-10 -1.56167E-12  7.91740E-13
  6.250E+01  2.69126E-01 -2.68293E-09  8.97578E-10 -1.57245E-12  7.82719E-13
  6.300E+01  2.73005E-01 -2.68211E-09  8.32091E-10 -1.58296E-12  7.73632E-13
  6.350E+01  2.76901E-01 -2.68016E-09  7.67585E-10 -1.59319E-12  7.64482E-13
  6.400E+01  2.80814E-01 -2.67712E-09  7.04055E-10 -1.60316E-12  7.55275E-13
  6.450E+01  2.84744E-01 -2.67302E-09  6.41497E-10 -1.61285E-12  7.46013E-13
  6.500E+01  2.88691E-01 -2.66790E-09  5.79905E-10 -1.62227E-12  7.36701E-13
  6.550E+01  2.92653E-01 -2.66180E-09  5.19275E-10 -1.63143E-12  7.27343E-13
  6.600E+01  2.96632E-01 -2.65474E-09  4.59600E-10 -1.64031E-12  7.17942E-13
  6.650E+01  3.00625E-01 -2.64677E-09  4.00874E-10 -1.64894E-12  7.08504E-13
  6.700E+01  3.04634E-01 -2.63792E-09  3.43092E-10 -1.65729E-12  6.99030E-13
  6.750E+01  3.08658E-01 -2.62822E-09  2.86247E-10 -1.66539E-12  6.89526E-13
  6.800E+01  3.12697E-01 -2.61770E-09  2.30332E-10 -1.67322E-12  6.79994E-13
  6.850E+01  3.16749E-01 -2.60639E-09  1.75341E-10 -1.68080E-12  6.70438E-13
  6.900E+01  3.20816E-01 -2.59432E-09  1.21266E-10 -1.68811E-12  6.60862E-13
  6.950E+01  3.24896E-01 -2.58152E-09  6.80997E-11 -1.69517E-12  6.51269E-13
  7.000E+01  3.28990E-01 -2.56802E-09  1.58358E-11 -1.70197E-12  6.41661E-13
  7.050E+01  3.33097E-01 -2.55385E-09 -3.55339E-11 -1.70853E-12  6.32044E-13
  7.100E+01  3.37216E-01 -2.53903E-09 -8.60170E-11 -1.71483E-12  6.22419E-13
  7.150E+01  3.41348E-01 -2.52359E-09 -1.35621E-10 -1.72088E-12  6.12790E-13
  7.200E+01  3.45492E-01 -2.50756E-09 -1.84355E-10 -1.72668E-12  6.03159E-13
  7.250E+01  3.49647E-01 -2.49095E-09 -2.32226E-10 -1.73224E-12  5.93531E-13
  7.300E+01  3.53814E-01 -2.47380E-09 -2.79242E-10 -1.73755E-12  5.83907E-13
  7.350E+01  3.57992E-01 -2.45613E-09 -3.25413E-10 -1.74262E-12  5.74291E-13
  7.400E+01  3.62181E-01 -2.43796E-09 -3.70746E-10 -1.74745E-12  5.64685E-13
  7.450E+01  3.66381E-01 -2.41931E-09 -4.15250E-10 -1.75205E-12  5.55093E-13
  7.500E+01  3.70590E-01 -2.40021E-09 -4.58933E-10 -1.75640E-12  5.45516E-13
  7.550E+01  3.74810E-01 -2.38068E-09 -5.01805E-10 -1.76053E-12  5.35958E-13
  7.600E+01  3.79039E-01 -2.36073E-09 -5.43873E-10 -1.76442E-12  5.26421E-13
  7.650E+01  3.83277E-01 -2.34038E-09 -5.85147E-10 -1.76807E-12  5.16907E-13
  7.700E+01  3.87524E-01 -2.31967E-09 -6.25637E-10 -1.77151E-12  5.07419E-13
  7.750E+01  3.91780E-01 -2.29860E-09 -6.65349E-10 -1.77471E-12  4.97959E-13
  7.800E+01  3.96044E-01 -2.27719E-09 -7.04295E-10 -1.77769E-12  4.88530E-13
  7.850E+01  4.00316E-01 -2.25546E-09 -7.42482E-10 -1.78045E-12  4.79134E-13
  7.900E+01  4.04596E-01 -2.23343E-09 -7.79919E-10 -1.78299E-12  4.69773E-13
  7.950E+01  4.08882E-01 -2.21112E-09 -8.16617E-10 -1.78531E-12  4.60449E-13
  8.000E+01  4.13176E-01 -2.18853E-09 -8.52583E-10 -1.78741E-12  4.51164E-13
  8.050E+01  4.17476E-01 -2.16570E-09 -8.87827E-10 -1.78930E-12  4.41921E-13
  8.100E+01  4.21783E-01 -2.14263E-09 -9.22359E-10 -1.79098E-12  4.32720E-13
  8.150E+01  4.26095E-01 -2.11933E-09 -9.56186E-10 -1.79244E-12  4.23565E-13
  8.200E+01  4.30413E-01 -2.09583E-09 -9.89319E-10 -1.79370E-12  4.14457E-13
  8.250E+01  4.34737E-01 -2.07214E-09 -1.02177E-09 -1.79475E-12  4.05398E-13
  8.300E+01  4.39065E-01 -2.04827E-09 -1.05354E-09 -1.79560E-12  3.96389E-13
  8.350E+01  4.43398E-01 -2.02423E-09 -1.08464E-09 -1.79625E-12  3.87433E-13
  8.400E+01  4.47736E-01 -2.00003E-09 -1.11509E-09 -1.79670E-12  3.78530E-13
  8.450E+01  4.52077E-01 -1.97570E-09 -1.14488E-09 -1.79695E-12  3.69684E-13
  8.500E+01  4.56422E-01 -1.95124E-09 -1.17404E-09 -1.79700E-12  3.60894E-13
  8.550E+01  4.60770E-01 -1.92666E-09 -1.20256E-09 -1.79686E-12  3.52163E-13
  8.600E+01  4.65122E-01 -1.90197E-09 -1.23046E-09 -1.79653E-12  3.43492E-13
  8.650E+01  4.69476E-01 -1.87719E-09 -1.25775E-09 -1.79601E-12  3.34882E-13
  8.700E+01  4.73832E-01 -1.85233E-09 -1.28444E-09 -1.79530E-12  3.26335E-13
  8.750E+01  4.78190E-01 -1.82739E-09 -1.31053E-09 -1.79441E-12  3.17853E-13
  8.800E+01  4.82550E-01 -1.80240E-09 -1.33603E-09 -1.79333E-12  3.09436E-13
  8.850E+01  4.86912E-01 -1.77734E-09 -1.36095E-09 -1.79207E-12  3.01086E-13
  8.900E+01  4.91274E-01 -1.75225E-09 -1.38531E-09 -1.79063E-12  2.92803E-13
  8.950E+01  4.95637E-01 -1.72712E-09 -1.40910E-09 -1.78902E-12  2.84590E-13
  9.000E+01  5.00000E-01 -1.70196E-09 -1.43235E-09 -1.78723E-12  2.76447E-13
  9.050E+01  5.04363E-01 -1.67678E-09 -1.45505E-09 -1.78526E-12  2.68375E-13
  9.100E+01  5.08726E-01 -1.65160E-09 -1.47721E-09 -1.78313E-12  2.60375E-13
  9.150E+01  5.13088E-01 -1.62642E-09 -1.49885E-09 -1.78082E-12  2.52449E-13
  9.200E+01  5.17450E-01 -1.60124E-09 -1.51997E-09 -1.77835E-12  2.44597E-13
  9.250E+01  5.21810E-01 -1.57608E-09 -1.54058E-09 -1.77571E-12  2.36820E-13
  9.300E+01  5.26168E-01 -1.55093E-09 -1.56069E-09 -1.77291E-12  2.29119E-13
  9.350E+01  5.30524E-01 -1.52582E-09 -1.58031E-09 -1.76994E-12  2.21495E-13
  9.400E+01  5.34878E-01 -1.50074E-09 -1.59944E-09 -1.76682E-12  2.13948E-13
  9.450E+01  5.39230E-01 -1.47570E-09 -1.61809E-09 -1.76353E-12  2.06480E-13
  9.500E+01  5.43578E-01 -1.45071E-09 -1.63628E-09 -1.76010E-12  1.99091E-13
  9.550E+01  5.47923E-01 -1.42578E-09 -1.65400E-09 -1.75650E-12  1.91782E-13
  9.600E+01  5.52264E-01 -1.40090E-09 -1.67127E-09 -1.75276E-12  1.84554E-13
  9.650E+01  5.56602E-01 -1.37609E-09 -1.68810E-09 -1.74886E-12  1.77406E-13
  9.700E+01  5.60935E-01 -1.35136E-09 -1.70449E-09 -1.74481E-12  1.70341E-13
  9.750E+01  5.65263E-01 -1.32669E-09 -1.72044E-09 -1.74062E-12  1.63357E-13
  9.800E+01  5.69587E-01 -1.30211E-09 -1.73598E-09 -1.73629E-12  1.56457E-13
  9.850E+01  5.73905E-01 -1.27762E-09 -1.75110E-09 -1.73180E-12  1.49640E-13
  9.900E+01  5.78217E-01 -1.25321E-09 -1.76581E-09 -1.72718E-12  1.42907E-13
  9.950E+01  5.82524E-01 -1.22890E-09 -1.78012E-09 -1.72242E-12  1.36258E-13
  1.000E+02  5.86824E-01 -1.20469E-09 -1.79404E-09 -1.71752E-12  1.29693E-13
  1.005E+02  5.91118E-01 -1.18058E-09 -1.80758E-09 -1.71248E-12  1.23214E-13
  1.010E+02  5.95404E-01 -1.15659E-09 -1.82073E-09 -1.70731E-12  1.16820E-13
  1.015E+02  5.99684E-01 -1.13270E-09 -1.83351E-09 -1.70201E-12  1.10512E-13
  1.020E+02  6.03956E-01 -1.10893E-09 -1.84593E-09 -1.69657E-12  1.04290E-13
  1.025E+02  6.08220E-01 -1.08527E-09 -1.85799E-09 -1.69101E-12  9.81549E-14
  1.030E+02  6.12476E-01 -1.06174E-09 -1.86970E-09 -1.68531E-12  9.21060E-14
  1.035E+02  6.16723E-01 -1.03834E-09 -1.88107E-09 -1.67949E-12  8.61439E-14
  1.040E+02  6.20961E-01 -1.01506E-09 -1.89209E-09 -1.67355E-12  8.02690E-14
  1.045E+02  6.25190E-01 -9.91912E-10 -1.90279E-09 -1.66748E-12  7.44813E-14
  1.050E+02  6.29410E-01 -9.68900E-10 -1.91316E-09 -1.66129E-12  6.87810E-14
  1.055E+02  6.33619E-01 -9.46024E-10 -1.92321E-09 -1.65498E-12  6.31682E-14
  1.060E+02  6.37819E-01 -9.23288E-10 -1.93295E-09 -1.64856E-12  5.76432E-14
  1.065E+02  6.42008E-01 -9.00694E-10 -1.94238E-09 -1.64201E-12  5.22058E-14
  1.070E+02  6.46186E-01 -8.78244E-10 -1.95152E-09 -1.63535E-12  4.68563E-14
  1.075E+02  6.50353E-01 -8.55941E-10 -1.96036E-09 -1.62858E-12  4.15947E-14
  1.080E+02  6.54508E-01 -8.33786E-10 -1.96891E-09 -1.62170E-12  3.64210E-14
  1.085E+02  6.58652E-01 -8.11782E-10 -1.97718E-09 -1.61470E-12  3.13352E-14
  1.090E+02  6.62784E-01 -7.89930E-10 -1.98518E-09 -1.60760E-12  2.63373E-14
  1.095E+02  6.66903E-01 -7.68232E-10 -1.99291E-09 -1.60038E-12  2.14273E-14
  1.100E+02  6.71010E-01 -7.46691E-10 -2.00037E-09 -1.59306E-12  1.66050E-14
  1.105E+02  6.75104E-01 -7.25307E-10 -2.00757E-09 -1.58564E-12  1.18706E-14
  1.110E+02  6.79184E-01 -7.04082E-10 -2.01452E-09 -1.57811E-12  7.22378E-15
  1.115E+02  6.83251E-01 -6.83018E-10 -2.02122E-09 -1.57049E-12  2.66454E-15
  1.120E+02  6.87303E-01 -6.62116E-10 -2.02768E-09 -1.56276E-12 -1.80726E-15
  1.125E+02  6.91342E-01 -6.41377E-10 -2.03390E-09 -1.55493E-12 -6.19176E-15
  1.130E+02  6.95366E-01 -6.20803E-10 -2.03989E-09 -1.54700E-12 -1.04891E-14
  1.135E+02  6.99375E-01 -6.00394E-10 -2.04565E-09 -1.53898E-12 -1.46995E-14
  1.140E+02  7.03368E-01 -5.80151E-10 -2.05119E-09 -1.53086E-12 -1.88231E-14
  1.145E+02  7.07347E-01 -5.60076E-10 -2.05652E-09 -1.52265E-12 -2.28602E-14
  1.150E+02  7.11309E-01 -5.40170E-10 -2.06163E-09 -1.51435E-12 -2.68108E-14
  1.155E+02  7.15256E-01 -5.20432E-10 -2.06653E-09 -1.50595E-12 -3.06754E-14
  1.160E+02  7.19186E-01 -5.00865E-10 -2.07124E-09 -1.49747E-12 -3.44541E-14
  1.165E+02  7.23099E-01 -4.81468E-10 -2.07574E-09 -1.48889E-12 -3.81471E-14
  1.170E+02  7.26995E-01 -4.62243E-10 -2.08006E-09 -1.48023E-12 -4.17549E-14
  1.175E+02  7.30874E-01 -4.43190E-10 -2.08418E-09 -1.47148E-12 -4.52776E-14
  1.180E+02  7.34736E-01 -4.24309E-10 -2.08813E-09 -1.46265E-12 -4.87155E-14
  1.185E+02  7.38579E-01 -4.05601E-10 -2.09189E-09 -1.45374E-12 -5.20690E-14
  1.190E+02  7.42405E-01 -3.87066E-10 -2.09548E-09 -1.44474E-12 -5.53384E-14
  1.195E+02  7.46212E-01 -3.68705E-10 -2.09890E-09 -1.43566E-12 -5.85241E-14
  1.200E+02  7.50000E-01 -3.50518E-10 -2.10215E-09 -1.42650E-12 -6.16264E-14
  1.205E+02  7.53769E-01 -3.32505E-10 -2.10524E-09 -1.41726E-12 -6.46456E-14
  1.210E+02  7.57519E-01 -3.14667E-10 -2.10817E-09 -1.40794E-12 -6.75822E-14
  1.215E+02  7.61249E-01 -2.97003E-10 -2.11095E-09 -1.39855E-12 -7.04365E-14
  1.220E+02  7.64960E-01 -2.79514E-10 -2.11358E-09 -1.38908E-12 -7.32090E-14
  1.225E+02  7.68650E-01 -2.62200E-10 -2.11606E-09 -1.37954E-12 -7.59000E-14
  1.230E+02  7.72320E-01 -2.45061E-10 -2.11840E-09 -1.36992E-12 -7.85099E-14
  1.235E+02  7.75968E-01 -2.28096E-10 -2.12060E-09 -1.36024E-12 -8.10393E-14
  1.240E+02  7.79596E-01 -2.11307E-10 -2.12267E-09 -1.35048E-12 -8.34885E-14
  1.245E+02  7.83203E-01 -1.94692E-10 -2.12461E-09 -1.34065E-12 -8.58580E-14
  1.250E+02  7.86788E-01 -1.78252E-10 -2.12642E-09 -1.33075E-12 -8.81482E-14
  1.255E+02  7.90351E-01 -1.61987E-10 -2.12810E-09 -1.32078E-12 -9.03597E-14
  1.260E+02  7.93893E-01 -1.45896E-10 -2.12967E-09 -1.31075E-12 -9.24929E-14
  1.265E+02  7.97411E-01 -1.29979E-10 -2.13112E-09 -1.30065E-12 -9.45482E-14
  1.270E+02  8.00908E-01 -1.14236E-10 -2.13246E-09 -1.29048E-12 -9.65263E-14
  1.275E+02  8.04381E-01 -9.86676E-11 -2.13368E-09 -1.28026E-12 -9.84276E-14
  1.280E+02  8.07831E-01 -8.32722E-11 -2.13480E-09 -1.26997E-12 -1.00253E-13
  1.285E+02  8.11257E-01 -6.80500E-11 -2.13582E-09 -1.25961E-12 -1.02002E-13
  1.290E+02  8.14660E-01 -5.30007E-11 -2.13673E-09 -1.24920E-12 -1.03676E-13
  1.295E+02  8.18039E-01 -3.81240E-11 -2.13755E-09 -1.23872E-12 -1.05275E-13
  1.300E+02  8.21394E-01 -2.34195E-11 -2.13828E-09 -1.22819E-12 -1.06800E-13
  1.305E+02  8.24724E-01 -8.88682E-12 -2.13891E-09 -1.21760E-12 -1.08252E-13
  1.310E+02  8.28030E-01  5.47444E-12 -2.13946E-09 -1.20695E-12 -1.09630E-13
  1.315E+02  8.31310E-01  1.96647E-11 -2.13992E-09 -1.19624E-12 -1.10936E-13
  1.320E+02  8.34565E-01  3.36844E-11 -2.14029E-09 -1.18548E-12 -1.12170E-13
  1.325E+02  8.37795E-01  4.75340E-11 -2.14059E-09 -1.17467E-12 -1.13333E-13
  1.330E+02  8.40999E-01  6.12139E-11 -2.14081E-09 -1.16380E-12 -1.14425E-13
  1.335E+02  8.44177E-01  7.47247E-11 -2.14096E-09 -1.15288E-12 -1.15447E-13
  1.340E+02  8.47329E-01  8.80668E-11 -2.14103E-09 -1.14190E-12 -1.16399E-13
  1.345E+02  8.50455E-01  1.01241E-10 -2.14104E-09 -1.13088E-12 -1.17283E-13
  1.350E+02  8.53553E-01  1.14247E-10 -2.14098E-09 -1.11980E-12 -1.18098E-13
  1.355E+02  8.56625E-01  1.27086E-10 -2.14086E-09 -1.10868E-12 -1.18846E-13
  1.360E+02  8.59670E-01  1.39759E-10 -2.14067E-09 -1.09750E-12 -1.19526E-13
  1.365E+02  8.62687E-01  1.52265E-10 -2.14043E-09 -1.08628E-12 -1.20140E-13
  1.370E+02  8.65677E-01  1.64607E-10 -2.14013E-09 -1.07501E-12 -1.20688E-13
  1.375E+02  8.68639E-01  1.76783E-10 -2.13977E-09 -1.06370E-12 -1.21171E-13
  1.380E+02  8.71572E-01  1.88795E-10 -2.13936E-09 -1.05234E-12 -1.21590E-13
  1.385E+02  8.74478E-01  2.00643E-10 -2.13891E-09 -1.04093E-12 -1.21944E-13
  1.390E+02  8.77355E-01  2.12328E-10 -2.13840E-09 -1.02948E-12 -1.22236E-13
  1.395E+02  8.80203E-01  2.23851E-10 -2.13785E-09 -1.01799E-12 -1.22465E-13
  1.400E+02  8.83022E-01  2.35211E-10 -2.13726E-09 -1.00645E-12 -1.22631E-13
  1.405E+02  8.85812E-01  2.46411E-10 -2.13663E-09 -9.94877E-13 -1.22737E-13
  1.410E+02  8.88573E-01  2.57449E-10 -2.13595E-09 -9.83259E-13 -1.22782E-13
  1.415E+02  8.91304E-01  2.68328E-10 -2.13524E-09 -9.71601E-13 -1.22768E-13
  1.420E+02  8.94005E-01  2.79046E-10 -2.13450E-09 -9.59904E-13 -1.22694E-13
  1.425E+02  8.96677E-01  2.89606E-10 -2.13372E-09 -9.48167E-13 -1.22561E-13
  1.430E+02  8.99318E-01  3.00008E-10 -2.13291E-09 -9.36392E-13 -1.22371E-13
  1.435E+02  9.01928E-01  3.10252E-10 -2.13207E-09 -9.24580E-13 -1.22124E-13
  1.440E+02  9.04508E-01  3.20339E-10 -2.13120E-09 -9.12731E-13 -1.21820E-13
  1.445E+02  9.07058E-01  3.30270E-10 -2.13031E-09 -9.00846E-13 -1.21460E-13
  1.450E+02  9.09576E-01  3.40045E-10 -2.12939E-09 -8.88925E-13 -1.21046E-13
  1.455E+02  9.12063E-01  3.49665E-10 -2.12845E-09 -8.76970E-13 -1.20577E-13
  1.460E+02  9.14519E-01  3.59130E-10 -2.12749E-09 -8.64980E-13 -1.20055E-13
  1.465E+02  9.16943E-01  3.68441E-10 -2.12651E-09 -8.52957E-13 -1.19479E-13
  1.470E+02  9.19335E-01  3.77599E-10 -2.12551E-09 -8.40901E-13 -1.18852E-13
  1.475E+02  9.21696E-01  3.86604E-10 -2.12450E-09 -8.28813E-13 -1.18173E-13
  1.480E+02  9.24024E-01  3.95457E-10 -2.12347E-09 -8.16693E-13 -1.17443E-13
  1.485E+02  9.26320E-01  4.04159E-10 -2.12243E-09 -8.04542E-13 -1.16663E-13
  1.490E+02  9.28584E-01  4.12710E-10 -2.12137E-09 -7.92361E-13 -1.15834E-13
  1.495E+02  9.30815E-01  4.21110E-10 -2.12031E-09 -7.80150E-13 -1.14957E-13
  1.500E+02  9.33013E-01  4.29361E-10 -2.11924E-09 -7.67910E-13 -1.14032E-13
  1.505E+02  9.35178E-01  4.37462E-10 -2.11816E-09 -7.55642E-13 -1.13059E-13
  1.510E+02  9.37310E-01  4.45415E-10 -2.11708E-09 -7.43345E-13 -1.12040E-13
  1.515E+02  9.39409E-01  4.53220E-10 -2.11599E-09 -7.31021E-13 -1.10976E-13
  1.520E+02  9.41474E-01  4.60878E-10 -2.11489E-09 -7.18670E-13 -1.09867E-13
  1.525E+02  9.43505E-01  4.68389E-10 -2.11380E-09 -7.06293E-13 -1.08714E-13
  1.530E+02  9.45503E-01  4.75754E-10 -2.11270E-09 -6.93890E-13 -1.07517E-13
  1.535E+02  9.47467E-01  4.82973E-10 -2.11161E-09 -6.81462E-13 -1.06278E-13
  1.540E+02  9.49397E-01  4.90047E-10 -2.11051E-09 -6.69009E-13 -1.04997E-13
  1.545E+02  9.51293E-01  4.96976E-10 -2.10942E-09 -6.56533E-13 -1.03675E-13
  1.550E+02  9.53154E-01  5.03761E-10 -2.10833E-09 -6.44033E-13 -1.02313E-13
  1.555E+02  9.54981E-01  5.10403E-10 -2.10725E-09 -6.31510E-13 -1.00911E-13
  1.560E+02  9.56773E-01  5.16901E-10 -2.10617E-09 -6.18965E-13 -9.94701E-14
  1.565E+02  9.58530E-01  5.23258E-10 -2.10510E-09 -6.06397E-13 -9.79913E-14
  1.570E+02  9.60252E-01  5.29472E-10 -2.10404E-09 -5.93809E-13 -9.64753E-14
  1.575E+02  9.61940E-01  5.35545E-10 -2.10299E-09 -5.81199E-13 -9.49228E-14
  1.580E+02  9.63592E-01  5.41476E-10 -2.10194E-09 -5.68570E-13 -9.33346E-14
  1.585E+02  9.65209E-01  5.47268E-10 -2.10091E-09 -5.55920E-13 -9.17114E-14
  1.590E+02  9.66790E-01  5.52919E-10 -2.09989E-09 -5.43251E-13 -9.00541E-14
  1.595E+02  9.68336E-01  5.58430E-10 -2.09888E-09 -5.30564E-13 -8.83633E-14
  1.600E+02  9.69846E-01  5.63803E-10 -2.09788E-09 -5.17858E-13 -8.66399E-14
  1.605E+02  9.71321E-01  5.69037E-10 -2.09690E-09 -5.05135E-13 -8.48847E-14
  1.610E+02  9.72759E-01  5.74132E-10 -2.09594E-09 -4.92394E-13 -8.30983E-14
  1.615E+02  9.74162E-01  5.79090E-10 -2.09499E-09 -4.79636E-13 -8.12817E-14
  1.620E+02  9.75528E-01  5.83911E-10 -2.09405E-09 -4.66862E-13 -7.94356E-14
  1.625E+02  9.76858E-01  5.88594E-10 -2.09314E-09 -4.54072E-13 -7.75607E-14
  1.630E+02  9.78152E-01  5.93141E-10 -2.09224E-09 -4.41267E-13 -7.56579E-14
  1.635E+02  9.79410E-01  5.97552E-10 -2.09136E-09 -4.28447E-13 -7.37280E-14
  1.640E+02  9.80631E-01  6.01827E-10 -2.09050E-09 -4.15613E-13 -7.17717E-14
  1.645E+02  9.81815E-01  6.05966E-10 -2.08965E-09 -4.02764E-13 -6.97898E-14
  1.650E+02  9.82963E-01  6.09971E-10 -2.08883E-09 -3.89903E-13 -6.77831E-14
  1.655E+02  9.84074E-01  6.13840E-10 -2.08804E-09 -3.77028E-13 -6.57524E-14
  1.660E+02  9.85148E-01  6.17576E-10 -2.08726E-09 -3.64140E-13 -6.36985E-14
  1.665E+02  9.86185E-01  6.21177E-10 -2.08650E-09 -3.51241E-13 -6.16221E-14
  1.670E+02  9.87185E-01  6.24644E-10 -2.08577E-09 -3.38330E-13 -5.95242E-14
  1.675E+02  9.88148E-01  6.27978E-10 -2.08506E-09 -3.25408E-13 -5.74054E-14
  1.680E+02  9.89074E-01  6.31179E-10 -2.08438E-09 -3.12475E-13 -5.52665E-14
  1.685E+02  9.89962E-01  6.34247E-10 -2.08372E-09 -2.99531E-13 -5.31085E-14
  1.690E+02  9.90814E-01  6.37183E-10 -2.08308E-09 -2.86578E-13 -5.09319E-14
  1.695E+02  9.91627E-01  6.39986E-10 -2.08247E-09 -2.73616E-13 -4.87377E-14
  1.700E+02  9.92404E-01  6.42657E-10 -2.08189E-09 -2.60644E-13 -4.65267E-14
  1.705E+02  9.93143E-01  6.45197E-10 -2.08133E-09 -2.47664E-13 -4.42996E-14
  1.710E+02  9.93844E-01  6.47604E-10 -2.08080E-09 -2.34676E-13 -4.20573E-14
  1.715E+02  9.94508E-01  6.49881E-10 -2.08029E-09 -2.21681E-13 -3.98005E-14
  1.720E+02  9.95134E-01  6.52026E-10 -2.07981E-09 -2.08678E-13 -3.75300E-14
  1.725E+02  9.95722E-01  6.54040E-10 -2.07936E-09 -1.95668E-13 -3.52467E-14
  1.730E+02  9.96273E-01  6.55923E-10 -2.07894E-09 -1.82652E-13 -3.29514E-14
  1.735E+02  9.96786E-01  6.57676E-10 -2.07854E-09 -1.69630E-13 -3.06447E-14
  1.740E+02  9.97261E-01  6.59298E-10 -2.07818E-09 -1.56603E-13 -2.83277E-14
  1.745E+02  9.97698E-01  6.60790E-10 -2.07784E-09 -1.43570E-13 -2.60009E-14
  1.750E+02  9.98097E-01  6.62152E-10 -2.07753E-09 -1.30533E-13 -2.36654E-14
  1.755E+02  9.98459E-01  6.63383E-10 -2.07725E-09 -1.17492E-13 -2.13218E-14
  1.760E+02  9.98782E-01  6.64485E-10 -2.07700E-09 -1.04447E-13 -1.89709E-14
  1.765E+02  9.99067E-01  6.65457E-10 -2.07677E-09 -9.13981E-14 -1.66136E-14
  1.770E+02  9.99315E-01  6.66299E-10 -2.07658E-09 -7.83467E-14 -1.42507E-14
  1.775E+02  9.99524E-01  6.67011E-10 -2.07642E-09 -6.52928E-14 -1.18830E-14
  1.780E+02  9.99695E-01  6.67594E-10 -2.07628E-09 -5.22367E-14 -9.51121E-15
  1.785E+02  9.99829E-01  6.68047E-10 -2.07618E-09 -3.91790E-14 -7.13622E-15
  1.790E+02  9.99924E-01  6.68371E-10 -2.07610E-09 -2.61201E-14 -4.75882E-15
  1.795E+02  9.99981E-01  6.68565E-10 -2.07606E-09 -1.30602E-14 -2.37981E-15
  1.800E+02  1.00000E+00  6.68630E-10 -2.07604E-09 -1.83281E-28 -3.33988E-29
