

  **** PARTIAL WAVE ANALYSIS (DPWA0) ******************************************


  KINETIC ENERGY = 2.04000E+02 eV

      L       PHASE(SPIN UP)     PHASE(SPIN DOWN)
  -----------------------------------------------
       0     -5.58054035E-01      0.00000000E+00
       1      1.36981045E+00      1.37094511E+00
       2      7.56584638E-01      7.56860589E-01
       3      4.39752672E-01      4.39872326E-01
       4      2.58961296E-01      2.59023969E-01
       5      1.53607088E-01      1.53642073E-01
       6      9.17809836E-02      9.18011085E-02
       7      5.52292481E-02      5.52410436E-02
       8      3.34492814E-02      3.34562870E-02
       9      2.03746533E-02      2.03788557E-02
      10      1.24735528E-02      1.24760935E-02
      11      7.67078831E-03      7.67233421E-03
      12      4.73622246E-03      4.73716817E-03
      13      2.93487241E-03      2.93545366E-03
      14      1.82455303E-03      1.82491175E-03
      15      1.13761503E-03      1.13783723E-03
      16      7.11179971E-04      7.11318061E-04
      17      4.45648918E-04      4.45734991E-04
      18      2.79851562E-04      2.79905356E-04
      19      1.76069632E-04      1.76103334E-04
      20      1.10961127E-04      1.10982287E-04
      21      7.00328974E-05      7.00462076E-05
      22      4.42588808E-05      4.42672677E-05
      23      2.80023853E-05      2.80076781E-05
      24      1.77346126E-05      1.77379571E-05
      25      1.12414567E-05      1.12435726E-05
      26      7.13092312E-06      7.13226309E-06
      27      4.52631566E-06      4.52716499E-06
      28      2.87460782E-06      2.87514656E-06
      29      1.82646142E-06      1.82680337E-06
      30      1.16093615E-06      1.16115332E-06
      31      7.38148434E-07      7.38286414E-07
      32      4.69452514E-07      4.69540213E-07
      33      2.98628064E-07      2.98683829E-07
      34      1.89994721E-07      1.90030185E-07
      35      1.20894822E-07      1.20917382E-07
      36      7.69333693E-08      7.69477249E-08
      37      4.89610642E-08      4.89702024E-08
      38      3.11605199E-08      3.11663342E-08
      39      1.98319741E-08      1.98356733E-08
      40      1.26220073E-08      1.26243623E-08
      41      8.03316122E-09      8.03466132E-09
      42      5.11243806E-09      5.11338941E-09
      43      3.25352540E-09      3.25413468E-09
      44      2.07038864E-09      2.07077658E-09
      45      1.31745304E-09      1.31769649E-09
      46      8.38273617E-10      8.38427781E-10
      47      5.33290210E-10      5.33389266E-10


  *** SCATTERING AMPLITUDES AND DIFFERENTIAL CROSS SECTION ***

    ANGLE      DCS       ASYMMETRY    DIRECT AMPLITUDE       SPIN-FLIP AMPLITUDE     ERROR
    (deg)   (cm**2/sr)                      (cm)                    (cm)
  -------------------------------------------------------------------------------------------
  0.000E+00 4.29007E-16  0.000E+00  1.774E-08  1.069E-08  0.000E+00  0.000E+00  1.00E-07
  1.000E-04 4.29007E-16  2.209E-10  1.774E-08  1.069E-08  5.209E-18  5.809E-18  1.00E-07
  1.250E-04 4.29007E-16  2.762E-10  1.774E-08  1.069E-08  6.511E-18  7.262E-18  1.00E-07
  1.500E-04 4.29007E-16  3.314E-10  1.774E-08  1.069E-08  7.813E-18  8.714E-18  1.00E-07
  1.750E-04 4.29007E-16  3.867E-10  1.774E-08  1.069E-08  9.115E-18  1.017E-17  1.00E-07
  2.000E-04 4.29007E-16  4.419E-10  1.774E-08  1.069E-08  1.042E-17  1.162E-17  1.00E-07
  2.250E-04 4.29007E-16  4.971E-10  1.774E-08  1.069E-08  1.172E-17  1.307E-17  1.00E-07
  2.500E-04 4.29007E-16  5.524E-10  1.774E-08  1.069E-08  1.302E-17  1.452E-17  1.00E-07
  2.750E-04 4.29007E-16  6.076E-10  1.774E-08  1.069E-08  1.432E-17  1.598E-17  1.00E-07
  3.000E-04 4.29007E-16  6.628E-10  1.774E-08  1.069E-08  1.563E-17  1.743E-17  1.00E-07
  3.250E-04 4.29007E-16  7.181E-10  1.774E-08  1.069E-08  1.693E-17  1.888E-17  1.00E-07
  3.500E-04 4.29007E-16  7.733E-10  1.774E-08  1.069E-08  1.823E-17  2.033E-17  1.00E-07
  3.750E-04 4.29007E-16  8.285E-10  1.774E-08  1.069E-08  1.953E-17  2.179E-17  1.00E-07
  4.000E-04 4.29007E-16  8.838E-10  1.774E-08  1.069E-08  2.083E-17  2.324E-17  1.00E-07
  4.250E-04 4.29007E-16  9.390E-10  1.774E-08  1.069E-08  2.214E-17  2.469E-17  1.00E-07
  4.500E-04 4.29007E-16  9.943E-10  1.774E-08  1.069E-08  2.344E-17  2.614E-17  1.00E-07
  4.750E-04 4.29007E-16  1.049E-09  1.774E-08  1.069E-08  2.474E-17  2.759E-17  1.00E-07
  5.000E-04 4.29007E-16  1.105E-09  1.774E-08  1.069E-08  2.604E-17  2.905E-17  1.00E-07
  5.250E-04 4.29007E-16  1.160E-09  1.774E-08  1.069E-08  2.735E-17  3.050E-17  1.00E-07
  5.500E-04 4.29007E-16  1.215E-09  1.774E-08  1.069E-08  2.865E-17  3.195E-17  1.00E-07
  5.750E-04 4.29007E-16  1.270E-09  1.774E-08  1.069E-08  2.995E-17  3.340E-17  1.00E-07
  6.000E-04 4.29007E-16  1.326E-09  1.774E-08  1.069E-08  3.125E-17  3.486E-17  1.00E-07
  6.250E-04 4.29007E-16  1.381E-09  1.774E-08  1.069E-08  3.255E-17  3.631E-17  1.00E-07
  6.500E-04 4.29007E-16  1.436E-09  1.774E-08  1.069E-08  3.386E-17  3.776E-17  1.00E-07
  6.750E-04 4.29007E-16  1.491E-09  1.774E-08  1.069E-08  3.516E-17  3.921E-17  1.00E-07
  7.000E-04 4.29007E-16  1.547E-09  1.774E-08  1.069E-08  3.646E-17  4.067E-17  1.00E-07
  7.250E-04 4.29007E-16  1.602E-09  1.774E-08  1.069E-08  3.776E-17  4.212E-17  1.00E-07
  7.500E-04 4.29007E-16  1.657E-09  1.774E-08  1.069E-08  3.906E-17  4.357E-17  1.00E-07
  7.750E-04 4.29007E-16  1.712E-09  1.774E-08  1.069E-08  4.037E-17  4.502E-17  1.00E-07
  8.000E-04 4.29007E-16  1.768E-09  1.774E-08  1.069E-08  4.167E-17  4.648E-17  1.00E-07
  8.250E-04 4.29007E-16  1.823E-09  1.774E-08  1.069E-08  4.297E-17  4.793E-17  1.00E-07
  8.500E-04 4.29007E-16  1.878E-09  1.774E-08  1.069E-08  4.427E-17  4.938E-17  1.00E-07
  8.750E-04 4.29007E-16  1.933E-09  1.774E-08  1.069E-08  4.558E-17  5.083E-17  1.00E-07
  9.000E-04 4.29007E-16  1.989E-09  1.774E-08  1.069E-08  4.688E-17  5.228E-17  1.00E-07
  9.250E-04 4.29007E-16  2.044E-09  1.774E-08  1.069E-08  4.818E-17  5.374E-17  1.00E-07
  9.500E-04 4.29007E-16  2.099E-09  1.774E-08  1.069E-08  4.948E-17  5.519E-17  1.00E-07
  9.750E-04 4.29007E-16  2.154E-09  1.774E-08  1.069E-08  5.078E-17  5.664E-17  1.00E-07
  1.000E-03 4.29007E-16  2.209E-09  1.774E-08  1.069E-08  5.209E-17  5.809E-17  1.00E-07
  1.250E-03 4.29007E-16  2.762E-09  1.774E-08  1.069E-08  6.511E-17  7.262E-17  1.00E-07
  1.500E-03 4.29007E-16  3.314E-09  1.774E-08  1.069E-08  7.813E-17  8.714E-17  1.00E-07
  1.750E-03 4.29007E-16  3.867E-09  1.774E-08  1.069E-08  9.115E-17  1.017E-16  1.00E-07
  2.000E-03 4.29007E-16  4.419E-09  1.774E-08  1.069E-08  1.042E-16  1.162E-16  1.00E-07
  2.250E-03 4.29007E-16  4.971E-09  1.774E-08  1.069E-08  1.172E-16  1.307E-16  1.00E-07
  2.500E-03 4.29007E-16  5.524E-09  1.774E-08  1.069E-08  1.302E-16  1.452E-16  1.00E-07
  2.750E-03 4.29007E-16  6.076E-09  1.774E-08  1.069E-08  1.432E-16  1.598E-16  1.00E-07
  3.000E-03 4.29007E-16  6.628E-09  1.774E-08  1.069E-08  1.563E-16  1.743E-16  1.00E-07
  3.250E-03 4.29007E-16  7.181E-09  1.774E-08  1.069E-08  1.693E-16  1.888E-16  1.00E-07
  3.500E-03 4.29007E-16  7.733E-09  1.774E-08  1.069E-08  1.823E-16  2.033E-16  1.00E-07
  3.750E-03 4.29007E-16  8.285E-09  1.774E-08  1.069E-08  1.953E-16  2.179E-16  1.00E-07
  4.000E-03 4.29007E-16  8.838E-09  1.774E-08  1.069E-08  2.083E-16  2.324E-16  1.00E-07
  4.250E-03 4.29007E-16  9.390E-09  1.774E-08  1.069E-08  2.214E-16  2.469E-16  1.00E-07
  4.500E-03 4.29007E-16  9.943E-09  1.774E-08  1.069E-08  2.344E-16  2.614E-16  1.00E-07
  4.750E-03 4.29007E-16  1.049E-08  1.774E-08  1.069E-08  2.474E-16  2.759E-16  1.00E-07
  5.000E-03 4.29007E-16  1.105E-08  1.774E-08  1.069E-08  2.604E-16  2.905E-16  1.00E-07
  5.250E-03 4.29007E-16  1.160E-08  1.774E-08  1.069E-08  2.735E-16  3.050E-16  1.00E-07
  5.500E-03 4.29007E-16  1.215E-08  1.774E-08  1.069E-08  2.865E-16  3.195E-16  1.00E-07
  5.750E-03 4.29007E-16  1.270E-08  1.774E-08  1.069E-08  2.995E-16  3.340E-16  1.00E-07
  6.000E-03 4.29007E-16  1.326E-08  1.774E-08  1.069E-08  3.125E-16  3.486E-16  1.00E-07
  6.250E-03 4.29007E-16  1.381E-08  1.774E-08  1.069E-08  3.255E-16  3.631E-16  1.00E-07
  6.500E-03 4.29007E-16  1.436E-08  1.774E-08  1.069E-08  3.386E-16  3.776E-16  1.00E-07
  6.750E-03 4.29007E-16  1.491E-08  1.774E-08  1.069E-08  3.516E-16  3.921E-16  1.00E-07
  7.000E-03 4.29007E-16  1.547E-08  1.774E-08  1.069E-08  3.646E-16  4.067E-16  1.00E-07
  7.250E-03 4.29007E-16  1.602E-08  1.774E-08  1.069E-08  3.776E-16  4.212E-16  1.00E-07
  7.500E-03 4.29007E-16  1.657E-08  1.774E-08  1.069E-08  3.906E-16  4.357E-16  1.00E-07
  7.750E-03 4.29007E-16  1.712E-08  1.774E-08  1.069E-08  4.037E-16  4.502E-16  1.00E-07
  8.000E-03 4.29007E-16  1.768E-08  1.774E-08  1.069E-08  4.167E-16  4.648E-16  1.00E-07
  8.250E-03 4.29007E-16  1.823E-08  1.774E-08  1.069E-08  4.297E-16  4.793E-16  1.00E-07
  8.500E-03 4.29007E-16  1.878E-08  1.774E-08  1.069E-08  4.427E-16  4.938E-16  1.00E-07
  8.750E-03 4.29007E-16  1.933E-08  1.774E-08  1.069E-08  4.558E-16  5.083E-16  1.00E-07
  9.000E-03 4.29007E-16  1.989E-08  1.774E-08  1.069E-08  4.688E-16  5.228E-16  1.00E-07
  9.250E-03 4.29007E-16  2.044E-08  1.774E-08  1.069E-08  4.818E-16  5.374E-16  1.00E-07
  9.500E-03 4.29007E-16  2.099E-08  1.774E-08  1.069E-08  4.948E-16  5.519E-16  1.00E-07
  9.750E-03 4.29007E-16  2.154E-08  1.774E-08  1.069E-08  5.078E-16  5.664E-16  1.00E-07
  1.000E-02 4.29007E-16  2.209E-08  1.774E-08  1.069E-08  5.209E-16  5.809E-16  1.00E-07
  1.250E-02 4.29007E-16  2.762E-08  1.774E-08  1.069E-08  6.511E-16  7.262E-16  1.00E-07
  1.500E-02 4.29007E-16  3.314E-08  1.774E-08  1.069E-08  7.813E-16  8.714E-16  1.00E-07
  1.750E-02 4.29006E-16  3.867E-08  1.774E-08  1.069E-08  9.115E-16  1.017E-15  1.00E-07
  2.000E-02 4.29006E-16  4.419E-08  1.774E-08  1.069E-08  1.042E-15  1.162E-15  1.00E-07
  2.250E-02 4.29006E-16  4.971E-08  1.774E-08  1.069E-08  1.172E-15  1.307E-15  1.00E-07
  2.500E-02 4.29006E-16  5.524E-08  1.774E-08  1.069E-08  1.302E-15  1.452E-15  1.00E-07
  2.750E-02 4.29006E-16  6.076E-08  1.774E-08  1.069E-08  1.432E-15  1.598E-15  1.00E-07
  3.000E-02 4.29005E-16  6.628E-08  1.774E-08  1.069E-08  1.563E-15  1.743E-15  1.00E-07
  3.250E-02 4.29005E-16  7.181E-08  1.774E-08  1.069E-08  1.693E-15  1.888E-15  1.00E-07
  3.500E-02 4.29005E-16  7.733E-08  1.774E-08  1.069E-08  1.823E-15  2.033E-15  1.00E-07
  3.750E-02 4.29004E-16  8.285E-08  1.774E-08  1.069E-08  1.953E-15  2.179E-15  1.00E-07
  4.000E-02 4.29004E-16  8.838E-08  1.774E-08  1.069E-08  2.083E-15  2.324E-15  1.00E-07
  4.250E-02 4.29004E-16  9.390E-08  1.774E-08  1.069E-08  2.214E-15  2.469E-15  1.00E-07
  4.500E-02 4.29003E-16  9.943E-08  1.774E-08  1.069E-08  2.344E-15  2.614E-15  1.00E-07
  4.750E-02 4.29003E-16  1.049E-07  1.774E-08  1.069E-08  2.474E-15  2.759E-15  1.00E-07
  5.000E-02 4.29002E-16  1.105E-07  1.774E-08  1.069E-08  2.604E-15  2.905E-15  1.00E-07
  5.250E-02 4.29002E-16  1.160E-07  1.774E-08  1.069E-08  2.735E-15  3.050E-15  1.00E-07
  5.500E-02 4.29002E-16  1.215E-07  1.774E-08  1.069E-08  2.865E-15  3.195E-15  1.00E-07
  5.750E-02 4.29001E-16  1.270E-07  1.774E-08  1.069E-08  2.995E-15  3.340E-15  1.00E-07
  6.000E-02 4.29000E-16  1.326E-07  1.774E-08  1.069E-08  3.125E-15  3.486E-15  1.00E-07
  6.250E-02 4.29000E-16  1.381E-07  1.774E-08  1.069E-08  3.255E-15  3.631E-15  1.00E-07
  6.500E-02 4.28999E-16  1.436E-07  1.774E-08  1.069E-08  3.386E-15  3.776E-15  1.00E-07
  6.750E-02 4.28999E-16  1.491E-07  1.774E-08  1.069E-08  3.516E-15  3.921E-15  1.00E-07
  7.000E-02 4.28998E-16  1.547E-07  1.774E-08  1.069E-08  3.646E-15  4.067E-15  1.00E-07
  7.250E-02 4.28998E-16  1.602E-07  1.774E-08  1.069E-08  3.776E-15  4.212E-15  1.00E-07
  7.500E-02 4.28997E-16  1.657E-07  1.774E-08  1.069E-08  3.906E-15  4.357E-15  1.00E-07
  7.750E-02 4.28996E-16  1.712E-07  1.774E-08  1.069E-08  4.037E-15  4.502E-15  1.00E-07
  8.000E-02 4.28996E-16  1.768E-07  1.774E-08  1.069E-08  4.167E-15  4.647E-15  1.00E-07
  8.250E-02 4.28995E-16  1.823E-07  1.774E-08  1.069E-08  4.297E-15  4.793E-15  1.00E-07
  8.500E-02 4.28994E-16  1.878E-07  1.774E-08  1.069E-08  4.427E-15  4.938E-15  1.00E-07
  8.750E-02 4.28993E-16  1.933E-07  1.774E-08  1.069E-08  4.557E-15  5.083E-15  1.00E-07
  9.000E-02 4.28992E-16  1.989E-07  1.774E-08  1.069E-08  4.688E-15  5.228E-15  1.00E-07
  9.250E-02 4.28992E-16  2.044E-07  1.774E-08  1.069E-08  4.818E-15  5.374E-15  1.00E-07
  9.500E-02 4.28991E-16  2.099E-07  1.774E-08  1.069E-08  4.948E-15  5.519E-15  1.00E-07
  9.750E-02 4.28990E-16  2.154E-07  1.774E-08  1.069E-08  5.078E-15  5.664E-15  1.00E-07
  1.000E-01 4.28989E-16  2.209E-07  1.774E-08  1.069E-08  5.208E-15  5.809E-15  1.00E-07
  1.250E-01 4.28979E-16  2.762E-07  1.774E-08  1.069E-08  6.510E-15  7.262E-15  1.00E-07
  1.500E-01 4.28967E-16  3.314E-07  1.774E-08  1.069E-08  7.812E-15  8.714E-15  1.00E-07
  1.750E-01 4.28952E-16  3.867E-07  1.774E-08  1.069E-08  9.114E-15  1.017E-14  1.00E-07
  2.000E-01 4.28936E-16  4.419E-07  1.774E-08  1.069E-08  1.042E-14  1.162E-14  1.00E-07
  2.250E-01 4.28917E-16  4.972E-07  1.774E-08  1.069E-08  1.172E-14  1.307E-14  1.00E-07
  2.500E-01 4.28896E-16  5.524E-07  1.774E-08  1.069E-08  1.302E-14  1.452E-14  1.00E-07
  2.750E-01 4.28872E-16  6.077E-07  1.774E-08  1.069E-08  1.432E-14  1.598E-14  1.00E-07
  3.000E-01 4.28847E-16  6.630E-07  1.774E-08  1.069E-08  1.562E-14  1.743E-14  1.00E-07
  3.250E-01 4.28819E-16  7.182E-07  1.774E-08  1.069E-08  1.692E-14  1.888E-14  1.00E-07
  3.500E-01 4.28789E-16  7.735E-07  1.774E-08  1.069E-08  1.822E-14  2.033E-14  1.00E-07
  3.750E-01 4.28756E-16  8.288E-07  1.773E-08  1.069E-08  1.952E-14  2.178E-14  1.00E-07
  4.000E-01 4.28722E-16  8.841E-07  1.773E-08  1.069E-08  2.082E-14  2.324E-14  1.00E-07
  4.250E-01 4.28685E-16  9.394E-07  1.773E-08  1.069E-08  2.212E-14  2.469E-14  1.00E-07
  4.500E-01 4.28646E-16  9.947E-07  1.773E-08  1.069E-08  2.342E-14  2.614E-14  1.00E-07
  4.750E-01 4.28605E-16  1.050E-06  1.773E-08  1.069E-08  2.472E-14  2.759E-14  1.00E-07
  5.000E-01 4.28562E-16  1.105E-06  1.773E-08  1.069E-08  2.602E-14  2.904E-14  1.00E-07
  5.250E-01 4.28516E-16  1.161E-06  1.773E-08  1.069E-08  2.732E-14  3.050E-14  1.00E-07
  5.500E-01 4.28468E-16  1.216E-06  1.773E-08  1.069E-08  2.862E-14  3.195E-14  1.00E-07
  5.750E-01 4.28418E-16  1.271E-06  1.773E-08  1.069E-08  2.992E-14  3.340E-14  1.00E-07
  6.000E-01 4.28366E-16  1.327E-06  1.772E-08  1.069E-08  3.122E-14  3.485E-14  1.00E-07
  6.250E-01 4.28312E-16  1.382E-06  1.772E-08  1.069E-08  3.251E-14  3.630E-14  1.00E-07
  6.500E-01 4.28255E-16  1.437E-06  1.772E-08  1.069E-08  3.381E-14  3.775E-14  1.00E-07
  6.750E-01 4.28196E-16  1.493E-06  1.772E-08  1.069E-08  3.511E-14  3.920E-14  1.00E-07
  7.000E-01 4.28135E-16  1.548E-06  1.772E-08  1.069E-08  3.640E-14  4.066E-14  1.00E-07
  7.250E-01 4.28072E-16  1.604E-06  1.772E-08  1.069E-08  3.770E-14  4.211E-14  1.00E-07
  7.500E-01 4.28006E-16  1.659E-06  1.772E-08  1.068E-08  3.899E-14  4.356E-14  1.00E-07
  7.750E-01 4.27939E-16  1.714E-06  1.771E-08  1.068E-08  4.029E-14  4.501E-14  1.00E-07
  8.000E-01 4.27869E-16  1.770E-06  1.771E-08  1.068E-08  4.158E-14  4.646E-14  1.00E-07
  8.250E-01 4.27797E-16  1.825E-06  1.771E-08  1.068E-08  4.288E-14  4.791E-14  1.00E-07
  8.500E-01 4.27722E-16  1.881E-06  1.771E-08  1.068E-08  4.417E-14  4.936E-14  1.00E-07
  8.750E-01 4.27646E-16  1.936E-06  1.771E-08  1.068E-08  4.546E-14  5.081E-14  1.00E-07
  9.000E-01 4.27567E-16  1.992E-06  1.770E-08  1.068E-08  4.676E-14  5.226E-14  1.00E-07
  9.250E-01 4.27486E-16  2.047E-06  1.770E-08  1.068E-08  4.805E-14  5.372E-14  1.00E-07
  9.500E-01 4.27403E-16  2.103E-06  1.770E-08  1.068E-08  4.934E-14  5.517E-14  1.00E-07
  9.750E-01 4.27318E-16  2.158E-06  1.770E-08  1.068E-08  5.063E-14  5.662E-14  1.00E-07
  1.000E+00 4.27230E-16  2.214E-06  1.770E-08  1.068E-08  5.192E-14  5.807E-14  1.00E-07
  1.100E+00 4.26858E-16  2.436E-06  1.769E-08  1.068E-08  5.707E-14  6.387E-14  1.00E-07
  1.200E+00 4.26452E-16  2.659E-06  1.768E-08  1.068E-08  6.221E-14  6.967E-14  1.00E-07
  1.300E+00 4.26010E-16  2.882E-06  1.766E-08  1.068E-08  6.734E-14  7.546E-14  1.00E-07
  1.400E+00 4.25534E-16  3.105E-06  1.765E-08  1.068E-08  7.246E-14  8.126E-14  1.00E-07
  1.500E+00 4.25023E-16  3.329E-06  1.764E-08  1.067E-08  7.756E-14  8.705E-14  1.00E-07
  1.600E+00 4.24478E-16  3.553E-06  1.762E-08  1.067E-08  8.265E-14  9.284E-14  1.00E-07
  1.700E+00 4.23899E-16  3.778E-06  1.761E-08  1.067E-08  8.772E-14  9.863E-14  1.00E-07
  1.800E+00 4.23286E-16  4.003E-06  1.759E-08  1.067E-08  9.278E-14  1.044E-13  1.00E-07
  1.900E+00 4.22639E-16  4.229E-06  1.758E-08  1.066E-08  9.782E-14  1.102E-13  1.00E-07
  2.000E+00 4.21959E-16  4.455E-06  1.756E-08  1.066E-08  1.028E-13  1.160E-13  1.00E-07
  2.100E+00 4.21245E-16  4.681E-06  1.754E-08  1.066E-08  1.078E-13  1.217E-13  1.00E-07
  2.200E+00 4.20498E-16  4.908E-06  1.752E-08  1.066E-08  1.128E-13  1.275E-13  1.00E-07
  2.300E+00 4.19719E-16  5.136E-06  1.750E-08  1.065E-08  1.178E-13  1.333E-13  1.00E-07
  2.400E+00 4.18907E-16  5.364E-06  1.748E-08  1.065E-08  1.227E-13  1.391E-13  1.00E-07
  2.500E+00 4.18062E-16  5.593E-06  1.746E-08  1.065E-08  1.276E-13  1.448E-13  1.00E-07
  2.600E+00 4.17186E-16  5.823E-06  1.743E-08  1.064E-08  1.325E-13  1.506E-13  1.00E-07
  2.700E+00 4.16277E-16  6.053E-06  1.741E-08  1.064E-08  1.374E-13  1.563E-13  1.00E-07
  2.800E+00 4.15338E-16  6.284E-06  1.738E-08  1.064E-08  1.422E-13  1.621E-13  1.00E-07
  2.900E+00 4.14367E-16  6.516E-06  1.736E-08  1.063E-08  1.470E-13  1.678E-13  1.00E-07
  3.000E+00 4.13365E-16  6.749E-06  1.733E-08  1.063E-08  1.518E-13  1.736E-13  1.00E-07
  3.100E+00 4.12332E-16  6.982E-06  1.730E-08  1.062E-08  1.565E-13  1.793E-13  1.00E-07
  3.200E+00 4.11269E-16  7.217E-06  1.728E-08  1.062E-08  1.612E-13  1.850E-13  1.00E-07
  3.300E+00 4.10177E-16  7.452E-06  1.725E-08  1.062E-08  1.659E-13  1.907E-13  1.00E-07
  3.400E+00 4.09055E-16  7.688E-06  1.722E-08  1.061E-08  1.706E-13  1.965E-13  1.00E-07
  3.500E+00 4.07903E-16  7.925E-06  1.719E-08  1.061E-08  1.752E-13  2.022E-13  1.00E-07
  3.600E+00 4.06723E-16  8.163E-06  1.716E-08  1.060E-08  1.798E-13  2.079E-13  1.00E-07
  3.700E+00 4.05514E-16  8.401E-06  1.712E-08  1.060E-08  1.844E-13  2.136E-13  1.00E-07
  3.800E+00 4.04277E-16  8.641E-06  1.709E-08  1.059E-08  1.889E-13  2.193E-13  1.00E-07
  3.900E+00 4.03013E-16  8.882E-06  1.706E-08  1.059E-08  1.934E-13  2.250E-13  1.00E-07
  4.000E+00 4.01721E-16  9.124E-06  1.702E-08  1.058E-08  1.978E-13  2.307E-13  1.00E-07
  4.100E+00 4.00402E-16  9.367E-06  1.699E-08  1.058E-08  2.023E-13  2.363E-13  1.00E-07
  4.200E+00 3.99056E-16  9.611E-06  1.695E-08  1.057E-08  2.066E-13  2.420E-13  1.00E-07
  4.300E+00 3.97685E-16  9.856E-06  1.691E-08  1.057E-08  2.110E-13  2.477E-13  1.00E-07
  4.400E+00 3.96287E-16  1.010E-05  1.688E-08  1.056E-08  2.153E-13  2.533E-13  1.00E-07
  4.500E+00 3.94864E-16  1.035E-05  1.684E-08  1.055E-08  2.195E-13  2.590E-13  1.00E-07
  4.600E+00 3.93417E-16  1.060E-05  1.680E-08  1.055E-08  2.237E-13  2.646E-13  1.00E-07
  4.700E+00 3.91945E-16  1.085E-05  1.676E-08  1.054E-08  2.279E-13  2.703E-13  1.00E-07
  4.800E+00 3.90448E-16  1.110E-05  1.672E-08  1.054E-08  2.321E-13  2.759E-13  1.00E-07
  4.900E+00 3.88928E-16  1.135E-05  1.668E-08  1.053E-08  2.362E-13  2.815E-13  1.00E-07
  5.000E+00 3.87385E-16  1.161E-05  1.663E-08  1.052E-08  2.402E-13  2.871E-13  1.00E-07
  5.100E+00 3.85819E-16  1.186E-05  1.659E-08  1.052E-08  2.442E-13  2.927E-13  1.00E-07
  5.200E+00 3.84231E-16  1.212E-05  1.655E-08  1.051E-08  2.482E-13  2.983E-13  1.00E-07
  5.300E+00 3.82621E-16  1.238E-05  1.650E-08  1.050E-08  2.521E-13  3.039E-13  1.00E-07
  5.400E+00 3.80990E-16  1.264E-05  1.646E-08  1.049E-08  2.559E-13  3.095E-13  1.00E-07
  5.500E+00 3.79337E-16  1.290E-05  1.641E-08  1.049E-08  2.598E-13  3.151E-13  1.00E-07
  5.600E+00 3.77664E-16  1.316E-05  1.637E-08  1.048E-08  2.635E-13  3.206E-13  1.00E-07
  5.700E+00 3.75971E-16  1.342E-05  1.632E-08  1.047E-08  2.673E-13  3.262E-13  1.00E-07
  5.800E+00 3.74259E-16  1.369E-05  1.627E-08  1.047E-08  2.709E-13  3.317E-13  1.00E-07
  5.900E+00 3.72527E-16  1.396E-05  1.622E-08  1.046E-08  2.746E-13  3.373E-13  1.00E-07
  6.000E+00 3.70777E-16  1.423E-05  1.617E-08  1.045E-08  2.782E-13  3.428E-13  1.00E-07
  6.100E+00 3.69008E-16  1.450E-05  1.612E-08  1.044E-08  2.817E-13  3.483E-13  1.00E-07
  6.200E+00 3.67222E-16  1.477E-05  1.607E-08  1.043E-08  2.852E-13  3.538E-13  1.00E-07
  6.300E+00 3.65419E-16  1.504E-05  1.602E-08  1.043E-08  2.886E-13  3.593E-13  1.00E-07
  6.400E+00 3.63599E-16  1.532E-05  1.597E-08  1.042E-08  2.920E-13  3.648E-13  1.00E-07
  6.500E+00 3.61763E-16  1.559E-05  1.592E-08  1.041E-08  2.953E-13  3.703E-13  1.00E-07
  6.600E+00 3.59910E-16  1.587E-05  1.587E-08  1.040E-08  2.986E-13  3.757E-13  1.00E-07
  6.700E+00 3.58043E-16  1.615E-05  1.581E-08  1.039E-08  3.018E-13  3.812E-13  1.00E-07
  6.800E+00 3.56161E-16  1.644E-05  1.576E-08  1.038E-08  3.050E-13  3.867E-13  1.00E-07
  6.900E+00 3.54264E-16  1.672E-05  1.570E-08  1.037E-08  3.081E-13  3.921E-13  1.00E-07
  7.000E+00 3.52353E-16  1.701E-05  1.565E-08  1.037E-08  3.111E-13  3.975E-13  1.00E-07
  7.100E+00 3.50429E-16  1.730E-05  1.559E-08  1.036E-08  3.141E-13  4.029E-13  1.00E-07
  7.200E+00 3.48492E-16  1.759E-05  1.554E-08  1.035E-08  3.171E-13  4.083E-13  1.00E-07
  7.300E+00 3.46542E-16  1.788E-05  1.548E-08  1.034E-08  3.200E-13  4.137E-13  1.00E-07
  7.400E+00 3.44581E-16  1.817E-05  1.542E-08  1.033E-08  3.228E-13  4.191E-13  1.00E-07
  7.500E+00 3.42608E-16  1.847E-05  1.537E-08  1.032E-08  3.256E-13  4.245E-13  1.00E-07
  7.600E+00 3.40623E-16  1.877E-05  1.531E-08  1.031E-08  3.283E-13  4.299E-13  1.00E-07
  7.700E+00 3.38629E-16  1.907E-05  1.525E-08  1.030E-08  3.310E-13  4.352E-13  1.00E-07
  7.800E+00 3.36624E-16  1.937E-05  1.519E-08  1.029E-08  3.336E-13  4.405E-13  1.00E-07
  7.900E+00 3.34609E-16  1.967E-05  1.513E-08  1.028E-08  3.361E-13  4.459E-13  1.00E-07
  8.000E+00 3.32585E-16  1.998E-05  1.507E-08  1.027E-08  3.386E-13  4.512E-13  1.00E-07
  8.100E+00 3.30552E-16  2.029E-05  1.501E-08  1.026E-08  3.411E-13  4.565E-13  1.00E-07
  8.200E+00 3.28511E-16  2.060E-05  1.495E-08  1.025E-08  3.435E-13  4.618E-13  1.00E-07
  8.300E+00 3.26462E-16  2.091E-05  1.489E-08  1.024E-08  3.458E-13  4.671E-13  1.00E-07
  8.400E+00 3.24405E-16  2.123E-05  1.483E-08  1.023E-08  3.480E-13  4.723E-13  1.00E-07
  8.500E+00 3.22342E-16  2.155E-05  1.476E-08  1.022E-08  3.503E-13  4.776E-13  1.00E-07
  8.600E+00 3.20272E-16  2.187E-05  1.470E-08  1.021E-08  3.524E-13  4.828E-13  1.00E-07
  8.700E+00 3.18195E-16  2.219E-05  1.464E-08  1.019E-08  3.545E-13  4.880E-13  1.00E-07
  8.800E+00 3.16113E-16  2.251E-05  1.457E-08  1.018E-08  3.565E-13  4.933E-13  1.00E-07
  8.900E+00 3.14026E-16  2.284E-05  1.451E-08  1.017E-08  3.585E-13  4.985E-13  1.00E-07
  9.000E+00 3.11934E-16  2.317E-05  1.445E-08  1.016E-08  3.604E-13  5.036E-13  1.00E-07
  9.100E+00 3.09838E-16  2.350E-05  1.438E-08  1.015E-08  3.623E-13  5.088E-13  1.00E-07
  9.200E+00 3.07737E-16  2.384E-05  1.432E-08  1.014E-08  3.640E-13  5.140E-13  1.00E-07
  9.300E+00 3.05633E-16  2.418E-05  1.425E-08  1.013E-08  3.658E-13  5.191E-13  1.00E-07
  9.400E+00 3.03526E-16  2.452E-05  1.419E-08  1.011E-08  3.674E-13  5.243E-13  1.00E-07
  9.500E+00 3.01416E-16  2.486E-05  1.412E-08  1.010E-08  3.691E-13  5.294E-13  1.00E-07
  9.600E+00 2.99303E-16  2.520E-05  1.405E-08  1.009E-08  3.706E-13  5.345E-13  1.00E-07
  9.700E+00 2.97189E-16  2.555E-05  1.399E-08  1.008E-08  3.721E-13  5.396E-13  1.00E-07
  9.800E+00 2.95072E-16  2.590E-05  1.392E-08  1.007E-08  3.735E-13  5.447E-13  1.00E-07
  9.900E+00 2.92955E-16  2.625E-05  1.385E-08  1.005E-08  3.749E-13  5.497E-13  1.00E-07
  1.000E+01 2.90837E-16  2.661E-05  1.378E-08  1.004E-08  3.762E-13  5.548E-13  1.00E-07
  1.025E+01 2.85540E-16  2.751E-05  1.361E-08  1.001E-08  3.792E-13  5.673E-13  1.00E-07
  1.050E+01 2.80245E-16  2.843E-05  1.344E-08  9.978E-09  3.819E-13  5.798E-13  1.00E-07
  1.075E+01 2.74959E-16  2.937E-05  1.327E-08  9.945E-09  3.841E-13  5.922E-13  1.00E-07
  1.100E+01 2.69686E-16  3.032E-05  1.309E-08  9.911E-09  3.860E-13  6.045E-13  1.00E-07
  1.125E+01 2.64432E-16  3.130E-05  1.292E-08  9.877E-09  3.875E-13  6.166E-13  1.00E-07
  1.150E+01 2.59201E-16  3.229E-05  1.274E-08  9.843E-09  3.887E-13  6.287E-13  1.00E-07
  1.175E+01 2.53997E-16  3.330E-05  1.256E-08  9.807E-09  3.894E-13  6.407E-13  1.00E-07
  1.200E+01 2.48826E-16  3.434E-05  1.238E-08  9.771E-09  3.898E-13  6.526E-13  1.00E-07
  1.225E+01 2.43691E-16  3.539E-05  1.220E-08  9.735E-09  3.899E-13  6.644E-13  1.00E-07
  1.250E+01 2.38596E-16  3.647E-05  1.202E-08  9.698E-09  3.895E-13  6.760E-13  1.00E-07
  1.275E+01 2.33545E-16  3.756E-05  1.184E-08  9.660E-09  3.889E-13  6.876E-13  1.00E-07
  1.300E+01 2.28542E-16  3.868E-05  1.166E-08  9.622E-09  3.878E-13  6.991E-13  1.00E-07
  1.325E+01 2.23589E-16  3.982E-05  1.148E-08  9.583E-09  3.864E-13  7.104E-13  1.00E-07
  1.350E+01 2.18690E-16  4.098E-05  1.130E-08  9.544E-09  3.847E-13  7.217E-13  1.00E-07
  1.375E+01 2.13847E-16  4.216E-05  1.111E-08  9.504E-09  3.826E-13  7.328E-13  1.00E-07
  1.400E+01 2.09064E-16  4.337E-05  1.093E-08  9.463E-09  3.802E-13  7.438E-13  1.00E-07
  1.425E+01 2.04341E-16  4.460E-05  1.075E-08  9.423E-09  3.774E-13  7.547E-13  1.00E-07
  1.450E+01 1.99682E-16  4.585E-05  1.057E-08  9.381E-09  3.744E-13  7.655E-13  1.00E-07
  1.475E+01 1.95089E-16  4.713E-05  1.039E-08  9.339E-09  3.710E-13  7.762E-13  1.00E-07
  1.500E+01 1.90563E-16  4.843E-05  1.020E-08  9.297E-09  3.672E-13  7.867E-13  1.00E-07
  1.525E+01 1.86106E-16  4.975E-05  1.002E-08  9.254E-09  3.632E-13  7.972E-13  1.00E-07
  1.550E+01 1.81720E-16  5.110E-05  9.843E-09  9.210E-09  3.589E-13  8.075E-13  1.00E-07
  1.575E+01 1.77405E-16  5.248E-05  9.663E-09  9.167E-09  3.542E-13  8.177E-13  1.00E-07
  1.600E+01 1.73163E-16  5.387E-05  9.484E-09  9.122E-09  3.493E-13  8.278E-13  1.00E-07
  1.625E+01 1.68994E-16  5.530E-05  9.306E-09  9.077E-09  3.441E-13  8.377E-13  1.00E-07
  1.650E+01 1.64900E-16  5.675E-05  9.128E-09  9.032E-09  3.385E-13  8.476E-13  1.00E-07
  1.675E+01 1.60881E-16  5.822E-05  8.951E-09  8.987E-09  3.328E-13  8.573E-13  1.00E-07
  1.700E+01 1.56937E-16  5.972E-05  8.775E-09  8.941E-09  3.267E-13  8.669E-13  1.00E-07
  1.725E+01 1.53069E-16  6.124E-05  8.600E-09  8.894E-09  3.204E-13  8.763E-13  1.00E-07
  1.750E+01 1.49278E-16  6.279E-05  8.426E-09  8.847E-09  3.138E-13  8.857E-13  1.00E-07
  1.775E+01 1.45562E-16  6.437E-05  8.253E-09  8.800E-09  3.069E-13  8.949E-13  1.00E-07
  1.800E+01 1.41922E-16  6.597E-05  8.082E-09  8.753E-09  2.999E-13  9.040E-13  1.00E-07
  1.825E+01 1.38359E-16  6.759E-05  7.911E-09  8.705E-09  2.925E-13  9.130E-13  1.00E-07
  1.850E+01 1.34871E-16  6.924E-05  7.742E-09  8.656E-09  2.850E-13  9.218E-13  1.00E-07
  1.875E+01 1.31459E-16  7.092E-05  7.574E-09  8.608E-09  2.772E-13  9.305E-13  1.00E-07
  1.900E+01 1.28121E-16  7.262E-05  7.407E-09  8.559E-09  2.692E-13  9.391E-13  1.00E-07
  1.925E+01 1.24859E-16  7.434E-05  7.242E-09  8.510E-09  2.610E-13  9.475E-13  1.00E-07
  1.950E+01 1.21670E-16  7.609E-05  7.078E-09  8.460E-09  2.525E-13  9.559E-13  1.00E-07
  1.975E+01 1.18554E-16  7.787E-05  6.916E-09  8.410E-09  2.439E-13  9.640E-13  1.00E-07
  2.000E+01 1.15512E-16  7.966E-05  6.754E-09  8.360E-09  2.351E-13  9.721E-13  1.00E-07
  2.025E+01 1.12541E-16  8.148E-05  6.595E-09  8.309E-09  2.260E-13  9.800E-13  1.00E-07
  2.050E+01 1.09641E-16  8.333E-05  6.437E-09  8.259E-09  2.168E-13  9.878E-13  1.00E-07
  2.075E+01 1.06811E-16  8.519E-05  6.280E-09  8.208E-09  2.074E-13  9.955E-13  1.00E-07
  2.100E+01 1.04050E-16  8.708E-05  6.126E-09  8.156E-09  1.979E-13  1.003E-12  1.00E-07
  2.125E+01 1.01358E-16  8.899E-05  5.972E-09  8.105E-09  1.882E-13  1.010E-12  1.00E-07
  2.150E+01 9.87326E-17  9.092E-05  5.821E-09  8.053E-09  1.783E-13  1.018E-12  1.00E-07
  2.175E+01 9.61737E-17  9.287E-05  5.670E-09  8.001E-09  1.682E-13  1.025E-12  1.00E-07
  2.200E+01 9.36799E-17  9.484E-05  5.522E-09  7.949E-09  1.580E-13  1.032E-12  1.00E-07
  2.225E+01 9.12502E-17  9.682E-05  5.375E-09  7.897E-09  1.477E-13  1.039E-12  1.00E-07
  2.250E+01 8.88835E-17  9.883E-05  5.230E-09  7.844E-09  1.372E-13  1.046E-12  1.00E-07
  2.275E+01 8.65785E-17  1.008E-04  5.087E-09  7.791E-09  1.266E-13  1.052E-12  1.00E-07
  2.300E+01 8.43343E-17  1.029E-04  4.945E-09  7.738E-09  1.159E-13  1.059E-12  1.00E-07
  2.325E+01 8.21495E-17  1.049E-04  4.805E-09  7.685E-09  1.051E-13  1.065E-12  1.00E-07
  2.350E+01 8.00230E-17  1.070E-04  4.667E-09  7.632E-09  9.411E-14  1.071E-12  1.00E-07
  2.375E+01 7.79538E-17  1.091E-04  4.530E-09  7.578E-09  8.303E-14  1.077E-12  1.00E-07
  2.400E+01 7.59405E-17  1.112E-04  4.395E-09  7.525E-09  7.185E-14  1.083E-12  1.00E-07
  2.425E+01 7.39819E-17  1.133E-04  4.262E-09  7.471E-09  6.057E-14  1.089E-12  1.00E-07
  2.450E+01 7.20770E-17  1.154E-04  4.131E-09  7.417E-09  4.919E-14  1.095E-12  1.00E-07
  2.475E+01 7.02245E-17  1.175E-04  4.001E-09  7.363E-09  3.773E-14  1.101E-12  1.00E-07
  2.500E+01 6.84233E-17  1.196E-04  3.873E-09  7.309E-09  2.618E-14  1.106E-12  1.00E-07
  2.550E+01 6.49698E-17  1.239E-04  3.622E-09  7.201E-09  2.831E-15  1.117E-12  1.00E-07
  2.600E+01 6.17073E-17  1.281E-04  3.378E-09  7.092E-09 -2.080E-14  1.127E-12  1.00E-07
  2.650E+01 5.86266E-17  1.324E-04  3.141E-09  6.983E-09 -4.469E-14  1.136E-12  1.00E-07
  2.700E+01 5.57188E-17  1.366E-04  2.911E-09  6.874E-09 -6.879E-14  1.145E-12  1.00E-07
  2.750E+01 5.29751E-17  1.408E-04  2.687E-09  6.764E-09 -9.308E-14  1.154E-12  1.00E-07
  2.800E+01 5.03871E-17  1.450E-04  2.471E-09  6.655E-09 -1.175E-13  1.162E-12  1.00E-07
  2.850E+01 4.79466E-17  1.491E-04  2.260E-09  6.545E-09 -1.421E-13  1.169E-12  1.00E-07
  2.900E+01 4.56456E-17  1.530E-04  2.057E-09  6.436E-09 -1.668E-13  1.176E-12  1.00E-07
  2.950E+01 4.34765E-17  1.569E-04  1.859E-09  6.326E-09 -1.915E-13  1.183E-12  1.00E-07
  3.000E+01 4.14320E-17  1.607E-04  1.668E-09  6.217E-09 -2.163E-13  1.189E-12  1.00E-07
  3.050E+01 3.95051E-17  1.643E-04  1.484E-09  6.108E-09 -2.411E-13  1.195E-12  1.00E-07
  3.100E+01 3.76891E-17  1.678E-04  1.305E-09  5.999E-09 -2.659E-13  1.200E-12  1.00E-07
  3.150E+01 3.59775E-17  1.710E-04  1.132E-09  5.890E-09 -2.907E-13  1.205E-12  1.00E-07
  3.200E+01 3.43644E-17  1.741E-04  9.656E-10  5.782E-09 -3.155E-13  1.209E-12  1.00E-07
  3.250E+01 3.28439E-17  1.770E-04  8.047E-10  5.674E-09 -3.402E-13  1.213E-12  1.00E-07
  3.300E+01 3.14106E-17  1.796E-04  6.494E-10  5.567E-09 -3.648E-13  1.216E-12  1.00E-07
  3.350E+01 3.00592E-17  1.819E-04  4.996E-10  5.460E-09 -3.893E-13  1.219E-12  1.00E-07
  3.400E+01 2.87847E-17  1.840E-04  3.553E-10  5.353E-09 -4.137E-13  1.222E-12  1.00E-07
  3.450E+01 2.75826E-17  1.858E-04  2.162E-10  5.247E-09 -4.379E-13  1.224E-12  1.00E-07
  3.500E+01 2.64485E-17  1.873E-04  8.232E-11  5.142E-09 -4.620E-13  1.226E-12  1.00E-07
  3.550E+01 2.53781E-17  1.884E-04 -4.654E-11  5.037E-09 -4.860E-13  1.227E-12  1.00E-07
  3.600E+01 2.43676E-17  1.892E-04 -1.705E-10  4.933E-09 -5.097E-13  1.228E-12  1.00E-07
  3.650E+01 2.34133E-17  1.896E-04 -2.896E-10  4.830E-09 -5.333E-13  1.229E-12  1.00E-07
  3.700E+01 2.25117E-17  1.897E-04 -4.041E-10  4.727E-09 -5.567E-13  1.229E-12  1.00E-07
  3.750E+01 2.16596E-17  1.893E-04 -5.140E-10  4.626E-09 -5.799E-13  1.229E-12  1.00E-07
  3.800E+01 2.08539E-17  1.886E-04 -6.195E-10  4.524E-09 -6.029E-13  1.229E-12  1.00E-07
  3.850E+01 2.00918E-17  1.874E-04 -7.206E-10  4.424E-09 -6.256E-13  1.228E-12  1.00E-07
  3.900E+01 1.93705E-17  1.858E-04 -8.176E-10  4.325E-09 -6.481E-13  1.227E-12  1.00E-07
  3.950E+01 1.86875E-17  1.838E-04 -9.105E-10  4.226E-09 -6.704E-13  1.225E-12  1.00E-07
  4.000E+01 1.80405E-17  1.813E-04 -9.994E-10  4.128E-09 -6.924E-13  1.224E-12  1.00E-07
  4.050E+01 1.74272E-17  1.784E-04 -1.084E-09  4.031E-09 -7.142E-13  1.221E-12  1.00E-07
  4.100E+01 1.68456E-17  1.750E-04 -1.166E-09  3.935E-09 -7.357E-13  1.219E-12  1.00E-07
  4.150E+01 1.62937E-17  1.712E-04 -1.243E-09  3.840E-09 -7.569E-13  1.216E-12  1.00E-07
  4.200E+01 1.57697E-17  1.668E-04 -1.318E-09  3.746E-09 -7.779E-13  1.213E-12  1.00E-07
  4.250E+01 1.52718E-17  1.621E-04 -1.388E-09  3.653E-09 -7.986E-13  1.210E-12  1.00E-07
  4.300E+01 1.47986E-17  1.568E-04 -1.456E-09  3.561E-09 -8.190E-13  1.206E-12  1.00E-07
  4.350E+01 1.43485E-17  1.511E-04 -1.520E-09  3.470E-09 -8.391E-13  1.202E-12  1.00E-07
  4.400E+01 1.39201E-17  1.448E-04 -1.581E-09  3.379E-09 -8.589E-13  1.198E-12  1.00E-07
  4.450E+01 1.35121E-17  1.382E-04 -1.639E-09  3.290E-09 -8.784E-13  1.194E-12  1.00E-07
  4.500E+01 1.31234E-17  1.310E-04 -1.694E-09  3.202E-09 -8.977E-13  1.189E-12  1.00E-07
  4.550E+01 1.27527E-17  1.234E-04 -1.746E-09  3.115E-09 -9.166E-13  1.184E-12  1.00E-07
  4.600E+01 1.23990E-17  1.153E-04 -1.796E-09  3.029E-09 -9.352E-13  1.179E-12  1.00E-07
  4.650E+01 1.20613E-17  1.068E-04 -1.843E-09  2.944E-09 -9.536E-13  1.174E-12  1.00E-07
  4.700E+01 1.17387E-17  9.775E-05 -1.887E-09  2.860E-09 -9.716E-13  1.169E-12  1.00E-07
  4.750E+01 1.14303E-17  8.830E-05 -1.929E-09  2.777E-09 -9.893E-13  1.163E-12  1.00E-07
  4.800E+01 1.11354E-17  7.841E-05 -1.968E-09  2.695E-09 -1.007E-12  1.157E-12  1.00E-07
  4.850E+01 1.08531E-17  6.808E-05 -2.005E-09  2.614E-09 -1.024E-12  1.151E-12  1.00E-07
  4.900E+01 1.05827E-17  5.732E-05 -2.039E-09  2.534E-09 -1.041E-12  1.144E-12  1.00E-07
  4.950E+01 1.03236E-17  4.615E-05 -2.072E-09  2.456E-09 -1.057E-12  1.138E-12  1.00E-07
  5.000E+01 1.00752E-17  3.455E-05 -2.102E-09  2.378E-09 -1.073E-12  1.131E-12  1.00E-07
  5.050E+01 9.83690E-18  2.256E-05 -2.131E-09  2.302E-09 -1.089E-12  1.124E-12  1.00E-07
  5.100E+01 9.60813E-18  1.016E-05 -2.157E-09  2.226E-09 -1.105E-12  1.117E-12  1.00E-07
  5.150E+01 9.38839E-18 -2.615E-06 -2.182E-09  2.152E-09 -1.120E-12  1.110E-12  1.00E-07
  5.200E+01 9.17722E-18 -1.577E-05 -2.204E-09  2.078E-09 -1.135E-12  1.103E-12  1.00E-07
  5.250E+01 8.97416E-18 -2.930E-05 -2.225E-09  2.006E-09 -1.150E-12  1.096E-12  1.00E-07
  5.300E+01 8.77880E-18 -4.318E-05 -2.244E-09  1.935E-09 -1.164E-12  1.088E-12  1.00E-07
  5.350E+01 8.59076E-18 -5.741E-05 -2.262E-09  1.864E-09 -1.178E-12  1.080E-12  1.00E-07
  5.400E+01 8.40966E-18 -7.198E-05 -2.277E-09  1.795E-09 -1.192E-12  1.072E-12  1.00E-07
  5.450E+01 8.23516E-18 -8.687E-05 -2.292E-09  1.727E-09 -1.205E-12  1.064E-12  1.00E-07
  5.500E+01 8.06694E-18 -1.021E-04 -2.304E-09  1.660E-09 -1.218E-12  1.056E-12  1.00E-07
  5.550E+01 7.90469E-18 -1.176E-04 -2.316E-09  1.594E-09 -1.231E-12  1.048E-12  1.00E-07
  5.600E+01 7.74814E-18 -1.334E-04 -2.326E-09  1.529E-09 -1.244E-12  1.040E-12  1.00E-07
  5.650E+01 7.59701E-18 -1.495E-04 -2.335E-09  1.465E-09 -1.256E-12  1.032E-12  1.00E-07
  5.700E+01 7.45105E-18 -1.659E-04 -2.342E-09  1.402E-09 -1.268E-12  1.023E-12  1.00E-07
  5.750E+01 7.31003E-18 -1.825E-04 -2.348E-09  1.340E-09 -1.279E-12  1.014E-12  1.00E-07
  5.800E+01 7.17372E-18 -1.994E-04 -2.353E-09  1.279E-09 -1.291E-12  1.006E-12  1.00E-07
  5.850E+01 7.04192E-18 -2.165E-04 -2.357E-09  1.220E-09 -1.302E-12  9.971E-13  1.00E-07
  5.900E+01 6.91443E-18 -2.339E-04 -2.360E-09  1.161E-09 -1.313E-12  9.884E-13  1.00E-07
  5.950E+01 6.79105E-18 -2.514E-04 -2.361E-09  1.103E-09 -1.323E-12  9.795E-13  1.00E-07
  6.000E+01 6.67162E-18 -2.692E-04 -2.362E-09  1.046E-09 -1.333E-12  9.706E-13  1.00E-07
  6.050E+01 6.55597E-18 -2.872E-04 -2.361E-09  9.897E-10 -1.343E-12  9.616E-13  1.00E-07
  6.100E+01 6.44393E-18 -3.053E-04 -2.360E-09  9.346E-10 -1.353E-12  9.526E-13  1.00E-07
  6.150E+01 6.33538E-18 -3.236E-04 -2.358E-09  8.805E-10 -1.362E-12  9.435E-13  1.00E-07
  6.200E+01 6.23015E-18 -3.421E-04 -2.355E-09  8.274E-10 -1.372E-12  9.344E-13  1.00E-07
  6.250E+01 6.12812E-18 -3.607E-04 -2.351E-09  7.751E-10 -1.380E-12  9.252E-13  1.00E-07
  6.300E+01 6.02917E-18 -3.795E-04 -2.346E-09  7.238E-10 -1.389E-12  9.160E-13  1.00E-07
  6.350E+01 5.93317E-18 -3.984E-04 -2.341E-09  6.734E-10 -1.397E-12  9.068E-13  1.00E-07
  6.400E+01 5.84002E-18 -4.174E-04 -2.335E-09  6.239E-10 -1.405E-12  8.975E-13  1.00E-07
  6.450E+01 5.74959E-18 -4.365E-04 -2.328E-09  5.752E-10 -1.413E-12  8.882E-13  1.00E-07
  6.500E+01 5.66180E-18 -4.557E-04 -2.320E-09  5.275E-10 -1.421E-12  8.789E-13  1.00E-07
  6.550E+01 5.57655E-18 -4.749E-04 -2.312E-09  4.806E-10 -1.428E-12  8.696E-13  1.00E-07
  6.600E+01 5.49373E-18 -4.943E-04 -2.303E-09  4.346E-10 -1.435E-12  8.603E-13  1.00E-07
  6.650E+01 5.41327E-18 -5.137E-04 -2.294E-09  3.894E-10 -1.442E-12  8.509E-13  1.00E-07
  6.700E+01 5.33508E-18 -5.331E-04 -2.284E-09  3.451E-10 -1.448E-12  8.415E-13  1.00E-07
  6.750E+01 5.25909E-18 -5.526E-04 -2.273E-09  3.016E-10 -1.454E-12  8.321E-13  1.00E-07
  6.800E+01 5.18520E-18 -5.721E-04 -2.262E-09  2.589E-10 -1.461E-12  8.228E-13  1.00E-07
  6.850E+01 5.11336E-18 -5.916E-04 -2.251E-09  2.170E-10 -1.466E-12  8.134E-13  1.00E-07
  6.900E+01 5.04350E-18 -6.111E-04 -2.239E-09  1.760E-10 -1.472E-12  8.040E-13  1.00E-07
  6.950E+01 4.97553E-18 -6.306E-04 -2.226E-09  1.357E-10 -1.477E-12  7.946E-13  1.00E-07
  7.000E+01 4.90942E-18 -6.501E-04 -2.214E-09  9.615E-11 -1.482E-12  7.853E-13  1.00E-07
  7.050E+01 4.84508E-18 -6.695E-04 -2.200E-09  5.740E-11 -1.487E-12  7.759E-13  1.00E-07
  7.100E+01 4.78247E-18 -6.890E-04 -2.187E-09  1.940E-11 -1.492E-12  7.666E-13  1.00E-07
  7.150E+01 4.72153E-18 -7.083E-04 -2.173E-09 -1.786E-11 -1.496E-12  7.573E-13  1.00E-07
  7.200E+01 4.66221E-18 -7.276E-04 -2.159E-09 -5.438E-11 -1.500E-12  7.480E-13  1.00E-07
  7.250E+01 4.60445E-18 -7.468E-04 -2.144E-09 -9.018E-11 -1.504E-12  7.387E-13  1.00E-07
  7.300E+01 4.54821E-18 -7.659E-04 -2.129E-09 -1.253E-10 -1.508E-12  7.294E-13  1.00E-07
  7.350E+01 4.49343E-18 -7.850E-04 -2.114E-09 -1.596E-10 -1.512E-12  7.202E-13  1.00E-07
  7.400E+01 4.44008E-18 -8.039E-04 -2.098E-09 -1.933E-10 -1.515E-12  7.110E-13  1.00E-07
  7.450E+01 4.38811E-18 -8.227E-04 -2.083E-09 -2.263E-10 -1.518E-12  7.018E-13  1.00E-07
  7.500E+01 4.33748E-18 -8.414E-04 -2.067E-09 -2.587E-10 -1.521E-12  6.926E-13  1.00E-07
  7.550E+01 4.28814E-18 -8.600E-04 -2.050E-09 -2.904E-10 -1.524E-12  6.835E-13  1.00E-07
  7.600E+01 4.24007E-18 -8.784E-04 -2.034E-09 -3.214E-10 -1.526E-12  6.744E-13  1.00E-07
  7.650E+01 4.19322E-18 -8.967E-04 -2.017E-09 -3.518E-10 -1.528E-12  6.654E-13  1.00E-07
  7.700E+01 4.14755E-18 -9.148E-04 -2.000E-09 -3.815E-10 -1.530E-12  6.564E-13  1.00E-07
  7.750E+01 4.10304E-18 -9.327E-04 -1.984E-09 -4.107E-10 -1.532E-12  6.474E-13  1.00E-07
  7.800E+01 4.05964E-18 -9.505E-04 -1.966E-09 -4.392E-10 -1.534E-12  6.385E-13  1.00E-07
  7.850E+01 4.01734E-18 -9.680E-04 -1.949E-09 -4.671E-10 -1.536E-12  6.296E-13  1.00E-07
  7.900E+01 3.97608E-18 -9.854E-04 -1.932E-09 -4.945E-10 -1.537E-12  6.207E-13  1.00E-07
  7.950E+01 3.93586E-18 -1.003E-03 -1.914E-09 -5.212E-10 -1.538E-12  6.119E-13  1.00E-07
  8.000E+01 3.89663E-18 -1.020E-03 -1.897E-09 -5.474E-10 -1.539E-12  6.032E-13  1.00E-07
  8.050E+01 3.85837E-18 -1.036E-03 -1.879E-09 -5.730E-10 -1.540E-12  5.945E-13  1.00E-07
  8.100E+01 3.82105E-18 -1.053E-03 -1.861E-09 -5.981E-10 -1.540E-12  5.858E-13  1.00E-07
  8.150E+01 3.78464E-18 -1.069E-03 -1.843E-09 -6.226E-10 -1.541E-12  5.772E-13  1.00E-07
  8.200E+01 3.74913E-18 -1.085E-03 -1.825E-09 -6.466E-10 -1.541E-12  5.687E-13  1.00E-07
  8.250E+01 3.71449E-18 -1.101E-03 -1.807E-09 -6.701E-10 -1.541E-12  5.602E-13  1.00E-07
  8.300E+01 3.68068E-18 -1.117E-03 -1.789E-09 -6.930E-10 -1.541E-12  5.517E-13  1.00E-07
  8.350E+01 3.64770E-18 -1.132E-03 -1.771E-09 -7.155E-10 -1.541E-12  5.434E-13  1.00E-07
  8.400E+01 3.61551E-18 -1.147E-03 -1.753E-09 -7.374E-10 -1.541E-12  5.350E-13  1.00E-07
  8.450E+01 3.58410E-18 -1.162E-03 -1.734E-09 -7.589E-10 -1.540E-12  5.268E-13  1.00E-07
  8.500E+01 3.55345E-18 -1.176E-03 -1.716E-09 -7.798E-10 -1.539E-12  5.185E-13  1.00E-07
  8.550E+01 3.52353E-18 -1.191E-03 -1.698E-09 -8.003E-10 -1.538E-12  5.104E-13  1.00E-07
  8.600E+01 3.49433E-18 -1.205E-03 -1.680E-09 -8.204E-10 -1.537E-12  5.023E-13  1.00E-07
  8.650E+01 3.46582E-18 -1.218E-03 -1.661E-09 -8.399E-10 -1.536E-12  4.942E-13  1.00E-07
  8.700E+01 3.43800E-18 -1.232E-03 -1.643E-09 -8.591E-10 -1.535E-12  4.863E-13  1.00E-07
  8.750E+01 3.41083E-18 -1.245E-03 -1.625E-09 -8.778E-10 -1.533E-12  4.784E-13  1.00E-07
  8.800E+01 3.38431E-18 -1.258E-03 -1.607E-09 -8.960E-10 -1.532E-12  4.705E-13  1.00E-07
  8.850E+01 3.35841E-18 -1.270E-03 -1.588E-09 -9.139E-10 -1.530E-12  4.627E-13  1.00E-07
  8.900E+01 3.33313E-18 -1.282E-03 -1.570E-09 -9.313E-10 -1.528E-12  4.550E-13  1.00E-07
  8.950E+01 3.30844E-18 -1.294E-03 -1.552E-09 -9.483E-10 -1.526E-12  4.473E-13  1.00E-07
  9.000E+01 3.28434E-18 -1.306E-03 -1.534E-09 -9.649E-10 -1.523E-12  4.397E-13  1.00E-07
  9.050E+01 3.26080E-18 -1.317E-03 -1.516E-09 -9.811E-10 -1.521E-12  4.322E-13  1.00E-07
  9.100E+01 3.23780E-18 -1.328E-03 -1.498E-09 -9.970E-10 -1.519E-12  4.247E-13  1.00E-07
  9.150E+01 3.21535E-18 -1.339E-03 -1.480E-09 -1.012E-09 -1.516E-12  4.173E-13  1.00E-07
  9.200E+01 3.19342E-18 -1.349E-03 -1.462E-09 -1.028E-09 -1.513E-12  4.100E-13  1.00E-07
  9.250E+01 3.17200E-18 -1.359E-03 -1.444E-09 -1.042E-09 -1.510E-12  4.027E-13  1.00E-07
  9.300E+01 3.15108E-18 -1.369E-03 -1.426E-09 -1.057E-09 -1.507E-12  3.956E-13  1.00E-07
  9.350E+01 3.13064E-18 -1.378E-03 -1.409E-09 -1.071E-09 -1.504E-12  3.884E-13  1.00E-07
  9.400E+01 3.11067E-18 -1.387E-03 -1.391E-09 -1.084E-09 -1.501E-12  3.814E-13  1.00E-07
  9.450E+01 3.09117E-18 -1.396E-03 -1.373E-09 -1.098E-09 -1.497E-12  3.744E-13  1.00E-07
  9.500E+01 3.07212E-18 -1.405E-03 -1.356E-09 -1.111E-09 -1.494E-12  3.675E-13  1.00E-07
  9.550E+01 3.05350E-18 -1.413E-03 -1.339E-09 -1.123E-09 -1.490E-12  3.606E-13  1.00E-07
  9.600E+01 3.03531E-18 -1.420E-03 -1.321E-09 -1.136E-09 -1.486E-12  3.538E-13  1.00E-07
  9.650E+01 3.01754E-18 -1.428E-03 -1.304E-09 -1.148E-09 -1.483E-12  3.471E-13  1.00E-07
  9.700E+01 3.00018E-18 -1.435E-03 -1.287E-09 -1.160E-09 -1.479E-12  3.405E-13  1.00E-07
  9.750E+01 2.98322E-18 -1.442E-03 -1.270E-09 -1.171E-09 -1.474E-12  3.339E-13  1.00E-07
  9.800E+01 2.96664E-18 -1.448E-03 -1.253E-09 -1.182E-09 -1.470E-12  3.274E-13  1.00E-07
  9.850E+01 2.95044E-18 -1.454E-03 -1.236E-09 -1.193E-09 -1.466E-12  3.209E-13  1.00E-07
  9.900E+01 2.93461E-18 -1.460E-03 -1.219E-09 -1.204E-09 -1.461E-12  3.146E-13  1.00E-07
  9.950E+01 2.91914E-18 -1.466E-03 -1.202E-09 -1.214E-09 -1.457E-12  3.083E-13  1.00E-07
  1.000E+02 2.90402E-18 -1.471E-03 -1.186E-09 -1.224E-09 -1.452E-12  3.021E-13  1.00E-07
  1.005E+02 2.88924E-18 -1.476E-03 -1.169E-09 -1.234E-09 -1.447E-12  2.959E-13  1.00E-07
  1.010E+02 2.87480E-18 -1.480E-03 -1.153E-09 -1.243E-09 -1.443E-12  2.898E-13  1.00E-07
  1.015E+02 2.86069E-18 -1.484E-03 -1.137E-09 -1.253E-09 -1.438E-12  2.838E-13  1.00E-07
  1.020E+02 2.84689E-18 -1.488E-03 -1.120E-09 -1.262E-09 -1.433E-12  2.779E-13  1.00E-07
  1.025E+02 2.83341E-18 -1.492E-03 -1.104E-09 -1.270E-09 -1.427E-12  2.720E-13  1.00E-07
  1.030E+02 2.82023E-18 -1.495E-03 -1.088E-09 -1.279E-09 -1.422E-12  2.662E-13  1.00E-07
  1.035E+02 2.80734E-18 -1.498E-03 -1.073E-09 -1.287E-09 -1.417E-12  2.604E-13  1.00E-07
  1.040E+02 2.79475E-18 -1.501E-03 -1.057E-09 -1.295E-09 -1.411E-12  2.548E-13  1.00E-07
  1.045E+02 2.78244E-18 -1.503E-03 -1.041E-09 -1.303E-09 -1.406E-12  2.492E-13  1.00E-07
  1.050E+02 2.77041E-18 -1.505E-03 -1.026E-09 -1.311E-09 -1.400E-12  2.437E-13  1.00E-07
  1.055E+02 2.75864E-18 -1.507E-03 -1.010E-09 -1.318E-09 -1.394E-12  2.382E-13  1.00E-07
  1.060E+02 2.74714E-18 -1.509E-03 -9.951E-10 -1.326E-09 -1.388E-12  2.328E-13  1.00E-07
  1.065E+02 2.73590E-18 -1.510E-03 -9.799E-10 -1.333E-09 -1.383E-12  2.275E-13  1.00E-07
  1.070E+02 2.72491E-18 -1.511E-03 -9.649E-10 -1.339E-09 -1.377E-12  2.223E-13  1.00E-07
  1.075E+02 2.71416E-18 -1.511E-03 -9.500E-10 -1.346E-09 -1.370E-12  2.171E-13  1.00E-07
  1.080E+02 2.70366E-18 -1.512E-03 -9.352E-10 -1.352E-09 -1.364E-12  2.120E-13  1.00E-07
  1.085E+02 2.69338E-18 -1.512E-03 -9.205E-10 -1.359E-09 -1.358E-12  2.070E-13  1.00E-07
  1.090E+02 2.68334E-18 -1.511E-03 -9.060E-10 -1.365E-09 -1.352E-12  2.020E-13  1.00E-07
  1.095E+02 2.67352E-18 -1.511E-03 -8.916E-10 -1.371E-09 -1.345E-12  1.971E-13  1.00E-07
  1.100E+02 2.66392E-18 -1.510E-03 -8.773E-10 -1.376E-09 -1.339E-12  1.923E-13  1.00E-07
  1.105E+02 2.65454E-18 -1.509E-03 -8.631E-10 -1.382E-09 -1.332E-12  1.875E-13  1.00E-07
  1.110E+02 2.64536E-18 -1.508E-03 -8.491E-10 -1.387E-09 -1.326E-12  1.828E-13  1.00E-07
  1.115E+02 2.63639E-18 -1.506E-03 -8.351E-10 -1.392E-09 -1.319E-12  1.782E-13  1.00E-07
  1.120E+02 2.62761E-18 -1.504E-03 -8.213E-10 -1.398E-09 -1.312E-12  1.736E-13  1.00E-07
  1.125E+02 2.61903E-18 -1.502E-03 -8.076E-10 -1.402E-09 -1.305E-12  1.691E-13  1.00E-07
  1.130E+02 2.61064E-18 -1.500E-03 -7.941E-10 -1.407E-09 -1.298E-12  1.647E-13  1.00E-07
  1.135E+02 2.60244E-18 -1.497E-03 -7.807E-10 -1.412E-09 -1.291E-12  1.603E-13  1.00E-07
  1.140E+02 2.59442E-18 -1.494E-03 -7.673E-10 -1.416E-09 -1.284E-12  1.560E-13  1.00E-07
  1.145E+02 2.58658E-18 -1.491E-03 -7.542E-10 -1.420E-09 -1.277E-12  1.518E-13  1.00E-07
  1.150E+02 2.57891E-18 -1.488E-03 -7.411E-10 -1.425E-09 -1.270E-12  1.476E-13  1.00E-07
  1.155E+02 2.57141E-18 -1.484E-03 -7.282E-10 -1.429E-09 -1.262E-12  1.435E-13  1.00E-07
  1.160E+02 2.56407E-18 -1.480E-03 -7.153E-10 -1.433E-09 -1.255E-12  1.395E-13  1.00E-07
  1.165E+02 2.55690E-18 -1.476E-03 -7.027E-10 -1.436E-09 -1.247E-12  1.355E-13  1.00E-07
  1.170E+02 2.54989E-18 -1.472E-03 -6.901E-10 -1.440E-09 -1.240E-12  1.316E-13  1.00E-07
  1.175E+02 2.54303E-18 -1.467E-03 -6.776E-10 -1.444E-09 -1.232E-12  1.278E-13  1.00E-07
  1.180E+02 2.53633E-18 -1.462E-03 -6.653E-10 -1.447E-09 -1.225E-12  1.240E-13  1.00E-07
  1.185E+02 2.52977E-18 -1.457E-03 -6.531E-10 -1.450E-09 -1.217E-12  1.203E-13  1.00E-07
  1.190E+02 2.52336E-18 -1.452E-03 -6.411E-10 -1.453E-09 -1.209E-12  1.167E-13  1.00E-07
  1.195E+02 2.51709E-18 -1.447E-03 -6.291E-10 -1.456E-09 -1.201E-12  1.131E-13  1.00E-07
  1.200E+02 2.51096E-18 -1.441E-03 -6.173E-10 -1.459E-09 -1.194E-12  1.096E-13  1.00E-07
  1.205E+02 2.50496E-18 -1.435E-03 -6.056E-10 -1.462E-09 -1.186E-12  1.061E-13  1.00E-07
  1.210E+02 2.49910E-18 -1.429E-03 -5.940E-10 -1.465E-09 -1.178E-12  1.027E-13  1.00E-07
  1.215E+02 2.49337E-18 -1.423E-03 -5.825E-10 -1.468E-09 -1.170E-12  9.935E-14  1.00E-07
  1.220E+02 2.48776E-18 -1.417E-03 -5.712E-10 -1.470E-09 -1.161E-12  9.607E-14  1.00E-07
  1.225E+02 2.48228E-18 -1.410E-03 -5.600E-10 -1.473E-09 -1.153E-12  9.285E-14  1.00E-07
  1.230E+02 2.47692E-18 -1.403E-03 -5.489E-10 -1.475E-09 -1.145E-12  8.969E-14  1.00E-07
  1.235E+02 2.47168E-18 -1.396E-03 -5.379E-10 -1.477E-09 -1.137E-12  8.659E-14  1.00E-07
  1.240E+02 2.46656E-18 -1.389E-03 -5.270E-10 -1.479E-09 -1.128E-12  8.355E-14  1.00E-07
  1.245E+02 2.46154E-18 -1.382E-03 -5.163E-10 -1.482E-09 -1.120E-12  8.057E-14  1.00E-07
  1.250E+02 2.45664E-18 -1.374E-03 -5.057E-10 -1.484E-09 -1.112E-12  7.764E-14  1.00E-07
  1.255E+02 2.45185E-18 -1.367E-03 -4.952E-10 -1.485E-09 -1.103E-12  7.477E-14  1.00E-07
  1.260E+02 2.44717E-18 -1.359E-03 -4.848E-10 -1.487E-09 -1.095E-12  7.197E-14  1.00E-07
  1.265E+02 2.44259E-18 -1.351E-03 -4.746E-10 -1.489E-09 -1.086E-12  6.921E-14  1.00E-07
  1.270E+02 2.43811E-18 -1.343E-03 -4.644E-10 -1.491E-09 -1.077E-12  6.652E-14  1.00E-07
  1.275E+02 2.43373E-18 -1.334E-03 -4.544E-10 -1.492E-09 -1.069E-12  6.388E-14  1.00E-07
  1.280E+02 2.42945E-18 -1.326E-03 -4.445E-10 -1.494E-09 -1.060E-12  6.130E-14  1.00E-07
  1.285E+02 2.42527E-18 -1.317E-03 -4.347E-10 -1.495E-09 -1.051E-12  5.877E-14  1.00E-07
  1.290E+02 2.42118E-18 -1.308E-03 -4.250E-10 -1.497E-09 -1.042E-12  5.629E-14  1.00E-07
  1.295E+02 2.41718E-18 -1.300E-03 -4.154E-10 -1.498E-09 -1.033E-12  5.387E-14  1.00E-07
  1.300E+02 2.41327E-18 -1.290E-03 -4.060E-10 -1.499E-09 -1.024E-12  5.151E-14  1.00E-07
  1.305E+02 2.40944E-18 -1.281E-03 -3.967E-10 -1.501E-09 -1.016E-12  4.920E-14  1.00E-07
  1.310E+02 2.40571E-18 -1.272E-03 -3.874E-10 -1.502E-09 -1.007E-12  4.694E-14  1.00E-07
  1.315E+02 2.40206E-18 -1.262E-03 -3.783E-10 -1.503E-09 -9.975E-13  4.473E-14  1.00E-07
  1.320E+02 2.39848E-18 -1.253E-03 -3.693E-10 -1.504E-09 -9.884E-13  4.258E-14  1.00E-07
  1.325E+02 2.39499E-18 -1.243E-03 -3.605E-10 -1.505E-09 -9.793E-13  4.047E-14  1.00E-07
  1.330E+02 2.39158E-18 -1.233E-03 -3.517E-10 -1.506E-09 -9.701E-13  3.842E-14  1.00E-07
  1.335E+02 2.38825E-18 -1.223E-03 -3.430E-10 -1.507E-09 -9.609E-13  3.642E-14  1.00E-07
  1.340E+02 2.38499E-18 -1.213E-03 -3.345E-10 -1.508E-09 -9.516E-13  3.447E-14  1.00E-07
  1.345E+02 2.38181E-18 -1.203E-03 -3.261E-10 -1.508E-09 -9.423E-13  3.257E-14  1.00E-07
  1.350E+02 2.37869E-18 -1.192E-03 -3.177E-10 -1.509E-09 -9.330E-13  3.071E-14  1.00E-07
  1.355E+02 2.37565E-18 -1.182E-03 -3.095E-10 -1.510E-09 -9.237E-13  2.891E-14  1.00E-07
  1.360E+02 2.37268E-18 -1.171E-03 -3.014E-10 -1.511E-09 -9.143E-13  2.715E-14  1.00E-07
  1.365E+02 2.36978E-18 -1.160E-03 -2.934E-10 -1.511E-09 -9.048E-13  2.545E-14  1.00E-07
  1.370E+02 2.36694E-18 -1.149E-03 -2.855E-10 -1.512E-09 -8.954E-13  2.378E-14  1.00E-07
  1.375E+02 2.36416E-18 -1.139E-03 -2.777E-10 -1.512E-09 -8.859E-13  2.217E-14  1.00E-07
  1.380E+02 2.36146E-18 -1.127E-03 -2.701E-10 -1.513E-09 -8.763E-13  2.060E-14  1.00E-07
  1.385E+02 2.35881E-18 -1.116E-03 -2.625E-10 -1.513E-09 -8.667E-13  1.908E-14  1.00E-07
  1.390E+02 2.35622E-18 -1.105E-03 -2.550E-10 -1.514E-09 -8.571E-13  1.760E-14  1.00E-07
  1.395E+02 2.35370E-18 -1.094E-03 -2.477E-10 -1.514E-09 -8.475E-13  1.617E-14  1.00E-07
  1.400E+02 2.35123E-18 -1.082E-03 -2.404E-10 -1.514E-09 -8.378E-13  1.478E-14  1.00E-07
  1.405E+02 2.34882E-18 -1.071E-03 -2.333E-10 -1.515E-09 -8.281E-13  1.344E-14  1.00E-07
  1.410E+02 2.34647E-18 -1.059E-03 -2.262E-10 -1.515E-09 -8.184E-13  1.214E-14  1.00E-07
  1.415E+02 2.34417E-18 -1.047E-03 -2.193E-10 -1.515E-09 -8.086E-13  1.088E-14  1.00E-07
  1.420E+02 2.34193E-18 -1.036E-03 -2.124E-10 -1.516E-09 -7.988E-13  9.663E-15  1.00E-07
  1.425E+02 2.33974E-18 -1.024E-03 -2.057E-10 -1.516E-09 -7.890E-13  8.488E-15  1.00E-07
  1.430E+02 2.33760E-18 -1.012E-03 -1.991E-10 -1.516E-09 -7.792E-13  7.354E-15  1.00E-07
  1.435E+02 2.33551E-18 -9.998E-04 -1.925E-10 -1.516E-09 -7.693E-13  6.262E-15  1.00E-07
  1.440E+02 2.33347E-18 -9.876E-04 -1.861E-10 -1.516E-09 -7.594E-13  5.209E-15  1.00E-07
  1.445E+02 2.33148E-18 -9.754E-04 -1.798E-10 -1.516E-09 -7.494E-13  4.196E-15  1.00E-07
  1.450E+02 2.32954E-18 -9.632E-04 -1.735E-10 -1.516E-09 -7.395E-13  3.222E-15  1.00E-07
  1.455E+02 2.32765E-18 -9.508E-04 -1.674E-10 -1.516E-09 -7.295E-13  2.286E-15  1.00E-07
  1.460E+02 2.32580E-18 -9.384E-04 -1.614E-10 -1.516E-09 -7.195E-13  1.389E-15  1.00E-07
  1.465E+02 2.32399E-18 -9.259E-04 -1.554E-10 -1.517E-09 -7.094E-13  5.291E-16  1.00E-07
  1.470E+02 2.32223E-18 -9.134E-04 -1.496E-10 -1.517E-09 -6.993E-13 -2.938E-16  1.00E-07
  1.475E+02 2.32052E-18 -9.007E-04 -1.438E-10 -1.517E-09 -6.892E-13 -1.080E-15  1.00E-07
  1.480E+02 2.31884E-18 -8.881E-04 -1.382E-10 -1.516E-09 -6.791E-13 -1.831E-15  1.00E-07
  1.485E+02 2.31721E-18 -8.753E-04 -1.327E-10 -1.516E-09 -6.690E-13 -2.546E-15  1.00E-07
  1.490E+02 2.31562E-18 -8.625E-04 -1.272E-10 -1.516E-09 -6.588E-13 -3.226E-15  1.00E-07
  1.495E+02 2.31407E-18 -8.496E-04 -1.219E-10 -1.516E-09 -6.486E-13 -3.872E-15  1.00E-07
  1.500E+02 2.31255E-18 -8.367E-04 -1.166E-10 -1.516E-09 -6.384E-13 -4.484E-15  1.00E-07
  1.505E+02 2.31108E-18 -8.237E-04 -1.114E-10 -1.516E-09 -6.282E-13 -5.063E-15  1.00E-07
  1.510E+02 2.30964E-18 -8.107E-04 -1.064E-10 -1.516E-09 -6.179E-13 -5.609E-15  1.00E-07
  1.515E+02 2.30824E-18 -7.976E-04 -1.014E-10 -1.516E-09 -6.077E-13 -6.123E-15  1.00E-07
  1.520E+02 2.30688E-18 -7.845E-04 -9.652E-11 -1.516E-09 -5.974E-13 -6.605E-15  1.00E-07
  1.525E+02 2.30555E-18 -7.713E-04 -9.174E-11 -1.516E-09 -5.871E-13 -7.056E-15  1.00E-07
  1.530E+02 2.30426E-18 -7.581E-04 -8.704E-11 -1.515E-09 -5.767E-13 -7.477E-15  1.00E-07
  1.535E+02 2.30300E-18 -7.448E-04 -8.245E-11 -1.515E-09 -5.664E-13 -7.867E-15  1.00E-07
  1.540E+02 2.30178E-18 -7.314E-04 -7.794E-11 -1.515E-09 -5.560E-13 -8.228E-15  1.00E-07
  1.545E+02 2.30059E-18 -7.181E-04 -7.353E-11 -1.515E-09 -5.456E-13 -8.560E-15  1.00E-07
  1.550E+02 2.29943E-18 -7.046E-04 -6.921E-11 -1.515E-09 -5.352E-13 -8.863E-15  1.00E-07
  1.555E+02 2.29830E-18 -6.912E-04 -6.498E-11 -1.515E-09 -5.248E-13 -9.139E-15  1.00E-07
  1.560E+02 2.29721E-18 -6.777E-04 -6.084E-11 -1.514E-09 -5.143E-13 -9.387E-15  1.00E-07
  1.565E+02 2.29614E-18 -6.641E-04 -5.679E-11 -1.514E-09 -5.039E-13 -9.609E-15  1.00E-07
  1.570E+02 2.29511E-18 -6.505E-04 -5.283E-11 -1.514E-09 -4.934E-13 -9.804E-15  1.00E-07
  1.575E+02 2.29410E-18 -6.369E-04 -4.896E-11 -1.514E-09 -4.829E-13 -9.974E-15  1.00E-07
  1.580E+02 2.29312E-18 -6.232E-04 -4.518E-11 -1.514E-09 -4.724E-13 -1.012E-14  1.00E-07
  1.585E+02 2.29218E-18 -6.095E-04 -4.150E-11 -1.513E-09 -4.619E-13 -1.024E-14  1.00E-07
  1.590E+02 2.29126E-18 -5.958E-04 -3.790E-11 -1.513E-09 -4.513E-13 -1.033E-14  1.00E-07
  1.595E+02 2.29037E-18 -5.820E-04 -3.439E-11 -1.513E-09 -4.408E-13 -1.041E-14  1.00E-07
  1.600E+02 2.28950E-18 -5.682E-04 -3.096E-11 -1.513E-09 -4.302E-13 -1.046E-14  1.00E-07
  1.605E+02 2.28866E-18 -5.544E-04 -2.763E-11 -1.513E-09 -4.196E-13 -1.048E-14  1.00E-07
  1.610E+02 2.28785E-18 -5.406E-04 -2.438E-11 -1.512E-09 -4.090E-13 -1.049E-14  1.00E-07
  1.615E+02 2.28707E-18 -5.267E-04 -2.123E-11 -1.512E-09 -3.984E-13 -1.047E-14  1.00E-07
  1.620E+02 2.28631E-18 -5.128E-04 -1.816E-11 -1.512E-09 -3.878E-13 -1.043E-14  1.00E-07
  1.625E+02 2.28558E-18 -4.988E-04 -1.517E-11 -1.512E-09 -3.772E-13 -1.038E-14  1.00E-07
  1.630E+02 2.28487E-18 -4.848E-04 -1.228E-11 -1.512E-09 -3.665E-13 -1.030E-14  1.00E-07
  1.635E+02 2.28418E-18 -4.708E-04 -9.466E-12 -1.511E-09 -3.559E-13 -1.021E-14  1.00E-07
  1.640E+02 2.28352E-18 -4.568E-04 -6.742E-12 -1.511E-09 -3.452E-13 -1.009E-14  1.00E-07
  1.645E+02 2.28288E-18 -4.428E-04 -4.105E-12 -1.511E-09 -3.345E-13 -9.959E-15  1.00E-07
  1.650E+02 2.28227E-18 -4.287E-04 -1.554E-12 -1.511E-09 -3.238E-13 -9.809E-15  1.00E-07
  1.655E+02 2.28168E-18 -4.146E-04  9.113E-13 -1.511E-09 -3.131E-13 -9.642E-15  1.00E-07
  1.660E+02 2.28111E-18 -4.005E-04  3.291E-12 -1.510E-09 -3.024E-13 -9.460E-15  1.00E-07
  1.665E+02 2.28057E-18 -3.864E-04  5.586E-12 -1.510E-09 -2.917E-13 -9.261E-15  1.00E-07
  1.670E+02 2.28004E-18 -3.722E-04  7.795E-12 -1.510E-09 -2.810E-13 -9.047E-15  1.00E-07
  1.675E+02 2.27954E-18 -3.581E-04  9.919E-12 -1.510E-09 -2.702E-13 -8.819E-15  1.00E-07
  1.680E+02 2.27906E-18 -3.439E-04  1.196E-11 -1.510E-09 -2.595E-13 -8.577E-15  1.00E-07
  1.685E+02 2.27861E-18 -3.297E-04  1.391E-11 -1.509E-09 -2.487E-13 -8.321E-15  1.00E-07
  1.690E+02 2.27817E-18 -3.154E-04  1.578E-11 -1.509E-09 -2.380E-13 -8.052E-15  1.00E-07
  1.695E+02 2.27775E-18 -3.012E-04  1.757E-11 -1.509E-09 -2.272E-13 -7.771E-15  1.00E-07
  1.700E+02 2.27736E-18 -2.870E-04  1.927E-11 -1.509E-09 -2.164E-13 -7.477E-15  1.00E-07
  1.705E+02 2.27699E-18 -2.727E-04  2.089E-11 -1.509E-09 -2.057E-13 -7.173E-15  1.00E-07
  1.710E+02 2.27663E-18 -2.584E-04  2.242E-11 -1.509E-09 -1.949E-13 -6.858E-15  1.00E-07
  1.715E+02 2.27630E-18 -2.441E-04  2.388E-11 -1.509E-09 -1.841E-13 -6.533E-15  1.00E-07
  1.720E+02 2.27598E-18 -2.298E-04  2.524E-11 -1.508E-09 -1.733E-13 -6.198E-15  1.00E-07
  1.725E+02 2.27569E-18 -2.155E-04  2.653E-11 -1.508E-09 -1.625E-13 -5.855E-15  1.00E-07
  1.730E+02 2.27542E-18 -2.012E-04  2.773E-11 -1.508E-09 -1.517E-13 -5.502E-15  1.00E-07
  1.735E+02 2.27516E-18 -1.869E-04  2.884E-11 -1.508E-09 -1.409E-13 -5.142E-15  1.00E-07
  1.740E+02 2.27493E-18 -1.725E-04  2.988E-11 -1.508E-09 -1.300E-13 -4.775E-15  1.00E-07
  1.745E+02 2.27471E-18 -1.582E-04  3.083E-11 -1.508E-09 -1.192E-13 -4.401E-15  1.00E-07
  1.750E+02 2.27451E-18 -1.438E-04  3.170E-11 -1.508E-09 -1.084E-13 -4.021E-15  1.00E-07
  1.755E+02 2.27434E-18 -1.295E-04  3.248E-11 -1.508E-09 -9.756E-14 -3.635E-15  1.00E-07
  1.760E+02 2.27418E-18 -1.151E-04  3.318E-11 -1.508E-09 -8.673E-14 -3.243E-15  1.00E-07
  1.765E+02 2.27404E-18 -1.007E-04  3.380E-11 -1.508E-09 -7.589E-14 -2.848E-15  1.00E-07
  1.770E+02 2.27392E-18 -8.633E-05  3.434E-11 -1.508E-09 -6.505E-14 -2.448E-15  1.00E-07
  1.775E+02 2.27381E-18 -7.195E-05  3.479E-11 -1.508E-09 -5.421E-14 -2.045E-15  1.00E-07
  1.780E+02 2.27373E-18 -5.756E-05  3.516E-11 -1.507E-09 -4.337E-14 -1.640E-15  1.00E-07
  1.785E+02 2.27367E-18 -4.318E-05  3.545E-11 -1.507E-09 -3.253E-14 -1.232E-15  1.00E-07
  1.790E+02 2.27362E-18 -2.878E-05  3.566E-11 -1.507E-09 -2.169E-14 -8.221E-16  1.00E-07
  1.795E+02 2.27359E-18 -1.439E-05  3.578E-11 -1.507E-09 -1.084E-14 -4.114E-16  1.00E-07
  1.800E+02 2.27358E-18 -2.020E-19  3.582E-11 -1.507E-09 -1.522E-28 -5.774E-30  1.00E-07

  TOTAL ELASTIC CROSS SECTION = 1.835426E-16 cm**2
               FROM DCS TABLE = 1.835388E-16  (REL. DIF. = 2.09E-05)

  1ST TRANSPORT CROSS SECTION = 4.822299E-17 cm**2
               FROM DCS TABLE = 4.822298E-17  (REL. DIF. = 3.28E-07)

  2ND TRANSPORT CROSS SECTION = 7.360834E-17 cm**2

  **** DPWA0 ENDED ************************************************************

