 #  Scattering amplitudes (in cm)      MU=(1-cos(TH))/2
 #  Z =   6,   projectile: electron
 #  Kinetic energy = 8.60000E+01 eV
 #
 # TH (deg)      MU          Re(F)        Im(F)        Re(G)        Im(G)
 #--------------------------------------------------------------------------
  0.000E+00  0.00000E+00  1.48746E-08  1.22565E-08  0.00000E+00  0.00000E+00
  1.000E-04  7.61557E-13  1.48746E-08  1.22565E-08 -3.75589E-19  2.72581E-18
  1.250E-04  1.18994E-12  1.48746E-08  1.22565E-08 -4.69486E-19  3.40726E-18
  1.500E-04  1.71346E-12  1.48746E-08  1.22565E-08 -5.63383E-19  4.08871E-18
  1.750E-04  2.33225E-12  1.48746E-08  1.22565E-08 -6.57280E-19  4.77017E-18
  2.000E-04  3.04617E-12  1.48746E-08  1.22565E-08 -7.51177E-19  5.45162E-18
  2.250E-04  3.85530E-12  1.48746E-08  1.22565E-08 -8.45074E-19  6.13307E-18
  2.500E-04  4.75964E-12  1.48746E-08  1.22565E-08 -9.38971E-19  6.81452E-18
  2.750E-04  5.75917E-12  1.48746E-08  1.22565E-08 -1.03287E-18  7.49597E-18
  3.000E-04  6.85391E-12  1.48746E-08  1.22565E-08 -1.12677E-18  8.17743E-18
  3.250E-04  8.04379E-12  1.48746E-08  1.22565E-08 -1.22066E-18  8.85888E-18
  3.500E-04  9.32893E-12  1.48746E-08  1.22565E-08 -1.31456E-18  9.54033E-18
  3.750E-04  1.07092E-11  1.48746E-08  1.22565E-08 -1.40846E-18  1.02218E-17
  4.000E-04  1.21847E-11  1.48746E-08  1.22565E-08 -1.50235E-18  1.09032E-17
  4.250E-04  1.37554E-11  1.48746E-08  1.22565E-08 -1.59625E-18  1.15847E-17
  4.500E-04  1.54213E-11  1.48746E-08  1.22565E-08 -1.69015E-18  1.22661E-17
  4.750E-04  1.71823E-11  1.48746E-08  1.22565E-08 -1.78405E-18  1.29476E-17
  5.000E-04  1.90386E-11  1.48746E-08  1.22565E-08 -1.87794E-18  1.36290E-17
  5.250E-04  2.09900E-11  1.48746E-08  1.22565E-08 -1.97184E-18  1.43105E-17
  5.500E-04  2.30367E-11  1.48746E-08  1.22565E-08 -2.06574E-18  1.49919E-17
  5.750E-04  2.51785E-11  1.48746E-08  1.22565E-08 -2.15963E-18  1.56734E-17
  6.000E-04  2.74156E-11  1.48746E-08  1.22565E-08 -2.25353E-18  1.63549E-17
  6.250E-04  2.97478E-11  1.48746E-08  1.22565E-08 -2.34743E-18  1.70363E-17
  6.500E-04  3.21752E-11  1.48746E-08  1.22565E-08 -2.44133E-18  1.77178E-17
  6.750E-04  3.46979E-11  1.48746E-08  1.22565E-08 -2.53522E-18  1.83992E-17
  7.000E-04  3.73157E-11  1.48746E-08  1.22565E-08 -2.62912E-18  1.90807E-17
  7.250E-04  4.00286E-11  1.48746E-08  1.22565E-08 -2.72302E-18  1.97621E-17
  7.500E-04  4.28368E-11  1.48746E-08  1.22565E-08 -2.81691E-18  2.04436E-17
  7.750E-04  4.57402E-11  1.48746E-08  1.22565E-08 -2.91081E-18  2.11250E-17
  8.000E-04  4.87388E-11  1.48746E-08  1.22565E-08 -3.00471E-18  2.18065E-17
  8.250E-04  5.18325E-11  1.48746E-08  1.22565E-08 -3.09861E-18  2.24879E-17
  8.500E-04  5.50215E-11  1.48746E-08  1.22565E-08 -3.19250E-18  2.31694E-17
  8.750E-04  5.83057E-11  1.48746E-08  1.22565E-08 -3.28640E-18  2.38508E-17
  9.000E-04  6.16850E-11  1.48746E-08  1.22565E-08 -3.38030E-18  2.45323E-17
  9.250E-04  6.51595E-11  1.48746E-08  1.22565E-08 -3.47419E-18  2.52137E-17
  9.500E-04  6.87293E-11  1.48746E-08  1.22565E-08 -3.56809E-18  2.58952E-17
  9.750E-04  7.23943E-11  1.48746E-08  1.22565E-08 -3.66199E-18  2.65766E-17
  1.000E-03  7.61544E-11  1.48746E-08  1.22565E-08 -3.75589E-18  2.72581E-17
  1.250E-03  1.18991E-10  1.48746E-08  1.22565E-08 -4.69486E-18  3.40726E-17
  1.500E-03  1.71347E-10  1.48746E-08  1.22565E-08 -5.63383E-18  4.08871E-17
  1.750E-03  2.33223E-10  1.48746E-08  1.22565E-08 -6.57280E-18  4.77017E-17
  2.000E-03  3.04617E-10  1.48746E-08  1.22565E-08 -7.51177E-18  5.45162E-17
  2.250E-03  3.85531E-10  1.48746E-08  1.22565E-08 -8.45074E-18  6.13307E-17
  2.500E-03  4.75965E-10  1.48746E-08  1.22565E-08 -9.38971E-18  6.81452E-17
  2.750E-03  5.75917E-10  1.48746E-08  1.22565E-08 -1.03287E-17  7.49597E-17
  3.000E-03  6.85389E-10  1.48746E-08  1.22565E-08 -1.12677E-17  8.17743E-17
  3.250E-03  8.04380E-10  1.48746E-08  1.22565E-08 -1.22066E-17  8.85888E-17
  3.500E-03  9.32891E-10  1.48746E-08  1.22565E-08 -1.31456E-17  9.54033E-17
  3.750E-03  1.07092E-09  1.48746E-08  1.22565E-08 -1.40846E-17  1.02218E-16
  4.000E-03  1.21847E-09  1.48746E-08  1.22565E-08 -1.50235E-17  1.09032E-16
  4.250E-03  1.37554E-09  1.48746E-08  1.22565E-08 -1.59625E-17  1.15847E-16
  4.500E-03  1.54213E-09  1.48746E-08  1.22565E-08 -1.69015E-17  1.22661E-16
  4.750E-03  1.71823E-09  1.48746E-08  1.22565E-08 -1.78405E-17  1.29476E-16
  5.000E-03  1.90386E-09  1.48746E-08  1.22565E-08 -1.87794E-17  1.36290E-16
  5.250E-03  2.09900E-09  1.48746E-08  1.22565E-08 -1.97184E-17  1.43105E-16
  5.500E-03  2.30367E-09  1.48746E-08  1.22565E-08 -2.06574E-17  1.49919E-16
  5.750E-03  2.51785E-09  1.48746E-08  1.22565E-08 -2.15963E-17  1.56734E-16
  6.000E-03  2.74156E-09  1.48746E-08  1.22565E-08 -2.25353E-17  1.63549E-16
  6.250E-03  2.97478E-09  1.48746E-08  1.22565E-08 -2.34743E-17  1.70363E-16
  6.500E-03  3.21752E-09  1.48746E-08  1.22565E-08 -2.44133E-17  1.77178E-16
  6.750E-03  3.46978E-09  1.48746E-08  1.22565E-08 -2.53522E-17  1.83992E-16
  7.000E-03  3.73156E-09  1.48746E-08  1.22565E-08 -2.62912E-17  1.90807E-16
  7.250E-03  4.00286E-09  1.48746E-08  1.22565E-08 -2.72302E-17  1.97621E-16
  7.500E-03  4.28368E-09  1.48746E-08  1.22565E-08 -2.81692E-17  2.04436E-16
  7.750E-03  4.57402E-09  1.48746E-08  1.22565E-08 -2.91081E-17  2.11250E-16
  8.000E-03  4.87388E-09  1.48746E-08  1.22565E-08 -3.00471E-17  2.18065E-16
  8.250E-03  5.18326E-09  1.48746E-08  1.22565E-08 -3.09861E-17  2.24879E-16
  8.500E-03  5.50215E-09  1.48746E-08  1.22565E-08 -3.19250E-17  2.31694E-16
  8.750E-03  5.83057E-09  1.48746E-08  1.22565E-08 -3.28640E-17  2.38508E-16
  9.000E-03  6.16850E-09  1.48746E-08  1.22565E-08 -3.38030E-17  2.45323E-16
  9.250E-03  6.51596E-09  1.48746E-08  1.22565E-08 -3.47420E-17  2.52137E-16
  9.500E-03  6.87293E-09  1.48746E-08  1.22565E-08 -3.56809E-17  2.58952E-16
  9.750E-03  7.23942E-09  1.48746E-08  1.22565E-08 -3.66199E-17  2.65766E-16
  1.000E-02  7.61544E-09  1.48746E-08  1.22565E-08 -3.75589E-17  2.72581E-16
  1.250E-02  1.18991E-08  1.48746E-08  1.22565E-08 -4.69486E-17  3.40726E-16
  1.500E-02  1.71347E-08  1.48746E-08  1.22565E-08 -5.63384E-17  4.08871E-16
  1.750E-02  2.33223E-08  1.48746E-08  1.22565E-08 -6.57282E-17  4.77017E-16
  2.000E-02  3.04617E-08  1.48746E-08  1.22565E-08 -7.51180E-17  5.45162E-16
  2.250E-02  3.85531E-08  1.48746E-08  1.22565E-08 -8.45078E-17  6.13307E-16
  2.500E-02  4.75965E-08  1.48746E-08  1.22565E-08 -9.38977E-17  6.81452E-16
  2.750E-02  5.75917E-08  1.48746E-08  1.22565E-08 -1.03288E-16  7.49597E-16
  3.000E-02  6.85389E-08  1.48746E-08  1.22565E-08 -1.12677E-16  8.17742E-16
  3.250E-02  8.04380E-08  1.48746E-08  1.22565E-08 -1.22067E-16  8.85888E-16
  3.500E-02  9.32891E-08  1.48746E-08  1.22565E-08 -1.31457E-16  9.54033E-16
  3.750E-02  1.07092E-07  1.48746E-08  1.22565E-08 -1.40847E-16  1.02218E-15
  4.000E-02  1.21847E-07  1.48746E-08  1.22565E-08 -1.50238E-16  1.09032E-15
  4.250E-02  1.37554E-07  1.48746E-08  1.22565E-08 -1.59628E-16  1.15847E-15
  4.500E-02  1.54213E-07  1.48746E-08  1.22565E-08 -1.69018E-16  1.22661E-15
  4.750E-02  1.71823E-07  1.48746E-08  1.22565E-08 -1.78408E-16  1.29476E-15
  5.000E-02  1.90386E-07  1.48746E-08  1.22565E-08 -1.87798E-16  1.36290E-15
  5.250E-02  2.09900E-07  1.48746E-08  1.22565E-08 -1.97189E-16  1.43105E-15
  5.500E-02  2.30367E-07  1.48746E-08  1.22565E-08 -2.06579E-16  1.49919E-15
  5.750E-02  2.51785E-07  1.48746E-08  1.22565E-08 -2.15970E-16  1.56734E-15
  6.000E-02  2.74156E-07  1.48745E-08  1.22565E-08 -2.25360E-16  1.63548E-15
  6.250E-02  2.97478E-07  1.48745E-08  1.22565E-08 -2.34751E-16  1.70363E-15
  6.500E-02  3.21752E-07  1.48745E-08  1.22565E-08 -2.44142E-16  1.77177E-15
  6.750E-02  3.46978E-07  1.48745E-08  1.22565E-08 -2.53533E-16  1.83992E-15
  7.000E-02  3.73156E-07  1.48745E-08  1.22565E-08 -2.62923E-16  1.90806E-15
  7.250E-02  4.00286E-07  1.48745E-08  1.22565E-08 -2.72314E-16  1.97621E-15
  7.500E-02  4.28368E-07  1.48745E-08  1.22565E-08 -2.81706E-16  2.04435E-15
  7.750E-02  4.57402E-07  1.48745E-08  1.22565E-08 -2.91097E-16  2.11250E-15
  8.000E-02  4.87388E-07  1.48745E-08  1.22565E-08 -3.00488E-16  2.18064E-15
  8.250E-02  5.18325E-07  1.48745E-08  1.22565E-08 -3.09879E-16  2.24879E-15
  8.500E-02  5.50215E-07  1.48745E-08  1.22564E-08 -3.19271E-16  2.31693E-15
  8.750E-02  5.83057E-07  1.48745E-08  1.22564E-08 -3.28662E-16  2.38508E-15
  9.000E-02  6.16850E-07  1.48745E-08  1.22564E-08 -3.38054E-16  2.45322E-15
  9.250E-02  6.51596E-07  1.48744E-08  1.22564E-08 -3.47446E-16  2.52137E-15
  9.500E-02  6.87293E-07  1.48744E-08  1.22564E-08 -3.56838E-16  2.58951E-15
  9.750E-02  7.23942E-07  1.48744E-08  1.22564E-08 -3.66230E-16  2.65766E-15
  1.000E-01  7.61543E-07  1.48744E-08  1.22564E-08 -3.75622E-16  2.72580E-15
  1.250E-01  1.18991E-06  1.48743E-08  1.22564E-08 -4.69551E-16  3.40724E-15
  1.500E-01  1.71347E-06  1.48742E-08  1.22564E-08 -5.63496E-16  4.08868E-15
  1.750E-01  2.33223E-06  1.48740E-08  1.22563E-08 -6.57459E-16  4.77012E-15
  2.000E-01  3.04617E-06  1.48738E-08  1.22563E-08 -7.51445E-16  5.45154E-15
  2.250E-01  3.85531E-06  1.48736E-08  1.22562E-08 -8.45456E-16  6.13297E-15
  2.500E-01  4.75964E-06  1.48733E-08  1.22562E-08 -9.39494E-16  6.81438E-15
  2.750E-01  5.75916E-06  1.48730E-08  1.22561E-08 -1.03356E-15  7.49578E-15
  3.000E-01  6.85388E-06  1.48727E-08  1.22560E-08 -1.12767E-15  8.17718E-15
  3.250E-01  8.04378E-06  1.48724E-08  1.22560E-08 -1.22181E-15  8.85856E-15
  3.500E-01  9.32888E-06  1.48720E-08  1.22559E-08 -1.31600E-15  9.53994E-15
  3.750E-01  1.07092E-05  1.48717E-08  1.22558E-08 -1.41022E-15  1.02213E-14
  4.000E-01  1.21846E-05  1.48713E-08  1.22557E-08 -1.50450E-15  1.09026E-14
  4.250E-01  1.37553E-05  1.48708E-08  1.22556E-08 -1.59882E-15  1.15840E-14
  4.500E-01  1.54212E-05  1.48704E-08  1.22555E-08 -1.69320E-15  1.22653E-14
  4.750E-01  1.71822E-05  1.48699E-08  1.22554E-08 -1.78763E-15  1.29466E-14
  5.000E-01  1.90385E-05  1.48694E-08  1.22553E-08 -1.88213E-15  1.36279E-14
  5.250E-01  2.09899E-05  1.48688E-08  1.22551E-08 -1.97668E-15  1.43092E-14
  5.500E-01  2.30365E-05  1.48682E-08  1.22550E-08 -2.07131E-15  1.49904E-14
  5.750E-01  2.51783E-05  1.48677E-08  1.22549E-08 -2.16600E-15  1.56717E-14
  6.000E-01  2.74153E-05  1.48670E-08  1.22547E-08 -2.26076E-15  1.63529E-14
  6.250E-01  2.97475E-05  1.48664E-08  1.22546E-08 -2.35560E-15  1.70341E-14
  6.500E-01  3.21749E-05  1.48657E-08  1.22544E-08 -2.45052E-15  1.77152E-14
  6.750E-01  3.46974E-05  1.48650E-08  1.22543E-08 -2.54552E-15  1.83964E-14
  7.000E-01  3.73152E-05  1.48643E-08  1.22541E-08 -2.64060E-15  1.90775E-14
  7.250E-01  4.00281E-05  1.48635E-08  1.22539E-08 -2.73577E-15  1.97586E-14
  7.500E-01  4.28362E-05  1.48628E-08  1.22537E-08 -2.83103E-15  2.04397E-14
  7.750E-01  4.57395E-05  1.48620E-08  1.22536E-08 -2.92639E-15  2.11208E-14
  8.000E-01  4.87380E-05  1.48611E-08  1.22534E-08 -3.02184E-15  2.18018E-14
  8.250E-01  5.18317E-05  1.48603E-08  1.22532E-08 -3.11740E-15  2.24828E-14
  8.500E-01  5.50205E-05  1.48594E-08  1.22530E-08 -3.21305E-15  2.31638E-14
  8.750E-01  5.83045E-05  1.48585E-08  1.22528E-08 -3.30882E-15  2.38447E-14
  9.000E-01  6.16838E-05  1.48576E-08  1.22525E-08 -3.40469E-15  2.45256E-14
  9.250E-01  6.51582E-05  1.48566E-08  1.22523E-08 -3.50068E-15  2.52065E-14
  9.500E-01  6.87277E-05  1.48556E-08  1.22521E-08 -3.59678E-15  2.58873E-14
  9.750E-01  7.23925E-05  1.48546E-08  1.22519E-08 -3.69300E-15  2.65681E-14
  1.000E+00  7.61524E-05  1.48535E-08  1.22516E-08 -3.78934E-15  2.72489E-14
  1.100E+00  9.21439E-05  1.48491E-08  1.22506E-08 -4.17600E-15  2.99717E-14
  1.200E+00  1.09658E-04  1.48443E-08  1.22495E-08 -4.56486E-15  3.26939E-14
  1.300E+00  1.28695E-04  1.48390E-08  1.22483E-08 -4.95612E-15  3.54154E-14
  1.400E+00  1.49255E-04  1.48333E-08  1.22470E-08 -5.34998E-15  3.81362E-14
  1.500E+00  1.71338E-04  1.48272E-08  1.22455E-08 -5.74664E-15  4.08562E-14
  1.600E+00  1.94942E-04  1.48207E-08  1.22440E-08 -6.14629E-15  4.35754E-14
  1.700E+00  2.20070E-04  1.48138E-08  1.22424E-08 -6.54914E-15  4.62938E-14
  1.800E+00  2.46720E-04  1.48064E-08  1.22407E-08 -6.95538E-15  4.90112E-14
  1.900E+00  2.74892E-04  1.47987E-08  1.22389E-08 -7.36521E-15  5.17276E-14
  2.000E+00  3.04586E-04  1.47905E-08  1.22370E-08 -7.77882E-15  5.44429E-14
  2.100E+00  3.35803E-04  1.47819E-08  1.22350E-08 -8.19641E-15  5.71572E-14
  2.200E+00  3.68542E-04  1.47729E-08  1.22330E-08 -8.61817E-15  5.98703E-14
  2.300E+00  4.02802E-04  1.47635E-08  1.22308E-08 -9.04430E-15  6.25822E-14
  2.400E+00  4.38585E-04  1.47536E-08  1.22285E-08 -9.47499E-15  6.52929E-14
  2.500E+00  4.75889E-04  1.47434E-08  1.22261E-08 -9.91043E-15  6.80022E-14
  2.600E+00  5.14715E-04  1.47327E-08  1.22236E-08 -1.03508E-14  7.07102E-14
  2.700E+00  5.55063E-04  1.47217E-08  1.22211E-08 -1.07963E-14  7.34167E-14
  2.800E+00  5.96931E-04  1.47102E-08  1.22184E-08 -1.12472E-14  7.61218E-14
  2.900E+00  6.40321E-04  1.46983E-08  1.22156E-08 -1.17035E-14  7.88253E-14
  3.000E+00  6.85233E-04  1.46860E-08  1.22128E-08 -1.21656E-14  8.15273E-14
  3.100E+00  7.31665E-04  1.46733E-08  1.22098E-08 -1.26336E-14  8.42276E-14
  3.200E+00  7.79618E-04  1.46603E-08  1.22068E-08 -1.31076E-14  8.69262E-14
  3.300E+00  8.29092E-04  1.46468E-08  1.22036E-08 -1.35879E-14  8.96230E-14
  3.400E+00  8.80086E-04  1.46329E-08  1.22004E-08 -1.40747E-14  9.23181E-14
  3.500E+00  9.32601E-04  1.46186E-08  1.21970E-08 -1.45681E-14  9.50113E-14
  3.600E+00  9.86636E-04  1.46039E-08  1.21936E-08 -1.50683E-14  9.77026E-14
  3.700E+00  1.04219E-03  1.45888E-08  1.21900E-08 -1.55756E-14  1.00392E-13
  3.800E+00  1.09927E-03  1.45733E-08  1.21864E-08 -1.60900E-14  1.03079E-13
  3.900E+00  1.15786E-03  1.45574E-08  1.21827E-08 -1.66117E-14  1.05764E-13
  4.000E+00  1.21797E-03  1.45411E-08  1.21789E-08 -1.71411E-14  1.08448E-13
  4.100E+00  1.27961E-03  1.45244E-08  1.21749E-08 -1.76781E-14  1.11128E-13
  4.200E+00  1.34276E-03  1.45073E-08  1.21709E-08 -1.82231E-14  1.13807E-13
  4.300E+00  1.40743E-03  1.44899E-08  1.21668E-08 -1.87761E-14  1.16484E-13
  4.400E+00  1.47362E-03  1.44720E-08  1.21626E-08 -1.93374E-14  1.19158E-13
  4.500E+00  1.54133E-03  1.44538E-08  1.21583E-08 -1.99070E-14  1.21829E-13
  4.600E+00  1.61056E-03  1.44352E-08  1.21539E-08 -2.04853E-14  1.24499E-13
  4.700E+00  1.68131E-03  1.44162E-08  1.21494E-08 -2.10724E-14  1.27165E-13
  4.800E+00  1.75357E-03  1.43968E-08  1.21448E-08 -2.16684E-14  1.29829E-13
  4.900E+00  1.82735E-03  1.43770E-08  1.21402E-08 -2.22735E-14  1.32491E-13
  5.000E+00  1.90265E-03  1.43569E-08  1.21354E-08 -2.28879E-14  1.35150E-13
  5.100E+00  1.97947E-03  1.43364E-08  1.21305E-08 -2.35118E-14  1.37806E-13
  5.200E+00  2.05780E-03  1.43155E-08  1.21256E-08 -2.41452E-14  1.40460E-13
  5.300E+00  2.13765E-03  1.42942E-08  1.21205E-08 -2.47884E-14  1.43110E-13
  5.400E+00  2.21902E-03  1.42726E-08  1.21153E-08 -2.54416E-14  1.45758E-13
  5.500E+00  2.30190E-03  1.42505E-08  1.21101E-08 -2.61048E-14  1.48403E-13
  5.600E+00  2.38630E-03  1.42282E-08  1.21048E-08 -2.67783E-14  1.51045E-13
  5.700E+00  2.47222E-03  1.42054E-08  1.20993E-08 -2.74622E-14  1.53683E-13
  5.800E+00  2.55965E-03  1.41823E-08  1.20938E-08 -2.81567E-14  1.56319E-13
  5.900E+00  2.64859E-03  1.41588E-08  1.20882E-08 -2.88619E-14  1.58952E-13
  6.000E+00  2.73905E-03  1.41350E-08  1.20825E-08 -2.95779E-14  1.61581E-13
  6.100E+00  2.83103E-03  1.41108E-08  1.20766E-08 -3.03050E-14  1.64207E-13
  6.200E+00  2.92452E-03  1.40863E-08  1.20707E-08 -3.10433E-14  1.66830E-13
  6.300E+00  3.01952E-03  1.40614E-08  1.20647E-08 -3.17929E-14  1.69450E-13
  6.400E+00  3.11604E-03  1.40361E-08  1.20587E-08 -3.25540E-14  1.72066E-13
  6.500E+00  3.21407E-03  1.40105E-08  1.20525E-08 -3.33267E-14  1.74679E-13
  6.600E+00  3.31362E-03  1.39846E-08  1.20462E-08 -3.41112E-14  1.77288E-13
  6.700E+00  3.41468E-03  1.39583E-08  1.20398E-08 -3.49075E-14  1.79894E-13
  6.800E+00  3.51725E-03  1.39316E-08  1.20334E-08 -3.57160E-14  1.82496E-13
  6.900E+00  3.62133E-03  1.39047E-08  1.20268E-08 -3.65366E-14  1.85094E-13
  7.000E+00  3.72692E-03  1.38773E-08  1.20202E-08 -3.73695E-14  1.87689E-13
  7.100E+00  3.83403E-03  1.38497E-08  1.20134E-08 -3.82150E-14  1.90280E-13
  7.200E+00  3.94265E-03  1.38217E-08  1.20066E-08 -3.90730E-14  1.92867E-13
  7.300E+00  4.05278E-03  1.37934E-08  1.19997E-08 -3.99437E-14  1.95451E-13
  7.400E+00  4.16442E-03  1.37647E-08  1.19926E-08 -4.08273E-14  1.98030E-13
  7.500E+00  4.27757E-03  1.37357E-08  1.19855E-08 -4.17239E-14  2.00606E-13
  7.600E+00  4.39223E-03  1.37064E-08  1.19783E-08 -4.26336E-14  2.03177E-13
  7.700E+00  4.50840E-03  1.36768E-08  1.19711E-08 -4.35566E-14  2.05745E-13
  7.800E+00  4.62608E-03  1.36468E-08  1.19637E-08 -4.44929E-14  2.08308E-13
  7.900E+00  4.74527E-03  1.36165E-08  1.19562E-08 -4.54427E-14  2.10868E-13
  8.000E+00  4.86597E-03  1.35859E-08  1.19486E-08 -4.64062E-14  2.13423E-13
  8.100E+00  4.98817E-03  1.35550E-08  1.19410E-08 -4.73834E-14  2.15973E-13
  8.200E+00  5.11188E-03  1.35238E-08  1.19332E-08 -4.83744E-14  2.18520E-13
  8.300E+00  5.23711E-03  1.34923E-08  1.19254E-08 -4.93794E-14  2.21062E-13
  8.400E+00  5.36383E-03  1.34605E-08  1.19175E-08 -5.03984E-14  2.23600E-13
  8.500E+00  5.49207E-03  1.34283E-08  1.19095E-08 -5.14317E-14  2.26133E-13
  8.600E+00  5.62181E-03  1.33959E-08  1.19013E-08 -5.24793E-14  2.28662E-13
  8.700E+00  5.75306E-03  1.33632E-08  1.18932E-08 -5.35412E-14  2.31186E-13
  8.800E+00  5.88581E-03  1.33301E-08  1.18849E-08 -5.46177E-14  2.33706E-13
  8.900E+00  6.02007E-03  1.32968E-08  1.18765E-08 -5.57088E-14  2.36221E-13
  9.000E+00  6.15583E-03  1.32632E-08  1.18680E-08 -5.68147E-14  2.38731E-13
  9.100E+00  6.29310E-03  1.32293E-08  1.18595E-08 -5.79353E-14  2.41237E-13
  9.200E+00  6.43187E-03  1.31951E-08  1.18508E-08 -5.90709E-14  2.43738E-13
  9.300E+00  6.57214E-03  1.31606E-08  1.18421E-08 -6.02215E-14  2.46234E-13
  9.400E+00  6.71392E-03  1.31258E-08  1.18333E-08 -6.13873E-14  2.48725E-13
  9.500E+00  6.85720E-03  1.30908E-08  1.18244E-08 -6.25682E-14  2.51211E-13
  9.600E+00  7.00198E-03  1.30555E-08  1.18154E-08 -6.37644E-14  2.53692E-13
  9.700E+00  7.14827E-03  1.30199E-08  1.18063E-08 -6.49761E-14  2.56169E-13
  9.800E+00  7.29605E-03  1.29841E-08  1.17971E-08 -6.62032E-14  2.58640E-13
  9.900E+00  7.44534E-03  1.29479E-08  1.17879E-08 -6.74459E-14  2.61106E-13
  1.000E+01  7.59612E-03  1.29115E-08  1.17785E-08 -6.87042E-14  2.63567E-13
  1.025E+01  7.97965E-03  1.28194E-08  1.17548E-08 -7.19190E-14  2.69696E-13
  1.050E+01  8.37255E-03  1.27257E-08  1.17305E-08 -7.52335E-14  2.75792E-13
  1.075E+01  8.77480E-03  1.26304E-08  1.17056E-08 -7.86486E-14  2.81854E-13
  1.100E+01  9.18641E-03  1.25336E-08  1.16803E-08 -8.21656E-14  2.87882E-13
  1.125E+01  9.60736E-03  1.24354E-08  1.16544E-08 -8.57855E-14  2.93874E-13
  1.150E+01  1.00376E-02  1.23357E-08  1.16279E-08 -8.95091E-14  2.99830E-13
  1.175E+01  1.04773E-02  1.22346E-08  1.16010E-08 -9.33374E-14  3.05749E-13
  1.200E+01  1.09262E-02  1.21322E-08  1.15735E-08 -9.72712E-14  3.11630E-13
  1.225E+01  1.13844E-02  1.20285E-08  1.15455E-08 -1.01311E-13  3.17474E-13
  1.250E+01  1.18520E-02  1.19235E-08  1.15170E-08 -1.05458E-13  3.23279E-13
  1.275E+01  1.23288E-02  1.18174E-08  1.14880E-08 -1.09712E-13  3.29044E-13
  1.300E+01  1.28150E-02  1.17100E-08  1.14584E-08 -1.14074E-13  3.34769E-13
  1.325E+01  1.33104E-02  1.16016E-08  1.14284E-08 -1.18545E-13  3.40454E-13
  1.350E+01  1.38150E-02  1.14920E-08  1.13979E-08 -1.23125E-13  3.46097E-13
  1.375E+01  1.43290E-02  1.13814E-08  1.13668E-08 -1.27813E-13  3.51698E-13
  1.400E+01  1.48521E-02  1.12699E-08  1.13353E-08 -1.32611E-13  3.57256E-13
  1.425E+01  1.53845E-02  1.11574E-08  1.13033E-08 -1.37518E-13  3.62771E-13
  1.450E+01  1.59262E-02  1.10439E-08  1.12708E-08 -1.42535E-13  3.68242E-13
  1.475E+01  1.64770E-02  1.09297E-08  1.12378E-08 -1.47662E-13  3.73669E-13
  1.500E+01  1.70371E-02  1.08145E-08  1.12043E-08 -1.52899E-13  3.79051E-13
  1.525E+01  1.76063E-02  1.06987E-08  1.11704E-08 -1.58245E-13  3.84387E-13
  1.550E+01  1.81848E-02  1.05820E-08  1.11360E-08 -1.63700E-13  3.89677E-13
  1.575E+01  1.87724E-02  1.04647E-08  1.11011E-08 -1.69265E-13  3.94920E-13
  1.600E+01  1.93692E-02  1.03467E-08  1.10658E-08 -1.74938E-13  4.00116E-13
  1.625E+01  1.99751E-02  1.02282E-08  1.10300E-08 -1.80721E-13  4.05264E-13
  1.650E+01  2.05901E-02  1.01090E-08  1.09937E-08 -1.86612E-13  4.10364E-13
  1.675E+01  2.12143E-02  9.98932E-09  1.09570E-08 -1.92610E-13  4.15414E-13
  1.700E+01  2.18476E-02  9.86914E-09  1.09199E-08 -1.98716E-13  4.20415E-13
  1.725E+01  2.24900E-02  9.74851E-09  1.08823E-08 -2.04929E-13  4.25367E-13
  1.750E+01  2.31415E-02  9.62746E-09  1.08443E-08 -2.11249E-13  4.30267E-13
  1.775E+01  2.38021E-02  9.50604E-09  1.08059E-08 -2.17674E-13  4.35117E-13
  1.800E+01  2.44717E-02  9.38428E-09  1.07670E-08 -2.24204E-13  4.39915E-13
  1.825E+01  2.51504E-02  9.26221E-09  1.07277E-08 -2.30838E-13  4.44662E-13
  1.850E+01  2.58382E-02  9.13988E-09  1.06880E-08 -2.37576E-13  4.49356E-13
  1.875E+01  2.65349E-02  9.01733E-09  1.06479E-08 -2.44417E-13  4.53997E-13
  1.900E+01  2.72407E-02  8.89458E-09  1.06074E-08 -2.51359E-13  4.58585E-13
  1.925E+01  2.79555E-02  8.77168E-09  1.05665E-08 -2.58403E-13  4.63119E-13
  1.950E+01  2.86793E-02  8.64865E-09  1.05252E-08 -2.65547E-13  4.67599E-13
  1.975E+01  2.94120E-02  8.52553E-09  1.04835E-08 -2.72789E-13  4.72024E-13
  2.000E+01  3.01537E-02  8.40236E-09  1.04414E-08 -2.80130E-13  4.76395E-13
  2.025E+01  3.09043E-02  8.27917E-09  1.03989E-08 -2.87568E-13  4.80710E-13
  2.050E+01  3.16639E-02  8.15598E-09  1.03560E-08 -2.95102E-13  4.84969E-13
  2.075E+01  3.24324E-02  8.03284E-09  1.03128E-08 -3.02730E-13  4.89172E-13
  2.100E+01  3.32098E-02  7.90977E-09  1.02692E-08 -3.10453E-13  4.93319E-13
  2.125E+01  3.39961E-02  7.78680E-09  1.02252E-08 -3.18268E-13  4.97408E-13
  2.150E+01  3.47912E-02  7.66397E-09  1.01809E-08 -3.26174E-13  5.01441E-13
  2.175E+01  3.55952E-02  7.54129E-09  1.01362E-08 -3.34170E-13  5.05416E-13
  2.200E+01  3.64081E-02  7.41881E-09  1.00912E-08 -3.42256E-13  5.09333E-13
  2.225E+01  3.72297E-02  7.29654E-09  1.00458E-08 -3.50429E-13  5.13191E-13
  2.250E+01  3.80602E-02  7.17452E-09  1.00001E-08 -3.58688E-13  5.16991E-13
  2.275E+01  3.88995E-02  7.05277E-09  9.95407E-09 -3.67032E-13  5.20732E-13
  2.300E+01  3.97476E-02  6.93132E-09  9.90770E-09 -3.75460E-13  5.24414E-13
  2.325E+01  4.06044E-02  6.81019E-09  9.86100E-09 -3.83970E-13  5.28037E-13
  2.350E+01  4.14700E-02  6.68941E-09  9.81398E-09 -3.92561E-13  5.31600E-13
  2.375E+01  4.23443E-02  6.56900E-09  9.76666E-09 -4.01232E-13  5.35103E-13
  2.400E+01  4.32273E-02  6.44899E-09  9.71902E-09 -4.09981E-13  5.38545E-13
  2.425E+01  4.41190E-02  6.32939E-09  9.67108E-09 -4.18806E-13  5.41927E-13
  2.450E+01  4.50194E-02  6.21024E-09  9.62284E-09 -4.27707E-13  5.45248E-13
  2.475E+01  4.59284E-02  6.09154E-09  9.57431E-09 -4.36681E-13  5.48509E-13
  2.500E+01  4.68461E-02  5.97334E-09  9.52549E-09 -4.45728E-13  5.51708E-13
  2.550E+01  4.87074E-02  5.73845E-09  9.42701E-09 -4.64033E-13  5.57922E-13
  2.600E+01  5.06030E-02  5.50573E-09  9.32743E-09 -4.82609E-13  5.63888E-13
  2.650E+01  5.25328E-02  5.27533E-09  9.22681E-09 -5.01445E-13  5.69606E-13
  2.700E+01  5.44967E-02  5.04739E-09  9.12518E-09 -5.20528E-13  5.75074E-13
  2.750E+01  5.64946E-02  4.82203E-09  9.02258E-09 -5.39847E-13  5.80291E-13
  2.800E+01  5.85262E-02  4.59938E-09  8.91905E-09 -5.59388E-13  5.85256E-13
  2.850E+01  6.05914E-02  4.37955E-09  8.81464E-09 -5.79140E-13  5.89968E-13
  2.900E+01  6.26901E-02  4.16263E-09  8.70938E-09 -5.99091E-13  5.94427E-13
  2.950E+01  6.48222E-02  3.94873E-09  8.60331E-09 -6.19228E-13  5.98631E-13
  3.000E+01  6.69873E-02  3.73793E-09  8.49649E-09 -6.39540E-13  6.02581E-13
  3.050E+01  6.91854E-02  3.53032E-09  8.38894E-09 -6.60013E-13  6.06277E-13
  3.100E+01  7.14163E-02  3.32596E-09  8.28070E-09 -6.80637E-13  6.09717E-13
  3.150E+01  7.36799E-02  3.12492E-09  8.17182E-09 -7.01398E-13  6.12903E-13
  3.200E+01  7.59760E-02  2.92726E-09  8.06234E-09 -7.22287E-13  6.15834E-13
  3.250E+01  7.83043E-02  2.73303E-09  7.95230E-09 -7.43290E-13  6.18511E-13
  3.300E+01  8.06647E-02  2.54229E-09  7.84172E-09 -7.64396E-13  6.20933E-13
  3.350E+01  8.30571E-02  2.35506E-09  7.73067E-09 -7.85594E-13  6.23103E-13
  3.400E+01  8.54812E-02  2.17138E-09  7.61916E-09 -8.06873E-13  6.25019E-13
  3.450E+01  8.79369E-02  1.99129E-09  7.50724E-09 -8.28222E-13  6.26683E-13
  3.500E+01  9.04240E-02  1.81481E-09  7.39495E-09 -8.49629E-13  6.28097E-13
  3.550E+01  9.29422E-02  1.64195E-09  7.28233E-09 -8.71085E-13  6.29260E-13
  3.600E+01  9.54915E-02  1.47274E-09  7.16940E-09 -8.92578E-13  6.30174E-13
  3.650E+01  9.80716E-02  1.30718E-09  7.05622E-09 -9.14098E-13  6.30841E-13
  3.700E+01  1.00682E-01  1.14527E-09  6.94281E-09 -9.35636E-13  6.31262E-13
  3.750E+01  1.03323E-01  9.87030E-10  6.82921E-09 -9.57182E-13  6.31437E-13
  3.800E+01  1.05995E-01  8.32444E-10  6.71545E-09 -9.78725E-13  6.31370E-13
  3.850E+01  1.08696E-01  6.81512E-10  6.60158E-09 -1.00026E-12  6.31061E-13
  3.900E+01  1.11427E-01  5.34225E-10  6.48761E-09 -1.02177E-12  6.30512E-13
  3.950E+01  1.14188E-01  3.90571E-10  6.37360E-09 -1.04325E-12  6.29725E-13
  4.000E+01  1.16978E-01  2.50535E-10  6.25956E-09 -1.06469E-12  6.28703E-13
  4.050E+01  1.19797E-01  1.14101E-10  6.14554E-09 -1.08608E-12  6.27446E-13
  4.100E+01  1.22645E-01 -1.87522E-11  6.03157E-09 -1.10742E-12  6.25958E-13
  4.150E+01  1.25522E-01 -1.48046E-10  5.91767E-09 -1.12870E-12  6.24241E-13
  4.200E+01  1.28428E-01 -2.73805E-10  5.80388E-09 -1.14990E-12  6.22296E-13
  4.250E+01  1.31361E-01 -3.96057E-10  5.69022E-09 -1.17102E-12  6.20127E-13
  4.300E+01  1.34323E-01 -5.14829E-10  5.57674E-09 -1.19206E-12  6.17736E-13
  4.350E+01  1.37313E-01 -6.30152E-10  5.46345E-09 -1.21300E-12  6.15125E-13
  4.400E+01  1.40330E-01 -7.42059E-10  5.35039E-09 -1.23384E-12  6.12298E-13
  4.450E+01  1.43375E-01 -8.50582E-10  5.23758E-09 -1.25457E-12  6.09256E-13
  4.500E+01  1.46447E-01 -9.55757E-10  5.12505E-09 -1.27518E-12  6.06003E-13
  4.550E+01  1.49545E-01 -1.05762E-09  5.01283E-09 -1.29567E-12  6.02541E-13
  4.600E+01  1.52671E-01 -1.15621E-09  4.90095E-09 -1.31604E-12  5.98873E-13
  4.650E+01  1.55823E-01 -1.25156E-09  4.78943E-09 -1.33627E-12  5.95003E-13
  4.700E+01  1.59001E-01 -1.34372E-09  4.67829E-09 -1.35635E-12  5.90933E-13
  4.750E+01  1.62205E-01 -1.43272E-09  4.56757E-09 -1.37630E-12  5.86667E-13
  4.800E+01  1.65435E-01 -1.51860E-09  4.45727E-09 -1.39609E-12  5.82207E-13
  4.850E+01  1.68690E-01 -1.60142E-09  4.34744E-09 -1.41572E-12  5.77557E-13
  4.900E+01  1.71970E-01 -1.68120E-09  4.23809E-09 -1.43519E-12  5.72720E-13
  4.950E+01  1.75276E-01 -1.75799E-09  4.12924E-09 -1.45450E-12  5.67699E-13
  5.000E+01  1.78606E-01 -1.83185E-09  4.02091E-09 -1.47363E-12  5.62498E-13
  5.050E+01  1.81961E-01 -1.90280E-09  3.91313E-09 -1.49258E-12  5.57120E-13
  5.100E+01  1.85340E-01 -1.97089E-09  3.80591E-09 -1.51136E-12  5.51568E-13
  5.150E+01  1.88743E-01 -2.03618E-09  3.69928E-09 -1.52994E-12  5.45845E-13
  5.200E+01  1.92169E-01 -2.09870E-09  3.59325E-09 -1.54834E-12  5.39956E-13
  5.250E+01  1.95619E-01 -2.15849E-09  3.48785E-09 -1.56654E-12  5.33904E-13
  5.300E+01  1.99092E-01 -2.21561E-09  3.38308E-09 -1.58455E-12  5.27692E-13
  5.350E+01  2.02589E-01 -2.27010E-09  3.27898E-09 -1.60235E-12  5.21324E-13
  5.400E+01  2.06107E-01 -2.32200E-09  3.17555E-09 -1.61995E-12  5.14803E-13
  5.450E+01  2.09649E-01 -2.37137E-09  3.07281E-09 -1.63734E-12  5.08133E-13
  5.500E+01  2.13212E-01 -2.41823E-09  2.97078E-09 -1.65452E-12  5.01318E-13
  5.550E+01  2.16797E-01 -2.46264E-09  2.86947E-09 -1.67148E-12  4.94360E-13
  5.600E+01  2.20404E-01 -2.50465E-09  2.76890E-09 -1.68822E-12  4.87265E-13
  5.650E+01  2.24032E-01 -2.54430E-09  2.66907E-09 -1.70474E-12  4.80035E-13
  5.700E+01  2.27680E-01 -2.58162E-09  2.57002E-09 -1.72104E-12  4.72674E-13
  5.750E+01  2.31350E-01 -2.61668E-09  2.47174E-09 -1.73711E-12  4.65186E-13
  5.800E+01  2.35040E-01 -2.64950E-09  2.37425E-09 -1.75296E-12  4.57575E-13
  5.850E+01  2.38751E-01 -2.68014E-09  2.27756E-09 -1.76857E-12  4.49843E-13
  5.900E+01  2.42481E-01 -2.70864E-09  2.18168E-09 -1.78395E-12  4.41996E-13
  5.950E+01  2.46231E-01 -2.73504E-09  2.08663E-09 -1.79909E-12  4.34036E-13
  6.000E+01  2.50000E-01 -2.75938E-09  1.99241E-09 -1.81399E-12  4.25967E-13
  6.050E+01  2.53788E-01 -2.78170E-09  1.89904E-09 -1.82866E-12  4.17794E-13
  6.100E+01  2.57595E-01 -2.80206E-09  1.80652E-09 -1.84308E-12  4.09519E-13
  6.150E+01  2.61421E-01 -2.82048E-09  1.71486E-09 -1.85726E-12  4.01146E-13
  6.200E+01  2.65264E-01 -2.83702E-09  1.62407E-09 -1.87119E-12  3.92679E-13
  6.250E+01  2.69126E-01 -2.85170E-09  1.53416E-09 -1.88488E-12  3.84122E-13
  6.300E+01  2.73005E-01 -2.86458E-09  1.44513E-09 -1.89832E-12  3.75478E-13
  6.350E+01  2.76901E-01 -2.87569E-09  1.35700E-09 -1.91151E-12  3.66751E-13
  6.400E+01  2.80814E-01 -2.88507E-09  1.26976E-09 -1.92445E-12  3.57945E-13
  6.450E+01  2.84744E-01 -2.89276E-09  1.18343E-09 -1.93714E-12  3.49062E-13
  6.500E+01  2.88691E-01 -2.89880E-09  1.09802E-09 -1.94958E-12  3.40108E-13
  6.550E+01  2.92653E-01 -2.90323E-09  1.01351E-09 -1.96176E-12  3.31085E-13
  6.600E+01  2.96632E-01 -2.90609E-09  9.29932E-10 -1.97369E-12  3.21997E-13
  6.650E+01  3.00625E-01 -2.90740E-09  8.47276E-10 -1.98536E-12  3.12848E-13
  6.700E+01  3.04634E-01 -2.90722E-09  7.65548E-10 -1.99678E-12  3.03641E-13
  6.750E+01  3.08658E-01 -2.90557E-09  6.84752E-10 -2.00794E-12  2.94379E-13
  6.800E+01  3.12697E-01 -2.90249E-09  6.04893E-10 -2.01885E-12  2.85067E-13
  6.850E+01  3.16749E-01 -2.89802E-09  5.25971E-10 -2.02949E-12  2.75707E-13
  6.900E+01  3.20816E-01 -2.89219E-09  4.47991E-10 -2.03988E-12  2.66303E-13
  6.950E+01  3.24896E-01 -2.88504E-09  3.70953E-10 -2.05001E-12  2.56859E-13
  7.000E+01  3.28990E-01 -2.87659E-09  2.94860E-10 -2.05989E-12  2.47377E-13
  7.050E+01  3.33097E-01 -2.86689E-09  2.19712E-10 -2.06950E-12  2.37862E-13
  7.100E+01  3.37216E-01 -2.85597E-09  1.45512E-10 -2.07885E-12  2.28316E-13
  7.150E+01  3.41348E-01 -2.84385E-09  7.22586E-11 -2.08795E-12  2.18744E-13
  7.200E+01  3.45492E-01 -2.83058E-09 -4.68714E-14 -2.09679E-12  2.09147E-13
  7.250E+01  3.49647E-01 -2.81618E-09 -7.14045E-11 -2.10536E-12  1.99530E-13
  7.300E+01  3.53814E-01 -2.80068E-09 -1.41815E-10 -2.11368E-12  1.89896E-13
  7.350E+01  3.57992E-01 -2.78411E-09 -2.11278E-10 -2.12175E-12  1.80247E-13
  7.400E+01  3.62181E-01 -2.76651E-09 -2.79796E-10 -2.12955E-12  1.70588E-13
  7.450E+01  3.66381E-01 -2.74791E-09 -3.47368E-10 -2.13709E-12  1.60921E-13
  7.500E+01  3.70590E-01 -2.72832E-09 -4.13998E-10 -2.14438E-12  1.51249E-13
  7.550E+01  3.74810E-01 -2.70779E-09 -4.79686E-10 -2.15141E-12  1.41576E-13
  7.600E+01  3.79039E-01 -2.68634E-09 -5.44435E-10 -2.15819E-12  1.31904E-13
  7.650E+01  3.83277E-01 -2.66399E-09 -6.08246E-10 -2.16470E-12  1.22237E-13
  7.700E+01  3.87524E-01 -2.64078E-09 -6.71123E-10 -2.17097E-12  1.12577E-13
  7.750E+01  3.91780E-01 -2.61673E-09 -7.33069E-10 -2.17697E-12  1.02927E-13
  7.800E+01  3.96044E-01 -2.59187E-09 -7.94085E-10 -2.18272E-12  9.32908E-14
  7.850E+01  4.00316E-01 -2.56622E-09 -8.54176E-10 -2.18822E-12  8.36706E-14
  7.900E+01  4.04596E-01 -2.53981E-09 -9.13345E-10 -2.19347E-12  7.40694E-14
  7.950E+01  4.08882E-01 -2.51266E-09 -9.71596E-10 -2.19846E-12  6.44900E-14
  8.000E+01  4.13176E-01 -2.48481E-09 -1.02893E-09 -2.20320E-12  5.49351E-14
  8.050E+01  4.17476E-01 -2.45626E-09 -1.08536E-09 -2.20769E-12  4.54074E-14
  8.100E+01  4.21783E-01 -2.42706E-09 -1.14088E-09 -2.21193E-12  3.59097E-14
  8.150E+01  4.26095E-01 -2.39721E-09 -1.19550E-09 -2.21593E-12  2.64445E-14
  8.200E+01  4.30413E-01 -2.36675E-09 -1.24922E-09 -2.21967E-12  1.70145E-14
  8.250E+01  4.34737E-01 -2.33569E-09 -1.30205E-09 -2.22317E-12  7.62229E-15
  8.300E+01  4.39065E-01 -2.30406E-09 -1.35399E-09 -2.22642E-12 -1.72968E-15
  8.350E+01  4.43398E-01 -2.27188E-09 -1.40505E-09 -2.22943E-12 -1.10389E-14
  8.400E+01  4.47736E-01 -2.23917E-09 -1.45524E-09 -2.23219E-12 -2.03029E-14
  8.450E+01  4.52077E-01 -2.20595E-09 -1.50456E-09 -2.23471E-12 -2.95192E-14
  8.500E+01  4.56422E-01 -2.17224E-09 -1.55301E-09 -2.23699E-12 -3.86856E-14
  8.550E+01  4.60770E-01 -2.13807E-09 -1.60060E-09 -2.23902E-12 -4.77996E-14
  8.600E+01  4.65122E-01 -2.10344E-09 -1.64734E-09 -2.24082E-12 -5.68590E-14
  8.650E+01  4.69476E-01 -2.06839E-09 -1.69323E-09 -2.24238E-12 -6.58615E-14
  8.700E+01  4.73832E-01 -2.03293E-09 -1.73828E-09 -2.24371E-12 -7.48049E-14
  8.750E+01  4.78190E-01 -1.99707E-09 -1.78250E-09 -2.24480E-12 -8.36870E-14
  8.800E+01  4.82550E-01 -1.96085E-09 -1.82588E-09 -2.24565E-12 -9.25057E-14
  8.850E+01  4.86912E-01 -1.92426E-09 -1.86845E-09 -2.24627E-12 -1.01259E-13
  8.900E+01  4.91274E-01 -1.88734E-09 -1.91020E-09 -2.24666E-12 -1.09944E-13
  8.950E+01  4.95637E-01 -1.85010E-09 -1.95115E-09 -2.24682E-12 -1.18560E-13
  9.000E+01  5.00000E-01 -1.81256E-09 -1.99130E-09 -2.24675E-12 -1.27105E-13
  9.050E+01  5.04363E-01 -1.77473E-09 -2.03065E-09 -2.24646E-12 -1.35576E-13
  9.100E+01  5.08726E-01 -1.73663E-09 -2.06921E-09 -2.24594E-12 -1.43971E-13
  9.150E+01  5.13088E-01 -1.69827E-09 -2.10700E-09 -2.24519E-12 -1.52290E-13
  9.200E+01  5.17450E-01 -1.65967E-09 -2.14401E-09 -2.24422E-12 -1.60529E-13
  9.250E+01  5.21810E-01 -1.62085E-09 -2.18026E-09 -2.24303E-12 -1.68687E-13
  9.300E+01  5.26168E-01 -1.58181E-09 -2.21575E-09 -2.24162E-12 -1.76763E-13
  9.350E+01  5.30524E-01 -1.54259E-09 -2.25049E-09 -2.23999E-12 -1.84754E-13
  9.400E+01  5.34878E-01 -1.50318E-09 -2.28449E-09 -2.23814E-12 -1.92660E-13
  9.450E+01  5.39230E-01 -1.46360E-09 -2.31775E-09 -2.23607E-12 -2.00477E-13
  9.500E+01  5.43578E-01 -1.42388E-09 -2.35029E-09 -2.23380E-12 -2.08206E-13
  9.550E+01  5.47923E-01 -1.38401E-09 -2.38210E-09 -2.23131E-12 -2.15844E-13
  9.600E+01  5.52264E-01 -1.34401E-09 -2.41321E-09 -2.22861E-12 -2.23389E-13
  9.650E+01  5.56602E-01 -1.30390E-09 -2.44361E-09 -2.22570E-12 -2.30841E-13
  9.700E+01  5.60935E-01 -1.26369E-09 -2.47332E-09 -2.22258E-12 -2.38198E-13
  9.750E+01  5.65263E-01 -1.22339E-09 -2.50234E-09 -2.21925E-12 -2.45458E-13
  9.800E+01  5.69587E-01 -1.18301E-09 -2.53067E-09 -2.21572E-12 -2.52621E-13
  9.850E+01  5.73905E-01 -1.14256E-09 -2.55834E-09 -2.21199E-12 -2.59684E-13
  9.900E+01  5.78217E-01 -1.10206E-09 -2.58534E-09 -2.20806E-12 -2.66646E-13
  9.950E+01  5.82524E-01 -1.06152E-09 -2.61168E-09 -2.20392E-12 -2.73507E-13
  1.000E+02  5.86824E-01 -1.02094E-09 -2.63738E-09 -2.19959E-12 -2.80265E-13
  1.005E+02  5.91118E-01 -9.80344E-10 -2.66244E-09 -2.19506E-12 -2.86919E-13
  1.010E+02  5.95404E-01 -9.39734E-10 -2.68686E-09 -2.19034E-12 -2.93467E-13
  1.015E+02  5.99684E-01 -8.99123E-10 -2.71066E-09 -2.18542E-12 -2.99909E-13
  1.020E+02  6.03956E-01 -8.58520E-10 -2.73385E-09 -2.18032E-12 -3.06244E-13
  1.025E+02  6.08220E-01 -8.17935E-10 -2.75643E-09 -2.17502E-12 -3.12470E-13
  1.030E+02  6.12476E-01 -7.77377E-10 -2.77840E-09 -2.16953E-12 -3.18587E-13
  1.035E+02  6.16723E-01 -7.36857E-10 -2.79979E-09 -2.16386E-12 -3.24594E-13
  1.040E+02  6.20961E-01 -6.96381E-10 -2.82059E-09 -2.15800E-12 -3.30489E-13
  1.045E+02  6.25190E-01 -6.55960E-10 -2.84082E-09 -2.15196E-12 -3.36272E-13
  1.050E+02  6.29410E-01 -6.15602E-10 -2.86048E-09 -2.14573E-12 -3.41942E-13
  1.055E+02  6.33619E-01 -5.75316E-10 -2.87958E-09 -2.13933E-12 -3.47498E-13
  1.060E+02  6.37819E-01 -5.35108E-10 -2.89812E-09 -2.13275E-12 -3.52939E-13
  1.065E+02  6.42008E-01 -4.94988E-10 -2.91613E-09 -2.12599E-12 -3.58265E-13
  1.070E+02  6.46186E-01 -4.54962E-10 -2.93360E-09 -2.11906E-12 -3.63475E-13
  1.075E+02  6.50353E-01 -4.15039E-10 -2.95054E-09 -2.11195E-12 -3.68569E-13
  1.080E+02  6.54508E-01 -3.75225E-10 -2.96697E-09 -2.10467E-12 -3.73544E-13
  1.085E+02  6.58652E-01 -3.35529E-10 -2.98288E-09 -2.09722E-12 -3.78402E-13
  1.090E+02  6.62784E-01 -2.95956E-10 -2.99829E-09 -2.08961E-12 -3.83141E-13
  1.095E+02  6.66903E-01 -2.56513E-10 -3.01320E-09 -2.08182E-12 -3.87762E-13
  1.100E+02  6.71010E-01 -2.17208E-10 -3.02763E-09 -2.07387E-12 -3.92262E-13
  1.105E+02  6.75104E-01 -1.78045E-10 -3.04158E-09 -2.06576E-12 -3.96642E-13
  1.110E+02  6.79184E-01 -1.39033E-10 -3.05506E-09 -2.05749E-12 -4.00902E-13
  1.115E+02  6.83251E-01 -1.00176E-10 -3.06807E-09 -2.04905E-12 -4.05040E-13
  1.120E+02  6.87303E-01 -6.14802E-11 -3.08063E-09 -2.04046E-12 -4.09058E-13
  1.125E+02  6.91342E-01 -2.29517E-11 -3.09274E-09 -2.03171E-12 -4.12953E-13
  1.130E+02  6.95366E-01  1.54041E-11 -3.10441E-09 -2.02281E-12 -4.16726E-13
  1.135E+02  6.99375E-01  5.35819E-11 -3.11564E-09 -2.01375E-12 -4.20377E-13
  1.140E+02  7.03368E-01  9.15764E-11 -3.12645E-09 -2.00454E-12 -4.23905E-13
  1.145E+02  7.07347E-01  1.29383E-10 -3.13685E-09 -1.99518E-12 -4.27311E-13
  1.150E+02  7.11309E-01  1.66995E-10 -3.14683E-09 -1.98567E-12 -4.30593E-13
  1.155E+02  7.15256E-01  2.04410E-10 -3.15641E-09 -1.97602E-12 -4.33752E-13
  1.160E+02  7.19186E-01  2.41623E-10 -3.16560E-09 -1.96622E-12 -4.36787E-13
  1.165E+02  7.23099E-01  2.78628E-10 -3.17440E-09 -1.95627E-12 -4.39699E-13
  1.170E+02  7.26995E-01  3.15422E-10 -3.18282E-09 -1.94619E-12 -4.42487E-13
  1.175E+02  7.30874E-01  3.52000E-10 -3.19086E-09 -1.93596E-12 -4.45151E-13
  1.180E+02  7.34736E-01  3.88358E-10 -3.19855E-09 -1.92559E-12 -4.47692E-13
  1.185E+02  7.38579E-01  4.24493E-10 -3.20587E-09 -1.91509E-12 -4.50109E-13
  1.190E+02  7.42405E-01  4.60401E-10 -3.21284E-09 -1.90445E-12 -4.52402E-13
  1.195E+02  7.46212E-01  4.96077E-10 -3.21947E-09 -1.89368E-12 -4.54571E-13
  1.200E+02  7.50000E-01  5.31518E-10 -3.22576E-09 -1.88277E-12 -4.56617E-13
  1.205E+02  7.53769E-01  5.66721E-10 -3.23173E-09 -1.87174E-12 -4.58538E-13
  1.210E+02  7.57519E-01  6.01683E-10 -3.23737E-09 -1.86057E-12 -4.60337E-13
  1.215E+02  7.61249E-01  6.36400E-10 -3.24269E-09 -1.84928E-12 -4.62012E-13
  1.220E+02  7.64960E-01  6.70869E-10 -3.24771E-09 -1.83786E-12 -4.63564E-13
  1.225E+02  7.68650E-01  7.05088E-10 -3.25243E-09 -1.82631E-12 -4.64993E-13
  1.230E+02  7.72320E-01  7.39053E-10 -3.25685E-09 -1.81464E-12 -4.66299E-13
  1.235E+02  7.75968E-01  7.72761E-10 -3.26098E-09 -1.80285E-12 -4.67482E-13
  1.240E+02  7.79596E-01  8.06210E-10 -3.26483E-09 -1.79094E-12 -4.68544E-13
  1.245E+02  7.83203E-01  8.39397E-10 -3.26840E-09 -1.77891E-12 -4.69483E-13
  1.250E+02  7.86788E-01  8.72320E-10 -3.27171E-09 -1.76677E-12 -4.70301E-13
  1.255E+02  7.90351E-01  9.04976E-10 -3.27476E-09 -1.75451E-12 -4.70997E-13
  1.260E+02  7.93893E-01  9.37364E-10 -3.27755E-09 -1.74213E-12 -4.71572E-13
  1.265E+02  7.97411E-01  9.69480E-10 -3.28009E-09 -1.72964E-12 -4.72027E-13
  1.270E+02  8.00908E-01  1.00132E-09 -3.28239E-09 -1.71704E-12 -4.72362E-13
  1.275E+02  8.04381E-01  1.03289E-09 -3.28445E-09 -1.70433E-12 -4.72576E-13
  1.280E+02  8.07831E-01  1.06418E-09 -3.28628E-09 -1.69151E-12 -4.72672E-13
  1.285E+02  8.11257E-01  1.09519E-09 -3.28789E-09 -1.67858E-12 -4.72648E-13
  1.290E+02  8.14660E-01  1.12592E-09 -3.28928E-09 -1.66555E-12 -4.72507E-13
  1.295E+02  8.18039E-01  1.15637E-09 -3.29046E-09 -1.65241E-12 -4.72247E-13
  1.300E+02  8.21394E-01  1.18654E-09 -3.29143E-09 -1.63917E-12 -4.71870E-13
  1.305E+02  8.24724E-01  1.21641E-09 -3.29220E-09 -1.62583E-12 -4.71376E-13
  1.310E+02  8.28030E-01  1.24600E-09 -3.29278E-09 -1.61239E-12 -4.70766E-13
  1.315E+02  8.31310E-01  1.27531E-09 -3.29317E-09 -1.59885E-12 -4.70040E-13
  1.320E+02  8.34565E-01  1.30432E-09 -3.29338E-09 -1.58522E-12 -4.69199E-13
  1.325E+02  8.37795E-01  1.33304E-09 -3.29341E-09 -1.57149E-12 -4.68244E-13
  1.330E+02  8.40999E-01  1.36147E-09 -3.29327E-09 -1.55766E-12 -4.67175E-13
  1.335E+02  8.44177E-01  1.38960E-09 -3.29296E-09 -1.54374E-12 -4.65993E-13
  1.340E+02  8.47329E-01  1.41744E-09 -3.29249E-09 -1.52973E-12 -4.64699E-13
  1.345E+02  8.50455E-01  1.44499E-09 -3.29187E-09 -1.51563E-12 -4.63292E-13
  1.350E+02  8.53553E-01  1.47223E-09 -3.29110E-09 -1.50143E-12 -4.61775E-13
  1.355E+02  8.56625E-01  1.49919E-09 -3.29019E-09 -1.48716E-12 -4.60148E-13
  1.360E+02  8.59670E-01  1.52584E-09 -3.28913E-09 -1.47279E-12 -4.58411E-13
  1.365E+02  8.62687E-01  1.55219E-09 -3.28794E-09 -1.45834E-12 -4.56565E-13
  1.370E+02  8.65677E-01  1.57824E-09 -3.28662E-09 -1.44380E-12 -4.54611E-13
  1.375E+02  8.68639E-01  1.60399E-09 -3.28518E-09 -1.42919E-12 -4.52551E-13
  1.380E+02  8.71572E-01  1.62944E-09 -3.28362E-09 -1.41449E-12 -4.50384E-13
  1.385E+02  8.74478E-01  1.65459E-09 -3.28195E-09 -1.39971E-12 -4.48111E-13
  1.390E+02  8.77355E-01  1.67944E-09 -3.28017E-09 -1.38485E-12 -4.45734E-13
  1.395E+02  8.80203E-01  1.70398E-09 -3.27828E-09 -1.36991E-12 -4.43253E-13
  1.400E+02  8.83022E-01  1.72822E-09 -3.27629E-09 -1.35490E-12 -4.40669E-13
  1.405E+02  8.85812E-01  1.75215E-09 -3.27421E-09 -1.33981E-12 -4.37983E-13
  1.410E+02  8.88573E-01  1.77578E-09 -3.27204E-09 -1.32465E-12 -4.35196E-13
  1.415E+02  8.91304E-01  1.79911E-09 -3.26978E-09 -1.30941E-12 -4.32308E-13
  1.420E+02  8.94005E-01  1.82213E-09 -3.26745E-09 -1.29411E-12 -4.29322E-13
  1.425E+02  8.96677E-01  1.84484E-09 -3.26503E-09 -1.27873E-12 -4.26237E-13
  1.430E+02  8.99318E-01  1.86725E-09 -3.26254E-09 -1.26328E-12 -4.23055E-13
  1.435E+02  9.01928E-01  1.88936E-09 -3.25999E-09 -1.24777E-12 -4.19777E-13
  1.440E+02  9.04508E-01  1.91116E-09 -3.25736E-09 -1.23219E-12 -4.16404E-13
  1.445E+02  9.07058E-01  1.93265E-09 -3.25468E-09 -1.21654E-12 -4.12936E-13
  1.450E+02  9.09576E-01  1.95383E-09 -3.25195E-09 -1.20083E-12 -4.09374E-13
  1.455E+02  9.12063E-01  1.97471E-09 -3.24916E-09 -1.18505E-12 -4.05721E-13
  1.460E+02  9.14519E-01  1.99528E-09 -3.24632E-09 -1.16921E-12 -4.01976E-13
  1.465E+02  9.16943E-01  2.01555E-09 -3.24345E-09 -1.15331E-12 -3.98142E-13
  1.470E+02  9.19335E-01  2.03551E-09 -3.24053E-09 -1.13735E-12 -3.94218E-13
  1.475E+02  9.21696E-01  2.05516E-09 -3.23757E-09 -1.12133E-12 -3.90206E-13
  1.480E+02  9.24024E-01  2.07451E-09 -3.23458E-09 -1.10526E-12 -3.86107E-13
  1.485E+02  9.26320E-01  2.09355E-09 -3.23156E-09 -1.08912E-12 -3.81923E-13
  1.490E+02  9.28584E-01  2.11228E-09 -3.22852E-09 -1.07293E-12 -3.77654E-13
  1.495E+02  9.30815E-01  2.13070E-09 -3.22546E-09 -1.05669E-12 -3.73301E-13
  1.500E+02  9.33013E-01  2.14882E-09 -3.22237E-09 -1.04039E-12 -3.68866E-13
  1.505E+02  9.35178E-01  2.16664E-09 -3.21928E-09 -1.02404E-12 -3.64349E-13
  1.510E+02  9.37310E-01  2.18415E-09 -3.21617E-09 -1.00764E-12 -3.59753E-13
  1.515E+02  9.39409E-01  2.20135E-09 -3.21305E-09 -9.91181E-13 -3.55078E-13
  1.520E+02  9.41474E-01  2.21825E-09 -3.20993E-09 -9.74678E-13 -3.50325E-13
  1.525E+02  9.43505E-01  2.23484E-09 -3.20680E-09 -9.58126E-13 -3.45495E-13
  1.530E+02  9.45503E-01  2.25112E-09 -3.20368E-09 -9.41526E-13 -3.40590E-13
  1.535E+02  9.47467E-01  2.26710E-09 -3.20056E-09 -9.24879E-13 -3.35611E-13
  1.540E+02  9.49397E-01  2.28278E-09 -3.19745E-09 -9.08187E-13 -3.30559E-13
  1.545E+02  9.51293E-01  2.29815E-09 -3.19435E-09 -8.91451E-13 -3.25435E-13
  1.550E+02  9.53154E-01  2.31321E-09 -3.19126E-09 -8.74670E-13 -3.20241E-13
  1.555E+02  9.54981E-01  2.32798E-09 -3.18818E-09 -8.57847E-13 -3.14977E-13
  1.560E+02  9.56773E-01  2.34243E-09 -3.18513E-09 -8.40982E-13 -3.09646E-13
  1.565E+02  9.58530E-01  2.35659E-09 -3.18210E-09 -8.24077E-13 -3.04248E-13
  1.570E+02  9.60252E-01  2.37044E-09 -3.17909E-09 -8.07132E-13 -2.98784E-13
  1.575E+02  9.61940E-01  2.38398E-09 -3.17611E-09 -7.90147E-13 -2.93257E-13
  1.580E+02  9.63592E-01  2.39723E-09 -3.17315E-09 -7.73125E-13 -2.87666E-13
  1.585E+02  9.65209E-01  2.41017E-09 -3.17023E-09 -7.56066E-13 -2.82014E-13
  1.590E+02  9.66790E-01  2.42281E-09 -3.16734E-09 -7.38971E-13 -2.76302E-13
  1.595E+02  9.68336E-01  2.43515E-09 -3.16449E-09 -7.21841E-13 -2.70531E-13
  1.600E+02  9.69846E-01  2.44718E-09 -3.16168E-09 -7.04676E-13 -2.64702E-13
  1.605E+02  9.71321E-01  2.45891E-09 -3.15891E-09 -6.87479E-13 -2.58816E-13
  1.610E+02  9.72759E-01  2.47035E-09 -3.15618E-09 -6.70249E-13 -2.52876E-13
  1.615E+02  9.74162E-01  2.48148E-09 -3.15349E-09 -6.52987E-13 -2.46882E-13
  1.620E+02  9.75528E-01  2.49231E-09 -3.15086E-09 -6.35695E-13 -2.40836E-13
  1.625E+02  9.76858E-01  2.50284E-09 -3.14827E-09 -6.18373E-13 -2.34738E-13
  1.630E+02  9.78152E-01  2.51306E-09 -3.14573E-09 -6.01022E-13 -2.28591E-13
  1.635E+02  9.79410E-01  2.52299E-09 -3.14325E-09 -5.83643E-13 -2.22396E-13
  1.640E+02  9.80631E-01  2.53262E-09 -3.14082E-09 -5.66238E-13 -2.16154E-13
  1.645E+02  9.81815E-01  2.54195E-09 -3.13845E-09 -5.48806E-13 -2.09866E-13
  1.650E+02  9.82963E-01  2.55098E-09 -3.13613E-09 -5.31348E-13 -2.03534E-13
  1.655E+02  9.84074E-01  2.55972E-09 -3.13388E-09 -5.13867E-13 -1.97159E-13
  1.660E+02  9.85148E-01  2.56815E-09 -3.13168E-09 -4.96361E-13 -1.90743E-13
  1.665E+02  9.86185E-01  2.57628E-09 -3.12955E-09 -4.78833E-13 -1.84287E-13
  1.670E+02  9.87185E-01  2.58412E-09 -3.12749E-09 -4.61283E-13 -1.77792E-13
  1.675E+02  9.88148E-01  2.59166E-09 -3.12549E-09 -4.43712E-13 -1.71260E-13
  1.680E+02  9.89074E-01  2.59890E-09 -3.12356E-09 -4.26121E-13 -1.64692E-13
  1.685E+02  9.89962E-01  2.60584E-09 -3.12169E-09 -4.08511E-13 -1.58090E-13
  1.690E+02  9.90814E-01  2.61249E-09 -3.11990E-09 -3.90881E-13 -1.51454E-13
  1.695E+02  9.91627E-01  2.61884E-09 -3.11818E-09 -3.73234E-13 -1.44787E-13
  1.700E+02  9.92404E-01  2.62489E-09 -3.11653E-09 -3.55571E-13 -1.38090E-13
  1.705E+02  9.93143E-01  2.63065E-09 -3.11495E-09 -3.37891E-13 -1.31364E-13
  1.710E+02  9.93844E-01  2.63611E-09 -3.11345E-09 -3.20196E-13 -1.24610E-13
  1.715E+02  9.94508E-01  2.64127E-09 -3.11202E-09 -3.02486E-13 -1.17831E-13
  1.720E+02  9.95134E-01  2.64614E-09 -3.11067E-09 -2.84763E-13 -1.11027E-13
  1.725E+02  9.95722E-01  2.65071E-09 -3.10940E-09 -2.67027E-13 -1.04200E-13
  1.730E+02  9.96273E-01  2.65499E-09 -3.10821E-09 -2.49279E-13 -9.73511E-14
  1.735E+02  9.96786E-01  2.65897E-09 -3.10709E-09 -2.31520E-13 -9.04821E-14
  1.740E+02  9.97261E-01  2.66265E-09 -3.10606E-09 -2.13751E-13 -8.35944E-14
  1.745E+02  9.97698E-01  2.66604E-09 -3.10510E-09 -1.95972E-13 -7.66892E-14
  1.750E+02  9.98097E-01  2.66914E-09 -3.10423E-09 -1.78184E-13 -6.97682E-14
  1.755E+02  9.98459E-01  2.67194E-09 -3.10343E-09 -1.60388E-13 -6.28327E-14
  1.760E+02  9.98782E-01  2.67444E-09 -3.10272E-09 -1.42585E-13 -5.58841E-14
  1.765E+02  9.99067E-01  2.67665E-09 -3.10210E-09 -1.24776E-13 -4.89240E-14
  1.770E+02  9.99315E-01  2.67857E-09 -3.10155E-09 -1.06961E-13 -4.19537E-14
  1.775E+02  9.99524E-01  2.68019E-09 -3.10109E-09 -8.91416E-14 -3.49747E-14
  1.780E+02  9.99695E-01  2.68151E-09 -3.10071E-09 -7.13180E-14 -2.79884E-14
  1.785E+02  9.99829E-01  2.68254E-09 -3.10042E-09 -5.34913E-14 -2.09964E-14
  1.790E+02  9.99924E-01  2.68328E-09 -3.10021E-09 -3.56622E-14 -1.40000E-14
  1.795E+02  9.99981E-01  2.68372E-09 -3.10008E-09 -1.78315E-14 -7.00074E-15
  1.800E+02  1.00000E+00  2.68387E-09 -3.10004E-09 -2.50239E-28 -9.82477E-29
