

  **** PARTIAL WAVE ANALYSIS (DPWA0) ******************************************


  KINETIC ENERGY = 2.68000E+02 eV

      L       PHASE(SPIN UP)     PHASE(SPIN DOWN)
  -----------------------------------------------
       0     -7.33763908E-01      0.00000000E+00
       1      1.30300236E+00      1.30419540E+00
       2      7.58327439E-01      7.58644402E-01
       3      4.69170927E-01      4.69317212E-01
       4      2.95232731E-01      2.95314611E-01
       5      1.86925182E-01      1.86974076E-01
       6      1.18932702E-01      1.18962710E-01
       7      7.60461917E-02      7.60649014E-02
       8      4.88586700E-02      4.88704646E-02
       9      3.15327634E-02      3.15402616E-02
      10      2.04352558E-02      2.04400551E-02
      11      1.32935136E-02      1.32966027E-02
      12      8.67758016E-03      8.67957802E-03
      13      5.68236692E-03      5.68366444E-03
      14      3.73179427E-03      3.73264008E-03
      15      2.45731378E-03      2.45786697E-03
      16      1.62204597E-03      1.62240887E-03
      17      1.07309238E-03      1.07333112E-03
      18      7.11376968E-04      7.11534415E-04
      19      4.72469076E-04      4.72573155E-04
      20      3.14329059E-04      3.14398006E-04
      21      2.09442208E-04      2.09487969E-04
      22      1.39748657E-04      1.39779084E-04
      23      9.33628948E-05      9.33831579E-05
      24      6.24435928E-05      6.24571069E-05
      25      4.18057679E-05      4.18147926E-05
      26      2.80137465E-05      2.80197802E-05
      27      1.87866230E-05      1.87906612E-05
      28      1.26074851E-05      1.26101903E-05
      29      8.46591149E-06      8.46772523E-06
      30      5.68789036E-06      5.68910728E-06
      31      3.82323401E-06      3.82405102E-06
      32      2.57090254E-06      2.57145137E-06
      33      1.72938257E-06      1.72975143E-06
      34      1.16365843E-06      1.16390644E-06
      35      7.83194167E-07      7.83360984E-07
      36      5.27236467E-07      5.27348703E-07
      37      3.54991650E-07      3.55067185E-07
      38      2.39052829E-07      2.39103678E-07
      39      1.60997948E-07      1.61032186E-07
      40      1.08439340E-07      1.08462394E-07
      41      7.30439667E-08      7.30594860E-08
      42      4.92043818E-08      4.92148391E-08
      43      3.31464909E-08      3.31535334E-08
      44      2.23295905E-08      2.23343351E-08
      45      1.50427401E-08      1.50459378E-08
      46      1.01337012E-08      1.01358512E-08
      47      6.82656503E-09      6.82801668E-09
      48      4.59865765E-09      4.59963425E-09
      49      3.09775184E-09      3.09840837E-09
      50      2.08659471E-09      2.08704167E-09
      51      1.40539363E-09      1.40569504E-09
      52      9.46546682E-10      9.46748438E-10
      53      6.37503535E-10      6.37636772E-10


  *** SCATTERING AMPLITUDES AND DIFFERENTIAL CROSS SECTION ***

    ANGLE      DCS       ASYMMETRY    DIRECT AMPLITUDE       SPIN-FLIP AMPLITUDE     ERROR
    (deg)   (cm**2/sr)                      (cm)                    (cm)
  -------------------------------------------------------------------------------------------
  0.000E+00 4.52051E-16  0.000E+00  1.868E-08  1.016E-08  0.000E+00  0.000E+00  1.00E-07
  1.000E-04 4.52051E-16  2.048E-10  1.868E-08  1.016E-08  8.068E-18  6.869E-18  1.00E-07
  1.250E-04 4.52051E-16  2.560E-10  1.868E-08  1.016E-08  1.009E-17  8.586E-18  1.00E-07
  1.500E-04 4.52051E-16  3.072E-10  1.868E-08  1.016E-08  1.210E-17  1.030E-17  1.00E-07
  1.750E-04 4.52051E-16  3.585E-10  1.868E-08  1.016E-08  1.412E-17  1.202E-17  1.00E-07
  2.000E-04 4.52051E-16  4.097E-10  1.868E-08  1.016E-08  1.614E-17  1.374E-17  1.00E-07
  2.250E-04 4.52051E-16  4.609E-10  1.868E-08  1.016E-08  1.815E-17  1.545E-17  1.00E-07
  2.500E-04 4.52051E-16  5.121E-10  1.868E-08  1.016E-08  2.017E-17  1.717E-17  1.00E-07
  2.750E-04 4.52051E-16  5.633E-10  1.868E-08  1.016E-08  2.219E-17  1.889E-17  1.00E-07
  3.000E-04 4.52051E-16  6.145E-10  1.868E-08  1.016E-08  2.420E-17  2.061E-17  1.00E-07
  3.250E-04 4.52051E-16  6.657E-10  1.868E-08  1.016E-08  2.622E-17  2.232E-17  1.00E-07
  3.500E-04 4.52051E-16  7.169E-10  1.868E-08  1.016E-08  2.824E-17  2.404E-17  1.00E-07
  3.750E-04 4.52051E-16  7.681E-10  1.868E-08  1.016E-08  3.026E-17  2.576E-17  1.00E-07
  4.000E-04 4.52051E-16  8.193E-10  1.868E-08  1.016E-08  3.227E-17  2.747E-17  1.00E-07
  4.250E-04 4.52051E-16  8.705E-10  1.868E-08  1.016E-08  3.429E-17  2.919E-17  1.00E-07
  4.500E-04 4.52051E-16  9.217E-10  1.868E-08  1.016E-08  3.631E-17  3.091E-17  1.00E-07
  4.750E-04 4.52051E-16  9.729E-10  1.868E-08  1.016E-08  3.832E-17  3.263E-17  1.00E-07
  5.000E-04 4.52051E-16  1.024E-09  1.868E-08  1.016E-08  4.034E-17  3.434E-17  1.00E-07
  5.250E-04 4.52051E-16  1.075E-09  1.868E-08  1.016E-08  4.236E-17  3.606E-17  1.00E-07
  5.500E-04 4.52051E-16  1.127E-09  1.868E-08  1.016E-08  4.438E-17  3.778E-17  1.00E-07
  5.750E-04 4.52051E-16  1.178E-09  1.868E-08  1.016E-08  4.639E-17  3.949E-17  1.00E-07
  6.000E-04 4.52051E-16  1.229E-09  1.868E-08  1.016E-08  4.841E-17  4.121E-17  1.00E-07
  6.250E-04 4.52051E-16  1.280E-09  1.868E-08  1.016E-08  5.043E-17  4.293E-17  1.00E-07
  6.500E-04 4.52051E-16  1.331E-09  1.868E-08  1.016E-08  5.244E-17  4.465E-17  1.00E-07
  6.750E-04 4.52051E-16  1.383E-09  1.868E-08  1.016E-08  5.446E-17  4.636E-17  1.00E-07
  7.000E-04 4.52051E-16  1.434E-09  1.868E-08  1.016E-08  5.648E-17  4.808E-17  1.00E-07
  7.250E-04 4.52051E-16  1.485E-09  1.868E-08  1.016E-08  5.850E-17  4.980E-17  1.00E-07
  7.500E-04 4.52051E-16  1.536E-09  1.868E-08  1.016E-08  6.051E-17  5.152E-17  1.00E-07
  7.750E-04 4.52051E-16  1.587E-09  1.868E-08  1.016E-08  6.253E-17  5.323E-17  1.00E-07
  8.000E-04 4.52051E-16  1.639E-09  1.868E-08  1.016E-08  6.455E-17  5.495E-17  1.00E-07
  8.250E-04 4.52051E-16  1.690E-09  1.868E-08  1.016E-08  6.656E-17  5.667E-17  1.00E-07
  8.500E-04 4.52051E-16  1.741E-09  1.868E-08  1.016E-08  6.858E-17  5.838E-17  1.00E-07
  8.750E-04 4.52051E-16  1.792E-09  1.868E-08  1.016E-08  7.060E-17  6.010E-17  1.00E-07
  9.000E-04 4.52051E-16  1.843E-09  1.868E-08  1.016E-08  7.261E-17  6.182E-17  1.00E-07
  9.250E-04 4.52051E-16  1.895E-09  1.868E-08  1.016E-08  7.463E-17  6.354E-17  1.00E-07
  9.500E-04 4.52051E-16  1.946E-09  1.868E-08  1.016E-08  7.665E-17  6.525E-17  1.00E-07
  9.750E-04 4.52051E-16  1.997E-09  1.868E-08  1.016E-08  7.867E-17  6.697E-17  1.00E-07
  1.000E-03 4.52051E-16  2.048E-09  1.868E-08  1.016E-08  8.068E-17  6.869E-17  1.00E-07
  1.250E-03 4.52051E-16  2.560E-09  1.868E-08  1.016E-08  1.009E-16  8.586E-17  1.00E-07
  1.500E-03 4.52051E-16  3.072E-09  1.868E-08  1.016E-08  1.210E-16  1.030E-16  1.00E-07
  1.750E-03 4.52051E-16  3.585E-09  1.868E-08  1.016E-08  1.412E-16  1.202E-16  1.00E-07
  2.000E-03 4.52051E-16  4.097E-09  1.868E-08  1.016E-08  1.614E-16  1.374E-16  1.00E-07
  2.250E-03 4.52051E-16  4.609E-09  1.868E-08  1.016E-08  1.815E-16  1.545E-16  1.00E-07
  2.500E-03 4.52051E-16  5.121E-09  1.868E-08  1.016E-08  2.017E-16  1.717E-16  1.00E-07
  2.750E-03 4.52051E-16  5.633E-09  1.868E-08  1.016E-08  2.219E-16  1.889E-16  1.00E-07
  3.000E-03 4.52051E-16  6.145E-09  1.868E-08  1.016E-08  2.420E-16  2.061E-16  1.00E-07
  3.250E-03 4.52051E-16  6.657E-09  1.868E-08  1.016E-08  2.622E-16  2.232E-16  1.00E-07
  3.500E-03 4.52051E-16  7.169E-09  1.868E-08  1.016E-08  2.824E-16  2.404E-16  1.00E-07
  3.750E-03 4.52051E-16  7.681E-09  1.868E-08  1.016E-08  3.026E-16  2.576E-16  1.00E-07
  4.000E-03 4.52051E-16  8.193E-09  1.868E-08  1.016E-08  3.227E-16  2.747E-16  1.00E-07
  4.250E-03 4.52051E-16  8.705E-09  1.868E-08  1.016E-08  3.429E-16  2.919E-16  1.00E-07
  4.500E-03 4.52051E-16  9.217E-09  1.868E-08  1.016E-08  3.631E-16  3.091E-16  1.00E-07
  4.750E-03 4.52051E-16  9.729E-09  1.868E-08  1.016E-08  3.832E-16  3.263E-16  1.00E-07
  5.000E-03 4.52051E-16  1.024E-08  1.868E-08  1.016E-08  4.034E-16  3.434E-16  1.00E-07
  5.250E-03 4.52051E-16  1.075E-08  1.868E-08  1.016E-08  4.236E-16  3.606E-16  1.00E-07
  5.500E-03 4.52051E-16  1.127E-08  1.868E-08  1.016E-08  4.438E-16  3.778E-16  1.00E-07
  5.750E-03 4.52051E-16  1.178E-08  1.868E-08  1.016E-08  4.639E-16  3.949E-16  1.00E-07
  6.000E-03 4.52051E-16  1.229E-08  1.868E-08  1.016E-08  4.841E-16  4.121E-16  1.00E-07
  6.250E-03 4.52051E-16  1.280E-08  1.868E-08  1.016E-08  5.043E-16  4.293E-16  1.00E-07
  6.500E-03 4.52051E-16  1.331E-08  1.868E-08  1.016E-08  5.244E-16  4.465E-16  1.00E-07
  6.750E-03 4.52051E-16  1.383E-08  1.868E-08  1.016E-08  5.446E-16  4.636E-16  1.00E-07
  7.000E-03 4.52051E-16  1.434E-08  1.868E-08  1.016E-08  5.648E-16  4.808E-16  1.00E-07
  7.250E-03 4.52051E-16  1.485E-08  1.868E-08  1.016E-08  5.850E-16  4.980E-16  1.00E-07
  7.500E-03 4.52051E-16  1.536E-08  1.868E-08  1.016E-08  6.051E-16  5.152E-16  1.00E-07
  7.750E-03 4.52051E-16  1.587E-08  1.868E-08  1.016E-08  6.253E-16  5.323E-16  1.00E-07
  8.000E-03 4.52051E-16  1.639E-08  1.868E-08  1.016E-08  6.455E-16  5.495E-16  1.00E-07
  8.250E-03 4.52051E-16  1.690E-08  1.868E-08  1.016E-08  6.656E-16  5.667E-16  1.00E-07
  8.500E-03 4.52051E-16  1.741E-08  1.868E-08  1.016E-08  6.858E-16  5.838E-16  1.00E-07
  8.750E-03 4.52051E-16  1.792E-08  1.868E-08  1.016E-08  7.060E-16  6.010E-16  1.00E-07
  9.000E-03 4.52051E-16  1.843E-08  1.868E-08  1.016E-08  7.261E-16  6.182E-16  1.00E-07
  9.250E-03 4.52051E-16  1.895E-08  1.868E-08  1.016E-08  7.463E-16  6.354E-16  1.00E-07
  9.500E-03 4.52051E-16  1.946E-08  1.868E-08  1.016E-08  7.665E-16  6.525E-16  1.00E-07
  9.750E-03 4.52051E-16  1.997E-08  1.868E-08  1.016E-08  7.867E-16  6.697E-16  1.00E-07
  1.000E-02 4.52051E-16  2.048E-08  1.868E-08  1.016E-08  8.068E-16  6.869E-16  1.00E-07
  1.250E-02 4.52050E-16  2.560E-08  1.868E-08  1.016E-08  1.009E-15  8.586E-16  1.00E-07
  1.500E-02 4.52050E-16  3.072E-08  1.868E-08  1.016E-08  1.210E-15  1.030E-15  1.00E-07
  1.750E-02 4.52050E-16  3.585E-08  1.868E-08  1.016E-08  1.412E-15  1.202E-15  1.00E-07
  2.000E-02 4.52050E-16  4.097E-08  1.868E-08  1.016E-08  1.614E-15  1.374E-15  1.00E-07
  2.250E-02 4.52050E-16  4.609E-08  1.868E-08  1.016E-08  1.815E-15  1.545E-15  1.00E-07
  2.500E-02 4.52049E-16  5.121E-08  1.868E-08  1.016E-08  2.017E-15  1.717E-15  1.00E-07
  2.750E-02 4.52049E-16  5.633E-08  1.868E-08  1.016E-08  2.219E-15  1.889E-15  1.00E-07
  3.000E-02 4.52049E-16  6.145E-08  1.868E-08  1.016E-08  2.420E-15  2.061E-15  1.00E-07
  3.250E-02 4.52048E-16  6.657E-08  1.868E-08  1.016E-08  2.622E-15  2.232E-15  1.00E-07
  3.500E-02 4.52048E-16  7.169E-08  1.868E-08  1.016E-08  2.824E-15  2.404E-15  1.00E-07
  3.750E-02 4.52047E-16  7.681E-08  1.868E-08  1.016E-08  3.026E-15  2.576E-15  1.00E-07
  4.000E-02 4.52047E-16  8.193E-08  1.868E-08  1.016E-08  3.227E-15  2.747E-15  1.00E-07
  4.250E-02 4.52047E-16  8.705E-08  1.868E-08  1.016E-08  3.429E-15  2.919E-15  1.00E-07
  4.500E-02 4.52046E-16  9.217E-08  1.868E-08  1.016E-08  3.631E-15  3.091E-15  1.00E-07
  4.750E-02 4.52045E-16  9.729E-08  1.868E-08  1.016E-08  3.832E-15  3.263E-15  1.00E-07
  5.000E-02 4.52045E-16  1.024E-07  1.868E-08  1.016E-08  4.034E-15  3.434E-15  1.00E-07
  5.250E-02 4.52044E-16  1.075E-07  1.868E-08  1.016E-08  4.236E-15  3.606E-15  1.00E-07
  5.500E-02 4.52044E-16  1.127E-07  1.868E-08  1.016E-08  4.438E-15  3.778E-15  1.00E-07
  5.750E-02 4.52043E-16  1.178E-07  1.868E-08  1.016E-08  4.639E-15  3.949E-15  1.00E-07
  6.000E-02 4.52042E-16  1.229E-07  1.868E-08  1.016E-08  4.841E-15  4.121E-15  1.00E-07
  6.250E-02 4.52042E-16  1.280E-07  1.868E-08  1.016E-08  5.043E-15  4.293E-15  1.00E-07
  6.500E-02 4.52041E-16  1.331E-07  1.868E-08  1.016E-08  5.244E-15  4.465E-15  1.00E-07
  6.750E-02 4.52040E-16  1.383E-07  1.868E-08  1.016E-08  5.446E-15  4.636E-15  1.00E-07
  7.000E-02 4.52039E-16  1.434E-07  1.868E-08  1.016E-08  5.648E-15  4.808E-15  1.00E-07
  7.250E-02 4.52038E-16  1.485E-07  1.868E-08  1.016E-08  5.849E-15  4.980E-15  1.00E-07
  7.500E-02 4.52037E-16  1.536E-07  1.868E-08  1.016E-08  6.051E-15  5.151E-15  1.00E-07
  7.750E-02 4.52037E-16  1.587E-07  1.868E-08  1.016E-08  6.253E-15  5.323E-15  1.00E-07
  8.000E-02 4.52036E-16  1.639E-07  1.868E-08  1.016E-08  6.455E-15  5.495E-15  1.00E-07
  8.250E-02 4.52035E-16  1.690E-07  1.868E-08  1.016E-08  6.656E-15  5.667E-15  1.00E-07
  8.500E-02 4.52034E-16  1.741E-07  1.868E-08  1.016E-08  6.858E-15  5.838E-15  1.00E-07
  8.750E-02 4.52033E-16  1.792E-07  1.868E-08  1.016E-08  7.060E-15  6.010E-15  1.00E-07
  9.000E-02 4.52032E-16  1.844E-07  1.868E-08  1.016E-08  7.261E-15  6.182E-15  1.00E-07
  9.250E-02 4.52030E-16  1.895E-07  1.868E-08  1.016E-08  7.463E-15  6.354E-15  1.00E-07
  9.500E-02 4.52029E-16  1.946E-07  1.868E-08  1.016E-08  7.665E-15  6.525E-15  1.00E-07
  9.750E-02 4.52028E-16  1.997E-07  1.868E-08  1.016E-08  7.866E-15  6.697E-15  1.00E-07
  1.000E-01 4.52027E-16  2.048E-07  1.868E-08  1.016E-08  8.068E-15  6.869E-15  1.00E-07
  1.250E-01 4.52014E-16  2.560E-07  1.868E-08  1.016E-08  1.008E-14  8.586E-15  1.00E-07
  1.500E-01 4.51997E-16  3.073E-07  1.867E-08  1.016E-08  1.210E-14  1.030E-14  1.00E-07
  1.750E-01 4.51978E-16  3.585E-07  1.867E-08  1.016E-08  1.412E-14  1.202E-14  1.00E-07
  2.000E-01 4.51956E-16  4.097E-07  1.867E-08  1.016E-08  1.613E-14  1.374E-14  1.00E-07
  2.250E-01 4.51930E-16  4.609E-07  1.867E-08  1.016E-08  1.815E-14  1.545E-14  1.00E-07
  2.500E-01 4.51902E-16  5.122E-07  1.867E-08  1.016E-08  2.017E-14  1.717E-14  1.00E-07
  2.750E-01 4.51871E-16  5.634E-07  1.867E-08  1.016E-08  2.218E-14  1.889E-14  1.00E-07
  3.000E-01 4.51837E-16  6.146E-07  1.867E-08  1.016E-08  2.420E-14  2.061E-14  1.00E-07
  3.250E-01 4.51799E-16  6.659E-07  1.867E-08  1.016E-08  2.621E-14  2.232E-14  1.00E-07
  3.500E-01 4.51759E-16  7.171E-07  1.867E-08  1.016E-08  2.823E-14  2.404E-14  1.00E-07
  3.750E-01 4.51716E-16  7.684E-07  1.867E-08  1.016E-08  3.024E-14  2.576E-14  1.00E-07
  4.000E-01 4.51670E-16  8.196E-07  1.867E-08  1.016E-08  3.226E-14  2.747E-14  1.00E-07
  4.250E-01 4.51621E-16  8.709E-07  1.867E-08  1.016E-08  3.427E-14  2.919E-14  1.00E-07
  4.500E-01 4.51569E-16  9.222E-07  1.866E-08  1.016E-08  3.628E-14  3.091E-14  1.00E-07
  4.750E-01 4.51514E-16  9.735E-07  1.866E-08  1.016E-08  3.829E-14  3.262E-14  1.00E-07
  5.000E-01 4.51456E-16  1.025E-06  1.866E-08  1.016E-08  4.031E-14  3.434E-14  1.00E-07
  5.250E-01 4.51395E-16  1.076E-06  1.866E-08  1.016E-08  4.232E-14  3.605E-14  1.00E-07
  5.500E-01 4.51331E-16  1.127E-06  1.866E-08  1.016E-08  4.433E-14  3.777E-14  1.00E-07
  5.750E-01 4.51264E-16  1.179E-06  1.866E-08  1.016E-08  4.634E-14  3.949E-14  1.00E-07
  6.000E-01 4.51195E-16  1.230E-06  1.865E-08  1.016E-08  4.835E-14  4.120E-14  1.00E-07
  6.250E-01 4.51122E-16  1.281E-06  1.865E-08  1.016E-08  5.036E-14  4.292E-14  1.00E-07
  6.500E-01 4.51046E-16  1.333E-06  1.865E-08  1.016E-08  5.237E-14  4.464E-14  1.00E-07
  6.750E-01 4.50967E-16  1.384E-06  1.865E-08  1.016E-08  5.437E-14  4.635E-14  1.00E-07
  7.000E-01 4.50886E-16  1.435E-06  1.865E-08  1.016E-08  5.638E-14  4.807E-14  1.00E-07
  7.250E-01 4.50801E-16  1.487E-06  1.864E-08  1.016E-08  5.839E-14  4.978E-14  1.00E-07
  7.500E-01 4.50714E-16  1.538E-06  1.864E-08  1.016E-08  6.039E-14  5.150E-14  1.00E-07
  7.750E-01 4.50623E-16  1.590E-06  1.864E-08  1.016E-08  6.240E-14  5.321E-14  1.00E-07
  8.000E-01 4.50530E-16  1.641E-06  1.864E-08  1.016E-08  6.440E-14  5.493E-14  1.00E-07
  8.250E-01 4.50434E-16  1.693E-06  1.864E-08  1.016E-08  6.640E-14  5.664E-14  1.00E-07
  8.500E-01 4.50335E-16  1.744E-06  1.863E-08  1.016E-08  6.841E-14  5.836E-14  1.00E-07
  8.750E-01 4.50232E-16  1.796E-06  1.863E-08  1.016E-08  7.041E-14  6.008E-14  1.00E-07
  9.000E-01 4.50127E-16  1.847E-06  1.863E-08  1.016E-08  7.241E-14  6.179E-14  1.00E-07
  9.250E-01 4.50019E-16  1.899E-06  1.863E-08  1.015E-08  7.441E-14  6.350E-14  1.00E-07
  9.500E-01 4.49908E-16  1.950E-06  1.862E-08  1.015E-08  7.641E-14  6.522E-14  1.00E-07
  9.750E-01 4.49794E-16  2.002E-06  1.862E-08  1.015E-08  7.840E-14  6.693E-14  1.00E-07
  1.000E+00 4.49678E-16  2.053E-06  1.862E-08  1.015E-08  8.040E-14  6.865E-14  1.00E-07
  1.100E+00 4.49181E-16  2.260E-06  1.860E-08  1.015E-08  8.838E-14  7.550E-14  1.00E-07
  1.200E+00 4.48639E-16  2.466E-06  1.859E-08  1.015E-08  9.633E-14  8.236E-14  1.00E-07
  1.300E+00 4.48050E-16  2.674E-06  1.858E-08  1.015E-08  1.043E-13  8.921E-14  1.00E-07
  1.400E+00 4.47415E-16  2.881E-06  1.856E-08  1.015E-08  1.122E-13  9.606E-14  1.00E-07
  1.500E+00 4.46735E-16  3.089E-06  1.854E-08  1.014E-08  1.201E-13  1.029E-13  1.00E-07
  1.600E+00 4.46009E-16  3.297E-06  1.852E-08  1.014E-08  1.279E-13  1.097E-13  1.00E-07
  1.700E+00 4.45238E-16  3.506E-06  1.850E-08  1.014E-08  1.358E-13  1.166E-13  1.00E-07
  1.800E+00 4.44423E-16  3.715E-06  1.848E-08  1.014E-08  1.436E-13  1.234E-13  1.00E-07
  1.900E+00 4.43563E-16  3.925E-06  1.846E-08  1.013E-08  1.514E-13  1.302E-13  1.00E-07
  2.000E+00 4.42658E-16  4.136E-06  1.844E-08  1.013E-08  1.591E-13  1.371E-13  1.00E-07
  2.100E+00 4.41711E-16  4.347E-06  1.842E-08  1.013E-08  1.668E-13  1.439E-13  1.00E-07
  2.200E+00 4.40720E-16  4.558E-06  1.839E-08  1.012E-08  1.745E-13  1.507E-13  1.00E-07
  2.300E+00 4.39686E-16  4.771E-06  1.836E-08  1.012E-08  1.822E-13  1.575E-13  1.00E-07
  2.400E+00 4.38609E-16  4.984E-06  1.834E-08  1.012E-08  1.898E-13  1.643E-13  1.00E-07
  2.500E+00 4.37491E-16  5.197E-06  1.831E-08  1.011E-08  1.973E-13  1.711E-13  1.00E-07
  2.600E+00 4.36331E-16  5.412E-06  1.828E-08  1.011E-08  2.049E-13  1.779E-13  1.00E-07
  2.700E+00 4.35130E-16  5.627E-06  1.825E-08  1.011E-08  2.124E-13  1.847E-13  1.00E-07
  2.800E+00 4.33888E-16  5.843E-06  1.822E-08  1.010E-08  2.198E-13  1.915E-13  1.00E-07
  2.900E+00 4.32607E-16  6.059E-06  1.818E-08  1.010E-08  2.272E-13  1.983E-13  1.00E-07
  3.000E+00 4.31285E-16  6.277E-06  1.815E-08  1.009E-08  2.345E-13  2.050E-13  1.00E-07
  3.100E+00 4.29925E-16  6.495E-06  1.811E-08  1.009E-08  2.418E-13  2.118E-13  1.00E-07
  3.200E+00 4.28526E-16  6.715E-06  1.808E-08  1.008E-08  2.491E-13  2.185E-13  1.00E-07
  3.300E+00 4.27089E-16  6.935E-06  1.804E-08  1.008E-08  2.563E-13  2.253E-13  1.00E-07
  3.400E+00 4.25615E-16  7.156E-06  1.800E-08  1.007E-08  2.635E-13  2.320E-13  1.00E-07
  3.500E+00 4.24104E-16  7.379E-06  1.796E-08  1.007E-08  2.705E-13  2.388E-13  1.00E-07
  3.600E+00 4.22557E-16  7.602E-06  1.792E-08  1.006E-08  2.776E-13  2.455E-13  1.00E-07
  3.700E+00 4.20974E-16  7.826E-06  1.788E-08  1.006E-08  2.846E-13  2.522E-13  1.00E-07
  3.800E+00 4.19356E-16  8.052E-06  1.784E-08  1.005E-08  2.915E-13  2.589E-13  1.00E-07
  3.900E+00 4.17703E-16  8.278E-06  1.780E-08  1.005E-08  2.984E-13  2.656E-13  1.00E-07
  4.000E+00 4.16017E-16  8.506E-06  1.775E-08  1.004E-08  3.052E-13  2.723E-13  1.00E-07
  4.100E+00 4.14298E-16  8.735E-06  1.771E-08  1.004E-08  3.119E-13  2.790E-13  1.00E-07
  4.200E+00 4.12546E-16  8.965E-06  1.766E-08  1.003E-08  3.186E-13  2.856E-13  1.00E-07
  4.300E+00 4.10763E-16  9.197E-06  1.762E-08  1.002E-08  3.253E-13  2.923E-13  1.00E-07
  4.400E+00 4.08948E-16  9.429E-06  1.757E-08  1.002E-08  3.318E-13  2.990E-13  1.00E-07
  4.500E+00 4.07103E-16  9.663E-06  1.752E-08  1.001E-08  3.383E-13  3.056E-13  1.00E-07
  4.600E+00 4.05227E-16  9.898E-06  1.747E-08  1.000E-08  3.447E-13  3.122E-13  1.00E-07
  4.700E+00 4.03323E-16  1.013E-05  1.742E-08  9.997E-09  3.511E-13  3.189E-13  1.00E-07
  4.800E+00 4.01390E-16  1.037E-05  1.737E-08  9.990E-09  3.574E-13  3.255E-13  1.00E-07
  4.900E+00 3.99430E-16  1.061E-05  1.731E-08  9.983E-09  3.636E-13  3.321E-13  1.00E-07
  5.000E+00 3.97442E-16  1.085E-05  1.726E-08  9.975E-09  3.698E-13  3.387E-13  1.00E-07
  5.100E+00 3.95428E-16  1.110E-05  1.721E-08  9.968E-09  3.759E-13  3.452E-13  1.00E-07
  5.200E+00 3.93389E-16  1.134E-05  1.715E-08  9.960E-09  3.819E-13  3.518E-13  1.00E-07
  5.300E+00 3.91324E-16  1.158E-05  1.710E-08  9.953E-09  3.878E-13  3.584E-13  1.00E-07
  5.400E+00 3.89235E-16  1.183E-05  1.704E-08  9.945E-09  3.937E-13  3.649E-13  1.00E-07
  5.500E+00 3.87123E-16  1.208E-05  1.698E-08  9.937E-09  3.995E-13  3.714E-13  1.00E-07
  5.600E+00 3.84987E-16  1.233E-05  1.692E-08  9.929E-09  4.052E-13  3.780E-13  1.00E-07
  5.700E+00 3.82830E-16  1.258E-05  1.686E-08  9.921E-09  4.108E-13  3.845E-13  1.00E-07
  5.800E+00 3.80651E-16  1.283E-05  1.680E-08  9.912E-09  4.164E-13  3.910E-13  1.00E-07
  5.900E+00 3.78451E-16  1.309E-05  1.674E-08  9.904E-09  4.218E-13  3.974E-13  1.00E-07
  6.000E+00 3.76232E-16  1.335E-05  1.668E-08  9.895E-09  4.273E-13  4.039E-13  1.00E-07
  6.100E+00 3.73993E-16  1.360E-05  1.662E-08  9.886E-09  4.326E-13  4.104E-13  1.00E-07
  6.200E+00 3.71736E-16  1.386E-05  1.656E-08  9.877E-09  4.378E-13  4.168E-13  1.00E-07
  6.300E+00 3.69461E-16  1.413E-05  1.649E-08  9.868E-09  4.430E-13  4.232E-13  1.00E-07
  6.400E+00 3.67168E-16  1.439E-05  1.643E-08  9.859E-09  4.481E-13  4.296E-13  1.00E-07
  6.500E+00 3.64859E-16  1.466E-05  1.637E-08  9.850E-09  4.530E-13  4.360E-13  1.00E-07
  6.600E+00 3.62535E-16  1.492E-05  1.630E-08  9.840E-09  4.580E-13  4.424E-13  1.00E-07
  6.700E+00 3.60196E-16  1.519E-05  1.623E-08  9.831E-09  4.628E-13  4.488E-13  1.00E-07
  6.800E+00 3.57842E-16  1.547E-05  1.617E-08  9.821E-09  4.675E-13  4.552E-13  1.00E-07
  6.900E+00 3.55474E-16  1.574E-05  1.610E-08  9.811E-09  4.722E-13  4.615E-13  1.00E-07
  7.000E+00 3.53094E-16  1.601E-05  1.603E-08  9.801E-09  4.768E-13  4.678E-13  1.00E-07
  7.100E+00 3.50702E-16  1.629E-05  1.596E-08  9.791E-09  4.813E-13  4.741E-13  1.00E-07
  7.200E+00 3.48297E-16  1.657E-05  1.589E-08  9.781E-09  4.857E-13  4.804E-13  1.00E-07
  7.300E+00 3.45883E-16  1.685E-05  1.582E-08  9.771E-09  4.900E-13  4.867E-13  1.00E-07
  7.400E+00 3.43457E-16  1.714E-05  1.575E-08  9.760E-09  4.942E-13  4.930E-13  1.00E-07
  7.500E+00 3.41023E-16  1.742E-05  1.568E-08  9.749E-09  4.984E-13  4.992E-13  1.00E-07
  7.600E+00 3.38579E-16  1.771E-05  1.561E-08  9.739E-09  5.025E-13  5.055E-13  1.00E-07
  7.700E+00 3.36127E-16  1.800E-05  1.554E-08  9.728E-09  5.064E-13  5.117E-13  1.00E-07
  7.800E+00 3.33668E-16  1.829E-05  1.547E-08  9.717E-09  5.103E-13  5.179E-13  1.00E-07
  7.900E+00 3.31202E-16  1.859E-05  1.539E-08  9.706E-09  5.141E-13  5.241E-13  1.00E-07
  8.000E+00 3.28729E-16  1.889E-05  1.532E-08  9.694E-09  5.178E-13  5.303E-13  1.00E-07
  8.100E+00 3.26251E-16  1.919E-05  1.525E-08  9.683E-09  5.214E-13  5.364E-13  1.00E-07
  8.200E+00 3.23768E-16  1.949E-05  1.517E-08  9.672E-09  5.250E-13  5.425E-13  1.00E-07
  8.300E+00 3.21280E-16  1.979E-05  1.510E-08  9.660E-09  5.284E-13  5.487E-13  1.00E-07
  8.400E+00 3.18789E-16  2.010E-05  1.502E-08  9.648E-09  5.318E-13  5.548E-13  1.00E-07
  8.500E+00 3.16294E-16  2.041E-05  1.495E-08  9.636E-09  5.351E-13  5.609E-13  1.00E-07
  8.600E+00 3.13797E-16  2.072E-05  1.487E-08  9.624E-09  5.382E-13  5.669E-13  1.00E-07
  8.700E+00 3.11298E-16  2.103E-05  1.480E-08  9.612E-09  5.413E-13  5.730E-13  1.00E-07
  8.800E+00 3.08797E-16  2.135E-05  1.472E-08  9.600E-09  5.443E-13  5.790E-13  1.00E-07
  8.900E+00 3.06295E-16  2.167E-05  1.464E-08  9.588E-09  5.472E-13  5.850E-13  1.00E-07
  9.000E+00 3.03793E-16  2.199E-05  1.456E-08  9.575E-09  5.501E-13  5.910E-13  1.00E-07
  9.100E+00 3.01291E-16  2.231E-05  1.449E-08  9.563E-09  5.528E-13  5.970E-13  1.00E-07
  9.200E+00 2.98790E-16  2.264E-05  1.441E-08  9.550E-09  5.554E-13  6.029E-13  1.00E-07
  9.300E+00 2.96290E-16  2.297E-05  1.433E-08  9.537E-09  5.580E-13  6.089E-13  1.00E-07
  9.400E+00 2.93792E-16  2.330E-05  1.425E-08  9.524E-09  5.605E-13  6.148E-13  1.00E-07
  9.500E+00 2.91296E-16  2.364E-05  1.417E-08  9.511E-09  5.629E-13  6.207E-13  1.00E-07
  9.600E+00 2.88803E-16  2.397E-05  1.409E-08  9.498E-09  5.651E-13  6.266E-13  1.00E-07
  9.700E+00 2.86313E-16  2.431E-05  1.401E-08  9.485E-09  5.674E-13  6.324E-13  1.00E-07
  9.800E+00 2.83827E-16  2.466E-05  1.393E-08  9.471E-09  5.695E-13  6.383E-13  1.00E-07
  9.900E+00 2.81346E-16  2.500E-05  1.385E-08  9.458E-09  5.715E-13  6.441E-13  1.00E-07
  1.000E+01 2.78869E-16  2.535E-05  1.377E-08  9.444E-09  5.734E-13  6.499E-13  1.00E-07
  1.025E+01 2.72699E-16  2.624E-05  1.357E-08  9.410E-09  5.779E-13  6.643E-13  1.00E-07
  1.050E+01 2.66569E-16  2.714E-05  1.337E-08  9.375E-09  5.818E-13  6.786E-13  1.00E-07
  1.075E+01 2.60484E-16  2.806E-05  1.316E-08  9.339E-09  5.852E-13  6.928E-13  1.00E-07
  1.100E+01 2.54450E-16  2.899E-05  1.296E-08  9.302E-09  5.880E-13  7.068E-13  1.00E-07
  1.125E+01 2.48473E-16  2.995E-05  1.275E-08  9.265E-09  5.904E-13  7.207E-13  1.00E-07
  1.150E+01 2.42558E-16  3.093E-05  1.255E-08  9.227E-09  5.922E-13  7.345E-13  1.00E-07
  1.175E+01 2.36710E-16  3.192E-05  1.234E-08  9.189E-09  5.934E-13  7.481E-13  1.00E-07
  1.200E+01 2.30933E-16  3.294E-05  1.213E-08  9.150E-09  5.942E-13  7.616E-13  1.00E-07
  1.225E+01 2.25232E-16  3.398E-05  1.193E-08  9.110E-09  5.945E-13  7.749E-13  1.00E-07
  1.250E+01 2.19610E-16  3.503E-05  1.172E-08  9.070E-09  5.942E-13  7.881E-13  1.00E-07
  1.275E+01 2.14071E-16  3.611E-05  1.151E-08  9.029E-09  5.935E-13  8.012E-13  1.00E-07
  1.300E+01 2.08617E-16  3.721E-05  1.131E-08  8.988E-09  5.923E-13  8.141E-13  1.00E-07
  1.325E+01 2.03252E-16  3.833E-05  1.110E-08  8.946E-09  5.906E-13  8.269E-13  1.00E-07
  1.350E+01 1.97978E-16  3.947E-05  1.090E-08  8.904E-09  5.885E-13  8.395E-13  1.00E-07
  1.375E+01 1.92797E-16  4.063E-05  1.069E-08  8.861E-09  5.859E-13  8.520E-13  1.00E-07
  1.400E+01 1.87710E-16  4.181E-05  1.049E-08  8.817E-09  5.829E-13  8.643E-13  1.00E-07
  1.425E+01 1.82720E-16  4.301E-05  1.028E-08  8.773E-09  5.795E-13  8.765E-13  1.00E-07
  1.450E+01 1.77828E-16  4.424E-05  1.008E-08  8.729E-09  5.756E-13  8.885E-13  1.00E-07
  1.475E+01 1.73034E-16  4.548E-05  9.881E-09  8.684E-09  5.713E-13  9.004E-13  1.00E-07
  1.500E+01 1.68340E-16  4.675E-05  9.681E-09  8.638E-09  5.666E-13  9.121E-13  1.00E-07
  1.525E+01 1.63746E-16  4.804E-05  9.482E-09  8.592E-09  5.615E-13  9.236E-13  1.00E-07
  1.550E+01 1.59252E-16  4.935E-05  9.285E-09  8.546E-09  5.560E-13  9.350E-13  1.00E-07
  1.575E+01 1.54859E-16  5.068E-05  9.089E-09  8.499E-09  5.502E-13  9.463E-13  1.00E-07
  1.600E+01 1.50566E-16  5.204E-05  8.895E-09  8.452E-09  5.440E-13  9.573E-13  1.00E-07
  1.625E+01 1.46373E-16  5.341E-05  8.702E-09  8.405E-09  5.375E-13  9.683E-13  1.00E-07
  1.650E+01 1.42280E-16  5.481E-05  8.511E-09  8.357E-09  5.306E-13  9.790E-13  1.00E-07
  1.675E+01 1.38287E-16  5.622E-05  8.322E-09  8.309E-09  5.233E-13  9.896E-13  1.00E-07
  1.700E+01 1.34392E-16  5.766E-05  8.134E-09  8.260E-09  5.158E-13  1.000E-12  1.00E-07
  1.725E+01 1.30594E-16  5.911E-05  7.948E-09  8.211E-09  5.079E-13  1.010E-12  1.00E-07
  1.750E+01 1.26894E-16  6.059E-05  7.764E-09  8.162E-09  4.998E-13  1.020E-12  1.00E-07
  1.775E+01 1.23289E-16  6.208E-05  7.582E-09  8.112E-09  4.913E-13  1.030E-12  1.00E-07
  1.800E+01 1.19778E-16  6.359E-05  7.402E-09  8.062E-09  4.826E-13  1.040E-12  1.00E-07
  1.825E+01 1.16361E-16  6.512E-05  7.223E-09  8.012E-09  4.736E-13  1.050E-12  1.00E-07
  1.850E+01 1.13036E-16  6.667E-05  7.047E-09  7.961E-09  4.644E-13  1.059E-12  1.00E-07
  1.875E+01 1.09802E-16  6.823E-05  6.872E-09  7.910E-09  4.549E-13  1.069E-12  1.00E-07
  1.900E+01 1.06656E-16  6.981E-05  6.700E-09  7.859E-09  4.451E-13  1.078E-12  1.00E-07
  1.925E+01 1.03599E-16  7.140E-05  6.530E-09  7.808E-09  4.351E-13  1.087E-12  1.00E-07
  1.950E+01 1.00627E-16  7.301E-05  6.361E-09  7.756E-09  4.249E-13  1.096E-12  1.00E-07
  1.975E+01 9.77398E-17  7.463E-05  6.195E-09  7.704E-09  4.145E-13  1.104E-12  1.00E-07
  2.000E+01 9.49354E-17  7.627E-05  6.031E-09  7.652E-09  4.039E-13  1.113E-12  1.00E-07
  2.025E+01 9.22120E-17  7.791E-05  5.869E-09  7.600E-09  3.931E-13  1.121E-12  1.00E-07
  2.050E+01 8.95680E-17  7.957E-05  5.710E-09  7.548E-09  3.821E-13  1.129E-12  1.00E-07
  2.075E+01 8.70017E-17  8.124E-05  5.552E-09  7.495E-09  3.709E-13  1.137E-12  1.00E-07
  2.100E+01 8.45113E-17  8.291E-05  5.397E-09  7.442E-09  3.596E-13  1.145E-12  1.00E-07
  2.125E+01 8.20952E-17  8.460E-05  5.244E-09  7.389E-09  3.480E-13  1.153E-12  1.00E-07
  2.150E+01 7.97515E-17  8.629E-05  5.092E-09  7.336E-09  3.364E-13  1.160E-12  1.00E-07
  2.175E+01 7.74785E-17  8.798E-05  4.944E-09  7.283E-09  3.246E-13  1.168E-12  1.00E-07
  2.200E+01 7.52744E-17  8.967E-05  4.797E-09  7.229E-09  3.126E-13  1.175E-12  1.00E-07
  2.225E+01 7.31376E-17  9.137E-05  4.652E-09  7.176E-09  3.005E-13  1.182E-12  1.00E-07
  2.250E+01 7.10663E-17  9.307E-05  4.510E-09  7.122E-09  2.883E-13  1.189E-12  1.00E-07
  2.275E+01 6.90588E-17  9.477E-05  4.370E-09  7.069E-09  2.760E-13  1.195E-12  1.00E-07
  2.300E+01 6.71134E-17  9.647E-05  4.232E-09  7.015E-09  2.636E-13  1.202E-12  1.00E-07
  2.325E+01 6.52284E-17  9.816E-05  4.096E-09  6.961E-09  2.511E-13  1.208E-12  1.00E-07
  2.350E+01 6.34021E-17  9.984E-05  3.962E-09  6.907E-09  2.384E-13  1.215E-12  1.00E-07
  2.375E+01 6.16330E-17  1.015E-04  3.830E-09  6.853E-09  2.257E-13  1.221E-12  1.00E-07
  2.400E+01 5.99194E-17  1.032E-04  3.701E-09  6.799E-09  2.129E-13  1.227E-12  1.00E-07
  2.425E+01 5.82597E-17  1.048E-04  3.573E-09  6.745E-09  2.001E-13  1.232E-12  1.00E-07
  2.450E+01 5.66523E-17  1.065E-04  3.448E-09  6.691E-09  1.871E-13  1.238E-12  1.00E-07
  2.475E+01 5.50958E-17  1.081E-04  3.324E-09  6.637E-09  1.741E-13  1.243E-12  1.00E-07
  2.500E+01 5.35886E-17  1.097E-04  3.203E-09  6.582E-09  1.611E-13  1.249E-12  1.00E-07
  2.550E+01 5.07163E-17  1.129E-04  2.967E-09  6.474E-09  1.348E-13  1.259E-12  1.00E-07
  2.600E+01 4.80239E-17  1.160E-04  2.739E-09  6.366E-09  1.083E-13  1.269E-12  1.00E-07
  2.650E+01 4.55006E-17  1.189E-04  2.518E-09  6.258E-09  8.174E-14  1.278E-12  1.00E-07
  2.700E+01 4.31359E-17  1.218E-04  2.306E-09  6.150E-09  5.507E-14  1.286E-12  1.00E-07
  2.750E+01 4.09198E-17  1.245E-04  2.101E-09  6.042E-09  2.835E-14  1.294E-12  1.00E-07
  2.800E+01 3.88429E-17  1.270E-04  1.903E-09  5.935E-09  1.600E-15  1.301E-12  1.00E-07
  2.850E+01 3.68964E-17  1.293E-04  1.713E-09  5.828E-09 -2.514E-14  1.308E-12  1.00E-07
  2.900E+01 3.50717E-17  1.315E-04  1.529E-09  5.721E-09 -5.184E-14  1.314E-12  1.00E-07
  2.950E+01 3.33610E-17  1.335E-04  1.353E-09  5.615E-09 -7.847E-14  1.320E-12  1.00E-07
  3.000E+01 3.17568E-17  1.352E-04  1.183E-09  5.510E-09 -1.050E-13  1.325E-12  1.00E-07
  3.050E+01 3.02519E-17  1.366E-04  1.020E-09  5.405E-09 -1.314E-13  1.329E-12  1.00E-07
  3.100E+01 2.88399E-17  1.378E-04  8.636E-10  5.300E-09 -1.577E-13  1.334E-12  1.00E-07
  3.150E+01 2.75144E-17  1.388E-04  7.131E-10  5.197E-09 -1.838E-13  1.337E-12  1.00E-07
  3.200E+01 2.62698E-17  1.394E-04  5.687E-10  5.094E-09 -2.098E-13  1.340E-12  1.00E-07
  3.250E+01 2.51006E-17  1.397E-04  4.302E-10  4.992E-09 -2.355E-13  1.343E-12  1.00E-07
  3.300E+01 2.40016E-17  1.397E-04  2.973E-10  4.890E-09 -2.611E-13  1.345E-12  1.00E-07
  3.350E+01 2.29682E-17  1.394E-04  1.699E-10  4.790E-09 -2.864E-13  1.347E-12  1.00E-07
  3.400E+01 2.19960E-17  1.387E-04  4.792E-11  4.690E-09 -3.115E-13  1.348E-12  1.00E-07
  3.450E+01 2.10808E-17  1.376E-04 -6.891E-11  4.591E-09 -3.363E-13  1.349E-12  1.00E-07
  3.500E+01 2.02188E-17  1.362E-04 -1.807E-10  4.493E-09 -3.608E-13  1.350E-12  1.00E-07
  3.550E+01 1.94064E-17  1.344E-04 -2.877E-10  4.396E-09 -3.851E-13  1.350E-12  1.00E-07
  3.600E+01 1.86402E-17  1.323E-04 -3.899E-10  4.300E-09 -4.091E-13  1.349E-12  1.00E-07
  3.650E+01 1.79172E-17  1.297E-04 -4.876E-10  4.205E-09 -4.328E-13  1.349E-12  1.00E-07
  3.700E+01 1.72345E-17  1.268E-04 -5.809E-10  4.111E-09 -4.562E-13  1.348E-12  1.00E-07
  3.750E+01 1.65894E-17  1.234E-04 -6.700E-10  4.018E-09 -4.792E-13  1.346E-12  1.00E-07
  3.800E+01 1.59795E-17  1.196E-04 -7.549E-10  3.926E-09 -5.020E-13  1.344E-12  1.00E-07
  3.850E+01 1.54023E-17  1.155E-04 -8.359E-10  3.835E-09 -5.245E-13  1.342E-12  1.00E-07
  3.900E+01 1.48558E-17  1.109E-04 -9.130E-10  3.745E-09 -5.466E-13  1.340E-12  1.00E-07
  3.950E+01 1.43380E-17  1.059E-04 -9.864E-10  3.656E-09 -5.683E-13  1.337E-12  1.00E-07
  4.000E+01 1.38469E-17  1.005E-04 -1.056E-09  3.568E-09 -5.898E-13  1.334E-12  1.00E-07
  4.050E+01 1.33810E-17  9.465E-05 -1.123E-09  3.481E-09 -6.109E-13  1.330E-12  1.00E-07
  4.100E+01 1.29385E-17  8.842E-05 -1.186E-09  3.396E-09 -6.317E-13  1.327E-12  1.00E-07
  4.150E+01 1.25180E-17  8.179E-05 -1.246E-09  3.312E-09 -6.521E-13  1.323E-12  1.00E-07
  4.200E+01 1.21181E-17  7.474E-05 -1.302E-09  3.228E-09 -6.722E-13  1.318E-12  1.00E-07
  4.250E+01 1.17375E-17  6.730E-05 -1.356E-09  3.146E-09 -6.919E-13  1.314E-12  1.00E-07
  4.300E+01 1.13750E-17  5.945E-05 -1.407E-09  3.065E-09 -7.113E-13  1.309E-12  1.00E-07
  4.350E+01 1.10296E-17  5.121E-05 -1.455E-09  2.985E-09 -7.303E-13  1.304E-12  1.00E-07
  4.400E+01 1.07001E-17  4.258E-05 -1.501E-09  2.907E-09 -7.490E-13  1.299E-12  1.00E-07
  4.450E+01 1.03857E-17  3.356E-05 -1.544E-09  2.829E-09 -7.674E-13  1.294E-12  1.00E-07
  4.500E+01 1.00854E-17  2.416E-05 -1.584E-09  2.753E-09 -7.853E-13  1.288E-12  1.00E-07
  4.550E+01 9.79847E-18  1.439E-05 -1.622E-09  2.677E-09 -8.030E-13  1.282E-12  1.00E-07
  4.600E+01 9.52404E-18  4.251E-06 -1.658E-09  2.603E-09 -8.203E-13  1.276E-12  1.00E-07
  4.650E+01 9.26141E-18 -6.252E-06 -1.691E-09  2.530E-09 -8.372E-13  1.270E-12  1.00E-07
  4.700E+01 9.00994E-18 -1.711E-05 -1.723E-09  2.458E-09 -8.539E-13  1.263E-12  1.00E-07
  4.750E+01 8.76898E-18 -2.832E-05 -1.752E-09  2.387E-09 -8.701E-13  1.257E-12  1.00E-07
  4.800E+01 8.53796E-18 -3.987E-05 -1.779E-09  2.318E-09 -8.861E-13  1.250E-12  1.00E-07
  4.850E+01 8.31634E-18 -5.175E-05 -1.805E-09  2.249E-09 -9.016E-13  1.243E-12  1.00E-07
  4.900E+01 8.10360E-18 -6.396E-05 -1.829E-09  2.182E-09 -9.169E-13  1.236E-12  1.00E-07
  4.950E+01 7.89928E-18 -7.649E-05 -1.851E-09  2.115E-09 -9.318E-13  1.228E-12  1.00E-07
  5.000E+01 7.70293E-18 -8.934E-05 -1.871E-09  2.050E-09 -9.464E-13  1.221E-12  1.00E-07
  5.050E+01 7.51414E-18 -1.025E-04 -1.890E-09  1.986E-09 -9.606E-13  1.213E-12  1.00E-07
  5.100E+01 7.33252E-18 -1.159E-04 -1.907E-09  1.923E-09 -9.746E-13  1.206E-12  1.00E-07
  5.150E+01 7.15771E-18 -1.297E-04 -1.922E-09  1.861E-09 -9.882E-13  1.198E-12  1.00E-07
  5.200E+01 6.98936E-18 -1.437E-04 -1.936E-09  1.800E-09 -1.001E-12  1.190E-12  1.00E-07
  5.250E+01 6.82717E-18 -1.580E-04 -1.949E-09  1.740E-09 -1.014E-12  1.182E-12  1.00E-07
  5.300E+01 6.67083E-18 -1.725E-04 -1.961E-09  1.681E-09 -1.027E-12  1.174E-12  1.00E-07
  5.350E+01 6.52006E-18 -1.873E-04 -1.971E-09  1.623E-09 -1.039E-12  1.166E-12  1.00E-07
  5.400E+01 6.37460E-18 -2.024E-04 -1.980E-09  1.566E-09 -1.051E-12  1.158E-12  1.00E-07
  5.450E+01 6.23421E-18 -2.177E-04 -1.988E-09  1.511E-09 -1.063E-12  1.149E-12  1.00E-07
  5.500E+01 6.09864E-18 -2.332E-04 -1.995E-09  1.456E-09 -1.075E-12  1.141E-12  1.00E-07
  5.550E+01 5.96768E-18 -2.490E-04 -2.001E-09  1.402E-09 -1.086E-12  1.132E-12  1.00E-07
  5.600E+01 5.84113E-18 -2.650E-04 -2.005E-09  1.349E-09 -1.097E-12  1.124E-12  1.00E-07
  5.650E+01 5.71879E-18 -2.812E-04 -2.009E-09  1.297E-09 -1.107E-12  1.115E-12  1.00E-07
  5.700E+01 5.60048E-18 -2.975E-04 -2.012E-09  1.246E-09 -1.117E-12  1.106E-12  1.00E-07
  5.750E+01 5.48602E-18 -3.141E-04 -2.014E-09  1.196E-09 -1.127E-12  1.098E-12  1.00E-07
  5.800E+01 5.37525E-18 -3.309E-04 -2.015E-09  1.147E-09 -1.137E-12  1.089E-12  1.00E-07
  5.850E+01 5.26801E-18 -3.478E-04 -2.015E-09  1.099E-09 -1.146E-12  1.080E-12  1.00E-07
  5.900E+01 5.16417E-18 -3.649E-04 -2.014E-09  1.052E-09 -1.155E-12  1.071E-12  1.00E-07
  5.950E+01 5.06358E-18 -3.821E-04 -2.013E-09  1.005E-09 -1.164E-12  1.062E-12  1.00E-07
  6.000E+01 4.96611E-18 -3.995E-04 -2.011E-09  9.600E-10 -1.173E-12  1.053E-12  1.00E-07
  6.050E+01 4.87163E-18 -4.170E-04 -2.008E-09  9.154E-10 -1.181E-12  1.044E-12  1.00E-07
  6.100E+01 4.78004E-18 -4.347E-04 -2.005E-09  8.716E-10 -1.189E-12  1.035E-12  1.00E-07
  6.150E+01 4.69121E-18 -4.525E-04 -2.001E-09  8.287E-10 -1.197E-12  1.026E-12  1.00E-07
  6.200E+01 4.60504E-18 -4.704E-04 -1.997E-09  7.866E-10 -1.205E-12  1.017E-12  1.00E-07
  6.250E+01 4.52143E-18 -4.884E-04 -1.991E-09  7.454E-10 -1.212E-12  1.008E-12  1.00E-07
  6.300E+01 4.44029E-18 -5.065E-04 -1.986E-09  7.049E-10 -1.219E-12  9.989E-13  1.00E-07
  6.350E+01 4.36152E-18 -5.246E-04 -1.980E-09  6.652E-10 -1.226E-12  9.898E-13  1.00E-07
  6.400E+01 4.28503E-18 -5.429E-04 -1.973E-09  6.263E-10 -1.232E-12  9.807E-13  1.00E-07
  6.450E+01 4.21074E-18 -5.612E-04 -1.966E-09  5.882E-10 -1.238E-12  9.716E-13  1.00E-07
  6.500E+01 4.13858E-18 -5.796E-04 -1.958E-09  5.509E-10 -1.245E-12  9.625E-13  1.00E-07
  6.550E+01 4.06846E-18 -5.980E-04 -1.950E-09  5.143E-10 -1.250E-12  9.534E-13  1.00E-07
  6.600E+01 4.00032E-18 -6.165E-04 -1.942E-09  4.784E-10 -1.256E-12  9.443E-13  1.00E-07
  6.650E+01 3.93409E-18 -6.350E-04 -1.933E-09  4.432E-10 -1.261E-12  9.352E-13  1.00E-07
  6.700E+01 3.86969E-18 -6.535E-04 -1.924E-09  4.088E-10 -1.266E-12  9.262E-13  1.00E-07
  6.750E+01 3.80708E-18 -6.721E-04 -1.915E-09  3.750E-10 -1.271E-12  9.171E-13  1.00E-07
  6.800E+01 3.74618E-18 -6.906E-04 -1.905E-09  3.419E-10 -1.276E-12  9.081E-13  1.00E-07
  6.850E+01 3.68694E-18 -7.092E-04 -1.895E-09  3.095E-10 -1.281E-12  8.991E-13  1.00E-07
  6.900E+01 3.62930E-18 -7.277E-04 -1.885E-09  2.778E-10 -1.285E-12  8.900E-13  1.00E-07
  6.950E+01 3.57321E-18 -7.462E-04 -1.874E-09  2.467E-10 -1.289E-12  8.811E-13  1.00E-07
  7.000E+01 3.51863E-18 -7.647E-04 -1.863E-09  2.162E-10 -1.293E-12  8.721E-13  1.00E-07
  7.050E+01 3.46550E-18 -7.832E-04 -1.852E-09  1.864E-10 -1.297E-12  8.632E-13  1.00E-07
  7.100E+01 3.41377E-18 -8.016E-04 -1.841E-09  1.572E-10 -1.300E-12  8.542E-13  1.00E-07
  7.150E+01 3.36340E-18 -8.200E-04 -1.829E-09  1.286E-10 -1.303E-12  8.454E-13  1.00E-07
  7.200E+01 3.31435E-18 -8.383E-04 -1.818E-09  1.006E-10 -1.306E-12  8.365E-13  1.00E-07
  7.250E+01 3.26657E-18 -8.565E-04 -1.806E-09  7.318E-11 -1.309E-12  8.277E-13  1.00E-07
  7.300E+01 3.22003E-18 -8.747E-04 -1.794E-09  4.633E-11 -1.312E-12  8.189E-13  1.00E-07
  7.350E+01 3.17469E-18 -8.927E-04 -1.782E-09  2.005E-11 -1.315E-12  8.102E-13  1.00E-07
  7.400E+01 3.13050E-18 -9.107E-04 -1.769E-09 -5.686E-12 -1.317E-12  8.014E-13  1.00E-07
  7.450E+01 3.08745E-18 -9.286E-04 -1.757E-09 -3.087E-11 -1.319E-12  7.928E-13  1.00E-07
  7.500E+01 3.04548E-18 -9.464E-04 -1.744E-09 -5.553E-11 -1.321E-12  7.841E-13  1.00E-07
  7.550E+01 3.00457E-18 -9.640E-04 -1.732E-09 -7.966E-11 -1.323E-12  7.755E-13  1.00E-07
  7.600E+01 2.96468E-18 -9.815E-04 -1.719E-09 -1.033E-10 -1.324E-12  7.670E-13  1.00E-07
  7.650E+01 2.92579E-18 -9.989E-04 -1.706E-09 -1.264E-10 -1.326E-12  7.584E-13  1.00E-07
  7.700E+01 2.88787E-18 -1.016E-03 -1.693E-09 -1.490E-10 -1.327E-12  7.500E-13  1.00E-07
  7.750E+01 2.85088E-18 -1.033E-03 -1.680E-09 -1.712E-10 -1.328E-12  7.415E-13  1.00E-07
  7.800E+01 2.81481E-18 -1.050E-03 -1.667E-09 -1.928E-10 -1.329E-12  7.331E-13  1.00E-07
  7.850E+01 2.77962E-18 -1.067E-03 -1.653E-09 -2.140E-10 -1.330E-12  7.248E-13  1.00E-07
  7.900E+01 2.74528E-18 -1.084E-03 -1.640E-09 -2.348E-10 -1.331E-12  7.165E-13  1.00E-07
  7.950E+01 2.71178E-18 -1.100E-03 -1.627E-09 -2.551E-10 -1.331E-12  7.083E-13  1.00E-07
  8.000E+01 2.67909E-18 -1.117E-03 -1.614E-09 -2.749E-10 -1.332E-12  7.001E-13  1.00E-07
  8.050E+01 2.64718E-18 -1.133E-03 -1.600E-09 -2.943E-10 -1.332E-12  6.919E-13  1.00E-07
  8.100E+01 2.61604E-18 -1.149E-03 -1.587E-09 -3.133E-10 -1.332E-12  6.838E-13  1.00E-07
  8.150E+01 2.58565E-18 -1.164E-03 -1.573E-09 -3.319E-10 -1.332E-12  6.758E-13  1.00E-07
  8.200E+01 2.55597E-18 -1.180E-03 -1.560E-09 -3.501E-10 -1.332E-12  6.678E-13  1.00E-07
  8.250E+01 2.52700E-18 -1.195E-03 -1.547E-09 -3.679E-10 -1.331E-12  6.598E-13  1.00E-07
  8.300E+01 2.49870E-18 -1.210E-03 -1.533E-09 -3.852E-10 -1.331E-12  6.519E-13  1.00E-07
  8.350E+01 2.47108E-18 -1.225E-03 -1.520E-09 -4.022E-10 -1.330E-12  6.441E-13  1.00E-07
  8.400E+01 2.44409E-18 -1.240E-03 -1.506E-09 -4.189E-10 -1.329E-12  6.363E-13  1.00E-07
  8.450E+01 2.41774E-18 -1.254E-03 -1.493E-09 -4.351E-10 -1.328E-12  6.285E-13  1.00E-07
  8.500E+01 2.39200E-18 -1.269E-03 -1.479E-09 -4.510E-10 -1.327E-12  6.209E-13  1.00E-07
  8.550E+01 2.36685E-18 -1.283E-03 -1.466E-09 -4.666E-10 -1.326E-12  6.132E-13  1.00E-07
  8.600E+01 2.34228E-18 -1.296E-03 -1.453E-09 -4.818E-10 -1.325E-12  6.057E-13  1.00E-07
  8.650E+01 2.31827E-18 -1.310E-03 -1.439E-09 -4.966E-10 -1.323E-12  5.981E-13  1.00E-07
  8.700E+01 2.29481E-18 -1.323E-03 -1.426E-09 -5.112E-10 -1.322E-12  5.907E-13  1.00E-07
  8.750E+01 2.27188E-18 -1.336E-03 -1.413E-09 -5.254E-10 -1.320E-12  5.833E-13  1.00E-07
  8.800E+01 2.24947E-18 -1.349E-03 -1.400E-09 -5.393E-10 -1.318E-12  5.759E-13  1.00E-07
  8.850E+01 2.22757E-18 -1.361E-03 -1.386E-09 -5.528E-10 -1.316E-12  5.686E-13  1.00E-07
  8.900E+01 2.20616E-18 -1.373E-03 -1.373E-09 -5.661E-10 -1.314E-12  5.614E-13  1.00E-07
  8.950E+01 2.18523E-18 -1.385E-03 -1.360E-09 -5.791E-10 -1.312E-12  5.542E-13  1.00E-07
  9.000E+01 2.16477E-18 -1.397E-03 -1.347E-09 -5.917E-10 -1.310E-12  5.471E-13  1.00E-07
  9.050E+01 2.14476E-18 -1.408E-03 -1.334E-09 -6.041E-10 -1.308E-12  5.400E-13  1.00E-07
  9.100E+01 2.12520E-18 -1.420E-03 -1.321E-09 -6.162E-10 -1.305E-12  5.330E-13  1.00E-07
  9.150E+01 2.10606E-18 -1.430E-03 -1.308E-09 -6.280E-10 -1.303E-12  5.261E-13  1.00E-07
  9.200E+01 2.08735E-18 -1.441E-03 -1.295E-09 -6.396E-10 -1.300E-12  5.192E-13  1.00E-07
  9.250E+01 2.06905E-18 -1.451E-03 -1.283E-09 -6.509E-10 -1.297E-12  5.123E-13  1.00E-07
  9.300E+01 2.05115E-18 -1.461E-03 -1.270E-09 -6.619E-10 -1.294E-12  5.055E-13  1.00E-07
  9.350E+01 2.03364E-18 -1.471E-03 -1.257E-09 -6.727E-10 -1.291E-12  4.988E-13  1.00E-07
  9.400E+01 2.01651E-18 -1.480E-03 -1.245E-09 -6.832E-10 -1.288E-12  4.922E-13  1.00E-07
  9.450E+01 1.99975E-18 -1.490E-03 -1.232E-09 -6.935E-10 -1.285E-12  4.855E-13  1.00E-07
  9.500E+01 1.98335E-18 -1.498E-03 -1.220E-09 -7.035E-10 -1.281E-12  4.790E-13  1.00E-07
  9.550E+01 1.96730E-18 -1.507E-03 -1.208E-09 -7.134E-10 -1.278E-12  4.725E-13  1.00E-07
  9.600E+01 1.95160E-18 -1.515E-03 -1.195E-09 -7.229E-10 -1.275E-12  4.661E-13  1.00E-07
  9.650E+01 1.93624E-18 -1.523E-03 -1.183E-09 -7.323E-10 -1.271E-12  4.597E-13  1.00E-07
  9.700E+01 1.92120E-18 -1.531E-03 -1.171E-09 -7.415E-10 -1.267E-12  4.534E-13  1.00E-07
  9.750E+01 1.90648E-18 -1.538E-03 -1.159E-09 -7.504E-10 -1.263E-12  4.471E-13  1.00E-07
  9.800E+01 1.89207E-18 -1.545E-03 -1.147E-09 -7.591E-10 -1.260E-12  4.409E-13  1.00E-07
  9.850E+01 1.87796E-18 -1.552E-03 -1.135E-09 -7.676E-10 -1.256E-12  4.348E-13  1.00E-07
  9.900E+01 1.86415E-18 -1.559E-03 -1.123E-09 -7.759E-10 -1.252E-12  4.287E-13  1.00E-07
  9.950E+01 1.85063E-18 -1.565E-03 -1.112E-09 -7.840E-10 -1.247E-12  4.227E-13  1.00E-07
  1.000E+02 1.83740E-18 -1.571E-03 -1.100E-09 -7.920E-10 -1.243E-12  4.167E-13  1.00E-07
  1.005E+02 1.82444E-18 -1.576E-03 -1.089E-09 -7.997E-10 -1.239E-12  4.108E-13  1.00E-07
  1.010E+02 1.81175E-18 -1.582E-03 -1.077E-09 -8.072E-10 -1.234E-12  4.049E-13  1.00E-07
  1.015E+02 1.79932E-18 -1.586E-03 -1.066E-09 -8.146E-10 -1.230E-12  3.991E-13  1.00E-07
  1.020E+02 1.78715E-18 -1.591E-03 -1.054E-09 -8.218E-10 -1.225E-12  3.934E-13  1.00E-07
  1.025E+02 1.77523E-18 -1.596E-03 -1.043E-09 -8.288E-10 -1.221E-12  3.877E-13  1.00E-07
  1.030E+02 1.76355E-18 -1.600E-03 -1.032E-09 -8.357E-10 -1.216E-12  3.820E-13  1.00E-07
  1.035E+02 1.75212E-18 -1.604E-03 -1.021E-09 -8.424E-10 -1.211E-12  3.765E-13  1.00E-07
  1.040E+02 1.74092E-18 -1.607E-03 -1.010E-09 -8.489E-10 -1.206E-12  3.710E-13  1.00E-07
  1.045E+02 1.72994E-18 -1.610E-03 -9.993E-10 -8.552E-10 -1.202E-12  3.655E-13  1.00E-07
  1.050E+02 1.71919E-18 -1.613E-03 -9.885E-10 -8.614E-10 -1.197E-12  3.601E-13  1.00E-07
  1.055E+02 1.70866E-18 -1.616E-03 -9.778E-10 -8.675E-10 -1.191E-12  3.547E-13  1.00E-07
  1.060E+02 1.69834E-18 -1.618E-03 -9.672E-10 -8.734E-10 -1.186E-12  3.494E-13  1.00E-07
  1.065E+02 1.68823E-18 -1.620E-03 -9.567E-10 -8.792E-10 -1.181E-12  3.442E-13  1.00E-07
  1.070E+02 1.67832E-18 -1.622E-03 -9.463E-10 -8.848E-10 -1.176E-12  3.390E-13  1.00E-07
  1.075E+02 1.66861E-18 -1.623E-03 -9.360E-10 -8.903E-10 -1.170E-12  3.339E-13  1.00E-07
  1.080E+02 1.65910E-18 -1.625E-03 -9.257E-10 -8.956E-10 -1.165E-12  3.288E-13  1.00E-07
  1.085E+02 1.64978E-18 -1.626E-03 -9.156E-10 -9.008E-10 -1.159E-12  3.238E-13  1.00E-07
  1.090E+02 1.64064E-18 -1.626E-03 -9.055E-10 -9.059E-10 -1.154E-12  3.188E-13  1.00E-07
  1.095E+02 1.63168E-18 -1.627E-03 -8.956E-10 -9.109E-10 -1.148E-12  3.139E-13  1.00E-07
  1.100E+02 1.62290E-18 -1.627E-03 -8.857E-10 -9.157E-10 -1.143E-12  3.090E-13  1.00E-07
  1.105E+02 1.61430E-18 -1.627E-03 -8.759E-10 -9.204E-10 -1.137E-12  3.042E-13  1.00E-07
  1.110E+02 1.60586E-18 -1.626E-03 -8.662E-10 -9.250E-10 -1.131E-12  2.995E-13  1.00E-07
  1.115E+02 1.59760E-18 -1.625E-03 -8.566E-10 -9.295E-10 -1.125E-12  2.948E-13  1.00E-07
  1.120E+02 1.58949E-18 -1.624E-03 -8.470E-10 -9.338E-10 -1.119E-12  2.901E-13  1.00E-07
  1.125E+02 1.58155E-18 -1.623E-03 -8.376E-10 -9.381E-10 -1.113E-12  2.855E-13  1.00E-07
  1.130E+02 1.57376E-18 -1.621E-03 -8.283E-10 -9.422E-10 -1.107E-12  2.810E-13  1.00E-07
  1.135E+02 1.56612E-18 -1.620E-03 -8.190E-10 -9.462E-10 -1.101E-12  2.765E-13  1.00E-07
  1.140E+02 1.55863E-18 -1.618E-03 -8.098E-10 -9.502E-10 -1.095E-12  2.720E-13  1.00E-07
  1.145E+02 1.55129E-18 -1.615E-03 -8.008E-10 -9.540E-10 -1.089E-12  2.677E-13  1.00E-07
  1.150E+02 1.54409E-18 -1.613E-03 -7.918E-10 -9.577E-10 -1.082E-12  2.633E-13  1.00E-07
  1.155E+02 1.53703E-18 -1.610E-03 -7.829E-10 -9.613E-10 -1.076E-12  2.590E-13  1.00E-07
  1.160E+02 1.53011E-18 -1.607E-03 -7.740E-10 -9.649E-10 -1.070E-12  2.548E-13  1.00E-07
  1.165E+02 1.52332E-18 -1.603E-03 -7.653E-10 -9.683E-10 -1.063E-12  2.506E-13  1.00E-07
  1.170E+02 1.51666E-18 -1.600E-03 -7.567E-10 -9.717E-10 -1.057E-12  2.465E-13  1.00E-07
  1.175E+02 1.51013E-18 -1.596E-03 -7.481E-10 -9.749E-10 -1.050E-12  2.424E-13  1.00E-07
  1.180E+02 1.50373E-18 -1.592E-03 -7.396E-10 -9.781E-10 -1.044E-12  2.383E-13  1.00E-07
  1.185E+02 1.49745E-18 -1.588E-03 -7.313E-10 -9.812E-10 -1.037E-12  2.343E-13  1.00E-07
  1.190E+02 1.49129E-18 -1.583E-03 -7.230E-10 -9.842E-10 -1.030E-12  2.304E-13  1.00E-07
  1.195E+02 1.48525E-18 -1.578E-03 -7.148E-10 -9.871E-10 -1.023E-12  2.265E-13  1.00E-07
  1.200E+02 1.47933E-18 -1.573E-03 -7.066E-10 -9.899E-10 -1.017E-12  2.227E-13  1.00E-07
  1.205E+02 1.47352E-18 -1.568E-03 -6.986E-10 -9.927E-10 -1.010E-12  2.189E-13  1.00E-07
  1.210E+02 1.46782E-18 -1.563E-03 -6.906E-10 -9.954E-10 -1.003E-12  2.151E-13  1.00E-07
  1.215E+02 1.46223E-18 -1.557E-03 -6.828E-10 -9.980E-10 -9.960E-13  2.114E-13  1.00E-07
  1.220E+02 1.45674E-18 -1.551E-03 -6.750E-10 -1.001E-09 -9.890E-13  2.077E-13  1.00E-07
  1.225E+02 1.45136E-18 -1.545E-03 -6.673E-10 -1.003E-09 -9.820E-13  2.041E-13  1.00E-07
  1.230E+02 1.44609E-18 -1.539E-03 -6.597E-10 -1.005E-09 -9.749E-13  2.006E-13  1.00E-07
  1.235E+02 1.44091E-18 -1.532E-03 -6.521E-10 -1.008E-09 -9.678E-13  1.970E-13  1.00E-07
  1.240E+02 1.43584E-18 -1.525E-03 -6.447E-10 -1.010E-09 -9.606E-13  1.936E-13  1.00E-07
  1.245E+02 1.43085E-18 -1.518E-03 -6.373E-10 -1.012E-09 -9.534E-13  1.901E-13  1.00E-07
  1.250E+02 1.42597E-18 -1.511E-03 -6.300E-10 -1.014E-09 -9.462E-13  1.868E-13  1.00E-07
  1.255E+02 1.42118E-18 -1.504E-03 -6.228E-10 -1.016E-09 -9.389E-13  1.834E-13  1.00E-07
  1.260E+02 1.41647E-18 -1.496E-03 -6.157E-10 -1.019E-09 -9.316E-13  1.801E-13  1.00E-07
  1.265E+02 1.41186E-18 -1.489E-03 -6.087E-10 -1.020E-09 -9.242E-13  1.769E-13  1.00E-07
  1.270E+02 1.40734E-18 -1.481E-03 -6.017E-10 -1.022E-09 -9.168E-13  1.737E-13  1.00E-07
  1.275E+02 1.40290E-18 -1.472E-03 -5.948E-10 -1.024E-09 -9.094E-13  1.705E-13  1.00E-07
  1.280E+02 1.39855E-18 -1.464E-03 -5.880E-10 -1.026E-09 -9.019E-13  1.674E-13  1.00E-07
  1.285E+02 1.39427E-18 -1.456E-03 -5.813E-10 -1.028E-09 -8.944E-13  1.643E-13  1.00E-07
  1.290E+02 1.39008E-18 -1.447E-03 -5.747E-10 -1.029E-09 -8.868E-13  1.612E-13  1.00E-07
  1.295E+02 1.38597E-18 -1.438E-03 -5.681E-10 -1.031E-09 -8.792E-13  1.582E-13  1.00E-07
  1.300E+02 1.38194E-18 -1.429E-03 -5.616E-10 -1.033E-09 -8.716E-13  1.553E-13  1.00E-07
  1.305E+02 1.37799E-18 -1.420E-03 -5.552E-10 -1.034E-09 -8.640E-13  1.524E-13  1.00E-07
  1.310E+02 1.37411E-18 -1.410E-03 -5.489E-10 -1.036E-09 -8.563E-13  1.495E-13  1.00E-07
  1.315E+02 1.37030E-18 -1.401E-03 -5.426E-10 -1.037E-09 -8.485E-13  1.466E-13  1.00E-07
  1.320E+02 1.36657E-18 -1.391E-03 -5.364E-10 -1.039E-09 -8.408E-13  1.438E-13  1.00E-07
  1.325E+02 1.36291E-18 -1.381E-03 -5.303E-10 -1.040E-09 -8.330E-13  1.411E-13  1.00E-07
  1.330E+02 1.35931E-18 -1.371E-03 -5.243E-10 -1.041E-09 -8.251E-13  1.384E-13  1.00E-07
  1.335E+02 1.35579E-18 -1.361E-03 -5.184E-10 -1.043E-09 -8.173E-13  1.357E-13  1.00E-07
  1.340E+02 1.35233E-18 -1.350E-03 -5.125E-10 -1.044E-09 -8.094E-13  1.330E-13  1.00E-07
  1.345E+02 1.34894E-18 -1.340E-03 -5.067E-10 -1.045E-09 -8.014E-13  1.304E-13  1.00E-07
  1.350E+02 1.34562E-18 -1.329E-03 -5.010E-10 -1.046E-09 -7.935E-13  1.279E-13  1.00E-07
  1.355E+02 1.34236E-18 -1.318E-03 -4.954E-10 -1.047E-09 -7.855E-13  1.253E-13  1.00E-07
  1.360E+02 1.33916E-18 -1.307E-03 -4.898E-10 -1.048E-09 -7.775E-13  1.228E-13  1.00E-07
  1.365E+02 1.33603E-18 -1.296E-03 -4.843E-10 -1.050E-09 -7.694E-13  1.204E-13  1.00E-07
  1.370E+02 1.33295E-18 -1.285E-03 -4.789E-10 -1.051E-09 -7.613E-13  1.180E-13  1.00E-07
  1.375E+02 1.32994E-18 -1.273E-03 -4.735E-10 -1.052E-09 -7.532E-13  1.156E-13  1.00E-07
  1.380E+02 1.32698E-18 -1.262E-03 -4.682E-10 -1.052E-09 -7.451E-13  1.132E-13  1.00E-07
  1.385E+02 1.32408E-18 -1.250E-03 -4.630E-10 -1.053E-09 -7.369E-13  1.109E-13  1.00E-07
  1.390E+02 1.32124E-18 -1.238E-03 -4.579E-10 -1.054E-09 -7.287E-13  1.086E-13  1.00E-07
  1.395E+02 1.31845E-18 -1.226E-03 -4.528E-10 -1.055E-09 -7.205E-13  1.064E-13  1.00E-07
  1.400E+02 1.31572E-18 -1.214E-03 -4.479E-10 -1.056E-09 -7.123E-13  1.042E-13  1.00E-07
  1.405E+02 1.31304E-18 -1.202E-03 -4.429E-10 -1.057E-09 -7.040E-13  1.020E-13  1.00E-07
  1.410E+02 1.31042E-18 -1.190E-03 -4.381E-10 -1.058E-09 -6.957E-13  9.982E-14  1.00E-07
  1.415E+02 1.30785E-18 -1.177E-03 -4.333E-10 -1.058E-09 -6.874E-13  9.771E-14  1.00E-07
  1.420E+02 1.30533E-18 -1.165E-03 -4.286E-10 -1.059E-09 -6.791E-13  9.562E-14  1.00E-07
  1.425E+02 1.30286E-18 -1.152E-03 -4.240E-10 -1.060E-09 -6.707E-13  9.357E-14  1.00E-07
  1.430E+02 1.30044E-18 -1.139E-03 -4.194E-10 -1.060E-09 -6.623E-13  9.155E-14  1.00E-07
  1.435E+02 1.29806E-18 -1.126E-03 -4.149E-10 -1.061E-09 -6.539E-13  8.955E-14  1.00E-07
  1.440E+02 1.29574E-18 -1.113E-03 -4.105E-10 -1.062E-09 -6.454E-13  8.759E-14  1.00E-07
  1.445E+02 1.29346E-18 -1.100E-03 -4.061E-10 -1.062E-09 -6.370E-13  8.566E-14  1.00E-07
  1.450E+02 1.29123E-18 -1.087E-03 -4.018E-10 -1.063E-09 -6.285E-13  8.376E-14  1.00E-07
  1.455E+02 1.28905E-18 -1.073E-03 -3.976E-10 -1.063E-09 -6.200E-13  8.189E-14  1.00E-07
  1.460E+02 1.28691E-18 -1.060E-03 -3.934E-10 -1.064E-09 -6.115E-13  8.005E-14  1.00E-07
  1.465E+02 1.28482E-18 -1.046E-03 -3.894E-10 -1.065E-09 -6.029E-13  7.823E-14  1.00E-07
  1.470E+02 1.28277E-18 -1.033E-03 -3.853E-10 -1.065E-09 -5.943E-13  7.645E-14  1.00E-07
  1.475E+02 1.28076E-18 -1.019E-03 -3.814E-10 -1.066E-09 -5.858E-13  7.469E-14  1.00E-07
  1.480E+02 1.27880E-18 -1.005E-03 -3.775E-10 -1.066E-09 -5.771E-13  7.296E-14  1.00E-07
  1.485E+02 1.27687E-18 -9.913E-04 -3.737E-10 -1.066E-09 -5.685E-13  7.125E-14  1.00E-07
  1.490E+02 1.27499E-18 -9.773E-04 -3.699E-10 -1.067E-09 -5.599E-13  6.958E-14  1.00E-07
  1.495E+02 1.27315E-18 -9.632E-04 -3.662E-10 -1.067E-09 -5.512E-13  6.792E-14  1.00E-07
  1.500E+02 1.27136E-18 -9.490E-04 -3.626E-10 -1.068E-09 -5.425E-13  6.630E-14  1.00E-07
  1.505E+02 1.26960E-18 -9.347E-04 -3.590E-10 -1.068E-09 -5.338E-13  6.470E-14  1.00E-07
  1.510E+02 1.26787E-18 -9.204E-04 -3.555E-10 -1.068E-09 -5.251E-13  6.312E-14  1.00E-07
  1.515E+02 1.26619E-18 -9.059E-04 -3.521E-10 -1.069E-09 -5.164E-13  6.157E-14  1.00E-07
  1.520E+02 1.26455E-18 -8.914E-04 -3.487E-10 -1.069E-09 -5.076E-13  6.004E-14  1.00E-07
  1.525E+02 1.26294E-18 -8.768E-04 -3.454E-10 -1.069E-09 -4.988E-13  5.854E-14  1.00E-07
  1.530E+02 1.26137E-18 -8.621E-04 -3.422E-10 -1.070E-09 -4.900E-13  5.706E-14  1.00E-07
  1.535E+02 1.25984E-18 -8.474E-04 -3.390E-10 -1.070E-09 -4.812E-13  5.560E-14  1.00E-07
  1.540E+02 1.25834E-18 -8.326E-04 -3.359E-10 -1.070E-09 -4.724E-13  5.416E-14  1.00E-07
  1.545E+02 1.25688E-18 -8.177E-04 -3.329E-10 -1.071E-09 -4.636E-13  5.275E-14  1.00E-07
  1.550E+02 1.25546E-18 -8.027E-04 -3.299E-10 -1.071E-09 -4.547E-13  5.136E-14  1.00E-07
  1.555E+02 1.25407E-18 -7.877E-04 -3.269E-10 -1.071E-09 -4.459E-13  4.999E-14  1.00E-07
  1.560E+02 1.25271E-18 -7.726E-04 -3.241E-10 -1.071E-09 -4.370E-13  4.864E-14  1.00E-07
  1.565E+02 1.25139E-18 -7.574E-04 -3.213E-10 -1.072E-09 -4.281E-13  4.731E-14  1.00E-07
  1.570E+02 1.25010E-18 -7.422E-04 -3.186E-10 -1.072E-09 -4.192E-13  4.600E-14  1.00E-07
  1.575E+02 1.24884E-18 -7.269E-04 -3.159E-10 -1.072E-09 -4.103E-13  4.471E-14  1.00E-07
  1.580E+02 1.24762E-18 -7.116E-04 -3.133E-10 -1.072E-09 -4.013E-13  4.344E-14  1.00E-07
  1.585E+02 1.24643E-18 -6.962E-04 -3.107E-10 -1.072E-09 -3.924E-13  4.218E-14  1.00E-07
  1.590E+02 1.24527E-18 -6.808E-04 -3.082E-10 -1.073E-09 -3.834E-13  4.095E-14  1.00E-07
  1.595E+02 1.24414E-18 -6.652E-04 -3.058E-10 -1.073E-09 -3.745E-13  3.973E-14  1.00E-07
  1.600E+02 1.24305E-18 -6.497E-04 -3.034E-10 -1.073E-09 -3.655E-13  3.853E-14  1.00E-07
  1.605E+02 1.24198E-18 -6.341E-04 -3.011E-10 -1.073E-09 -3.565E-13  3.735E-14  1.00E-07
  1.610E+02 1.24095E-18 -6.184E-04 -2.989E-10 -1.073E-09 -3.475E-13  3.618E-14  1.00E-07
  1.615E+02 1.23995E-18 -6.027E-04 -2.967E-10 -1.073E-09 -3.385E-13  3.504E-14  1.00E-07
  1.620E+02 1.23898E-18 -5.870E-04 -2.946E-10 -1.073E-09 -3.294E-13  3.390E-14  1.00E-07
  1.625E+02 1.23803E-18 -5.712E-04 -2.925E-10 -1.074E-09 -3.204E-13  3.278E-14  1.00E-07
  1.630E+02 1.23712E-18 -5.553E-04 -2.905E-10 -1.074E-09 -3.114E-13  3.168E-14  1.00E-07
  1.635E+02 1.23624E-18 -5.394E-04 -2.885E-10 -1.074E-09 -3.023E-13  3.059E-14  1.00E-07
  1.640E+02 1.23538E-18 -5.235E-04 -2.867E-10 -1.074E-09 -2.932E-13  2.952E-14  1.00E-07
  1.645E+02 1.23455E-18 -5.076E-04 -2.848E-10 -1.074E-09 -2.842E-13  2.845E-14  1.00E-07
  1.650E+02 1.23376E-18 -4.915E-04 -2.831E-10 -1.074E-09 -2.751E-13  2.741E-14  1.00E-07
  1.655E+02 1.23299E-18 -4.755E-04 -2.814E-10 -1.074E-09 -2.660E-13  2.637E-14  1.00E-07
  1.660E+02 1.23225E-18 -4.594E-04 -2.797E-10 -1.074E-09 -2.569E-13  2.535E-14  1.00E-07
  1.665E+02 1.23153E-18 -4.433E-04 -2.781E-10 -1.074E-09 -2.478E-13  2.434E-14  1.00E-07
  1.670E+02 1.23085E-18 -4.272E-04 -2.766E-10 -1.074E-09 -2.387E-13  2.334E-14  1.00E-07
  1.675E+02 1.23019E-18 -4.110E-04 -2.751E-10 -1.074E-09 -2.296E-13  2.235E-14  1.00E-07
  1.680E+02 1.22956E-18 -3.948E-04 -2.737E-10 -1.075E-09 -2.204E-13  2.137E-14  1.00E-07
  1.685E+02 1.22896E-18 -3.786E-04 -2.724E-10 -1.075E-09 -2.113E-13  2.040E-14  1.00E-07
  1.690E+02 1.22838E-18 -3.623E-04 -2.711E-10 -1.075E-09 -2.022E-13  1.945E-14  1.00E-07
  1.695E+02 1.22783E-18 -3.460E-04 -2.698E-10 -1.075E-09 -1.930E-13  1.850E-14  1.00E-07
  1.700E+02 1.22731E-18 -3.297E-04 -2.686E-10 -1.075E-09 -1.839E-13  1.756E-14  1.00E-07
  1.705E+02 1.22681E-18 -3.134E-04 -2.675E-10 -1.075E-09 -1.747E-13  1.663E-14  1.00E-07
  1.710E+02 1.22634E-18 -2.970E-04 -2.665E-10 -1.075E-09 -1.655E-13  1.571E-14  1.00E-07
  1.715E+02 1.22590E-18 -2.806E-04 -2.654E-10 -1.075E-09 -1.564E-13  1.479E-14  1.00E-07
  1.720E+02 1.22548E-18 -2.642E-04 -2.645E-10 -1.075E-09 -1.472E-13  1.388E-14  1.00E-07
  1.725E+02 1.22508E-18 -2.478E-04 -2.636E-10 -1.075E-09 -1.380E-13  1.298E-14  1.00E-07
  1.730E+02 1.22472E-18 -2.314E-04 -2.628E-10 -1.075E-09 -1.288E-13  1.209E-14  1.00E-07
  1.735E+02 1.22438E-18 -2.149E-04 -2.620E-10 -1.075E-09 -1.196E-13  1.120E-14  1.00E-07
  1.740E+02 1.22406E-18 -1.984E-04 -2.613E-10 -1.075E-09 -1.105E-13  1.032E-14  1.00E-07
  1.745E+02 1.22377E-18 -1.819E-04 -2.606E-10 -1.075E-09 -1.013E-13  9.439E-15  1.00E-07
  1.750E+02 1.22351E-18 -1.654E-04 -2.600E-10 -1.075E-09 -9.206E-14  8.566E-15  1.00E-07
  1.755E+02 1.22327E-18 -1.489E-04 -2.595E-10 -1.075E-09 -8.287E-14  7.697E-15  1.00E-07
  1.760E+02 1.22306E-18 -1.324E-04 -2.590E-10 -1.075E-09 -7.367E-14  6.832E-15  1.00E-07
  1.765E+02 1.22287E-18 -1.159E-04 -2.586E-10 -1.075E-09 -6.446E-14  5.970E-15  1.00E-07
  1.770E+02 1.22271E-18 -9.934E-05 -2.582E-10 -1.075E-09 -5.526E-14  5.112E-15  1.00E-07
  1.775E+02 1.22257E-18 -8.279E-05 -2.579E-10 -1.075E-09 -4.605E-14  4.256E-15  1.00E-07
  1.780E+02 1.22246E-18 -6.624E-05 -2.576E-10 -1.075E-09 -3.684E-14  3.402E-15  1.00E-07
  1.785E+02 1.22237E-18 -4.969E-05 -2.574E-10 -1.075E-09 -2.763E-14  2.550E-15  1.00E-07
  1.790E+02 1.22231E-18 -3.313E-05 -2.573E-10 -1.075E-09 -1.842E-14  1.699E-15  1.17E-07
  1.795E+02 1.22227E-18 -1.656E-05 -2.572E-10 -1.075E-09 -9.211E-15  8.495E-16  1.39E-07
  1.800E+02 1.22226E-18 -2.324E-19 -2.572E-10 -1.075E-09 -1.293E-28  1.192E-29  1.47E-07

  TOTAL ELASTIC CROSS SECTION = 1.522276E-16 cm**2
               FROM DCS TABLE = 1.522241E-16  (REL. DIF. = 2.29E-05)

  1ST TRANSPORT CROSS SECTION = 3.230880E-17 cm**2
               FROM DCS TABLE = 3.230875E-17  (REL. DIF. = 1.44E-06)

  2ND TRANSPORT CROSS SECTION = 5.338832E-17 cm**2

  **** DPWA0 ENDED ************************************************************

