 #  Scattering amplitudes (in cm)      MU=(1-cos(TH))/2
 #  Z =   8,   projectile: electron
 #  Kinetic energy = 2.44000E+02 eV
 #
 # TH (deg)      MU          Re(F)        Im(F)        Re(G)        Im(G)
 #--------------------------------------------------------------------------
  0.000E+00  0.00000E+00  1.26270E-08  9.16603E-09  0.00000E+00  0.00000E+00
  1.000E-04  7.61557E-13  1.26270E-08  9.16603E-09  2.51266E-18  5.60544E-18
  1.250E-04  1.18994E-12  1.26270E-08  9.16603E-09  3.14083E-18  7.00680E-18
  1.500E-04  1.71346E-12  1.26270E-08  9.16603E-09  3.76899E-18  8.40816E-18
  1.750E-04  2.33225E-12  1.26270E-08  9.16603E-09  4.39716E-18  9.80952E-18
  2.000E-04  3.04617E-12  1.26270E-08  9.16603E-09  5.02532E-18  1.12109E-17
  2.250E-04  3.85530E-12  1.26270E-08  9.16603E-09  5.65349E-18  1.26122E-17
  2.500E-04  4.75964E-12  1.26270E-08  9.16603E-09  6.28165E-18  1.40136E-17
  2.750E-04  5.75917E-12  1.26270E-08  9.16603E-09  6.90982E-18  1.54150E-17
  3.000E-04  6.85391E-12  1.26270E-08  9.16603E-09  7.53798E-18  1.68163E-17
  3.250E-04  8.04379E-12  1.26270E-08  9.16603E-09  8.16615E-18  1.82177E-17
  3.500E-04  9.32893E-12  1.26270E-08  9.16603E-09  8.79431E-18  1.96190E-17
  3.750E-04  1.07092E-11  1.26270E-08  9.16603E-09  9.42248E-18  2.10204E-17
  4.000E-04  1.21847E-11  1.26270E-08  9.16603E-09  1.00506E-17  2.24218E-17
  4.250E-04  1.37554E-11  1.26270E-08  9.16603E-09  1.06788E-17  2.38231E-17
  4.500E-04  1.54213E-11  1.26270E-08  9.16603E-09  1.13070E-17  2.52245E-17
  4.750E-04  1.71823E-11  1.26270E-08  9.16603E-09  1.19351E-17  2.66258E-17
  5.000E-04  1.90386E-11  1.26270E-08  9.16603E-09  1.25633E-17  2.80272E-17
  5.250E-04  2.09900E-11  1.26270E-08  9.16603E-09  1.31915E-17  2.94286E-17
  5.500E-04  2.30367E-11  1.26270E-08  9.16603E-09  1.38196E-17  3.08299E-17
  5.750E-04  2.51785E-11  1.26270E-08  9.16603E-09  1.44478E-17  3.22313E-17
  6.000E-04  2.74156E-11  1.26270E-08  9.16603E-09  1.50760E-17  3.36326E-17
  6.250E-04  2.97478E-11  1.26270E-08  9.16603E-09  1.57041E-17  3.50340E-17
  6.500E-04  3.21752E-11  1.26270E-08  9.16603E-09  1.63323E-17  3.64354E-17
  6.750E-04  3.46979E-11  1.26270E-08  9.16603E-09  1.69605E-17  3.78367E-17
  7.000E-04  3.73157E-11  1.26270E-08  9.16603E-09  1.75886E-17  3.92381E-17
  7.250E-04  4.00286E-11  1.26270E-08  9.16603E-09  1.82168E-17  4.06394E-17
  7.500E-04  4.28368E-11  1.26270E-08  9.16603E-09  1.88450E-17  4.20408E-17
  7.750E-04  4.57402E-11  1.26270E-08  9.16603E-09  1.94731E-17  4.34422E-17
  8.000E-04  4.87388E-11  1.26270E-08  9.16603E-09  2.01013E-17  4.48435E-17
  8.250E-04  5.18325E-11  1.26270E-08  9.16603E-09  2.07294E-17  4.62449E-17
  8.500E-04  5.50215E-11  1.26270E-08  9.16603E-09  2.13576E-17  4.76462E-17
  8.750E-04  5.83057E-11  1.26270E-08  9.16603E-09  2.19858E-17  4.90476E-17
  9.000E-04  6.16850E-11  1.26270E-08  9.16603E-09  2.26139E-17  5.04490E-17
  9.250E-04  6.51595E-11  1.26270E-08  9.16603E-09  2.32421E-17  5.18503E-17
  9.500E-04  6.87293E-11  1.26270E-08  9.16603E-09  2.38703E-17  5.32517E-17
  9.750E-04  7.23943E-11  1.26270E-08  9.16603E-09  2.44984E-17  5.46530E-17
  1.000E-03  7.61544E-11  1.26270E-08  9.16603E-09  2.51266E-17  5.60544E-17
  1.250E-03  1.18991E-10  1.26270E-08  9.16603E-09  3.14083E-17  7.00680E-17
  1.500E-03  1.71347E-10  1.26270E-08  9.16603E-09  3.76899E-17  8.40816E-17
  1.750E-03  2.33223E-10  1.26270E-08  9.16603E-09  4.39716E-17  9.80952E-17
  2.000E-03  3.04617E-10  1.26270E-08  9.16603E-09  5.02532E-17  1.12109E-16
  2.250E-03  3.85531E-10  1.26270E-08  9.16603E-09  5.65349E-17  1.26122E-16
  2.500E-03  4.75965E-10  1.26270E-08  9.16603E-09  6.28165E-17  1.40136E-16
  2.750E-03  5.75917E-10  1.26270E-08  9.16603E-09  6.90982E-17  1.54150E-16
  3.000E-03  6.85389E-10  1.26270E-08  9.16603E-09  7.53798E-17  1.68163E-16
  3.250E-03  8.04380E-10  1.26270E-08  9.16603E-09  8.16615E-17  1.82177E-16
  3.500E-03  9.32891E-10  1.26270E-08  9.16603E-09  8.79431E-17  1.96190E-16
  3.750E-03  1.07092E-09  1.26270E-08  9.16603E-09  9.42248E-17  2.10204E-16
  4.000E-03  1.21847E-09  1.26270E-08  9.16603E-09  1.00506E-16  2.24218E-16
  4.250E-03  1.37554E-09  1.26270E-08  9.16603E-09  1.06788E-16  2.38231E-16
  4.500E-03  1.54213E-09  1.26270E-08  9.16603E-09  1.13070E-16  2.52245E-16
  4.750E-03  1.71823E-09  1.26270E-08  9.16603E-09  1.19351E-16  2.66258E-16
  5.000E-03  1.90386E-09  1.26270E-08  9.16603E-09  1.25633E-16  2.80272E-16
  5.250E-03  2.09900E-09  1.26270E-08  9.16603E-09  1.31915E-16  2.94286E-16
  5.500E-03  2.30367E-09  1.26270E-08  9.16603E-09  1.38196E-16  3.08299E-16
  5.750E-03  2.51785E-09  1.26270E-08  9.16603E-09  1.44478E-16  3.22313E-16
  6.000E-03  2.74156E-09  1.26270E-08  9.16603E-09  1.50760E-16  3.36326E-16
  6.250E-03  2.97478E-09  1.26270E-08  9.16603E-09  1.57041E-16  3.50340E-16
  6.500E-03  3.21752E-09  1.26270E-08  9.16603E-09  1.63323E-16  3.64354E-16
  6.750E-03  3.46978E-09  1.26270E-08  9.16603E-09  1.69605E-16  3.78367E-16
  7.000E-03  3.73156E-09  1.26270E-08  9.16603E-09  1.75886E-16  3.92381E-16
  7.250E-03  4.00286E-09  1.26270E-08  9.16603E-09  1.82168E-16  4.06394E-16
  7.500E-03  4.28368E-09  1.26270E-08  9.16603E-09  1.88449E-16  4.20408E-16
  7.750E-03  4.57402E-09  1.26270E-08  9.16603E-09  1.94731E-16  4.34422E-16
  8.000E-03  4.87388E-09  1.26270E-08  9.16603E-09  2.01013E-16  4.48435E-16
  8.250E-03  5.18326E-09  1.26270E-08  9.16603E-09  2.07294E-16  4.62449E-16
  8.500E-03  5.50215E-09  1.26270E-08  9.16603E-09  2.13576E-16  4.76462E-16
  8.750E-03  5.83057E-09  1.26270E-08  9.16603E-09  2.19858E-16  4.90476E-16
  9.000E-03  6.16850E-09  1.26270E-08  9.16603E-09  2.26139E-16  5.04489E-16
  9.250E-03  6.51596E-09  1.26270E-08  9.16603E-09  2.32421E-16  5.18503E-16
  9.500E-03  6.87293E-09  1.26270E-08  9.16603E-09  2.38703E-16  5.32517E-16
  9.750E-03  7.23942E-09  1.26270E-08  9.16603E-09  2.44984E-16  5.46530E-16
  1.000E-02  7.61544E-09  1.26270E-08  9.16603E-09  2.51266E-16  5.60544E-16
  1.250E-02  1.18991E-08  1.26270E-08  9.16603E-09  3.14082E-16  7.00680E-16
  1.500E-02  1.71347E-08  1.26270E-08  9.16603E-09  3.76899E-16  8.40816E-16
  1.750E-02  2.33223E-08  1.26270E-08  9.16603E-09  4.39715E-16  9.80952E-16
  2.000E-02  3.04617E-08  1.26270E-08  9.16603E-09  5.02531E-16  1.12109E-15
  2.250E-02  3.85531E-08  1.26270E-08  9.16603E-09  5.65347E-16  1.26122E-15
  2.500E-02  4.75965E-08  1.26270E-08  9.16603E-09  6.28163E-16  1.40136E-15
  2.750E-02  5.75917E-08  1.26270E-08  9.16603E-09  6.90979E-16  1.54150E-15
  3.000E-02  6.85389E-08  1.26270E-08  9.16603E-09  7.53795E-16  1.68163E-15
  3.250E-02  8.04380E-08  1.26270E-08  9.16603E-09  8.16611E-16  1.82177E-15
  3.500E-02  9.32891E-08  1.26270E-08  9.16603E-09  8.79426E-16  1.96190E-15
  3.750E-02  1.07092E-07  1.26270E-08  9.16603E-09  9.42241E-16  2.10204E-15
  4.000E-02  1.21847E-07  1.26270E-08  9.16603E-09  1.00506E-15  2.24217E-15
  4.250E-02  1.37554E-07  1.26270E-08  9.16603E-09  1.06787E-15  2.38231E-15
  4.500E-02  1.54213E-07  1.26270E-08  9.16603E-09  1.13069E-15  2.52245E-15
  4.750E-02  1.71823E-07  1.26270E-08  9.16602E-09  1.19350E-15  2.66258E-15
  5.000E-02  1.90386E-07  1.26270E-08  9.16602E-09  1.25632E-15  2.80272E-15
  5.250E-02  2.09900E-07  1.26270E-08  9.16602E-09  1.31913E-15  2.94285E-15
  5.500E-02  2.30367E-07  1.26270E-08  9.16602E-09  1.38194E-15  3.08299E-15
  5.750E-02  2.51785E-07  1.26270E-08  9.16602E-09  1.44476E-15  3.22312E-15
  6.000E-02  2.74156E-07  1.26270E-08  9.16602E-09  1.50757E-15  3.36326E-15
  6.250E-02  2.97478E-07  1.26269E-08  9.16602E-09  1.57038E-15  3.50339E-15
  6.500E-02  3.21752E-07  1.26269E-08  9.16601E-09  1.63320E-15  3.64353E-15
  6.750E-02  3.46978E-07  1.26269E-08  9.16601E-09  1.69601E-15  3.78366E-15
  7.000E-02  3.73156E-07  1.26269E-08  9.16601E-09  1.75882E-15  3.92380E-15
  7.250E-02  4.00286E-07  1.26269E-08  9.16601E-09  1.82163E-15  4.06393E-15
  7.500E-02  4.28368E-07  1.26269E-08  9.16601E-09  1.88445E-15  4.20407E-15
  7.750E-02  4.57402E-07  1.26269E-08  9.16601E-09  1.94726E-15  4.34420E-15
  8.000E-02  4.87388E-07  1.26269E-08  9.16600E-09  2.01007E-15  4.48434E-15
  8.250E-02  5.18325E-07  1.26269E-08  9.16600E-09  2.07288E-15  4.62447E-15
  8.500E-02  5.50215E-07  1.26269E-08  9.16600E-09  2.13569E-15  4.76461E-15
  8.750E-02  5.83057E-07  1.26268E-08  9.16600E-09  2.19850E-15  4.90474E-15
  9.000E-02  6.16850E-07  1.26268E-08  9.16600E-09  2.26131E-15  5.04488E-15
  9.250E-02  6.51596E-07  1.26268E-08  9.16599E-09  2.32412E-15  5.18501E-15
  9.500E-02  6.87293E-07  1.26268E-08  9.16599E-09  2.38693E-15  5.32515E-15
  9.750E-02  7.23942E-07  1.26268E-08  9.16599E-09  2.44974E-15  5.46528E-15
  1.000E-01  7.61543E-07  1.26268E-08  9.16599E-09  2.51254E-15  5.60541E-15
  1.250E-01  1.18991E-06  1.26266E-08  9.16596E-09  3.14060E-15  7.00675E-15
  1.500E-01  1.71347E-06  1.26265E-08  9.16593E-09  3.76860E-15  8.40808E-15
  1.750E-01  2.33223E-06  1.26262E-08  9.16589E-09  4.39653E-15  9.80939E-15
  2.000E-01  3.04617E-06  1.26260E-08  9.16584E-09  5.02439E-15  1.12107E-14
  2.250E-01  3.85531E-06  1.26257E-08  9.16579E-09  5.65216E-15  1.26120E-14
  2.500E-01  4.75964E-06  1.26254E-08  9.16573E-09  6.27983E-15  1.40132E-14
  2.750E-01  5.75916E-06  1.26251E-08  9.16567E-09  6.90740E-15  1.54144E-14
  3.000E-01  6.85388E-06  1.26247E-08  9.16560E-09  7.53484E-15  1.68157E-14
  3.250E-01  8.04378E-06  1.26243E-08  9.16552E-09  8.16215E-15  1.82168E-14
  3.500E-01  9.32888E-06  1.26238E-08  9.16544E-09  8.78932E-15  1.96180E-14
  3.750E-01  1.07092E-05  1.26233E-08  9.16535E-09  9.41634E-15  2.10191E-14
  4.000E-01  1.21846E-05  1.26228E-08  9.16526E-09  1.00432E-14  2.24202E-14
  4.250E-01  1.37553E-05  1.26223E-08  9.16516E-09  1.06699E-14  2.38212E-14
  4.500E-01  1.54212E-05  1.26217E-08  9.16506E-09  1.12964E-14  2.52222E-14
  4.750E-01  1.71822E-05  1.26211E-08  9.16494E-09  1.19227E-14  2.66232E-14
  5.000E-01  1.90385E-05  1.26205E-08  9.16483E-09  1.25488E-14  2.80241E-14
  5.250E-01  2.09899E-05  1.26198E-08  9.16470E-09  1.31746E-14  2.94250E-14
  5.500E-01  2.30365E-05  1.26191E-08  9.16457E-09  1.38003E-14  3.08258E-14
  5.750E-01  2.51783E-05  1.26183E-08  9.16444E-09  1.44257E-14  3.22266E-14
  6.000E-01  2.74153E-05  1.26176E-08  9.16429E-09  1.50508E-14  3.36273E-14
  6.250E-01  2.97475E-05  1.26168E-08  9.16415E-09  1.56757E-14  3.50280E-14
  6.500E-01  3.21749E-05  1.26159E-08  9.16399E-09  1.63004E-14  3.64286E-14
  6.750E-01  3.46974E-05  1.26151E-08  9.16383E-09  1.69247E-14  3.78292E-14
  7.000E-01  3.73152E-05  1.26142E-08  9.16366E-09  1.75487E-14  3.92297E-14
  7.250E-01  4.00281E-05  1.26132E-08  9.16349E-09  1.81725E-14  4.06301E-14
  7.500E-01  4.28362E-05  1.26123E-08  9.16331E-09  1.87959E-14  4.20304E-14
  7.750E-01  4.57395E-05  1.26113E-08  9.16313E-09  1.94190E-14  4.34307E-14
  8.000E-01  4.87380E-05  1.26102E-08  9.16294E-09  2.00418E-14  4.48310E-14
  8.250E-01  5.18317E-05  1.26091E-08  9.16274E-09  2.06642E-14  4.62311E-14
  8.500E-01  5.50205E-05  1.26080E-08  9.16254E-09  2.12862E-14  4.76312E-14
  8.750E-01  5.83045E-05  1.26069E-08  9.16233E-09  2.19079E-14  4.90312E-14
  9.000E-01  6.16838E-05  1.26058E-08  9.16212E-09  2.25292E-14  5.04311E-14
  9.250E-01  6.51582E-05  1.26046E-08  9.16190E-09  2.31501E-14  5.18309E-14
  9.500E-01  6.87277E-05  1.26033E-08  9.16167E-09  2.37706E-14  5.32306E-14
  9.750E-01  7.23925E-05  1.26021E-08  9.16144E-09  2.43907E-14  5.46303E-14
  1.000E+00  7.61524E-05  1.26008E-08  9.16120E-09  2.50104E-14  5.60299E-14
  1.100E+00  9.21439E-05  1.25953E-08  9.16018E-09  2.74846E-14  6.16272E-14
  1.200E+00  1.09658E-04  1.25892E-08  9.15907E-09  2.99512E-14  6.72229E-14
  1.300E+00  1.28695E-04  1.25827E-08  9.15786E-09  3.24095E-14  7.28168E-14
  1.400E+00  1.49255E-04  1.25756E-08  9.15656E-09  3.48588E-14  7.84089E-14
  1.500E+00  1.71338E-04  1.25680E-08  9.15516E-09  3.72983E-14  8.39988E-14
  1.600E+00  1.94942E-04  1.25599E-08  9.15366E-09  3.97275E-14  8.95866E-14
  1.700E+00  2.20070E-04  1.25513E-08  9.15207E-09  4.21456E-14  9.51720E-14
  1.800E+00  2.46720E-04  1.25421E-08  9.15038E-09  4.45520E-14  1.00755E-13
  1.900E+00  2.74892E-04  1.25325E-08  9.14859E-09  4.69460E-14  1.06335E-13
  2.000E+00  3.04586E-04  1.25223E-08  9.14671E-09  4.93269E-14  1.11913E-13
  2.100E+00  3.35803E-04  1.25116E-08  9.14473E-09  5.16941E-14  1.17487E-13
  2.200E+00  3.68542E-04  1.25004E-08  9.14265E-09  5.40469E-14  1.23059E-13
  2.300E+00  4.02802E-04  1.24887E-08  9.14048E-09  5.63847E-14  1.28627E-13
  2.400E+00  4.38585E-04  1.24765E-08  9.13822E-09  5.87067E-14  1.34192E-13
  2.500E+00  4.75889E-04  1.24638E-08  9.13585E-09  6.10123E-14  1.39753E-13
  2.600E+00  5.14715E-04  1.24506E-08  9.13339E-09  6.33009E-14  1.45311E-13
  2.700E+00  5.55063E-04  1.24369E-08  9.13084E-09  6.55719E-14  1.50865E-13
  2.800E+00  5.96931E-04  1.24227E-08  9.12819E-09  6.78246E-14  1.56415E-13
  2.900E+00  6.40321E-04  1.24080E-08  9.12545E-09  7.00583E-14  1.61961E-13
  3.000E+00  6.85233E-04  1.23928E-08  9.12261E-09  7.22724E-14  1.67502E-13
  3.100E+00  7.31665E-04  1.23771E-08  9.11967E-09  7.44664E-14  1.73040E-13
  3.200E+00  7.79618E-04  1.23609E-08  9.11664E-09  7.66395E-14  1.78572E-13
  3.300E+00  8.29092E-04  1.23442E-08  9.11351E-09  7.87912E-14  1.84100E-13
  3.400E+00  8.80086E-04  1.23271E-08  9.11029E-09  8.09209E-14  1.89624E-13
  3.500E+00  9.32601E-04  1.23094E-08  9.10697E-09  8.30279E-14  1.95142E-13
  3.600E+00  9.86636E-04  1.22913E-08  9.10356E-09  8.51116E-14  2.00655E-13
  3.700E+00  1.04219E-03  1.22727E-08  9.10006E-09  8.71715E-14  2.06163E-13
  3.800E+00  1.09927E-03  1.22536E-08  9.09646E-09  8.92069E-14  2.11665E-13
  3.900E+00  1.15786E-03  1.22341E-08  9.09276E-09  9.12173E-14  2.17163E-13
  4.000E+00  1.21797E-03  1.22141E-08  9.08897E-09  9.32021E-14  2.22654E-13
  4.100E+00  1.27961E-03  1.21936E-08  9.08509E-09  9.51607E-14  2.28139E-13
  4.200E+00  1.34276E-03  1.21726E-08  9.08111E-09  9.70926E-14  2.33619E-13
  4.300E+00  1.40743E-03  1.21512E-08  9.07704E-09  9.89971E-14  2.39092E-13
  4.400E+00  1.47362E-03  1.21294E-08  9.07288E-09  1.00874E-13  2.44560E-13
  4.500E+00  1.54133E-03  1.21070E-08  9.06862E-09  1.02722E-13  2.50021E-13
  4.600E+00  1.61056E-03  1.20843E-08  9.06426E-09  1.04541E-13  2.55475E-13
  4.700E+00  1.68131E-03  1.20610E-08  9.05982E-09  1.06331E-13  2.60923E-13
  4.800E+00  1.75357E-03  1.20374E-08  9.05528E-09  1.08091E-13  2.66364E-13
  4.900E+00  1.82735E-03  1.20132E-08  9.05065E-09  1.09820E-13  2.71798E-13
  5.000E+00  1.90265E-03  1.19887E-08  9.04592E-09  1.11518E-13  2.77225E-13
  5.100E+00  1.97947E-03  1.19637E-08  9.04110E-09  1.13185E-13  2.82644E-13
  5.200E+00  2.05780E-03  1.19383E-08  9.03619E-09  1.14819E-13  2.88057E-13
  5.300E+00  2.13765E-03  1.19124E-08  9.03119E-09  1.16421E-13  2.93462E-13
  5.400E+00  2.21902E-03  1.18861E-08  9.02609E-09  1.17990E-13  2.98859E-13
  5.500E+00  2.30190E-03  1.18594E-08  9.02090E-09  1.19525E-13  3.04248E-13
  5.600E+00  2.38630E-03  1.18323E-08  9.01562E-09  1.21026E-13  3.09630E-13
  5.700E+00  2.47222E-03  1.18048E-08  9.01025E-09  1.22493E-13  3.15004E-13
  5.800E+00  2.55965E-03  1.17768E-08  9.00479E-09  1.23924E-13  3.20369E-13
  5.900E+00  2.64859E-03  1.17484E-08  8.99923E-09  1.25321E-13  3.25726E-13
  6.000E+00  2.73905E-03  1.17197E-08  8.99359E-09  1.26681E-13  3.31075E-13
  6.100E+00  2.83103E-03  1.16905E-08  8.98785E-09  1.28005E-13  3.36415E-13
  6.200E+00  2.92452E-03  1.16610E-08  8.98202E-09  1.29293E-13  3.41747E-13
  6.300E+00  3.01952E-03  1.16310E-08  8.97610E-09  1.30543E-13  3.47069E-13
  6.400E+00  3.11604E-03  1.16007E-08  8.97009E-09  1.31756E-13  3.52383E-13
  6.500E+00  3.21407E-03  1.15699E-08  8.96399E-09  1.32931E-13  3.57687E-13
  6.600E+00  3.31362E-03  1.15388E-08  8.95780E-09  1.34067E-13  3.62982E-13
  6.700E+00  3.41468E-03  1.15073E-08  8.95152E-09  1.35165E-13  3.68268E-13
  6.800E+00  3.51725E-03  1.14755E-08  8.94515E-09  1.36223E-13  3.73545E-13
  6.900E+00  3.62133E-03  1.14432E-08  8.93869E-09  1.37242E-13  3.78811E-13
  7.000E+00  3.72692E-03  1.14106E-08  8.93214E-09  1.38221E-13  3.84068E-13
  7.100E+00  3.83403E-03  1.13777E-08  8.92550E-09  1.39160E-13  3.89316E-13
  7.200E+00  3.94265E-03  1.13443E-08  8.91877E-09  1.40058E-13  3.94553E-13
  7.300E+00  4.05278E-03  1.13107E-08  8.91196E-09  1.40915E-13  3.99780E-13
  7.400E+00  4.16442E-03  1.12767E-08  8.90505E-09  1.41731E-13  4.04996E-13
  7.500E+00  4.27757E-03  1.12423E-08  8.89806E-09  1.42506E-13  4.10202E-13
  7.600E+00  4.39223E-03  1.12076E-08  8.89097E-09  1.43238E-13  4.15398E-13
  7.700E+00  4.50840E-03  1.11725E-08  8.88381E-09  1.43928E-13  4.20583E-13
  7.800E+00  4.62608E-03  1.11372E-08  8.87655E-09  1.44576E-13  4.25757E-13
  7.900E+00  4.74527E-03  1.11015E-08  8.86920E-09  1.45181E-13  4.30921E-13
  8.000E+00  4.86597E-03  1.10654E-08  8.86177E-09  1.45742E-13  4.36073E-13
  8.100E+00  4.98817E-03  1.10291E-08  8.85425E-09  1.46260E-13  4.41214E-13
  8.200E+00  5.11188E-03  1.09924E-08  8.84665E-09  1.46735E-13  4.46344E-13
  8.300E+00  5.23711E-03  1.09554E-08  8.83895E-09  1.47166E-13  4.51462E-13
  8.400E+00  5.36383E-03  1.09182E-08  8.83118E-09  1.47552E-13  4.56569E-13
  8.500E+00  5.49207E-03  1.08806E-08  8.82331E-09  1.47894E-13  4.61665E-13
  8.600E+00  5.62181E-03  1.08427E-08  8.81536E-09  1.48191E-13  4.66748E-13
  8.700E+00  5.75306E-03  1.08045E-08  8.80733E-09  1.48443E-13  4.71820E-13
  8.800E+00  5.88581E-03  1.07660E-08  8.79920E-09  1.48650E-13  4.76879E-13
  8.900E+00  6.02007E-03  1.07273E-08  8.79100E-09  1.48812E-13  4.81926E-13
  9.000E+00  6.15583E-03  1.06883E-08  8.78271E-09  1.48928E-13  4.86961E-13
  9.100E+00  6.29310E-03  1.06489E-08  8.77433E-09  1.48999E-13  4.91984E-13
  9.200E+00  6.43187E-03  1.06094E-08  8.76587E-09  1.49023E-13  4.96994E-13
  9.300E+00  6.57214E-03  1.05695E-08  8.75733E-09  1.49001E-13  5.01992E-13
  9.400E+00  6.71392E-03  1.05294E-08  8.74870E-09  1.48933E-13  5.06977E-13
  9.500E+00  6.85720E-03  1.04890E-08  8.73999E-09  1.48819E-13  5.11949E-13
  9.600E+00  7.00198E-03  1.04484E-08  8.73120E-09  1.48658E-13  5.16908E-13
  9.700E+00  7.14827E-03  1.04075E-08  8.72232E-09  1.48449E-13  5.21853E-13
  9.800E+00  7.29605E-03  1.03664E-08  8.71336E-09  1.48194E-13  5.26786E-13
  9.900E+00  7.44534E-03  1.03250E-08  8.70432E-09  1.47892E-13  5.31705E-13
  1.000E+01  7.59612E-03  1.02834E-08  8.69519E-09  1.47543E-13  5.36611E-13
  1.025E+01  7.97965E-03  1.01784E-08  8.67203E-09  1.46462E-13  5.48817E-13
  1.050E+01  8.37255E-03  1.00720E-08  8.64835E-09  1.45084E-13  5.60935E-13
  1.075E+01  8.77480E-03  9.96434E-09  8.62417E-09  1.43406E-13  5.72966E-13
  1.100E+01  9.18641E-03  9.85538E-09  8.59950E-09  1.41428E-13  5.84907E-13
  1.125E+01  9.60736E-03  9.74523E-09  8.57433E-09  1.39149E-13  5.96756E-13
  1.150E+01  1.00376E-02  9.63397E-09  8.54868E-09  1.36569E-13  6.08511E-13
  1.175E+01  1.04773E-02  9.52166E-09  8.52253E-09  1.33686E-13  6.20172E-13
  1.200E+01  1.09262E-02  9.40837E-09  8.49592E-09  1.30501E-13  6.31737E-13
  1.225E+01  1.13844E-02  9.29415E-09  8.46882E-09  1.27014E-13  6.43203E-13
  1.250E+01  1.18520E-02  9.17908E-09  8.44126E-09  1.23226E-13  6.54570E-13
  1.275E+01  1.23288E-02  9.06322E-09  8.41324E-09  1.19137E-13  6.65836E-13
  1.300E+01  1.28150E-02  8.94663E-09  8.38475E-09  1.14748E-13  6.76999E-13
  1.325E+01  1.33104E-02  8.82937E-09  8.35581E-09  1.10060E-13  6.88058E-13
  1.350E+01  1.38150E-02  8.71151E-09  8.32643E-09  1.05075E-13  6.99011E-13
  1.375E+01  1.43290E-02  8.59309E-09  8.29660E-09  9.97941E-14  7.09858E-13
  1.400E+01  1.48521E-02  8.47419E-09  8.26634E-09  9.42188E-14  7.20596E-13
  1.425E+01  1.53845E-02  8.35486E-09  8.23564E-09  8.83514E-14  7.31224E-13
  1.450E+01  1.59262E-02  8.23515E-09  8.20451E-09  8.21938E-14  7.41742E-13
  1.475E+01  1.64770E-02  8.11512E-09  8.17297E-09  7.57485E-14  7.52147E-13
  1.500E+01  1.70371E-02  7.99483E-09  8.14101E-09  6.90179E-14  7.62439E-13
  1.525E+01  1.76063E-02  7.87433E-09  8.10864E-09  6.20047E-14  7.72615E-13
  1.550E+01  1.81848E-02  7.75366E-09  8.07587E-09  5.47117E-14  7.82676E-13
  1.575E+01  1.87724E-02  7.63289E-09  8.04269E-09  4.71417E-14  7.92620E-13
  1.600E+01  1.93692E-02  7.51206E-09  8.00913E-09  3.92980E-14  8.02445E-13
  1.625E+01  1.99751E-02  7.39121E-09  7.97518E-09  3.11838E-14  8.12151E-13
  1.650E+01  2.05901E-02  7.27040E-09  7.94085E-09  2.28023E-14  8.21736E-13
  1.675E+01  2.12143E-02  7.14967E-09  7.90614E-09  1.41570E-14  8.31200E-13
  1.700E+01  2.18476E-02  7.02906E-09  7.87106E-09  5.25156E-15  8.40541E-13
  1.725E+01  2.24900E-02  6.90863E-09  7.83562E-09 -3.91038E-15  8.49759E-13
  1.750E+01  2.31415E-02  6.78840E-09  7.79983E-09 -1.33250E-14  8.58852E-13
  1.775E+01  2.38021E-02  6.66843E-09  7.76368E-09 -2.29886E-14  8.67819E-13
  1.800E+01  2.44717E-02  6.54874E-09  7.72718E-09 -3.28970E-14  8.76661E-13
  1.825E+01  2.51504E-02  6.42939E-09  7.69035E-09 -4.30463E-14  8.85374E-13
  1.850E+01  2.58382E-02  6.31040E-09  7.65319E-09 -5.34324E-14  8.93960E-13
  1.875E+01  2.65349E-02  6.19181E-09  7.61569E-09 -6.40511E-14  9.02417E-13
  1.900E+01  2.72407E-02  6.07366E-09  7.57788E-09 -7.48981E-14  9.10744E-13
  1.925E+01  2.79555E-02  5.95598E-09  7.53975E-09 -8.59693E-14  9.18941E-13
  1.950E+01  2.86793E-02  5.83880E-09  7.50131E-09 -9.72603E-14  9.27006E-13
  1.975E+01  2.94120E-02  5.72215E-09  7.46257E-09 -1.08767E-13  9.34940E-13
  2.000E+01  3.01537E-02  5.60607E-09  7.42354E-09 -1.20484E-13  9.42741E-13
  2.025E+01  3.09043E-02  5.49057E-09  7.38421E-09 -1.32408E-13  9.50409E-13
  2.050E+01  3.16639E-02  5.37569E-09  7.34460E-09 -1.44534E-13  9.57943E-13
  2.075E+01  3.24324E-02  5.26146E-09  7.30471E-09 -1.56858E-13  9.65343E-13
  2.100E+01  3.32098E-02  5.14790E-09  7.26454E-09 -1.69375E-13  9.72608E-13
  2.125E+01  3.39961E-02  5.03503E-09  7.22412E-09 -1.82080E-13  9.79738E-13
  2.150E+01  3.47912E-02  4.92288E-09  7.18343E-09 -1.94970E-13  9.86731E-13
  2.175E+01  3.55952E-02  4.81147E-09  7.14249E-09 -2.08039E-13  9.93589E-13
  2.200E+01  3.64081E-02  4.70082E-09  7.10130E-09 -2.21283E-13  1.00031E-12
  2.225E+01  3.72297E-02  4.59094E-09  7.05987E-09 -2.34697E-13  1.00689E-12
  2.250E+01  3.80602E-02  4.48187E-09  7.01820E-09 -2.48277E-13  1.01334E-12
  2.275E+01  3.88995E-02  4.37362E-09  6.97631E-09 -2.62019E-13  1.01965E-12
  2.300E+01  3.97476E-02  4.26620E-09  6.93419E-09 -2.75918E-13  1.02582E-12
  2.325E+01  4.06044E-02  4.15963E-09  6.89185E-09 -2.89969E-13  1.03185E-12
  2.350E+01  4.14700E-02  4.05392E-09  6.84931E-09 -3.04168E-13  1.03774E-12
  2.375E+01  4.23443E-02  3.94910E-09  6.80656E-09 -3.18510E-13  1.04350E-12
  2.400E+01  4.32273E-02  3.84517E-09  6.76361E-09 -3.32991E-13  1.04911E-12
  2.425E+01  4.41190E-02  3.74215E-09  6.72046E-09 -3.47607E-13  1.05459E-12
  2.450E+01  4.50194E-02  3.64004E-09  6.67713E-09 -3.62353E-13  1.05992E-12
  2.475E+01  4.59284E-02  3.53887E-09  6.63362E-09 -3.77225E-13  1.06512E-12
  2.500E+01  4.68461E-02  3.43864E-09  6.58994E-09 -3.92219E-13  1.07018E-12
  2.550E+01  4.87074E-02  3.24103E-09  6.50207E-09 -4.22553E-13  1.07987E-12
  2.600E+01  5.06030E-02  3.04729E-09  6.41357E-09 -4.53322E-13  1.08901E-12
  2.650E+01  5.25328E-02  2.85749E-09  6.32448E-09 -4.84492E-13  1.09759E-12
  2.700E+01  5.44967E-02  2.67165E-09  6.23486E-09 -5.16031E-13  1.10561E-12
  2.750E+01  5.64946E-02  2.48983E-09  6.14475E-09 -5.47907E-13  1.11307E-12
  2.800E+01  5.85262E-02  2.31205E-09  6.05420E-09 -5.80088E-13  1.11998E-12
  2.850E+01  6.05914E-02  2.13833E-09  5.96324E-09 -6.12543E-13  1.12633E-12
  2.900E+01  6.26901E-02  1.96869E-09  5.87192E-09 -6.45244E-13  1.13214E-12
  2.950E+01  6.48222E-02  1.80314E-09  5.78030E-09 -6.78160E-13  1.13739E-12
  3.000E+01  6.69873E-02  1.64166E-09  5.68839E-09 -7.11264E-13  1.14209E-12
  3.050E+01  6.91854E-02  1.48426E-09  5.59626E-09 -7.44528E-13  1.14626E-12
  3.100E+01  7.14163E-02  1.33092E-09  5.50395E-09 -7.77925E-13  1.14988E-12
  3.150E+01  7.36799E-02  1.18162E-09  5.41148E-09 -8.11430E-13  1.15297E-12
  3.200E+01  7.59760E-02  1.03634E-09  5.31890E-09 -8.45017E-13  1.15553E-12
  3.250E+01  7.83043E-02  8.95060E-10  5.22626E-09 -8.78662E-13  1.15755E-12
  3.300E+01  8.06647E-02  7.57737E-10  5.13358E-09 -9.12341E-13  1.15906E-12
  3.350E+01  8.30571E-02  6.24339E-10  5.04091E-09 -9.46032E-13  1.16005E-12
  3.400E+01  8.54812E-02  4.94829E-10  4.94828E-09 -9.79713E-13  1.16052E-12
  3.450E+01  8.79369E-02  3.69164E-10  4.85573E-09 -1.01336E-12  1.16049E-12
  3.500E+01  9.04240E-02  2.47300E-10  4.76330E-09 -1.04696E-12  1.15995E-12
  3.550E+01  9.29422E-02  1.29191E-10  4.67100E-09 -1.08049E-12  1.15892E-12
  3.600E+01  9.54915E-02  1.47871E-11  4.57889E-09 -1.11392E-12  1.15740E-12
  3.650E+01  9.80716E-02 -9.59624E-11  4.48699E-09 -1.14725E-12  1.15540E-12
  3.700E+01  1.00682E-01 -2.03110E-10  4.39534E-09 -1.18045E-12  1.15292E-12
  3.750E+01  1.03323E-01 -3.06710E-10  4.30396E-09 -1.21351E-12  1.14997E-12
  3.800E+01  1.05995E-01 -4.06818E-10  4.21288E-09 -1.24640E-12  1.14655E-12
  3.850E+01  1.08696E-01 -5.03490E-10  4.12213E-09 -1.27913E-12  1.14268E-12
  3.900E+01  1.11427E-01 -5.96784E-10  4.03175E-09 -1.31166E-12  1.13836E-12
  3.950E+01  1.14188E-01 -6.86758E-10  3.94175E-09 -1.34399E-12  1.13360E-12
  4.000E+01  1.16978E-01 -7.73471E-10  3.85216E-09 -1.37610E-12  1.12840E-12
  4.050E+01  1.19797E-01 -8.56982E-10  3.76302E-09 -1.40798E-12  1.12277E-12
  4.100E+01  1.22645E-01 -9.37351E-10  3.67434E-09 -1.43962E-12  1.11673E-12
  4.150E+01  1.25522E-01 -1.01464E-09  3.58614E-09 -1.47100E-12  1.11027E-12
  4.200E+01  1.28428E-01 -1.08890E-09  3.49846E-09 -1.50211E-12  1.10341E-12
  4.250E+01  1.31361E-01 -1.16021E-09  3.41130E-09 -1.53295E-12  1.09616E-12
  4.300E+01  1.34323E-01 -1.22861E-09  3.32470E-09 -1.56350E-12  1.08851E-12
  4.350E+01  1.37313E-01 -1.29417E-09  3.23868E-09 -1.59375E-12  1.08049E-12
  4.400E+01  1.40330E-01 -1.35694E-09  3.15325E-09 -1.62370E-12  1.07210E-12
  4.450E+01  1.43375E-01 -1.41700E-09  3.06843E-09 -1.65333E-12  1.06334E-12
  4.500E+01  1.46447E-01 -1.47439E-09  2.98424E-09 -1.68263E-12  1.05423E-12
  4.550E+01  1.49545E-01 -1.52917E-09  2.90069E-09 -1.71160E-12  1.04477E-12
  4.600E+01  1.52671E-01 -1.58141E-09  2.81781E-09 -1.74024E-12  1.03497E-12
  4.650E+01  1.55823E-01 -1.63116E-09  2.73561E-09 -1.76852E-12  1.02484E-12
  4.700E+01  1.59001E-01 -1.67848E-09  2.65410E-09 -1.79645E-12  1.01439E-12
  4.750E+01  1.62205E-01 -1.72342E-09  2.57330E-09 -1.82403E-12  1.00363E-12
  4.800E+01  1.65435E-01 -1.76604E-09  2.49323E-09 -1.85123E-12  9.92563E-13
  4.850E+01  1.68690E-01 -1.80639E-09  2.41388E-09 -1.87807E-12  9.81200E-13
  4.900E+01  1.71970E-01 -1.84454E-09  2.33529E-09 -1.90452E-12  9.69550E-13
  4.950E+01  1.75276E-01 -1.88053E-09  2.25745E-09 -1.93060E-12  9.57620E-13
  5.000E+01  1.78606E-01 -1.91442E-09  2.18038E-09 -1.95629E-12  9.45420E-13
  5.050E+01  1.81961E-01 -1.94626E-09  2.10409E-09 -1.98158E-12  9.32957E-13
  5.100E+01  1.85340E-01 -1.97610E-09  2.02858E-09 -2.00649E-12  9.20241E-13
  5.150E+01  1.88743E-01 -2.00399E-09  1.95387E-09 -2.03099E-12  9.07279E-13
  5.200E+01  1.92169E-01 -2.02998E-09  1.87997E-09 -2.05509E-12  8.94079E-13
  5.250E+01  1.95619E-01 -2.05412E-09  1.80688E-09 -2.07879E-12  8.80651E-13
  5.300E+01  1.99092E-01 -2.07647E-09  1.73461E-09 -2.10208E-12  8.67002E-13
  5.350E+01  2.02589E-01 -2.09706E-09  1.66316E-09 -2.12496E-12  8.53141E-13
  5.400E+01  2.06107E-01 -2.11595E-09  1.59255E-09 -2.14743E-12  8.39075E-13
  5.450E+01  2.09649E-01 -2.13318E-09  1.52277E-09 -2.16949E-12  8.24813E-13
  5.500E+01  2.13212E-01 -2.14880E-09  1.45384E-09 -2.19112E-12  8.10363E-13
  5.550E+01  2.16797E-01 -2.16285E-09  1.38575E-09 -2.21234E-12  7.95733E-13
  5.600E+01  2.20404E-01 -2.17537E-09  1.31850E-09 -2.23315E-12  7.80931E-13
  5.650E+01  2.24032E-01 -2.18641E-09  1.25212E-09 -2.25353E-12  7.65965E-13
  5.700E+01  2.27680E-01 -2.19601E-09  1.18658E-09 -2.27349E-12  7.50842E-13
  5.750E+01  2.31350E-01 -2.20422E-09  1.12191E-09 -2.29302E-12  7.35571E-13
  5.800E+01  2.35040E-01 -2.21106E-09  1.05809E-09 -2.31214E-12  7.20158E-13
  5.850E+01  2.38751E-01 -2.21659E-09  9.95133E-10 -2.33083E-12  7.04612E-13
  5.900E+01  2.42481E-01 -2.22083E-09  9.33039E-10 -2.34910E-12  6.88940E-13
  5.950E+01  2.46231E-01 -2.22384E-09  8.71807E-10 -2.36695E-12  6.73150E-13
  6.000E+01  2.50000E-01 -2.22564E-09  8.11437E-10 -2.38437E-12  6.57248E-13
  6.050E+01  2.53788E-01 -2.22628E-09  7.51930E-10 -2.40137E-12  6.41243E-13
  6.100E+01  2.57595E-01 -2.22579E-09  6.93283E-10 -2.41795E-12  6.25141E-13
  6.150E+01  2.61421E-01 -2.22420E-09  6.35498E-10 -2.43410E-12  6.08949E-13
  6.200E+01  2.65264E-01 -2.22155E-09  5.78571E-10 -2.44984E-12  5.92675E-13
  6.250E+01  2.69126E-01 -2.21787E-09  5.22502E-10 -2.46516E-12  5.76325E-13
  6.300E+01  2.73005E-01 -2.21320E-09  4.67288E-10 -2.48006E-12  5.59906E-13
  6.350E+01  2.76901E-01 -2.20757E-09  4.12927E-10 -2.49454E-12  5.43426E-13
  6.400E+01  2.80814E-01 -2.20100E-09  3.59417E-10 -2.50860E-12  5.26890E-13
  6.450E+01  2.84744E-01 -2.19354E-09  3.06754E-10 -2.52225E-12  5.10305E-13
  6.500E+01  2.88691E-01 -2.18521E-09  2.54936E-10 -2.53548E-12  4.93677E-13
  6.550E+01  2.92653E-01 -2.17604E-09  2.03958E-10 -2.54831E-12  4.77014E-13
  6.600E+01  2.96632E-01 -2.16606E-09  1.53818E-10 -2.56072E-12  4.60321E-13
  6.650E+01  3.00625E-01 -2.15530E-09  1.04510E-10 -2.57272E-12  4.43605E-13
  6.700E+01  3.04634E-01 -2.14379E-09  5.60314E-11 -2.58432E-12  4.26870E-13
  6.750E+01  3.08658E-01 -2.13155E-09  8.37698E-12 -2.59552E-12  4.10125E-13
  6.800E+01  3.12697E-01 -2.11861E-09 -3.84578E-11 -2.60631E-12  3.93374E-13
  6.850E+01  3.16749E-01 -2.10499E-09 -8.44778E-11 -2.61670E-12  3.76622E-13
  6.900E+01  3.20816E-01 -2.09073E-09 -1.29688E-10 -2.62669E-12  3.59877E-13
  6.950E+01  3.24896E-01 -2.07584E-09 -1.74094E-10 -2.63629E-12  3.43143E-13
  7.000E+01  3.28990E-01 -2.06035E-09 -2.17702E-10 -2.64550E-12  3.26426E-13
  7.050E+01  3.33097E-01 -2.04428E-09 -2.60516E-10 -2.65431E-12  3.09731E-13
  7.100E+01  3.37216E-01 -2.02766E-09 -3.02542E-10 -2.66274E-12  2.93064E-13
  7.150E+01  3.41348E-01 -2.01051E-09 -3.43788E-10 -2.67078E-12  2.76430E-13
  7.200E+01  3.45492E-01 -1.99285E-09 -3.84258E-10 -2.67843E-12  2.59833E-13
  7.250E+01  3.49647E-01 -1.97471E-09 -4.23959E-10 -2.68571E-12  2.43279E-13
  7.300E+01  3.53814E-01 -1.95609E-09 -4.62898E-10 -2.69261E-12  2.26773E-13
  7.350E+01  3.57992E-01 -1.93703E-09 -5.01081E-10 -2.69914E-12  2.10320E-13
  7.400E+01  3.62181E-01 -1.91754E-09 -5.38515E-10 -2.70529E-12  1.93923E-13
  7.450E+01  3.66381E-01 -1.89765E-09 -5.75206E-10 -2.71108E-12  1.77589E-13
  7.500E+01  3.70590E-01 -1.87736E-09 -6.11162E-10 -2.71650E-12  1.61320E-13
  7.550E+01  3.74810E-01 -1.85671E-09 -6.46389E-10 -2.72155E-12  1.45123E-13
  7.600E+01  3.79039E-01 -1.83570E-09 -6.80895E-10 -2.72625E-12  1.29000E-13
  7.650E+01  3.83277E-01 -1.81436E-09 -7.14686E-10 -2.73059E-12  1.12957E-13
  7.700E+01  3.87524E-01 -1.79270E-09 -7.47770E-10 -2.73457E-12  9.69970E-14
  7.750E+01  3.91780E-01 -1.77074E-09 -7.80155E-10 -2.73821E-12  8.11245E-14
  7.800E+01  3.96044E-01 -1.74850E-09 -8.11847E-10 -2.74150E-12  6.53432E-14
  7.850E+01  4.00316E-01 -1.72598E-09 -8.42855E-10 -2.74444E-12  4.96571E-14
  7.900E+01  4.04596E-01 -1.70322E-09 -8.73185E-10 -2.74705E-12  3.40699E-14
  7.950E+01  4.08882E-01 -1.68021E-09 -9.02846E-10 -2.74931E-12  1.85852E-14
  8.000E+01  4.13176E-01 -1.65698E-09 -9.31844E-10 -2.75125E-12  3.20669E-15
  8.050E+01  4.17476E-01 -1.63354E-09 -9.60189E-10 -2.75285E-12 -1.20622E-14
  8.100E+01  4.21783E-01 -1.60991E-09 -9.87886E-10 -2.75412E-12 -2.72182E-14
  8.150E+01  4.26095E-01 -1.58609E-09 -1.01494E-09 -2.75507E-12 -4.22579E-14
  8.200E+01  4.30413E-01 -1.56210E-09 -1.04137E-09 -2.75570E-12 -5.71780E-14
  8.250E+01  4.34737E-01 -1.53795E-09 -1.06718E-09 -2.75600E-12 -7.19756E-14
  8.300E+01  4.39065E-01 -1.51366E-09 -1.09236E-09 -2.75600E-12 -8.66475E-14
  8.350E+01  4.43398E-01 -1.48924E-09 -1.11694E-09 -2.75568E-12 -1.01191E-13
  8.400E+01  4.47736E-01 -1.46470E-09 -1.14093E-09 -2.75506E-12 -1.15603E-13
  8.450E+01  4.52077E-01 -1.44004E-09 -1.16431E-09 -2.75413E-12 -1.29880E-13
  8.500E+01  4.56422E-01 -1.41529E-09 -1.18712E-09 -2.75290E-12 -1.44021E-13
  8.550E+01  4.60770E-01 -1.39045E-09 -1.20935E-09 -2.75138E-12 -1.58022E-13
  8.600E+01  4.65122E-01 -1.36554E-09 -1.23101E-09 -2.74956E-12 -1.71880E-13
  8.650E+01  4.69476E-01 -1.34055E-09 -1.25211E-09 -2.74745E-12 -1.85595E-13
  8.700E+01  4.73832E-01 -1.31551E-09 -1.27265E-09 -2.74505E-12 -1.99162E-13
  8.750E+01  4.78190E-01 -1.29042E-09 -1.29266E-09 -2.74236E-12 -2.12580E-13
  8.800E+01  4.82550E-01 -1.26529E-09 -1.31212E-09 -2.73940E-12 -2.25846E-13
  8.850E+01  4.86912E-01 -1.24013E-09 -1.33106E-09 -2.73616E-12 -2.38959E-13
  8.900E+01  4.91274E-01 -1.21495E-09 -1.34947E-09 -2.73265E-12 -2.51916E-13
  8.950E+01  4.95637E-01 -1.18976E-09 -1.36737E-09 -2.72886E-12 -2.64715E-13
  9.000E+01  5.00000E-01 -1.16456E-09 -1.38476E-09 -2.72481E-12 -2.77355E-13
  9.050E+01  5.04363E-01 -1.13937E-09 -1.40166E-09 -2.72049E-12 -2.89833E-13
  9.100E+01  5.08726E-01 -1.11418E-09 -1.41807E-09 -2.71592E-12 -3.02148E-13
  9.150E+01  5.13088E-01 -1.08902E-09 -1.43399E-09 -2.71108E-12 -3.14297E-13
  9.200E+01  5.17450E-01 -1.06388E-09 -1.44943E-09 -2.70600E-12 -3.26280E-13
  9.250E+01  5.21810E-01 -1.03877E-09 -1.46441E-09 -2.70066E-12 -3.38095E-13
  9.300E+01  5.26168E-01 -1.01370E-09 -1.47893E-09 -2.69507E-12 -3.49739E-13
  9.350E+01  5.30524E-01 -9.88682E-10 -1.49300E-09 -2.68924E-12 -3.61213E-13
  9.400E+01  5.34878E-01 -9.63712E-10 -1.50662E-09 -2.68317E-12 -3.72513E-13
  9.450E+01  5.39230E-01 -9.38800E-10 -1.51980E-09 -2.67687E-12 -3.83640E-13
  9.500E+01  5.43578E-01 -9.13952E-10 -1.53255E-09 -2.67032E-12 -3.94592E-13
  9.550E+01  5.47923E-01 -8.89173E-10 -1.54488E-09 -2.66355E-12 -4.05367E-13
  9.600E+01  5.52264E-01 -8.64469E-10 -1.55680E-09 -2.65655E-12 -4.15964E-13
  9.650E+01  5.56602E-01 -8.39846E-10 -1.56830E-09 -2.64932E-12 -4.26383E-13
  9.700E+01  5.60935E-01 -8.15308E-10 -1.57940E-09 -2.64188E-12 -4.36623E-13
  9.750E+01  5.65263E-01 -7.90861E-10 -1.59011E-09 -2.63421E-12 -4.46681E-13
  9.800E+01  5.69587E-01 -7.66508E-10 -1.60043E-09 -2.62633E-12 -4.56558E-13
  9.850E+01  5.73905E-01 -7.42255E-10 -1.61037E-09 -2.61824E-12 -4.66253E-13
  9.900E+01  5.78217E-01 -7.18106E-10 -1.61994E-09 -2.60994E-12 -4.75765E-13
  9.950E+01  5.82524E-01 -6.94065E-10 -1.62914E-09 -2.60143E-12 -4.85092E-13
  1.000E+02  5.86824E-01 -6.70137E-10 -1.63798E-09 -2.59272E-12 -4.94235E-13
  1.005E+02  5.91118E-01 -6.46324E-10 -1.64646E-09 -2.58381E-12 -5.03193E-13
  1.010E+02  5.95404E-01 -6.22632E-10 -1.65460E-09 -2.57470E-12 -5.11965E-13
  1.015E+02  5.99684E-01 -5.99063E-10 -1.66240E-09 -2.56540E-12 -5.20551E-13
  1.020E+02  6.03956E-01 -5.75620E-10 -1.66987E-09 -2.55591E-12 -5.28950E-13
  1.025E+02  6.08220E-01 -5.52309E-10 -1.67701E-09 -2.54623E-12 -5.37162E-13
  1.030E+02  6.12476E-01 -5.29130E-10 -1.68384E-09 -2.53636E-12 -5.45186E-13
  1.035E+02  6.16723E-01 -5.06088E-10 -1.69034E-09 -2.52631E-12 -5.53023E-13
  1.040E+02  6.20961E-01 -4.83185E-10 -1.69654E-09 -2.51609E-12 -5.60671E-13
  1.045E+02  6.25190E-01 -4.60425E-10 -1.70244E-09 -2.50568E-12 -5.68131E-13
  1.050E+02  6.29410E-01 -4.37809E-10 -1.70805E-09 -2.49510E-12 -5.75402E-13
  1.055E+02  6.33619E-01 -4.15341E-10 -1.71336E-09 -2.48436E-12 -5.82484E-13
  1.060E+02  6.37819E-01 -3.93022E-10 -1.71840E-09 -2.47344E-12 -5.89378E-13
  1.065E+02  6.42008E-01 -3.70855E-10 -1.72315E-09 -2.46236E-12 -5.96082E-13
  1.070E+02  6.46186E-01 -3.48842E-10 -1.72764E-09 -2.45111E-12 -6.02598E-13
  1.075E+02  6.50353E-01 -3.26985E-10 -1.73186E-09 -2.43970E-12 -6.08925E-13
  1.080E+02  6.54508E-01 -3.05287E-10 -1.73582E-09 -2.42814E-12 -6.15062E-13
  1.085E+02  6.58652E-01 -2.83749E-10 -1.73953E-09 -2.41642E-12 -6.21012E-13
  1.090E+02  6.62784E-01 -2.62372E-10 -1.74299E-09 -2.40455E-12 -6.26772E-13
  1.095E+02  6.66903E-01 -2.41159E-10 -1.74621E-09 -2.39253E-12 -6.32344E-13
  1.100E+02  6.71010E-01 -2.20110E-10 -1.74920E-09 -2.38036E-12 -6.37728E-13
  1.105E+02  6.75104E-01 -1.99229E-10 -1.75195E-09 -2.36805E-12 -6.42924E-13
  1.110E+02  6.79184E-01 -1.78515E-10 -1.75448E-09 -2.35559E-12 -6.47932E-13
  1.115E+02  6.83251E-01 -1.57970E-10 -1.75679E-09 -2.34300E-12 -6.52753E-13
  1.120E+02  6.87303E-01 -1.37595E-10 -1.75888E-09 -2.33027E-12 -6.57387E-13
  1.125E+02  6.91342E-01 -1.17392E-10 -1.76076E-09 -2.31740E-12 -6.61834E-13
  1.130E+02  6.95366E-01 -9.73613E-11 -1.76244E-09 -2.30440E-12 -6.66095E-13
  1.135E+02  6.99375E-01 -7.75041E-11 -1.76393E-09 -2.29127E-12 -6.70171E-13
  1.140E+02  7.03368E-01 -5.78212E-11 -1.76521E-09 -2.27801E-12 -6.74061E-13
  1.145E+02  7.07347E-01 -3.83135E-11 -1.76631E-09 -2.26463E-12 -6.77766E-13
  1.150E+02  7.11309E-01 -1.89816E-11 -1.76722E-09 -2.25112E-12 -6.81288E-13
  1.155E+02  7.15256E-01  1.73689E-13 -1.76796E-09 -2.23749E-12 -6.84625E-13
  1.160E+02  7.19186E-01  1.91518E-11 -1.76852E-09 -2.22375E-12 -6.87780E-13
  1.165E+02  7.23099E-01  3.79523E-11 -1.76891E-09 -2.20988E-12 -6.90752E-13
  1.170E+02  7.26995E-01  5.65745E-11 -1.76913E-09 -2.19591E-12 -6.93543E-13
  1.175E+02  7.30874E-01  7.50182E-11 -1.76920E-09 -2.18181E-12 -6.96153E-13
  1.180E+02  7.34736E-01  9.32828E-11 -1.76911E-09 -2.16761E-12 -6.98582E-13
  1.185E+02  7.38579E-01  1.11368E-10 -1.76886E-09 -2.15331E-12 -7.00832E-13
  1.190E+02  7.42405E-01  1.29274E-10 -1.76847E-09 -2.13889E-12 -7.02903E-13
  1.195E+02  7.46212E-01  1.47000E-10 -1.76794E-09 -2.12437E-12 -7.04796E-13
  1.200E+02  7.50000E-01  1.64547E-10 -1.76727E-09 -2.10975E-12 -7.06512E-13
  1.205E+02  7.53769E-01  1.81913E-10 -1.76646E-09 -2.09503E-12 -7.08052E-13
  1.210E+02  7.57519E-01  1.99099E-10 -1.76553E-09 -2.08021E-12 -7.09416E-13
  1.215E+02  7.61249E-01  2.16106E-10 -1.76447E-09 -2.06529E-12 -7.10606E-13
  1.220E+02  7.64960E-01  2.32932E-10 -1.76328E-09 -2.05028E-12 -7.11622E-13
  1.225E+02  7.68650E-01  2.49579E-10 -1.76198E-09 -2.03518E-12 -7.12465E-13
  1.230E+02  7.72320E-01  2.66045E-10 -1.76057E-09 -2.01999E-12 -7.13137E-13
  1.235E+02  7.75968E-01  2.82333E-10 -1.75904E-09 -2.00471E-12 -7.13638E-13
  1.240E+02  7.79596E-01  2.98440E-10 -1.75741E-09 -1.98934E-12 -7.13969E-13
  1.245E+02  7.83203E-01  3.14369E-10 -1.75568E-09 -1.97388E-12 -7.14132E-13
  1.250E+02  7.86788E-01  3.30119E-10 -1.75384E-09 -1.95834E-12 -7.14126E-13
  1.255E+02  7.90351E-01  3.45690E-10 -1.75192E-09 -1.94272E-12 -7.13954E-13
  1.260E+02  7.93893E-01  3.61083E-10 -1.74990E-09 -1.92702E-12 -7.13616E-13
  1.265E+02  7.97411E-01  3.76298E-10 -1.74779E-09 -1.91125E-12 -7.13114E-13
  1.270E+02  8.00908E-01  3.91336E-10 -1.74560E-09 -1.89539E-12 -7.12449E-13
  1.275E+02  8.04381E-01  4.06197E-10 -1.74332E-09 -1.87946E-12 -7.11621E-13
  1.280E+02  8.07831E-01  4.20882E-10 -1.74097E-09 -1.86345E-12 -7.10632E-13
  1.285E+02  8.11257E-01  4.35390E-10 -1.73854E-09 -1.84738E-12 -7.09483E-13
  1.290E+02  8.14660E-01  4.49723E-10 -1.73605E-09 -1.83123E-12 -7.08175E-13
  1.295E+02  8.18039E-01  4.63881E-10 -1.73348E-09 -1.81502E-12 -7.06710E-13
  1.300E+02  8.21394E-01  4.77864E-10 -1.73085E-09 -1.79873E-12 -7.05088E-13
  1.305E+02  8.24724E-01  4.91674E-10 -1.72816E-09 -1.78238E-12 -7.03311E-13
  1.310E+02  8.28030E-01  5.05310E-10 -1.72541E-09 -1.76597E-12 -7.01380E-13
  1.315E+02  8.31310E-01  5.18774E-10 -1.72260E-09 -1.74949E-12 -6.99296E-13
  1.320E+02  8.34565E-01  5.32065E-10 -1.71974E-09 -1.73295E-12 -6.97061E-13
  1.325E+02  8.37795E-01  5.45186E-10 -1.71683E-09 -1.71635E-12 -6.94675E-13
  1.330E+02  8.40999E-01  5.58136E-10 -1.71388E-09 -1.69969E-12 -6.92141E-13
  1.335E+02  8.44177E-01  5.70916E-10 -1.71087E-09 -1.68298E-12 -6.89459E-13
  1.340E+02  8.47329E-01  5.83526E-10 -1.70783E-09 -1.66620E-12 -6.86631E-13
  1.345E+02  8.50455E-01  5.95968E-10 -1.70475E-09 -1.64938E-12 -6.83657E-13
  1.350E+02  8.53553E-01  6.08243E-10 -1.70163E-09 -1.63249E-12 -6.80540E-13
  1.355E+02  8.56625E-01  6.20350E-10 -1.69848E-09 -1.61556E-12 -6.77281E-13
  1.360E+02  8.59670E-01  6.32291E-10 -1.69530E-09 -1.59857E-12 -6.73881E-13
  1.365E+02  8.62687E-01  6.44066E-10 -1.69209E-09 -1.58154E-12 -6.70341E-13
  1.370E+02  8.65677E-01  6.55677E-10 -1.68886E-09 -1.56445E-12 -6.66663E-13
  1.375E+02  8.68639E-01  6.67124E-10 -1.68560E-09 -1.54732E-12 -6.62848E-13
  1.380E+02  8.71572E-01  6.78407E-10 -1.68232E-09 -1.53014E-12 -6.58898E-13
  1.385E+02  8.74478E-01  6.89528E-10 -1.67902E-09 -1.51291E-12 -6.54814E-13
  1.390E+02  8.77355E-01  7.00488E-10 -1.67570E-09 -1.49564E-12 -6.50597E-13
  1.395E+02  8.80203E-01  7.11287E-10 -1.67237E-09 -1.47833E-12 -6.46249E-13
  1.400E+02  8.83022E-01  7.21925E-10 -1.66903E-09 -1.46097E-12 -6.41771E-13
  1.405E+02  8.85812E-01  7.32405E-10 -1.66568E-09 -1.44357E-12 -6.37164E-13
  1.410E+02  8.88573E-01  7.42726E-10 -1.66232E-09 -1.42614E-12 -6.32431E-13
  1.415E+02  8.91304E-01  7.52890E-10 -1.65896E-09 -1.40866E-12 -6.27573E-13
  1.420E+02  8.94005E-01  7.62897E-10 -1.65559E-09 -1.39114E-12 -6.22590E-13
  1.425E+02  8.96677E-01  7.72748E-10 -1.65222E-09 -1.37359E-12 -6.17485E-13
  1.430E+02  8.99318E-01  7.82445E-10 -1.64885E-09 -1.35600E-12 -6.12259E-13
  1.435E+02  9.01928E-01  7.91987E-10 -1.64549E-09 -1.33838E-12 -6.06914E-13
  1.440E+02  9.04508E-01  8.01376E-10 -1.64212E-09 -1.32072E-12 -6.01450E-13
  1.445E+02  9.07058E-01  8.10612E-10 -1.63877E-09 -1.30302E-12 -5.95870E-13
  1.450E+02  9.09576E-01  8.19696E-10 -1.63542E-09 -1.28530E-12 -5.90175E-13
  1.455E+02  9.12063E-01  8.28630E-10 -1.63208E-09 -1.26754E-12 -5.84367E-13
  1.460E+02  9.14519E-01  8.37414E-10 -1.62876E-09 -1.24975E-12 -5.78446E-13
  1.465E+02  9.16943E-01  8.46048E-10 -1.62544E-09 -1.23193E-12 -5.72415E-13
  1.470E+02  9.19335E-01  8.54534E-10 -1.62215E-09 -1.21408E-12 -5.66275E-13
  1.475E+02  9.21696E-01  8.62872E-10 -1.61887E-09 -1.19620E-12 -5.60028E-13
  1.480E+02  9.24024E-01  8.71064E-10 -1.61560E-09 -1.17830E-12 -5.53674E-13
  1.485E+02  9.26320E-01  8.79110E-10 -1.61236E-09 -1.16037E-12 -5.47217E-13
  1.490E+02  9.28584E-01  8.87010E-10 -1.60914E-09 -1.14241E-12 -5.40656E-13
  1.495E+02  9.30815E-01  8.94767E-10 -1.60594E-09 -1.12442E-12 -5.33995E-13
  1.500E+02  9.33013E-01  9.02379E-10 -1.60277E-09 -1.10641E-12 -5.27234E-13
  1.505E+02  9.35178E-01  9.09849E-10 -1.59962E-09 -1.08838E-12 -5.20374E-13
  1.510E+02  9.37310E-01  9.17177E-10 -1.59650E-09 -1.07032E-12 -5.13418E-13
  1.515E+02  9.39409E-01  9.24363E-10 -1.59341E-09 -1.05224E-12 -5.06367E-13
  1.520E+02  9.41474E-01  9.31409E-10 -1.59035E-09 -1.03413E-12 -4.99223E-13
  1.525E+02  9.43505E-01  9.38316E-10 -1.58732E-09 -1.01601E-12 -4.91987E-13
  1.530E+02  9.45503E-01  9.45083E-10 -1.58432E-09 -9.97863E-13 -4.84661E-13
  1.535E+02  9.47467E-01  9.51712E-10 -1.58135E-09 -9.79696E-13 -4.77246E-13
  1.540E+02  9.49397E-01  9.58204E-10 -1.57843E-09 -9.61510E-13 -4.69744E-13
  1.545E+02  9.51293E-01  9.64559E-10 -1.57553E-09 -9.43304E-13 -4.62157E-13
  1.550E+02  9.53154E-01  9.70778E-10 -1.57268E-09 -9.25080E-13 -4.54486E-13
  1.555E+02  9.54981E-01  9.76862E-10 -1.56986E-09 -9.06838E-13 -4.46732E-13
  1.560E+02  9.56773E-01  9.82810E-10 -1.56709E-09 -8.88578E-13 -4.38898E-13
  1.565E+02  9.58530E-01  9.88625E-10 -1.56435E-09 -8.70301E-13 -4.30985E-13
  1.570E+02  9.60252E-01  9.94307E-10 -1.56166E-09 -8.52008E-13 -4.22995E-13
  1.575E+02  9.61940E-01  9.99856E-10 -1.55901E-09 -8.33699E-13 -4.14928E-13
  1.580E+02  9.63592E-01  1.00527E-09 -1.55640E-09 -8.15374E-13 -4.06788E-13
  1.585E+02  9.65209E-01  1.01056E-09 -1.55384E-09 -7.97034E-13 -3.98575E-13
  1.590E+02  9.66790E-01  1.01571E-09 -1.55133E-09 -7.78680E-13 -3.90291E-13
  1.595E+02  9.68336E-01  1.02074E-09 -1.54886E-09 -7.60313E-13 -3.81938E-13
  1.600E+02  9.69846E-01  1.02563E-09 -1.54644E-09 -7.41931E-13 -3.73516E-13
  1.605E+02  9.71321E-01  1.03040E-09 -1.54407E-09 -7.23537E-13 -3.65029E-13
  1.610E+02  9.72759E-01  1.03504E-09 -1.54175E-09 -7.05130E-13 -3.56478E-13
  1.615E+02  9.74162E-01  1.03955E-09 -1.53948E-09 -6.86710E-13 -3.47863E-13
  1.620E+02  9.75528E-01  1.04393E-09 -1.53726E-09 -6.68280E-13 -3.39188E-13
  1.625E+02  9.76858E-01  1.04819E-09 -1.53509E-09 -6.49837E-13 -3.30452E-13
  1.630E+02  9.78152E-01  1.05232E-09 -1.53297E-09 -6.31384E-13 -3.21659E-13
  1.635E+02  9.79410E-01  1.05632E-09 -1.53091E-09 -6.12921E-13 -3.12810E-13
  1.640E+02  9.80631E-01  1.06020E-09 -1.52890E-09 -5.94447E-13 -3.03906E-13
  1.645E+02  9.81815E-01  1.06396E-09 -1.52695E-09 -5.75964E-13 -2.94949E-13
  1.650E+02  9.82963E-01  1.06759E-09 -1.52505E-09 -5.57471E-13 -2.85941E-13
  1.655E+02  9.84074E-01  1.07110E-09 -1.52321E-09 -5.38969E-13 -2.76882E-13
  1.660E+02  9.85148E-01  1.07448E-09 -1.52143E-09 -5.20459E-13 -2.67776E-13
  1.665E+02  9.86185E-01  1.07774E-09 -1.51970E-09 -5.01941E-13 -2.58624E-13
  1.670E+02  9.87185E-01  1.08088E-09 -1.51803E-09 -4.83415E-13 -2.49426E-13
  1.675E+02  9.88148E-01  1.08390E-09 -1.51642E-09 -4.64881E-13 -2.40186E-13
  1.680E+02  9.89074E-01  1.08680E-09 -1.51487E-09 -4.46340E-13 -2.30904E-13
  1.685E+02  9.89962E-01  1.08957E-09 -1.51338E-09 -4.27792E-13 -2.21582E-13
  1.690E+02  9.90814E-01  1.09223E-09 -1.51194E-09 -4.09238E-13 -2.12222E-13
  1.695E+02  9.91627E-01  1.09476E-09 -1.51057E-09 -3.90677E-13 -2.02826E-13
  1.700E+02  9.92404E-01  1.09717E-09 -1.50926E-09 -3.72111E-13 -1.93394E-13
  1.705E+02  9.93143E-01  1.09947E-09 -1.50801E-09 -3.53539E-13 -1.83930E-13
  1.710E+02  9.93844E-01  1.10164E-09 -1.50682E-09 -3.34961E-13 -1.74434E-13
  1.715E+02  9.94508E-01  1.10370E-09 -1.50570E-09 -3.16379E-13 -1.64908E-13
  1.720E+02  9.95134E-01  1.10563E-09 -1.50464E-09 -2.97792E-13 -1.55354E-13
  1.725E+02  9.95722E-01  1.10745E-09 -1.50363E-09 -2.79201E-13 -1.45773E-13
  1.730E+02  9.96273E-01  1.10915E-09 -1.50270E-09 -2.60606E-13 -1.36167E-13
  1.735E+02  9.96786E-01  1.11073E-09 -1.50182E-09 -2.42007E-13 -1.26538E-13
  1.740E+02  9.97261E-01  1.11219E-09 -1.50101E-09 -2.23404E-13 -1.16888E-13
  1.745E+02  9.97698E-01  1.11354E-09 -1.50027E-09 -2.04798E-13 -1.07217E-13
  1.750E+02  9.98097E-01  1.11477E-09 -1.49958E-09 -1.86190E-13 -9.75282E-14
  1.755E+02  9.98459E-01  1.11588E-09 -1.49897E-09 -1.67578E-13 -8.78228E-14
  1.760E+02  9.98782E-01  1.11687E-09 -1.49841E-09 -1.48964E-13 -7.81024E-14
  1.765E+02  9.99067E-01  1.11774E-09 -1.49793E-09 -1.30348E-13 -6.83687E-14
  1.770E+02  9.99315E-01  1.11850E-09 -1.49750E-09 -1.11731E-13 -5.86233E-14
  1.775E+02  9.99524E-01  1.11914E-09 -1.49714E-09 -9.31113E-14 -4.88680E-14
  1.780E+02  9.99695E-01  1.11967E-09 -1.49685E-09 -7.44906E-14 -3.91044E-14
  1.785E+02  9.99829E-01  1.12008E-09 -1.49662E-09 -5.58689E-14 -2.93341E-14
  1.790E+02  9.99924E-01  1.12037E-09 -1.49646E-09 -3.72464E-14 -1.95589E-14
  1.795E+02  9.99981E-01  1.12054E-09 -1.49636E-09 -1.86233E-14 -9.78026E-15
  1.800E+02  1.00000E+00  1.12060E-09 -1.49633E-09 -2.61349E-28 -1.37254E-28
