 #  Scattering amplitudes (in cm)      MU=(1-cos(TH))/2
 #  Z =   1,   projectile: electron
 #  Kinetic energy = 1.22000E+02 eV
 #
 # TH (deg)      MU          Re(F)        Im(F)        Re(G)        Im(G)
 #--------------------------------------------------------------------------
  0.000E+00  0.00000E+00  5.76749E-09  1.18408E-09  0.00000E+00  0.00000E+00
  1.000E-04  7.61557E-13  5.76749E-09  1.18408E-09  1.29405E-18  2.24852E-19
  1.250E-04  1.18994E-12  5.76749E-09  1.18408E-09  1.61756E-18  2.81064E-19
  1.500E-04  1.71346E-12  5.76749E-09  1.18408E-09  1.94107E-18  3.37277E-19
  1.750E-04  2.33225E-12  5.76749E-09  1.18408E-09  2.26458E-18  3.93490E-19
  2.000E-04  3.04617E-12  5.76749E-09  1.18408E-09  2.58809E-18  4.49703E-19
  2.250E-04  3.85530E-12  5.76749E-09  1.18408E-09  2.91160E-18  5.05916E-19
  2.500E-04  4.75964E-12  5.76749E-09  1.18408E-09  3.23511E-18  5.62129E-19
  2.750E-04  5.75917E-12  5.76749E-09  1.18408E-09  3.55863E-18  6.18342E-19
  3.000E-04  6.85391E-12  5.76749E-09  1.18408E-09  3.88214E-18  6.74555E-19
  3.250E-04  8.04379E-12  5.76749E-09  1.18408E-09  4.20565E-18  7.30767E-19
  3.500E-04  9.32893E-12  5.76749E-09  1.18408E-09  4.52916E-18  7.86980E-19
  3.750E-04  1.07092E-11  5.76749E-09  1.18408E-09  4.85267E-18  8.43193E-19
  4.000E-04  1.21847E-11  5.76749E-09  1.18408E-09  5.17618E-18  8.99406E-19
  4.250E-04  1.37554E-11  5.76749E-09  1.18408E-09  5.49969E-18  9.55619E-19
  4.500E-04  1.54213E-11  5.76749E-09  1.18408E-09  5.82321E-18  1.01183E-18
  4.750E-04  1.71823E-11  5.76749E-09  1.18408E-09  6.14672E-18  1.06804E-18
  5.000E-04  1.90386E-11  5.76749E-09  1.18408E-09  6.47023E-18  1.12426E-18
  5.250E-04  2.09900E-11  5.76749E-09  1.18408E-09  6.79374E-18  1.18047E-18
  5.500E-04  2.30367E-11  5.76749E-09  1.18408E-09  7.11725E-18  1.23668E-18
  5.750E-04  2.51785E-11  5.76749E-09  1.18408E-09  7.44076E-18  1.29290E-18
  6.000E-04  2.74156E-11  5.76749E-09  1.18408E-09  7.76427E-18  1.34911E-18
  6.250E-04  2.97478E-11  5.76749E-09  1.18408E-09  8.08779E-18  1.40532E-18
  6.500E-04  3.21752E-11  5.76749E-09  1.18408E-09  8.41130E-18  1.46153E-18
  6.750E-04  3.46979E-11  5.76749E-09  1.18408E-09  8.73481E-18  1.51775E-18
  7.000E-04  3.73157E-11  5.76749E-09  1.18408E-09  9.05832E-18  1.57396E-18
  7.250E-04  4.00286E-11  5.76749E-09  1.18408E-09  9.38183E-18  1.63017E-18
  7.500E-04  4.28368E-11  5.76749E-09  1.18408E-09  9.70534E-18  1.68639E-18
  7.750E-04  4.57402E-11  5.76749E-09  1.18408E-09  1.00289E-17  1.74260E-18
  8.000E-04  4.87388E-11  5.76749E-09  1.18408E-09  1.03524E-17  1.79881E-18
  8.250E-04  5.18325E-11  5.76749E-09  1.18408E-09  1.06759E-17  1.85502E-18
  8.500E-04  5.50215E-11  5.76749E-09  1.18408E-09  1.09994E-17  1.91124E-18
  8.750E-04  5.83057E-11  5.76749E-09  1.18408E-09  1.13229E-17  1.96745E-18
  9.000E-04  6.16850E-11  5.76749E-09  1.18408E-09  1.16464E-17  2.02366E-18
  9.250E-04  6.51595E-11  5.76749E-09  1.18408E-09  1.19699E-17  2.07988E-18
  9.500E-04  6.87293E-11  5.76749E-09  1.18408E-09  1.22934E-17  2.13609E-18
  9.750E-04  7.23943E-11  5.76749E-09  1.18408E-09  1.26169E-17  2.19230E-18
  1.000E-03  7.61544E-11  5.76749E-09  1.18408E-09  1.29405E-17  2.24852E-18
  1.250E-03  1.18991E-10  5.76749E-09  1.18408E-09  1.61756E-17  2.81064E-18
  1.500E-03  1.71347E-10  5.76749E-09  1.18408E-09  1.94107E-17  3.37277E-18
  1.750E-03  2.33223E-10  5.76749E-09  1.18408E-09  2.26458E-17  3.93490E-18
  2.000E-03  3.04617E-10  5.76749E-09  1.18408E-09  2.58809E-17  4.49703E-18
  2.250E-03  3.85531E-10  5.76749E-09  1.18408E-09  2.91160E-17  5.05916E-18
  2.500E-03  4.75965E-10  5.76749E-09  1.18408E-09  3.23511E-17  5.62129E-18
  2.750E-03  5.75917E-10  5.76749E-09  1.18408E-09  3.55863E-17  6.18342E-18
  3.000E-03  6.85389E-10  5.76749E-09  1.18408E-09  3.88214E-17  6.74555E-18
  3.250E-03  8.04380E-10  5.76749E-09  1.18408E-09  4.20565E-17  7.30767E-18
  3.500E-03  9.32891E-10  5.76749E-09  1.18408E-09  4.52916E-17  7.86980E-18
  3.750E-03  1.07092E-09  5.76749E-09  1.18408E-09  4.85267E-17  8.43193E-18
  4.000E-03  1.21847E-09  5.76749E-09  1.18408E-09  5.17618E-17  8.99406E-18
  4.250E-03  1.37554E-09  5.76749E-09  1.18408E-09  5.49969E-17  9.55619E-18
  4.500E-03  1.54213E-09  5.76749E-09  1.18408E-09  5.82321E-17  1.01183E-17
  4.750E-03  1.71823E-09  5.76749E-09  1.18408E-09  6.14672E-17  1.06804E-17
  5.000E-03  1.90386E-09  5.76749E-09  1.18408E-09  6.47023E-17  1.12426E-17
  5.250E-03  2.09900E-09  5.76749E-09  1.18408E-09  6.79374E-17  1.18047E-17
  5.500E-03  2.30367E-09  5.76749E-09  1.18408E-09  7.11725E-17  1.23668E-17
  5.750E-03  2.51785E-09  5.76749E-09  1.18408E-09  7.44076E-17  1.29290E-17
  6.000E-03  2.74156E-09  5.76749E-09  1.18408E-09  7.76427E-17  1.34911E-17
  6.250E-03  2.97478E-09  5.76749E-09  1.18408E-09  8.08778E-17  1.40532E-17
  6.500E-03  3.21752E-09  5.76749E-09  1.18408E-09  8.41130E-17  1.46153E-17
  6.750E-03  3.46978E-09  5.76749E-09  1.18408E-09  8.73481E-17  1.51775E-17
  7.000E-03  3.73156E-09  5.76749E-09  1.18408E-09  9.05832E-17  1.57396E-17
  7.250E-03  4.00286E-09  5.76749E-09  1.18408E-09  9.38183E-17  1.63017E-17
  7.500E-03  4.28368E-09  5.76749E-09  1.18408E-09  9.70534E-17  1.68639E-17
  7.750E-03  4.57402E-09  5.76749E-09  1.18408E-09  1.00289E-16  1.74260E-17
  8.000E-03  4.87388E-09  5.76749E-09  1.18408E-09  1.03524E-16  1.79881E-17
  8.250E-03  5.18326E-09  5.76749E-09  1.18408E-09  1.06759E-16  1.85502E-17
  8.500E-03  5.50215E-09  5.76749E-09  1.18408E-09  1.09994E-16  1.91124E-17
  8.750E-03  5.83057E-09  5.76749E-09  1.18408E-09  1.13229E-16  1.96745E-17
  9.000E-03  6.16850E-09  5.76749E-09  1.18408E-09  1.16464E-16  2.02366E-17
  9.250E-03  6.51596E-09  5.76749E-09  1.18408E-09  1.19699E-16  2.07988E-17
  9.500E-03  6.87293E-09  5.76749E-09  1.18408E-09  1.22934E-16  2.13609E-17
  9.750E-03  7.23942E-09  5.76749E-09  1.18408E-09  1.26169E-16  2.19230E-17
  1.000E-02  7.61544E-09  5.76749E-09  1.18408E-09  1.29405E-16  2.24851E-17
  1.250E-02  1.18991E-08  5.76749E-09  1.18408E-09  1.61756E-16  2.81064E-17
  1.500E-02  1.71347E-08  5.76749E-09  1.18408E-09  1.94107E-16  3.37277E-17
  1.750E-02  2.33223E-08  5.76749E-09  1.18408E-09  2.26458E-16  3.93490E-17
  2.000E-02  3.04617E-08  5.76749E-09  1.18408E-09  2.58809E-16  4.49703E-17
  2.250E-02  3.85531E-08  5.76749E-09  1.18408E-09  2.91160E-16  5.05916E-17
  2.500E-02  4.75965E-08  5.76749E-09  1.18408E-09  3.23511E-16  5.62129E-17
  2.750E-02  5.75917E-08  5.76749E-09  1.18408E-09  3.55862E-16  6.18342E-17
  3.000E-02  6.85389E-08  5.76749E-09  1.18408E-09  3.88213E-16  6.74554E-17
  3.250E-02  8.04380E-08  5.76749E-09  1.18408E-09  4.20564E-16  7.30767E-17
  3.500E-02  9.32891E-08  5.76749E-09  1.18408E-09  4.52915E-16  7.86980E-17
  3.750E-02  1.07092E-07  5.76748E-09  1.18408E-09  4.85266E-16  8.43193E-17
  4.000E-02  1.21847E-07  5.76748E-09  1.18408E-09  5.17617E-16  8.99406E-17
  4.250E-02  1.37554E-07  5.76748E-09  1.18408E-09  5.49968E-16  9.55618E-17
  4.500E-02  1.54213E-07  5.76748E-09  1.18408E-09  5.82319E-16  1.01183E-16
  4.750E-02  1.71823E-07  5.76748E-09  1.18408E-09  6.14670E-16  1.06804E-16
  5.000E-02  1.90386E-07  5.76748E-09  1.18408E-09  6.47021E-16  1.12426E-16
  5.250E-02  2.09900E-07  5.76748E-09  1.18408E-09  6.79372E-16  1.18047E-16
  5.500E-02  2.30367E-07  5.76747E-09  1.18408E-09  7.11723E-16  1.23668E-16
  5.750E-02  2.51785E-07  5.76747E-09  1.18408E-09  7.44074E-16  1.29290E-16
  6.000E-02  2.74156E-07  5.76747E-09  1.18408E-09  7.76424E-16  1.34911E-16
  6.250E-02  2.97478E-07  5.76747E-09  1.18408E-09  8.08775E-16  1.40532E-16
  6.500E-02  3.21752E-07  5.76747E-09  1.18408E-09  8.41126E-16  1.46153E-16
  6.750E-02  3.46978E-07  5.76746E-09  1.18408E-09  8.73477E-16  1.51775E-16
  7.000E-02  3.73156E-07  5.76746E-09  1.18408E-09  9.05827E-16  1.57396E-16
  7.250E-02  4.00286E-07  5.76746E-09  1.18408E-09  9.38178E-16  1.63017E-16
  7.500E-02  4.28368E-07  5.76746E-09  1.18408E-09  9.70528E-16  1.68638E-16
  7.750E-02  4.57402E-07  5.76746E-09  1.18408E-09  1.00288E-15  1.74260E-16
  8.000E-02  4.87388E-07  5.76745E-09  1.18408E-09  1.03523E-15  1.79881E-16
  8.250E-02  5.18325E-07  5.76745E-09  1.18408E-09  1.06758E-15  1.85502E-16
  8.500E-02  5.50215E-07  5.76745E-09  1.18408E-09  1.09993E-15  1.91123E-16
  8.750E-02  5.83057E-07  5.76745E-09  1.18408E-09  1.13228E-15  1.96745E-16
  9.000E-02  6.16850E-07  5.76744E-09  1.18408E-09  1.16463E-15  2.02366E-16
  9.250E-02  6.51596E-07  5.76744E-09  1.18408E-09  1.19698E-15  2.07987E-16
  9.500E-02  6.87293E-07  5.76744E-09  1.18408E-09  1.22933E-15  2.13608E-16
  9.750E-02  7.23942E-07  5.76743E-09  1.18408E-09  1.26168E-15  2.19230E-16
  1.000E-01  7.61543E-07  5.76743E-09  1.18408E-09  1.29403E-15  2.24851E-16
  1.250E-01  1.18991E-06  5.76740E-09  1.18408E-09  1.61753E-15  2.81063E-16
  1.500E-01  1.71347E-06  5.76735E-09  1.18408E-09  1.94102E-15  3.37275E-16
  1.750E-01  2.33223E-06  5.76730E-09  1.18407E-09  2.26451E-15  3.93487E-16
  2.000E-01  3.04617E-06  5.76724E-09  1.18407E-09  2.58798E-15  4.49699E-16
  2.250E-01  3.85531E-06  5.76717E-09  1.18407E-09  2.91144E-15  5.05910E-16
  2.500E-01  4.75964E-06  5.76710E-09  1.18407E-09  3.23490E-15  5.62120E-16
  2.750E-01  5.75916E-06  5.76702E-09  1.18406E-09  3.55834E-15  6.18330E-16
  3.000E-01  6.85388E-06  5.76693E-09  1.18406E-09  3.88176E-15  6.74540E-16
  3.250E-01  8.04378E-06  5.76683E-09  1.18406E-09  4.20517E-15  7.30749E-16
  3.500E-01  9.32888E-06  5.76672E-09  1.18405E-09  4.52857E-15  7.86957E-16
  3.750E-01  1.07092E-05  5.76661E-09  1.18405E-09  4.85194E-15  8.43164E-16
  4.000E-01  1.21846E-05  5.76649E-09  1.18404E-09  5.17530E-15  8.99371E-16
  4.250E-01  1.37553E-05  5.76636E-09  1.18404E-09  5.49863E-15  9.55577E-16
  4.500E-01  1.54212E-05  5.76622E-09  1.18403E-09  5.82194E-15  1.01178E-15
  4.750E-01  1.71822E-05  5.76607E-09  1.18403E-09  6.14523E-15  1.06799E-15
  5.000E-01  1.90385E-05  5.76592E-09  1.18402E-09  6.46850E-15  1.12419E-15
  5.250E-01  2.09899E-05  5.76576E-09  1.18401E-09  6.79174E-15  1.18039E-15
  5.500E-01  2.30365E-05  5.76559E-09  1.18401E-09  7.11495E-15  1.23659E-15
  5.750E-01  2.51783E-05  5.76541E-09  1.18400E-09  7.43813E-15  1.29279E-15
  6.000E-01  2.74153E-05  5.76523E-09  1.18399E-09  7.76128E-15  1.34899E-15
  6.250E-01  2.97475E-05  5.76504E-09  1.18398E-09  8.08440E-15  1.40519E-15
  6.500E-01  3.21749E-05  5.76484E-09  1.18398E-09  8.40749E-15  1.46138E-15
  6.750E-01  3.46974E-05  5.76463E-09  1.18397E-09  8.73055E-15  1.51758E-15
  7.000E-01  3.73152E-05  5.76441E-09  1.18396E-09  9.05357E-15  1.57377E-15
  7.250E-01  4.00281E-05  5.76419E-09  1.18395E-09  9.37655E-15  1.62996E-15
  7.500E-01  4.28362E-05  5.76396E-09  1.18394E-09  9.69950E-15  1.68616E-15
  7.750E-01  4.57395E-05  5.76372E-09  1.18393E-09  1.00224E-14  1.74234E-15
  8.000E-01  4.87380E-05  5.76347E-09  1.18392E-09  1.03453E-14  1.79853E-15
  8.250E-01  5.18317E-05  5.76322E-09  1.18391E-09  1.06681E-14  1.85472E-15
  8.500E-01  5.50205E-05  5.76295E-09  1.18390E-09  1.09909E-14  1.91090E-15
  8.750E-01  5.83045E-05  5.76268E-09  1.18389E-09  1.13136E-14  1.96708E-15
  9.000E-01  6.16838E-05  5.76240E-09  1.18388E-09  1.16363E-14  2.02326E-15
  9.250E-01  6.51582E-05  5.76212E-09  1.18387E-09  1.19590E-14  2.07944E-15
  9.500E-01  6.87277E-05  5.76182E-09  1.18386E-09  1.22816E-14  2.13562E-15
  9.750E-01  7.23925E-05  5.76152E-09  1.18385E-09  1.26041E-14  2.19179E-15
  1.000E+00  7.61524E-05  5.76121E-09  1.18383E-09  1.29266E-14  2.24797E-15
  1.100E+00  9.21439E-05  5.75989E-09  1.18378E-09  1.42161E-14  2.47264E-15
  1.200E+00  1.09658E-04  5.75845E-09  1.18373E-09  1.55046E-14  2.69727E-15
  1.300E+00  1.28695E-04  5.75688E-09  1.18366E-09  1.67922E-14  2.92187E-15
  1.400E+00  1.49255E-04  5.75519E-09  1.18360E-09  1.80787E-14  3.14642E-15
  1.500E+00  1.71338E-04  5.75337E-09  1.18353E-09  1.93640E-14  3.37093E-15
  1.600E+00  1.94942E-04  5.75143E-09  1.18345E-09  2.06481E-14  3.59538E-15
  1.700E+00  2.20070E-04  5.74937E-09  1.18337E-09  2.19309E-14  3.81979E-15
  1.800E+00  2.46720E-04  5.74718E-09  1.18328E-09  2.32123E-14  4.04414E-15
  1.900E+00  2.74892E-04  5.74487E-09  1.18319E-09  2.44922E-14  4.26843E-15
  2.000E+00  3.04586E-04  5.74243E-09  1.18309E-09  2.57705E-14  4.49265E-15
  2.100E+00  3.35803E-04  5.73987E-09  1.18299E-09  2.70472E-14  4.71682E-15
  2.200E+00  3.68542E-04  5.73719E-09  1.18289E-09  2.83221E-14  4.94091E-15
  2.300E+00  4.02802E-04  5.73439E-09  1.18278E-09  2.95953E-14  5.16493E-15
  2.400E+00  4.38585E-04  5.73146E-09  1.18266E-09  3.08666E-14  5.38888E-15
  2.500E+00  4.75889E-04  5.72842E-09  1.18254E-09  3.21359E-14  5.61274E-15
  2.600E+00  5.14715E-04  5.72525E-09  1.18241E-09  3.34032E-14  5.83653E-15
  2.700E+00  5.55063E-04  5.72196E-09  1.18228E-09  3.46684E-14  6.06023E-15
  2.800E+00  5.96931E-04  5.71855E-09  1.18215E-09  3.59313E-14  6.28384E-15
  2.900E+00  6.40321E-04  5.71502E-09  1.18201E-09  3.71921E-14  6.50736E-15
  3.000E+00  6.85233E-04  5.71137E-09  1.18186E-09  3.84504E-14  6.73079E-15
  3.100E+00  7.31665E-04  5.70760E-09  1.18171E-09  3.97063E-14  6.95412E-15
  3.200E+00  7.79618E-04  5.70371E-09  1.18156E-09  4.09598E-14  7.17735E-15
  3.300E+00  8.29092E-04  5.69970E-09  1.18140E-09  4.22106E-14  7.40047E-15
  3.400E+00  8.80086E-04  5.69558E-09  1.18123E-09  4.34588E-14  7.62348E-15
  3.500E+00  9.32601E-04  5.69133E-09  1.18106E-09  4.47043E-14  7.84639E-15
  3.600E+00  9.86636E-04  5.68697E-09  1.18089E-09  4.59470E-14  8.06918E-15
  3.700E+00  1.04219E-03  5.68249E-09  1.18071E-09  4.71868E-14  8.29185E-15
  3.800E+00  1.09927E-03  5.67790E-09  1.18052E-09  4.84237E-14  8.51441E-15
  3.900E+00  1.15786E-03  5.67319E-09  1.18034E-09  4.96575E-14  8.73684E-15
  4.000E+00  1.21797E-03  5.66837E-09  1.18014E-09  5.08883E-14  8.95914E-15
  4.100E+00  1.27961E-03  5.66343E-09  1.17994E-09  5.21158E-14  9.18131E-15
  4.200E+00  1.34276E-03  5.65837E-09  1.17974E-09  5.33402E-14  9.40335E-15
  4.300E+00  1.40743E-03  5.65321E-09  1.17953E-09  5.45612E-14  9.62525E-15
  4.400E+00  1.47362E-03  5.64792E-09  1.17932E-09  5.57789E-14  9.84702E-15
  4.500E+00  1.54133E-03  5.64253E-09  1.17910E-09  5.69931E-14  1.00686E-14
  4.600E+00  1.61056E-03  5.63703E-09  1.17888E-09  5.82039E-14  1.02901E-14
  4.700E+00  1.68131E-03  5.63141E-09  1.17865E-09  5.94110E-14  1.05114E-14
  4.800E+00  1.75357E-03  5.62568E-09  1.17842E-09  6.06145E-14  1.07326E-14
  4.900E+00  1.82735E-03  5.61984E-09  1.17818E-09  6.18143E-14  1.09536E-14
  5.000E+00  1.90265E-03  5.61390E-09  1.17794E-09  6.30103E-14  1.11745E-14
  5.100E+00  1.97947E-03  5.60784E-09  1.17769E-09  6.42024E-14  1.13952E-14
  5.200E+00  2.05780E-03  5.60168E-09  1.17744E-09  6.53907E-14  1.16157E-14
  5.300E+00  2.13765E-03  5.59541E-09  1.17718E-09  6.65750E-14  1.18361E-14
  5.400E+00  2.21902E-03  5.58903E-09  1.17692E-09  6.77552E-14  1.20563E-14
  5.500E+00  2.30190E-03  5.58254E-09  1.17666E-09  6.89313E-14  1.22763E-14
  5.600E+00  2.38630E-03  5.57595E-09  1.17639E-09  7.01033E-14  1.24962E-14
  5.700E+00  2.47222E-03  5.56926E-09  1.17611E-09  7.12711E-14  1.27158E-14
  5.800E+00  2.55965E-03  5.56246E-09  1.17583E-09  7.24345E-14  1.29353E-14
  5.900E+00  2.64859E-03  5.55555E-09  1.17555E-09  7.35937E-14  1.31546E-14
  6.000E+00  2.73905E-03  5.54855E-09  1.17526E-09  7.47484E-14  1.33737E-14
  6.100E+00  2.83103E-03  5.54144E-09  1.17496E-09  7.58987E-14  1.35927E-14
  6.200E+00  2.92452E-03  5.53423E-09  1.17466E-09  7.70444E-14  1.38114E-14
  6.300E+00  3.01952E-03  5.52692E-09  1.17436E-09  7.81856E-14  1.40299E-14
  6.400E+00  3.11604E-03  5.51951E-09  1.17405E-09  7.93222E-14  1.42482E-14
  6.500E+00  3.21407E-03  5.51200E-09  1.17374E-09  8.04540E-14  1.44663E-14
  6.600E+00  3.31362E-03  5.50439E-09  1.17342E-09  8.15812E-14  1.46843E-14
  6.700E+00  3.41468E-03  5.49669E-09  1.17310E-09  8.27035E-14  1.49020E-14
  6.800E+00  3.51725E-03  5.48889E-09  1.17277E-09  8.38210E-14  1.51195E-14
  6.900E+00  3.62133E-03  5.48099E-09  1.17244E-09  8.49336E-14  1.53367E-14
  7.000E+00  3.72692E-03  5.47300E-09  1.17210E-09  8.60412E-14  1.55538E-14
  7.100E+00  3.83403E-03  5.46491E-09  1.17176E-09  8.71439E-14  1.57706E-14
  7.200E+00  3.94265E-03  5.45673E-09  1.17142E-09  8.82415E-14  1.59872E-14
  7.300E+00  4.05278E-03  5.44846E-09  1.17107E-09  8.93340E-14  1.62036E-14
  7.400E+00  4.16442E-03  5.44009E-09  1.17071E-09  9.04213E-14  1.64197E-14
  7.500E+00  4.27757E-03  5.43164E-09  1.17035E-09  9.15035E-14  1.66357E-14
  7.600E+00  4.39223E-03  5.42309E-09  1.16999E-09  9.25804E-14  1.68513E-14
  7.700E+00  4.50840E-03  5.41446E-09  1.16962E-09  9.36521E-14  1.70668E-14
  7.800E+00  4.62608E-03  5.40573E-09  1.16925E-09  9.47184E-14  1.72820E-14
  7.900E+00  4.74527E-03  5.39692E-09  1.16887E-09  9.57793E-14  1.74969E-14
  8.000E+00  4.86597E-03  5.38802E-09  1.16849E-09  9.68349E-14  1.77116E-14
  8.100E+00  4.98817E-03  5.37904E-09  1.16810E-09  9.78849E-14  1.79261E-14
  8.200E+00  5.11188E-03  5.36997E-09  1.16771E-09  9.89295E-14  1.81403E-14
  8.300E+00  5.23711E-03  5.36081E-09  1.16732E-09  9.99685E-14  1.83542E-14
  8.400E+00  5.36383E-03  5.35158E-09  1.16692E-09  1.01002E-13  1.85679E-14
  8.500E+00  5.49207E-03  5.34226E-09  1.16651E-09  1.02030E-13  1.87813E-14
  8.600E+00  5.62181E-03  5.33285E-09  1.16610E-09  1.03052E-13  1.89945E-14
  8.700E+00  5.75306E-03  5.32337E-09  1.16569E-09  1.04068E-13  1.92074E-14
  8.800E+00  5.88581E-03  5.31381E-09  1.16527E-09  1.05079E-13  1.94200E-14
  8.900E+00  6.02007E-03  5.30417E-09  1.16485E-09  1.06084E-13  1.96323E-14
  9.000E+00  6.15583E-03  5.29445E-09  1.16442E-09  1.07083E-13  1.98444E-14
  9.100E+00  6.29310E-03  5.28465E-09  1.16399E-09  1.08077E-13  2.00562E-14
  9.200E+00  6.43187E-03  5.27478E-09  1.16355E-09  1.09064E-13  2.02677E-14
  9.300E+00  6.57214E-03  5.26483E-09  1.16311E-09  1.10046E-13  2.04789E-14
  9.400E+00  6.71392E-03  5.25481E-09  1.16267E-09  1.11022E-13  2.06899E-14
  9.500E+00  6.85720E-03  5.24471E-09  1.16222E-09  1.11991E-13  2.09005E-14
  9.600E+00  7.00198E-03  5.23454E-09  1.16177E-09  1.12955E-13  2.11109E-14
  9.700E+00  7.14827E-03  5.22430E-09  1.16131E-09  1.13913E-13  2.13209E-14
  9.800E+00  7.29605E-03  5.21399E-09  1.16085E-09  1.14864E-13  2.15307E-14
  9.900E+00  7.44534E-03  5.20361E-09  1.16038E-09  1.15810E-13  2.17401E-14
  1.000E+01  7.59612E-03  5.19316E-09  1.15991E-09  1.16749E-13  2.19493E-14
  1.025E+01  7.97965E-03  5.16674E-09  1.15872E-09  1.19071E-13  2.24709E-14
  1.050E+01  8.37255E-03  5.13991E-09  1.15749E-09  1.21355E-13  2.29905E-14
  1.075E+01  8.77480E-03  5.11268E-09  1.15624E-09  1.23599E-13  2.35081E-14
  1.100E+01  9.18641E-03  5.08507E-09  1.15497E-09  1.25804E-13  2.40236E-14
  1.125E+01  9.60736E-03  5.05709E-09  1.15367E-09  1.27969E-13  2.45372E-14
  1.150E+01  1.00376E-02  5.02876E-09  1.15234E-09  1.30095E-13  2.50486E-14
  1.175E+01  1.04773E-02  5.00009E-09  1.15099E-09  1.32181E-13  2.55578E-14
  1.200E+01  1.09262E-02  4.97110E-09  1.14961E-09  1.34226E-13  2.60649E-14
  1.225E+01  1.13844E-02  4.94180E-09  1.14820E-09  1.36231E-13  2.65697E-14
  1.250E+01  1.18520E-02  4.91220E-09  1.14677E-09  1.38196E-13  2.70723E-14
  1.275E+01  1.23288E-02  4.88232E-09  1.14532E-09  1.40120E-13  2.75726E-14
  1.300E+01  1.28150E-02  4.85217E-09  1.14384E-09  1.42003E-13  2.80706E-14
  1.325E+01  1.33104E-02  4.82177E-09  1.14234E-09  1.43846E-13  2.85662E-14
  1.350E+01  1.38150E-02  4.79114E-09  1.14081E-09  1.45648E-13  2.90594E-14
  1.375E+01  1.43290E-02  4.76027E-09  1.13926E-09  1.47410E-13  2.95502E-14
  1.400E+01  1.48521E-02  4.72919E-09  1.13768E-09  1.49131E-13  3.00385E-14
  1.425E+01  1.53845E-02  4.69792E-09  1.13608E-09  1.50811E-13  3.05243E-14
  1.450E+01  1.59262E-02  4.66646E-09  1.13446E-09  1.52451E-13  3.10075E-14
  1.475E+01  1.64770E-02  4.63482E-09  1.13282E-09  1.54051E-13  3.14883E-14
  1.500E+01  1.70371E-02  4.60303E-09  1.13115E-09  1.55610E-13  3.19664E-14
  1.525E+01  1.76063E-02  4.57109E-09  1.12946E-09  1.57129E-13  3.24419E-14
  1.550E+01  1.81848E-02  4.53902E-09  1.12774E-09  1.58609E-13  3.29147E-14
  1.575E+01  1.87724E-02  4.50683E-09  1.12601E-09  1.60049E-13  3.33849E-14
  1.600E+01  1.93692E-02  4.47453E-09  1.12425E-09  1.61449E-13  3.38524E-14
  1.625E+01  1.99751E-02  4.44213E-09  1.12247E-09  1.62811E-13  3.43171E-14
  1.650E+01  2.05901E-02  4.40964E-09  1.12067E-09  1.64133E-13  3.47790E-14
  1.675E+01  2.12143E-02  4.37708E-09  1.11885E-09  1.65417E-13  3.52382E-14
  1.700E+01  2.18476E-02  4.34446E-09  1.11701E-09  1.66663E-13  3.56945E-14
  1.725E+01  2.24900E-02  4.31179E-09  1.11515E-09  1.67870E-13  3.61480E-14
  1.750E+01  2.31415E-02  4.27907E-09  1.11326E-09  1.69040E-13  3.65987E-14
  1.775E+01  2.38021E-02  4.24633E-09  1.11136E-09  1.70172E-13  3.70464E-14
  1.800E+01  2.44717E-02  4.21356E-09  1.10944E-09  1.71268E-13  3.74912E-14
  1.825E+01  2.51504E-02  4.18079E-09  1.10750E-09  1.72326E-13  3.79331E-14
  1.850E+01  2.58382E-02  4.14801E-09  1.10553E-09  1.73349E-13  3.83721E-14
  1.875E+01  2.65349E-02  4.11525E-09  1.10355E-09  1.74336E-13  3.88080E-14
  1.900E+01  2.72407E-02  4.08250E-09  1.10155E-09  1.75287E-13  3.92409E-14
  1.925E+01  2.79555E-02  4.04978E-09  1.09954E-09  1.76203E-13  3.96709E-14
  1.950E+01  2.86793E-02  4.01710E-09  1.09750E-09  1.77085E-13  4.00977E-14
  1.975E+01  2.94120E-02  3.98447E-09  1.09544E-09  1.77932E-13  4.05216E-14
  2.000E+01  3.01537E-02  3.95189E-09  1.09337E-09  1.78746E-13  4.09423E-14
  2.025E+01  3.09043E-02  3.91937E-09  1.09128E-09  1.79526E-13  4.13599E-14
  2.050E+01  3.16639E-02  3.88692E-09  1.08918E-09  1.80274E-13  4.17744E-14
  2.075E+01  3.24324E-02  3.85455E-09  1.08705E-09  1.80989E-13  4.21858E-14
  2.100E+01  3.32098E-02  3.82227E-09  1.08491E-09  1.81672E-13  4.25940E-14
  2.125E+01  3.39961E-02  3.79007E-09  1.08276E-09  1.82324E-13  4.29991E-14
  2.150E+01  3.47912E-02  3.75798E-09  1.08059E-09  1.82945E-13  4.34010E-14
  2.175E+01  3.55952E-02  3.72599E-09  1.07840E-09  1.83536E-13  4.37997E-14
  2.200E+01  3.64081E-02  3.69412E-09  1.07619E-09  1.84096E-13  4.41952E-14
  2.225E+01  3.72297E-02  3.66236E-09  1.07398E-09  1.84627E-13  4.45874E-14
  2.250E+01  3.80602E-02  3.63073E-09  1.07174E-09  1.85128E-13  4.49765E-14
  2.275E+01  3.88995E-02  3.59923E-09  1.06949E-09  1.85602E-13  4.53622E-14
  2.300E+01  3.97476E-02  3.56786E-09  1.06723E-09  1.86047E-13  4.57448E-14
  2.325E+01  4.06044E-02  3.53664E-09  1.06495E-09  1.86464E-13  4.61240E-14
  2.350E+01  4.14700E-02  3.50556E-09  1.06266E-09  1.86855E-13  4.65000E-14
  2.375E+01  4.23443E-02  3.47463E-09  1.06036E-09  1.87219E-13  4.68727E-14
  2.400E+01  4.32273E-02  3.44386E-09  1.05804E-09  1.87557E-13  4.72421E-14
  2.425E+01  4.41190E-02  3.41325E-09  1.05571E-09  1.87869E-13  4.76082E-14
  2.450E+01  4.50194E-02  3.38280E-09  1.05337E-09  1.88156E-13  4.79709E-14
  2.475E+01  4.59284E-02  3.35252E-09  1.05101E-09  1.88418E-13  4.83304E-14
  2.500E+01  4.68461E-02  3.32241E-09  1.04864E-09  1.88656E-13  4.86865E-14
  2.550E+01  4.87074E-02  3.26273E-09  1.04387E-09  1.89062E-13  4.93887E-14
  2.600E+01  5.06030E-02  3.20378E-09  1.03905E-09  1.89377E-13  5.00776E-14
  2.650E+01  5.25328E-02  3.14558E-09  1.03419E-09  1.89605E-13  5.07530E-14
  2.700E+01  5.44967E-02  3.08816E-09  1.02929E-09  1.89749E-13  5.14150E-14
  2.750E+01  5.64946E-02  3.03153E-09  1.02435E-09  1.89814E-13  5.20635E-14
  2.800E+01  5.85262E-02  2.97572E-09  1.01937E-09  1.89802E-13  5.26985E-14
  2.850E+01  6.05914E-02  2.92072E-09  1.01435E-09  1.89718E-13  5.33201E-14
  2.900E+01  6.26901E-02  2.86657E-09  1.00931E-09  1.89564E-13  5.39282E-14
  2.950E+01  6.48222E-02  2.81326E-09  1.00423E-09  1.89345E-13  5.45228E-14
  3.000E+01  6.69873E-02  2.76080E-09  9.99118E-10  1.89062E-13  5.51040E-14
  3.050E+01  6.91854E-02  2.70920E-09  9.93982E-10  1.88720E-13  5.56717E-14
  3.100E+01  7.14163E-02  2.65846E-09  9.88820E-10  1.88322E-13  5.62261E-14
  3.150E+01  7.36799E-02  2.60858E-09  9.83635E-10  1.87869E-13  5.67671E-14
  3.200E+01  7.59760E-02  2.55957E-09  9.78429E-10  1.87367E-13  5.72947E-14
  3.250E+01  7.83043E-02  2.51143E-09  9.73202E-10  1.86816E-13  5.78092E-14
  3.300E+01  8.06647E-02  2.46415E-09  9.67958E-10  1.86220E-13  5.83104E-14
  3.350E+01  8.30571E-02  2.41772E-09  9.62698E-10  1.85581E-13  5.87985E-14
  3.400E+01  8.54812E-02  2.37216E-09  9.57423E-10  1.84903E-13  5.92735E-14
  3.450E+01  8.79369E-02  2.32744E-09  9.52135E-10  1.84186E-13  5.97355E-14
  3.500E+01  9.04240E-02  2.28357E-09  9.46836E-10  1.83434E-13  6.01846E-14
  3.550E+01  9.29422E-02  2.24053E-09  9.41528E-10  1.82649E-13  6.06208E-14
  3.600E+01  9.54915E-02  2.19832E-09  9.36212E-10  1.81832E-13  6.10443E-14
  3.650E+01  9.80716E-02  2.15693E-09  9.30890E-10  1.80987E-13  6.14552E-14
  3.700E+01  1.00682E-01  2.11636E-09  9.25563E-10  1.80114E-13  6.18534E-14
  3.750E+01  1.03323E-01  2.07659E-09  9.20233E-10  1.79216E-13  6.22392E-14
  3.800E+01  1.05995E-01  2.03761E-09  9.14902E-10  1.78294E-13  6.26127E-14
  3.850E+01  1.08696E-01  1.99941E-09  9.09570E-10  1.77351E-13  6.29738E-14
  3.900E+01  1.11427E-01  1.96198E-09  9.04239E-10  1.76387E-13  6.33229E-14
  3.950E+01  1.14188E-01  1.92531E-09  8.98911E-10  1.75405E-13  6.36599E-14
  4.000E+01  1.16978E-01  1.88939E-09  8.93587E-10  1.74406E-13  6.39849E-14
  4.050E+01  1.19797E-01  1.85421E-09  8.88268E-10  1.73391E-13  6.42982E-14
  4.100E+01  1.22645E-01  1.81975E-09  8.82955E-10  1.72361E-13  6.45998E-14
  4.150E+01  1.25522E-01  1.78600E-09  8.77650E-10  1.71319E-13  6.48898E-14
  4.200E+01  1.28428E-01  1.75295E-09  8.72354E-10  1.70264E-13  6.51683E-14
  4.250E+01  1.31361E-01  1.72059E-09  8.67068E-10  1.69199E-13  6.54356E-14
  4.300E+01  1.34323E-01  1.68891E-09  8.61793E-10  1.68124E-13  6.56917E-14
  4.350E+01  1.37313E-01  1.65789E-09  8.56530E-10  1.67041E-13  6.59368E-14
  4.400E+01  1.40330E-01  1.62752E-09  8.51281E-10  1.65950E-13  6.61709E-14
  4.450E+01  1.43375E-01  1.59779E-09  8.46045E-10  1.64852E-13  6.63942E-14
  4.500E+01  1.46447E-01  1.56868E-09  8.40826E-10  1.63748E-13  6.66069E-14
  4.550E+01  1.49545E-01  1.54019E-09  8.35622E-10  1.62640E-13  6.68091E-14
  4.600E+01  1.52671E-01  1.51231E-09  8.30435E-10  1.61527E-13  6.70009E-14
  4.650E+01  1.55823E-01  1.48501E-09  8.25267E-10  1.60411E-13  6.71825E-14
  4.700E+01  1.59001E-01  1.45829E-09  8.20117E-10  1.59292E-13  6.73540E-14
  4.750E+01  1.62205E-01  1.43213E-09  8.14987E-10  1.58171E-13  6.75155E-14
  4.800E+01  1.65435E-01  1.40653E-09  8.09878E-10  1.57049E-13  6.76672E-14
  4.850E+01  1.68690E-01  1.38148E-09  8.04789E-10  1.55925E-13  6.78092E-14
  4.900E+01  1.71970E-01  1.35695E-09  7.99723E-10  1.54802E-13  6.79416E-14
  4.950E+01  1.75276E-01  1.33294E-09  7.94680E-10  1.53679E-13  6.80647E-14
  5.000E+01  1.78606E-01  1.30945E-09  7.89659E-10  1.52556E-13  6.81785E-14
  5.050E+01  1.81961E-01  1.28645E-09  7.84663E-10  1.51435E-13  6.82831E-14
  5.100E+01  1.85340E-01  1.26394E-09  7.79691E-10  1.50315E-13  6.83788E-14
  5.150E+01  1.88743E-01  1.24190E-09  7.74745E-10  1.49198E-13  6.84656E-14
  5.200E+01  1.92169E-01  1.22033E-09  7.69824E-10  1.48083E-13  6.85437E-14
  5.250E+01  1.95619E-01  1.19922E-09  7.64930E-10  1.46970E-13  6.86133E-14
  5.300E+01  1.99092E-01  1.17855E-09  7.60063E-10  1.45861E-13  6.86744E-14
  5.350E+01  2.02589E-01  1.15831E-09  7.55222E-10  1.44755E-13  6.87272E-14
  5.400E+01  2.06107E-01  1.13851E-09  7.50410E-10  1.43653E-13  6.87718E-14
  5.450E+01  2.09649E-01  1.11912E-09  7.45625E-10  1.42555E-13  6.88084E-14
  5.500E+01  2.13212E-01  1.10013E-09  7.40870E-10  1.41462E-13  6.88371E-14
  5.550E+01  2.16797E-01  1.08155E-09  7.36143E-10  1.40372E-13  6.88581E-14
  5.600E+01  2.20404E-01  1.06335E-09  7.31445E-10  1.39288E-13  6.88714E-14
  5.650E+01  2.24032E-01  1.04554E-09  7.26778E-10  1.38208E-13  6.88772E-14
  5.700E+01  2.27680E-01  1.02809E-09  7.22140E-10  1.37134E-13  6.88757E-14
  5.750E+01  2.31350E-01  1.01101E-09  7.17533E-10  1.36065E-13  6.88669E-14
  5.800E+01  2.35040E-01  9.94283E-10  7.12956E-10  1.35001E-13  6.88510E-14
  5.850E+01  2.38751E-01  9.77904E-10  7.08410E-10  1.33943E-13  6.88281E-14
  5.900E+01  2.42481E-01  9.61863E-10  7.03895E-10  1.32890E-13  6.87984E-14
  5.950E+01  2.46231E-01  9.46154E-10  6.99411E-10  1.31844E-13  6.87619E-14
  6.000E+01  2.50000E-01  9.30768E-10  6.94959E-10  1.30803E-13  6.87188E-14
  6.050E+01  2.53788E-01  9.15699E-10  6.90539E-10  1.29768E-13  6.86692E-14
  6.100E+01  2.57595E-01  9.00938E-10  6.86150E-10  1.28740E-13  6.86133E-14
  6.150E+01  2.61421E-01  8.86480E-10  6.81794E-10  1.27718E-13  6.85511E-14
  6.200E+01  2.65264E-01  8.72318E-10  6.77469E-10  1.26702E-13  6.84828E-14
  6.250E+01  2.69126E-01  8.58443E-10  6.73177E-10  1.25692E-13  6.84084E-14
  6.300E+01  2.73005E-01  8.44851E-10  6.68918E-10  1.24689E-13  6.83281E-14
  6.350E+01  2.76901E-01  8.31534E-10  6.64691E-10  1.23692E-13  6.82421E-14
  6.400E+01  2.80814E-01  8.18486E-10  6.60496E-10  1.22702E-13  6.81503E-14
  6.450E+01  2.84744E-01  8.05702E-10  6.56334E-10  1.21719E-13  6.80530E-14
  6.500E+01  2.88691E-01  7.93174E-10  6.52205E-10  1.20742E-13  6.79503E-14
  6.550E+01  2.92653E-01  7.80898E-10  6.48109E-10  1.19771E-13  6.78421E-14
  6.600E+01  2.96632E-01  7.68868E-10  6.44045E-10  1.18807E-13  6.77288E-14
  6.650E+01  3.00625E-01  7.57078E-10  6.40014E-10  1.17850E-13  6.76103E-14
  6.700E+01  3.04634E-01  7.45522E-10  6.36016E-10  1.16900E-13  6.74867E-14
  6.750E+01  3.08658E-01  7.34196E-10  6.32051E-10  1.15956E-13  6.73582E-14
  6.800E+01  3.12697E-01  7.23094E-10  6.28119E-10  1.15018E-13  6.72249E-14
  6.850E+01  3.16749E-01  7.12211E-10  6.24219E-10  1.14088E-13  6.70868E-14
  6.900E+01  3.20816E-01  7.01543E-10  6.20352E-10  1.13164E-13  6.69441E-14
  6.950E+01  3.24896E-01  6.91084E-10  6.16518E-10  1.12246E-13  6.67968E-14
  7.000E+01  3.28990E-01  6.80829E-10  6.12716E-10  1.11336E-13  6.66451E-14
  7.050E+01  3.33097E-01  6.70775E-10  6.08947E-10  1.10431E-13  6.64890E-14
  7.100E+01  3.37216E-01  6.60917E-10  6.05210E-10  1.09534E-13  6.63286E-14
  7.150E+01  3.41348E-01  6.51250E-10  6.01506E-10  1.08643E-13  6.61640E-14
  7.200E+01  3.45492E-01  6.41770E-10  5.97834E-10  1.07758E-13  6.59954E-14
  7.250E+01  3.49647E-01  6.32474E-10  5.94195E-10  1.06880E-13  6.58227E-14
  7.300E+01  3.53814E-01  6.23356E-10  5.90587E-10  1.06008E-13  6.56461E-14
  7.350E+01  3.57992E-01  6.14413E-10  5.87012E-10  1.05143E-13  6.54657E-14
  7.400E+01  3.62181E-01  6.05642E-10  5.83468E-10  1.04284E-13  6.52815E-14
  7.450E+01  3.66381E-01  5.97038E-10  5.79957E-10  1.03432E-13  6.50936E-14
  7.500E+01  3.70590E-01  5.88597E-10  5.76477E-10  1.02586E-13  6.49021E-14
  7.550E+01  3.74810E-01  5.80317E-10  5.73028E-10  1.01746E-13  6.47071E-14
  7.600E+01  3.79039E-01  5.72194E-10  5.69611E-10  1.00912E-13  6.45087E-14
  7.650E+01  3.83277E-01  5.64224E-10  5.66226E-10  1.00085E-13  6.43068E-14
  7.700E+01  3.87524E-01  5.56403E-10  5.62871E-10  9.92634E-14  6.41017E-14
  7.750E+01  3.91780E-01  5.48730E-10  5.59548E-10  9.84482E-14  6.38934E-14
  7.800E+01  3.96044E-01  5.41200E-10  5.56255E-10  9.76390E-14  6.36819E-14
  7.850E+01  4.00316E-01  5.33811E-10  5.52993E-10  9.68359E-14  6.34673E-14
  7.900E+01  4.04596E-01  5.26559E-10  5.49761E-10  9.60387E-14  6.32497E-14
  7.950E+01  4.08882E-01  5.19441E-10  5.46560E-10  9.52474E-14  6.30291E-14
  8.000E+01  4.13176E-01  5.12456E-10  5.43389E-10  9.44620E-14  6.28057E-14
  8.050E+01  4.17476E-01  5.05599E-10  5.40248E-10  9.36824E-14  6.25795E-14
  8.100E+01  4.21783E-01  4.98868E-10  5.37137E-10  9.29085E-14  6.23504E-14
  8.150E+01  4.26095E-01  4.92261E-10  5.34056E-10  9.21404E-14  6.21187E-14
  8.200E+01  4.30413E-01  4.85774E-10  5.31004E-10  9.13780E-14  6.18844E-14
  8.250E+01  4.34737E-01  4.79406E-10  5.27982E-10  9.06211E-14  6.16475E-14
  8.300E+01  4.39065E-01  4.73154E-10  5.24988E-10  8.98699E-14  6.14081E-14
  8.350E+01  4.43398E-01  4.67015E-10  5.22024E-10  8.91241E-14  6.11662E-14
  8.400E+01  4.47736E-01  4.60988E-10  5.19088E-10  8.83838E-14  6.09219E-14
  8.450E+01  4.52077E-01  4.55069E-10  5.16181E-10  8.76490E-14  6.06753E-14
  8.500E+01  4.56422E-01  4.49256E-10  5.13303E-10  8.69194E-14  6.04264E-14
  8.550E+01  4.60770E-01  4.43548E-10  5.10452E-10  8.61952E-14  6.01753E-14
  8.600E+01  4.65122E-01  4.37942E-10  5.07630E-10  8.54763E-14  5.99220E-14
  8.650E+01  4.69476E-01  4.32436E-10  5.04835E-10  8.47625E-14  5.96665E-14
  8.700E+01  4.73832E-01  4.27028E-10  5.02069E-10  8.40539E-14  5.94090E-14
  8.750E+01  4.78190E-01  4.21716E-10  4.99329E-10  8.33504E-14  5.91494E-14
  8.800E+01  4.82550E-01  4.16498E-10  4.96617E-10  8.26519E-14  5.88878E-14
  8.850E+01  4.86912E-01  4.11372E-10  4.93932E-10  8.19584E-14  5.86243E-14
  8.900E+01  4.91274E-01  4.06337E-10  4.91273E-10  8.12699E-14  5.83589E-14
  8.950E+01  4.95637E-01  4.01390E-10  4.88642E-10  8.05863E-14  5.80917E-14
  9.000E+01  5.00000E-01  3.96530E-10  4.86037E-10  7.99075E-14  5.78227E-14
  9.050E+01  5.04363E-01  3.91754E-10  4.83458E-10  7.92335E-14  5.75519E-14
  9.100E+01  5.08726E-01  3.87062E-10  4.80905E-10  7.85642E-14  5.72793E-14
  9.150E+01  5.13088E-01  3.82452E-10  4.78378E-10  7.78996E-14  5.70051E-14
  9.200E+01  5.17450E-01  3.77921E-10  4.75877E-10  7.72397E-14  5.67293E-14
  9.250E+01  5.21810E-01  3.73469E-10  4.73401E-10  7.65844E-14  5.64519E-14
  9.300E+01  5.26168E-01  3.69094E-10  4.70950E-10  7.59335E-14  5.61729E-14
  9.350E+01  5.30524E-01  3.64794E-10  4.68525E-10  7.52872E-14  5.58924E-14
  9.400E+01  5.34878E-01  3.60568E-10  4.66124E-10  7.46453E-14  5.56105E-14
  9.450E+01  5.39230E-01  3.56414E-10  4.63748E-10  7.40078E-14  5.53270E-14
  9.500E+01  5.43578E-01  3.52331E-10  4.61397E-10  7.33747E-14  5.50422E-14
  9.550E+01  5.47923E-01  3.48319E-10  4.59070E-10  7.27458E-14  5.47560E-14
  9.600E+01  5.52264E-01  3.44374E-10  4.56767E-10  7.21212E-14  5.44685E-14
  9.650E+01  5.56602E-01  3.40496E-10  4.54488E-10  7.15007E-14  5.41796E-14
  9.700E+01  5.60935E-01  3.36684E-10  4.52233E-10  7.08844E-14  5.38895E-14
  9.750E+01  5.65263E-01  3.32937E-10  4.50001E-10  7.02723E-14  5.35982E-14
  9.800E+01  5.69587E-01  3.29253E-10  4.47792E-10  6.96641E-14  5.33056E-14
  9.850E+01  5.73905E-01  3.25631E-10  4.45607E-10  6.90600E-14  5.30119E-14
  9.900E+01  5.78217E-01  3.22069E-10  4.43444E-10  6.84599E-14  5.27170E-14
  9.950E+01  5.82524E-01  3.18568E-10  4.41305E-10  6.78636E-14  5.24210E-14
  1.000E+02  5.86824E-01  3.15124E-10  4.39188E-10  6.72712E-14  5.21239E-14
  1.005E+02  5.91118E-01  3.11739E-10  4.37093E-10  6.66827E-14  5.18257E-14
  1.010E+02  5.95404E-01  3.08410E-10  4.35021E-10  6.60979E-14  5.15266E-14
  1.015E+02  5.99684E-01  3.05136E-10  4.32970E-10  6.55169E-14  5.12264E-14
  1.020E+02  6.03956E-01  3.01916E-10  4.30942E-10  6.49396E-14  5.09252E-14
  1.025E+02  6.08220E-01  2.98750E-10  4.28935E-10  6.43659E-14  5.06231E-14
  1.030E+02  6.12476E-01  2.95637E-10  4.26949E-10  6.37958E-14  5.03200E-14
  1.035E+02  6.16723E-01  2.92574E-10  4.24985E-10  6.32293E-14  5.00160E-14
  1.040E+02  6.20961E-01  2.89562E-10  4.23042E-10  6.26664E-14  4.97112E-14
  1.045E+02  6.25190E-01  2.86600E-10  4.21120E-10  6.21069E-14  4.94055E-14
  1.050E+02  6.29410E-01  2.83686E-10  4.19219E-10  6.15508E-14  4.90990E-14
  1.055E+02  6.33619E-01  2.80820E-10  4.17338E-10  6.09981E-14  4.87916E-14
  1.060E+02  6.37819E-01  2.78001E-10  4.15477E-10  6.04488E-14  4.84835E-14
  1.065E+02  6.42008E-01  2.75228E-10  4.13637E-10  5.99028E-14  4.81746E-14
  1.070E+02  6.46186E-01  2.72501E-10  4.11817E-10  5.93601E-14  4.78649E-14
  1.075E+02  6.50353E-01  2.69817E-10  4.10017E-10  5.88207E-14  4.75546E-14
  1.080E+02  6.54508E-01  2.67178E-10  4.08237E-10  5.82844E-14  4.72435E-14
  1.085E+02  6.58652E-01  2.64581E-10  4.06476E-10  5.77513E-14  4.69317E-14
  1.090E+02  6.62784E-01  2.62026E-10  4.04735E-10  5.72213E-14  4.66193E-14
  1.095E+02  6.66903E-01  2.59513E-10  4.03012E-10  5.66944E-14  4.63062E-14
  1.100E+02  6.71010E-01  2.57041E-10  4.01309E-10  5.61705E-14  4.59925E-14
  1.105E+02  6.75104E-01  2.54608E-10  3.99625E-10  5.56497E-14  4.56781E-14
  1.110E+02  6.79184E-01  2.52215E-10  3.97960E-10  5.51318E-14  4.53632E-14
  1.115E+02  6.83251E-01  2.49860E-10  3.96313E-10  5.46168E-14  4.50477E-14
  1.120E+02  6.87303E-01  2.47543E-10  3.94684E-10  5.41048E-14  4.47316E-14
  1.125E+02  6.91342E-01  2.45264E-10  3.93074E-10  5.35956E-14  4.44150E-14
  1.130E+02  6.95366E-01  2.43021E-10  3.91482E-10  5.30892E-14  4.40979E-14
  1.135E+02  6.99375E-01  2.40814E-10  3.89908E-10  5.25857E-14  4.37802E-14
  1.140E+02  7.03368E-01  2.38643E-10  3.88352E-10  5.20849E-14  4.34620E-14
  1.145E+02  7.07347E-01  2.36506E-10  3.86813E-10  5.15868E-14  4.31434E-14
  1.150E+02  7.11309E-01  2.34404E-10  3.85292E-10  5.10914E-14  4.28243E-14
  1.155E+02  7.15256E-01  2.32335E-10  3.83789E-10  5.05986E-14  4.25047E-14
  1.160E+02  7.19186E-01  2.30300E-10  3.82302E-10  5.01085E-14  4.21847E-14
  1.165E+02  7.23099E-01  2.28297E-10  3.80833E-10  4.96210E-14  4.18642E-14
  1.170E+02  7.26995E-01  2.26326E-10  3.79381E-10  4.91360E-14  4.15434E-14
  1.175E+02  7.30874E-01  2.24386E-10  3.77945E-10  4.86536E-14  4.12221E-14
  1.180E+02  7.34736E-01  2.22478E-10  3.76526E-10  4.81736E-14  4.09004E-14
  1.185E+02  7.38579E-01  2.20600E-10  3.75124E-10  4.76961E-14  4.05784E-14
  1.190E+02  7.42405E-01  2.18752E-10  3.73738E-10  4.72210E-14  4.02560E-14
  1.195E+02  7.46212E-01  2.16934E-10  3.72369E-10  4.67484E-14  3.99332E-14
  1.200E+02  7.50000E-01  2.15144E-10  3.71015E-10  4.62781E-14  3.96101E-14
  1.205E+02  7.53769E-01  2.13383E-10  3.69678E-10  4.58101E-14  3.92867E-14
  1.210E+02  7.57519E-01  2.11651E-10  3.68356E-10  4.53444E-14  3.89629E-14
  1.215E+02  7.61249E-01  2.09946E-10  3.67050E-10  4.48810E-14  3.86388E-14
  1.220E+02  7.64960E-01  2.08268E-10  3.65760E-10  4.44199E-14  3.83144E-14
  1.225E+02  7.68650E-01  2.06617E-10  3.64485E-10  4.39610E-14  3.79898E-14
  1.230E+02  7.72320E-01  2.04992E-10  3.63226E-10  4.35042E-14  3.76648E-14
  1.235E+02  7.75968E-01  2.03394E-10  3.61982E-10  4.30496E-14  3.73396E-14
  1.240E+02  7.79596E-01  2.01821E-10  3.60753E-10  4.25972E-14  3.70141E-14
  1.245E+02  7.83203E-01  2.00273E-10  3.59539E-10  4.21468E-14  3.66883E-14
  1.250E+02  7.86788E-01  1.98750E-10  3.58339E-10  4.16985E-14  3.63623E-14
  1.255E+02  7.90351E-01  1.97252E-10  3.57155E-10  4.12523E-14  3.60361E-14
  1.260E+02  7.93893E-01  1.95777E-10  3.55985E-10  4.08081E-14  3.57096E-14
  1.265E+02  7.97411E-01  1.94327E-10  3.54830E-10  4.03659E-14  3.53829E-14
  1.270E+02  8.00908E-01  1.92899E-10  3.53690E-10  3.99256E-14  3.50560E-14
  1.275E+02  8.04381E-01  1.91495E-10  3.52563E-10  3.94873E-14  3.47289E-14
  1.280E+02  8.07831E-01  1.90113E-10  3.51451E-10  3.90509E-14  3.44015E-14
  1.285E+02  8.11257E-01  1.88754E-10  3.50353E-10  3.86164E-14  3.40740E-14
  1.290E+02  8.14660E-01  1.87417E-10  3.49269E-10  3.81837E-14  3.37463E-14
  1.295E+02  8.18039E-01  1.86101E-10  3.48198E-10  3.77529E-14  3.34184E-14
  1.300E+02  8.21394E-01  1.84807E-10  3.47142E-10  3.73239E-14  3.30904E-14
  1.305E+02  8.24724E-01  1.83534E-10  3.46099E-10  3.68966E-14  3.27622E-14
  1.310E+02  8.28030E-01  1.82282E-10  3.45070E-10  3.64712E-14  3.24338E-14
  1.315E+02  8.31310E-01  1.81050E-10  3.44054E-10  3.60474E-14  3.21053E-14
  1.320E+02  8.34565E-01  1.79838E-10  3.43052E-10  3.56254E-14  3.17766E-14
  1.325E+02  8.37795E-01  1.78646E-10  3.42063E-10  3.52050E-14  3.14477E-14
  1.330E+02  8.40999E-01  1.77474E-10  3.41087E-10  3.47864E-14  3.11188E-14
  1.335E+02  8.44177E-01  1.76321E-10  3.40124E-10  3.43693E-14  3.07897E-14
  1.340E+02  8.47329E-01  1.75188E-10  3.39174E-10  3.39539E-14  3.04605E-14
  1.345E+02  8.50455E-01  1.74073E-10  3.38238E-10  3.35400E-14  3.01311E-14
  1.350E+02  8.53553E-01  1.72977E-10  3.37313E-10  3.31278E-14  2.98017E-14
  1.355E+02  8.56625E-01  1.71899E-10  3.36402E-10  3.27170E-14  2.94721E-14
  1.360E+02  8.59670E-01  1.70839E-10  3.35503E-10  3.23078E-14  2.91424E-14
  1.365E+02  8.62687E-01  1.69797E-10  3.34617E-10  3.19001E-14  2.88127E-14
  1.370E+02  8.65677E-01  1.68773E-10  3.33743E-10  3.14939E-14  2.84828E-14
  1.375E+02  8.68639E-01  1.67766E-10  3.32882E-10  3.10891E-14  2.81528E-14
  1.380E+02  8.71572E-01  1.66776E-10  3.32033E-10  3.06858E-14  2.78228E-14
  1.385E+02  8.74478E-01  1.65804E-10  3.31196E-10  3.02839E-14  2.74926E-14
  1.390E+02  8.77355E-01  1.64847E-10  3.30371E-10  2.98833E-14  2.71624E-14
  1.395E+02  8.80203E-01  1.63908E-10  3.29559E-10  2.94841E-14  2.68321E-14
  1.400E+02  8.83022E-01  1.62985E-10  3.28758E-10  2.90863E-14  2.65017E-14
  1.405E+02  8.85812E-01  1.62078E-10  3.27969E-10  2.86898E-14  2.61713E-14
  1.410E+02  8.88573E-01  1.61186E-10  3.27192E-10  2.82946E-14  2.58408E-14
  1.415E+02  8.91304E-01  1.60311E-10  3.26427E-10  2.79007E-14  2.55102E-14
  1.420E+02  8.94005E-01  1.59451E-10  3.25673E-10  2.75081E-14  2.51796E-14
  1.425E+02  8.96677E-01  1.58606E-10  3.24931E-10  2.71167E-14  2.48489E-14
  1.430E+02  8.99318E-01  1.57777E-10  3.24201E-10  2.67265E-14  2.45181E-14
  1.435E+02  9.01928E-01  1.56963E-10  3.23482E-10  2.63376E-14  2.41873E-14
  1.440E+02  9.04508E-01  1.56163E-10  3.22774E-10  2.59498E-14  2.38565E-14
  1.445E+02  9.07058E-01  1.55378E-10  3.22077E-10  2.55632E-14  2.35256E-14
  1.450E+02  9.09576E-01  1.54607E-10  3.21392E-10  2.51777E-14  2.31947E-14
  1.455E+02  9.12063E-01  1.53851E-10  3.20718E-10  2.47933E-14  2.28637E-14
  1.460E+02  9.14519E-01  1.53109E-10  3.20056E-10  2.44101E-14  2.25327E-14
  1.465E+02  9.16943E-01  1.52381E-10  3.19404E-10  2.40279E-14  2.22016E-14
  1.470E+02  9.19335E-01  1.51667E-10  3.18763E-10  2.36469E-14  2.18705E-14
  1.475E+02  9.21696E-01  1.50966E-10  3.18133E-10  2.32668E-14  2.15394E-14
  1.480E+02  9.24024E-01  1.50279E-10  3.17514E-10  2.28878E-14  2.12082E-14
  1.485E+02  9.26320E-01  1.49605E-10  3.16906E-10  2.25098E-14  2.08771E-14
  1.490E+02  9.28584E-01  1.48945E-10  3.16308E-10  2.21328E-14  2.05459E-14
  1.495E+02  9.30815E-01  1.48298E-10  3.15722E-10  2.17568E-14  2.02146E-14
  1.500E+02  9.33013E-01  1.47664E-10  3.15145E-10  2.13817E-14  1.98834E-14
  1.505E+02  9.35178E-01  1.47042E-10  3.14580E-10  2.10076E-14  1.95521E-14
  1.510E+02  9.37310E-01  1.46433E-10  3.14025E-10  2.06344E-14  1.92208E-14
  1.515E+02  9.39409E-01  1.45837E-10  3.13480E-10  2.02621E-14  1.88895E-14
  1.520E+02  9.41474E-01  1.45254E-10  3.12946E-10  1.98907E-14  1.85582E-14
  1.525E+02  9.43505E-01  1.44683E-10  3.12422E-10  1.95201E-14  1.82268E-14
  1.530E+02  9.45503E-01  1.44124E-10  3.11909E-10  1.91504E-14  1.78955E-14
  1.535E+02  9.47467E-01  1.43577E-10  3.11406E-10  1.87815E-14  1.75641E-14
  1.540E+02  9.49397E-01  1.43042E-10  3.10913E-10  1.84135E-14  1.72327E-14
  1.545E+02  9.51293E-01  1.42519E-10  3.10430E-10  1.80462E-14  1.69013E-14
  1.550E+02  9.53154E-01  1.42008E-10  3.09957E-10  1.76798E-14  1.65699E-14
  1.555E+02  9.54981E-01  1.41508E-10  3.09495E-10  1.73141E-14  1.62385E-14
  1.560E+02  9.56773E-01  1.41021E-10  3.09042E-10  1.69491E-14  1.59071E-14
  1.565E+02  9.58530E-01  1.40544E-10  3.08599E-10  1.65849E-14  1.55757E-14
  1.570E+02  9.60252E-01  1.40080E-10  3.08167E-10  1.62214E-14  1.52443E-14
  1.575E+02  9.61940E-01  1.39626E-10  3.07744E-10  1.58586E-14  1.49128E-14
  1.580E+02  9.63592E-01  1.39184E-10  3.07331E-10  1.54964E-14  1.45814E-14
  1.585E+02  9.65209E-01  1.38753E-10  3.06928E-10  1.51350E-14  1.42500E-14
  1.590E+02  9.66790E-01  1.38332E-10  3.06535E-10  1.47742E-14  1.39185E-14
  1.595E+02  9.68336E-01  1.37923E-10  3.06151E-10  1.44140E-14  1.35871E-14
  1.600E+02  9.69846E-01  1.37525E-10  3.05778E-10  1.40544E-14  1.32556E-14
  1.605E+02  9.71321E-01  1.37138E-10  3.05414E-10  1.36954E-14  1.29242E-14
  1.610E+02  9.72759E-01  1.36761E-10  3.05059E-10  1.33371E-14  1.25928E-14
  1.615E+02  9.74162E-01  1.36395E-10  3.04714E-10  1.29792E-14  1.22613E-14
  1.620E+02  9.75528E-01  1.36040E-10  3.04379E-10  1.26220E-14  1.19299E-14
  1.625E+02  9.76858E-01  1.35695E-10  3.04054E-10  1.22653E-14  1.15984E-14
  1.630E+02  9.78152E-01  1.35360E-10  3.03737E-10  1.19091E-14  1.12670E-14
  1.635E+02  9.79410E-01  1.35036E-10  3.03431E-10  1.15534E-14  1.09356E-14
  1.640E+02  9.80631E-01  1.34722E-10  3.03134E-10  1.11982E-14  1.06041E-14
  1.645E+02  9.81815E-01  1.34419E-10  3.02846E-10  1.08434E-14  1.02727E-14
  1.650E+02  9.82963E-01  1.34126E-10  3.02567E-10  1.04892E-14  9.94129E-15
  1.655E+02  9.84074E-01  1.33843E-10  3.02298E-10  1.01353E-14  9.60986E-15
  1.660E+02  9.85148E-01  1.33570E-10  3.02039E-10  9.78195E-15  9.27844E-15
  1.665E+02  9.86185E-01  1.33307E-10  3.01788E-10  9.42896E-15  8.94703E-15
  1.670E+02  9.87185E-01  1.33054E-10  3.01547E-10  9.07638E-15  8.61562E-15
  1.675E+02  9.88148E-01  1.32811E-10  3.01316E-10  8.72417E-15  8.28421E-15
  1.680E+02  9.89074E-01  1.32578E-10  3.01093E-10  8.37234E-15  7.95280E-15
  1.685E+02  9.89962E-01  1.32354E-10  3.00880E-10  8.02086E-15  7.62140E-15
  1.690E+02  9.90814E-01  1.32141E-10  3.00676E-10  7.66971E-15  7.29000E-15
  1.695E+02  9.91627E-01  1.31937E-10  3.00481E-10  7.31889E-15  6.95861E-15
  1.700E+02  9.92404E-01  1.31743E-10  3.00296E-10  6.96838E-15  6.62722E-15
  1.705E+02  9.93143E-01  1.31559E-10  3.00119E-10  6.61816E-15  6.29583E-15
  1.710E+02  9.93844E-01  1.31384E-10  2.99952E-10  6.26821E-15  5.96445E-15
  1.715E+02  9.94508E-01  1.31220E-10  2.99794E-10  5.91853E-15  5.63307E-15
  1.720E+02  9.95134E-01  1.31064E-10  2.99645E-10  5.56910E-15  5.30169E-15
  1.725E+02  9.95722E-01  1.30918E-10  2.99505E-10  5.21990E-15  4.97032E-15
  1.730E+02  9.96273E-01  1.30782E-10  2.99374E-10  4.87092E-15  4.63895E-15
  1.735E+02  9.96786E-01  1.30655E-10  2.99252E-10  4.52215E-15  4.30758E-15
  1.740E+02  9.97261E-01  1.30538E-10  2.99139E-10  4.17356E-15  3.97622E-15
  1.745E+02  9.97698E-01  1.30430E-10  2.99036E-10  3.82515E-15  3.64486E-15
  1.750E+02  9.98097E-01  1.30332E-10  2.98941E-10  3.47690E-15  3.31350E-15
  1.755E+02  9.98459E-01  1.30243E-10  2.98856E-10  3.12880E-15  2.98214E-15
  1.760E+02  9.98782E-01  1.30163E-10  2.98779E-10  2.78083E-15  2.65079E-15
  1.765E+02  9.99067E-01  1.30093E-10  2.98712E-10  2.43297E-15  2.31944E-15
  1.770E+02  9.99315E-01  1.30032E-10  2.98653E-10  2.08521E-15  1.98808E-15
  1.775E+02  9.99524E-01  1.29981E-10  2.98604E-10  1.73754E-15  1.65673E-15
  1.780E+02  9.99695E-01  1.29939E-10  2.98563E-10  1.38995E-15  1.32539E-15
  1.785E+02  9.99829E-01  1.29906E-10  2.98532E-10  1.04241E-15  9.94039E-16
  1.790E+02  9.99924E-01  1.29883E-10  2.98509E-10  6.94916E-16  6.62692E-16
  1.795E+02  9.99981E-01  1.29869E-10  2.98496E-10  3.47451E-16  3.31346E-16
  1.800E+02  1.00000E+00  1.29864E-10  2.98491E-10  4.87589E-30  4.64992E-30
