

  **** PARTIAL WAVE ANALYSIS (DPWA0) ******************************************


  KINETIC ENERGY = 2.78000E+02 eV

      L       PHASE(SPIN UP)     PHASE(SPIN DOWN)
  -----------------------------------------------
       0      4.67904072E-01      0.00000000E+00
       1      2.48899301E-01      2.49001175E-01
       2      1.49883514E-01      1.49928675E-01
       3      9.41089290E-02      9.41341968E-02
       4      6.02427414E-02      6.02580349E-02
       5      3.89660174E-02      3.89756113E-02
       6      2.53559921E-02      2.53621251E-02
       7      1.65594648E-02      1.65634278E-02
       8      1.08383398E-02      1.08409171E-02
       9      7.10299452E-03      7.10467727E-03
      10      4.65833883E-03      4.65944014E-03
      11      3.05608710E-03      3.05680890E-03
      12      2.00509524E-03      2.00556868E-03
      13      1.31542253E-03      1.31573318E-03
      14      8.62795320E-04      8.62999175E-04
      15      5.65758128E-04      5.65891892E-04
      16      3.70863725E-04      3.70951479E-04
      17      2.43022553E-04      2.43080107E-04
      18      1.59191996E-04      1.59229730E-04
      19      1.04240367E-04      1.04265099E-04
      20      6.82324531E-05      6.82486563E-05
      21      4.46466087E-05      4.46572205E-05
      22      2.92032837E-05      2.92102309E-05
      23      1.90952203E-05      1.90997668E-05
      24      1.24816487E-05      1.24846230E-05
      25      8.15602046E-06      8.15796555E-06
      26      5.32780876E-06      5.32908034E-06
      27      3.47926734E-06      3.48009835E-06
      28      2.27143686E-06      2.27197977E-06
      29      1.48249066E-06      1.48284524E-06
      30      9.67311231E-07      9.67542748E-07
      31      6.30997923E-07      6.31149043E-07
      32      4.11510887E-07      4.11609501E-07
      33      2.68305987E-07      2.68370322E-07
      34      1.74895674E-07      1.74937634E-07
      35      1.13980688E-07      1.14008049E-07
      36      7.42660532E-08      7.42838922E-08
      37      4.83792618E-08      4.83908877E-08
      38      3.15095242E-08      3.15170983E-08
      39      2.05183071E-08      2.05232362E-08
      40      1.33585384E-08      1.33617542E-08
      41      8.69556238E-09      8.69765231E-09
      42      5.65931128E-09      5.66067374E-09
      43      3.68260742E-09      3.68349147E-09
      44      2.39589124E-09      2.39646658E-09
      45      1.55850240E-09      1.55888318E-09
      46      1.01367137E-09      1.01391395E-09
      47      6.59205751E-10      6.59364100E-10
      48      4.28607418E-10      4.28707171E-10


  *** SCATTERING AMPLITUDES AND DIFFERENTIAL CROSS SECTION ***

    ANGLE      DCS       ASYMMETRY    DIRECT AMPLITUDE       SPIN-FLIP AMPLITUDE     ERROR
    (deg)   (cm**2/sr)                      (cm)                    (cm)
  -------------------------------------------------------------------------------------------
  0.000E+00 3.09852E-17  0.000E+00  5.518E-09  7.310E-10  0.000E+00  0.000E+00  1.00E-07
  1.000E-04 3.09852E-17 -1.059E-11  5.518E-09  7.310E-10  2.709E-18  3.291E-19  1.00E-07
  1.250E-04 3.09852E-17 -1.323E-11  5.518E-09  7.310E-10  3.386E-18  4.113E-19  1.00E-07
  1.500E-04 3.09852E-17 -1.588E-11  5.518E-09  7.310E-10  4.063E-18  4.936E-19  1.00E-07
  1.750E-04 3.09852E-17 -1.853E-11  5.518E-09  7.310E-10  4.740E-18  5.758E-19  1.00E-07
  2.000E-04 3.09852E-17 -2.117E-11  5.518E-09  7.310E-10  5.417E-18  6.581E-19  1.00E-07
  2.250E-04 3.09852E-17 -2.382E-11  5.518E-09  7.310E-10  6.094E-18  7.404E-19  1.00E-07
  2.500E-04 3.09852E-17 -2.647E-11  5.518E-09  7.310E-10  6.771E-18  8.226E-19  1.00E-07
  2.750E-04 3.09852E-17 -2.911E-11  5.518E-09  7.310E-10  7.449E-18  9.049E-19  1.00E-07
  3.000E-04 3.09852E-17 -3.176E-11  5.518E-09  7.310E-10  8.126E-18  9.872E-19  1.00E-07
  3.250E-04 3.09852E-17 -3.441E-11  5.518E-09  7.310E-10  8.803E-18  1.069E-18  1.00E-07
  3.500E-04 3.09852E-17 -3.705E-11  5.518E-09  7.310E-10  9.480E-18  1.152E-18  1.00E-07
  3.750E-04 3.09852E-17 -3.970E-11  5.518E-09  7.310E-10  1.016E-17  1.234E-18  1.00E-07
  4.000E-04 3.09852E-17 -4.235E-11  5.518E-09  7.310E-10  1.083E-17  1.316E-18  1.00E-07
  4.250E-04 3.09852E-17 -4.499E-11  5.518E-09  7.310E-10  1.151E-17  1.398E-18  1.00E-07
  4.500E-04 3.09852E-17 -4.764E-11  5.518E-09  7.310E-10  1.219E-17  1.481E-18  1.00E-07
  4.750E-04 3.09852E-17 -5.029E-11  5.518E-09  7.310E-10  1.287E-17  1.563E-18  1.00E-07
  5.000E-04 3.09852E-17 -5.293E-11  5.518E-09  7.310E-10  1.354E-17  1.645E-18  1.00E-07
  5.250E-04 3.09852E-17 -5.558E-11  5.518E-09  7.310E-10  1.422E-17  1.728E-18  1.00E-07
  5.500E-04 3.09852E-17 -5.823E-11  5.518E-09  7.310E-10  1.490E-17  1.810E-18  1.00E-07
  5.750E-04 3.09852E-17 -6.088E-11  5.518E-09  7.310E-10  1.557E-17  1.892E-18  1.00E-07
  6.000E-04 3.09852E-17 -6.352E-11  5.518E-09  7.310E-10  1.625E-17  1.974E-18  1.00E-07
  6.250E-04 3.09852E-17 -6.617E-11  5.518E-09  7.310E-10  1.693E-17  2.057E-18  1.00E-07
  6.500E-04 3.09852E-17 -6.882E-11  5.518E-09  7.310E-10  1.761E-17  2.139E-18  1.00E-07
  6.750E-04 3.09852E-17 -7.146E-11  5.518E-09  7.310E-10  1.828E-17  2.221E-18  1.00E-07
  7.000E-04 3.09852E-17 -7.411E-11  5.518E-09  7.310E-10  1.896E-17  2.303E-18  1.00E-07
  7.250E-04 3.09852E-17 -7.676E-11  5.518E-09  7.310E-10  1.964E-17  2.386E-18  1.00E-07
  7.500E-04 3.09852E-17 -7.940E-11  5.518E-09  7.310E-10  2.031E-17  2.468E-18  1.00E-07
  7.750E-04 3.09852E-17 -8.205E-11  5.518E-09  7.310E-10  2.099E-17  2.550E-18  1.00E-07
  8.000E-04 3.09852E-17 -8.470E-11  5.518E-09  7.310E-10  2.167E-17  2.632E-18  1.00E-07
  8.250E-04 3.09852E-17 -8.734E-11  5.518E-09  7.310E-10  2.235E-17  2.715E-18  1.00E-07
  8.500E-04 3.09852E-17 -8.999E-11  5.518E-09  7.310E-10  2.302E-17  2.797E-18  1.00E-07
  8.750E-04 3.09852E-17 -9.264E-11  5.518E-09  7.310E-10  2.370E-17  2.879E-18  1.00E-07
  9.000E-04 3.09852E-17 -9.528E-11  5.518E-09  7.310E-10  2.438E-17  2.961E-18  1.00E-07
  9.250E-04 3.09852E-17 -9.793E-11  5.518E-09  7.310E-10  2.505E-17  3.044E-18  1.00E-07
  9.500E-04 3.09852E-17 -1.006E-10  5.518E-09  7.310E-10  2.573E-17  3.126E-18  1.00E-07
  9.750E-04 3.09852E-17 -1.032E-10  5.518E-09  7.310E-10  2.641E-17  3.208E-18  1.00E-07
  1.000E-03 3.09852E-17 -1.059E-10  5.518E-09  7.310E-10  2.709E-17  3.291E-18  1.00E-07
  1.250E-03 3.09852E-17 -1.323E-10  5.518E-09  7.310E-10  3.386E-17  4.113E-18  1.00E-07
  1.500E-03 3.09852E-17 -1.588E-10  5.518E-09  7.310E-10  4.063E-17  4.936E-18  1.00E-07
  1.750E-03 3.09852E-17 -1.853E-10  5.518E-09  7.310E-10  4.740E-17  5.758E-18  1.00E-07
  2.000E-03 3.09852E-17 -2.117E-10  5.518E-09  7.310E-10  5.417E-17  6.581E-18  1.00E-07
  2.250E-03 3.09852E-17 -2.382E-10  5.518E-09  7.310E-10  6.094E-17  7.404E-18  1.00E-07
  2.500E-03 3.09852E-17 -2.647E-10  5.518E-09  7.310E-10  6.771E-17  8.226E-18  1.00E-07
  2.750E-03 3.09852E-17 -2.911E-10  5.518E-09  7.310E-10  7.449E-17  9.049E-18  1.00E-07
  3.000E-03 3.09852E-17 -3.176E-10  5.518E-09  7.310E-10  8.126E-17  9.872E-18  1.00E-07
  3.250E-03 3.09852E-17 -3.441E-10  5.518E-09  7.310E-10  8.803E-17  1.069E-17  1.00E-07
  3.500E-03 3.09852E-17 -3.705E-10  5.518E-09  7.310E-10  9.480E-17  1.152E-17  1.00E-07
  3.750E-03 3.09852E-17 -3.970E-10  5.518E-09  7.310E-10  1.016E-16  1.234E-17  1.00E-07
  4.000E-03 3.09852E-17 -4.235E-10  5.518E-09  7.310E-10  1.083E-16  1.316E-17  1.00E-07
  4.250E-03 3.09852E-17 -4.499E-10  5.518E-09  7.310E-10  1.151E-16  1.398E-17  1.00E-07
  4.500E-03 3.09852E-17 -4.764E-10  5.518E-09  7.310E-10  1.219E-16  1.481E-17  1.00E-07
  4.750E-03 3.09852E-17 -5.029E-10  5.518E-09  7.310E-10  1.287E-16  1.563E-17  1.00E-07
  5.000E-03 3.09852E-17 -5.293E-10  5.518E-09  7.310E-10  1.354E-16  1.645E-17  1.00E-07
  5.250E-03 3.09852E-17 -5.558E-10  5.518E-09  7.310E-10  1.422E-16  1.728E-17  1.00E-07
  5.500E-03 3.09852E-17 -5.823E-10  5.518E-09  7.310E-10  1.490E-16  1.810E-17  1.00E-07
  5.750E-03 3.09852E-17 -6.088E-10  5.518E-09  7.310E-10  1.557E-16  1.892E-17  1.00E-07
  6.000E-03 3.09852E-17 -6.352E-10  5.518E-09  7.310E-10  1.625E-16  1.974E-17  1.00E-07
  6.250E-03 3.09852E-17 -6.617E-10  5.518E-09  7.310E-10  1.693E-16  2.057E-17  1.00E-07
  6.500E-03 3.09852E-17 -6.882E-10  5.518E-09  7.310E-10  1.761E-16  2.139E-17  1.00E-07
  6.750E-03 3.09852E-17 -7.146E-10  5.518E-09  7.310E-10  1.828E-16  2.221E-17  1.00E-07
  7.000E-03 3.09852E-17 -7.411E-10  5.518E-09  7.310E-10  1.896E-16  2.303E-17  1.00E-07
  7.250E-03 3.09852E-17 -7.676E-10  5.518E-09  7.310E-10  1.964E-16  2.386E-17  1.00E-07
  7.500E-03 3.09852E-17 -7.940E-10  5.518E-09  7.310E-10  2.031E-16  2.468E-17  1.00E-07
  7.750E-03 3.09852E-17 -8.205E-10  5.518E-09  7.310E-10  2.099E-16  2.550E-17  1.00E-07
  8.000E-03 3.09852E-17 -8.470E-10  5.518E-09  7.310E-10  2.167E-16  2.632E-17  1.00E-07
  8.250E-03 3.09852E-17 -8.734E-10  5.518E-09  7.310E-10  2.235E-16  2.715E-17  1.00E-07
  8.500E-03 3.09852E-17 -8.999E-10  5.518E-09  7.310E-10  2.302E-16  2.797E-17  1.00E-07
  8.750E-03 3.09852E-17 -9.264E-10  5.518E-09  7.310E-10  2.370E-16  2.879E-17  1.00E-07
  9.000E-03 3.09852E-17 -9.528E-10  5.518E-09  7.310E-10  2.438E-16  2.961E-17  1.00E-07
  9.250E-03 3.09852E-17 -9.793E-10  5.518E-09  7.310E-10  2.505E-16  3.044E-17  1.00E-07
  9.500E-03 3.09852E-17 -1.006E-09  5.518E-09  7.310E-10  2.573E-16  3.126E-17  1.00E-07
  9.750E-03 3.09852E-17 -1.032E-09  5.518E-09  7.310E-10  2.641E-16  3.208E-17  1.00E-07
  1.000E-02 3.09852E-17 -1.059E-09  5.518E-09  7.310E-10  2.709E-16  3.291E-17  1.00E-07
  1.250E-02 3.09852E-17 -1.323E-09  5.518E-09  7.310E-10  3.386E-16  4.113E-17  1.00E-07
  1.500E-02 3.09852E-17 -1.588E-09  5.518E-09  7.310E-10  4.063E-16  4.936E-17  1.00E-07
  1.750E-02 3.09851E-17 -1.853E-09  5.518E-09  7.310E-10  4.740E-16  5.758E-17  1.00E-07
  2.000E-02 3.09851E-17 -2.117E-09  5.518E-09  7.310E-10  5.417E-16  6.581E-17  1.00E-07
  2.250E-02 3.09851E-17 -2.382E-09  5.518E-09  7.310E-10  6.094E-16  7.404E-17  1.00E-07
  2.500E-02 3.09851E-17 -2.647E-09  5.518E-09  7.310E-10  6.771E-16  8.226E-17  1.00E-07
  2.750E-02 3.09851E-17 -2.911E-09  5.518E-09  7.309E-10  7.449E-16  9.049E-17  1.00E-07
  3.000E-02 3.09851E-17 -3.176E-09  5.518E-09  7.309E-10  8.126E-16  9.872E-17  1.00E-07
  3.250E-02 3.09850E-17 -3.441E-09  5.518E-09  7.309E-10  8.803E-16  1.069E-16  1.00E-07
  3.500E-02 3.09850E-17 -3.705E-09  5.518E-09  7.309E-10  9.480E-16  1.152E-16  1.00E-07
  3.750E-02 3.09850E-17 -3.970E-09  5.518E-09  7.309E-10  1.016E-15  1.234E-16  1.00E-07
  4.000E-02 3.09850E-17 -4.235E-09  5.518E-09  7.309E-10  1.083E-15  1.316E-16  1.00E-07
  4.250E-02 3.09849E-17 -4.499E-09  5.518E-09  7.309E-10  1.151E-15  1.398E-16  1.00E-07
  4.500E-02 3.09849E-17 -4.764E-09  5.518E-09  7.309E-10  1.219E-15  1.481E-16  1.00E-07
  4.750E-02 3.09849E-17 -5.029E-09  5.518E-09  7.309E-10  1.287E-15  1.563E-16  1.00E-07
  5.000E-02 3.09848E-17 -5.294E-09  5.518E-09  7.309E-10  1.354E-15  1.645E-16  1.00E-07
  5.250E-02 3.09848E-17 -5.558E-09  5.518E-09  7.309E-10  1.422E-15  1.728E-16  1.00E-07
  5.500E-02 3.09848E-17 -5.823E-09  5.518E-09  7.309E-10  1.490E-15  1.810E-16  1.00E-07
  5.750E-02 3.09847E-17 -6.088E-09  5.518E-09  7.309E-10  1.557E-15  1.892E-16  1.00E-07
  6.000E-02 3.09847E-17 -6.352E-09  5.518E-09  7.309E-10  1.625E-15  1.974E-16  1.00E-07
  6.250E-02 3.09846E-17 -6.617E-09  5.518E-09  7.309E-10  1.693E-15  2.057E-16  1.00E-07
  6.500E-02 3.09846E-17 -6.882E-09  5.518E-09  7.309E-10  1.761E-15  2.139E-16  1.00E-07
  6.750E-02 3.09845E-17 -7.146E-09  5.518E-09  7.309E-10  1.828E-15  2.221E-16  1.00E-07
  7.000E-02 3.09845E-17 -7.411E-09  5.518E-09  7.309E-10  1.896E-15  2.303E-16  1.00E-07
  7.250E-02 3.09844E-17 -7.676E-09  5.518E-09  7.309E-10  1.964E-15  2.386E-16  1.00E-07
  7.500E-02 3.09844E-17 -7.940E-09  5.518E-09  7.309E-10  2.031E-15  2.468E-16  1.00E-07
  7.750E-02 3.09843E-17 -8.205E-09  5.518E-09  7.309E-10  2.099E-15  2.550E-16  1.00E-07
  8.000E-02 3.09843E-17 -8.470E-09  5.518E-09  7.309E-10  2.167E-15  2.632E-16  1.00E-07
  8.250E-02 3.09842E-17 -8.734E-09  5.518E-09  7.309E-10  2.235E-15  2.715E-16  1.00E-07
  8.500E-02 3.09841E-17 -8.999E-09  5.518E-09  7.309E-10  2.302E-15  2.797E-16  1.00E-07
  8.750E-02 3.09841E-17 -9.264E-09  5.518E-09  7.309E-10  2.370E-15  2.879E-16  1.00E-07
  9.000E-02 3.09840E-17 -9.528E-09  5.518E-09  7.309E-10  2.438E-15  2.961E-16  1.00E-07
  9.250E-02 3.09839E-17 -9.793E-09  5.518E-09  7.309E-10  2.505E-15  3.044E-16  1.00E-07
  9.500E-02 3.09839E-17 -1.006E-08  5.518E-09  7.309E-10  2.573E-15  3.126E-16  1.00E-07
  9.750E-02 3.09838E-17 -1.032E-08  5.518E-09  7.309E-10  2.641E-15  3.208E-16  1.00E-07
  1.000E-01 3.09837E-17 -1.059E-08  5.518E-09  7.309E-10  2.708E-15  3.291E-16  1.00E-07
  1.250E-01 3.09829E-17 -1.323E-08  5.518E-09  7.309E-10  3.386E-15  4.113E-16  1.00E-07
  1.500E-01 3.09819E-17 -1.588E-08  5.518E-09  7.309E-10  4.063E-15  4.936E-16  1.00E-07
  1.750E-01 3.09807E-17 -1.853E-08  5.518E-09  7.309E-10  4.740E-15  5.758E-16  1.00E-07
  2.000E-01 3.09793E-17 -2.118E-08  5.518E-09  7.309E-10  5.417E-15  6.581E-16  1.00E-07
  2.250E-01 3.09778E-17 -2.382E-08  5.518E-09  7.309E-10  6.094E-15  7.404E-16  1.00E-07
  2.500E-01 3.09760E-17 -2.647E-08  5.517E-09  7.309E-10  6.770E-15  8.226E-16  1.00E-07
  2.750E-01 3.09741E-17 -2.912E-08  5.517E-09  7.309E-10  7.447E-15  9.049E-16  1.00E-07
  3.000E-01 3.09720E-17 -3.177E-08  5.517E-09  7.309E-10  8.124E-15  9.871E-16  1.00E-07
  3.250E-01 3.09697E-17 -3.442E-08  5.517E-09  7.309E-10  8.801E-15  1.069E-15  1.00E-07
  3.500E-01 3.09673E-17 -3.707E-08  5.517E-09  7.309E-10  9.477E-15  1.152E-15  1.00E-07
  3.750E-01 3.09646E-17 -3.972E-08  5.516E-09  7.309E-10  1.015E-14  1.234E-15  1.00E-07
  4.000E-01 3.09618E-17 -4.237E-08  5.516E-09  7.309E-10  1.083E-14  1.316E-15  1.00E-07
  4.250E-01 3.09587E-17 -4.502E-08  5.516E-09  7.309E-10  1.151E-14  1.398E-15  1.00E-07
  4.500E-01 3.09555E-17 -4.767E-08  5.516E-09  7.309E-10  1.218E-14  1.481E-15  1.00E-07
  4.750E-01 3.09522E-17 -5.032E-08  5.515E-09  7.309E-10  1.286E-14  1.563E-15  1.00E-07
  5.000E-01 3.09486E-17 -5.297E-08  5.515E-09  7.309E-10  1.353E-14  1.645E-15  1.00E-07
  5.250E-01 3.09449E-17 -5.562E-08  5.515E-09  7.309E-10  1.421E-14  1.727E-15  1.00E-07
  5.500E-01 3.09409E-17 -5.827E-08  5.514E-09  7.308E-10  1.489E-14  1.810E-15  1.00E-07
  5.750E-01 3.09368E-17 -6.093E-08  5.514E-09  7.308E-10  1.556E-14  1.892E-15  1.00E-07
  6.000E-01 3.09325E-17 -6.358E-08  5.513E-09  7.308E-10  1.624E-14  1.974E-15  1.00E-07
  6.250E-01 3.09280E-17 -6.623E-08  5.513E-09  7.308E-10  1.691E-14  2.056E-15  1.00E-07
  6.500E-01 3.09234E-17 -6.889E-08  5.513E-09  7.308E-10  1.759E-14  2.138E-15  1.00E-07
  6.750E-01 3.09185E-17 -7.154E-08  5.512E-09  7.308E-10  1.826E-14  2.221E-15  1.00E-07
  7.000E-01 3.09135E-17 -7.420E-08  5.512E-09  7.308E-10  1.894E-14  2.303E-15  1.00E-07
  7.250E-01 3.09083E-17 -7.686E-08  5.511E-09  7.308E-10  1.961E-14  2.385E-15  1.00E-07
  7.500E-01 3.09029E-17 -7.952E-08  5.511E-09  7.308E-10  2.029E-14  2.467E-15  1.00E-07
  7.750E-01 3.08974E-17 -8.217E-08  5.510E-09  7.307E-10  2.096E-14  2.549E-15  1.00E-07
  8.000E-01 3.08916E-17 -8.483E-08  5.510E-09  7.307E-10  2.164E-14  2.632E-15  1.00E-07
  8.250E-01 3.08857E-17 -8.749E-08  5.509E-09  7.307E-10  2.231E-14  2.714E-15  1.00E-07
  8.500E-01 3.08796E-17 -9.015E-08  5.509E-09  7.307E-10  2.298E-14  2.796E-15  1.00E-07
  8.750E-01 3.08733E-17 -9.282E-08  5.508E-09  7.307E-10  2.366E-14  2.878E-15  1.00E-07
  9.000E-01 3.08668E-17 -9.548E-08  5.508E-09  7.307E-10  2.433E-14  2.960E-15  1.00E-07
  9.250E-01 3.08602E-17 -9.814E-08  5.507E-09  7.307E-10  2.500E-14  3.042E-15  1.00E-07
  9.500E-01 3.08534E-17 -1.008E-07  5.506E-09  7.306E-10  2.568E-14  3.125E-15  1.00E-07
  9.750E-01 3.08464E-17 -1.035E-07  5.506E-09  7.306E-10  2.635E-14  3.207E-15  1.00E-07
  1.000E+00 3.08392E-17 -1.061E-07  5.505E-09  7.306E-10  2.702E-14  3.289E-15  1.00E-07
  1.100E+00 3.08086E-17 -1.168E-07  5.502E-09  7.305E-10  2.971E-14  3.617E-15  1.00E-07
  1.200E+00 3.07752E-17 -1.275E-07  5.499E-09  7.305E-10  3.239E-14  3.946E-15  1.00E-07
  1.300E+00 3.07390E-17 -1.382E-07  5.496E-09  7.304E-10  3.507E-14  4.274E-15  1.00E-07
  1.400E+00 3.06999E-17 -1.490E-07  5.492E-09  7.303E-10  3.774E-14  4.602E-15  1.00E-07
  1.500E+00 3.06580E-17 -1.597E-07  5.489E-09  7.302E-10  4.041E-14  4.930E-15  1.00E-07
  1.600E+00 3.06133E-17 -1.705E-07  5.485E-09  7.301E-10  4.307E-14  5.258E-15  1.00E-07
  1.700E+00 3.05658E-17 -1.813E-07  5.480E-09  7.300E-10  4.573E-14  5.586E-15  1.00E-07
  1.800E+00 3.05155E-17 -1.921E-07  5.476E-09  7.298E-10  4.838E-14  5.913E-15  1.00E-07
  1.900E+00 3.04625E-17 -2.030E-07  5.471E-09  7.297E-10  5.102E-14  6.241E-15  1.00E-07
  2.000E+00 3.04068E-17 -2.139E-07  5.466E-09  7.296E-10  5.366E-14  6.568E-15  1.00E-07
  2.100E+00 3.03484E-17 -2.248E-07  5.460E-09  7.294E-10  5.629E-14  6.895E-15  1.00E-07
  2.200E+00 3.02873E-17 -2.358E-07  5.455E-09  7.293E-10  5.891E-14  7.221E-15  1.00E-07
  2.300E+00 3.02235E-17 -2.468E-07  5.449E-09  7.291E-10  6.152E-14  7.548E-15  1.00E-07
  2.400E+00 3.01571E-17 -2.578E-07  5.443E-09  7.290E-10  6.413E-14  7.874E-15  1.00E-07
  2.500E+00 3.00881E-17 -2.689E-07  5.437E-09  7.288E-10  6.672E-14  8.200E-15  1.00E-07
  2.600E+00 3.00165E-17 -2.800E-07  5.430E-09  7.286E-10  6.931E-14  8.526E-15  1.00E-07
  2.700E+00 2.99423E-17 -2.911E-07  5.423E-09  7.285E-10  7.188E-14  8.852E-15  1.00E-07
  2.800E+00 2.98657E-17 -3.023E-07  5.416E-09  7.283E-10  7.445E-14  9.177E-15  1.00E-07
  2.900E+00 2.97865E-17 -3.136E-07  5.409E-09  7.281E-10  7.701E-14  9.502E-15  1.00E-07
  3.000E+00 2.97048E-17 -3.249E-07  5.401E-09  7.279E-10  7.955E-14  9.827E-15  1.00E-07
  3.100E+00 2.96208E-17 -3.362E-07  5.394E-09  7.277E-10  8.209E-14  1.015E-14  1.00E-07
  3.200E+00 2.95343E-17 -3.476E-07  5.386E-09  7.275E-10  8.461E-14  1.048E-14  1.00E-07
  3.300E+00 2.94454E-17 -3.590E-07  5.377E-09  7.272E-10  8.712E-14  1.080E-14  1.00E-07
  3.400E+00 2.93542E-17 -3.705E-07  5.369E-09  7.270E-10  8.962E-14  1.112E-14  1.00E-07
  3.500E+00 2.92606E-17 -3.821E-07  5.360E-09  7.268E-10  9.211E-14  1.145E-14  1.00E-07
  3.600E+00 2.91648E-17 -3.937E-07  5.351E-09  7.265E-10  9.458E-14  1.177E-14  1.00E-07
  3.700E+00 2.90668E-17 -4.054E-07  5.342E-09  7.263E-10  9.705E-14  1.209E-14  1.00E-07
  3.800E+00 2.89665E-17 -4.171E-07  5.333E-09  7.260E-10  9.950E-14  1.241E-14  1.00E-07
  3.900E+00 2.88641E-17 -4.289E-07  5.323E-09  7.258E-10  1.019E-13  1.273E-14  1.00E-07
  4.000E+00 2.87596E-17 -4.407E-07  5.313E-09  7.255E-10  1.044E-13  1.306E-14  1.00E-07
  4.100E+00 2.86529E-17 -4.526E-07  5.303E-09  7.252E-10  1.068E-13  1.338E-14  1.00E-07
  4.200E+00 2.85442E-17 -4.646E-07  5.293E-09  7.249E-10  1.092E-13  1.370E-14  1.00E-07
  4.300E+00 2.84334E-17 -4.767E-07  5.283E-09  7.247E-10  1.115E-13  1.402E-14  1.00E-07
  4.400E+00 2.83207E-17 -4.888E-07  5.272E-09  7.244E-10  1.139E-13  1.434E-14  1.00E-07
  4.500E+00 2.82061E-17 -5.010E-07  5.261E-09  7.241E-10  1.163E-13  1.466E-14  1.00E-07
  4.600E+00 2.80895E-17 -5.133E-07  5.250E-09  7.238E-10  1.186E-13  1.498E-14  1.00E-07
  4.700E+00 2.79710E-17 -5.256E-07  5.239E-09  7.234E-10  1.209E-13  1.529E-14  1.00E-07
  4.800E+00 2.78508E-17 -5.380E-07  5.228E-09  7.231E-10  1.232E-13  1.561E-14  1.00E-07
  4.900E+00 2.77287E-17 -5.505E-07  5.216E-09  7.228E-10  1.255E-13  1.593E-14  1.00E-07
  5.000E+00 2.76049E-17 -5.631E-07  5.204E-09  7.225E-10  1.278E-13  1.625E-14  1.00E-07
  5.100E+00 2.74794E-17 -5.758E-07  5.192E-09  7.221E-10  1.300E-13  1.656E-14  1.00E-07
  5.200E+00 2.73522E-17 -5.885E-07  5.180E-09  7.218E-10  1.323E-13  1.688E-14  1.00E-07
  5.300E+00 2.72234E-17 -6.014E-07  5.167E-09  7.214E-10  1.345E-13  1.719E-14  1.00E-07
  5.400E+00 2.70931E-17 -6.143E-07  5.155E-09  7.211E-10  1.367E-13  1.751E-14  1.00E-07
  5.500E+00 2.69611E-17 -6.273E-07  5.142E-09  7.207E-10  1.389E-13  1.782E-14  1.00E-07
  5.600E+00 2.68277E-17 -6.404E-07  5.129E-09  7.203E-10  1.411E-13  1.814E-14  1.00E-07
  5.700E+00 2.66929E-17 -6.536E-07  5.116E-09  7.200E-10  1.432E-13  1.845E-14  1.00E-07
  5.800E+00 2.65566E-17 -6.669E-07  5.103E-09  7.196E-10  1.454E-13  1.876E-14  1.00E-07
  5.900E+00 2.64189E-17 -6.803E-07  5.089E-09  7.192E-10  1.475E-13  1.908E-14  1.00E-07
  6.000E+00 2.62799E-17 -6.938E-07  5.076E-09  7.188E-10  1.496E-13  1.939E-14  1.00E-07
  6.100E+00 2.61397E-17 -7.074E-07  5.062E-09  7.184E-10  1.517E-13  1.970E-14  1.00E-07
  6.200E+00 2.59981E-17 -7.211E-07  5.048E-09  7.180E-10  1.537E-13  2.001E-14  1.00E-07
  6.300E+00 2.58554E-17 -7.349E-07  5.034E-09  7.176E-10  1.558E-13  2.032E-14  1.00E-07
  6.400E+00 2.57115E-17 -7.488E-07  5.020E-09  7.172E-10  1.578E-13  2.063E-14  1.00E-07
  6.500E+00 2.55665E-17 -7.628E-07  5.005E-09  7.167E-10  1.598E-13  2.094E-14  1.00E-07
  6.600E+00 2.54204E-17 -7.769E-07  4.991E-09  7.163E-10  1.618E-13  2.125E-14  1.00E-07
  6.700E+00 2.52733E-17 -7.911E-07  4.976E-09  7.159E-10  1.638E-13  2.155E-14  1.00E-07
  6.800E+00 2.51252E-17 -8.055E-07  4.961E-09  7.154E-10  1.657E-13  2.186E-14  1.00E-07
  6.900E+00 2.49762E-17 -8.199E-07  4.946E-09  7.150E-10  1.677E-13  2.217E-14  1.00E-07
  7.000E+00 2.48262E-17 -8.345E-07  4.931E-09  7.145E-10  1.696E-13  2.247E-14  1.00E-07
  7.100E+00 2.46753E-17 -8.492E-07  4.916E-09  7.141E-10  1.715E-13  2.278E-14  1.00E-07
  7.200E+00 2.45237E-17 -8.640E-07  4.900E-09  7.136E-10  1.734E-13  2.308E-14  1.00E-07
  7.300E+00 2.43712E-17 -8.790E-07  4.885E-09  7.131E-10  1.752E-13  2.339E-14  1.00E-07
  7.400E+00 2.42180E-17 -8.940E-07  4.869E-09  7.126E-10  1.771E-13  2.369E-14  1.00E-07
  7.500E+00 2.40641E-17 -9.092E-07  4.854E-09  7.122E-10  1.789E-13  2.399E-14  1.00E-07
  7.600E+00 2.39095E-17 -9.245E-07  4.838E-09  7.117E-10  1.807E-13  2.429E-14  1.00E-07
  7.700E+00 2.37543E-17 -9.399E-07  4.822E-09  7.112E-10  1.825E-13  2.460E-14  1.00E-07
  7.800E+00 2.35985E-17 -9.555E-07  4.806E-09  7.107E-10  1.842E-13  2.490E-14  1.00E-07
  7.900E+00 2.34421E-17 -9.712E-07  4.789E-09  7.102E-10  1.859E-13  2.520E-14  1.00E-07
  8.000E+00 2.32852E-17 -9.871E-07  4.773E-09  7.096E-10  1.877E-13  2.549E-14  1.00E-07
  8.100E+00 2.31279E-17 -1.003E-06  4.757E-09  7.091E-10  1.894E-13  2.579E-14  1.00E-07
  8.200E+00 2.29701E-17 -1.019E-06  4.740E-09  7.086E-10  1.910E-13  2.609E-14  1.00E-07
  8.300E+00 2.28119E-17 -1.035E-06  4.723E-09  7.081E-10  1.927E-13  2.639E-14  1.00E-07
  8.400E+00 2.26534E-17 -1.052E-06  4.707E-09  7.075E-10  1.943E-13  2.668E-14  1.00E-07
  8.500E+00 2.24945E-17 -1.068E-06  4.690E-09  7.070E-10  1.960E-13  2.698E-14  1.00E-07
  8.600E+00 2.23353E-17 -1.085E-06  4.673E-09  7.065E-10  1.975E-13  2.727E-14  1.00E-07
  8.700E+00 2.21759E-17 -1.102E-06  4.656E-09  7.059E-10  1.991E-13  2.757E-14  1.00E-07
  8.800E+00 2.20163E-17 -1.119E-06  4.639E-09  7.053E-10  2.007E-13  2.786E-14  1.00E-07
  8.900E+00 2.18565E-17 -1.136E-06  4.622E-09  7.048E-10  2.022E-13  2.815E-14  1.00E-07
  9.000E+00 2.16965E-17 -1.153E-06  4.604E-09  7.042E-10  2.037E-13  2.844E-14  1.00E-07
  9.100E+00 2.15364E-17 -1.171E-06  4.587E-09  7.036E-10  2.052E-13  2.873E-14  1.00E-07
  9.200E+00 2.13763E-17 -1.188E-06  4.570E-09  7.031E-10  2.067E-13  2.902E-14  1.00E-07
  9.300E+00 2.12160E-17 -1.206E-06  4.552E-09  7.025E-10  2.082E-13  2.931E-14  1.00E-07
  9.400E+00 2.10558E-17 -1.224E-06  4.535E-09  7.019E-10  2.096E-13  2.960E-14  1.00E-07
  9.500E+00 2.08956E-17 -1.242E-06  4.517E-09  7.013E-10  2.110E-13  2.989E-14  1.00E-07
  9.600E+00 2.07354E-17 -1.261E-06  4.499E-09  7.007E-10  2.124E-13  3.017E-14  1.00E-07
  9.700E+00 2.05753E-17 -1.279E-06  4.482E-09  7.001E-10  2.138E-13  3.046E-14  1.00E-07
  9.800E+00 2.04153E-17 -1.298E-06  4.464E-09  6.995E-10  2.151E-13  3.074E-14  1.00E-07
  9.900E+00 2.02554E-17 -1.316E-06  4.446E-09  6.989E-10  2.165E-13  3.103E-14  1.00E-07
  1.000E+01 2.00957E-17 -1.335E-06  4.428E-09  6.982E-10  2.178E-13  3.131E-14  1.00E-07
  1.025E+01 1.96973E-17 -1.383E-06  4.383E-09  6.967E-10  2.210E-13  3.202E-14  1.00E-07
  1.050E+01 1.93006E-17 -1.433E-06  4.338E-09  6.951E-10  2.241E-13  3.271E-14  1.00E-07
  1.075E+01 1.89059E-17 -1.483E-06  4.292E-09  6.934E-10  2.270E-13  3.341E-14  1.00E-07
  1.100E+01 1.85135E-17 -1.535E-06  4.247E-09  6.918E-10  2.299E-13  3.409E-14  1.00E-07
  1.125E+01 1.81240E-17 -1.588E-06  4.201E-09  6.901E-10  2.326E-13  3.478E-14  1.00E-07
  1.150E+01 1.77376E-17 -1.642E-06  4.155E-09  6.883E-10  2.352E-13  3.545E-14  1.00E-07
  1.175E+01 1.73546E-17 -1.697E-06  4.109E-09  6.866E-10  2.376E-13  3.612E-14  1.00E-07
  1.200E+01 1.69754E-17 -1.754E-06  4.063E-09  6.848E-10  2.400E-13  3.679E-14  1.00E-07
  1.225E+01 1.66001E-17 -1.812E-06  4.017E-09  6.830E-10  2.422E-13  3.745E-14  1.00E-07
  1.250E+01 1.62292E-17 -1.872E-06  3.971E-09  6.812E-10  2.444E-13  3.810E-14  1.00E-07
  1.275E+01 1.58627E-17 -1.933E-06  3.924E-09  6.793E-10  2.464E-13  3.874E-14  1.00E-07
  1.300E+01 1.55009E-17 -1.995E-06  3.878E-09  6.774E-10  2.483E-13  3.938E-14  1.00E-07
  1.325E+01 1.51441E-17 -2.059E-06  3.832E-09  6.755E-10  2.501E-13  4.002E-14  1.00E-07
  1.350E+01 1.47923E-17 -2.125E-06  3.787E-09  6.736E-10  2.518E-13  4.065E-14  1.00E-07
  1.375E+01 1.44457E-17 -2.192E-06  3.741E-09  6.716E-10  2.534E-13  4.127E-14  1.00E-07
  1.400E+01 1.41046E-17 -2.260E-06  3.695E-09  6.696E-10  2.549E-13  4.188E-14  1.00E-07
  1.425E+01 1.37689E-17 -2.330E-06  3.650E-09  6.676E-10  2.563E-13  4.249E-14  1.00E-07
  1.450E+01 1.34389E-17 -2.402E-06  3.605E-09  6.656E-10  2.576E-13  4.309E-14  1.00E-07
  1.475E+01 1.31145E-17 -2.476E-06  3.560E-09  6.635E-10  2.589E-13  4.369E-14  1.00E-07
  1.500E+01 1.27959E-17 -2.551E-06  3.515E-09  6.615E-10  2.600E-13  4.428E-14  1.00E-07
  1.525E+01 1.24832E-17 -2.628E-06  3.471E-09  6.594E-10  2.610E-13  4.486E-14  1.00E-07
  1.550E+01 1.21764E-17 -2.707E-06  3.427E-09  6.573E-10  2.620E-13  4.543E-14  1.00E-07
  1.575E+01 1.18754E-17 -2.788E-06  3.383E-09  6.551E-10  2.628E-13  4.600E-14  1.00E-07
  1.600E+01 1.15804E-17 -2.870E-06  3.340E-09  6.530E-10  2.636E-13  4.656E-14  1.00E-07
  1.625E+01 1.12914E-17 -2.955E-06  3.297E-09  6.508E-10  2.643E-13  4.712E-14  1.00E-07
  1.650E+01 1.10083E-17 -3.041E-06  3.254E-09  6.486E-10  2.649E-13  4.767E-14  1.00E-07
  1.675E+01 1.07312E-17 -3.130E-06  3.211E-09  6.464E-10  2.655E-13  4.821E-14  1.00E-07
  1.700E+01 1.04600E-17 -3.220E-06  3.169E-09  6.442E-10  2.660E-13  4.874E-14  1.00E-07
  1.725E+01 1.01948E-17 -3.312E-06  3.128E-09  6.420E-10  2.664E-13  4.927E-14  1.00E-07
  1.750E+01 9.93537E-18 -3.407E-06  3.086E-09  6.397E-10  2.667E-13  4.979E-14  1.00E-07
  1.775E+01 9.68180E-18 -3.503E-06  3.046E-09  6.374E-10  2.670E-13  5.031E-14  1.00E-07
  1.800E+01 9.43402E-18 -3.602E-06  3.005E-09  6.351E-10  2.672E-13  5.082E-14  1.00E-07
  1.825E+01 9.19196E-18 -3.703E-06  2.965E-09  6.328E-10  2.673E-13  5.132E-14  1.00E-07
  1.850E+01 8.95558E-18 -3.806E-06  2.925E-09  6.305E-10  2.674E-13  5.181E-14  1.00E-07
  1.875E+01 8.72480E-18 -3.911E-06  2.886E-09  6.282E-10  2.674E-13  5.230E-14  1.00E-07
  1.900E+01 8.49956E-18 -4.019E-06  2.847E-09  6.259E-10  2.674E-13  5.278E-14  1.00E-07
  1.925E+01 8.27977E-18 -4.128E-06  2.809E-09  6.235E-10  2.673E-13  5.325E-14  1.00E-07
  1.950E+01 8.06537E-18 -4.241E-06  2.771E-09  6.212E-10  2.672E-13  5.372E-14  1.00E-07
  1.975E+01 7.85627E-18 -4.355E-06  2.734E-09  6.188E-10  2.670E-13  5.418E-14  1.00E-07
  2.000E+01 7.65239E-18 -4.472E-06  2.697E-09  6.164E-10  2.668E-13  5.463E-14  1.00E-07
  2.025E+01 7.45364E-18 -4.591E-06  2.660E-09  6.140E-10  2.665E-13  5.508E-14  1.00E-07
  2.050E+01 7.25993E-18 -4.713E-06  2.624E-09  6.116E-10  2.662E-13  5.552E-14  1.00E-07
  2.075E+01 7.07117E-18 -4.837E-06  2.588E-09  6.092E-10  2.658E-13  5.595E-14  1.00E-07
  2.100E+01 6.88727E-18 -4.964E-06  2.553E-09  6.068E-10  2.654E-13  5.638E-14  1.00E-07
  2.125E+01 6.70813E-18 -5.093E-06  2.519E-09  6.044E-10  2.649E-13  5.679E-14  1.00E-07
  2.150E+01 6.53367E-18 -5.225E-06  2.484E-09  6.019E-10  2.644E-13  5.721E-14  1.00E-07
  2.175E+01 6.36378E-18 -5.359E-06  2.450E-09  5.995E-10  2.639E-13  5.761E-14  1.00E-07
  2.200E+01 6.19837E-18 -5.496E-06  2.417E-09  5.971E-10  2.634E-13  5.801E-14  1.00E-07
  2.225E+01 6.03735E-18 -5.635E-06  2.384E-09  5.946E-10  2.628E-13  5.840E-14  1.00E-07
  2.250E+01 5.88062E-18 -5.778E-06  2.352E-09  5.921E-10  2.622E-13  5.879E-14  1.00E-07
  2.275E+01 5.72808E-18 -5.923E-06  2.320E-09  5.897E-10  2.615E-13  5.917E-14  1.00E-07
  2.300E+01 5.57964E-18 -6.070E-06  2.288E-09  5.872E-10  2.608E-13  5.954E-14  1.00E-07
  2.325E+01 5.43520E-18 -6.220E-06  2.257E-09  5.847E-10  2.601E-13  5.990E-14  1.00E-07
  2.350E+01 5.29467E-18 -6.374E-06  2.226E-09  5.823E-10  2.594E-13  6.026E-14  1.00E-07
  2.375E+01 5.15796E-18 -6.530E-06  2.196E-09  5.798E-10  2.586E-13  6.062E-14  1.00E-07
  2.400E+01 5.02497E-18 -6.688E-06  2.166E-09  5.773E-10  2.578E-13  6.096E-14  1.00E-07
  2.425E+01 4.89561E-18 -6.850E-06  2.137E-09  5.748E-10  2.570E-13  6.130E-14  1.00E-07
  2.450E+01 4.76980E-18 -7.014E-06  2.108E-09  5.723E-10  2.562E-13  6.164E-14  1.00E-07
  2.475E+01 4.64743E-18 -7.181E-06  2.079E-09  5.698E-10  2.554E-13  6.196E-14  1.00E-07
  2.500E+01 4.52844E-18 -7.352E-06  2.051E-09  5.673E-10  2.545E-13  6.228E-14  1.00E-07
  2.550E+01 4.30020E-18 -7.701E-06  1.996E-09  5.624E-10  2.527E-13  6.291E-14  1.00E-07
  2.600E+01 4.08440E-18 -8.062E-06  1.943E-09  5.574E-10  2.509E-13  6.350E-14  1.00E-07
  2.650E+01 3.88038E-18 -8.434E-06  1.891E-09  5.524E-10  2.490E-13  6.408E-14  1.00E-07
  2.700E+01 3.68754E-18 -8.819E-06  1.841E-09  5.474E-10  2.470E-13  6.462E-14  1.00E-07
  2.750E+01 3.50525E-18 -9.216E-06  1.792E-09  5.424E-10  2.450E-13  6.515E-14  1.00E-07
  2.800E+01 3.33295E-18 -9.626E-06  1.745E-09  5.375E-10  2.430E-13  6.565E-14  1.00E-07
  2.850E+01 3.17009E-18 -1.005E-05  1.699E-09  5.325E-10  2.409E-13  6.613E-14  1.00E-07
  2.900E+01 3.01614E-18 -1.048E-05  1.655E-09  5.276E-10  2.388E-13  6.659E-14  1.00E-07
  2.950E+01 2.87061E-18 -1.093E-05  1.612E-09  5.227E-10  2.367E-13  6.702E-14  1.00E-07
  3.000E+01 2.73301E-18 -1.139E-05  1.570E-09  5.178E-10  2.345E-13  6.743E-14  1.00E-07
  3.050E+01 2.60291E-18 -1.186E-05  1.530E-09  5.129E-10  2.324E-13  6.783E-14  1.00E-07
  3.100E+01 2.47987E-18 -1.234E-05  1.491E-09  5.080E-10  2.302E-13  6.820E-14  1.00E-07
  3.150E+01 2.36350E-18 -1.284E-05  1.453E-09  5.032E-10  2.281E-13  6.855E-14  1.00E-07
  3.200E+01 2.25340E-18 -1.335E-05  1.416E-09  4.984E-10  2.259E-13  6.888E-14  1.00E-07
  3.250E+01 2.14923E-18 -1.388E-05  1.380E-09  4.936E-10  2.237E-13  6.919E-14  1.00E-07
  3.300E+01 2.05063E-18 -1.441E-05  1.346E-09  4.888E-10  2.215E-13  6.948E-14  1.00E-07
  3.350E+01 1.95730E-18 -1.496E-05  1.313E-09  4.841E-10  2.194E-13  6.975E-14  1.00E-07
  3.400E+01 1.86892E-18 -1.552E-05  1.280E-09  4.794E-10  2.172E-13  7.001E-14  1.00E-07
  3.450E+01 1.78521E-18 -1.610E-05  1.249E-09  4.748E-10  2.150E-13  7.024E-14  1.00E-07
  3.500E+01 1.70591E-18 -1.668E-05  1.219E-09  4.701E-10  2.129E-13  7.046E-14  1.00E-07
  3.550E+01 1.63076E-18 -1.728E-05  1.189E-09  4.656E-10  2.108E-13  7.066E-14  1.00E-07
  3.600E+01 1.55951E-18 -1.789E-05  1.161E-09  4.610E-10  2.086E-13  7.085E-14  1.00E-07
  3.650E+01 1.49196E-18 -1.852E-05  1.133E-09  4.565E-10  2.065E-13  7.102E-14  1.00E-07
  3.700E+01 1.42788E-18 -1.915E-05  1.106E-09  4.520E-10  2.044E-13  7.117E-14  1.00E-07
  3.750E+01 1.36709E-18 -1.980E-05  1.080E-09  4.476E-10  2.023E-13  7.131E-14  1.00E-07
  3.800E+01 1.30938E-18 -2.046E-05  1.055E-09  4.432E-10  2.003E-13  7.143E-14  1.00E-07
  3.850E+01 1.25460E-18 -2.114E-05  1.031E-09  4.388E-10  1.982E-13  7.154E-14  1.00E-07
  3.900E+01 1.20256E-18 -2.182E-05  1.007E-09  4.345E-10  1.962E-13  7.163E-14  1.00E-07
  3.950E+01 1.15313E-18 -2.252E-05  9.839E-10  4.302E-10  1.942E-13  7.171E-14  1.00E-07
  4.000E+01 1.10614E-18 -2.322E-05  9.616E-10  4.260E-10  1.922E-13  7.178E-14  1.00E-07
  4.050E+01 1.06148E-18 -2.394E-05  9.400E-10  4.218E-10  1.902E-13  7.183E-14  1.00E-07
  4.100E+01 1.01900E-18 -2.468E-05  9.190E-10  4.176E-10  1.883E-13  7.188E-14  1.00E-07
  4.150E+01 9.78581E-19 -2.542E-05  8.987E-10  4.135E-10  1.863E-13  7.191E-14  1.00E-07
  4.200E+01 9.40118E-19 -2.617E-05  8.789E-10  4.095E-10  1.844E-13  7.192E-14  1.00E-07
  4.250E+01 9.03499E-19 -2.694E-05  8.597E-10  4.054E-10  1.825E-13  7.193E-14  1.00E-07
  4.300E+01 8.68625E-19 -2.771E-05  8.411E-10  4.015E-10  1.807E-13  7.192E-14  1.00E-07
  4.350E+01 8.35401E-19 -2.850E-05  8.230E-10  3.975E-10  1.788E-13  7.190E-14  1.00E-07
  4.400E+01 8.03737E-19 -2.929E-05  8.055E-10  3.936E-10  1.770E-13  7.188E-14  1.00E-07
  4.450E+01 7.73550E-19 -3.010E-05  7.884E-10  3.898E-10  1.752E-13  7.184E-14  1.00E-07
  4.500E+01 7.44760E-19 -3.091E-05  7.719E-10  3.860E-10  1.734E-13  7.179E-14  1.00E-07
  4.550E+01 7.17294E-19 -3.174E-05  7.558E-10  3.822E-10  1.716E-13  7.174E-14  1.00E-07
  4.600E+01 6.91082E-19 -3.257E-05  7.402E-10  3.785E-10  1.699E-13  7.167E-14  1.00E-07
  4.650E+01 6.66057E-19 -3.342E-05  7.250E-10  3.748E-10  1.682E-13  7.159E-14  1.00E-07
  4.700E+01 6.42158E-19 -3.427E-05  7.102E-10  3.712E-10  1.665E-13  7.151E-14  1.00E-07
  4.750E+01 6.19326E-19 -3.513E-05  6.958E-10  3.676E-10  1.648E-13  7.142E-14  1.00E-07
  4.800E+01 5.97506E-19 -3.600E-05  6.819E-10  3.640E-10  1.631E-13  7.131E-14  1.00E-07
  4.850E+01 5.76646E-19 -3.688E-05  6.683E-10  3.605E-10  1.615E-13  7.121E-14  1.00E-07
  4.900E+01 5.56697E-19 -3.777E-05  6.551E-10  3.571E-10  1.599E-13  7.109E-14  1.00E-07
  4.950E+01 5.37613E-19 -3.866E-05  6.423E-10  3.537E-10  1.583E-13  7.096E-14  1.00E-07
  5.000E+01 5.19351E-19 -3.957E-05  6.298E-10  3.503E-10  1.567E-13  7.083E-14  1.00E-07
  5.050E+01 5.01869E-19 -4.048E-05  6.176E-10  3.470E-10  1.551E-13  7.069E-14  1.00E-07
  5.100E+01 4.85128E-19 -4.139E-05  6.058E-10  3.437E-10  1.536E-13  7.055E-14  1.00E-07
  5.150E+01 4.69092E-19 -4.232E-05  5.943E-10  3.404E-10  1.521E-13  7.040E-14  1.00E-07
  5.200E+01 4.53726E-19 -4.325E-05  5.831E-10  3.372E-10  1.506E-13  7.024E-14  1.00E-07
  5.250E+01 4.38997E-19 -4.419E-05  5.722E-10  3.340E-10  1.491E-13  7.008E-14  1.00E-07
  5.300E+01 4.24875E-19 -4.513E-05  5.616E-10  3.309E-10  1.476E-13  6.991E-14  1.00E-07
  5.350E+01 4.11330E-19 -4.608E-05  5.512E-10  3.278E-10  1.462E-13  6.973E-14  1.00E-07
  5.400E+01 3.98335E-19 -4.703E-05  5.412E-10  3.248E-10  1.447E-13  6.955E-14  1.00E-07
  5.450E+01 3.85862E-19 -4.799E-05  5.314E-10  3.218E-10  1.433E-13  6.936E-14  1.00E-07
  5.500E+01 3.73889E-19 -4.896E-05  5.218E-10  3.188E-10  1.419E-13  6.917E-14  1.00E-07
  5.550E+01 3.62390E-19 -4.993E-05  5.125E-10  3.158E-10  1.406E-13  6.898E-14  1.00E-07
  5.600E+01 3.51345E-19 -5.091E-05  5.034E-10  3.130E-10  1.392E-13  6.878E-14  1.00E-07
  5.650E+01 3.40731E-19 -5.188E-05  4.945E-10  3.101E-10  1.379E-13  6.857E-14  1.00E-07
  5.700E+01 3.30530E-19 -5.287E-05  4.859E-10  3.073E-10  1.365E-13  6.836E-14  1.00E-07
  5.750E+01 3.20722E-19 -5.386E-05  4.775E-10  3.045E-10  1.352E-13  6.815E-14  1.00E-07
  5.800E+01 3.11289E-19 -5.485E-05  4.693E-10  3.017E-10  1.339E-13  6.793E-14  1.00E-07
  5.850E+01 3.02214E-19 -5.584E-05  4.613E-10  2.990E-10  1.327E-13  6.771E-14  1.00E-07
  5.900E+01 2.93482E-19 -5.684E-05  4.535E-10  2.964E-10  1.314E-13  6.748E-14  1.00E-07
  5.950E+01 2.85076E-19 -5.784E-05  4.459E-10  2.937E-10  1.302E-13  6.725E-14  1.00E-07
  6.000E+01 2.76983E-19 -5.884E-05  4.384E-10  2.911E-10  1.289E-13  6.702E-14  1.00E-07
  6.050E+01 2.69189E-19 -5.984E-05  4.312E-10  2.886E-10  1.277E-13  6.678E-14  1.00E-07
  6.100E+01 2.61681E-19 -6.085E-05  4.241E-10  2.860E-10  1.265E-13  6.654E-14  1.00E-07
  6.150E+01 2.54445E-19 -6.186E-05  4.172E-10  2.835E-10  1.253E-13  6.630E-14  1.00E-07
  6.200E+01 2.47471E-19 -6.287E-05  4.105E-10  2.811E-10  1.241E-13  6.606E-14  1.00E-07
  6.250E+01 2.40747E-19 -6.388E-05  4.039E-10  2.786E-10  1.230E-13  6.581E-14  1.00E-07
  6.300E+01 2.34263E-19 -6.489E-05  3.974E-10  2.762E-10  1.218E-13  6.556E-14  1.00E-07
  6.350E+01 2.28008E-19 -6.590E-05  3.912E-10  2.738E-10  1.207E-13  6.530E-14  1.00E-07
  6.400E+01 2.21973E-19 -6.691E-05  3.850E-10  2.715E-10  1.196E-13  6.505E-14  1.00E-07
  6.450E+01 2.16148E-19 -6.792E-05  3.790E-10  2.692E-10  1.185E-13  6.479E-14  1.00E-07
  6.500E+01 2.10526E-19 -6.894E-05  3.732E-10  2.669E-10  1.174E-13  6.453E-14  1.00E-07
  6.550E+01 2.05096E-19 -6.995E-05  3.675E-10  2.647E-10  1.163E-13  6.426E-14  1.00E-07
  6.600E+01 1.99852E-19 -7.096E-05  3.619E-10  2.625E-10  1.153E-13  6.400E-14  1.00E-07
  6.650E+01 1.94786E-19 -7.197E-05  3.564E-10  2.603E-10  1.142E-13  6.373E-14  1.00E-07
  6.700E+01 1.89891E-19 -7.298E-05  3.511E-10  2.581E-10  1.132E-13  6.346E-14  1.00E-07
  6.750E+01 1.85159E-19 -7.398E-05  3.459E-10  2.560E-10  1.121E-13  6.319E-14  1.00E-07
  6.800E+01 1.80585E-19 -7.499E-05  3.408E-10  2.539E-10  1.111E-13  6.292E-14  1.00E-07
  6.850E+01 1.76162E-19 -7.599E-05  3.358E-10  2.518E-10  1.101E-13  6.264E-14  1.00E-07
  6.900E+01 1.71884E-19 -7.699E-05  3.309E-10  2.498E-10  1.091E-13  6.237E-14  1.00E-07
  6.950E+01 1.67746E-19 -7.799E-05  3.261E-10  2.478E-10  1.081E-13  6.209E-14  1.00E-07
  7.000E+01 1.63741E-19 -7.898E-05  3.214E-10  2.458E-10  1.071E-13  6.181E-14  1.00E-07
  7.050E+01 1.59865E-19 -7.998E-05  3.169E-10  2.438E-10  1.062E-13  6.153E-14  1.00E-07
  7.100E+01 1.56113E-19 -8.096E-05  3.124E-10  2.419E-10  1.052E-13  6.125E-14  1.00E-07
  7.150E+01 1.52480E-19 -8.195E-05  3.080E-10  2.400E-10  1.043E-13  6.096E-14  1.00E-07
  7.200E+01 1.48962E-19 -8.293E-05  3.038E-10  2.381E-10  1.034E-13  6.068E-14  1.00E-07
  7.250E+01 1.45553E-19 -8.391E-05  2.996E-10  2.362E-10  1.024E-13  6.039E-14  1.00E-07
  7.300E+01 1.42251E-19 -8.488E-05  2.955E-10  2.344E-10  1.015E-13  6.011E-14  1.00E-07
  7.350E+01 1.39051E-19 -8.585E-05  2.915E-10  2.326E-10  1.006E-13  5.982E-14  1.00E-07
  7.400E+01 1.35949E-19 -8.681E-05  2.875E-10  2.308E-10  9.972E-14  5.953E-14  1.00E-07
  7.450E+01 1.32942E-19 -8.777E-05  2.837E-10  2.291E-10  9.884E-14  5.924E-14  1.00E-07
  7.500E+01 1.30026E-19 -8.872E-05  2.799E-10  2.273E-10  9.797E-14  5.895E-14  1.00E-07
  7.550E+01 1.27197E-19 -8.967E-05  2.762E-10  2.256E-10  9.710E-14  5.866E-14  1.00E-07
  7.600E+01 1.24454E-19 -9.061E-05  2.726E-10  2.239E-10  9.624E-14  5.837E-14  1.00E-07
  7.650E+01 1.21792E-19 -9.154E-05  2.691E-10  2.222E-10  9.539E-14  5.807E-14  1.00E-07
  7.700E+01 1.19209E-19 -9.247E-05  2.656E-10  2.206E-10  9.455E-14  5.778E-14  1.00E-07
  7.750E+01 1.16702E-19 -9.339E-05  2.622E-10  2.190E-10  9.372E-14  5.748E-14  1.00E-07
  7.800E+01 1.14268E-19 -9.431E-05  2.589E-10  2.174E-10  9.290E-14  5.719E-14  1.00E-07
  7.850E+01 1.11904E-19 -9.522E-05  2.556E-10  2.158E-10  9.209E-14  5.689E-14  1.00E-07
  7.900E+01 1.09609E-19 -9.612E-05  2.524E-10  2.142E-10  9.128E-14  5.660E-14  1.00E-07
  7.950E+01 1.07380E-19 -9.701E-05  2.493E-10  2.127E-10  9.048E-14  5.630E-14  1.00E-07
  8.000E+01 1.05214E-19 -9.790E-05  2.462E-10  2.112E-10  8.969E-14  5.600E-14  1.00E-07
  8.050E+01 1.03110E-19 -9.878E-05  2.432E-10  2.097E-10  8.891E-14  5.571E-14  1.00E-07
  8.100E+01 1.01064E-19 -9.965E-05  2.403E-10  2.082E-10  8.813E-14  5.541E-14  1.00E-07
  8.150E+01 9.90764E-20 -1.005E-04  2.374E-10  2.067E-10  8.736E-14  5.511E-14  1.00E-07
  8.200E+01 9.71437E-20 -1.014E-04  2.345E-10  2.053E-10  8.660E-14  5.481E-14  1.00E-07
  8.250E+01 9.52646E-20 -1.022E-04  2.317E-10  2.039E-10  8.585E-14  5.451E-14  1.00E-07
  8.300E+01 9.34370E-20 -1.030E-04  2.290E-10  2.025E-10  8.510E-14  5.421E-14  1.00E-07
  8.350E+01 9.16595E-20 -1.039E-04  2.263E-10  2.011E-10  8.436E-14  5.391E-14  1.00E-07
  8.400E+01 8.99302E-20 -1.047E-04  2.237E-10  1.997E-10  8.363E-14  5.361E-14  1.00E-07
  8.450E+01 8.82477E-20 -1.055E-04  2.211E-10  1.984E-10  8.290E-14  5.331E-14  1.00E-07
  8.500E+01 8.66104E-20 -1.063E-04  2.186E-10  1.970E-10  8.218E-14  5.301E-14  1.00E-07
  8.550E+01 8.50168E-20 -1.071E-04  2.161E-10  1.957E-10  8.147E-14  5.271E-14  1.00E-07
  8.600E+01 8.34656E-20 -1.078E-04  2.137E-10  1.944E-10  8.076E-14  5.241E-14  1.00E-07
  8.650E+01 8.19553E-20 -1.086E-04  2.113E-10  1.931E-10  8.006E-14  5.211E-14  1.00E-07
  8.700E+01 8.04847E-20 -1.094E-04  2.090E-10  1.919E-10  7.937E-14  5.181E-14  1.00E-07
  8.750E+01 7.90525E-20 -1.101E-04  2.067E-10  1.906E-10  7.868E-14  5.151E-14  1.00E-07
  8.800E+01 7.76575E-20 -1.108E-04  2.044E-10  1.894E-10  7.800E-14  5.121E-14  1.00E-07
  8.850E+01 7.62985E-20 -1.116E-04  2.022E-10  1.882E-10  7.732E-14  5.091E-14  1.00E-07
  8.900E+01 7.49744E-20 -1.123E-04  2.000E-10  1.870E-10  7.665E-14  5.061E-14  1.00E-07
  8.950E+01 7.36842E-20 -1.130E-04  1.979E-10  1.858E-10  7.599E-14  5.031E-14  1.00E-07
  9.000E+01 7.24267E-20 -1.137E-04  1.958E-10  1.846E-10  7.533E-14  5.001E-14  1.00E-07
  9.050E+01 7.12010E-20 -1.143E-04  1.937E-10  1.835E-10  7.467E-14  4.971E-14  1.00E-07
  9.100E+01 7.00062E-20 -1.150E-04  1.917E-10  1.823E-10  7.402E-14  4.941E-14  1.00E-07
  9.150E+01 6.88412E-20 -1.157E-04  1.897E-10  1.812E-10  7.338E-14  4.911E-14  1.00E-07
  9.200E+01 6.77052E-20 -1.163E-04  1.878E-10  1.801E-10  7.274E-14  4.881E-14  1.00E-07
  9.250E+01 6.65973E-20 -1.169E-04  1.859E-10  1.790E-10  7.211E-14  4.851E-14  1.00E-07
  9.300E+01 6.55166E-20 -1.175E-04  1.840E-10  1.779E-10  7.148E-14  4.821E-14  1.00E-07
  9.350E+01 6.44624E-20 -1.181E-04  1.821E-10  1.769E-10  7.086E-14  4.791E-14  1.00E-07
  9.400E+01 6.34339E-20 -1.187E-04  1.803E-10  1.758E-10  7.025E-14  4.761E-14  1.00E-07
  9.450E+01 6.24304E-20 -1.193E-04  1.786E-10  1.748E-10  6.963E-14  4.731E-14  1.00E-07
  9.500E+01 6.14510E-20 -1.199E-04  1.768E-10  1.738E-10  6.903E-14  4.701E-14  1.00E-07
  9.550E+01 6.04951E-20 -1.204E-04  1.751E-10  1.727E-10  6.842E-14  4.671E-14  1.00E-07
  9.600E+01 5.95621E-20 -1.209E-04  1.734E-10  1.717E-10  6.782E-14  4.641E-14  1.00E-07
  9.650E+01 5.86512E-20 -1.215E-04  1.717E-10  1.708E-10  6.723E-14  4.611E-14  1.00E-07
  9.700E+01 5.77618E-20 -1.220E-04  1.701E-10  1.698E-10  6.664E-14  4.581E-14  1.00E-07
  9.750E+01 5.68934E-20 -1.225E-04  1.685E-10  1.688E-10  6.606E-14  4.551E-14  1.00E-07
  9.800E+01 5.60453E-20 -1.229E-04  1.669E-10  1.679E-10  6.548E-14  4.521E-14  1.00E-07
  9.850E+01 5.52169E-20 -1.234E-04  1.654E-10  1.669E-10  6.490E-14  4.492E-14  1.00E-07
  9.900E+01 5.44078E-20 -1.239E-04  1.638E-10  1.660E-10  6.433E-14  4.462E-14  1.00E-07
  9.950E+01 5.36173E-20 -1.243E-04  1.624E-10  1.651E-10  6.376E-14  4.432E-14  1.00E-07
  1.000E+02 5.28450E-20 -1.247E-04  1.609E-10  1.642E-10  6.320E-14  4.402E-14  1.00E-07
  1.005E+02 5.20903E-20 -1.251E-04  1.594E-10  1.633E-10  6.264E-14  4.373E-14  1.00E-07
  1.010E+02 5.13528E-20 -1.255E-04  1.580E-10  1.624E-10  6.209E-14  4.343E-14  1.00E-07
  1.015E+02 5.06320E-20 -1.259E-04  1.566E-10  1.616E-10  6.153E-14  4.313E-14  1.00E-07
  1.020E+02 4.99275E-20 -1.262E-04  1.552E-10  1.607E-10  6.099E-14  4.284E-14  1.00E-07
  1.025E+02 4.92388E-20 -1.266E-04  1.539E-10  1.599E-10  6.044E-14  4.254E-14  1.00E-07
  1.030E+02 4.85654E-20 -1.269E-04  1.526E-10  1.590E-10  5.990E-14  4.224E-14  1.00E-07
  1.035E+02 4.79071E-20 -1.272E-04  1.513E-10  1.582E-10  5.937E-14  4.195E-14  1.00E-07
  1.040E+02 4.72634E-20 -1.275E-04  1.500E-10  1.574E-10  5.883E-14  4.165E-14  1.00E-07
  1.045E+02 4.66338E-20 -1.278E-04  1.487E-10  1.566E-10  5.831E-14  4.136E-14  1.00E-07
  1.050E+02 4.60181E-20 -1.281E-04  1.475E-10  1.558E-10  5.778E-14  4.106E-14  1.00E-07
  1.055E+02 4.54158E-20 -1.283E-04  1.462E-10  1.550E-10  5.726E-14  4.077E-14  1.00E-07
  1.060E+02 4.48267E-20 -1.286E-04  1.450E-10  1.542E-10  5.674E-14  4.048E-14  1.00E-07
  1.065E+02 4.42503E-20 -1.288E-04  1.439E-10  1.535E-10  5.623E-14  4.018E-14  1.00E-07
  1.070E+02 4.36864E-20 -1.290E-04  1.427E-10  1.527E-10  5.571E-14  3.989E-14  1.00E-07
  1.075E+02 4.31347E-20 -1.292E-04  1.415E-10  1.520E-10  5.521E-14  3.960E-14  1.00E-07
  1.080E+02 4.25947E-20 -1.293E-04  1.404E-10  1.512E-10  5.470E-14  3.930E-14  1.00E-07
  1.085E+02 4.20663E-20 -1.295E-04  1.393E-10  1.505E-10  5.420E-14  3.901E-14  1.00E-07
  1.090E+02 4.15492E-20 -1.296E-04  1.382E-10  1.498E-10  5.370E-14  3.872E-14  1.00E-07
  1.095E+02 4.10429E-20 -1.297E-04  1.372E-10  1.491E-10  5.320E-14  3.843E-14  1.00E-07
  1.100E+02 4.05474E-20 -1.299E-04  1.361E-10  1.484E-10  5.271E-14  3.814E-14  1.00E-07
  1.105E+02 4.00623E-20 -1.299E-04  1.351E-10  1.477E-10  5.222E-14  3.784E-14  1.00E-07
  1.110E+02 3.95874E-20 -1.300E-04  1.340E-10  1.470E-10  5.174E-14  3.755E-14  1.00E-07
  1.115E+02 3.91223E-20 -1.301E-04  1.330E-10  1.464E-10  5.125E-14  3.726E-14  1.00E-07
  1.120E+02 3.86670E-20 -1.301E-04  1.320E-10  1.457E-10  5.077E-14  3.697E-14  1.00E-07
  1.125E+02 3.82211E-20 -1.301E-04  1.311E-10  1.451E-10  5.029E-14  3.668E-14  1.00E-07
  1.130E+02 3.77844E-20 -1.301E-04  1.301E-10  1.444E-10  4.982E-14  3.639E-14  1.00E-07
  1.135E+02 3.73567E-20 -1.301E-04  1.292E-10  1.438E-10  4.935E-14  3.611E-14  1.00E-07
  1.140E+02 3.69377E-20 -1.301E-04  1.283E-10  1.431E-10  4.888E-14  3.582E-14  1.00E-07
  1.145E+02 3.65274E-20 -1.300E-04  1.273E-10  1.425E-10  4.841E-14  3.553E-14  1.00E-07
  1.150E+02 3.61254E-20 -1.300E-04  1.264E-10  1.419E-10  4.794E-14  3.524E-14  1.00E-07
  1.155E+02 3.57316E-20 -1.299E-04  1.256E-10  1.413E-10  4.748E-14  3.495E-14  1.00E-07
  1.160E+02 3.53457E-20 -1.298E-04  1.247E-10  1.407E-10  4.702E-14  3.467E-14  1.00E-07
  1.165E+02 3.49677E-20 -1.297E-04  1.238E-10  1.401E-10  4.657E-14  3.438E-14  1.00E-07
  1.170E+02 3.45973E-20 -1.295E-04  1.230E-10  1.395E-10  4.611E-14  3.409E-14  1.00E-07
  1.175E+02 3.42343E-20 -1.294E-04  1.222E-10  1.390E-10  4.566E-14  3.381E-14  1.00E-07
  1.180E+02 3.38786E-20 -1.292E-04  1.214E-10  1.384E-10  4.521E-14  3.352E-14  1.00E-07
  1.185E+02 3.35300E-20 -1.290E-04  1.205E-10  1.378E-10  4.476E-14  3.323E-14  1.00E-07
  1.190E+02 3.31883E-20 -1.288E-04  1.198E-10  1.373E-10  4.432E-14  3.295E-14  1.00E-07
  1.195E+02 3.28535E-20 -1.286E-04  1.190E-10  1.367E-10  4.388E-14  3.266E-14  1.00E-07
  1.200E+02 3.25253E-20 -1.284E-04  1.182E-10  1.362E-10  4.344E-14  3.238E-14  1.00E-07
  1.205E+02 3.22035E-20 -1.281E-04  1.175E-10  1.357E-10  4.300E-14  3.209E-14  1.00E-07
  1.210E+02 3.18882E-20 -1.279E-04  1.167E-10  1.351E-10  4.256E-14  3.181E-14  1.00E-07
  1.215E+02 3.15790E-20 -1.276E-04  1.160E-10  1.346E-10  4.213E-14  3.153E-14  1.00E-07
  1.220E+02 3.12759E-20 -1.273E-04  1.153E-10  1.341E-10  4.170E-14  3.124E-14  1.00E-07
  1.225E+02 3.09788E-20 -1.270E-04  1.146E-10  1.336E-10  4.127E-14  3.096E-14  1.00E-07
  1.230E+02 3.06874E-20 -1.266E-04  1.139E-10  1.331E-10  4.084E-14  3.068E-14  1.00E-07
  1.235E+02 3.04018E-20 -1.263E-04  1.132E-10  1.326E-10  4.041E-14  3.040E-14  1.00E-07
  1.240E+02 3.01217E-20 -1.259E-04  1.125E-10  1.321E-10  3.999E-14  3.011E-14  1.00E-07
  1.245E+02 2.98471E-20 -1.255E-04  1.119E-10  1.317E-10  3.957E-14  2.983E-14  1.00E-07
  1.250E+02 2.95778E-20 -1.251E-04  1.112E-10  1.312E-10  3.915E-14  2.955E-14  1.00E-07
  1.255E+02 2.93138E-20 -1.247E-04  1.106E-10  1.307E-10  3.873E-14  2.927E-14  1.00E-07
  1.260E+02 2.90548E-20 -1.242E-04  1.099E-10  1.303E-10  3.832E-14  2.899E-14  1.00E-07
  1.265E+02 2.88009E-20 -1.238E-04  1.093E-10  1.298E-10  3.790E-14  2.871E-14  1.00E-07
  1.270E+02 2.85519E-20 -1.233E-04  1.087E-10  1.294E-10  3.749E-14  2.843E-14  1.00E-07
  1.275E+02 2.83077E-20 -1.228E-04  1.081E-10  1.289E-10  3.708E-14  2.815E-14  1.00E-07
  1.280E+02 2.80682E-20 -1.223E-04  1.075E-10  1.285E-10  3.667E-14  2.787E-14  1.00E-07
  1.285E+02 2.78333E-20 -1.218E-04  1.069E-10  1.281E-10  3.627E-14  2.759E-14  1.00E-07
  1.290E+02 2.76029E-20 -1.213E-04  1.063E-10  1.276E-10  3.586E-14  2.731E-14  1.00E-07
  1.295E+02 2.73770E-20 -1.207E-04  1.058E-10  1.272E-10  3.546E-14  2.703E-14  1.00E-07
  1.300E+02 2.71554E-20 -1.201E-04  1.052E-10  1.268E-10  3.506E-14  2.676E-14  1.00E-07
  1.305E+02 2.69381E-20 -1.195E-04  1.047E-10  1.264E-10  3.466E-14  2.648E-14  1.00E-07
  1.310E+02 2.67249E-20 -1.189E-04  1.041E-10  1.260E-10  3.426E-14  2.620E-14  1.00E-07
  1.315E+02 2.65159E-20 -1.183E-04  1.036E-10  1.256E-10  3.387E-14  2.592E-14  1.00E-07
  1.320E+02 2.63109E-20 -1.177E-04  1.031E-10  1.252E-10  3.347E-14  2.565E-14  1.00E-07
  1.325E+02 2.61098E-20 -1.170E-04  1.026E-10  1.249E-10  3.308E-14  2.537E-14  1.00E-07
  1.330E+02 2.59125E-20 -1.163E-04  1.021E-10  1.245E-10  3.269E-14  2.509E-14  1.00E-07
  1.335E+02 2.57191E-20 -1.157E-04  1.016E-10  1.241E-10  3.230E-14  2.482E-14  1.00E-07
  1.340E+02 2.55294E-20 -1.150E-04  1.011E-10  1.237E-10  3.191E-14  2.454E-14  1.00E-07
  1.345E+02 2.53433E-20 -1.142E-04  1.006E-10  1.234E-10  3.152E-14  2.426E-14  1.00E-07
  1.350E+02 2.51608E-20 -1.135E-04  1.001E-10  1.230E-10  3.113E-14  2.399E-14  1.00E-07
  1.355E+02 2.49819E-20 -1.127E-04  9.967E-11  1.227E-10  3.075E-14  2.371E-14  1.00E-07
  1.360E+02 2.48064E-20 -1.120E-04  9.922E-11  1.223E-10  3.037E-14  2.344E-14  1.00E-07
  1.365E+02 2.46343E-20 -1.112E-04  9.877E-11  1.220E-10  2.999E-14  2.317E-14  1.00E-07
  1.370E+02 2.44655E-20 -1.104E-04  9.832E-11  1.216E-10  2.960E-14  2.289E-14  1.00E-07
  1.375E+02 2.43000E-20 -1.096E-04  9.789E-11  1.213E-10  2.923E-14  2.262E-14  1.00E-07
  1.380E+02 2.41377E-20 -1.088E-04  9.746E-11  1.210E-10  2.885E-14  2.234E-14  1.00E-07
  1.385E+02 2.39786E-20 -1.079E-04  9.704E-11  1.207E-10  2.847E-14  2.207E-14  1.00E-07
  1.390E+02 2.38225E-20 -1.071E-04  9.663E-11  1.204E-10  2.810E-14  2.180E-14  1.00E-07
  1.395E+02 2.36696E-20 -1.062E-04  9.623E-11  1.200E-10  2.772E-14  2.152E-14  1.00E-07
  1.400E+02 2.35196E-20 -1.053E-04  9.583E-11  1.197E-10  2.735E-14  2.125E-14  1.00E-07
  1.405E+02 2.33725E-20 -1.044E-04  9.544E-11  1.194E-10  2.698E-14  2.098E-14  1.00E-07
  1.410E+02 2.32284E-20 -1.035E-04  9.505E-11  1.191E-10  2.661E-14  2.071E-14  1.00E-07
  1.415E+02 2.30871E-20 -1.026E-04  9.467E-11  1.188E-10  2.624E-14  2.044E-14  1.00E-07
  1.420E+02 2.29486E-20 -1.016E-04  9.430E-11  1.186E-10  2.587E-14  2.016E-14  1.00E-07
  1.425E+02 2.28129E-20 -1.006E-04  9.394E-11  1.183E-10  2.551E-14  1.989E-14  1.00E-07
  1.430E+02 2.26799E-20 -9.967E-05  9.358E-11  1.180E-10  2.514E-14  1.962E-14  1.00E-07
  1.435E+02 2.25496E-20 -9.869E-05  9.322E-11  1.177E-10  2.478E-14  1.935E-14  1.00E-07
  1.440E+02 2.24218E-20 -9.769E-05  9.288E-11  1.175E-10  2.441E-14  1.908E-14  1.00E-07
  1.445E+02 2.22967E-20 -9.667E-05  9.254E-11  1.172E-10  2.405E-14  1.881E-14  1.00E-07
  1.450E+02 2.21741E-20 -9.564E-05  9.220E-11  1.169E-10  2.369E-14  1.854E-14  1.00E-07
  1.455E+02 2.20540E-20 -9.460E-05  9.188E-11  1.167E-10  2.333E-14  1.827E-14  1.00E-07
  1.460E+02 2.19364E-20 -9.354E-05  9.156E-11  1.164E-10  2.297E-14  1.800E-14  1.00E-07
  1.465E+02 2.18212E-20 -9.248E-05  9.124E-11  1.162E-10  2.261E-14  1.773E-14  1.00E-07
  1.470E+02 2.17084E-20 -9.139E-05  9.093E-11  1.159E-10  2.225E-14  1.746E-14  1.00E-07
  1.475E+02 2.15980E-20 -9.030E-05  9.063E-11  1.157E-10  2.190E-14  1.719E-14  1.00E-07
  1.480E+02 2.14899E-20 -8.919E-05  9.033E-11  1.155E-10  2.154E-14  1.692E-14  1.00E-07
  1.485E+02 2.13841E-20 -8.807E-05  9.004E-11  1.152E-10  2.119E-14  1.665E-14  1.00E-07
  1.490E+02 2.12805E-20 -8.694E-05  8.975E-11  1.150E-10  2.083E-14  1.639E-14  1.01E-07
  1.495E+02 2.11792E-20 -8.580E-05  8.947E-11  1.148E-10  2.048E-14  1.612E-14  1.07E-07
  1.500E+02 2.10801E-20 -8.464E-05  8.919E-11  1.146E-10  2.013E-14  1.585E-14  1.00E-07
  1.505E+02 2.09831E-20 -8.347E-05  8.892E-11  1.143E-10  1.978E-14  1.558E-14  1.00E-07
  1.510E+02 2.08882E-20 -8.229E-05  8.866E-11  1.141E-10  1.942E-14  1.531E-14  1.00E-07
  1.515E+02 2.07955E-20 -8.110E-05  8.840E-11  1.139E-10  1.908E-14  1.505E-14  1.00E-07
  1.520E+02 2.07049E-20 -7.990E-05  8.815E-11  1.137E-10  1.873E-14  1.478E-14  1.00E-07
  1.525E+02 2.06163E-20 -7.868E-05  8.790E-11  1.135E-10  1.838E-14  1.451E-14  1.00E-07
  1.530E+02 2.05297E-20 -7.746E-05  8.766E-11  1.133E-10  1.803E-14  1.424E-14  1.15E-07
  1.535E+02 2.04451E-20 -7.622E-05  8.742E-11  1.132E-10  1.768E-14  1.398E-14  1.10E-07
  1.540E+02 2.03625E-20 -7.497E-05  8.718E-11  1.130E-10  1.734E-14  1.371E-14  1.00E-07
  1.545E+02 2.02818E-20 -7.372E-05  8.696E-11  1.128E-10  1.699E-14  1.344E-14  1.00E-07
  1.550E+02 2.02031E-20 -7.245E-05  8.673E-11  1.126E-10  1.665E-14  1.318E-14  1.00E-07
  1.555E+02 2.01263E-20 -7.117E-05  8.652E-11  1.124E-10  1.631E-14  1.291E-14  1.00E-07
  1.560E+02 2.00514E-20 -6.988E-05  8.630E-11  1.123E-10  1.596E-14  1.265E-14  1.00E-07
  1.565E+02 1.99783E-20 -6.858E-05  8.610E-11  1.121E-10  1.562E-14  1.238E-14  1.21E-07
  1.570E+02 1.99070E-20 -6.727E-05  8.590E-11  1.119E-10  1.528E-14  1.211E-14  1.25E-07
  1.575E+02 1.98376E-20 -6.596E-05  8.570E-11  1.118E-10  1.494E-14  1.185E-14  1.06E-07
  1.580E+02 1.97700E-20 -6.463E-05  8.550E-11  1.116E-10  1.460E-14  1.158E-14  1.00E-07
  1.585E+02 1.97041E-20 -6.329E-05  8.532E-11  1.115E-10  1.426E-14  1.132E-14  1.00E-07
  1.590E+02 1.96400E-20 -6.195E-05  8.513E-11  1.113E-10  1.392E-14  1.105E-14  1.00E-07
  1.595E+02 1.95777E-20 -6.059E-05  8.496E-11  1.112E-10  1.358E-14  1.079E-14  1.00E-07
  1.600E+02 1.95171E-20 -5.923E-05  8.478E-11  1.110E-10  1.324E-14  1.052E-14  1.24E-07
  1.605E+02 1.94582E-20 -5.786E-05  8.461E-11  1.109E-10  1.290E-14  1.026E-14  1.38E-07
  1.610E+02 1.94009E-20 -5.648E-05  8.445E-11  1.108E-10  1.257E-14  9.993E-15  1.28E-07
  1.615E+02 1.93454E-20 -5.509E-05  8.429E-11  1.106E-10  1.223E-14  9.729E-15  1.00E-07
  1.620E+02 1.92915E-20 -5.370E-05  8.413E-11  1.105E-10  1.189E-14  9.465E-15  1.00E-07
  1.625E+02 1.92392E-20 -5.230E-05  8.398E-11  1.104E-10  1.156E-14  9.200E-15  1.00E-07
  1.630E+02 1.91886E-20 -5.089E-05  8.384E-11  1.103E-10  1.122E-14  8.936E-15  1.00E-07
  1.635E+02 1.91396E-20 -4.947E-05  8.370E-11  1.102E-10  1.089E-14  8.672E-15  1.24E-07
  1.640E+02 1.90922E-20 -4.805E-05  8.356E-11  1.100E-10  1.055E-14  8.408E-15  1.51E-07
  1.645E+02 1.90464E-20 -4.661E-05  8.343E-11  1.099E-10  1.022E-14  8.144E-15  1.52E-07
  1.650E+02 1.90022E-20 -4.518E-05  8.330E-11  1.098E-10  9.885E-15  7.881E-15  1.25E-07
  1.655E+02 1.89595E-20 -4.373E-05  8.317E-11  1.097E-10  9.551E-15  7.617E-15  1.00E-07
  1.660E+02 1.89184E-20 -4.228E-05  8.305E-11  1.096E-10  9.219E-15  7.354E-15  1.00E-07
  1.665E+02 1.88788E-20 -4.083E-05  8.294E-11  1.095E-10  8.886E-15  7.090E-15  1.00E-07
  1.670E+02 1.88407E-20 -3.936E-05  8.283E-11  1.095E-10  8.554E-15  6.827E-15  1.21E-07
  1.675E+02 1.88042E-20 -3.790E-05  8.272E-11  1.094E-10  8.222E-15  6.564E-15  1.64E-07
  1.680E+02 1.87692E-20 -3.642E-05  8.262E-11  1.093E-10  7.891E-15  6.300E-15  1.78E-07
  1.685E+02 1.87357E-20 -3.494E-05  8.252E-11  1.092E-10  7.560E-15  6.037E-15  1.61E-07
  1.690E+02 1.87036E-20 -3.346E-05  8.243E-11  1.091E-10  7.229E-15  5.774E-15  1.14E-07
  1.695E+02 1.86731E-20 -3.197E-05  8.234E-11  1.091E-10  6.898E-15  5.511E-15  1.00E-07
  1.700E+02 1.86440E-20 -3.048E-05  8.226E-11  1.090E-10  6.568E-15  5.248E-15  1.00E-07
  1.705E+02 1.86164E-20 -2.898E-05  8.218E-11  1.089E-10  6.238E-15  4.986E-15  1.16E-07
  1.710E+02 1.85903E-20 -2.748E-05  8.210E-11  1.089E-10  5.908E-15  4.723E-15  1.78E-07
  1.715E+02 1.85656E-20 -2.598E-05  8.203E-11  1.088E-10  5.579E-15  4.460E-15  2.11E-07
  1.720E+02 1.85423E-20 -2.447E-05  8.196E-11  1.087E-10  5.250E-15  4.197E-15  2.08E-07
  1.725E+02 1.85205E-20 -2.295E-05  8.190E-11  1.087E-10  4.921E-15  3.935E-15  1.67E-07
  1.730E+02 1.85002E-20 -2.144E-05  8.184E-11  1.086E-10  4.592E-15  3.672E-15  1.00E-07
  1.735E+02 1.84812E-20 -1.992E-05  8.178E-11  1.086E-10  4.263E-15  3.410E-15  1.00E-07
  1.740E+02 1.84637E-20 -1.840E-05  8.173E-11  1.086E-10  3.934E-15  3.147E-15  1.09E-07
  1.745E+02 1.84476E-20 -1.688E-05  8.168E-11  1.085E-10  3.606E-15  2.885E-15  2.02E-07
  1.750E+02 1.84329E-20 -1.535E-05  8.164E-11  1.085E-10  3.278E-15  2.623E-15  2.67E-07
  1.755E+02 1.84196E-20 -1.382E-05  8.160E-11  1.084E-10  2.950E-15  2.360E-15  2.89E-07
  1.760E+02 1.84078E-20 -1.229E-05  8.157E-11  1.084E-10  2.622E-15  2.098E-15  2.60E-07
  1.765E+02 1.83973E-20 -1.076E-05  8.153E-11  1.084E-10  2.294E-15  1.836E-15  1.77E-07
  1.770E+02 1.83882E-20 -9.223E-06  8.151E-11  1.084E-10  1.966E-15  1.573E-15  1.00E-07
  1.775E+02 1.83806E-20 -7.688E-06  8.149E-11  1.084E-10  1.638E-15  1.311E-15  1.13E-07
  1.780E+02 1.83743E-20 -6.152E-06  8.147E-11  1.083E-10  1.310E-15  1.049E-15  2.89E-07
  1.785E+02 1.83694E-20 -4.615E-06  8.145E-11  1.083E-10  9.827E-16  7.866E-16  4.57E-07
  1.790E+02 1.83659E-20 -3.077E-06  8.144E-11  1.083E-10  6.551E-16  5.244E-16  5.95E-07
  1.795E+02 1.83639E-20 -1.538E-06  8.144E-11  1.083E-10  3.276E-16  2.622E-16  6.86E-07
  1.800E+02 1.83632E-20 -2.159E-20  8.143E-11  1.083E-10  4.597E-30  3.680E-30  7.18E-07

  TOTAL ELASTIC CROSS SECTION = 1.075171E-17 cm**2
               FROM DCS TABLE = 1.075139E-17  (REL. DIF. = 3.01E-05)

  1ST TRANSPORT CROSS SECTION = 1.464636E-18 cm**2
               FROM DCS TABLE = 1.464614E-18  (REL. DIF. = 1.45E-05)

  2ND TRANSPORT CROSS SECTION = 3.115855E-18 cm**2

  **** DPWA0 ENDED ************************************************************

