

  **** PARTIAL WAVE ANALYSIS (DPWA0) ******************************************


  KINETIC ENERGY = 1.26000E+02 eV

      L       PHASE(SPIN UP)     PHASE(SPIN DOWN)
  -----------------------------------------------
       0      2.50708700E-01      0.00000000E+00
       1     -1.37573465E+00     -1.37377156E+00
       2      7.09975774E-01      7.10286207E-01
       3      2.78503834E-01      2.78586389E-01
       4      1.15552678E-01      1.15581680E-01
       5      5.01383842E-02      5.01499610E-02
       6      2.24207595E-02      2.24256897E-02
       7      1.02384915E-02      1.02406714E-02
       8      4.74760717E-03      4.74859481E-03
       9      2.22721741E-03      2.22767266E-03
      10      1.05433424E-03      1.05454681E-03
      11      5.02684502E-04      5.02784751E-04
      12      2.41036401E-04      2.41084052E-04
      13      1.16103791E-04      1.16126584E-04
      14      5.61302273E-05      5.61411840E-05
      15      2.72159595E-05      2.72212479E-05
      16      1.32275545E-05      1.32301153E-05
      17      6.44120237E-06      6.44244564E-06
      18      3.14143339E-06      3.14203827E-06
      19      1.53403721E-06      1.53433200E-06
      20      7.49876502E-07      7.50020374E-07
      21      3.66866502E-07      3.66936792E-07
      22      1.79607903E-07      1.79642282E-07
      23      8.79809822E-08      8.79978075E-08
      24      4.31176571E-08      4.31258969E-08
      25      2.11392942E-08      2.11433262E-08
      26      1.03672908E-08      1.03692670E-08
      27      5.08571476E-09      5.08668648E-09
      28      2.49539133E-09      2.49586289E-09
      29      1.22463109E-09      1.22486478E-09
      30      6.01094361E-10      6.01210834E-10
      31      2.95047867E-10      2.95100180E-10


  *** SCATTERING AMPLITUDES AND DIFFERENTIAL CROSS SECTION ***

    ANGLE      DCS       ASYMMETRY    DIRECT AMPLITUDE       SPIN-FLIP AMPLITUDE     ERROR
    (deg)   (cm**2/sr)                      (cm)                    (cm)
  -------------------------------------------------------------------------------------------
  0.000E+00 2.15942E-16  0.000E+00  1.076E-08  1.001E-08  0.000E+00  0.000E+00  1.00E-07
  1.000E-04 2.15942E-16  3.133E-10  1.076E-08  1.001E-08 -1.675E-18  1.586E-18  1.00E-07
  1.250E-04 2.15942E-16  3.916E-10  1.076E-08  1.001E-08 -2.093E-18  1.983E-18  1.00E-07
  1.500E-04 2.15942E-16  4.700E-10  1.076E-08  1.001E-08 -2.512E-18  2.379E-18  1.00E-07
  1.750E-04 2.15942E-16  5.483E-10  1.076E-08  1.001E-08 -2.930E-18  2.776E-18  1.00E-07
  2.000E-04 2.15942E-16  6.266E-10  1.076E-08  1.001E-08 -3.349E-18  3.173E-18  1.00E-07
  2.250E-04 2.15942E-16  7.050E-10  1.076E-08  1.001E-08 -3.768E-18  3.569E-18  1.00E-07
  2.500E-04 2.15942E-16  7.833E-10  1.076E-08  1.001E-08 -4.186E-18  3.966E-18  1.00E-07
  2.750E-04 2.15942E-16  8.616E-10  1.076E-08  1.001E-08 -4.605E-18  4.362E-18  1.00E-07
  3.000E-04 2.15942E-16  9.399E-10  1.076E-08  1.001E-08 -5.024E-18  4.759E-18  1.00E-07
  3.250E-04 2.15942E-16  1.018E-09  1.076E-08  1.001E-08 -5.442E-18  5.155E-18  1.00E-07
  3.500E-04 2.15942E-16  1.097E-09  1.076E-08  1.001E-08 -5.861E-18  5.552E-18  1.00E-07
  3.750E-04 2.15942E-16  1.175E-09  1.076E-08  1.001E-08 -6.280E-18  5.949E-18  1.00E-07
  4.000E-04 2.15942E-16  1.253E-09  1.076E-08  1.001E-08 -6.698E-18  6.345E-18  1.00E-07
  4.250E-04 2.15942E-16  1.332E-09  1.076E-08  1.001E-08 -7.117E-18  6.742E-18  1.00E-07
  4.500E-04 2.15942E-16  1.410E-09  1.076E-08  1.001E-08 -7.536E-18  7.138E-18  1.00E-07
  4.750E-04 2.15942E-16  1.488E-09  1.076E-08  1.001E-08 -7.954E-18  7.535E-18  1.00E-07
  5.000E-04 2.15942E-16  1.567E-09  1.076E-08  1.001E-08 -8.373E-18  7.932E-18  1.00E-07
  5.250E-04 2.15942E-16  1.645E-09  1.076E-08  1.001E-08 -8.791E-18  8.328E-18  1.00E-07
  5.500E-04 2.15942E-16  1.723E-09  1.076E-08  1.001E-08 -9.210E-18  8.725E-18  1.00E-07
  5.750E-04 2.15942E-16  1.802E-09  1.076E-08  1.001E-08 -9.629E-18  9.121E-18  1.00E-07
  6.000E-04 2.15942E-16  1.880E-09  1.076E-08  1.001E-08 -1.005E-17  9.518E-18  1.00E-07
  6.250E-04 2.15942E-16  1.958E-09  1.076E-08  1.001E-08 -1.047E-17  9.914E-18  1.00E-07
  6.500E-04 2.15942E-16  2.037E-09  1.076E-08  1.001E-08 -1.088E-17  1.031E-17  1.00E-07
  6.750E-04 2.15942E-16  2.115E-09  1.076E-08  1.001E-08 -1.130E-17  1.071E-17  1.00E-07
  7.000E-04 2.15942E-16  2.193E-09  1.076E-08  1.001E-08 -1.172E-17  1.110E-17  1.00E-07
  7.250E-04 2.15942E-16  2.272E-09  1.076E-08  1.001E-08 -1.214E-17  1.150E-17  1.00E-07
  7.500E-04 2.15942E-16  2.350E-09  1.076E-08  1.001E-08 -1.256E-17  1.190E-17  1.00E-07
  7.750E-04 2.15942E-16  2.428E-09  1.076E-08  1.001E-08 -1.298E-17  1.229E-17  1.00E-07
  8.000E-04 2.15942E-16  2.507E-09  1.076E-08  1.001E-08 -1.340E-17  1.269E-17  1.00E-07
  8.250E-04 2.15942E-16  2.585E-09  1.076E-08  1.001E-08 -1.382E-17  1.309E-17  1.00E-07
  8.500E-04 2.15942E-16  2.663E-09  1.076E-08  1.001E-08 -1.423E-17  1.348E-17  1.00E-07
  8.750E-04 2.15942E-16  2.741E-09  1.076E-08  1.001E-08 -1.465E-17  1.388E-17  1.00E-07
  9.000E-04 2.15942E-16  2.820E-09  1.076E-08  1.001E-08 -1.507E-17  1.428E-17  1.00E-07
  9.250E-04 2.15942E-16  2.898E-09  1.076E-08  1.001E-08 -1.549E-17  1.467E-17  1.00E-07
  9.500E-04 2.15942E-16  2.976E-09  1.076E-08  1.001E-08 -1.591E-17  1.507E-17  1.00E-07
  9.750E-04 2.15942E-16  3.055E-09  1.076E-08  1.001E-08 -1.633E-17  1.547E-17  1.00E-07
  1.000E-03 2.15942E-16  3.133E-09  1.076E-08  1.001E-08 -1.675E-17  1.586E-17  1.00E-07
  1.250E-03 2.15942E-16  3.916E-09  1.076E-08  1.001E-08 -2.093E-17  1.983E-17  1.00E-07
  1.500E-03 2.15942E-16  4.700E-09  1.076E-08  1.001E-08 -2.512E-17  2.379E-17  1.00E-07
  1.750E-03 2.15942E-16  5.483E-09  1.076E-08  1.001E-08 -2.930E-17  2.776E-17  1.00E-07
  2.000E-03 2.15942E-16  6.266E-09  1.076E-08  1.001E-08 -3.349E-17  3.173E-17  1.00E-07
  2.250E-03 2.15942E-16  7.050E-09  1.076E-08  1.001E-08 -3.768E-17  3.569E-17  1.00E-07
  2.500E-03 2.15942E-16  7.833E-09  1.076E-08  1.001E-08 -4.186E-17  3.966E-17  1.00E-07
  2.750E-03 2.15942E-16  8.616E-09  1.076E-08  1.001E-08 -4.605E-17  4.362E-17  1.00E-07
  3.000E-03 2.15942E-16  9.399E-09  1.076E-08  1.001E-08 -5.024E-17  4.759E-17  1.00E-07
  3.250E-03 2.15942E-16  1.018E-08  1.076E-08  1.001E-08 -5.442E-17  5.155E-17  1.00E-07
  3.500E-03 2.15942E-16  1.097E-08  1.076E-08  1.001E-08 -5.861E-17  5.552E-17  1.00E-07
  3.750E-03 2.15942E-16  1.175E-08  1.076E-08  1.001E-08 -6.280E-17  5.949E-17  1.00E-07
  4.000E-03 2.15942E-16  1.253E-08  1.076E-08  1.001E-08 -6.698E-17  6.345E-17  1.00E-07
  4.250E-03 2.15942E-16  1.332E-08  1.076E-08  1.001E-08 -7.117E-17  6.742E-17  1.00E-07
  4.500E-03 2.15942E-16  1.410E-08  1.076E-08  1.001E-08 -7.536E-17  7.138E-17  1.00E-07
  4.750E-03 2.15942E-16  1.488E-08  1.076E-08  1.001E-08 -7.954E-17  7.535E-17  1.00E-07
  5.000E-03 2.15942E-16  1.567E-08  1.076E-08  1.001E-08 -8.373E-17  7.932E-17  1.00E-07
  5.250E-03 2.15942E-16  1.645E-08  1.076E-08  1.001E-08 -8.791E-17  8.328E-17  1.00E-07
  5.500E-03 2.15942E-16  1.723E-08  1.076E-08  1.001E-08 -9.210E-17  8.725E-17  1.00E-07
  5.750E-03 2.15942E-16  1.802E-08  1.076E-08  1.001E-08 -9.629E-17  9.121E-17  1.00E-07
  6.000E-03 2.15942E-16  1.880E-08  1.076E-08  1.001E-08 -1.005E-16  9.518E-17  1.00E-07
  6.250E-03 2.15942E-16  1.958E-08  1.076E-08  1.001E-08 -1.047E-16  9.914E-17  1.00E-07
  6.500E-03 2.15942E-16  2.037E-08  1.076E-08  1.001E-08 -1.088E-16  1.031E-16  1.00E-07
  6.750E-03 2.15942E-16  2.115E-08  1.076E-08  1.001E-08 -1.130E-16  1.071E-16  1.00E-07
  7.000E-03 2.15942E-16  2.193E-08  1.076E-08  1.001E-08 -1.172E-16  1.110E-16  1.00E-07
  7.250E-03 2.15942E-16  2.272E-08  1.076E-08  1.001E-08 -1.214E-16  1.150E-16  1.00E-07
  7.500E-03 2.15942E-16  2.350E-08  1.076E-08  1.001E-08 -1.256E-16  1.190E-16  1.00E-07
  7.750E-03 2.15942E-16  2.428E-08  1.076E-08  1.001E-08 -1.298E-16  1.229E-16  1.00E-07
  8.000E-03 2.15942E-16  2.507E-08  1.076E-08  1.001E-08 -1.340E-16  1.269E-16  1.00E-07
  8.250E-03 2.15942E-16  2.585E-08  1.076E-08  1.001E-08 -1.382E-16  1.309E-16  1.00E-07
  8.500E-03 2.15942E-16  2.663E-08  1.076E-08  1.001E-08 -1.423E-16  1.348E-16  1.00E-07
  8.750E-03 2.15942E-16  2.741E-08  1.076E-08  1.001E-08 -1.465E-16  1.388E-16  1.00E-07
  9.000E-03 2.15942E-16  2.820E-08  1.076E-08  1.001E-08 -1.507E-16  1.428E-16  1.00E-07
  9.250E-03 2.15942E-16  2.898E-08  1.076E-08  1.001E-08 -1.549E-16  1.467E-16  1.00E-07
  9.500E-03 2.15942E-16  2.976E-08  1.076E-08  1.001E-08 -1.591E-16  1.507E-16  1.00E-07
  9.750E-03 2.15942E-16  3.055E-08  1.076E-08  1.001E-08 -1.633E-16  1.547E-16  1.00E-07
  1.000E-02 2.15942E-16  3.133E-08  1.076E-08  1.001E-08 -1.675E-16  1.586E-16  1.00E-07
  1.250E-02 2.15942E-16  3.916E-08  1.076E-08  1.001E-08 -2.093E-16  1.983E-16  1.00E-07
  1.500E-02 2.15941E-16  4.700E-08  1.076E-08  1.001E-08 -2.512E-16  2.379E-16  1.00E-07
  1.750E-02 2.15941E-16  5.483E-08  1.076E-08  1.001E-08 -2.930E-16  2.776E-16  1.00E-07
  2.000E-02 2.15941E-16  6.266E-08  1.076E-08  1.001E-08 -3.349E-16  3.173E-16  1.00E-07
  2.250E-02 2.15941E-16  7.050E-08  1.076E-08  1.001E-08 -3.768E-16  3.569E-16  1.00E-07
  2.500E-02 2.15941E-16  7.833E-08  1.076E-08  1.001E-08 -4.186E-16  3.966E-16  1.00E-07
  2.750E-02 2.15941E-16  8.616E-08  1.076E-08  1.001E-08 -4.605E-16  4.362E-16  1.00E-07
  3.000E-02 2.15941E-16  9.399E-08  1.076E-08  1.001E-08 -5.024E-16  4.759E-16  1.00E-07
  3.250E-02 2.15941E-16  1.018E-07  1.076E-08  1.001E-08 -5.442E-16  5.155E-16  1.00E-07
  3.500E-02 2.15941E-16  1.097E-07  1.076E-08  1.001E-08 -5.861E-16  5.552E-16  1.00E-07
  3.750E-02 2.15941E-16  1.175E-07  1.076E-08  1.001E-08 -6.280E-16  5.949E-16  1.00E-07
  4.000E-02 2.15941E-16  1.253E-07  1.076E-08  1.001E-08 -6.698E-16  6.345E-16  1.00E-07
  4.250E-02 2.15941E-16  1.332E-07  1.076E-08  1.001E-08 -7.117E-16  6.742E-16  1.00E-07
  4.500E-02 2.15941E-16  1.410E-07  1.076E-08  1.001E-08 -7.536E-16  7.138E-16  1.00E-07
  4.750E-02 2.15941E-16  1.488E-07  1.076E-08  1.001E-08 -7.954E-16  7.535E-16  1.00E-07
  5.000E-02 2.15941E-16  1.567E-07  1.076E-08  1.001E-08 -8.373E-16  7.931E-16  1.00E-07
  5.250E-02 2.15941E-16  1.645E-07  1.076E-08  1.001E-08 -8.791E-16  8.328E-16  1.00E-07
  5.500E-02 2.15940E-16  1.723E-07  1.076E-08  1.001E-08 -9.210E-16  8.725E-16  1.00E-07
  5.750E-02 2.15940E-16  1.802E-07  1.076E-08  1.001E-08 -9.629E-16  9.121E-16  1.00E-07
  6.000E-02 2.15940E-16  1.880E-07  1.076E-08  1.001E-08 -1.005E-15  9.518E-16  1.00E-07
  6.250E-02 2.15940E-16  1.958E-07  1.076E-08  1.001E-08 -1.047E-15  9.914E-16  1.00E-07
  6.500E-02 2.15940E-16  2.037E-07  1.076E-08  1.001E-08 -1.088E-15  1.031E-15  1.00E-07
  6.750E-02 2.15940E-16  2.115E-07  1.076E-08  1.001E-08 -1.130E-15  1.071E-15  1.00E-07
  7.000E-02 2.15940E-16  2.193E-07  1.076E-08  1.001E-08 -1.172E-15  1.110E-15  1.00E-07
  7.250E-02 2.15940E-16  2.272E-07  1.076E-08  1.001E-08 -1.214E-15  1.150E-15  1.00E-07
  7.500E-02 2.15939E-16  2.350E-07  1.076E-08  1.001E-08 -1.256E-15  1.190E-15  1.00E-07
  7.750E-02 2.15939E-16  2.428E-07  1.076E-08  1.001E-08 -1.298E-15  1.229E-15  1.00E-07
  8.000E-02 2.15939E-16  2.507E-07  1.076E-08  1.001E-08 -1.340E-15  1.269E-15  1.00E-07
  8.250E-02 2.15939E-16  2.585E-07  1.076E-08  1.001E-08 -1.382E-15  1.309E-15  1.00E-07
  8.500E-02 2.15939E-16  2.663E-07  1.076E-08  1.001E-08 -1.423E-15  1.348E-15  1.00E-07
  8.750E-02 2.15939E-16  2.742E-07  1.076E-08  1.001E-08 -1.465E-15  1.388E-15  1.00E-07
  9.000E-02 2.15938E-16  2.820E-07  1.076E-08  1.001E-08 -1.507E-15  1.428E-15  1.00E-07
  9.250E-02 2.15938E-16  2.898E-07  1.076E-08  1.001E-08 -1.549E-15  1.467E-15  1.00E-07
  9.500E-02 2.15938E-16  2.977E-07  1.076E-08  1.001E-08 -1.591E-15  1.507E-15  1.00E-07
  9.750E-02 2.15938E-16  3.055E-07  1.076E-08  1.001E-08 -1.633E-15  1.547E-15  1.00E-07
  1.000E-01 2.15938E-16  3.133E-07  1.076E-08  1.001E-08 -1.675E-15  1.586E-15  1.00E-07
  1.250E-01 2.15936E-16  3.917E-07  1.076E-08  1.001E-08 -2.093E-15  1.983E-15  1.00E-07
  1.500E-01 2.15933E-16  4.700E-07  1.076E-08  1.001E-08 -2.512E-15  2.379E-15  1.00E-07
  1.750E-01 2.15930E-16  5.483E-07  1.076E-08  1.001E-08 -2.931E-15  2.776E-15  1.00E-07
  2.000E-01 2.15926E-16  6.267E-07  1.076E-08  1.001E-08 -3.349E-15  3.173E-15  1.00E-07
  2.250E-01 2.15922E-16  7.050E-07  1.076E-08  1.001E-08 -3.768E-15  3.569E-15  1.00E-07
  2.500E-01 2.15917E-16  7.834E-07  1.076E-08  1.001E-08 -4.187E-15  3.966E-15  1.00E-07
  2.750E-01 2.15912E-16  8.617E-07  1.076E-08  1.001E-08 -4.606E-15  4.362E-15  1.00E-07
  3.000E-01 2.15907E-16  9.401E-07  1.075E-08  1.001E-08 -5.025E-15  4.759E-15  1.00E-07
  3.250E-01 2.15901E-16  1.018E-06  1.075E-08  1.001E-08 -5.443E-15  5.155E-15  1.00E-07
  3.500E-01 2.15894E-16  1.097E-06  1.075E-08  1.001E-08 -5.862E-15  5.552E-15  1.00E-07
  3.750E-01 2.15887E-16  1.175E-06  1.075E-08  1.001E-08 -6.281E-15  5.948E-15  1.00E-07
  4.000E-01 2.15879E-16  1.254E-06  1.075E-08  1.001E-08 -6.700E-15  6.345E-15  1.00E-07
  4.250E-01 2.15871E-16  1.332E-06  1.075E-08  1.001E-08 -7.119E-15  6.741E-15  1.00E-07
  4.500E-01 2.15863E-16  1.410E-06  1.075E-08  1.001E-08 -7.539E-15  7.137E-15  1.00E-07
  4.750E-01 2.15854E-16  1.489E-06  1.075E-08  1.001E-08 -7.958E-15  7.534E-15  1.00E-07
  5.000E-01 2.15845E-16  1.567E-06  1.075E-08  1.001E-08 -8.377E-15  7.930E-15  1.00E-07
  5.250E-01 2.15835E-16  1.646E-06  1.075E-08  1.001E-08 -8.796E-15  8.327E-15  1.00E-07
  5.500E-01 2.15824E-16  1.724E-06  1.075E-08  1.001E-08 -9.216E-15  8.723E-15  1.00E-07
  5.750E-01 2.15813E-16  1.803E-06  1.075E-08  1.001E-08 -9.635E-15  9.119E-15  1.00E-07
  6.000E-01 2.15802E-16  1.881E-06  1.075E-08  1.001E-08 -1.005E-14  9.516E-15  1.00E-07
  6.250E-01 2.15790E-16  1.959E-06  1.075E-08  1.001E-08 -1.047E-14  9.912E-15  1.00E-07
  6.500E-01 2.15778E-16  2.038E-06  1.075E-08  1.001E-08 -1.089E-14  1.031E-14  1.00E-07
  6.750E-01 2.15765E-16  2.116E-06  1.075E-08  1.001E-08 -1.131E-14  1.070E-14  1.00E-07
  7.000E-01 2.15751E-16  2.195E-06  1.075E-08  1.001E-08 -1.173E-14  1.110E-14  1.00E-07
  7.250E-01 2.15738E-16  2.273E-06  1.075E-08  1.001E-08 -1.215E-14  1.150E-14  1.00E-07
  7.500E-01 2.15723E-16  2.352E-06  1.075E-08  1.001E-08 -1.257E-14  1.189E-14  1.00E-07
  7.750E-01 2.15709E-16  2.431E-06  1.075E-08  1.001E-08 -1.299E-14  1.229E-14  1.00E-07
  8.000E-01 2.15693E-16  2.509E-06  1.075E-08  1.001E-08 -1.341E-14  1.269E-14  1.00E-07
  8.250E-01 2.15677E-16  2.588E-06  1.075E-08  1.001E-08 -1.383E-14  1.308E-14  1.00E-07
  8.500E-01 2.15661E-16  2.666E-06  1.075E-08  1.001E-08 -1.425E-14  1.348E-14  1.00E-07
  8.750E-01 2.15645E-16  2.745E-06  1.075E-08  1.001E-08 -1.468E-14  1.387E-14  1.00E-07
  9.000E-01 2.15627E-16  2.823E-06  1.074E-08  1.001E-08 -1.510E-14  1.427E-14  1.00E-07
  9.250E-01 2.15610E-16  2.902E-06  1.074E-08  1.001E-08 -1.552E-14  1.467E-14  1.00E-07
  9.500E-01 2.15591E-16  2.981E-06  1.074E-08  1.001E-08 -1.594E-14  1.506E-14  1.00E-07
  9.750E-01 2.15573E-16  3.059E-06  1.074E-08  1.001E-08 -1.636E-14  1.546E-14  1.00E-07
  1.000E+00 2.15554E-16  3.138E-06  1.074E-08  1.001E-08 -1.678E-14  1.585E-14  1.00E-07
  1.100E+00 2.15472E-16  3.453E-06  1.074E-08  1.001E-08 -1.847E-14  1.744E-14  1.00E-07
  1.200E+00 2.15383E-16  3.768E-06  1.074E-08  1.001E-08 -2.015E-14  1.902E-14  1.00E-07
  1.300E+00 2.15287E-16  4.084E-06  1.073E-08  1.001E-08 -2.184E-14  2.060E-14  1.00E-07
  1.400E+00 2.15182E-16  4.400E-06  1.073E-08  1.000E-08 -2.354E-14  2.218E-14  1.00E-07
  1.500E+00 2.15070E-16  4.717E-06  1.072E-08  1.000E-08 -2.523E-14  2.376E-14  1.00E-07
  1.600E+00 2.14950E-16  5.034E-06  1.072E-08  1.000E-08 -2.693E-14  2.534E-14  1.00E-07
  1.700E+00 2.14823E-16  5.351E-06  1.071E-08  1.000E-08 -2.863E-14  2.692E-14  1.00E-07
  1.800E+00 2.14688E-16  5.669E-06  1.071E-08  1.000E-08 -3.034E-14  2.849E-14  1.00E-07
  1.900E+00 2.14546E-16  5.987E-06  1.070E-08  9.999E-09 -3.205E-14  3.007E-14  1.00E-07
  2.000E+00 2.14396E-16  6.307E-06  1.070E-08  9.997E-09 -3.376E-14  3.164E-14  1.00E-07
  2.100E+00 2.14238E-16  6.626E-06  1.069E-08  9.996E-09 -3.548E-14  3.322E-14  1.00E-07
  2.200E+00 2.14073E-16  6.947E-06  1.069E-08  9.994E-09 -3.720E-14  3.479E-14  1.00E-07
  2.300E+00 2.13900E-16  7.268E-06  1.068E-08  9.992E-09 -3.893E-14  3.636E-14  1.00E-07
  2.400E+00 2.13720E-16  7.589E-06  1.067E-08  9.991E-09 -4.066E-14  3.793E-14  1.00E-07
  2.500E+00 2.13532E-16  7.912E-06  1.067E-08  9.989E-09 -4.239E-14  3.950E-14  1.00E-07
  2.600E+00 2.13337E-16  8.235E-06  1.066E-08  9.987E-09 -4.413E-14  4.106E-14  1.00E-07
  2.700E+00 2.13135E-16  8.559E-06  1.065E-08  9.985E-09 -4.588E-14  4.263E-14  1.00E-07
  2.800E+00 2.12925E-16  8.884E-06  1.064E-08  9.983E-09 -4.763E-14  4.419E-14  1.00E-07
  2.900E+00 2.12707E-16  9.209E-06  1.063E-08  9.981E-09 -4.939E-14  4.575E-14  1.00E-07
  3.000E+00 2.12483E-16  9.536E-06  1.063E-08  9.978E-09 -5.115E-14  4.731E-14  1.00E-07
  3.100E+00 2.12251E-16  9.863E-06  1.062E-08  9.976E-09 -5.292E-14  4.887E-14  1.00E-07
  3.200E+00 2.12012E-16  1.019E-05  1.061E-08  9.974E-09 -5.469E-14  5.042E-14  1.00E-07
  3.300E+00 2.11766E-16  1.052E-05  1.060E-08  9.971E-09 -5.647E-14  5.198E-14  1.00E-07
  3.400E+00 2.11512E-16  1.085E-05  1.059E-08  9.969E-09 -5.826E-14  5.353E-14  1.00E-07
  3.500E+00 2.11251E-16  1.118E-05  1.058E-08  9.966E-09 -6.005E-14  5.508E-14  1.00E-07
  3.600E+00 2.10984E-16  1.152E-05  1.057E-08  9.963E-09 -6.185E-14  5.662E-14  1.00E-07
  3.700E+00 2.10709E-16  1.185E-05  1.056E-08  9.961E-09 -6.366E-14  5.817E-14  1.00E-07
  3.800E+00 2.10427E-16  1.218E-05  1.055E-08  9.958E-09 -6.548E-14  5.971E-14  1.00E-07
  3.900E+00 2.10138E-16  1.252E-05  1.054E-08  9.955E-09 -6.730E-14  6.125E-14  1.00E-07
  4.000E+00 2.09842E-16  1.286E-05  1.053E-08  9.952E-09 -6.913E-14  6.279E-14  1.00E-07
  4.100E+00 2.09539E-16  1.320E-05  1.051E-08  9.949E-09 -7.097E-14  6.433E-14  1.00E-07
  4.200E+00 2.09229E-16  1.353E-05  1.050E-08  9.946E-09 -7.282E-14  6.586E-14  1.00E-07
  4.300E+00 2.08912E-16  1.388E-05  1.049E-08  9.943E-09 -7.467E-14  6.739E-14  1.00E-07
  4.400E+00 2.08589E-16  1.422E-05  1.048E-08  9.939E-09 -7.653E-14  6.892E-14  1.00E-07
  4.500E+00 2.08259E-16  1.456E-05  1.047E-08  9.936E-09 -7.841E-14  7.044E-14  1.00E-07
  4.600E+00 2.07922E-16  1.491E-05  1.045E-08  9.933E-09 -8.029E-14  7.196E-14  1.00E-07
  4.700E+00 2.07578E-16  1.525E-05  1.044E-08  9.929E-09 -8.218E-14  7.348E-14  1.00E-07
  4.800E+00 2.07228E-16  1.560E-05  1.043E-08  9.926E-09 -8.407E-14  7.500E-14  1.00E-07
  4.900E+00 2.06871E-16  1.595E-05  1.041E-08  9.922E-09 -8.598E-14  7.651E-14  1.00E-07
  5.000E+00 2.06507E-16  1.630E-05  1.040E-08  9.918E-09 -8.790E-14  7.802E-14  1.00E-07
  5.100E+00 2.06138E-16  1.665E-05  1.038E-08  9.914E-09 -8.983E-14  7.953E-14  1.00E-07
  5.200E+00 2.05761E-16  1.701E-05  1.037E-08  9.911E-09 -9.176E-14  8.104E-14  1.00E-07
  5.300E+00 2.05378E-16  1.736E-05  1.036E-08  9.907E-09 -9.371E-14  8.254E-14  1.00E-07
  5.400E+00 2.04989E-16  1.772E-05  1.034E-08  9.903E-09 -9.567E-14  8.404E-14  1.00E-07
  5.500E+00 2.04594E-16  1.808E-05  1.033E-08  9.899E-09 -9.763E-14  8.553E-14  1.00E-07
  5.600E+00 2.04192E-16  1.844E-05  1.031E-08  9.894E-09 -9.961E-14  8.702E-14  1.00E-07
  5.700E+00 2.03784E-16  1.880E-05  1.029E-08  9.890E-09 -1.016E-13  8.851E-14  1.00E-07
  5.800E+00 2.03370E-16  1.917E-05  1.028E-08  9.886E-09 -1.036E-13  8.999E-14  1.00E-07
  5.900E+00 2.02950E-16  1.953E-05  1.026E-08  9.882E-09 -1.056E-13  9.147E-14  1.00E-07
  6.000E+00 2.02524E-16  1.990E-05  1.025E-08  9.877E-09 -1.076E-13  9.295E-14  1.00E-07
  6.100E+00 2.02092E-16  2.027E-05  1.023E-08  9.873E-09 -1.097E-13  9.442E-14  1.00E-07
  6.200E+00 2.01654E-16  2.064E-05  1.021E-08  9.868E-09 -1.117E-13  9.589E-14  1.00E-07
  6.300E+00 2.01210E-16  2.102E-05  1.019E-08  9.863E-09 -1.138E-13  9.736E-14  1.00E-07
  6.400E+00 2.00760E-16  2.139E-05  1.018E-08  9.859E-09 -1.158E-13  9.882E-14  1.00E-07
  6.500E+00 2.00305E-16  2.177E-05  1.016E-08  9.854E-09 -1.179E-13  1.003E-13  1.00E-07
  6.600E+00 1.99843E-16  2.215E-05  1.014E-08  9.849E-09 -1.200E-13  1.017E-13  1.00E-07
  6.700E+00 1.99376E-16  2.254E-05  1.012E-08  9.844E-09 -1.221E-13  1.032E-13  1.00E-07
  6.800E+00 1.98904E-16  2.292E-05  1.010E-08  9.839E-09 -1.242E-13  1.046E-13  1.00E-07
  6.900E+00 1.98426E-16  2.331E-05  1.009E-08  9.834E-09 -1.263E-13  1.061E-13  1.00E-07
  7.000E+00 1.97942E-16  2.369E-05  1.007E-08  9.829E-09 -1.285E-13  1.075E-13  1.00E-07
  7.100E+00 1.97454E-16  2.409E-05  1.005E-08  9.824E-09 -1.306E-13  1.089E-13  1.00E-07
  7.200E+00 1.96959E-16  2.448E-05  1.003E-08  9.818E-09 -1.328E-13  1.104E-13  1.00E-07
  7.300E+00 1.96460E-16  2.488E-05  1.001E-08  9.813E-09 -1.350E-13  1.118E-13  1.00E-07
  7.400E+00 1.95955E-16  2.527E-05  9.989E-09  9.807E-09 -1.372E-13  1.132E-13  1.00E-07
  7.500E+00 1.95445E-16  2.567E-05  9.968E-09  9.802E-09 -1.394E-13  1.146E-13  1.00E-07
  7.600E+00 1.94930E-16  2.608E-05  9.948E-09  9.796E-09 -1.416E-13  1.160E-13  1.00E-07
  7.700E+00 1.94410E-16  2.648E-05  9.927E-09  9.791E-09 -1.438E-13  1.175E-13  1.00E-07
  7.800E+00 1.93885E-16  2.689E-05  9.907E-09  9.785E-09 -1.461E-13  1.189E-13  1.00E-07
  7.900E+00 1.93355E-16  2.730E-05  9.886E-09  9.779E-09 -1.483E-13  1.203E-13  1.00E-07
  8.000E+00 1.92820E-16  2.771E-05  9.864E-09  9.773E-09 -1.506E-13  1.216E-13  1.00E-07
  8.100E+00 1.92280E-16  2.813E-05  9.843E-09  9.767E-09 -1.529E-13  1.230E-13  1.00E-07
  8.200E+00 1.91736E-16  2.855E-05  9.821E-09  9.761E-09 -1.552E-13  1.244E-13  1.00E-07
  8.300E+00 1.91187E-16  2.897E-05  9.799E-09  9.755E-09 -1.575E-13  1.258E-13  1.00E-07
  8.400E+00 1.90633E-16  2.939E-05  9.777E-09  9.749E-09 -1.599E-13  1.272E-13  1.00E-07
  8.500E+00 1.90075E-16  2.982E-05  9.755E-09  9.743E-09 -1.622E-13  1.285E-13  1.00E-07
  8.600E+00 1.89512E-16  3.025E-05  9.732E-09  9.736E-09 -1.646E-13  1.299E-13  1.00E-07
  8.700E+00 1.88945E-16  3.068E-05  9.709E-09  9.730E-09 -1.669E-13  1.313E-13  1.00E-07
  8.800E+00 1.88373E-16  3.112E-05  9.686E-09  9.724E-09 -1.693E-13  1.326E-13  1.00E-07
  8.900E+00 1.87798E-16  3.156E-05  9.663E-09  9.717E-09 -1.717E-13  1.340E-13  1.00E-07
  9.000E+00 1.87218E-16  3.200E-05  9.640E-09  9.710E-09 -1.742E-13  1.353E-13  1.00E-07
  9.100E+00 1.86634E-16  3.244E-05  9.616E-09  9.704E-09 -1.766E-13  1.366E-13  1.00E-07
  9.200E+00 1.86046E-16  3.289E-05  9.592E-09  9.697E-09 -1.790E-13  1.380E-13  1.00E-07
  9.300E+00 1.85453E-16  3.334E-05  9.568E-09  9.690E-09 -1.815E-13  1.393E-13  1.00E-07
  9.400E+00 1.84857E-16  3.380E-05  9.544E-09  9.683E-09 -1.840E-13  1.406E-13  1.00E-07
  9.500E+00 1.84257E-16  3.425E-05  9.520E-09  9.676E-09 -1.865E-13  1.419E-13  1.00E-07
  9.600E+00 1.83653E-16  3.471E-05  9.495E-09  9.669E-09 -1.890E-13  1.432E-13  1.00E-07
  9.700E+00 1.83046E-16  3.518E-05  9.470E-09  9.662E-09 -1.915E-13  1.445E-13  1.00E-07
  9.800E+00 1.82435E-16  3.564E-05  9.445E-09  9.655E-09 -1.941E-13  1.458E-13  1.00E-07
  9.900E+00 1.81820E-16  3.611E-05  9.420E-09  9.648E-09 -1.966E-13  1.471E-13  1.00E-07
  1.000E+01 1.81201E-16  3.659E-05  9.395E-09  9.641E-09 -1.992E-13  1.484E-13  1.00E-07
  1.025E+01 1.79640E-16  3.779E-05  9.330E-09  9.622E-09 -2.057E-13  1.516E-13  1.00E-07
  1.050E+01 1.78059E-16  3.901E-05  9.265E-09  9.603E-09 -2.124E-13  1.548E-13  1.00E-07
  1.075E+01 1.76457E-16  4.026E-05  9.198E-09  9.584E-09 -2.191E-13  1.579E-13  1.00E-07
  1.100E+01 1.74837E-16  4.153E-05  9.130E-09  9.564E-09 -2.259E-13  1.609E-13  1.00E-07
  1.125E+01 1.73200E-16  4.282E-05  9.061E-09  9.544E-09 -2.328E-13  1.640E-13  1.00E-07
  1.150E+01 1.71546E-16  4.414E-05  8.992E-09  9.523E-09 -2.399E-13  1.670E-13  1.00E-07
  1.175E+01 1.69876E-16  4.548E-05  8.921E-09  9.502E-09 -2.470E-13  1.699E-13  1.00E-07
  1.200E+01 1.68192E-16  4.686E-05  8.849E-09  9.481E-09 -2.543E-13  1.728E-13  1.00E-07
  1.225E+01 1.66495E-16  4.826E-05  8.776E-09  9.459E-09 -2.617E-13  1.757E-13  1.00E-07
  1.250E+01 1.64785E-16  4.968E-05  8.702E-09  9.437E-09 -2.692E-13  1.785E-13  1.00E-07
  1.275E+01 1.63064E-16  5.114E-05  8.628E-09  9.414E-09 -2.768E-13  1.813E-13  1.00E-07
  1.300E+01 1.61333E-16  5.263E-05  8.552E-09  9.391E-09 -2.845E-13  1.840E-13  1.00E-07
  1.325E+01 1.59592E-16  5.415E-05  8.476E-09  9.368E-09 -2.923E-13  1.867E-13  1.00E-07
  1.350E+01 1.57843E-16  5.570E-05  8.398E-09  9.344E-09 -3.003E-13  1.893E-13  1.00E-07
  1.375E+01 1.56086E-16  5.728E-05  8.320E-09  9.320E-09 -3.083E-13  1.919E-13  1.00E-07
  1.400E+01 1.54323E-16  5.889E-05  8.242E-09  9.295E-09 -3.165E-13  1.945E-13  1.00E-07
  1.425E+01 1.52554E-16  6.054E-05  8.162E-09  9.270E-09 -3.248E-13  1.970E-13  1.00E-07
  1.450E+01 1.50781E-16  6.223E-05  8.082E-09  9.245E-09 -3.332E-13  1.994E-13  1.00E-07
  1.475E+01 1.49003E-16  6.395E-05  8.001E-09  9.219E-09 -3.417E-13  2.018E-13  1.00E-07
  1.500E+01 1.47223E-16  6.571E-05  7.920E-09  9.193E-09 -3.503E-13  2.041E-13  1.00E-07
  1.525E+01 1.45441E-16  6.750E-05  7.837E-09  9.166E-09 -3.591E-13  2.064E-13  1.00E-07
  1.550E+01 1.43658E-16  6.934E-05  7.755E-09  9.139E-09 -3.679E-13  2.086E-13  1.00E-07
  1.575E+01 1.41875E-16  7.121E-05  7.671E-09  9.112E-09 -3.769E-13  2.108E-13  1.00E-07
  1.600E+01 1.40092E-16  7.313E-05  7.587E-09  9.084E-09 -3.860E-13  2.130E-13  1.00E-07
  1.625E+01 1.38311E-16  7.508E-05  7.503E-09  9.056E-09 -3.952E-13  2.150E-13  1.00E-07
  1.650E+01 1.36531E-16  7.708E-05  7.418E-09  9.028E-09 -4.045E-13  2.170E-13  1.00E-07
  1.675E+01 1.34755E-16  7.913E-05  7.333E-09  8.999E-09 -4.140E-13  2.190E-13  1.00E-07
  1.700E+01 1.32982E-16  8.122E-05  7.247E-09  8.970E-09 -4.235E-13  2.209E-13  1.00E-07
  1.725E+01 1.31213E-16  8.335E-05  7.161E-09  8.940E-09 -4.332E-13  2.228E-13  1.00E-07
  1.750E+01 1.29450E-16  8.553E-05  7.075E-09  8.911E-09 -4.430E-13  2.245E-13  1.00E-07
  1.775E+01 1.27692E-16  8.776E-05  6.988E-09  8.880E-09 -4.529E-13  2.263E-13  1.00E-07
  1.800E+01 1.25941E-16  9.004E-05  6.901E-09  8.850E-09 -4.629E-13  2.279E-13  1.00E-07
  1.825E+01 1.24196E-16  9.237E-05  6.813E-09  8.819E-09 -4.731E-13  2.296E-13  1.00E-07
  1.850E+01 1.22459E-16  9.475E-05  6.725E-09  8.788E-09 -4.833E-13  2.311E-13  1.00E-07
  1.875E+01 1.20731E-16  9.718E-05  6.638E-09  8.756E-09 -4.936E-13  2.326E-13  1.00E-07
  1.900E+01 1.19011E-16  9.967E-05  6.549E-09  8.725E-09 -5.041E-13  2.340E-13  1.00E-07
  1.925E+01 1.17301E-16  1.022E-04  6.461E-09  8.692E-09 -5.147E-13  2.354E-13  1.00E-07
  1.950E+01 1.15600E-16  1.048E-04  6.372E-09  8.660E-09 -5.253E-13  2.367E-13  1.00E-07
  1.975E+01 1.13910E-16  1.075E-04  6.284E-09  8.627E-09 -5.361E-13  2.380E-13  1.00E-07
  2.000E+01 1.12231E-16  1.102E-04  6.195E-09  8.594E-09 -5.470E-13  2.391E-13  1.00E-07
  2.025E+01 1.10563E-16  1.129E-04  6.106E-09  8.560E-09 -5.580E-13  2.403E-13  1.00E-07
  2.050E+01 1.08908E-16  1.158E-04  6.017E-09  8.527E-09 -5.691E-13  2.413E-13  1.00E-07
  2.075E+01 1.07264E-16  1.187E-04  5.928E-09  8.493E-09 -5.803E-13  2.423E-13  1.00E-07
  2.100E+01 1.05633E-16  1.216E-04  5.839E-09  8.458E-09 -5.917E-13  2.432E-13  1.00E-07
  2.125E+01 1.04015E-16  1.247E-04  5.750E-09  8.424E-09 -6.031E-13  2.441E-13  1.00E-07
  2.150E+01 1.02410E-16  1.278E-04  5.660E-09  8.389E-09 -6.146E-13  2.449E-13  1.00E-07
  2.175E+01 1.00820E-16  1.309E-04  5.571E-09  8.353E-09 -6.262E-13  2.456E-13  1.00E-07
  2.200E+01 9.92429E-17  1.341E-04  5.482E-09  8.318E-09 -6.379E-13  2.463E-13  1.00E-07
  2.225E+01 9.76806E-17  1.374E-04  5.393E-09  8.282E-09 -6.497E-13  2.469E-13  1.00E-07
  2.250E+01 9.61331E-17  1.408E-04  5.305E-09  8.246E-09 -6.616E-13  2.474E-13  1.00E-07
  2.275E+01 9.46005E-17  1.442E-04  5.216E-09  8.210E-09 -6.736E-13  2.479E-13  1.00E-07
  2.300E+01 9.30832E-17  1.478E-04  5.127E-09  8.173E-09 -6.857E-13  2.483E-13  1.00E-07
  2.325E+01 9.15814E-17  1.514E-04  5.039E-09  8.136E-09 -6.979E-13  2.486E-13  1.00E-07
  2.350E+01 9.00953E-17  1.550E-04  4.950E-09  8.099E-09 -7.102E-13  2.488E-13  1.00E-07
  2.375E+01 8.86251E-17  1.588E-04  4.862E-09  8.061E-09 -7.225E-13  2.490E-13  1.00E-07
  2.400E+01 8.71711E-17  1.626E-04  4.774E-09  8.024E-09 -7.350E-13  2.491E-13  1.00E-07
  2.425E+01 8.57333E-17  1.665E-04  4.687E-09  7.986E-09 -7.475E-13  2.492E-13  1.00E-07
  2.450E+01 8.43119E-17  1.705E-04  4.599E-09  7.947E-09 -7.601E-13  2.492E-13  1.00E-07
  2.475E+01 8.29071E-17  1.746E-04  4.512E-09  7.909E-09 -7.728E-13  2.491E-13  1.00E-07
  2.500E+01 8.15190E-17  1.787E-04  4.425E-09  7.870E-09 -7.856E-13  2.489E-13  1.00E-07
  2.550E+01 7.87933E-17  1.873E-04  4.252E-09  7.792E-09 -8.114E-13  2.484E-13  1.00E-07
  2.600E+01 7.61356E-17  1.962E-04  4.080E-09  7.713E-09 -8.375E-13  2.476E-13  1.00E-07
  2.650E+01 7.35464E-17  2.055E-04  3.910E-09  7.633E-09 -8.640E-13  2.464E-13  1.00E-07
  2.700E+01 7.10260E-17  2.152E-04  3.741E-09  7.552E-09 -8.907E-13  2.450E-13  1.00E-07
  2.750E+01 6.85744E-17  2.253E-04  3.573E-09  7.470E-09 -9.176E-13  2.434E-13  1.00E-07
  2.800E+01 6.61917E-17  2.358E-04  3.408E-09  7.388E-09 -9.448E-13  2.414E-13  1.00E-07
  2.850E+01 6.38776E-17  2.467E-04  3.244E-09  7.305E-09 -9.723E-13  2.391E-13  1.00E-07
  2.900E+01 6.16317E-17  2.580E-04  3.082E-09  7.221E-09 -1.000E-12  2.366E-13  1.00E-07
  2.950E+01 5.94535E-17  2.697E-04  2.921E-09  7.136E-09 -1.028E-12  2.337E-13  1.00E-07
  3.000E+01 5.73424E-17  2.819E-04  2.763E-09  7.050E-09 -1.056E-12  2.305E-13  1.00E-07
  3.050E+01 5.52976E-17  2.945E-04  2.607E-09  6.964E-09 -1.084E-12  2.271E-13  1.00E-07
  3.100E+01 5.33182E-17  3.076E-04  2.453E-09  6.877E-09 -1.113E-12  2.234E-13  1.00E-07
  3.150E+01 5.14033E-17  3.212E-04  2.301E-09  6.790E-09 -1.142E-12  2.193E-13  1.00E-07
  3.200E+01 4.95519E-17  3.353E-04  2.152E-09  6.702E-09 -1.170E-12  2.150E-13  1.00E-07
  3.250E+01 4.77627E-17  3.498E-04  2.005E-09  6.614E-09 -1.199E-12  2.104E-13  1.00E-07
  3.300E+01 4.60346E-17  3.648E-04  1.860E-09  6.525E-09 -1.228E-12  2.055E-13  1.00E-07
  3.350E+01 4.43665E-17  3.803E-04  1.718E-09  6.436E-09 -1.258E-12  2.003E-13  1.00E-07
  3.400E+01 4.27568E-17  3.963E-04  1.578E-09  6.346E-09 -1.287E-12  1.948E-13  1.00E-07
  3.450E+01 4.12045E-17  4.128E-04  1.440E-09  6.255E-09 -1.316E-12  1.890E-13  1.00E-07
  3.500E+01 3.97079E-17  4.299E-04  1.305E-09  6.165E-09 -1.346E-12  1.829E-13  1.00E-07
  3.550E+01 3.82659E-17  4.474E-04  1.173E-09  6.074E-09 -1.375E-12  1.765E-13  1.00E-07
  3.600E+01 3.68769E-17  4.654E-04  1.043E-09  5.982E-09 -1.405E-12  1.698E-13  1.00E-07
  3.650E+01 3.55394E-17  4.839E-04  9.156E-10  5.891E-09 -1.434E-12  1.629E-13  1.00E-07
  3.700E+01 3.42522E-17  5.029E-04  7.909E-10  5.799E-09 -1.464E-12  1.557E-13  1.00E-07
  3.750E+01 3.30136E-17  5.224E-04  6.687E-10  5.707E-09 -1.494E-12  1.482E-13  1.00E-07
  3.800E+01 3.18224E-17  5.423E-04  5.492E-10  5.614E-09 -1.523E-12  1.404E-13  1.00E-07
  3.850E+01 3.06769E-17  5.627E-04  4.324E-10  5.522E-09 -1.553E-12  1.323E-13  1.00E-07
  3.900E+01 2.95758E-17  5.836E-04  3.182E-10  5.429E-09 -1.582E-12  1.239E-13  1.00E-07
  3.950E+01 2.85177E-17  6.049E-04  2.066E-10  5.336E-09 -1.612E-12  1.153E-13  1.00E-07
  4.000E+01 2.75011E-17  6.267E-04  9.762E-11  5.243E-09 -1.642E-12  1.064E-13  1.00E-07
  4.050E+01 2.65246E-17  6.488E-04 -8.689E-12  5.150E-09 -1.671E-12  9.724E-14  1.00E-07
  4.100E+01 2.55869E-17  6.714E-04 -1.124E-10  5.057E-09 -1.700E-12  8.781E-14  1.00E-07
  4.150E+01 2.46867E-17  6.943E-04 -2.134E-10  4.964E-09 -1.730E-12  7.811E-14  1.00E-07
  4.200E+01 2.38225E-17  7.175E-04 -3.118E-10  4.871E-09 -1.759E-12  6.815E-14  1.00E-07
  4.250E+01 2.29931E-17  7.411E-04 -4.076E-10  4.778E-09 -1.788E-12  5.794E-14  1.00E-07
  4.300E+01 2.21973E-17  7.649E-04 -5.008E-10  4.685E-09 -1.817E-12  4.747E-14  1.00E-07
  4.350E+01 2.14337E-17  7.890E-04 -5.914E-10  4.592E-09 -1.846E-12  3.675E-14  1.00E-07
  4.400E+01 2.07011E-17  8.133E-04 -6.794E-10  4.499E-09 -1.875E-12  2.578E-14  1.00E-07
  4.450E+01 1.99985E-17  8.377E-04 -7.649E-10  4.406E-09 -1.904E-12  1.456E-14  1.00E-07
  4.500E+01 1.93246E-17  8.623E-04 -8.478E-10  4.313E-09 -1.932E-12  3.110E-15  1.00E-07
  4.550E+01 1.86783E-17  8.870E-04 -9.282E-10  4.221E-09 -1.961E-12 -8.580E-15  1.00E-07
  4.600E+01 1.80584E-17  9.117E-04 -1.006E-09  4.129E-09 -1.989E-12 -2.050E-14  1.00E-07
  4.650E+01 1.74641E-17  9.364E-04 -1.081E-09  4.037E-09 -2.017E-12 -3.266E-14  1.00E-07
  4.700E+01 1.68942E-17  9.611E-04 -1.154E-09  3.945E-09 -2.045E-12 -4.504E-14  1.00E-07
  4.750E+01 1.63477E-17  9.856E-04 -1.225E-09  3.853E-09 -2.072E-12 -5.764E-14  1.00E-07
  4.800E+01 1.58237E-17  1.010E-03 -1.293E-09  3.762E-09 -2.100E-12 -7.045E-14  1.00E-07
  4.850E+01 1.53212E-17  1.034E-03 -1.358E-09  3.671E-09 -2.127E-12 -8.348E-14  1.00E-07
  4.900E+01 1.48395E-17  1.058E-03 -1.422E-09  3.580E-09 -2.154E-12 -9.672E-14  1.00E-07
  4.950E+01 1.43775E-17  1.082E-03 -1.482E-09  3.490E-09 -2.181E-12 -1.102E-13  1.00E-07
  5.000E+01 1.39345E-17  1.105E-03 -1.541E-09  3.400E-09 -2.208E-12 -1.238E-13  1.00E-07
  5.050E+01 1.35096E-17  1.128E-03 -1.597E-09  3.310E-09 -2.234E-12 -1.376E-13  1.00E-07
  5.100E+01 1.31022E-17  1.150E-03 -1.651E-09  3.221E-09 -2.261E-12 -1.517E-13  1.00E-07
  5.150E+01 1.27114E-17  1.171E-03 -1.703E-09  3.132E-09 -2.287E-12 -1.659E-13  1.00E-07
  5.200E+01 1.23366E-17  1.192E-03 -1.753E-09  3.044E-09 -2.312E-12 -1.803E-13  1.00E-07
  5.250E+01 1.19770E-17  1.213E-03 -1.800E-09  2.956E-09 -2.338E-12 -1.948E-13  1.00E-07
  5.300E+01 1.16320E-17  1.232E-03 -1.845E-09  2.868E-09 -2.363E-12 -2.096E-13  1.00E-07
  5.350E+01 1.13010E-17  1.251E-03 -1.888E-09  2.781E-09 -2.388E-12 -2.245E-13  1.00E-07
  5.400E+01 1.09834E-17  1.268E-03 -1.929E-09  2.695E-09 -2.413E-12 -2.396E-13  1.00E-07
  5.450E+01 1.06786E-17  1.285E-03 -1.968E-09  2.609E-09 -2.437E-12 -2.548E-13  1.00E-07
  5.500E+01 1.03860E-17  1.300E-03 -2.005E-09  2.523E-09 -2.461E-12 -2.702E-13  1.00E-07
  5.550E+01 1.01051E-17  1.315E-03 -2.039E-09  2.439E-09 -2.485E-12 -2.857E-13  1.00E-07
  5.600E+01 9.83550E-18  1.328E-03 -2.072E-09  2.354E-09 -2.509E-12 -3.014E-13  1.00E-07
  5.650E+01 9.57660E-18  1.340E-03 -2.103E-09  2.270E-09 -2.532E-12 -3.172E-13  1.00E-07
  5.700E+01 9.32796E-18  1.350E-03 -2.132E-09  2.187E-09 -2.555E-12 -3.331E-13  1.00E-07
  5.750E+01 9.08916E-18  1.359E-03 -2.159E-09  2.104E-09 -2.578E-12 -3.492E-13  1.00E-07
  5.800E+01 8.85977E-18  1.367E-03 -2.184E-09  2.022E-09 -2.600E-12 -3.654E-13  1.00E-07
  5.850E+01 8.63940E-18  1.373E-03 -2.207E-09  1.941E-09 -2.622E-12 -3.817E-13  1.00E-07
  5.900E+01 8.42767E-18  1.378E-03 -2.229E-09  1.860E-09 -2.644E-12 -3.981E-13  1.00E-07
  5.950E+01 8.22421E-18  1.380E-03 -2.249E-09  1.780E-09 -2.665E-12 -4.146E-13  1.00E-07
  6.000E+01 8.02868E-18  1.381E-03 -2.266E-09  1.701E-09 -2.686E-12 -4.312E-13  1.00E-07
  6.050E+01 7.84075E-18  1.381E-03 -2.283E-09  1.622E-09 -2.707E-12 -4.479E-13  1.00E-07
  6.100E+01 7.66011E-18  1.378E-03 -2.297E-09  1.544E-09 -2.728E-12 -4.647E-13  1.00E-07
  6.150E+01 7.48646E-18  1.373E-03 -2.310E-09  1.466E-09 -2.748E-12 -4.816E-13  1.00E-07
  6.200E+01 7.31953E-18  1.367E-03 -2.322E-09  1.389E-09 -2.768E-12 -4.986E-13  1.00E-07
  6.250E+01 7.15905E-18  1.358E-03 -2.331E-09  1.313E-09 -2.787E-12 -5.156E-13  1.00E-07
  6.300E+01 7.00476E-18  1.348E-03 -2.339E-09  1.238E-09 -2.806E-12 -5.327E-13  1.00E-07
  6.350E+01 6.85642E-18  1.335E-03 -2.346E-09  1.163E-09 -2.825E-12 -5.499E-13  1.00E-07
  6.400E+01 6.71381E-18  1.320E-03 -2.351E-09  1.089E-09 -2.843E-12 -5.671E-13  1.00E-07
  6.450E+01 6.57670E-18  1.303E-03 -2.355E-09  1.016E-09 -2.861E-12 -5.843E-13  1.00E-07
  6.500E+01 6.44491E-18  1.283E-03 -2.357E-09  9.436E-10 -2.879E-12 -6.017E-13  1.00E-07
  6.550E+01 6.31822E-18  1.261E-03 -2.358E-09  8.719E-10 -2.897E-12 -6.190E-13  1.00E-07
  6.600E+01 6.19646E-18  1.237E-03 -2.357E-09  8.010E-10 -2.914E-12 -6.364E-13  1.00E-07
  6.650E+01 6.07946E-18  1.211E-03 -2.355E-09  7.308E-10 -2.930E-12 -6.538E-13  1.00E-07
  6.700E+01 5.96705E-18  1.182E-03 -2.352E-09  6.614E-10 -2.947E-12 -6.713E-13  1.00E-07
  6.750E+01 5.85907E-18  1.151E-03 -2.347E-09  5.927E-10 -2.963E-12 -6.888E-13  1.00E-07
  6.800E+01 5.75539E-18  1.118E-03 -2.341E-09  5.249E-10 -2.978E-12 -7.063E-13  1.00E-07
  6.850E+01 5.65585E-18  1.082E-03 -2.334E-09  4.578E-10 -2.994E-12 -7.238E-13  1.00E-07
  6.900E+01 5.56034E-18  1.044E-03 -2.325E-09  3.915E-10 -3.008E-12 -7.413E-13  1.00E-07
  6.950E+01 5.46872E-18  1.003E-03 -2.316E-09  3.260E-10 -3.023E-12 -7.587E-13  1.00E-07
  7.000E+01 5.38088E-18  9.600E-04 -2.305E-09  2.613E-10 -3.037E-12 -7.762E-13  1.00E-07
  7.050E+01 5.29672E-18  9.146E-04 -2.293E-09  1.974E-10 -3.051E-12 -7.937E-13  1.00E-07
  7.100E+01 5.21612E-18  8.669E-04 -2.280E-09  1.343E-10 -3.064E-12 -8.112E-13  1.00E-07
  7.150E+01 5.13899E-18  8.169E-04 -2.266E-09  7.197E-11 -3.078E-12 -8.286E-13  1.00E-07
  7.200E+01 5.06523E-18  7.646E-04 -2.251E-09  1.047E-11 -3.090E-12 -8.460E-13  1.00E-07
  7.250E+01 4.99477E-18  7.101E-04 -2.234E-09 -5.021E-11 -3.103E-12 -8.634E-13  1.00E-07
  7.300E+01 4.92751E-18  6.534E-04 -2.217E-09 -1.101E-10 -3.115E-12 -8.807E-13  1.00E-07
  7.350E+01 4.86339E-18  5.946E-04 -2.199E-09 -1.692E-10 -3.126E-12 -8.980E-13  1.00E-07
  7.400E+01 4.80232E-18  5.337E-04 -2.180E-09 -2.274E-10 -3.137E-12 -9.153E-13  1.00E-07
  7.450E+01 4.74424E-18  4.708E-04 -2.159E-09 -2.848E-10 -3.148E-12 -9.325E-13  1.00E-07
  7.500E+01 4.68908E-18  4.061E-04 -2.138E-09 -3.415E-10 -3.159E-12 -9.496E-13  1.00E-07
  7.550E+01 4.63679E-18  3.395E-04 -2.116E-09 -3.973E-10 -3.169E-12 -9.667E-13  1.00E-07
  7.600E+01 4.58730E-18  2.711E-04 -2.094E-09 -4.522E-10 -3.179E-12 -9.837E-13  1.00E-07
  7.650E+01 4.54056E-18  2.011E-04 -2.070E-09 -5.064E-10 -3.188E-12 -1.001E-12  1.00E-07
  7.700E+01 4.49653E-18  1.296E-04 -2.045E-09 -5.598E-10 -3.197E-12 -1.018E-12  1.00E-07
  7.750E+01 4.45514E-18  5.671E-05 -2.020E-09 -6.123E-10 -3.206E-12 -1.034E-12  1.00E-07
  7.800E+01 4.41636E-18 -1.753E-05 -1.994E-09 -6.640E-10 -3.214E-12 -1.051E-12  1.00E-07
  7.850E+01 4.38014E-18 -9.295E-05 -1.967E-09 -7.149E-10 -3.222E-12 -1.068E-12  1.00E-07
  7.900E+01 4.34645E-18 -1.694E-04 -1.939E-09 -7.650E-10 -3.230E-12 -1.084E-12  1.00E-07
  7.950E+01 4.31524E-18 -2.468E-04 -1.911E-09 -8.143E-10 -3.237E-12 -1.101E-12  1.00E-07
  8.000E+01 4.28648E-18 -3.250E-04 -1.882E-09 -8.627E-10 -3.244E-12 -1.117E-12  1.00E-07
  8.050E+01 4.26013E-18 -4.039E-04 -1.852E-09 -9.104E-10 -3.250E-12 -1.133E-12  1.00E-07
  8.100E+01 4.23615E-18 -4.832E-04 -1.822E-09 -9.572E-10 -3.256E-12 -1.149E-12  1.00E-07
  8.150E+01 4.21453E-18 -5.629E-04 -1.791E-09 -1.003E-09 -3.262E-12 -1.165E-12  1.00E-07
  8.200E+01 4.19523E-18 -6.428E-04 -1.760E-09 -1.049E-09 -3.268E-12 -1.181E-12  1.00E-07
  8.250E+01 4.17822E-18 -7.227E-04 -1.727E-09 -1.093E-09 -3.273E-12 -1.197E-12  1.00E-07
  8.300E+01 4.16348E-18 -8.026E-04 -1.695E-09 -1.137E-09 -3.277E-12 -1.212E-12  1.00E-07
  8.350E+01 4.15097E-18 -8.822E-04 -1.661E-09 -1.179E-09 -3.282E-12 -1.228E-12  1.00E-07
  8.400E+01 4.14068E-18 -9.614E-04 -1.627E-09 -1.221E-09 -3.286E-12 -1.243E-12  1.00E-07
  8.450E+01 4.13258E-18 -1.040E-03 -1.593E-09 -1.263E-09 -3.289E-12 -1.258E-12  1.00E-07
  8.500E+01 4.12665E-18 -1.118E-03 -1.558E-09 -1.303E-09 -3.293E-12 -1.273E-12  1.00E-07
  8.550E+01 4.12286E-18 -1.195E-03 -1.523E-09 -1.343E-09 -3.296E-12 -1.288E-12  1.00E-07
  8.600E+01 4.12121E-18 -1.271E-03 -1.487E-09 -1.382E-09 -3.298E-12 -1.303E-12  1.00E-07
  8.650E+01 4.12166E-18 -1.347E-03 -1.451E-09 -1.420E-09 -3.300E-12 -1.317E-12  1.00E-07
  8.700E+01 4.12420E-18 -1.420E-03 -1.414E-09 -1.457E-09 -3.302E-12 -1.332E-12  1.00E-07
  8.750E+01 4.12880E-18 -1.493E-03 -1.377E-09 -1.494E-09 -3.304E-12 -1.346E-12  1.00E-07
  8.800E+01 4.13546E-18 -1.564E-03 -1.340E-09 -1.530E-09 -3.305E-12 -1.360E-12  1.00E-07
  8.850E+01 4.14414E-18 -1.633E-03 -1.302E-09 -1.565E-09 -3.306E-12 -1.374E-12  1.00E-07
  8.900E+01 4.15485E-18 -1.701E-03 -1.264E-09 -1.599E-09 -3.306E-12 -1.388E-12  1.00E-07
  8.950E+01 4.16755E-18 -1.767E-03 -1.225E-09 -1.633E-09 -3.306E-12 -1.401E-12  1.00E-07
  9.000E+01 4.18223E-18 -1.831E-03 -1.186E-09 -1.666E-09 -3.306E-12 -1.415E-12  1.00E-07
  9.050E+01 4.19887E-18 -1.893E-03 -1.147E-09 -1.698E-09 -3.306E-12 -1.428E-12  1.00E-07
  9.100E+01 4.21746E-18 -1.953E-03 -1.108E-09 -1.729E-09 -3.305E-12 -1.441E-12  1.00E-07
  9.150E+01 4.23798E-18 -2.011E-03 -1.068E-09 -1.760E-09 -3.304E-12 -1.453E-12  1.00E-07
  9.200E+01 4.26042E-18 -2.067E-03 -1.028E-09 -1.790E-09 -3.302E-12 -1.466E-12  1.00E-07
  9.250E+01 4.28476E-18 -2.121E-03 -9.877E-10 -1.819E-09 -3.300E-12 -1.478E-12  1.00E-07
  9.300E+01 4.31098E-18 -2.172E-03 -9.472E-10 -1.848E-09 -3.298E-12 -1.491E-12  1.00E-07
  9.350E+01 4.33906E-18 -2.221E-03 -9.064E-10 -1.875E-09 -3.296E-12 -1.503E-12  1.00E-07
  9.400E+01 4.36900E-18 -2.268E-03 -8.655E-10 -1.903E-09 -3.293E-12 -1.514E-12  1.00E-07
  9.450E+01 4.40078E-18 -2.313E-03 -8.243E-10 -1.929E-09 -3.290E-12 -1.526E-12  1.00E-07
  9.500E+01 4.43437E-18 -2.355E-03 -7.830E-10 -1.955E-09 -3.286E-12 -1.537E-12  1.00E-07
  9.550E+01 4.46977E-18 -2.394E-03 -7.415E-10 -1.980E-09 -3.283E-12 -1.548E-12  1.00E-07
  9.600E+01 4.50696E-18 -2.432E-03 -6.998E-10 -2.004E-09 -3.279E-12 -1.559E-12  1.00E-07
  9.650E+01 4.54591E-18 -2.467E-03 -6.580E-10 -2.028E-09 -3.274E-12 -1.570E-12  1.00E-07
  9.700E+01 4.58662E-18 -2.500E-03 -6.161E-10 -2.051E-09 -3.270E-12 -1.580E-12  1.00E-07
  9.750E+01 4.62907E-18 -2.530E-03 -5.740E-10 -2.074E-09 -3.265E-12 -1.591E-12  1.00E-07
  9.800E+01 4.67324E-18 -2.558E-03 -5.319E-10 -2.095E-09 -3.259E-12 -1.601E-12  1.00E-07
  9.850E+01 4.71912E-18 -2.584E-03 -4.896E-10 -2.116E-09 -3.254E-12 -1.610E-12  1.00E-07
  9.900E+01 4.76669E-18 -2.608E-03 -4.472E-10 -2.137E-09 -3.248E-12 -1.620E-12  1.00E-07
  9.950E+01 4.81592E-18 -2.630E-03 -4.048E-10 -2.157E-09 -3.242E-12 -1.629E-12  1.00E-07
  1.000E+02 4.86681E-18 -2.649E-03 -3.623E-10 -2.176E-09 -3.235E-12 -1.638E-12  1.00E-07
  1.005E+02 4.91933E-18 -2.667E-03 -3.197E-10 -2.195E-09 -3.228E-12 -1.647E-12  1.00E-07
  1.010E+02 4.97348E-18 -2.682E-03 -2.771E-10 -2.213E-09 -3.221E-12 -1.656E-12  1.00E-07
  1.015E+02 5.02922E-18 -2.695E-03 -2.345E-10 -2.230E-09 -3.214E-12 -1.664E-12  1.00E-07
  1.020E+02 5.08654E-18 -2.707E-03 -1.919E-10 -2.247E-09 -3.206E-12 -1.672E-12  1.00E-07
  1.025E+02 5.14543E-18 -2.716E-03 -1.492E-10 -2.263E-09 -3.198E-12 -1.680E-12  1.00E-07
  1.030E+02 5.20586E-18 -2.724E-03 -1.065E-10 -2.279E-09 -3.190E-12 -1.687E-12  1.00E-07
  1.035E+02 5.26781E-18 -2.730E-03 -6.385E-11 -2.294E-09 -3.182E-12 -1.695E-12  1.00E-07
  1.040E+02 5.33128E-18 -2.735E-03 -2.121E-11 -2.309E-09 -3.173E-12 -1.702E-12  1.00E-07
  1.045E+02 5.39622E-18 -2.737E-03  2.141E-11 -2.323E-09 -3.164E-12 -1.709E-12  1.00E-07
  1.050E+02 5.46263E-18 -2.739E-03  6.400E-11 -2.336E-09 -3.155E-12 -1.715E-12  1.00E-07
  1.055E+02 5.53049E-18 -2.738E-03  1.065E-10 -2.349E-09 -3.145E-12 -1.721E-12  1.00E-07
  1.060E+02 5.59978E-18 -2.736E-03  1.490E-10 -2.362E-09 -3.135E-12 -1.727E-12  1.00E-07
  1.065E+02 5.67046E-18 -2.733E-03  1.915E-10 -2.374E-09 -3.125E-12 -1.733E-12  1.00E-07
  1.070E+02 5.74253E-18 -2.729E-03  2.338E-10 -2.385E-09 -3.115E-12 -1.739E-12  1.00E-07
  1.075E+02 5.81597E-18 -2.723E-03  2.761E-10 -2.396E-09 -3.104E-12 -1.744E-12  1.00E-07
  1.080E+02 5.89074E-18 -2.716E-03  3.183E-10 -2.406E-09 -3.093E-12 -1.749E-12  1.00E-07
  1.085E+02 5.96683E-18 -2.708E-03  3.604E-10 -2.416E-09 -3.082E-12 -1.754E-12  1.00E-07
  1.090E+02 6.04422E-18 -2.698E-03  4.025E-10 -2.425E-09 -3.071E-12 -1.758E-12  1.00E-07
  1.095E+02 6.12289E-18 -2.688E-03  4.444E-10 -2.434E-09 -3.059E-12 -1.762E-12  1.00E-07
  1.100E+02 6.20280E-18 -2.677E-03  4.862E-10 -2.443E-09 -3.047E-12 -1.766E-12  1.00E-07
  1.105E+02 6.28394E-18 -2.664E-03  5.278E-10 -2.451E-09 -3.035E-12 -1.770E-12  1.00E-07
  1.110E+02 6.36629E-18 -2.651E-03  5.694E-10 -2.458E-09 -3.023E-12 -1.773E-12  1.00E-07
  1.115E+02 6.44982E-18 -2.637E-03  6.108E-10 -2.465E-09 -3.010E-12 -1.776E-12  1.00E-07
  1.120E+02 6.53451E-18 -2.622E-03  6.521E-10 -2.472E-09 -2.997E-12 -1.779E-12  1.00E-07
  1.125E+02 6.62033E-18 -2.607E-03  6.932E-10 -2.478E-09 -2.984E-12 -1.781E-12  1.00E-07
  1.130E+02 6.70726E-18 -2.591E-03  7.341E-10 -2.484E-09 -2.971E-12 -1.784E-12  1.00E-07
  1.135E+02 6.79528E-18 -2.574E-03  7.750E-10 -2.489E-09 -2.957E-12 -1.786E-12  1.00E-07
  1.140E+02 6.88436E-18 -2.556E-03  8.156E-10 -2.494E-09 -2.944E-12 -1.787E-12  1.00E-07
  1.145E+02 6.97447E-18 -2.538E-03  8.561E-10 -2.498E-09 -2.930E-12 -1.789E-12  1.00E-07
  1.150E+02 7.06559E-18 -2.519E-03  8.964E-10 -2.502E-09 -2.915E-12 -1.790E-12  1.00E-07
  1.155E+02 7.15770E-18 -2.500E-03  9.365E-10 -2.506E-09 -2.901E-12 -1.791E-12  1.00E-07
  1.160E+02 7.25076E-18 -2.480E-03  9.764E-10 -2.509E-09 -2.886E-12 -1.791E-12  1.00E-07
  1.165E+02 7.34476E-18 -2.460E-03  1.016E-09 -2.512E-09 -2.872E-12 -1.792E-12  1.00E-07
  1.170E+02 7.43967E-18 -2.440E-03  1.056E-09 -2.515E-09 -2.857E-12 -1.792E-12  1.00E-07
  1.175E+02 7.53545E-18 -2.419E-03  1.095E-09 -2.517E-09 -2.841E-12 -1.792E-12  1.00E-07
  1.180E+02 7.63209E-18 -2.398E-03  1.134E-09 -2.519E-09 -2.826E-12 -1.791E-12  1.00E-07
  1.185E+02 7.72956E-18 -2.376E-03  1.173E-09 -2.521E-09 -2.810E-12 -1.790E-12  1.00E-07
  1.190E+02 7.82782E-18 -2.354E-03  1.212E-09 -2.522E-09 -2.794E-12 -1.789E-12  1.00E-07
  1.195E+02 7.92686E-18 -2.332E-03  1.250E-09 -2.523E-09 -2.778E-12 -1.788E-12  1.00E-07
  1.200E+02 8.02665E-18 -2.310E-03  1.288E-09 -2.523E-09 -2.762E-12 -1.786E-12  1.00E-07
  1.205E+02 8.12715E-18 -2.287E-03  1.326E-09 -2.523E-09 -2.746E-12 -1.784E-12  1.00E-07
  1.210E+02 8.22834E-18 -2.265E-03  1.364E-09 -2.523E-09 -2.729E-12 -1.782E-12  1.00E-07
  1.215E+02 8.33020E-18 -2.242E-03  1.402E-09 -2.523E-09 -2.712E-12 -1.780E-12  1.00E-07
  1.220E+02 8.43269E-18 -2.219E-03  1.439E-09 -2.522E-09 -2.695E-12 -1.777E-12  1.00E-07
  1.225E+02 8.53578E-18 -2.196E-03  1.476E-09 -2.521E-09 -2.678E-12 -1.774E-12  1.00E-07
  1.230E+02 8.63946E-18 -2.172E-03  1.513E-09 -2.520E-09 -2.661E-12 -1.771E-12  1.00E-07
  1.235E+02 8.74368E-18 -2.149E-03  1.549E-09 -2.519E-09 -2.643E-12 -1.767E-12  1.00E-07
  1.240E+02 8.84842E-18 -2.125E-03  1.586E-09 -2.517E-09 -2.625E-12 -1.763E-12  1.00E-07
  1.245E+02 8.95366E-18 -2.102E-03  1.622E-09 -2.515E-09 -2.608E-12 -1.759E-12  1.00E-07
  1.250E+02 9.05936E-18 -2.078E-03  1.657E-09 -2.512E-09 -2.589E-12 -1.755E-12  1.00E-07
  1.255E+02 9.16549E-18 -2.055E-03  1.693E-09 -2.510E-09 -2.571E-12 -1.750E-12  1.00E-07
  1.260E+02 9.27203E-18 -2.031E-03  1.728E-09 -2.507E-09 -2.553E-12 -1.745E-12  1.00E-07
  1.265E+02 9.37894E-18 -2.007E-03  1.763E-09 -2.504E-09 -2.534E-12 -1.740E-12  1.00E-07
  1.270E+02 9.48620E-18 -1.984E-03  1.798E-09 -2.501E-09 -2.516E-12 -1.734E-12  1.00E-07
  1.275E+02 9.59378E-18 -1.960E-03  1.832E-09 -2.497E-09 -2.497E-12 -1.729E-12  1.00E-07
  1.280E+02 9.70164E-18 -1.936E-03  1.866E-09 -2.494E-09 -2.478E-12 -1.722E-12  1.00E-07
  1.285E+02 9.80977E-18 -1.913E-03  1.900E-09 -2.490E-09 -2.458E-12 -1.716E-12  1.00E-07
  1.290E+02 9.91812E-18 -1.889E-03  1.934E-09 -2.486E-09 -2.439E-12 -1.710E-12  1.00E-07
  1.295E+02 1.00267E-17 -1.866E-03  1.967E-09 -2.482E-09 -2.420E-12 -1.703E-12  1.00E-07
  1.300E+02 1.01354E-17 -1.842E-03  2.000E-09 -2.477E-09 -2.400E-12 -1.696E-12  1.00E-07
  1.305E+02 1.02443E-17 -1.819E-03  2.032E-09 -2.473E-09 -2.380E-12 -1.688E-12  1.00E-07
  1.310E+02 1.03532E-17 -1.796E-03  2.065E-09 -2.468E-09 -2.360E-12 -1.681E-12  1.00E-07
  1.315E+02 1.04623E-17 -1.772E-03  2.097E-09 -2.463E-09 -2.340E-12 -1.673E-12  1.00E-07
  1.320E+02 1.05714E-17 -1.749E-03  2.129E-09 -2.458E-09 -2.320E-12 -1.665E-12  1.00E-07
  1.325E+02 1.06805E-17 -1.726E-03  2.160E-09 -2.452E-09 -2.300E-12 -1.656E-12  1.00E-07
  1.330E+02 1.07896E-17 -1.703E-03  2.191E-09 -2.447E-09 -2.279E-12 -1.648E-12  1.00E-07
  1.335E+02 1.08987E-17 -1.680E-03  2.222E-09 -2.441E-09 -2.259E-12 -1.639E-12  1.00E-07
  1.340E+02 1.10077E-17 -1.657E-03  2.253E-09 -2.436E-09 -2.238E-12 -1.630E-12  1.00E-07
  1.345E+02 1.11166E-17 -1.635E-03  2.283E-09 -2.430E-09 -2.217E-12 -1.620E-12  1.00E-07
  1.350E+02 1.12254E-17 -1.612E-03  2.313E-09 -2.424E-09 -2.196E-12 -1.611E-12  1.00E-07
  1.355E+02 1.13340E-17 -1.590E-03  2.343E-09 -2.418E-09 -2.175E-12 -1.601E-12  1.00E-07
  1.360E+02 1.14425E-17 -1.567E-03  2.372E-09 -2.412E-09 -2.154E-12 -1.590E-12  1.00E-07
  1.365E+02 1.15507E-17 -1.545E-03  2.401E-09 -2.406E-09 -2.132E-12 -1.580E-12  1.00E-07
  1.370E+02 1.16587E-17 -1.523E-03  2.430E-09 -2.399E-09 -2.111E-12 -1.569E-12  1.00E-07
  1.375E+02 1.17664E-17 -1.501E-03  2.458E-09 -2.393E-09 -2.089E-12 -1.559E-12  1.00E-07
  1.380E+02 1.18738E-17 -1.479E-03  2.486E-09 -2.386E-09 -2.067E-12 -1.547E-12  1.00E-07
  1.385E+02 1.19809E-17 -1.457E-03  2.514E-09 -2.380E-09 -2.046E-12 -1.536E-12  1.00E-07
  1.390E+02 1.20876E-17 -1.435E-03  2.541E-09 -2.373E-09 -2.024E-12 -1.524E-12  1.00E-07
  1.395E+02 1.21939E-17 -1.414E-03  2.568E-09 -2.366E-09 -2.002E-12 -1.513E-12  1.00E-07
  1.400E+02 1.22998E-17 -1.393E-03  2.595E-09 -2.359E-09 -1.980E-12 -1.500E-12  1.00E-07
  1.405E+02 1.24052E-17 -1.371E-03  2.621E-09 -2.352E-09 -1.957E-12 -1.488E-12  1.00E-07
  1.410E+02 1.25102E-17 -1.350E-03  2.647E-09 -2.345E-09 -1.935E-12 -1.476E-12  1.00E-07
  1.415E+02 1.26146E-17 -1.329E-03  2.673E-09 -2.338E-09 -1.912E-12 -1.463E-12  1.00E-07
  1.420E+02 1.27186E-17 -1.308E-03  2.699E-09 -2.331E-09 -1.890E-12 -1.450E-12  1.00E-07
  1.425E+02 1.28219E-17 -1.287E-03  2.724E-09 -2.324E-09 -1.867E-12 -1.437E-12  1.00E-07
  1.430E+02 1.29247E-17 -1.267E-03  2.749E-09 -2.317E-09 -1.844E-12 -1.423E-12  1.00E-07
  1.435E+02 1.30269E-17 -1.246E-03  2.773E-09 -2.310E-09 -1.822E-12 -1.410E-12  1.00E-07
  1.440E+02 1.31284E-17 -1.226E-03  2.797E-09 -2.303E-09 -1.799E-12 -1.396E-12  1.00E-07
  1.445E+02 1.32292E-17 -1.206E-03  2.821E-09 -2.296E-09 -1.776E-12 -1.382E-12  1.00E-07
  1.450E+02 1.33293E-17 -1.185E-03  2.845E-09 -2.289E-09 -1.753E-12 -1.367E-12  1.00E-07
  1.455E+02 1.34287E-17 -1.165E-03  2.868E-09 -2.281E-09 -1.729E-12 -1.353E-12  1.00E-07
  1.460E+02 1.35274E-17 -1.145E-03  2.891E-09 -2.274E-09 -1.706E-12 -1.338E-12  1.00E-07
  1.465E+02 1.36252E-17 -1.126E-03  2.913E-09 -2.267E-09 -1.683E-12 -1.323E-12  1.00E-07
  1.470E+02 1.37223E-17 -1.106E-03  2.935E-09 -2.260E-09 -1.659E-12 -1.308E-12  1.00E-07
  1.475E+02 1.38185E-17 -1.087E-03  2.957E-09 -2.253E-09 -1.636E-12 -1.293E-12  1.00E-07
  1.480E+02 1.39139E-17 -1.067E-03  2.979E-09 -2.245E-09 -1.612E-12 -1.277E-12  1.00E-07
  1.485E+02 1.40083E-17 -1.048E-03  3.000E-09 -2.238E-09 -1.588E-12 -1.261E-12  1.00E-07
  1.490E+02 1.41019E-17 -1.029E-03  3.021E-09 -2.231E-09 -1.565E-12 -1.246E-12  1.00E-07
  1.495E+02 1.41945E-17 -1.010E-03  3.041E-09 -2.224E-09 -1.541E-12 -1.229E-12  1.00E-07
  1.500E+02 1.42862E-17 -9.907E-04  3.061E-09 -2.217E-09 -1.517E-12 -1.213E-12  1.00E-07
  1.505E+02 1.43768E-17 -9.719E-04  3.081E-09 -2.210E-09 -1.493E-12 -1.197E-12  1.00E-07
  1.510E+02 1.44665E-17 -9.531E-04  3.101E-09 -2.203E-09 -1.469E-12 -1.180E-12  1.00E-07
  1.515E+02 1.45551E-17 -9.346E-04  3.120E-09 -2.196E-09 -1.445E-12 -1.163E-12  1.00E-07
  1.520E+02 1.46426E-17 -9.161E-04  3.139E-09 -2.189E-09 -1.421E-12 -1.146E-12  1.00E-07
  1.525E+02 1.47291E-17 -8.977E-04  3.157E-09 -2.182E-09 -1.396E-12 -1.129E-12  1.00E-07
  1.530E+02 1.48145E-17 -8.794E-04  3.175E-09 -2.175E-09 -1.372E-12 -1.112E-12  1.00E-07
  1.535E+02 1.48987E-17 -8.612E-04  3.193E-09 -2.169E-09 -1.348E-12 -1.094E-12  1.00E-07
  1.540E+02 1.49818E-17 -8.432E-04  3.211E-09 -2.162E-09 -1.323E-12 -1.076E-12  1.00E-07
  1.545E+02 1.50637E-17 -8.252E-04  3.228E-09 -2.155E-09 -1.299E-12 -1.058E-12  1.00E-07
  1.550E+02 1.51444E-17 -8.074E-04  3.245E-09 -2.149E-09 -1.274E-12 -1.040E-12  1.00E-07
  1.555E+02 1.52238E-17 -7.896E-04  3.261E-09 -2.142E-09 -1.249E-12 -1.022E-12  1.00E-07
  1.560E+02 1.53021E-17 -7.719E-04  3.277E-09 -2.136E-09 -1.225E-12 -1.004E-12  1.00E-07
  1.565E+02 1.53790E-17 -7.544E-04  3.293E-09 -2.130E-09 -1.200E-12 -9.854E-13  1.00E-07
  1.570E+02 1.54547E-17 -7.369E-04  3.308E-09 -2.123E-09 -1.175E-12 -9.667E-13  1.00E-07
  1.575E+02 1.55291E-17 -7.195E-04  3.324E-09 -2.117E-09 -1.150E-12 -9.480E-13  1.00E-07
  1.580E+02 1.56021E-17 -7.022E-04  3.338E-09 -2.111E-09 -1.126E-12 -9.290E-13  1.00E-07
  1.585E+02 1.56738E-17 -6.850E-04  3.353E-09 -2.105E-09 -1.101E-12 -9.099E-13  1.00E-07
  1.590E+02 1.57442E-17 -6.679E-04  3.367E-09 -2.099E-09 -1.076E-12 -8.907E-13  1.00E-07
  1.595E+02 1.58131E-17 -6.508E-04  3.381E-09 -2.094E-09 -1.051E-12 -8.714E-13  1.00E-07
  1.600E+02 1.58807E-17 -6.339E-04  3.394E-09 -2.088E-09 -1.026E-12 -8.519E-13  1.00E-07
  1.605E+02 1.59468E-17 -6.170E-04  3.407E-09 -2.082E-09 -1.001E-12 -8.323E-13  1.00E-07
  1.610E+02 1.60115E-17 -6.002E-04  3.420E-09 -2.077E-09 -9.754E-13 -8.125E-13  1.00E-07
  1.615E+02 1.60747E-17 -5.835E-04  3.433E-09 -2.072E-09 -9.502E-13 -7.927E-13  1.00E-07
  1.620E+02 1.61364E-17 -5.668E-04  3.445E-09 -2.066E-09 -9.250E-13 -7.727E-13  1.00E-07
  1.625E+02 1.61967E-17 -5.502E-04  3.457E-09 -2.061E-09 -8.997E-13 -7.526E-13  1.00E-07
  1.630E+02 1.62555E-17 -5.337E-04  3.468E-09 -2.056E-09 -8.744E-13 -7.324E-13  1.00E-07
  1.635E+02 1.63127E-17 -5.173E-04  3.479E-09 -2.051E-09 -8.491E-13 -7.120E-13  1.00E-07
  1.640E+02 1.63684E-17 -5.009E-04  3.490E-09 -2.047E-09 -8.237E-13 -6.916E-13  1.00E-07
  1.645E+02 1.64225E-17 -4.846E-04  3.500E-09 -2.042E-09 -7.983E-13 -6.711E-13  1.00E-07
  1.650E+02 1.64751E-17 -4.683E-04  3.511E-09 -2.037E-09 -7.729E-13 -6.504E-13  1.00E-07
  1.655E+02 1.65261E-17 -4.522E-04  3.520E-09 -2.033E-09 -7.474E-13 -6.297E-13  1.00E-07
  1.660E+02 1.65755E-17 -4.360E-04  3.530E-09 -2.029E-09 -7.219E-13 -6.089E-13  1.00E-07
  1.665E+02 1.66233E-17 -4.200E-04  3.539E-09 -2.025E-09 -6.964E-13 -5.879E-13  1.00E-07
  1.670E+02 1.66694E-17 -4.039E-04  3.548E-09 -2.021E-09 -6.708E-13 -5.669E-13  1.00E-07
  1.675E+02 1.67139E-17 -3.880E-04  3.556E-09 -2.017E-09 -6.452E-13 -5.458E-13  1.00E-07
  1.680E+02 1.67568E-17 -3.721E-04  3.564E-09 -2.013E-09 -6.196E-13 -5.246E-13  1.00E-07
  1.685E+02 1.67980E-17 -3.562E-04  3.572E-09 -2.009E-09 -5.940E-13 -5.034E-13  1.00E-07
  1.690E+02 1.68376E-17 -3.404E-04  3.580E-09 -2.006E-09 -5.683E-13 -4.820E-13  1.00E-07
  1.695E+02 1.68754E-17 -3.246E-04  3.587E-09 -2.003E-09 -5.426E-13 -4.606E-13  1.00E-07
  1.700E+02 1.69116E-17 -3.089E-04  3.594E-09 -2.000E-09 -5.169E-13 -4.392E-13  1.00E-07
  1.705E+02 1.69461E-17 -2.932E-04  3.600E-09 -1.997E-09 -4.912E-13 -4.176E-13  1.00E-07
  1.710E+02 1.69788E-17 -2.775E-04  3.606E-09 -1.994E-09 -4.655E-13 -3.960E-13  1.00E-07
  1.715E+02 1.70099E-17 -2.619E-04  3.612E-09 -1.991E-09 -4.397E-13 -3.743E-13  1.00E-07
  1.720E+02 1.70392E-17 -2.463E-04  3.617E-09 -1.988E-09 -4.139E-13 -3.526E-13  1.00E-07
  1.725E+02 1.70668E-17 -2.308E-04  3.623E-09 -1.986E-09 -3.881E-13 -3.308E-13  1.00E-07
  1.730E+02 1.70926E-17 -2.152E-04  3.627E-09 -1.984E-09 -3.623E-13 -3.090E-13  1.00E-07
  1.735E+02 1.71167E-17 -1.998E-04  3.632E-09 -1.982E-09 -3.365E-13 -2.871E-13  1.00E-07
  1.740E+02 1.71390E-17 -1.843E-04  3.636E-09 -1.980E-09 -3.107E-13 -2.652E-13  1.00E-07
  1.745E+02 1.71596E-17 -1.688E-04  3.640E-09 -1.978E-09 -2.848E-13 -2.432E-13  1.00E-07
  1.750E+02 1.71783E-17 -1.534E-04  3.643E-09 -1.976E-09 -2.590E-13 -2.212E-13  1.00E-07
  1.755E+02 1.71954E-17 -1.380E-04  3.646E-09 -1.975E-09 -2.331E-13 -1.992E-13  1.00E-07
  1.760E+02 1.72106E-17 -1.226E-04  3.649E-09 -1.973E-09 -2.072E-13 -1.772E-13  1.00E-07
  1.765E+02 1.72240E-17 -1.073E-04  3.652E-09 -1.972E-09 -1.813E-13 -1.551E-13  1.00E-07
  1.770E+02 1.72357E-17 -9.193E-05  3.654E-09 -1.971E-09 -1.554E-13 -1.330E-13  1.00E-07
  1.775E+02 1.72456E-17 -7.659E-05  3.656E-09 -1.970E-09 -1.295E-13 -1.108E-13  1.00E-07
  1.780E+02 1.72537E-17 -6.126E-05  3.657E-09 -1.970E-09 -1.036E-13 -8.868E-14  1.00E-07
  1.785E+02 1.72600E-17 -4.594E-05  3.658E-09 -1.969E-09 -7.774E-14 -6.652E-14  1.00E-07
  1.790E+02 1.72645E-17 -3.062E-05  3.659E-09 -1.969E-09 -5.183E-14 -4.436E-14  1.00E-07
  1.795E+02 1.72672E-17 -1.531E-05  3.660E-09 -1.968E-09 -2.591E-14 -2.218E-14  1.00E-07
  1.800E+02 1.72681E-17 -2.148E-19  3.660E-09 -1.968E-09 -3.637E-28 -3.113E-28  1.00E-07

  TOTAL ELASTIC CROSS SECTION = 2.187711E-16 cm**2
               FROM DCS TABLE = 2.187674E-16  (REL. DIF. = 1.69E-05)

  1ST TRANSPORT CROSS SECTION = 1.204540E-16 cm**2
               FROM DCS TABLE = 1.204543E-16  (REL. DIF. = 2.75E-06)

  2ND TRANSPORT CROSS SECTION = 1.142577E-16 cm**2

  **** DPWA0 ENDED ************************************************************

