 #  Scattering amplitudes (in cm)      MU=(1-cos(TH))/2
 #  Z =   6,   projectile: electron
 #  Kinetic energy = 1.30000E+02 eV
 #
 # TH (deg)      MU          Re(F)        Im(F)        Re(G)        Im(G)
 #--------------------------------------------------------------------------
  0.000E+00  0.00000E+00  1.62188E-08  1.14897E-08  0.00000E+00  0.00000E+00
  1.000E-04  7.61557E-13  1.62188E-08  1.14897E-08  1.78919E-18  4.18506E-18
  1.250E-04  1.18994E-12  1.62188E-08  1.14897E-08  2.23649E-18  5.23132E-18
  1.500E-04  1.71346E-12  1.62188E-08  1.14897E-08  2.68379E-18  6.27758E-18
  1.750E-04  2.33225E-12  1.62188E-08  1.14897E-08  3.13109E-18  7.32385E-18
  2.000E-04  3.04617E-12  1.62188E-08  1.14897E-08  3.57838E-18  8.37011E-18
  2.250E-04  3.85530E-12  1.62188E-08  1.14897E-08  4.02568E-18  9.41638E-18
  2.500E-04  4.75964E-12  1.62188E-08  1.14897E-08  4.47298E-18  1.04626E-17
  2.750E-04  5.75917E-12  1.62188E-08  1.14897E-08  4.92028E-18  1.15089E-17
  3.000E-04  6.85391E-12  1.62188E-08  1.14897E-08  5.36757E-18  1.25552E-17
  3.250E-04  8.04379E-12  1.62188E-08  1.14897E-08  5.81487E-18  1.36014E-17
  3.500E-04  9.32893E-12  1.62188E-08  1.14897E-08  6.26217E-18  1.46477E-17
  3.750E-04  1.07092E-11  1.62188E-08  1.14897E-08  6.70947E-18  1.56940E-17
  4.000E-04  1.21847E-11  1.62188E-08  1.14897E-08  7.15677E-18  1.67402E-17
  4.250E-04  1.37554E-11  1.62188E-08  1.14897E-08  7.60406E-18  1.77865E-17
  4.500E-04  1.54213E-11  1.62188E-08  1.14897E-08  8.05136E-18  1.88328E-17
  4.750E-04  1.71823E-11  1.62188E-08  1.14897E-08  8.49866E-18  1.98790E-17
  5.000E-04  1.90386E-11  1.62188E-08  1.14897E-08  8.94596E-18  2.09253E-17
  5.250E-04  2.09900E-11  1.62188E-08  1.14897E-08  9.39326E-18  2.19715E-17
  5.500E-04  2.30367E-11  1.62188E-08  1.14897E-08  9.84055E-18  2.30178E-17
  5.750E-04  2.51785E-11  1.62188E-08  1.14897E-08  1.02879E-17  2.40641E-17
  6.000E-04  2.74156E-11  1.62188E-08  1.14897E-08  1.07351E-17  2.51103E-17
  6.250E-04  2.97478E-11  1.62188E-08  1.14897E-08  1.11824E-17  2.61566E-17
  6.500E-04  3.21752E-11  1.62188E-08  1.14897E-08  1.16297E-17  2.72029E-17
  6.750E-04  3.46979E-11  1.62188E-08  1.14897E-08  1.20770E-17  2.82491E-17
  7.000E-04  3.73157E-11  1.62188E-08  1.14897E-08  1.25243E-17  2.92954E-17
  7.250E-04  4.00286E-11  1.62188E-08  1.14897E-08  1.29716E-17  3.03417E-17
  7.500E-04  4.28368E-11  1.62188E-08  1.14897E-08  1.34189E-17  3.13879E-17
  7.750E-04  4.57402E-11  1.62188E-08  1.14897E-08  1.38662E-17  3.24342E-17
  8.000E-04  4.87388E-11  1.62188E-08  1.14897E-08  1.43135E-17  3.34805E-17
  8.250E-04  5.18325E-11  1.62188E-08  1.14897E-08  1.47608E-17  3.45267E-17
  8.500E-04  5.50215E-11  1.62188E-08  1.14897E-08  1.52081E-17  3.55730E-17
  8.750E-04  5.83057E-11  1.62188E-08  1.14897E-08  1.56554E-17  3.66192E-17
  9.000E-04  6.16850E-11  1.62188E-08  1.14897E-08  1.61027E-17  3.76655E-17
  9.250E-04  6.51595E-11  1.62188E-08  1.14897E-08  1.65500E-17  3.87118E-17
  9.500E-04  6.87293E-11  1.62188E-08  1.14897E-08  1.69973E-17  3.97580E-17
  9.750E-04  7.23943E-11  1.62188E-08  1.14897E-08  1.74446E-17  4.08043E-17
  1.000E-03  7.61544E-11  1.62188E-08  1.14897E-08  1.78919E-17  4.18506E-17
  1.250E-03  1.18991E-10  1.62188E-08  1.14897E-08  2.23649E-17  5.23132E-17
  1.500E-03  1.71347E-10  1.62188E-08  1.14897E-08  2.68379E-17  6.27758E-17
  1.750E-03  2.33223E-10  1.62188E-08  1.14897E-08  3.13109E-17  7.32385E-17
  2.000E-03  3.04617E-10  1.62188E-08  1.14897E-08  3.57838E-17  8.37011E-17
  2.250E-03  3.85531E-10  1.62188E-08  1.14897E-08  4.02568E-17  9.41638E-17
  2.500E-03  4.75965E-10  1.62188E-08  1.14897E-08  4.47298E-17  1.04626E-16
  2.750E-03  5.75917E-10  1.62188E-08  1.14897E-08  4.92028E-17  1.15089E-16
  3.000E-03  6.85389E-10  1.62188E-08  1.14897E-08  5.36757E-17  1.25552E-16
  3.250E-03  8.04380E-10  1.62188E-08  1.14897E-08  5.81487E-17  1.36014E-16
  3.500E-03  9.32891E-10  1.62188E-08  1.14897E-08  6.26217E-17  1.46477E-16
  3.750E-03  1.07092E-09  1.62188E-08  1.14897E-08  6.70947E-17  1.56940E-16
  4.000E-03  1.21847E-09  1.62188E-08  1.14897E-08  7.15677E-17  1.67402E-16
  4.250E-03  1.37554E-09  1.62188E-08  1.14897E-08  7.60406E-17  1.77865E-16
  4.500E-03  1.54213E-09  1.62188E-08  1.14897E-08  8.05136E-17  1.88328E-16
  4.750E-03  1.71823E-09  1.62188E-08  1.14897E-08  8.49866E-17  1.98790E-16
  5.000E-03  1.90386E-09  1.62188E-08  1.14897E-08  8.94596E-17  2.09253E-16
  5.250E-03  2.09900E-09  1.62188E-08  1.14897E-08  9.39325E-17  2.19715E-16
  5.500E-03  2.30367E-09  1.62188E-08  1.14897E-08  9.84055E-17  2.30178E-16
  5.750E-03  2.51785E-09  1.62188E-08  1.14897E-08  1.02878E-16  2.40641E-16
  6.000E-03  2.74156E-09  1.62188E-08  1.14897E-08  1.07351E-16  2.51103E-16
  6.250E-03  2.97478E-09  1.62188E-08  1.14897E-08  1.11824E-16  2.61566E-16
  6.500E-03  3.21752E-09  1.62188E-08  1.14897E-08  1.16297E-16  2.72029E-16
  6.750E-03  3.46978E-09  1.62188E-08  1.14897E-08  1.20770E-16  2.82491E-16
  7.000E-03  3.73156E-09  1.62188E-08  1.14897E-08  1.25243E-16  2.92954E-16
  7.250E-03  4.00286E-09  1.62188E-08  1.14897E-08  1.29716E-16  3.03417E-16
  7.500E-03  4.28368E-09  1.62188E-08  1.14897E-08  1.34189E-16  3.13879E-16
  7.750E-03  4.57402E-09  1.62188E-08  1.14897E-08  1.38662E-16  3.24342E-16
  8.000E-03  4.87388E-09  1.62188E-08  1.14897E-08  1.43135E-16  3.34805E-16
  8.250E-03  5.18326E-09  1.62188E-08  1.14897E-08  1.47608E-16  3.45267E-16
  8.500E-03  5.50215E-09  1.62188E-08  1.14897E-08  1.52081E-16  3.55730E-16
  8.750E-03  5.83057E-09  1.62188E-08  1.14897E-08  1.56554E-16  3.66192E-16
  9.000E-03  6.16850E-09  1.62188E-08  1.14897E-08  1.61027E-16  3.76655E-16
  9.250E-03  6.51596E-09  1.62188E-08  1.14897E-08  1.65500E-16  3.87118E-16
  9.500E-03  6.87293E-09  1.62188E-08  1.14897E-08  1.69973E-16  3.97580E-16
  9.750E-03  7.23942E-09  1.62188E-08  1.14897E-08  1.74446E-16  4.08043E-16
  1.000E-02  7.61544E-09  1.62188E-08  1.14897E-08  1.78919E-16  4.18506E-16
  1.250E-02  1.18991E-08  1.62188E-08  1.14897E-08  2.23649E-16  5.23132E-16
  1.500E-02  1.71347E-08  1.62188E-08  1.14897E-08  2.68378E-16  6.27758E-16
  1.750E-02  2.33223E-08  1.62188E-08  1.14897E-08  3.13108E-16  7.32385E-16
  2.000E-02  3.04617E-08  1.62188E-08  1.14897E-08  3.57838E-16  8.37011E-16
  2.250E-02  3.85531E-08  1.62188E-08  1.14897E-08  4.02567E-16  9.41638E-16
  2.500E-02  4.75965E-08  1.62188E-08  1.14897E-08  4.47297E-16  1.04626E-15
  2.750E-02  5.75917E-08  1.62188E-08  1.14897E-08  4.92026E-16  1.15089E-15
  3.000E-02  6.85389E-08  1.62188E-08  1.14897E-08  5.36756E-16  1.25552E-15
  3.250E-02  8.04380E-08  1.62188E-08  1.14897E-08  5.81485E-16  1.36014E-15
  3.500E-02  9.32891E-08  1.62188E-08  1.14897E-08  6.26214E-16  1.46477E-15
  3.750E-02  1.07092E-07  1.62188E-08  1.14897E-08  6.70943E-16  1.56940E-15
  4.000E-02  1.21847E-07  1.62188E-08  1.14897E-08  7.15672E-16  1.67402E-15
  4.250E-02  1.37554E-07  1.62188E-08  1.14897E-08  7.60401E-16  1.77865E-15
  4.500E-02  1.54213E-07  1.62188E-08  1.14897E-08  8.05130E-16  1.88327E-15
  4.750E-02  1.71823E-07  1.62188E-08  1.14897E-08  8.49858E-16  1.98790E-15
  5.000E-02  1.90386E-07  1.62187E-08  1.14897E-08  8.94587E-16  2.09253E-15
  5.250E-02  2.09900E-07  1.62187E-08  1.14897E-08  9.39315E-16  2.19715E-15
  5.500E-02  2.30367E-07  1.62187E-08  1.14897E-08  9.84043E-16  2.30178E-15
  5.750E-02  2.51785E-07  1.62187E-08  1.14897E-08  1.02877E-15  2.40640E-15
  6.000E-02  2.74156E-07  1.62187E-08  1.14897E-08  1.07350E-15  2.51103E-15
  6.250E-02  2.97478E-07  1.62187E-08  1.14897E-08  1.11823E-15  2.61566E-15
  6.500E-02  3.21752E-07  1.62187E-08  1.14897E-08  1.16295E-15  2.72028E-15
  6.750E-02  3.46978E-07  1.62187E-08  1.14897E-08  1.20768E-15  2.82491E-15
  7.000E-02  3.73156E-07  1.62187E-08  1.14897E-08  1.25241E-15  2.92953E-15
  7.250E-02  4.00286E-07  1.62187E-08  1.14897E-08  1.29714E-15  3.03416E-15
  7.500E-02  4.28368E-07  1.62187E-08  1.14897E-08  1.34186E-15  3.13879E-15
  7.750E-02  4.57402E-07  1.62186E-08  1.14897E-08  1.38659E-15  3.24341E-15
  8.000E-02  4.87388E-07  1.62186E-08  1.14897E-08  1.43132E-15  3.34804E-15
  8.250E-02  5.18325E-07  1.62186E-08  1.14897E-08  1.47604E-15  3.45266E-15
  8.500E-02  5.50215E-07  1.62186E-08  1.14897E-08  1.52077E-15  3.55729E-15
  8.750E-02  5.83057E-07  1.62186E-08  1.14897E-08  1.56549E-15  3.66191E-15
  9.000E-02  6.16850E-07  1.62186E-08  1.14897E-08  1.61022E-15  3.76654E-15
  9.250E-02  6.51596E-07  1.62186E-08  1.14897E-08  1.65495E-15  3.87117E-15
  9.500E-02  6.87293E-07  1.62185E-08  1.14897E-08  1.69967E-15  3.97579E-15
  9.750E-02  7.23942E-07  1.62185E-08  1.14897E-08  1.74439E-15  4.08042E-15
  1.000E-01  7.61543E-07  1.62185E-08  1.14897E-08  1.78912E-15  4.18504E-15
  1.250E-01  1.18991E-06  1.62183E-08  1.14896E-08  2.23635E-15  5.23129E-15
  1.500E-01  1.71347E-06  1.62181E-08  1.14896E-08  2.68354E-15  6.27753E-15
  1.750E-01  2.33223E-06  1.62179E-08  1.14896E-08  3.13070E-15  7.32377E-15
  2.000E-01  3.04617E-06  1.62176E-08  1.14895E-08  3.57781E-15  8.36999E-15
  2.250E-01  3.85531E-06  1.62173E-08  1.14894E-08  4.02486E-15  9.41620E-15
  2.500E-01  4.75964E-06  1.62169E-08  1.14894E-08  4.47185E-15  1.04624E-14
  2.750E-01  5.75916E-06  1.62165E-08  1.14893E-08  4.91878E-15  1.15086E-14
  3.000E-01  6.85388E-06  1.62161E-08  1.14892E-08  5.36563E-15  1.25548E-14
  3.250E-01  8.04378E-06  1.62156E-08  1.14891E-08  5.81240E-15  1.36009E-14
  3.500E-01  9.32888E-06  1.62151E-08  1.14890E-08  6.25908E-15  1.46470E-14
  3.750E-01  1.07092E-05  1.62145E-08  1.14889E-08  6.70566E-15  1.56932E-14
  4.000E-01  1.21846E-05  1.62139E-08  1.14888E-08  7.15215E-15  1.67392E-14
  4.250E-01  1.37553E-05  1.62133E-08  1.14887E-08  7.59853E-15  1.77853E-14
  4.500E-01  1.54212E-05  1.62126E-08  1.14886E-08  8.04479E-15  1.88314E-14
  4.750E-01  1.71822E-05  1.62119E-08  1.14885E-08  8.49093E-15  1.98774E-14
  5.000E-01  1.90385E-05  1.62112E-08  1.14883E-08  8.93694E-15  2.09234E-14
  5.250E-01  2.09899E-05  1.62104E-08  1.14882E-08  9.38282E-15  2.19693E-14
  5.500E-01  2.30365E-05  1.62096E-08  1.14880E-08  9.82855E-15  2.30153E-14
  5.750E-01  2.51783E-05  1.62087E-08  1.14879E-08  1.02741E-14  2.40612E-14
  6.000E-01  2.74153E-05  1.62078E-08  1.14877E-08  1.07196E-14  2.51070E-14
  6.250E-01  2.97475E-05  1.62069E-08  1.14875E-08  1.11648E-14  2.61529E-14
  6.500E-01  3.21749E-05  1.62059E-08  1.14873E-08  1.16099E-14  2.71987E-14
  6.750E-01  3.46974E-05  1.62049E-08  1.14872E-08  1.20549E-14  2.82444E-14
  7.000E-01  3.73152E-05  1.62039E-08  1.14870E-08  1.24996E-14  2.92901E-14
  7.250E-01  4.00281E-05  1.62028E-08  1.14868E-08  1.29442E-14  3.03358E-14
  7.500E-01  4.28362E-05  1.62017E-08  1.14866E-08  1.33885E-14  3.13815E-14
  7.750E-01  4.57395E-05  1.62005E-08  1.14863E-08  1.38327E-14  3.24271E-14
  8.000E-01  4.87380E-05  1.61993E-08  1.14861E-08  1.42766E-14  3.34726E-14
  8.250E-01  5.18317E-05  1.61981E-08  1.14859E-08  1.47203E-14  3.45181E-14
  8.500E-01  5.50205E-05  1.61968E-08  1.14857E-08  1.51639E-14  3.55636E-14
  8.750E-01  5.83045E-05  1.61955E-08  1.14854E-08  1.56071E-14  3.66090E-14
  9.000E-01  6.16838E-05  1.61941E-08  1.14852E-08  1.60502E-14  3.76543E-14
  9.250E-01  6.51582E-05  1.61928E-08  1.14849E-08  1.64930E-14  3.86997E-14
  9.500E-01  6.87277E-05  1.61913E-08  1.14846E-08  1.69355E-14  3.97449E-14
  9.750E-01  7.23925E-05  1.61899E-08  1.14844E-08  1.73778E-14  4.07901E-14
  1.000E+00  7.61524E-05  1.61884E-08  1.14841E-08  1.78198E-14  4.18353E-14
  1.100E+00  9.21439E-05  1.61820E-08  1.14829E-08  1.95852E-14  4.60152E-14
  1.200E+00  1.09658E-04  1.61750E-08  1.14816E-08  2.13458E-14  5.01942E-14
  1.300E+00  1.28695E-04  1.61674E-08  1.14802E-08  2.31013E-14  5.43721E-14
  1.400E+00  1.49255E-04  1.61592E-08  1.14787E-08  2.48511E-14  5.85488E-14
  1.500E+00  1.71338E-04  1.61504E-08  1.14770E-08  2.65950E-14  6.27242E-14
  1.600E+00  1.94942E-04  1.61410E-08  1.14753E-08  2.83323E-14  6.68982E-14
  1.700E+00  2.20070E-04  1.61310E-08  1.14734E-08  3.00629E-14  7.10708E-14
  1.800E+00  2.46720E-04  1.61204E-08  1.14715E-08  3.17861E-14  7.52418E-14
  1.900E+00  2.74892E-04  1.61092E-08  1.14694E-08  3.35017E-14  7.94111E-14
  2.000E+00  3.04586E-04  1.60974E-08  1.14672E-08  3.52091E-14  8.35787E-14
  2.100E+00  3.35803E-04  1.60850E-08  1.14649E-08  3.69080E-14  8.77445E-14
  2.200E+00  3.68542E-04  1.60720E-08  1.14625E-08  3.85979E-14  9.19083E-14
  2.300E+00  4.02802E-04  1.60584E-08  1.14599E-08  4.02785E-14  9.60702E-14
  2.400E+00  4.38585E-04  1.60443E-08  1.14573E-08  4.19493E-14  1.00230E-13
  2.500E+00  4.75889E-04  1.60295E-08  1.14545E-08  4.36099E-14  1.04387E-13
  2.600E+00  5.14715E-04  1.60142E-08  1.14517E-08  4.52600E-14  1.08543E-13
  2.700E+00  5.55063E-04  1.59983E-08  1.14487E-08  4.68990E-14  1.12696E-13
  2.800E+00  5.96931E-04  1.59818E-08  1.14456E-08  4.85267E-14  1.16846E-13
  2.900E+00  6.40321E-04  1.59647E-08  1.14424E-08  5.01426E-14  1.20994E-13
  3.000E+00  6.85233E-04  1.59470E-08  1.14391E-08  5.17463E-14  1.25139E-13
  3.100E+00  7.31665E-04  1.59288E-08  1.14356E-08  5.33374E-14  1.29281E-13
  3.200E+00  7.79618E-04  1.59100E-08  1.14321E-08  5.49156E-14  1.33421E-13
  3.300E+00  8.29092E-04  1.58906E-08  1.14285E-08  5.64804E-14  1.37558E-13
  3.400E+00  8.80086E-04  1.58707E-08  1.14247E-08  5.80314E-14  1.41691E-13
  3.500E+00  9.32601E-04  1.58502E-08  1.14208E-08  5.95684E-14  1.45822E-13
  3.600E+00  9.86636E-04  1.58291E-08  1.14169E-08  6.10908E-14  1.49949E-13
  3.700E+00  1.04219E-03  1.58075E-08  1.14128E-08  6.25983E-14  1.54074E-13
  3.800E+00  1.09927E-03  1.57853E-08  1.14086E-08  6.40906E-14  1.58194E-13
  3.900E+00  1.15786E-03  1.57626E-08  1.14043E-08  6.55673E-14  1.62312E-13
  4.000E+00  1.21797E-03  1.57393E-08  1.13998E-08  6.70279E-14  1.66426E-13
  4.100E+00  1.27961E-03  1.57154E-08  1.13953E-08  6.84722E-14  1.70536E-13
  4.200E+00  1.34276E-03  1.56910E-08  1.13907E-08  6.98998E-14  1.74642E-13
  4.300E+00  1.40743E-03  1.56661E-08  1.13859E-08  7.13103E-14  1.78745E-13
  4.400E+00  1.47362E-03  1.56406E-08  1.13810E-08  7.27034E-14  1.82843E-13
  4.500E+00  1.54133E-03  1.56146E-08  1.13761E-08  7.40787E-14  1.86938E-13
  4.600E+00  1.61056E-03  1.55881E-08  1.13710E-08  7.54359E-14  1.91029E-13
  4.700E+00  1.68131E-03  1.55610E-08  1.13658E-08  7.67746E-14  1.95115E-13
  4.800E+00  1.75357E-03  1.55334E-08  1.13605E-08  7.80944E-14  1.99198E-13
  4.900E+00  1.82735E-03  1.55053E-08  1.13551E-08  7.93952E-14  2.03276E-13
  5.000E+00  1.90265E-03  1.54766E-08  1.13496E-08  8.06764E-14  2.07349E-13
  5.100E+00  1.97947E-03  1.54475E-08  1.13440E-08  8.19378E-14  2.11418E-13
  5.200E+00  2.05780E-03  1.54178E-08  1.13382E-08  8.31791E-14  2.15482E-13
  5.300E+00  2.13765E-03  1.53876E-08  1.13324E-08  8.44000E-14  2.19542E-13
  5.400E+00  2.21902E-03  1.53569E-08  1.13264E-08  8.56001E-14  2.23597E-13
  5.500E+00  2.30190E-03  1.53257E-08  1.13204E-08  8.67790E-14  2.27647E-13
  5.600E+00  2.38630E-03  1.52940E-08  1.13142E-08  8.79366E-14  2.31692E-13
  5.700E+00  2.47222E-03  1.52618E-08  1.13079E-08  8.90725E-14  2.35733E-13
  5.800E+00  2.55965E-03  1.52291E-08  1.13016E-08  9.01864E-14  2.39768E-13
  5.900E+00  2.64859E-03  1.51960E-08  1.12951E-08  9.12780E-14  2.43797E-13
  6.000E+00  2.73905E-03  1.51623E-08  1.12885E-08  9.23470E-14  2.47822E-13
  6.100E+00  2.83103E-03  1.51282E-08  1.12818E-08  9.33932E-14  2.51841E-13
  6.200E+00  2.92452E-03  1.50936E-08  1.12750E-08  9.44162E-14  2.55855E-13
  6.300E+00  3.01952E-03  1.50585E-08  1.12681E-08  9.54157E-14  2.59863E-13
  6.400E+00  3.11604E-03  1.50230E-08  1.12610E-08  9.63916E-14  2.63866E-13
  6.500E+00  3.21407E-03  1.49870E-08  1.12539E-08  9.73434E-14  2.67863E-13
  6.600E+00  3.31362E-03  1.49505E-08  1.12467E-08  9.82710E-14  2.71854E-13
  6.700E+00  3.41468E-03  1.49136E-08  1.12393E-08  9.91741E-14  2.75839E-13
  6.800E+00  3.51725E-03  1.48762E-08  1.12319E-08  1.00052E-13  2.79818E-13
  6.900E+00  3.62133E-03  1.48384E-08  1.12243E-08  1.00906E-13  2.83792E-13
  7.000E+00  3.72692E-03  1.48001E-08  1.12167E-08  1.01734E-13  2.87759E-13
  7.100E+00  3.83403E-03  1.47614E-08  1.12089E-08  1.02536E-13  2.91720E-13
  7.200E+00  3.94265E-03  1.47223E-08  1.12011E-08  1.03313E-13  2.95674E-13
  7.300E+00  4.05278E-03  1.46827E-08  1.11931E-08  1.04064E-13  2.99623E-13
  7.400E+00  4.16442E-03  1.46427E-08  1.11850E-08  1.04789E-13  3.03565E-13
  7.500E+00  4.27757E-03  1.46023E-08  1.11769E-08  1.05487E-13  3.07500E-13
  7.600E+00  4.39223E-03  1.45615E-08  1.11686E-08  1.06158E-13  3.11429E-13
  7.700E+00  4.50840E-03  1.45202E-08  1.11602E-08  1.06803E-13  3.15351E-13
  7.800E+00  4.62608E-03  1.44786E-08  1.11517E-08  1.07421E-13  3.19266E-13
  7.900E+00  4.74527E-03  1.44365E-08  1.11431E-08  1.08011E-13  3.23175E-13
  8.000E+00  4.86597E-03  1.43941E-08  1.11344E-08  1.08574E-13  3.27076E-13
  8.100E+00  4.98817E-03  1.43512E-08  1.11257E-08  1.09109E-13  3.30971E-13
  8.200E+00  5.11188E-03  1.43080E-08  1.11168E-08  1.09616E-13  3.34858E-13
  8.300E+00  5.23711E-03  1.42644E-08  1.11078E-08  1.10095E-13  3.38738E-13
  8.400E+00  5.36383E-03  1.42204E-08  1.10987E-08  1.10546E-13  3.42611E-13
  8.500E+00  5.49207E-03  1.41760E-08  1.10895E-08  1.10969E-13  3.46477E-13
  8.600E+00  5.62181E-03  1.41313E-08  1.10802E-08  1.11363E-13  3.50336E-13
  8.700E+00  5.75306E-03  1.40862E-08  1.10708E-08  1.11728E-13  3.54186E-13
  8.800E+00  5.88581E-03  1.40407E-08  1.10613E-08  1.12064E-13  3.58030E-13
  8.900E+00  6.02007E-03  1.39949E-08  1.10517E-08  1.12371E-13  3.61866E-13
  9.000E+00  6.15583E-03  1.39487E-08  1.10420E-08  1.12649E-13  3.65694E-13
  9.100E+00  6.29310E-03  1.39022E-08  1.10322E-08  1.12898E-13  3.69514E-13
  9.200E+00  6.43187E-03  1.38553E-08  1.10223E-08  1.13117E-13  3.73326E-13
  9.300E+00  6.57214E-03  1.38081E-08  1.10123E-08  1.13306E-13  3.77131E-13
  9.400E+00  6.71392E-03  1.37606E-08  1.10022E-08  1.13466E-13  3.80927E-13
  9.500E+00  6.85720E-03  1.37127E-08  1.09920E-08  1.13595E-13  3.84716E-13
  9.600E+00  7.00198E-03  1.36645E-08  1.09817E-08  1.13695E-13  3.88496E-13
  9.700E+00  7.14827E-03  1.36160E-08  1.09713E-08  1.13764E-13  3.92268E-13
  9.800E+00  7.29605E-03  1.35672E-08  1.09608E-08  1.13803E-13  3.96032E-13
  9.900E+00  7.44534E-03  1.35181E-08  1.09503E-08  1.13812E-13  3.99787E-13
  1.000E+01  7.59612E-03  1.34687E-08  1.09396E-08  1.13790E-13  4.03534E-13
  1.025E+01  7.97965E-03  1.33438E-08  1.09125E-08  1.13601E-13  4.12864E-13
  1.050E+01  8.37255E-03  1.32172E-08  1.08847E-08  1.13220E-13  4.22139E-13
  1.075E+01  8.77480E-03  1.30888E-08  1.08564E-08  1.12644E-13  4.31360E-13
  1.100E+01  9.18641E-03  1.29588E-08  1.08275E-08  1.11873E-13  4.40523E-13
  1.125E+01  9.60736E-03  1.28272E-08  1.07980E-08  1.10906E-13  4.49629E-13
  1.150E+01  1.00376E-02  1.26941E-08  1.07680E-08  1.09742E-13  4.58676E-13
  1.175E+01  1.04773E-02  1.25596E-08  1.07373E-08  1.08380E-13  4.67664E-13
  1.200E+01  1.09262E-02  1.24238E-08  1.07061E-08  1.06820E-13  4.76591E-13
  1.225E+01  1.13844E-02  1.22867E-08  1.06743E-08  1.05062E-13  4.85456E-13
  1.250E+01  1.18520E-02  1.21484E-08  1.06420E-08  1.03106E-13  4.94258E-13
  1.275E+01  1.23288E-02  1.20090E-08  1.06091E-08  1.00951E-13  5.02997E-13
  1.300E+01  1.28150E-02  1.18685E-08  1.05757E-08  9.85982E-14  5.11671E-13
  1.325E+01  1.33104E-02  1.17271E-08  1.05417E-08  9.60472E-14  5.20279E-13
  1.350E+01  1.38150E-02  1.15847E-08  1.05072E-08  9.32988E-14  5.28820E-13
  1.375E+01  1.43290E-02  1.14415E-08  1.04722E-08  9.03536E-14  5.37295E-13
  1.400E+01  1.48521E-02  1.12975E-08  1.04367E-08  8.72123E-14  5.45700E-13
  1.425E+01  1.53845E-02  1.11529E-08  1.04006E-08  8.38758E-14  5.54037E-13
  1.450E+01  1.59262E-02  1.10075E-08  1.03640E-08  8.03450E-14  5.62303E-13
  1.475E+01  1.64770E-02  1.08616E-08  1.03270E-08  7.66211E-14  5.70498E-13
  1.500E+01  1.70371E-02  1.07152E-08  1.02894E-08  7.27053E-14  5.78621E-13
  1.525E+01  1.76063E-02  1.05684E-08  1.02513E-08  6.85990E-14  5.86672E-13
  1.550E+01  1.81848E-02  1.04211E-08  1.02128E-08  6.43036E-14  5.94650E-13
  1.575E+01  1.87724E-02  1.02735E-08  1.01737E-08  5.98207E-14  6.02553E-13
  1.600E+01  1.93692E-02  1.01257E-08  1.01342E-08  5.51520E-14  6.10381E-13
  1.625E+01  1.99751E-02  9.97767E-09  1.00943E-08  5.02991E-14  6.18133E-13
  1.650E+01  2.05901E-02  9.82949E-09  1.00538E-08  4.52640E-14  6.25809E-13
  1.675E+01  2.12143E-02  9.68121E-09  1.00129E-08  4.00486E-14  6.33408E-13
  1.700E+01  2.18476E-02  9.53289E-09  9.97162E-09  3.46549E-14  6.40929E-13
  1.725E+01  2.24900E-02  9.38459E-09  9.92985E-09  2.90850E-14  6.48371E-13
  1.750E+01  2.31415E-02  9.23636E-09  9.88765E-09  2.33411E-14  6.55735E-13
  1.775E+01  2.38021E-02  9.08824E-09  9.84502E-09  1.74254E-14  6.63018E-13
  1.800E+01  2.44717E-02  8.94030E-09  9.80197E-09  1.13402E-14  6.70221E-13
  1.825E+01  2.51504E-02  8.79257E-09  9.75851E-09  5.08790E-15  6.77343E-13
  1.850E+01  2.58382E-02  8.64510E-09  9.71464E-09 -1.32905E-15  6.84384E-13
  1.875E+01  2.65349E-02  8.49794E-09  9.67037E-09 -7.90819E-15  6.91342E-13
  1.900E+01  2.72407E-02  8.35114E-09  9.62571E-09 -1.46470E-14  6.98218E-13
  1.925E+01  2.79555E-02  8.20473E-09  9.58067E-09 -2.15428E-14  7.05011E-13
  1.950E+01  2.86793E-02  8.05877E-09  9.53524E-09 -2.85931E-14  7.11720E-13
  1.975E+01  2.94120E-02  7.91328E-09  9.48945E-09 -3.57952E-14  7.18344E-13
  2.000E+01  3.01537E-02  7.76830E-09  9.44329E-09 -4.31463E-14  7.24884E-13
  2.025E+01  3.09043E-02  7.62389E-09  9.39676E-09 -5.06438E-14  7.31339E-13
  2.050E+01  3.16639E-02  7.48006E-09  9.34989E-09 -5.82848E-14  7.37709E-13
  2.075E+01  3.24324E-02  7.33687E-09  9.30268E-09 -6.60667E-14  7.43992E-13
  2.100E+01  3.32098E-02  7.19433E-09  9.25512E-09 -7.39864E-14  7.50189E-13
  2.125E+01  3.39961E-02  7.05249E-09  9.20724E-09 -8.20413E-14  7.56300E-13
  2.150E+01  3.47912E-02  6.91137E-09  9.15903E-09 -9.02285E-14  7.62323E-13
  2.175E+01  3.55952E-02  6.77102E-09  9.11050E-09 -9.85451E-14  7.68259E-13
  2.200E+01  3.64081E-02  6.63144E-09  9.06167E-09 -1.06988E-13  7.74107E-13
  2.225E+01  3.72297E-02  6.49268E-09  9.01253E-09 -1.15555E-13  7.79868E-13
  2.250E+01  3.80602E-02  6.35477E-09  8.96310E-09 -1.24242E-13  7.85539E-13
  2.275E+01  3.88995E-02  6.21771E-09  8.91337E-09 -1.33048E-13  7.91123E-13
  2.300E+01  3.97476E-02  6.08155E-09  8.86337E-09 -1.41968E-13  7.96617E-13
  2.325E+01  4.06044E-02  5.94631E-09  8.81309E-09 -1.51000E-13  8.02023E-13
  2.350E+01  4.14700E-02  5.81200E-09  8.76254E-09 -1.60141E-13  8.07339E-13
  2.375E+01  4.23443E-02  5.67864E-09  8.71173E-09 -1.69389E-13  8.12565E-13
  2.400E+01  4.32273E-02  5.54627E-09  8.66066E-09 -1.78739E-13  8.17702E-13
  2.425E+01  4.41190E-02  5.41490E-09  8.60935E-09 -1.88191E-13  8.22749E-13
  2.450E+01  4.50194E-02  5.28454E-09  8.55780E-09 -1.97739E-13  8.27706E-13
  2.475E+01  4.59284E-02  5.15521E-09  8.50601E-09 -2.07383E-13  8.32573E-13
  2.500E+01  4.68461E-02  5.02694E-09  8.45399E-09 -2.17118E-13  8.37350E-13
  2.550E+01  4.87074E-02  4.77360E-09  8.34931E-09 -2.36852E-13  8.46632E-13
  2.600E+01  5.06030E-02  4.52464E-09  8.24380E-09 -2.56920E-13  8.55552E-13
  2.650E+01  5.25328E-02  4.28016E-09  8.13751E-09 -2.77299E-13  8.64110E-13
  2.700E+01  5.44967E-02  4.04024E-09  8.03050E-09 -2.97967E-13  8.72305E-13
  2.750E+01  5.64946E-02  3.80495E-09  7.92282E-09 -3.18903E-13  8.80138E-13
  2.800E+01  5.85262E-02  3.57436E-09  7.81453E-09 -3.40085E-13  8.87609E-13
  2.850E+01  6.05914E-02  3.34852E-09  7.70567E-09 -3.61493E-13  8.94719E-13
  2.900E+01  6.26901E-02  3.12747E-09  7.59630E-09 -3.83106E-13  9.01468E-13
  2.950E+01  6.48222E-02  2.91124E-09  7.48646E-09 -4.04905E-13  9.07858E-13
  3.000E+01  6.69873E-02  2.69986E-09  7.37621E-09 -4.26870E-13  9.13889E-13
  3.050E+01  6.91854E-02  2.49332E-09  7.26559E-09 -4.48983E-13  9.19564E-13
  3.100E+01  7.14163E-02  2.29165E-09  7.15466E-09 -4.71224E-13  9.24884E-13
  3.150E+01  7.36799E-02  2.09484E-09  7.04345E-09 -4.93576E-13  9.29851E-13
  3.200E+01  7.59760E-02  1.90287E-09  6.93202E-09 -5.16022E-13  9.34467E-13
  3.250E+01  7.83043E-02  1.71574E-09  6.82042E-09 -5.38544E-13  9.38734E-13
  3.300E+01  8.06647E-02  1.53342E-09  6.70868E-09 -5.61127E-13  9.42655E-13
  3.350E+01  8.30571E-02  1.35588E-09  6.59685E-09 -5.83755E-13  9.46232E-13
  3.400E+01  8.54812E-02  1.18309E-09  6.48498E-09 -6.06411E-13  9.49468E-13
  3.450E+01  8.79369E-02  1.01501E-09  6.37310E-09 -6.29082E-13  9.52366E-13
  3.500E+01  9.04240E-02  8.51605E-10  6.26126E-09 -6.51753E-13  9.54930E-13
  3.550E+01  9.29422E-02  6.92828E-10  6.14950E-09 -6.74410E-13  9.57162E-13
  3.600E+01  9.54915E-02  5.38629E-10  6.03786E-09 -6.97039E-13  9.59065E-13
  3.650E+01  9.80716E-02  3.88955E-10  5.92638E-09 -7.19629E-13  9.60644E-13
  3.700E+01  1.00682E-01  2.43753E-10  5.81509E-09 -7.42166E-13  9.61902E-13
  3.750E+01  1.03323E-01  1.02965E-10  5.70403E-09 -7.64638E-13  9.62843E-13
  3.800E+01  1.05995E-01 -3.34680E-11  5.59324E-09 -7.87034E-13  9.63470E-13
  3.850E+01  1.08696E-01 -1.65609E-10  5.48275E-09 -8.09344E-13  9.63788E-13
  3.900E+01  1.11427E-01 -2.93520E-10  5.37259E-09 -8.31556E-13  9.63801E-13
  3.950E+01  1.14188E-01 -4.17267E-10  5.26281E-09 -8.53660E-13  9.63513E-13
  4.000E+01  1.16978E-01 -5.36916E-10  5.15343E-09 -8.75646E-13  9.62928E-13
  4.050E+01  1.19797E-01 -6.52534E-10  5.04447E-09 -8.97506E-13  9.62051E-13
  4.100E+01  1.22645E-01 -7.64190E-10  4.93599E-09 -9.19230E-13  9.60885E-13
  4.150E+01  1.25522E-01 -8.71953E-10  4.82799E-09 -9.40810E-13  9.59437E-13
  4.200E+01  1.28428E-01 -9.75893E-10  4.72051E-09 -9.62237E-13  9.57709E-13
  4.250E+01  1.31361E-01 -1.07608E-09  4.61357E-09 -9.83503E-13  9.55708E-13
  4.300E+01  1.34323E-01 -1.17258E-09  4.50721E-09 -1.00460E-12  9.53437E-13
  4.350E+01  1.37313E-01 -1.26547E-09  4.40145E-09 -1.02553E-12  9.50902E-13
  4.400E+01  1.40330E-01 -1.35483E-09  4.29631E-09 -1.04627E-12  9.48107E-13
  4.450E+01  1.43375E-01 -1.44071E-09  4.19182E-09 -1.06682E-12  9.45057E-13
  4.500E+01  1.46447E-01 -1.52319E-09  4.08799E-09 -1.08718E-12  9.41757E-13
  4.550E+01  1.49545E-01 -1.60234E-09  3.98486E-09 -1.10734E-12  9.38212E-13
  4.600E+01  1.52671E-01 -1.67823E-09  3.88243E-09 -1.12730E-12  9.34428E-13
  4.650E+01  1.55823E-01 -1.75094E-09  3.78074E-09 -1.14704E-12  9.30408E-13
  4.700E+01  1.59001E-01 -1.82052E-09  3.67980E-09 -1.16657E-12  9.26159E-13
  4.750E+01  1.62205E-01 -1.88705E-09  3.57962E-09 -1.18588E-12  9.21684E-13
  4.800E+01  1.65435E-01 -1.95060E-09  3.48023E-09 -1.20496E-12  9.16990E-13
  4.850E+01  1.68690E-01 -2.01123E-09  3.38164E-09 -1.22381E-12  9.12081E-13
  4.900E+01  1.71970E-01 -2.06902E-09  3.28387E-09 -1.24243E-12  9.06963E-13
  4.950E+01  1.75276E-01 -2.12402E-09  3.18693E-09 -1.26081E-12  9.01640E-13
  5.000E+01  1.78606E-01 -2.17631E-09  3.09084E-09 -1.27896E-12  8.96118E-13
  5.050E+01  1.81961E-01 -2.22594E-09  2.99561E-09 -1.29686E-12  8.90401E-13
  5.100E+01  1.85340E-01 -2.27298E-09  2.90125E-09 -1.31451E-12  8.84496E-13
  5.150E+01  1.88743E-01 -2.31750E-09  2.80778E-09 -1.33192E-12  8.78406E-13
  5.200E+01  1.92169E-01 -2.35956E-09  2.71520E-09 -1.34907E-12  8.72137E-13
  5.250E+01  1.95619E-01 -2.39921E-09  2.62353E-09 -1.36597E-12  8.65694E-13
  5.300E+01  1.99092E-01 -2.43652E-09  2.53277E-09 -1.38261E-12  8.59081E-13
  5.350E+01  2.02589E-01 -2.47155E-09  2.44294E-09 -1.39899E-12  8.52305E-13
  5.400E+01  2.06107E-01 -2.50436E-09  2.35404E-09 -1.41511E-12  8.45370E-13
  5.450E+01  2.09649E-01 -2.53500E-09  2.26609E-09 -1.43097E-12  8.38281E-13
  5.500E+01  2.13212E-01 -2.56352E-09  2.17908E-09 -1.44657E-12  8.31043E-13
  5.550E+01  2.16797E-01 -2.59000E-09  2.09302E-09 -1.46190E-12  8.23660E-13
  5.600E+01  2.20404E-01 -2.61447E-09  2.00793E-09 -1.47696E-12  8.16138E-13
  5.650E+01  2.24032E-01 -2.63700E-09  1.92380E-09 -1.49176E-12  8.08481E-13
  5.700E+01  2.27680E-01 -2.65764E-09  1.84063E-09 -1.50629E-12  8.00695E-13
  5.750E+01  2.31350E-01 -2.67644E-09  1.75845E-09 -1.52054E-12  7.92784E-13
  5.800E+01  2.35040E-01 -2.69344E-09  1.67724E-09 -1.53453E-12  7.84752E-13
  5.850E+01  2.38751E-01 -2.70870E-09  1.59701E-09 -1.54825E-12  7.76605E-13
  5.900E+01  2.42481E-01 -2.72228E-09  1.51776E-09 -1.56169E-12  7.68346E-13
  5.950E+01  2.46231E-01 -2.73421E-09  1.43950E-09 -1.57487E-12  7.59982E-13
  6.000E+01  2.50000E-01 -2.74454E-09  1.36223E-09 -1.58777E-12  7.51515E-13
  6.050E+01  2.53788E-01 -2.75333E-09  1.28594E-09 -1.60040E-12  7.42951E-13
  6.100E+01  2.57595E-01 -2.76061E-09  1.21064E-09 -1.61276E-12  7.34294E-13
  6.150E+01  2.61421E-01 -2.76643E-09  1.13633E-09 -1.62484E-12  7.25549E-13
  6.200E+01  2.65264E-01 -2.77083E-09  1.06301E-09 -1.63666E-12  7.16720E-13
  6.250E+01  2.69126E-01 -2.77386E-09  9.90673E-10 -1.64820E-12  7.07810E-13
  6.300E+01  2.73005E-01 -2.77556E-09  9.19322E-10 -1.65947E-12  6.98825E-13
  6.350E+01  2.76901E-01 -2.77596E-09  8.48956E-10 -1.67047E-12  6.89769E-13
  6.400E+01  2.80814E-01 -2.77512E-09  7.79572E-10 -1.68120E-12  6.80645E-13
  6.450E+01  2.84744E-01 -2.77306E-09  7.11167E-10 -1.69165E-12  6.71458E-13
  6.500E+01  2.88691E-01 -2.76982E-09  6.43741E-10 -1.70184E-12  6.62212E-13
  6.550E+01  2.92653E-01 -2.76545E-09  5.77288E-10 -1.71177E-12  6.52910E-13
  6.600E+01  2.96632E-01 -2.75998E-09  5.11807E-10 -1.72142E-12  6.43558E-13
  6.650E+01  3.00625E-01 -2.75345E-09  4.47294E-10 -1.73080E-12  6.34158E-13
  6.700E+01  3.04634E-01 -2.74589E-09  3.83743E-10 -1.73992E-12  6.24714E-13
  6.750E+01  3.08658E-01 -2.73733E-09  3.21153E-10 -1.74878E-12  6.15230E-13
  6.800E+01  3.12697E-01 -2.72781E-09  2.59517E-10 -1.75737E-12  6.05710E-13
  6.850E+01  3.16749E-01 -2.71737E-09  1.98831E-10 -1.76570E-12  5.96158E-13
  6.900E+01  3.20816E-01 -2.70602E-09  1.39090E-10 -1.77376E-12  5.86576E-13
  6.950E+01  3.24896E-01 -2.69382E-09  8.02888E-11 -1.78157E-12  5.76969E-13
  7.000E+01  3.28990E-01 -2.68077E-09  2.24221E-11 -1.78911E-12  5.67340E-13
  7.050E+01  3.33097E-01 -2.66692E-09 -3.45160E-11 -1.79640E-12  5.57692E-13
  7.100E+01  3.37216E-01 -2.65230E-09 -9.05315E-11 -1.80343E-12  5.48029E-13
  7.150E+01  3.41348E-01 -2.63693E-09 -1.45631E-10 -1.81021E-12  5.38354E-13
  7.200E+01  3.45492E-01 -2.62084E-09 -1.99819E-10 -1.81673E-12  5.28670E-13
  7.250E+01  3.49647E-01 -2.60406E-09 -2.53105E-10 -1.82300E-12  5.18981E-13
  7.300E+01  3.53814E-01 -2.58661E-09 -3.05493E-10 -1.82901E-12  5.09289E-13
  7.350E+01  3.57992E-01 -2.56853E-09 -3.56991E-10 -1.83478E-12  4.99598E-13
  7.400E+01  3.62181E-01 -2.54983E-09 -4.07606E-10 -1.84030E-12  4.89910E-13
  7.450E+01  3.66381E-01 -2.53054E-09 -4.57345E-10 -1.84557E-12  4.80228E-13
  7.500E+01  3.70590E-01 -2.51068E-09 -5.06216E-10 -1.85060E-12  4.70556E-13
  7.550E+01  3.74810E-01 -2.49028E-09 -5.54226E-10 -1.85539E-12  4.60896E-13
  7.600E+01  3.79039E-01 -2.46937E-09 -6.01382E-10 -1.85993E-12  4.51251E-13
  7.650E+01  3.83277E-01 -2.44795E-09 -6.47692E-10 -1.86423E-12  4.41623E-13
  7.700E+01  3.87524E-01 -2.42606E-09 -6.93164E-10 -1.86830E-12  4.32016E-13
  7.750E+01  3.91780E-01 -2.40372E-09 -7.37806E-10 -1.87213E-12  4.22431E-13
  7.800E+01  3.96044E-01 -2.38094E-09 -7.81626E-10 -1.87572E-12  4.12872E-13
  7.850E+01  4.00316E-01 -2.35776E-09 -8.24632E-10 -1.87908E-12  4.03341E-13
  7.900E+01  4.04596E-01 -2.33417E-09 -8.66832E-10 -1.88221E-12  3.93841E-13
  7.950E+01  4.08882E-01 -2.31022E-09 -9.08234E-10 -1.88511E-12  3.84372E-13
  8.000E+01  4.13176E-01 -2.28590E-09 -9.48848E-10 -1.88778E-12  3.74939E-13
  8.050E+01  4.17476E-01 -2.26125E-09 -9.88680E-10 -1.89023E-12  3.65543E-13
  8.100E+01  4.21783E-01 -2.23628E-09 -1.02774E-09 -1.89245E-12  3.56187E-13
  8.150E+01  4.26095E-01 -2.21101E-09 -1.06603E-09 -1.89445E-12  3.46873E-13
  8.200E+01  4.30413E-01 -2.18545E-09 -1.10358E-09 -1.89623E-12  3.37602E-13
  8.250E+01  4.34737E-01 -2.15962E-09 -1.14037E-09 -1.89779E-12  3.28377E-13
  8.300E+01  4.39065E-01 -2.13354E-09 -1.17642E-09 -1.89914E-12  3.19199E-13
  8.350E+01  4.43398E-01 -2.10722E-09 -1.21175E-09 -1.90027E-12  3.10072E-13
  8.400E+01  4.47736E-01 -2.08068E-09 -1.24635E-09 -1.90119E-12  3.00996E-13
  8.450E+01  4.52077E-01 -2.05393E-09 -1.28025E-09 -1.90189E-12  2.91974E-13
  8.500E+01  4.56422E-01 -2.02699E-09 -1.31343E-09 -1.90239E-12  2.83007E-13
  8.550E+01  4.60770E-01 -1.99986E-09 -1.34593E-09 -1.90268E-12  2.74098E-13
  8.600E+01  4.65122E-01 -1.97257E-09 -1.37774E-09 -1.90277E-12  2.65247E-13
  8.650E+01  4.69476E-01 -1.94513E-09 -1.40887E-09 -1.90265E-12  2.56457E-13
  8.700E+01  4.73832E-01 -1.91754E-09 -1.43933E-09 -1.90234E-12  2.47728E-13
  8.750E+01  4.78190E-01 -1.88983E-09 -1.46913E-09 -1.90182E-12  2.39064E-13
  8.800E+01  4.82550E-01 -1.86200E-09 -1.49828E-09 -1.90110E-12  2.30465E-13
  8.850E+01  4.86912E-01 -1.83407E-09 -1.52679E-09 -1.90020E-12  2.21932E-13
  8.900E+01  4.91274E-01 -1.80604E-09 -1.55466E-09 -1.89909E-12  2.13468E-13
  8.950E+01  4.95637E-01 -1.77793E-09 -1.58191E-09 -1.89780E-12  2.05074E-13
  9.000E+01  5.00000E-01 -1.74975E-09 -1.60854E-09 -1.89631E-12  1.96750E-13
  9.050E+01  5.04363E-01 -1.72151E-09 -1.63457E-09 -1.89464E-12  1.88498E-13
  9.100E+01  5.08726E-01 -1.69321E-09 -1.65999E-09 -1.89278E-12  1.80320E-13
  9.150E+01  5.13088E-01 -1.66488E-09 -1.68482E-09 -1.89074E-12  1.72217E-13
  9.200E+01  5.17450E-01 -1.63651E-09 -1.70908E-09 -1.88852E-12  1.64189E-13
  9.250E+01  5.21810E-01 -1.60812E-09 -1.73275E-09 -1.88611E-12  1.56239E-13
  9.300E+01  5.26168E-01 -1.57972E-09 -1.75587E-09 -1.88353E-12  1.48367E-13
  9.350E+01  5.30524E-01 -1.55131E-09 -1.77842E-09 -1.88077E-12  1.40574E-13
  9.400E+01  5.34878E-01 -1.52291E-09 -1.80043E-09 -1.87784E-12  1.32861E-13
  9.450E+01  5.39230E-01 -1.49452E-09 -1.82190E-09 -1.87473E-12  1.25230E-13
  9.500E+01  5.43578E-01 -1.46614E-09 -1.84284E-09 -1.87145E-12  1.17680E-13
  9.550E+01  5.47923E-01 -1.43780E-09 -1.86325E-09 -1.86801E-12  1.10214E-13
  9.600E+01  5.52264E-01 -1.40948E-09 -1.88314E-09 -1.86440E-12  1.02832E-13
  9.650E+01  5.56602E-01 -1.38121E-09 -1.90253E-09 -1.86062E-12  9.55344E-14
  9.700E+01  5.60935E-01 -1.35299E-09 -1.92143E-09 -1.85668E-12  8.83226E-14
  9.750E+01  5.65263E-01 -1.32483E-09 -1.93982E-09 -1.85258E-12  8.11972E-14
  9.800E+01  5.69587E-01 -1.29672E-09 -1.95774E-09 -1.84832E-12  7.41589E-14
  9.850E+01  5.73905E-01 -1.26869E-09 -1.97518E-09 -1.84390E-12  6.72085E-14
  9.900E+01  5.78217E-01 -1.24073E-09 -1.99216E-09 -1.83932E-12  6.03465E-14
  9.950E+01  5.82524E-01 -1.21284E-09 -2.00867E-09 -1.83459E-12  5.35737E-14
  1.000E+02  5.86824E-01 -1.18505E-09 -2.02473E-09 -1.82971E-12  4.68906E-14
  1.005E+02  5.91118E-01 -1.15734E-09 -2.04035E-09 -1.82468E-12  4.02979E-14
  1.010E+02  5.95404E-01 -1.12973E-09 -2.05554E-09 -1.81950E-12  3.37959E-14
  1.015E+02  5.99684E-01 -1.10222E-09 -2.07029E-09 -1.81417E-12  2.73854E-14
  1.020E+02  6.03956E-01 -1.07482E-09 -2.08462E-09 -1.80870E-12  2.10667E-14
  1.025E+02  6.08220E-01 -1.04753E-09 -2.09854E-09 -1.80308E-12  1.48403E-14
  1.030E+02  6.12476E-01 -1.02036E-09 -2.11205E-09 -1.79732E-12  8.70660E-15
  1.035E+02  6.16723E-01 -9.93303E-10 -2.12516E-09 -1.79142E-12  2.66602E-15
  1.040E+02  6.20961E-01 -9.66372E-10 -2.13788E-09 -1.78539E-12 -3.28109E-15
  1.045E+02  6.25190E-01 -9.39569E-10 -2.15022E-09 -1.77921E-12 -9.13438E-15
  1.050E+02  6.29410E-01 -9.12898E-10 -2.16217E-09 -1.77290E-12 -1.48936E-14
  1.055E+02  6.33619E-01 -8.86363E-10 -2.17376E-09 -1.76646E-12 -2.05583E-14
  1.060E+02  6.37819E-01 -8.59968E-10 -2.18498E-09 -1.75989E-12 -2.61285E-14
  1.065E+02  6.42008E-01 -8.33715E-10 -2.19585E-09 -1.75318E-12 -3.16037E-14
  1.070E+02  6.46186E-01 -8.07609E-10 -2.20636E-09 -1.74635E-12 -3.69838E-14
  1.075E+02  6.50353E-01 -7.81652E-10 -2.21653E-09 -1.73939E-12 -4.22687E-14
  1.080E+02  6.54508E-01 -7.55847E-10 -2.22637E-09 -1.73231E-12 -4.74581E-14
  1.085E+02  6.58652E-01 -7.30198E-10 -2.23587E-09 -1.72510E-12 -5.25520E-14
  1.090E+02  6.62784E-01 -7.04707E-10 -2.24505E-09 -1.71777E-12 -5.75502E-14
  1.095E+02  6.66903E-01 -6.79377E-10 -2.25392E-09 -1.71032E-12 -6.24526E-14
  1.100E+02  6.71010E-01 -6.54211E-10 -2.26247E-09 -1.70275E-12 -6.72592E-14
  1.105E+02  6.75104E-01 -6.29210E-10 -2.27071E-09 -1.69506E-12 -7.19700E-14
  1.110E+02  6.79184E-01 -6.04377E-10 -2.27866E-09 -1.68726E-12 -7.65849E-14
  1.115E+02  6.83251E-01 -5.79715E-10 -2.28632E-09 -1.67934E-12 -8.11039E-14
  1.120E+02  6.87303E-01 -5.55225E-10 -2.29369E-09 -1.67131E-12 -8.55271E-14
  1.125E+02  6.91342E-01 -5.30910E-10 -2.30078E-09 -1.66317E-12 -8.98545E-14
  1.130E+02  6.95366E-01 -5.06771E-10 -2.30760E-09 -1.65492E-12 -9.40861E-14
  1.135E+02  6.99375E-01 -4.82811E-10 -2.31415E-09 -1.64656E-12 -9.82221E-14
  1.140E+02  7.03368E-01 -4.59030E-10 -2.32043E-09 -1.63809E-12 -1.02263E-13
  1.145E+02  7.07347E-01 -4.35431E-10 -2.32646E-09 -1.62952E-12 -1.06208E-13
  1.150E+02  7.11309E-01 -4.12016E-10 -2.33224E-09 -1.62084E-12 -1.10057E-13
  1.155E+02  7.15256E-01 -3.88784E-10 -2.33777E-09 -1.61206E-12 -1.13812E-13
  1.160E+02  7.19186E-01 -3.65739E-10 -2.34306E-09 -1.60318E-12 -1.17472E-13
  1.165E+02  7.23099E-01 -3.42881E-10 -2.34812E-09 -1.59420E-12 -1.21037E-13
  1.170E+02  7.26995E-01 -3.20212E-10 -2.35294E-09 -1.58513E-12 -1.24507E-13
  1.175E+02  7.30874E-01 -2.97732E-10 -2.35755E-09 -1.57595E-12 -1.27883E-13
  1.180E+02  7.34736E-01 -2.75442E-10 -2.36193E-09 -1.56668E-12 -1.31166E-13
  1.185E+02  7.38579E-01 -2.53344E-10 -2.36610E-09 -1.55731E-12 -1.34354E-13
  1.190E+02  7.42405E-01 -2.31439E-10 -2.37007E-09 -1.54785E-12 -1.37449E-13
  1.195E+02  7.46212E-01 -2.09727E-10 -2.37382E-09 -1.53830E-12 -1.40451E-13
  1.200E+02  7.50000E-01 -1.88210E-10 -2.37738E-09 -1.52866E-12 -1.43359E-13
  1.205E+02  7.53769E-01 -1.66887E-10 -2.38075E-09 -1.51893E-12 -1.46176E-13
  1.210E+02  7.57519E-01 -1.45759E-10 -2.38393E-09 -1.50911E-12 -1.48900E-13
  1.215E+02  7.61249E-01 -1.24828E-10 -2.38692E-09 -1.49921E-12 -1.51532E-13
  1.220E+02  7.64960E-01 -1.04094E-10 -2.38974E-09 -1.48921E-12 -1.54073E-13
  1.225E+02  7.68650E-01 -8.35561E-11 -2.39238E-09 -1.47914E-12 -1.56523E-13
  1.230E+02  7.72320E-01 -6.32162E-11 -2.39485E-09 -1.46898E-12 -1.58882E-13
  1.235E+02  7.75968E-01 -4.30743E-11 -2.39715E-09 -1.45874E-12 -1.61150E-13
  1.240E+02  7.79596E-01 -2.31306E-11 -2.39929E-09 -1.44842E-12 -1.63329E-13
  1.245E+02  7.83203E-01 -3.38544E-12 -2.40128E-09 -1.43802E-12 -1.65419E-13
  1.250E+02  7.86788E-01  1.61609E-11 -2.40311E-09 -1.42754E-12 -1.67419E-13
  1.255E+02  7.90351E-01  3.55083E-11 -2.40480E-09 -1.41699E-12 -1.69331E-13
  1.260E+02  7.93893E-01  5.46566E-11 -2.40633E-09 -1.40636E-12 -1.71155E-13
  1.265E+02  7.97411E-01  7.36057E-11 -2.40773E-09 -1.39565E-12 -1.72892E-13
  1.270E+02  8.00908E-01  9.23555E-11 -2.40900E-09 -1.38487E-12 -1.74541E-13
  1.275E+02  8.04381E-01  1.10906E-10 -2.41013E-09 -1.37402E-12 -1.76104E-13
  1.280E+02  8.07831E-01  1.29257E-10 -2.41113E-09 -1.36309E-12 -1.77581E-13
  1.285E+02  8.11257E-01  1.47409E-10 -2.41201E-09 -1.35210E-12 -1.78973E-13
  1.290E+02  8.14660E-01  1.65362E-10 -2.41277E-09 -1.34104E-12 -1.80279E-13
  1.295E+02  8.18039E-01  1.83116E-10 -2.41341E-09 -1.32990E-12 -1.81501E-13
  1.300E+02  8.21394E-01  2.00671E-10 -2.41394E-09 -1.31870E-12 -1.82640E-13
  1.305E+02  8.24724E-01  2.18027E-10 -2.41436E-09 -1.30744E-12 -1.83695E-13
  1.310E+02  8.28030E-01  2.35185E-10 -2.41467E-09 -1.29611E-12 -1.84668E-13
  1.315E+02  8.31310E-01  2.52145E-10 -2.41488E-09 -1.28471E-12 -1.85558E-13
  1.320E+02  8.34565E-01  2.68906E-10 -2.41499E-09 -1.27326E-12 -1.86367E-13
  1.325E+02  8.37795E-01  2.85470E-10 -2.41501E-09 -1.26174E-12 -1.87095E-13
  1.330E+02  8.40999E-01  3.01837E-10 -2.41493E-09 -1.25016E-12 -1.87743E-13
  1.335E+02  8.44177E-01  3.18006E-10 -2.41477E-09 -1.23852E-12 -1.88312E-13
  1.340E+02  8.47329E-01  3.33979E-10 -2.41451E-09 -1.22682E-12 -1.88801E-13
  1.345E+02  8.50455E-01  3.49755E-10 -2.41418E-09 -1.21506E-12 -1.89212E-13
  1.350E+02  8.53553E-01  3.65336E-10 -2.41377E-09 -1.20324E-12 -1.89546E-13
  1.355E+02  8.56625E-01  3.80721E-10 -2.41328E-09 -1.19137E-12 -1.89803E-13
  1.360E+02  8.59670E-01  3.95911E-10 -2.41272E-09 -1.17944E-12 -1.89983E-13
  1.365E+02  8.62687E-01  4.10906E-10 -2.41208E-09 -1.16746E-12 -1.90087E-13
  1.370E+02  8.65677E-01  4.25707E-10 -2.41138E-09 -1.15543E-12 -1.90117E-13
  1.375E+02  8.68639E-01  4.40315E-10 -2.41062E-09 -1.14334E-12 -1.90073E-13
  1.380E+02  8.71572E-01  4.54729E-10 -2.40979E-09 -1.13120E-12 -1.89955E-13
  1.385E+02  8.74478E-01  4.68951E-10 -2.40890E-09 -1.11901E-12 -1.89764E-13
  1.390E+02  8.77355E-01  4.82980E-10 -2.40796E-09 -1.10677E-12 -1.89500E-13
  1.395E+02  8.80203E-01  4.96819E-10 -2.40697E-09 -1.09448E-12 -1.89166E-13
  1.400E+02  8.83022E-01  5.10466E-10 -2.40592E-09 -1.08214E-12 -1.88761E-13
  1.405E+02  8.85812E-01  5.23922E-10 -2.40482E-09 -1.06975E-12 -1.88286E-13
  1.410E+02  8.88573E-01  5.37189E-10 -2.40368E-09 -1.05732E-12 -1.87741E-13
  1.415E+02  8.91304E-01  5.50266E-10 -2.40250E-09 -1.04484E-12 -1.87129E-13
  1.420E+02  8.94005E-01  5.63154E-10 -2.40127E-09 -1.03232E-12 -1.86448E-13
  1.425E+02  8.96677E-01  5.75855E-10 -2.40001E-09 -1.01975E-12 -1.85701E-13
  1.430E+02  8.99318E-01  5.88367E-10 -2.39871E-09 -1.00714E-12 -1.84887E-13
  1.435E+02  9.01928E-01  6.00693E-10 -2.39738E-09 -9.94488E-13 -1.84008E-13
  1.440E+02  9.04508E-01  6.12832E-10 -2.39601E-09 -9.81792E-13 -1.83064E-13
  1.445E+02  9.07058E-01  6.24786E-10 -2.39462E-09 -9.69056E-13 -1.82056E-13
  1.450E+02  9.09576E-01  6.36554E-10 -2.39319E-09 -9.56279E-13 -1.80986E-13
  1.455E+02  9.12063E-01  6.48138E-10 -2.39175E-09 -9.43462E-13 -1.79853E-13
  1.460E+02  9.14519E-01  6.59538E-10 -2.39028E-09 -9.30607E-13 -1.78658E-13
  1.465E+02  9.16943E-01  6.70755E-10 -2.38879E-09 -9.17713E-13 -1.77403E-13
  1.470E+02  9.19335E-01  6.81789E-10 -2.38728E-09 -9.04782E-13 -1.76088E-13
  1.475E+02  9.21696E-01  6.92641E-10 -2.38575E-09 -8.91815E-13 -1.74714E-13
  1.480E+02  9.24024E-01  7.03311E-10 -2.38421E-09 -8.78811E-13 -1.73281E-13
  1.485E+02  9.26320E-01  7.13801E-10 -2.38265E-09 -8.65772E-13 -1.71791E-13
  1.490E+02  9.28584E-01  7.24110E-10 -2.38109E-09 -8.52699E-13 -1.70245E-13
  1.495E+02  9.30815E-01  7.34240E-10 -2.37951E-09 -8.39592E-13 -1.68643E-13
  1.500E+02  9.33013E-01  7.44191E-10 -2.37793E-09 -8.26451E-13 -1.66985E-13
  1.505E+02  9.35178E-01  7.53963E-10 -2.37634E-09 -8.13279E-13 -1.65274E-13
  1.510E+02  9.37310E-01  7.63558E-10 -2.37475E-09 -8.00074E-13 -1.63509E-13
  1.515E+02  9.39409E-01  7.72976E-10 -2.37315E-09 -7.86838E-13 -1.61691E-13
  1.520E+02  9.41474E-01  7.82217E-10 -2.37155E-09 -7.73572E-13 -1.59822E-13
  1.525E+02  9.43505E-01  7.91282E-10 -2.36996E-09 -7.60276E-13 -1.57903E-13
  1.530E+02  9.45503E-01  8.00172E-10 -2.36836E-09 -7.46951E-13 -1.55933E-13
  1.535E+02  9.47467E-01  8.08887E-10 -2.36677E-09 -7.33597E-13 -1.53914E-13
  1.540E+02  9.49397E-01  8.17428E-10 -2.36519E-09 -7.20215E-13 -1.51847E-13
  1.545E+02  9.51293E-01  8.25796E-10 -2.36361E-09 -7.06806E-13 -1.49733E-13
  1.550E+02  9.53154E-01  8.33990E-10 -2.36204E-09 -6.93371E-13 -1.47572E-13
  1.555E+02  9.54981E-01  8.42013E-10 -2.36048E-09 -6.79909E-13 -1.45366E-13
  1.560E+02  9.56773E-01  8.49863E-10 -2.35893E-09 -6.66422E-13 -1.43114E-13
  1.565E+02  9.58530E-01  8.57542E-10 -2.35739E-09 -6.52910E-13 -1.40819E-13
  1.570E+02  9.60252E-01  8.65050E-10 -2.35587E-09 -6.39374E-13 -1.38481E-13
  1.575E+02  9.61940E-01  8.72388E-10 -2.35436E-09 -6.25814E-13 -1.36101E-13
  1.580E+02  9.63592E-01  8.79557E-10 -2.35286E-09 -6.12231E-13 -1.33679E-13
  1.585E+02  9.65209E-01  8.86556E-10 -2.35139E-09 -5.98626E-13 -1.31218E-13
  1.590E+02  9.66790E-01  8.93387E-10 -2.34993E-09 -5.84998E-13 -1.28716E-13
  1.595E+02  9.68336E-01  9.00049E-10 -2.34849E-09 -5.71350E-13 -1.26176E-13
  1.600E+02  9.69846E-01  9.06545E-10 -2.34707E-09 -5.57681E-13 -1.23598E-13
  1.605E+02  9.71321E-01  9.12872E-10 -2.34568E-09 -5.43991E-13 -1.20984E-13
  1.610E+02  9.72759E-01  9.19034E-10 -2.34430E-09 -5.30282E-13 -1.18334E-13
  1.615E+02  9.74162E-01  9.25029E-10 -2.34295E-09 -5.16554E-13 -1.15648E-13
  1.620E+02  9.75528E-01  9.30859E-10 -2.34163E-09 -5.02807E-13 -1.12928E-13
  1.625E+02  9.76858E-01  9.36523E-10 -2.34032E-09 -4.89043E-13 -1.10176E-13
  1.630E+02  9.78152E-01  9.42022E-10 -2.33905E-09 -4.75261E-13 -1.07391E-13
  1.635E+02  9.79410E-01  9.47358E-10 -2.33780E-09 -4.61462E-13 -1.04574E-13
  1.640E+02  9.80631E-01  9.52529E-10 -2.33659E-09 -4.47647E-13 -1.01727E-13
  1.645E+02  9.81815E-01  9.57537E-10 -2.33540E-09 -4.33816E-13 -9.88502E-14
  1.650E+02  9.82963E-01  9.62381E-10 -2.33424E-09 -4.19970E-13 -9.59449E-14
  1.655E+02  9.84074E-01  9.67063E-10 -2.33311E-09 -4.06109E-13 -9.30117E-14
  1.660E+02  9.85148E-01  9.71583E-10 -2.33201E-09 -3.92234E-13 -9.00517E-14
  1.665E+02  9.86185E-01  9.75940E-10 -2.33095E-09 -3.78345E-13 -8.70657E-14
  1.670E+02  9.87185E-01  9.80136E-10 -2.32991E-09 -3.64443E-13 -8.40546E-14
  1.675E+02  9.88148E-01  9.84171E-10 -2.32891E-09 -3.50529E-13 -8.10194E-14
  1.680E+02  9.89074E-01  9.88045E-10 -2.32795E-09 -3.36602E-13 -7.79611E-14
  1.685E+02  9.89962E-01  9.91758E-10 -2.32702E-09 -3.22663E-13 -7.48804E-14
  1.690E+02  9.90814E-01  9.95311E-10 -2.32612E-09 -3.08714E-13 -7.17783E-14
  1.695E+02  9.91627E-01  9.98704E-10 -2.32527E-09 -2.94754E-13 -6.86558E-14
  1.700E+02  9.92404E-01  1.00194E-09 -2.32444E-09 -2.80783E-13 -6.55138E-14
  1.705E+02  9.93143E-01  1.00501E-09 -2.32366E-09 -2.66803E-13 -6.23532E-14
  1.710E+02  9.93844E-01  1.00793E-09 -2.32291E-09 -2.52814E-13 -5.91748E-14
  1.715E+02  9.94508E-01  1.01068E-09 -2.32220E-09 -2.38816E-13 -5.59798E-14
  1.720E+02  9.95134E-01  1.01328E-09 -2.32153E-09 -2.24810E-13 -5.27689E-14
  1.725E+02  9.95722E-01  1.01572E-09 -2.32089E-09 -2.10797E-13 -4.95431E-14
  1.730E+02  9.96273E-01  1.01800E-09 -2.32030E-09 -1.96776E-13 -4.63033E-14
  1.735E+02  9.96786E-01  1.02012E-09 -2.31974E-09 -1.82748E-13 -4.30505E-14
  1.740E+02  9.97261E-01  1.02208E-09 -2.31923E-09 -1.68714E-13 -3.97855E-14
  1.745E+02  9.97698E-01  1.02389E-09 -2.31875E-09 -1.54675E-13 -3.65094E-14
  1.750E+02  9.98097E-01  1.02554E-09 -2.31832E-09 -1.40630E-13 -3.32230E-14
  1.755E+02  9.98459E-01  1.02703E-09 -2.31792E-09 -1.26581E-13 -2.99273E-14
  1.760E+02  9.98782E-01  1.02836E-09 -2.31757E-09 -1.12527E-13 -2.66232E-14
  1.765E+02  9.99067E-01  1.02954E-09 -2.31726E-09 -9.84695E-14 -2.33116E-14
  1.770E+02  9.99315E-01  1.03056E-09 -2.31699E-09 -8.44086E-14 -1.99935E-14
  1.775E+02  9.99524E-01  1.03142E-09 -2.31676E-09 -7.03448E-14 -1.66698E-14
  1.780E+02  9.99695E-01  1.03213E-09 -2.31657E-09 -5.62787E-14 -1.33415E-14
  1.785E+02  9.99829E-01  1.03268E-09 -2.31642E-09 -4.22107E-14 -1.00094E-14
  1.790E+02  9.99924E-01  1.03307E-09 -2.31632E-09 -2.81413E-14 -6.67446E-15
  1.795E+02  9.99981E-01  1.03330E-09 -2.31626E-09 -1.40709E-14 -3.33770E-15
  1.800E+02  1.00000E+00  1.03338E-09 -2.31624E-09 -1.97464E-28 -4.68415E-29
