

  **** PARTIAL WAVE ANALYSIS (DPWA0) ******************************************


  KINETIC ENERGY = 2.84000E+02 eV

      L       PHASE(SPIN UP)     PHASE(SPIN DOWN)
  -----------------------------------------------
       0     -3.03356459E-01      0.00000000E+00
       1      1.54048589E+00      1.54258083E+00
       2      8.09555535E-01      8.10045608E-01
       3      4.34489279E-01      4.34682634E-01
       4      2.37118292E-01      2.37209955E-01
       5      1.31773206E-01      1.31820225E-01
       6      7.44691683E-02      7.44943968E-02
       7      4.26864187E-02      4.27003620E-02
       8      2.47565250E-02      2.47643944E-02
       9      1.44974507E-02      1.45019619E-02
      10      8.55845006E-03      8.56106772E-03
      11      5.08679349E-03      5.08832727E-03
      12      3.04081640E-03      3.04172233E-03
      13      1.82669141E-03      1.82723008E-03
      14      1.10195010E-03      1.10227222E-03
      15      6.67146521E-04      6.67340079E-04
      16      4.05156298E-04      4.05273086E-04
      17      2.46704798E-04      2.46775516E-04
      18      1.50565258E-04      1.50608209E-04
      19      9.20715857E-05      9.20977421E-05
      20      5.63976917E-05      5.64136562E-05
      21      3.45963251E-05      3.46060881E-05
      22      2.12492772E-05      2.12552577E-05
      23      1.30655895E-05      1.30692582E-05
      24      8.04119023E-06      8.04344362E-06
      25      4.95294106E-06      4.95432662E-06
      26      3.05288430E-06      3.05373705E-06
      27      1.88287502E-06      1.88340027E-06
      28      1.16188182E-06      1.16220557E-06
      29      7.17301791E-07      7.17501464E-07
      30      4.43012319E-07      4.43135535E-07
      31      2.73704321E-07      2.73780386E-07
      32      1.69153216E-07      1.69200196E-07
      33      1.04567148E-07      1.04596173E-07
      34      6.46565967E-08      6.46745314E-08
      35      3.99871450E-08      3.99982330E-08
      36      2.47346936E-08      2.47415459E-08
      37      1.53024907E-08      1.53067278E-08
      38      9.46848900E-09      9.47111400E-09
      39      5.85939354E-09      5.86101409E-09
      40      3.62632803E-09      3.62733706E-09
      41      2.24453155E-09      2.24515337E-09
      42      1.38940567E-09      1.38979003E-09
      43      8.60107674E-10      8.60348337E-10
      44      5.32489396E-10      5.32632398E-10


  *** SCATTERING AMPLITUDES AND DIFFERENTIAL CROSS SECTION ***

    ANGLE      DCS       ASYMMETRY    DIRECT AMPLITUDE       SPIN-FLIP AMPLITUDE     ERROR
    (deg)   (cm**2/sr)                      (cm)                    (cm)
  -------------------------------------------------------------------------------------------
  0.000E+00 2.51100E-16  0.000E+00  1.306E-08  8.978E-09  0.000E+00  0.000E+00  1.00E-07
  1.000E-04 2.51100E-16  3.939E-10  1.306E-08  8.978E-09  3.945E-18  6.499E-18  1.00E-07
  1.250E-04 2.51100E-16  4.923E-10  1.306E-08  8.978E-09  4.932E-18  8.124E-18  1.00E-07
  1.500E-04 2.51100E-16  5.908E-10  1.306E-08  8.978E-09  5.918E-18  9.749E-18  1.00E-07
  1.750E-04 2.51100E-16  6.892E-10  1.306E-08  8.978E-09  6.904E-18  1.137E-17  1.00E-07
  2.000E-04 2.51100E-16  7.877E-10  1.306E-08  8.978E-09  7.891E-18  1.300E-17  1.00E-07
  2.250E-04 2.51100E-16  8.862E-10  1.306E-08  8.978E-09  8.877E-18  1.462E-17  1.00E-07
  2.500E-04 2.51100E-16  9.846E-10  1.306E-08  8.978E-09  9.863E-18  1.625E-17  1.00E-07
  2.750E-04 2.51100E-16  1.083E-09  1.306E-08  8.978E-09  1.085E-17  1.787E-17  1.00E-07
  3.000E-04 2.51100E-16  1.182E-09  1.306E-08  8.978E-09  1.184E-17  1.950E-17  1.00E-07
  3.250E-04 2.51100E-16  1.280E-09  1.306E-08  8.978E-09  1.282E-17  2.112E-17  1.00E-07
  3.500E-04 2.51100E-16  1.378E-09  1.306E-08  8.978E-09  1.381E-17  2.275E-17  1.00E-07
  3.750E-04 2.51100E-16  1.477E-09  1.306E-08  8.978E-09  1.480E-17  2.437E-17  1.00E-07
  4.000E-04 2.51100E-16  1.575E-09  1.306E-08  8.978E-09  1.578E-17  2.600E-17  1.00E-07
  4.250E-04 2.51100E-16  1.674E-09  1.306E-08  8.978E-09  1.677E-17  2.762E-17  1.00E-07
  4.500E-04 2.51100E-16  1.772E-09  1.306E-08  8.978E-09  1.775E-17  2.925E-17  1.00E-07
  4.750E-04 2.51100E-16  1.871E-09  1.306E-08  8.978E-09  1.874E-17  3.087E-17  1.00E-07
  5.000E-04 2.51100E-16  1.969E-09  1.306E-08  8.978E-09  1.973E-17  3.250E-17  1.00E-07
  5.250E-04 2.51100E-16  2.068E-09  1.306E-08  8.978E-09  2.071E-17  3.412E-17  1.00E-07
  5.500E-04 2.51100E-16  2.166E-09  1.306E-08  8.978E-09  2.170E-17  3.575E-17  1.00E-07
  5.750E-04 2.51100E-16  2.265E-09  1.306E-08  8.978E-09  2.269E-17  3.737E-17  1.00E-07
  6.000E-04 2.51100E-16  2.363E-09  1.306E-08  8.978E-09  2.367E-17  3.900E-17  1.00E-07
  6.250E-04 2.51100E-16  2.462E-09  1.306E-08  8.978E-09  2.466E-17  4.062E-17  1.00E-07
  6.500E-04 2.51100E-16  2.560E-09  1.306E-08  8.978E-09  2.564E-17  4.225E-17  1.00E-07
  6.750E-04 2.51100E-16  2.659E-09  1.306E-08  8.978E-09  2.663E-17  4.387E-17  1.00E-07
  7.000E-04 2.51100E-16  2.757E-09  1.306E-08  8.978E-09  2.762E-17  4.550E-17  1.00E-07
  7.250E-04 2.51100E-16  2.855E-09  1.306E-08  8.978E-09  2.860E-17  4.712E-17  1.00E-07
  7.500E-04 2.51100E-16  2.954E-09  1.306E-08  8.978E-09  2.959E-17  4.875E-17  1.00E-07
  7.750E-04 2.51100E-16  3.052E-09  1.306E-08  8.978E-09  3.058E-17  5.037E-17  1.00E-07
  8.000E-04 2.51100E-16  3.151E-09  1.306E-08  8.978E-09  3.156E-17  5.200E-17  1.00E-07
  8.250E-04 2.51100E-16  3.249E-09  1.306E-08  8.978E-09  3.255E-17  5.362E-17  1.00E-07
  8.500E-04 2.51100E-16  3.348E-09  1.306E-08  8.978E-09  3.354E-17  5.525E-17  1.00E-07
  8.750E-04 2.51100E-16  3.446E-09  1.306E-08  8.978E-09  3.452E-17  5.687E-17  1.00E-07
  9.000E-04 2.51100E-16  3.545E-09  1.306E-08  8.978E-09  3.551E-17  5.850E-17  1.00E-07
  9.250E-04 2.51100E-16  3.643E-09  1.306E-08  8.978E-09  3.649E-17  6.012E-17  1.00E-07
  9.500E-04 2.51100E-16  3.742E-09  1.306E-08  8.978E-09  3.748E-17  6.175E-17  1.00E-07
  9.750E-04 2.51100E-16  3.840E-09  1.306E-08  8.978E-09  3.847E-17  6.337E-17  1.00E-07
  1.000E-03 2.51100E-16  3.939E-09  1.306E-08  8.978E-09  3.945E-17  6.499E-17  1.00E-07
  1.250E-03 2.51100E-16  4.923E-09  1.306E-08  8.978E-09  4.932E-17  8.124E-17  1.00E-07
  1.500E-03 2.51100E-16  5.908E-09  1.306E-08  8.978E-09  5.918E-17  9.749E-17  1.00E-07
  1.750E-03 2.51100E-16  6.892E-09  1.306E-08  8.978E-09  6.904E-17  1.137E-16  1.00E-07
  2.000E-03 2.51100E-16  7.877E-09  1.306E-08  8.978E-09  7.891E-17  1.300E-16  1.00E-07
  2.250E-03 2.51100E-16  8.862E-09  1.306E-08  8.978E-09  8.877E-17  1.462E-16  1.00E-07
  2.500E-03 2.51100E-16  9.846E-09  1.306E-08  8.978E-09  9.863E-17  1.625E-16  1.00E-07
  2.750E-03 2.51100E-16  1.083E-08  1.306E-08  8.978E-09  1.085E-16  1.787E-16  1.00E-07
  3.000E-03 2.51100E-16  1.182E-08  1.306E-08  8.978E-09  1.184E-16  1.950E-16  1.00E-07
  3.250E-03 2.51100E-16  1.280E-08  1.306E-08  8.978E-09  1.282E-16  2.112E-16  1.00E-07
  3.500E-03 2.51100E-16  1.378E-08  1.306E-08  8.978E-09  1.381E-16  2.275E-16  1.00E-07
  3.750E-03 2.51100E-16  1.477E-08  1.306E-08  8.978E-09  1.480E-16  2.437E-16  1.00E-07
  4.000E-03 2.51100E-16  1.575E-08  1.306E-08  8.978E-09  1.578E-16  2.600E-16  1.00E-07
  4.250E-03 2.51100E-16  1.674E-08  1.306E-08  8.978E-09  1.677E-16  2.762E-16  1.00E-07
  4.500E-03 2.51100E-16  1.772E-08  1.306E-08  8.978E-09  1.775E-16  2.925E-16  1.00E-07
  4.750E-03 2.51100E-16  1.871E-08  1.306E-08  8.978E-09  1.874E-16  3.087E-16  1.00E-07
  5.000E-03 2.51100E-16  1.969E-08  1.306E-08  8.978E-09  1.973E-16  3.250E-16  1.00E-07
  5.250E-03 2.51100E-16  2.068E-08  1.306E-08  8.978E-09  2.071E-16  3.412E-16  1.00E-07
  5.500E-03 2.51100E-16  2.166E-08  1.306E-08  8.978E-09  2.170E-16  3.575E-16  1.00E-07
  5.750E-03 2.51100E-16  2.265E-08  1.306E-08  8.978E-09  2.269E-16  3.737E-16  1.00E-07
  6.000E-03 2.51100E-16  2.363E-08  1.306E-08  8.978E-09  2.367E-16  3.900E-16  1.00E-07
  6.250E-03 2.51100E-16  2.462E-08  1.306E-08  8.978E-09  2.466E-16  4.062E-16  1.00E-07
  6.500E-03 2.51100E-16  2.560E-08  1.306E-08  8.978E-09  2.564E-16  4.225E-16  1.00E-07
  6.750E-03 2.51100E-16  2.659E-08  1.306E-08  8.978E-09  2.663E-16  4.387E-16  1.00E-07
  7.000E-03 2.51100E-16  2.757E-08  1.306E-08  8.978E-09  2.762E-16  4.550E-16  1.00E-07
  7.250E-03 2.51100E-16  2.855E-08  1.306E-08  8.978E-09  2.860E-16  4.712E-16  1.00E-07
  7.500E-03 2.51100E-16  2.954E-08  1.306E-08  8.978E-09  2.959E-16  4.875E-16  1.00E-07
  7.750E-03 2.51100E-16  3.052E-08  1.306E-08  8.978E-09  3.058E-16  5.037E-16  1.00E-07
  8.000E-03 2.51100E-16  3.151E-08  1.306E-08  8.978E-09  3.156E-16  5.200E-16  1.00E-07
  8.250E-03 2.51100E-16  3.249E-08  1.306E-08  8.978E-09  3.255E-16  5.362E-16  1.00E-07
  8.500E-03 2.51100E-16  3.348E-08  1.306E-08  8.978E-09  3.354E-16  5.525E-16  1.00E-07
  8.750E-03 2.51100E-16  3.446E-08  1.306E-08  8.978E-09  3.452E-16  5.687E-16  1.00E-07
  9.000E-03 2.51100E-16  3.545E-08  1.306E-08  8.978E-09  3.551E-16  5.850E-16  1.00E-07
  9.250E-03 2.51100E-16  3.643E-08  1.306E-08  8.978E-09  3.649E-16  6.012E-16  1.00E-07
  9.500E-03 2.51100E-16  3.742E-08  1.306E-08  8.978E-09  3.748E-16  6.175E-16  1.00E-07
  9.750E-03 2.51100E-16  3.840E-08  1.306E-08  8.978E-09  3.847E-16  6.337E-16  1.00E-07
  1.000E-02 2.51100E-16  3.939E-08  1.306E-08  8.978E-09  3.945E-16  6.499E-16  1.00E-07
  1.250E-02 2.51100E-16  4.923E-08  1.306E-08  8.978E-09  4.932E-16  8.124E-16  1.00E-07
  1.500E-02 2.51100E-16  5.908E-08  1.306E-08  8.978E-09  5.918E-16  9.749E-16  1.00E-07
  1.750E-02 2.51099E-16  6.892E-08  1.306E-08  8.978E-09  6.904E-16  1.137E-15  1.00E-07
  2.000E-02 2.51099E-16  7.877E-08  1.306E-08  8.978E-09  7.891E-16  1.300E-15  1.00E-07
  2.250E-02 2.51099E-16  8.862E-08  1.306E-08  8.978E-09  8.877E-16  1.462E-15  1.00E-07
  2.500E-02 2.51099E-16  9.846E-08  1.306E-08  8.978E-09  9.863E-16  1.625E-15  1.00E-07
  2.750E-02 2.51099E-16  1.083E-07  1.306E-08  8.978E-09  1.085E-15  1.787E-15  1.00E-07
  3.000E-02 2.51099E-16  1.182E-07  1.306E-08  8.978E-09  1.184E-15  1.950E-15  1.00E-07
  3.250E-02 2.51099E-16  1.280E-07  1.306E-08  8.978E-09  1.282E-15  2.112E-15  1.00E-07
  3.500E-02 2.51099E-16  1.378E-07  1.306E-08  8.978E-09  1.381E-15  2.275E-15  1.00E-07
  3.750E-02 2.51098E-16  1.477E-07  1.306E-08  8.978E-09  1.479E-15  2.437E-15  1.00E-07
  4.000E-02 2.51098E-16  1.575E-07  1.306E-08  8.978E-09  1.578E-15  2.600E-15  1.00E-07
  4.250E-02 2.51098E-16  1.674E-07  1.306E-08  8.978E-09  1.677E-15  2.762E-15  1.00E-07
  4.500E-02 2.51098E-16  1.772E-07  1.306E-08  8.978E-09  1.775E-15  2.925E-15  1.00E-07
  4.750E-02 2.51098E-16  1.871E-07  1.306E-08  8.978E-09  1.874E-15  3.087E-15  1.00E-07
  5.000E-02 2.51098E-16  1.969E-07  1.306E-08  8.978E-09  1.973E-15  3.250E-15  1.00E-07
  5.250E-02 2.51097E-16  2.068E-07  1.306E-08  8.978E-09  2.071E-15  3.412E-15  1.00E-07
  5.500E-02 2.51097E-16  2.166E-07  1.306E-08  8.978E-09  2.170E-15  3.575E-15  1.00E-07
  5.750E-02 2.51097E-16  2.265E-07  1.306E-08  8.978E-09  2.269E-15  3.737E-15  1.00E-07
  6.000E-02 2.51097E-16  2.363E-07  1.306E-08  8.978E-09  2.367E-15  3.900E-15  1.00E-07
  6.250E-02 2.51096E-16  2.462E-07  1.306E-08  8.978E-09  2.466E-15  4.062E-15  1.00E-07
  6.500E-02 2.51096E-16  2.560E-07  1.306E-08  8.978E-09  2.564E-15  4.225E-15  1.00E-07
  6.750E-02 2.51096E-16  2.659E-07  1.306E-08  8.978E-09  2.663E-15  4.387E-15  1.00E-07
  7.000E-02 2.51095E-16  2.757E-07  1.306E-08  8.978E-09  2.762E-15  4.550E-15  1.00E-07
  7.250E-02 2.51095E-16  2.855E-07  1.306E-08  8.978E-09  2.860E-15  4.712E-15  1.00E-07
  7.500E-02 2.51095E-16  2.954E-07  1.306E-08  8.978E-09  2.959E-15  4.875E-15  1.00E-07
  7.750E-02 2.51094E-16  3.052E-07  1.306E-08  8.978E-09  3.058E-15  5.037E-15  1.00E-07
  8.000E-02 2.51094E-16  3.151E-07  1.306E-08  8.978E-09  3.156E-15  5.200E-15  1.00E-07
  8.250E-02 2.51094E-16  3.249E-07  1.306E-08  8.978E-09  3.255E-15  5.362E-15  1.00E-07
  8.500E-02 2.51093E-16  3.348E-07  1.306E-08  8.978E-09  3.353E-15  5.525E-15  1.00E-07
  8.750E-02 2.51093E-16  3.446E-07  1.306E-08  8.978E-09  3.452E-15  5.687E-15  1.00E-07
  9.000E-02 2.51093E-16  3.545E-07  1.306E-08  8.978E-09  3.551E-15  5.850E-15  1.00E-07
  9.250E-02 2.51092E-16  3.643E-07  1.306E-08  8.978E-09  3.649E-15  6.012E-15  1.00E-07
  9.500E-02 2.51092E-16  3.742E-07  1.306E-08  8.978E-09  3.748E-15  6.174E-15  1.00E-07
  9.750E-02 2.51091E-16  3.840E-07  1.306E-08  8.978E-09  3.847E-15  6.337E-15  1.00E-07
  1.000E-01 2.51091E-16  3.939E-07  1.306E-08  8.978E-09  3.945E-15  6.499E-15  1.00E-07
  1.250E-01 2.51086E-16  4.923E-07  1.306E-08  8.978E-09  4.931E-15  8.124E-15  1.00E-07
  1.500E-01 2.51080E-16  5.908E-07  1.306E-08  8.978E-09  5.917E-15  9.749E-15  1.00E-07
  1.750E-01 2.51073E-16  6.893E-07  1.306E-08  8.977E-09  6.904E-15  1.137E-14  1.00E-07
  2.000E-01 2.51064E-16  7.878E-07  1.306E-08  8.977E-09  7.889E-15  1.300E-14  1.00E-07
  2.250E-01 2.51055E-16  8.863E-07  1.306E-08  8.977E-09  8.875E-15  1.462E-14  1.00E-07
  2.500E-01 2.51045E-16  9.848E-07  1.306E-08  8.977E-09  9.861E-15  1.625E-14  1.00E-07
  2.750E-01 2.51033E-16  1.083E-06  1.306E-08  8.977E-09  1.085E-14  1.787E-14  1.00E-07
  3.000E-01 2.51020E-16  1.182E-06  1.305E-08  8.977E-09  1.183E-14  1.950E-14  1.00E-07
  3.250E-01 2.51006E-16  1.280E-06  1.305E-08  8.977E-09  1.282E-14  2.112E-14  1.00E-07
  3.500E-01 2.50992E-16  1.379E-06  1.305E-08  8.977E-09  1.380E-14  2.275E-14  1.00E-07
  3.750E-01 2.50976E-16  1.477E-06  1.305E-08  8.977E-09  1.479E-14  2.437E-14  1.00E-07
  4.000E-01 2.50959E-16  1.576E-06  1.305E-08  8.977E-09  1.577E-14  2.600E-14  1.00E-07
  4.250E-01 2.50940E-16  1.674E-06  1.305E-08  8.977E-09  1.676E-14  2.762E-14  1.00E-07
  4.500E-01 2.50921E-16  1.773E-06  1.305E-08  8.977E-09  1.774E-14  2.925E-14  1.00E-07
  4.750E-01 2.50901E-16  1.872E-06  1.305E-08  8.976E-09  1.872E-14  3.087E-14  1.00E-07
  5.000E-01 2.50879E-16  1.970E-06  1.305E-08  8.976E-09  1.971E-14  3.249E-14  1.00E-07
  5.250E-01 2.50857E-16  2.069E-06  1.305E-08  8.976E-09  2.069E-14  3.412E-14  1.00E-07
  5.500E-01 2.50833E-16  2.167E-06  1.305E-08  8.976E-09  2.167E-14  3.574E-14  1.00E-07
  5.750E-01 2.50808E-16  2.266E-06  1.305E-08  8.976E-09  2.266E-14  3.737E-14  1.00E-07
  6.000E-01 2.50782E-16  2.365E-06  1.305E-08  8.976E-09  2.364E-14  3.899E-14  1.00E-07
  6.250E-01 2.50755E-16  2.463E-06  1.305E-08  8.976E-09  2.462E-14  4.061E-14  1.00E-07
  6.500E-01 2.50727E-16  2.562E-06  1.304E-08  8.975E-09  2.560E-14  4.224E-14  1.00E-07
  6.750E-01 2.50698E-16  2.661E-06  1.304E-08  8.975E-09  2.658E-14  4.386E-14  1.00E-07
  7.000E-01 2.50668E-16  2.760E-06  1.304E-08  8.975E-09  2.756E-14  4.549E-14  1.00E-07
  7.250E-01 2.50636E-16  2.858E-06  1.304E-08  8.975E-09  2.854E-14  4.711E-14  1.00E-07
  7.500E-01 2.50604E-16  2.957E-06  1.304E-08  8.975E-09  2.952E-14  4.873E-14  1.00E-07
  7.750E-01 2.50570E-16  3.056E-06  1.304E-08  8.975E-09  3.050E-14  5.036E-14  1.00E-07
  8.000E-01 2.50536E-16  3.155E-06  1.304E-08  8.974E-09  3.148E-14  5.198E-14  1.00E-07
  8.250E-01 2.50500E-16  3.254E-06  1.304E-08  8.974E-09  3.246E-14  5.360E-14  1.00E-07
  8.500E-01 2.50463E-16  3.353E-06  1.304E-08  8.974E-09  3.344E-14  5.523E-14  1.00E-07
  8.750E-01 2.50425E-16  3.451E-06  1.303E-08  8.974E-09  3.442E-14  5.685E-14  1.00E-07
  9.000E-01 2.50386E-16  3.550E-06  1.303E-08  8.973E-09  3.540E-14  5.847E-14  1.00E-07
  9.250E-01 2.50346E-16  3.649E-06  1.303E-08  8.973E-09  3.637E-14  6.010E-14  1.00E-07
  9.500E-01 2.50305E-16  3.748E-06  1.303E-08  8.973E-09  3.735E-14  6.172E-14  1.00E-07
  9.750E-01 2.50262E-16  3.847E-06  1.303E-08  8.973E-09  3.832E-14  6.334E-14  1.00E-07
  1.000E+00 2.50219E-16  3.946E-06  1.303E-08  8.973E-09  3.930E-14  6.497E-14  1.00E-07
  1.100E+00 2.50035E-16  4.343E-06  1.302E-08  8.971E-09  4.319E-14  7.145E-14  1.00E-07
  1.200E+00 2.49833E-16  4.740E-06  1.301E-08  8.970E-09  4.708E-14  7.794E-14  1.00E-07
  1.300E+00 2.49614E-16  5.137E-06  1.301E-08  8.969E-09  5.095E-14  8.443E-14  1.00E-07
  1.400E+00 2.49377E-16  5.535E-06  1.300E-08  8.968E-09  5.481E-14  9.091E-14  1.00E-07
  1.500E+00 2.49124E-16  5.934E-06  1.299E-08  8.966E-09  5.866E-14  9.739E-14  1.00E-07
  1.600E+00 2.48853E-16  6.333E-06  1.298E-08  8.965E-09  6.249E-14  1.039E-13  1.00E-07
  1.700E+00 2.48566E-16  6.734E-06  1.297E-08  8.963E-09  6.631E-14  1.103E-13  1.00E-07
  1.800E+00 2.48261E-16  7.135E-06  1.296E-08  8.961E-09  7.012E-14  1.168E-13  1.00E-07
  1.900E+00 2.47940E-16  7.537E-06  1.295E-08  8.959E-09  7.390E-14  1.233E-13  1.00E-07
  2.000E+00 2.47601E-16  7.939E-06  1.294E-08  8.957E-09  7.767E-14  1.298E-13  1.00E-07
  2.100E+00 2.47247E-16  8.343E-06  1.292E-08  8.955E-09  8.143E-14  1.362E-13  1.00E-07
  2.200E+00 2.46875E-16  8.748E-06  1.291E-08  8.953E-09  8.516E-14  1.427E-13  1.00E-07
  2.300E+00 2.46487E-16  9.153E-06  1.290E-08  8.951E-09  8.887E-14  1.491E-13  1.00E-07
  2.400E+00 2.46083E-16  9.560E-06  1.288E-08  8.948E-09  9.256E-14  1.556E-13  1.00E-07
  2.500E+00 2.45663E-16  9.968E-06  1.287E-08  8.946E-09  9.623E-14  1.620E-13  1.00E-07
  2.600E+00 2.45226E-16  1.038E-05  1.285E-08  8.943E-09  9.988E-14  1.685E-13  1.00E-07
  2.700E+00 2.44773E-16  1.079E-05  1.284E-08  8.940E-09  1.035E-13  1.749E-13  1.00E-07
  2.800E+00 2.44305E-16  1.120E-05  1.282E-08  8.937E-09  1.071E-13  1.813E-13  1.00E-07
  2.900E+00 2.43820E-16  1.161E-05  1.281E-08  8.935E-09  1.107E-13  1.878E-13  1.00E-07
  3.000E+00 2.43320E-16  1.203E-05  1.279E-08  8.932E-09  1.142E-13  1.942E-13  1.00E-07
  3.100E+00 2.42805E-16  1.244E-05  1.277E-08  8.928E-09  1.178E-13  2.006E-13  1.00E-07
  3.200E+00 2.42274E-16  1.286E-05  1.275E-08  8.925E-09  1.212E-13  2.070E-13  1.00E-07
  3.300E+00 2.41728E-16  1.328E-05  1.273E-08  8.922E-09  1.247E-13  2.134E-13  1.00E-07
  3.400E+00 2.41167E-16  1.370E-05  1.271E-08  8.918E-09  1.281E-13  2.198E-13  1.00E-07
  3.500E+00 2.40591E-16  1.412E-05  1.269E-08  8.915E-09  1.316E-13  2.262E-13  1.00E-07
  3.600E+00 2.40000E-16  1.454E-05  1.267E-08  8.911E-09  1.349E-13  2.326E-13  1.00E-07
  3.700E+00 2.39395E-16  1.497E-05  1.265E-08  8.908E-09  1.383E-13  2.390E-13  1.00E-07
  3.800E+00 2.38775E-16  1.539E-05  1.263E-08  8.904E-09  1.416E-13  2.454E-13  1.00E-07
  3.900E+00 2.38140E-16  1.582E-05  1.261E-08  8.900E-09  1.449E-13  2.517E-13  1.00E-07
  4.000E+00 2.37492E-16  1.625E-05  1.258E-08  8.896E-09  1.481E-13  2.581E-13  1.00E-07
  4.100E+00 2.36830E-16  1.669E-05  1.256E-08  8.892E-09  1.513E-13  2.644E-13  1.00E-07
  4.200E+00 2.36154E-16  1.712E-05  1.254E-08  8.888E-09  1.545E-13  2.708E-13  1.00E-07
  4.300E+00 2.35464E-16  1.756E-05  1.251E-08  8.883E-09  1.576E-13  2.771E-13  1.00E-07
  4.400E+00 2.34761E-16  1.800E-05  1.249E-08  8.879E-09  1.607E-13  2.835E-13  1.00E-07
  4.500E+00 2.34045E-16  1.844E-05  1.246E-08  8.874E-09  1.638E-13  2.898E-13  1.00E-07
  4.600E+00 2.33316E-16  1.888E-05  1.244E-08  8.870E-09  1.668E-13  2.961E-13  1.00E-07
  4.700E+00 2.32574E-16  1.932E-05  1.241E-08  8.865E-09  1.698E-13  3.024E-13  1.00E-07
  4.800E+00 2.31819E-16  1.977E-05  1.238E-08  8.860E-09  1.728E-13  3.087E-13  1.00E-07
  4.900E+00 2.31051E-16  2.022E-05  1.235E-08  8.855E-09  1.757E-13  3.150E-13  1.00E-07
  5.000E+00 2.30272E-16  2.067E-05  1.233E-08  8.850E-09  1.786E-13  3.213E-13  1.00E-07
  5.100E+00 2.29480E-16  2.113E-05  1.230E-08  8.845E-09  1.814E-13  3.276E-13  1.00E-07
  5.200E+00 2.28676E-16  2.158E-05  1.227E-08  8.840E-09  1.842E-13  3.338E-13  1.00E-07
  5.300E+00 2.27861E-16  2.204E-05  1.224E-08  8.835E-09  1.869E-13  3.401E-13  1.00E-07
  5.400E+00 2.27034E-16  2.250E-05  1.221E-08  8.829E-09  1.896E-13  3.463E-13  1.00E-07
  5.500E+00 2.26195E-16  2.297E-05  1.218E-08  8.824E-09  1.923E-13  3.526E-13  1.00E-07
  5.600E+00 2.25346E-16  2.343E-05  1.215E-08  8.818E-09  1.949E-13  3.588E-13  1.00E-07
  5.700E+00 2.24486E-16  2.390E-05  1.212E-08  8.812E-09  1.974E-13  3.650E-13  1.00E-07
  5.800E+00 2.23615E-16  2.438E-05  1.209E-08  8.807E-09  2.000E-13  3.712E-13  1.00E-07
  5.900E+00 2.22733E-16  2.485E-05  1.205E-08  8.801E-09  2.024E-13  3.774E-13  1.00E-07
  6.000E+00 2.21842E-16  2.533E-05  1.202E-08  8.795E-09  2.049E-13  3.836E-13  1.00E-07
  6.100E+00 2.20940E-16  2.581E-05  1.199E-08  8.789E-09  2.072E-13  3.898E-13  1.00E-07
  6.200E+00 2.20028E-16  2.629E-05  1.195E-08  8.783E-09  2.096E-13  3.960E-13  1.00E-07
  6.300E+00 2.19107E-16  2.678E-05  1.192E-08  8.776E-09  2.119E-13  4.021E-13  1.00E-07
  6.400E+00 2.18176E-16  2.727E-05  1.189E-08  8.770E-09  2.141E-13  4.083E-13  1.00E-07
  6.500E+00 2.17236E-16  2.776E-05  1.185E-08  8.764E-09  2.163E-13  4.144E-13  1.00E-07
  6.600E+00 2.16287E-16  2.826E-05  1.182E-08  8.757E-09  2.184E-13  4.205E-13  1.00E-07
  6.700E+00 2.15330E-16  2.876E-05  1.178E-08  8.750E-09  2.205E-13  4.266E-13  1.00E-07
  6.800E+00 2.14363E-16  2.926E-05  1.174E-08  8.744E-09  2.225E-13  4.327E-13  1.00E-07
  6.900E+00 2.13389E-16  2.977E-05  1.171E-08  8.737E-09  2.245E-13  4.388E-13  1.00E-07
  7.000E+00 2.12406E-16  3.027E-05  1.167E-08  8.730E-09  2.264E-13  4.449E-13  1.00E-07
  7.100E+00 2.11415E-16  3.079E-05  1.163E-08  8.723E-09  2.283E-13  4.510E-13  1.00E-07
  7.200E+00 2.10417E-16  3.130E-05  1.160E-08  8.716E-09  2.302E-13  4.570E-13  1.00E-07
  7.300E+00 2.09411E-16  3.182E-05  1.156E-08  8.708E-09  2.319E-13  4.631E-13  1.00E-07
  7.400E+00 2.08397E-16  3.235E-05  1.152E-08  8.701E-09  2.336E-13  4.691E-13  1.00E-07
  7.500E+00 2.07377E-16  3.287E-05  1.148E-08  8.694E-09  2.353E-13  4.751E-13  1.00E-07
  7.600E+00 2.06350E-16  3.340E-05  1.144E-08  8.686E-09  2.369E-13  4.811E-13  1.00E-07
  7.700E+00 2.05316E-16  3.394E-05  1.140E-08  8.679E-09  2.385E-13  4.871E-13  1.00E-07
  7.800E+00 2.04276E-16  3.448E-05  1.136E-08  8.671E-09  2.400E-13  4.931E-13  1.00E-07
  7.900E+00 2.03229E-16  3.502E-05  1.132E-08  8.663E-09  2.414E-13  4.990E-13  1.00E-07
  8.000E+00 2.02177E-16  3.556E-05  1.128E-08  8.655E-09  2.428E-13  5.050E-13  1.00E-07
  8.100E+00 2.01119E-16  3.611E-05  1.124E-08  8.648E-09  2.442E-13  5.109E-13  1.00E-07
  8.200E+00 2.00055E-16  3.667E-05  1.120E-08  8.639E-09  2.455E-13  5.169E-13  1.00E-07
  8.300E+00 1.98986E-16  3.722E-05  1.116E-08  8.631E-09  2.467E-13  5.228E-13  1.00E-07
  8.400E+00 1.97912E-16  3.779E-05  1.112E-08  8.623E-09  2.478E-13  5.287E-13  1.00E-07
  8.500E+00 1.96832E-16  3.835E-05  1.107E-08  8.615E-09  2.490E-13  5.345E-13  1.00E-07
  8.600E+00 1.95748E-16  3.892E-05  1.103E-08  8.606E-09  2.500E-13  5.404E-13  1.00E-07
  8.700E+00 1.94660E-16  3.950E-05  1.099E-08  8.598E-09  2.510E-13  5.463E-13  1.00E-07
  8.800E+00 1.93567E-16  4.008E-05  1.094E-08  8.589E-09  2.520E-13  5.521E-13  1.00E-07
  8.900E+00 1.92470E-16  4.066E-05  1.090E-08  8.581E-09  2.528E-13  5.579E-13  1.00E-07
  9.000E+00 1.91370E-16  4.125E-05  1.086E-08  8.572E-09  2.537E-13  5.637E-13  1.00E-07
  9.100E+00 1.90265E-16  4.184E-05  1.081E-08  8.563E-09  2.544E-13  5.695E-13  1.00E-07
  9.200E+00 1.89157E-16  4.244E-05  1.077E-08  8.554E-09  2.551E-13  5.753E-13  1.00E-07
  9.300E+00 1.88046E-16  4.304E-05  1.072E-08  8.545E-09  2.558E-13  5.811E-13  1.00E-07
  9.400E+00 1.86932E-16  4.364E-05  1.068E-08  8.536E-09  2.564E-13  5.868E-13  1.00E-07
  9.500E+00 1.85814E-16  4.425E-05  1.064E-08  8.527E-09  2.569E-13  5.926E-13  1.00E-07
  9.600E+00 1.84694E-16  4.487E-05  1.059E-08  8.518E-09  2.574E-13  5.983E-13  1.00E-07
  9.700E+00 1.83572E-16  4.549E-05  1.054E-08  8.508E-09  2.578E-13  6.040E-13  1.00E-07
  9.800E+00 1.82447E-16  4.612E-05  1.050E-08  8.499E-09  2.581E-13  6.097E-13  1.00E-07
  9.900E+00 1.81320E-16  4.675E-05  1.045E-08  8.489E-09  2.584E-13  6.154E-13  1.00E-07
  1.000E+01 1.80191E-16  4.738E-05  1.041E-08  8.480E-09  2.587E-13  6.210E-13  1.00E-07
  1.025E+01 1.77362E-16  4.899E-05  1.029E-08  8.455E-09  2.590E-13  6.351E-13  1.00E-07
  1.050E+01 1.74525E-16  5.064E-05  1.017E-08  8.430E-09  2.589E-13  6.490E-13  1.00E-07
  1.075E+01 1.71682E-16  5.231E-05  1.005E-08  8.405E-09  2.585E-13  6.629E-13  1.00E-07
  1.100E+01 1.68836E-16  5.402E-05  9.931E-09  8.379E-09  2.577E-13  6.767E-13  1.00E-07
  1.125E+01 1.65991E-16  5.577E-05  9.809E-09  8.353E-09  2.565E-13  6.903E-13  1.00E-07
  1.150E+01 1.63148E-16  5.755E-05  9.687E-09  8.326E-09  2.550E-13  7.038E-13  1.00E-07
  1.175E+01 1.60310E-16  5.937E-05  9.563E-09  8.298E-09  2.531E-13  7.172E-13  1.00E-07
  1.200E+01 1.57479E-16  6.123E-05  9.438E-09  8.270E-09  2.508E-13  7.305E-13  1.00E-07
  1.225E+01 1.54658E-16  6.313E-05  9.313E-09  8.242E-09  2.481E-13  7.437E-13  1.00E-07
  1.250E+01 1.51848E-16  6.506E-05  9.187E-09  8.213E-09  2.451E-13  7.568E-13  1.00E-07
  1.275E+01 1.49053E-16  6.704E-05  9.060E-09  8.183E-09  2.416E-13  7.697E-13  1.00E-07
  1.300E+01 1.46273E-16  6.906E-05  8.933E-09  8.154E-09  2.379E-13  7.826E-13  1.00E-07
  1.325E+01 1.43511E-16  7.112E-05  8.805E-09  8.123E-09  2.337E-13  7.953E-13  1.00E-07
  1.350E+01 1.40768E-16  7.323E-05  8.676E-09  8.092E-09  2.292E-13  8.078E-13  1.00E-07
  1.375E+01 1.38047E-16  7.538E-05  8.548E-09  8.061E-09  2.244E-13  8.203E-13  1.00E-07
  1.400E+01 1.35348E-16  7.757E-05  8.419E-09  8.030E-09  2.192E-13  8.326E-13  1.00E-07
  1.425E+01 1.32673E-16  7.982E-05  8.289E-09  7.997E-09  2.136E-13  8.448E-13  1.00E-07
  1.450E+01 1.30024E-16  8.210E-05  8.160E-09  7.965E-09  2.077E-13  8.568E-13  1.00E-07
  1.475E+01 1.27402E-16  8.444E-05  8.030E-09  7.932E-09  2.014E-13  8.688E-13  1.00E-07
  1.500E+01 1.24809E-16  8.683E-05  7.901E-09  7.899E-09  1.948E-13  8.806E-13  1.00E-07
  1.525E+01 1.22244E-16  8.926E-05  7.771E-09  7.865E-09  1.879E-13  8.922E-13  1.00E-07
  1.550E+01 1.19710E-16  9.175E-05  7.641E-09  7.831E-09  1.806E-13  9.037E-13  1.00E-07
  1.575E+01 1.17208E-16  9.429E-05  7.512E-09  7.796E-09  1.730E-13  9.151E-13  1.00E-07
  1.600E+01 1.14737E-16  9.688E-05  7.383E-09  7.761E-09  1.651E-13  9.263E-13  1.00E-07
  1.625E+01 1.12300E-16  9.952E-05  7.254E-09  7.726E-09  1.569E-13  9.374E-13  1.00E-07
  1.650E+01 1.09897E-16  1.022E-04  7.125E-09  7.690E-09  1.483E-13  9.484E-13  1.00E-07
  1.675E+01 1.07528E-16  1.050E-04  6.996E-09  7.654E-09  1.395E-13  9.592E-13  1.00E-07
  1.700E+01 1.05194E-16  1.078E-04  6.868E-09  7.617E-09  1.303E-13  9.699E-13  1.00E-07
  1.725E+01 1.02895E-16  1.106E-04  6.740E-09  7.581E-09  1.208E-13  9.804E-13  1.00E-07
  1.750E+01 1.00633E-16  1.136E-04  6.613E-09  7.543E-09  1.111E-13  9.908E-13  1.00E-07
  1.775E+01 9.84069E-17  1.165E-04  6.486E-09  7.506E-09  1.011E-13  1.001E-12  1.00E-07
  1.800E+01 9.62176E-17  1.196E-04  6.360E-09  7.468E-09  9.075E-14  1.011E-12  1.00E-07
  1.825E+01 9.40654E-17  1.227E-04  6.234E-09  7.430E-09  8.016E-14  1.021E-12  1.00E-07
  1.850E+01 9.19503E-17  1.258E-04  6.109E-09  7.391E-09  6.930E-14  1.031E-12  1.00E-07
  1.875E+01 8.98725E-17  1.290E-04  5.984E-09  7.352E-09  5.818E-14  1.040E-12  1.00E-07
  1.900E+01 8.78322E-17  1.323E-04  5.861E-09  7.313E-09  4.680E-14  1.050E-12  1.00E-07
  1.925E+01 8.58293E-17  1.357E-04  5.738E-09  7.274E-09  3.517E-14  1.059E-12  1.00E-07
  1.950E+01 8.38639E-17  1.391E-04  5.615E-09  7.234E-09  2.329E-14  1.068E-12  1.00E-07
  1.975E+01 8.19359E-17  1.425E-04  5.494E-09  7.194E-09  1.117E-14  1.077E-12  1.00E-07
  2.000E+01 8.00453E-17  1.460E-04  5.373E-09  7.154E-09 -1.180E-15  1.086E-12  1.00E-07
  2.025E+01 7.81918E-17  1.496E-04  5.253E-09  7.113E-09 -1.376E-14  1.095E-12  1.00E-07
  2.050E+01 7.63754E-17  1.533E-04  5.134E-09  7.072E-09 -2.657E-14  1.104E-12  1.00E-07
  2.075E+01 7.45959E-17  1.570E-04  5.016E-09  7.031E-09 -3.959E-14  1.112E-12  1.00E-07
  2.100E+01 7.28529E-17  1.608E-04  4.898E-09  6.990E-09 -5.282E-14  1.120E-12  1.00E-07
  2.125E+01 7.11463E-17  1.646E-04  4.782E-09  6.948E-09 -6.626E-14  1.128E-12  1.00E-07
  2.150E+01 6.94757E-17  1.685E-04  4.666E-09  6.907E-09 -7.990E-14  1.136E-12  1.00E-07
  2.175E+01 6.78408E-17  1.725E-04  4.552E-09  6.865E-09 -9.373E-14  1.144E-12  1.00E-07
  2.200E+01 6.62413E-17  1.765E-04  4.438E-09  6.822E-09 -1.077E-13  1.152E-12  1.00E-07
  2.225E+01 6.46768E-17  1.806E-04  4.326E-09  6.780E-09 -1.219E-13  1.159E-12  1.00E-07
  2.250E+01 6.31469E-17  1.848E-04  4.214E-09  6.737E-09 -1.363E-13  1.166E-12  1.00E-07
  2.275E+01 6.16512E-17  1.890E-04  4.104E-09  6.694E-09 -1.509E-13  1.174E-12  1.00E-07
  2.300E+01 6.01892E-17  1.933E-04  3.994E-09  6.651E-09 -1.656E-13  1.181E-12  1.00E-07
  2.325E+01 5.87607E-17  1.976E-04  3.886E-09  6.608E-09 -1.805E-13  1.187E-12  1.00E-07
  2.350E+01 5.73649E-17  2.020E-04  3.778E-09  6.564E-09 -1.955E-13  1.194E-12  1.00E-07
  2.375E+01 5.60016E-17  2.065E-04  3.672E-09  6.521E-09 -2.107E-13  1.201E-12  1.00E-07
  2.400E+01 5.46702E-17  2.110E-04  3.567E-09  6.477E-09 -2.260E-13  1.207E-12  1.00E-07
  2.425E+01 5.33703E-17  2.156E-04  3.463E-09  6.433E-09 -2.414E-13  1.213E-12  1.00E-07
  2.450E+01 5.21012E-17  2.203E-04  3.360E-09  6.389E-09 -2.570E-13  1.219E-12  1.00E-07
  2.475E+01 5.08626E-17  2.250E-04  3.258E-09  6.344E-09 -2.728E-13  1.225E-12  1.00E-07
  2.500E+01 4.96539E-17  2.297E-04  3.157E-09  6.300E-09 -2.886E-13  1.231E-12  1.00E-07
  2.550E+01 4.73240E-17  2.394E-04  2.959E-09  6.210E-09 -3.206E-13  1.242E-12  1.00E-07
  2.600E+01 4.51075E-17  2.493E-04  2.765E-09  6.121E-09 -3.531E-13  1.252E-12  1.00E-07
  2.650E+01 4.30001E-17  2.594E-04  2.576E-09  6.030E-09 -3.859E-13  1.262E-12  1.00E-07
  2.700E+01 4.09975E-17  2.697E-04  2.392E-09  5.939E-09 -4.191E-13  1.271E-12  1.00E-07
  2.750E+01 3.90955E-17  2.802E-04  2.212E-09  5.848E-09 -4.526E-13  1.279E-12  1.00E-07
  2.800E+01 3.72899E-17  2.908E-04  2.036E-09  5.757E-09 -4.864E-13  1.287E-12  1.00E-07
  2.850E+01 3.55765E-17  3.015E-04  1.866E-09  5.665E-09 -5.204E-13  1.294E-12  1.00E-07
  2.900E+01 3.39512E-17  3.123E-04  1.699E-09  5.573E-09 -5.546E-13  1.301E-12  1.00E-07
  2.950E+01 3.24102E-17  3.232E-04  1.538E-09  5.481E-09 -5.891E-13  1.307E-12  1.00E-07
  3.000E+01 3.09494E-17  3.342E-04  1.380E-09  5.389E-09 -6.236E-13  1.312E-12  1.00E-07
  3.050E+01 2.95650E-17  3.452E-04  1.228E-09  5.297E-09 -6.583E-13  1.317E-12  1.00E-07
  3.100E+01 2.82535E-17  3.563E-04  1.079E-09  5.205E-09 -6.930E-13  1.321E-12  1.00E-07
  3.150E+01 2.70111E-17  3.672E-04  9.352E-10  5.112E-09 -7.278E-13  1.325E-12  1.00E-07
  3.200E+01 2.58345E-17  3.782E-04  7.955E-10  5.020E-09 -7.627E-13  1.328E-12  1.00E-07
  3.250E+01 2.47204E-17  3.890E-04  6.601E-10  4.928E-09 -7.975E-13  1.330E-12  1.00E-07
  3.300E+01 2.36655E-17  3.997E-04  5.289E-10  4.836E-09 -8.323E-13  1.332E-12  1.00E-07
  3.350E+01 2.26667E-17  4.102E-04  4.019E-10  4.744E-09 -8.671E-13  1.333E-12  1.00E-07
  3.400E+01 2.17212E-17  4.205E-04  2.789E-10  4.652E-09 -9.018E-13  1.334E-12  1.00E-07
  3.450E+01 2.08260E-17  4.306E-04  1.600E-10  4.561E-09 -9.364E-13  1.334E-12  1.00E-07
  3.500E+01 1.99786E-17  4.404E-04  4.506E-11  4.470E-09 -9.708E-13  1.334E-12  1.00E-07
  3.550E+01 1.91762E-17  4.499E-04 -6.599E-11  4.379E-09 -1.005E-12  1.333E-12  1.00E-07
  3.600E+01 1.84166E-17  4.590E-04 -1.732E-10  4.288E-09 -1.039E-12  1.331E-12  1.00E-07
  3.650E+01 1.76972E-17  4.676E-04 -2.767E-10  4.198E-09 -1.073E-12  1.330E-12  1.00E-07
  3.700E+01 1.70159E-17  4.759E-04 -3.765E-10  4.108E-09 -1.107E-12  1.327E-12  1.00E-07
  3.750E+01 1.63706E-17  4.836E-04 -4.726E-10  4.018E-09 -1.141E-12  1.324E-12  1.00E-07
  3.800E+01 1.57593E-17  4.909E-04 -5.652E-10  3.929E-09 -1.174E-12  1.321E-12  1.00E-07
  3.850E+01 1.51801E-17  4.975E-04 -6.544E-10  3.841E-09 -1.207E-12  1.317E-12  1.00E-07
  3.900E+01 1.46310E-17  5.035E-04 -7.401E-10  3.753E-09 -1.240E-12  1.312E-12  1.00E-07
  3.950E+01 1.41106E-17  5.089E-04 -8.225E-10  3.665E-09 -1.273E-12  1.307E-12  1.00E-07
  4.000E+01 1.36170E-17  5.136E-04 -9.017E-10  3.578E-09 -1.305E-12  1.302E-12  1.00E-07
  4.050E+01 1.31489E-17  5.176E-04 -9.776E-10  3.492E-09 -1.338E-12  1.296E-12  1.00E-07
  4.100E+01 1.27047E-17  5.209E-04 -1.050E-09  3.406E-09 -1.369E-12  1.290E-12  1.00E-07
  4.150E+01 1.22830E-17  5.233E-04 -1.120E-09  3.321E-09 -1.401E-12  1.283E-12  1.00E-07
  4.200E+01 1.18827E-17  5.249E-04 -1.187E-09  3.236E-09 -1.432E-12  1.276E-12  1.00E-07
  4.250E+01 1.15024E-17  5.257E-04 -1.251E-09  3.152E-09 -1.463E-12  1.269E-12  1.00E-07
  4.300E+01 1.11411E-17  5.257E-04 -1.312E-09  3.069E-09 -1.493E-12  1.261E-12  1.00E-07
  4.350E+01 1.07975E-17  5.247E-04 -1.370E-09  2.987E-09 -1.523E-12  1.253E-12  1.00E-07
  4.400E+01 1.04709E-17  5.228E-04 -1.426E-09  2.905E-09 -1.553E-12  1.244E-12  1.00E-07
  4.450E+01 1.01600E-17  5.199E-04 -1.479E-09  2.824E-09 -1.582E-12  1.235E-12  1.00E-07
  4.500E+01 9.86415E-18  5.162E-04 -1.530E-09  2.743E-09 -1.611E-12  1.226E-12  1.00E-07
  4.550E+01 9.58239E-18  5.114E-04 -1.577E-09  2.663E-09 -1.640E-12  1.216E-12  1.00E-07
  4.600E+01 9.31393E-18  5.057E-04 -1.623E-09  2.585E-09 -1.668E-12  1.206E-12  1.00E-07
  4.650E+01 9.05802E-18  4.989E-04 -1.666E-09  2.506E-09 -1.696E-12  1.196E-12  1.00E-07
  4.700E+01 8.81396E-18  4.912E-04 -1.707E-09  2.429E-09 -1.724E-12  1.185E-12  1.00E-07
  4.750E+01 8.58109E-18  4.824E-04 -1.745E-09  2.353E-09 -1.751E-12  1.174E-12  1.00E-07
  4.800E+01 8.35876E-18  4.727E-04 -1.782E-09  2.277E-09 -1.777E-12  1.162E-12  1.00E-07
  4.850E+01 8.14641E-18  4.619E-04 -1.816E-09  2.202E-09 -1.803E-12  1.151E-12  1.00E-07
  4.900E+01 7.94347E-18  4.501E-04 -1.848E-09  2.128E-09 -1.829E-12  1.139E-12  1.00E-07
  4.950E+01 7.74943E-18  4.373E-04 -1.878E-09  2.055E-09 -1.855E-12  1.127E-12  1.00E-07
  5.000E+01 7.56380E-18  4.234E-04 -1.907E-09  1.982E-09 -1.880E-12  1.114E-12  1.00E-07
  5.050E+01 7.38612E-18  4.086E-04 -1.933E-09  1.911E-09 -1.904E-12  1.101E-12  1.00E-07
  5.100E+01 7.21596E-18  3.928E-04 -1.957E-09  1.840E-09 -1.928E-12  1.089E-12  1.00E-07
  5.150E+01 7.05292E-18  3.759E-04 -1.980E-09  1.770E-09 -1.952E-12  1.075E-12  1.00E-07
  5.200E+01 6.89661E-18  3.581E-04 -2.001E-09  1.701E-09 -1.975E-12  1.062E-12  1.00E-07
  5.250E+01 6.74669E-18  3.394E-04 -2.020E-09  1.633E-09 -1.998E-12  1.048E-12  1.00E-07
  5.300E+01 6.60282E-18  3.196E-04 -2.038E-09  1.566E-09 -2.020E-12  1.034E-12  1.00E-07
  5.350E+01 6.46468E-18  2.989E-04 -2.054E-09  1.499E-09 -2.042E-12  1.020E-12  1.00E-07
  5.400E+01 6.33198E-18  2.773E-04 -2.068E-09  1.434E-09 -2.064E-12  1.006E-12  1.00E-07
  5.450E+01 6.20444E-18  2.548E-04 -2.081E-09  1.369E-09 -2.085E-12  9.916E-13  1.00E-07
  5.500E+01 6.08179E-18  2.314E-04 -2.092E-09  1.305E-09 -2.105E-12  9.770E-13  1.00E-07
  5.550E+01 5.96380E-18  2.071E-04 -2.102E-09  1.242E-09 -2.125E-12  9.623E-13  1.00E-07
  5.600E+01 5.85023E-18  1.819E-04 -2.111E-09  1.180E-09 -2.145E-12  9.473E-13  1.00E-07
  5.650E+01 5.74087E-18  1.559E-04 -2.119E-09  1.119E-09 -2.164E-12  9.322E-13  1.00E-07
  5.700E+01 5.63551E-18  1.291E-04 -2.125E-09  1.059E-09 -2.183E-12  9.170E-13  1.00E-07
  5.750E+01 5.53397E-18  1.014E-04 -2.129E-09  9.996E-10 -2.202E-12  9.016E-13  1.00E-07
  5.800E+01 5.43605E-18  7.305E-05 -2.133E-09  9.411E-10 -2.220E-12  8.862E-13  1.00E-07
  5.850E+01 5.34159E-18  4.390E-05 -2.136E-09  8.835E-10 -2.237E-12  8.705E-13  1.00E-07
  5.900E+01 5.25043E-18  1.402E-05 -2.137E-09  8.268E-10 -2.254E-12  8.548E-13  1.00E-07
  5.950E+01 5.16242E-18 -1.656E-05 -2.137E-09  7.709E-10 -2.271E-12  8.390E-13  1.00E-07
  6.000E+01 5.07742E-18 -4.782E-05 -2.137E-09  7.159E-10 -2.287E-12  8.231E-13  1.00E-07
  6.050E+01 4.99529E-18 -7.974E-05 -2.135E-09  6.617E-10 -2.303E-12  8.071E-13  1.00E-07
  6.100E+01 4.91591E-18 -1.123E-04 -2.132E-09  6.085E-10 -2.318E-12  7.910E-13  1.00E-07
  6.150E+01 4.83916E-18 -1.454E-04 -2.128E-09  5.560E-10 -2.333E-12  7.748E-13  1.00E-07
  6.200E+01 4.76493E-18 -1.792E-04 -2.124E-09  5.045E-10 -2.347E-12  7.586E-13  1.00E-07
  6.250E+01 4.69310E-18 -2.135E-04 -2.118E-09  4.538E-10 -2.362E-12  7.423E-13  1.00E-07
  6.300E+01 4.62359E-18 -2.483E-04 -2.112E-09  4.039E-10 -2.375E-12  7.260E-13  1.00E-07
  6.350E+01 4.55628E-18 -2.836E-04 -2.105E-09  3.549E-10 -2.388E-12  7.096E-13  1.00E-07
  6.400E+01 4.49111E-18 -3.194E-04 -2.097E-09  3.067E-10 -2.401E-12  6.932E-13  1.00E-07
  6.450E+01 4.42797E-18 -3.556E-04 -2.088E-09  2.593E-10 -2.414E-12  6.767E-13  1.00E-07
  6.500E+01 4.36679E-18 -3.923E-04 -2.079E-09  2.128E-10 -2.425E-12  6.603E-13  1.00E-07
  6.550E+01 4.30750E-18 -4.293E-04 -2.069E-09  1.670E-10 -2.437E-12  6.438E-13  1.00E-07
  6.600E+01 4.25002E-18 -4.667E-04 -2.058E-09  1.221E-10 -2.448E-12  6.272E-13  1.00E-07
  6.650E+01 4.19429E-18 -5.045E-04 -2.047E-09  7.802E-11 -2.459E-12  6.107E-13  1.00E-07
  6.700E+01 4.14023E-18 -5.425E-04 -2.034E-09  3.472E-11 -2.469E-12  5.942E-13  1.00E-07
  6.750E+01 4.08779E-18 -5.809E-04 -2.022E-09 -7.788E-12 -2.479E-12  5.777E-13  1.00E-07
  6.800E+01 4.03690E-18 -6.194E-04 -2.009E-09 -4.951E-11 -2.489E-12  5.611E-13  1.00E-07
  6.850E+01 3.98752E-18 -6.583E-04 -1.995E-09 -9.045E-11 -2.498E-12  5.446E-13  1.00E-07
  6.900E+01 3.93959E-18 -6.973E-04 -1.981E-09 -1.306E-10 -2.507E-12  5.282E-13  1.00E-07
  6.950E+01 3.89306E-18 -7.364E-04 -1.966E-09 -1.700E-10 -2.515E-12  5.117E-13  1.00E-07
  7.000E+01 3.84788E-18 -7.757E-04 -1.950E-09 -2.087E-10 -2.523E-12  4.953E-13  1.00E-07
  7.050E+01 3.80401E-18 -8.151E-04 -1.935E-09 -2.465E-10 -2.530E-12  4.789E-13  1.00E-07
  7.100E+01 3.76140E-18 -8.547E-04 -1.919E-09 -2.837E-10 -2.538E-12  4.625E-13  1.00E-07
  7.150E+01 3.72000E-18 -8.942E-04 -1.902E-09 -3.201E-10 -2.545E-12  4.462E-13  1.00E-07
  7.200E+01 3.67979E-18 -9.338E-04 -1.885E-09 -3.558E-10 -2.551E-12  4.300E-13  1.00E-07
  7.250E+01 3.64072E-18 -9.734E-04 -1.868E-09 -3.907E-10 -2.557E-12  4.138E-13  1.00E-07
  7.300E+01 3.60276E-18 -1.013E-03 -1.850E-09 -4.250E-10 -2.563E-12  3.976E-13  1.00E-07
  7.350E+01 3.56587E-18 -1.052E-03 -1.832E-09 -4.585E-10 -2.568E-12  3.816E-13  1.00E-07
  7.400E+01 3.53001E-18 -1.092E-03 -1.813E-09 -4.913E-10 -2.573E-12  3.656E-13  1.00E-07
  7.450E+01 3.49516E-18 -1.131E-03 -1.795E-09 -5.235E-10 -2.578E-12  3.496E-13  1.00E-07
  7.500E+01 3.46129E-18 -1.170E-03 -1.776E-09 -5.550E-10 -2.582E-12  3.338E-13  1.00E-07
  7.550E+01 3.42836E-18 -1.210E-03 -1.756E-09 -5.858E-10 -2.586E-12  3.180E-13  1.00E-07
  7.600E+01 3.39635E-18 -1.248E-03 -1.737E-09 -6.159E-10 -2.590E-12  3.023E-13  1.00E-07
  7.650E+01 3.36523E-18 -1.287E-03 -1.717E-09 -6.453E-10 -2.593E-12  2.867E-13  1.00E-07
  7.700E+01 3.33498E-18 -1.326E-03 -1.697E-09 -6.742E-10 -2.596E-12  2.711E-13  1.00E-07
  7.750E+01 3.30556E-18 -1.364E-03 -1.677E-09 -7.023E-10 -2.599E-12  2.557E-13  1.00E-07
  7.800E+01 3.27696E-18 -1.402E-03 -1.657E-09 -7.299E-10 -2.601E-12  2.404E-13  1.00E-07
  7.850E+01 3.24914E-18 -1.439E-03 -1.636E-09 -7.568E-10 -2.603E-12  2.252E-13  1.00E-07
  7.900E+01 3.22210E-18 -1.477E-03 -1.615E-09 -7.831E-10 -2.604E-12  2.100E-13  1.00E-07
  7.950E+01 3.19581E-18 -1.513E-03 -1.594E-09 -8.088E-10 -2.606E-12  1.950E-13  1.00E-07
  8.000E+01 3.17024E-18 -1.550E-03 -1.573E-09 -8.339E-10 -2.607E-12  1.801E-13  1.00E-07
  8.050E+01 3.14538E-18 -1.586E-03 -1.552E-09 -8.584E-10 -2.607E-12  1.653E-13  1.00E-07
  8.100E+01 3.12120E-18 -1.622E-03 -1.531E-09 -8.823E-10 -2.608E-12  1.507E-13  1.00E-07
  8.150E+01 3.09770E-18 -1.657E-03 -1.509E-09 -9.056E-10 -2.608E-12  1.361E-13  1.00E-07
  8.200E+01 3.07484E-18 -1.692E-03 -1.488E-09 -9.284E-10 -2.608E-12  1.217E-13  1.00E-07
  8.250E+01 3.05262E-18 -1.727E-03 -1.466E-09 -9.506E-10 -2.607E-12  1.074E-13  1.00E-07
  8.300E+01 3.03101E-18 -1.761E-03 -1.444E-09 -9.723E-10 -2.606E-12  9.319E-14  1.00E-07
  8.350E+01 3.01000E-18 -1.794E-03 -1.422E-09 -9.934E-10 -2.605E-12  7.914E-14  1.00E-07
  8.400E+01 2.98958E-18 -1.827E-03 -1.401E-09 -1.014E-09 -2.604E-12  6.522E-14  1.00E-07
  8.450E+01 2.96972E-18 -1.860E-03 -1.379E-09 -1.034E-09 -2.602E-12  5.144E-14  1.00E-07
  8.500E+01 2.95041E-18 -1.892E-03 -1.357E-09 -1.054E-09 -2.600E-12  3.779E-14  1.00E-07
  8.550E+01 2.93165E-18 -1.923E-03 -1.335E-09 -1.073E-09 -2.598E-12  2.429E-14  1.00E-07
  8.600E+01 2.91341E-18 -1.954E-03 -1.313E-09 -1.091E-09 -2.595E-12  1.092E-14  1.00E-07
  8.650E+01 2.89567E-18 -1.984E-03 -1.291E-09 -1.109E-09 -2.593E-12 -2.302E-15  1.00E-07
  8.700E+01 2.87844E-18 -2.014E-03 -1.268E-09 -1.127E-09 -2.590E-12 -1.538E-14  1.00E-07
  8.750E+01 2.86169E-18 -2.043E-03 -1.246E-09 -1.144E-09 -2.586E-12 -2.831E-14  1.00E-07
  8.800E+01 2.84541E-18 -2.071E-03 -1.224E-09 -1.160E-09 -2.583E-12 -4.110E-14  1.00E-07
  8.850E+01 2.82959E-18 -2.099E-03 -1.202E-09 -1.176E-09 -2.579E-12 -5.373E-14  1.00E-07
  8.900E+01 2.81422E-18 -2.126E-03 -1.180E-09 -1.192E-09 -2.575E-12 -6.621E-14  1.00E-07
  8.950E+01 2.79929E-18 -2.152E-03 -1.158E-09 -1.207E-09 -2.571E-12 -7.854E-14  1.00E-07
  9.000E+01 2.78478E-18 -2.178E-03 -1.136E-09 -1.222E-09 -2.566E-12 -9.072E-14  1.00E-07
  9.050E+01 2.77068E-18 -2.203E-03 -1.114E-09 -1.236E-09 -2.561E-12 -1.027E-13  1.00E-07
  9.100E+01 2.75699E-18 -2.228E-03 -1.092E-09 -1.250E-09 -2.556E-12 -1.146E-13  1.00E-07
  9.150E+01 2.74369E-18 -2.252E-03 -1.071E-09 -1.264E-09 -2.551E-12 -1.263E-13  1.00E-07
  9.200E+01 2.73078E-18 -2.275E-03 -1.049E-09 -1.277E-09 -2.545E-12 -1.378E-13  1.00E-07
  9.250E+01 2.71824E-18 -2.297E-03 -1.027E-09 -1.290E-09 -2.540E-12 -1.492E-13  1.00E-07
  9.300E+01 2.70607E-18 -2.319E-03 -1.005E-09 -1.302E-09 -2.534E-12 -1.604E-13  1.00E-07
  9.350E+01 2.69425E-18 -2.340E-03 -9.838E-10 -1.314E-09 -2.528E-12 -1.715E-13  1.00E-07
  9.400E+01 2.68278E-18 -2.360E-03 -9.623E-10 -1.325E-09 -2.521E-12 -1.824E-13  1.00E-07
  9.450E+01 2.67164E-18 -2.380E-03 -9.409E-10 -1.337E-09 -2.515E-12 -1.931E-13  1.00E-07
  9.500E+01 2.66083E-18 -2.399E-03 -9.195E-10 -1.347E-09 -2.508E-12 -2.037E-13  1.00E-07
  9.550E+01 2.65035E-18 -2.417E-03 -8.983E-10 -1.358E-09 -2.501E-12 -2.141E-13  1.00E-07
  9.600E+01 2.64017E-18 -2.435E-03 -8.771E-10 -1.368E-09 -2.494E-12 -2.243E-13  1.00E-07
  9.650E+01 2.63031E-18 -2.452E-03 -8.560E-10 -1.378E-09 -2.486E-12 -2.344E-13  1.00E-07
  9.700E+01 2.62073E-18 -2.468E-03 -8.350E-10 -1.387E-09 -2.479E-12 -2.443E-13  1.00E-07
  9.750E+01 2.61145E-18 -2.483E-03 -8.142E-10 -1.396E-09 -2.471E-12 -2.540E-13  1.00E-07
  9.800E+01 2.60245E-18 -2.498E-03 -7.934E-10 -1.405E-09 -2.463E-12 -2.636E-13  1.00E-07
  9.850E+01 2.59373E-18 -2.512E-03 -7.727E-10 -1.413E-09 -2.455E-12 -2.730E-13  1.00E-07
  9.900E+01 2.58527E-18 -2.525E-03 -7.522E-10 -1.421E-09 -2.446E-12 -2.822E-13  1.00E-07
  9.950E+01 2.57707E-18 -2.538E-03 -7.318E-10 -1.429E-09 -2.438E-12 -2.912E-13  1.00E-07
  1.000E+02 2.56913E-18 -2.550E-03 -7.115E-10 -1.436E-09 -2.429E-12 -3.001E-13  1.00E-07
  1.005E+02 2.56144E-18 -2.561E-03 -6.913E-10 -1.443E-09 -2.420E-12 -3.088E-13  1.00E-07
  1.010E+02 2.55399E-18 -2.572E-03 -6.712E-10 -1.450E-09 -2.411E-12 -3.173E-13  1.00E-07
  1.015E+02 2.54677E-18 -2.581E-03 -6.513E-10 -1.457E-09 -2.402E-12 -3.257E-13  1.00E-07
  1.020E+02 2.53979E-18 -2.591E-03 -6.315E-10 -1.463E-09 -2.392E-12 -3.339E-13  1.00E-07
  1.025E+02 2.53303E-18 -2.599E-03 -6.118E-10 -1.469E-09 -2.383E-12 -3.419E-13  1.00E-07
  1.030E+02 2.52648E-18 -2.607E-03 -5.923E-10 -1.475E-09 -2.373E-12 -3.497E-13  1.00E-07
  1.035E+02 2.52015E-18 -2.614E-03 -5.729E-10 -1.481E-09 -2.363E-12 -3.574E-13  1.00E-07
  1.040E+02 2.51403E-18 -2.621E-03 -5.536E-10 -1.486E-09 -2.353E-12 -3.649E-13  1.00E-07
  1.045E+02 2.50810E-18 -2.627E-03 -5.345E-10 -1.491E-09 -2.343E-12 -3.723E-13  1.00E-07
  1.050E+02 2.50238E-18 -2.632E-03 -5.155E-10 -1.496E-09 -2.333E-12 -3.794E-13  1.00E-07
  1.055E+02 2.49684E-18 -2.636E-03 -4.966E-10 -1.500E-09 -2.322E-12 -3.864E-13  1.00E-07
  1.060E+02 2.49149E-18 -2.640E-03 -4.779E-10 -1.504E-09 -2.311E-12 -3.932E-13  1.00E-07
  1.065E+02 2.48633E-18 -2.644E-03 -4.594E-10 -1.508E-09 -2.301E-12 -3.999E-13  1.00E-07
  1.070E+02 2.48134E-18 -2.646E-03 -4.410E-10 -1.512E-09 -2.290E-12 -4.063E-13  1.00E-07
  1.075E+02 2.47652E-18 -2.648E-03 -4.227E-10 -1.516E-09 -2.278E-12 -4.126E-13  1.00E-07
  1.080E+02 2.47187E-18 -2.650E-03 -4.046E-10 -1.519E-09 -2.267E-12 -4.188E-13  1.00E-07
  1.085E+02 2.46738E-18 -2.651E-03 -3.866E-10 -1.522E-09 -2.256E-12 -4.247E-13  1.00E-07
  1.090E+02 2.46306E-18 -2.651E-03 -3.688E-10 -1.525E-09 -2.244E-12 -4.305E-13  1.00E-07
  1.095E+02 2.45888E-18 -2.651E-03 -3.511E-10 -1.528E-09 -2.233E-12 -4.362E-13  1.00E-07
  1.100E+02 2.45486E-18 -2.650E-03 -3.336E-10 -1.531E-09 -2.221E-12 -4.416E-13  1.00E-07
  1.105E+02 2.45099E-18 -2.649E-03 -3.163E-10 -1.533E-09 -2.209E-12 -4.469E-13  1.00E-07
  1.110E+02 2.44725E-18 -2.647E-03 -2.991E-10 -1.536E-09 -2.197E-12 -4.520E-13  1.00E-07
  1.115E+02 2.44366E-18 -2.644E-03 -2.820E-10 -1.538E-09 -2.185E-12 -4.570E-13  1.00E-07
  1.120E+02 2.44020E-18 -2.641E-03 -2.652E-10 -1.539E-09 -2.173E-12 -4.617E-13  1.00E-07
  1.125E+02 2.43687E-18 -2.637E-03 -2.484E-10 -1.541E-09 -2.160E-12 -4.664E-13  1.00E-07
  1.130E+02 2.43368E-18 -2.633E-03 -2.318E-10 -1.543E-09 -2.148E-12 -4.708E-13  1.00E-07
  1.135E+02 2.43060E-18 -2.629E-03 -2.154E-10 -1.544E-09 -2.135E-12 -4.751E-13  1.00E-07
  1.140E+02 2.42765E-18 -2.624E-03 -1.992E-10 -1.545E-09 -2.123E-12 -4.792E-13  1.00E-07
  1.145E+02 2.42481E-18 -2.618E-03 -1.830E-10 -1.546E-09 -2.110E-12 -4.832E-13  1.00E-07
  1.150E+02 2.42209E-18 -2.612E-03 -1.671E-10 -1.547E-09 -2.097E-12 -4.870E-13  1.00E-07
  1.155E+02 2.41948E-18 -2.605E-03 -1.513E-10 -1.548E-09 -2.084E-12 -4.906E-13  1.00E-07
  1.160E+02 2.41698E-18 -2.598E-03 -1.357E-10 -1.549E-09 -2.071E-12 -4.941E-13  1.00E-07
  1.165E+02 2.41459E-18 -2.591E-03 -1.202E-10 -1.549E-09 -2.058E-12 -4.974E-13  1.00E-07
  1.170E+02 2.41229E-18 -2.583E-03 -1.049E-10 -1.550E-09 -2.044E-12 -5.005E-13  1.00E-07
  1.175E+02 2.41010E-18 -2.574E-03 -8.972E-11 -1.550E-09 -2.031E-12 -5.035E-13  1.00E-07
  1.180E+02 2.40800E-18 -2.566E-03 -7.472E-11 -1.550E-09 -2.017E-12 -5.064E-13  1.00E-07
  1.185E+02 2.40600E-18 -2.556E-03 -5.987E-11 -1.550E-09 -2.004E-12 -5.090E-13  1.00E-07
  1.190E+02 2.40409E-18 -2.547E-03 -4.518E-11 -1.550E-09 -1.990E-12 -5.115E-13  1.00E-07
  1.195E+02 2.40226E-18 -2.537E-03 -3.065E-11 -1.550E-09 -1.976E-12 -5.139E-13  1.00E-07
  1.200E+02 2.40052E-18 -2.526E-03 -1.628E-11 -1.549E-09 -1.962E-12 -5.161E-13  1.00E-07
  1.205E+02 2.39887E-18 -2.515E-03 -2.060E-12 -1.549E-09 -1.948E-12 -5.182E-13  1.00E-07
  1.210E+02 2.39730E-18 -2.504E-03  1.200E-11 -1.548E-09 -1.934E-12 -5.201E-13  1.00E-07
  1.215E+02 2.39580E-18 -2.492E-03  2.591E-11 -1.548E-09 -1.920E-12 -5.218E-13  1.00E-07
  1.220E+02 2.39438E-18 -2.480E-03  3.966E-11 -1.547E-09 -1.906E-12 -5.234E-13  1.00E-07
  1.225E+02 2.39304E-18 -2.468E-03  5.325E-11 -1.546E-09 -1.892E-12 -5.248E-13  1.00E-07
  1.230E+02 2.39176E-18 -2.455E-03  6.669E-11 -1.545E-09 -1.878E-12 -5.261E-13  1.00E-07
  1.235E+02 2.39056E-18 -2.442E-03  7.998E-11 -1.544E-09 -1.863E-12 -5.273E-13  1.00E-07
  1.240E+02 2.38942E-18 -2.429E-03  9.311E-11 -1.543E-09 -1.849E-12 -5.283E-13  1.00E-07
  1.245E+02 2.38835E-18 -2.415E-03  1.061E-10 -1.542E-09 -1.834E-12 -5.291E-13  1.00E-07
  1.250E+02 2.38734E-18 -2.401E-03  1.189E-10 -1.541E-09 -1.819E-12 -5.298E-13  1.00E-07
  1.255E+02 2.38640E-18 -2.386E-03  1.316E-10 -1.539E-09 -1.805E-12 -5.304E-13  1.00E-07
  1.260E+02 2.38551E-18 -2.372E-03  1.441E-10 -1.538E-09 -1.790E-12 -5.308E-13  1.00E-07
  1.265E+02 2.38468E-18 -2.357E-03  1.565E-10 -1.536E-09 -1.775E-12 -5.311E-13  1.00E-07
  1.270E+02 2.38391E-18 -2.342E-03  1.687E-10 -1.535E-09 -1.760E-12 -5.312E-13  1.00E-07
  1.275E+02 2.38319E-18 -2.326E-03  1.808E-10 -1.533E-09 -1.745E-12 -5.312E-13  1.00E-07
  1.280E+02 2.38252E-18 -2.310E-03  1.927E-10 -1.531E-09 -1.730E-12 -5.311E-13  1.00E-07
  1.285E+02 2.38190E-18 -2.294E-03  2.044E-10 -1.530E-09 -1.715E-12 -5.308E-13  1.00E-07
  1.290E+02 2.38133E-18 -2.278E-03  2.161E-10 -1.528E-09 -1.700E-12 -5.304E-13  1.00E-07
  1.295E+02 2.38081E-18 -2.261E-03  2.275E-10 -1.526E-09 -1.685E-12 -5.298E-13  1.00E-07
  1.300E+02 2.38033E-18 -2.244E-03  2.389E-10 -1.524E-09 -1.669E-12 -5.291E-13  1.00E-07
  1.305E+02 2.37990E-18 -2.227E-03  2.501E-10 -1.522E-09 -1.654E-12 -5.283E-13  1.00E-07
  1.310E+02 2.37951E-18 -2.210E-03  2.611E-10 -1.520E-09 -1.639E-12 -5.273E-13  1.00E-07
  1.315E+02 2.37916E-18 -2.192E-03  2.720E-10 -1.518E-09 -1.623E-12 -5.262E-13  1.00E-07
  1.320E+02 2.37885E-18 -2.174E-03  2.827E-10 -1.516E-09 -1.608E-12 -5.250E-13  1.00E-07
  1.325E+02 2.37858E-18 -2.156E-03  2.933E-10 -1.514E-09 -1.592E-12 -5.237E-13  1.00E-07
  1.330E+02 2.37834E-18 -2.138E-03  3.038E-10 -1.512E-09 -1.577E-12 -5.222E-13  1.00E-07
  1.335E+02 2.37814E-18 -2.120E-03  3.141E-10 -1.510E-09 -1.561E-12 -5.206E-13  1.00E-07
  1.340E+02 2.37797E-18 -2.101E-03  3.243E-10 -1.508E-09 -1.545E-12 -5.189E-13  1.00E-07
  1.345E+02 2.37784E-18 -2.082E-03  3.343E-10 -1.505E-09 -1.530E-12 -5.170E-13  1.00E-07
  1.350E+02 2.37773E-18 -2.063E-03  3.442E-10 -1.503E-09 -1.514E-12 -5.150E-13  1.00E-07
  1.355E+02 2.37766E-18 -2.044E-03  3.540E-10 -1.501E-09 -1.498E-12 -5.130E-13  1.00E-07
  1.360E+02 2.37761E-18 -2.025E-03  3.636E-10 -1.498E-09 -1.482E-12 -5.107E-13  1.00E-07
  1.365E+02 2.37760E-18 -2.005E-03  3.731E-10 -1.496E-09 -1.466E-12 -5.084E-13  1.00E-07
  1.370E+02 2.37760E-18 -1.985E-03  3.825E-10 -1.494E-09 -1.450E-12 -5.060E-13  1.00E-07
  1.375E+02 2.37764E-18 -1.965E-03  3.917E-10 -1.491E-09 -1.434E-12 -5.034E-13  1.00E-07
  1.380E+02 2.37770E-18 -1.945E-03  4.008E-10 -1.489E-09 -1.418E-12 -5.007E-13  1.00E-07
  1.385E+02 2.37778E-18 -1.925E-03  4.097E-10 -1.487E-09 -1.402E-12 -4.979E-13  1.00E-07
  1.390E+02 2.37788E-18 -1.905E-03  4.185E-10 -1.484E-09 -1.386E-12 -4.950E-13  1.00E-07
  1.395E+02 2.37801E-18 -1.884E-03  4.272E-10 -1.482E-09 -1.370E-12 -4.920E-13  1.00E-07
  1.400E+02 2.37815E-18 -1.864E-03  4.358E-10 -1.479E-09 -1.354E-12 -4.888E-13  1.00E-07
  1.405E+02 2.37832E-18 -1.843E-03  4.442E-10 -1.477E-09 -1.338E-12 -4.856E-13  1.00E-07
  1.410E+02 2.37850E-18 -1.822E-03  4.525E-10 -1.474E-09 -1.322E-12 -4.823E-13  1.00E-07
  1.415E+02 2.37870E-18 -1.801E-03  4.606E-10 -1.472E-09 -1.305E-12 -4.788E-13  1.00E-07
  1.420E+02 2.37892E-18 -1.780E-03  4.687E-10 -1.469E-09 -1.289E-12 -4.752E-13  1.00E-07
  1.425E+02 2.37915E-18 -1.758E-03  4.766E-10 -1.467E-09 -1.273E-12 -4.716E-13  1.00E-07
  1.430E+02 2.37939E-18 -1.737E-03  4.844E-10 -1.465E-09 -1.256E-12 -4.678E-13  1.00E-07
  1.435E+02 2.37965E-18 -1.715E-03  4.920E-10 -1.462E-09 -1.240E-12 -4.640E-13  1.00E-07
  1.440E+02 2.37993E-18 -1.694E-03  4.995E-10 -1.460E-09 -1.223E-12 -4.600E-13  1.00E-07
  1.445E+02 2.38021E-18 -1.672E-03  5.069E-10 -1.457E-09 -1.207E-12 -4.559E-13  1.00E-07
  1.450E+02 2.38051E-18 -1.650E-03  5.142E-10 -1.455E-09 -1.191E-12 -4.518E-13  1.00E-07
  1.455E+02 2.38081E-18 -1.628E-03  5.214E-10 -1.452E-09 -1.174E-12 -4.475E-13  1.00E-07
  1.460E+02 2.38113E-18 -1.606E-03  5.284E-10 -1.450E-09 -1.158E-12 -4.432E-13  1.00E-07
  1.465E+02 2.38146E-18 -1.584E-03  5.353E-10 -1.447E-09 -1.141E-12 -4.387E-13  1.00E-07
  1.470E+02 2.38179E-18 -1.562E-03  5.421E-10 -1.445E-09 -1.124E-12 -4.342E-13  1.00E-07
  1.475E+02 2.38213E-18 -1.540E-03  5.488E-10 -1.443E-09 -1.108E-12 -4.295E-13  1.00E-07
  1.480E+02 2.38248E-18 -1.517E-03  5.554E-10 -1.440E-09 -1.091E-12 -4.248E-13  1.00E-07
  1.485E+02 2.38284E-18 -1.495E-03  5.618E-10 -1.438E-09 -1.074E-12 -4.200E-13  1.00E-07
  1.490E+02 2.38320E-18 -1.472E-03  5.681E-10 -1.435E-09 -1.058E-12 -4.151E-13  1.00E-07
  1.495E+02 2.38357E-18 -1.450E-03  5.743E-10 -1.433E-09 -1.041E-12 -4.102E-13  1.00E-07
  1.500E+02 2.38394E-18 -1.427E-03  5.804E-10 -1.431E-09 -1.024E-12 -4.051E-13  1.00E-07
  1.505E+02 2.38431E-18 -1.404E-03  5.864E-10 -1.428E-09 -1.008E-12 -4.000E-13  1.00E-07
  1.510E+02 2.38469E-18 -1.381E-03  5.922E-10 -1.426E-09 -9.909E-13 -3.947E-13  1.00E-07
  1.515E+02 2.38507E-18 -1.358E-03  5.980E-10 -1.424E-09 -9.742E-13 -3.894E-13  1.00E-07
  1.520E+02 2.38546E-18 -1.335E-03  6.036E-10 -1.422E-09 -9.574E-13 -3.841E-13  1.00E-07
  1.525E+02 2.38584E-18 -1.312E-03  6.091E-10 -1.419E-09 -9.406E-13 -3.786E-13  1.00E-07
  1.530E+02 2.38623E-18 -1.289E-03  6.145E-10 -1.417E-09 -9.237E-13 -3.731E-13  1.00E-07
  1.535E+02 2.38662E-18 -1.266E-03  6.198E-10 -1.415E-09 -9.069E-13 -3.675E-13  1.00E-07
  1.540E+02 2.38701E-18 -1.243E-03  6.250E-10 -1.413E-09 -8.900E-13 -3.618E-13  1.00E-07
  1.545E+02 2.38740E-18 -1.220E-03  6.301E-10 -1.411E-09 -8.732E-13 -3.560E-13  1.00E-07
  1.550E+02 2.38778E-18 -1.197E-03  6.350E-10 -1.409E-09 -8.563E-13 -3.502E-13  1.00E-07
  1.555E+02 2.38817E-18 -1.173E-03  6.399E-10 -1.407E-09 -8.394E-13 -3.443E-13  1.00E-07
  1.560E+02 2.38856E-18 -1.150E-03  6.446E-10 -1.405E-09 -8.224E-13 -3.384E-13  1.00E-07
  1.565E+02 2.38894E-18 -1.127E-03  6.493E-10 -1.403E-09 -8.055E-13 -3.323E-13  1.00E-07
  1.570E+02 2.38932E-18 -1.103E-03  6.538E-10 -1.401E-09 -7.885E-13 -3.263E-13  1.00E-07
  1.575E+02 2.38970E-18 -1.080E-03  6.582E-10 -1.399E-09 -7.716E-13 -3.201E-13  1.00E-07
  1.580E+02 2.39007E-18 -1.056E-03  6.626E-10 -1.397E-09 -7.546E-13 -3.139E-13  1.00E-07
  1.585E+02 2.39045E-18 -1.032E-03  6.668E-10 -1.395E-09 -7.376E-13 -3.076E-13  1.00E-07
  1.590E+02 2.39081E-18 -1.009E-03  6.709E-10 -1.393E-09 -7.206E-13 -3.013E-13  1.00E-07
  1.595E+02 2.39118E-18 -9.852E-04  6.749E-10 -1.391E-09 -7.036E-13 -2.949E-13  1.00E-07
  1.600E+02 2.39154E-18 -9.616E-04  6.788E-10 -1.390E-09 -6.866E-13 -2.884E-13  1.00E-07
  1.605E+02 2.39189E-18 -9.379E-04  6.826E-10 -1.388E-09 -6.695E-13 -2.819E-13  1.00E-07
  1.610E+02 2.39224E-18 -9.141E-04  6.863E-10 -1.386E-09 -6.525E-13 -2.754E-13  1.00E-07
  1.615E+02 2.39259E-18 -8.904E-04  6.899E-10 -1.384E-09 -6.354E-13 -2.688E-13  1.00E-07
  1.620E+02 2.39292E-18 -8.666E-04  6.934E-10 -1.383E-09 -6.184E-13 -2.621E-13  1.00E-07
  1.625E+02 2.39326E-18 -8.428E-04  6.968E-10 -1.381E-09 -6.013E-13 -2.554E-13  1.00E-07
  1.630E+02 2.39358E-18 -8.189E-04  7.001E-10 -1.380E-09 -5.842E-13 -2.486E-13  1.00E-07
  1.635E+02 2.39390E-18 -7.951E-04  7.032E-10 -1.378E-09 -5.671E-13 -2.418E-13  1.00E-07
  1.640E+02 2.39421E-18 -7.712E-04  7.063E-10 -1.377E-09 -5.500E-13 -2.350E-13  1.00E-07
  1.645E+02 2.39452E-18 -7.473E-04  7.093E-10 -1.375E-09 -5.329E-13 -2.281E-13  1.00E-07
  1.650E+02 2.39482E-18 -7.234E-04  7.122E-10 -1.374E-09 -5.158E-13 -2.212E-13  1.00E-07
  1.655E+02 2.39511E-18 -6.994E-04  7.150E-10 -1.373E-09 -4.987E-13 -2.142E-13  1.00E-07
  1.660E+02 2.39539E-18 -6.755E-04  7.177E-10 -1.371E-09 -4.815E-13 -2.072E-13  1.00E-07
  1.665E+02 2.39566E-18 -6.515E-04  7.203E-10 -1.370E-09 -4.644E-13 -2.001E-13  1.00E-07
  1.670E+02 2.39593E-18 -6.275E-04  7.228E-10 -1.369E-09 -4.473E-13 -1.930E-13  1.00E-07
  1.675E+02 2.39619E-18 -6.035E-04  7.252E-10 -1.368E-09 -4.301E-13 -1.859E-13  1.00E-07
  1.680E+02 2.39644E-18 -5.794E-04  7.275E-10 -1.366E-09 -4.129E-13 -1.787E-13  1.00E-07
  1.685E+02 2.39668E-18 -5.554E-04  7.297E-10 -1.365E-09 -3.958E-13 -1.715E-13  1.00E-07
  1.690E+02 2.39691E-18 -5.313E-04  7.318E-10 -1.364E-09 -3.786E-13 -1.643E-13  1.00E-07
  1.695E+02 2.39713E-18 -5.073E-04  7.338E-10 -1.363E-09 -3.614E-13 -1.570E-13  1.00E-07
  1.700E+02 2.39734E-18 -4.832E-04  7.358E-10 -1.362E-09 -3.443E-13 -1.497E-13  1.00E-07
  1.705E+02 2.39755E-18 -4.591E-04  7.376E-10 -1.361E-09 -3.271E-13 -1.424E-13  1.00E-07
  1.710E+02 2.39774E-18 -4.350E-04  7.393E-10 -1.361E-09 -3.099E-13 -1.351E-13  1.00E-07
  1.715E+02 2.39792E-18 -4.109E-04  7.410E-10 -1.360E-09 -2.927E-13 -1.277E-13  1.00E-07
  1.720E+02 2.39810E-18 -3.867E-04  7.425E-10 -1.359E-09 -2.755E-13 -1.203E-13  1.00E-07
  1.725E+02 2.39826E-18 -3.626E-04  7.439E-10 -1.358E-09 -2.583E-13 -1.129E-13  1.00E-07
  1.730E+02 2.39842E-18 -3.385E-04  7.453E-10 -1.358E-09 -2.411E-13 -1.055E-13  1.00E-07
  1.735E+02 2.39856E-18 -3.143E-04  7.466E-10 -1.357E-09 -2.239E-13 -9.802E-14  1.00E-07
  1.740E+02 2.39869E-18 -2.902E-04  7.477E-10 -1.356E-09 -2.067E-13 -9.055E-14  1.00E-07
  1.745E+02 2.39882E-18 -2.660E-04  7.488E-10 -1.356E-09 -1.895E-13 -8.306E-14  1.00E-07
  1.750E+02 2.39893E-18 -2.419E-04  7.498E-10 -1.355E-09 -1.722E-13 -7.556E-14  1.00E-07
  1.755E+02 2.39903E-18 -2.177E-04  7.506E-10 -1.355E-09 -1.550E-13 -6.804E-14  1.00E-07
  1.760E+02 2.39913E-18 -1.935E-04  7.514E-10 -1.354E-09 -1.378E-13 -6.051E-14  1.00E-07
  1.765E+02 2.39921E-18 -1.693E-04  7.521E-10 -1.354E-09 -1.206E-13 -5.297E-14  1.00E-07
  1.770E+02 2.39928E-18 -1.451E-04  7.527E-10 -1.354E-09 -1.034E-13 -4.542E-14  1.00E-07
  1.775E+02 2.39934E-18 -1.210E-04  7.532E-10 -1.353E-09 -8.614E-14 -3.787E-14  1.00E-07
  1.780E+02 2.39939E-18 -9.677E-05  7.537E-10 -1.353E-09 -6.891E-14 -3.030E-14  1.00E-07
  1.785E+02 2.39942E-18 -7.258E-05  7.540E-10 -1.353E-09 -5.168E-14 -2.273E-14  1.00E-07
  1.790E+02 2.39945E-18 -4.839E-05  7.542E-10 -1.353E-09 -3.446E-14 -1.516E-14  1.00E-07
  1.795E+02 2.39947E-18 -2.419E-05  7.544E-10 -1.353E-09 -1.723E-14 -7.579E-15  1.00E-07
  1.800E+02 2.39947E-18 -3.395E-19  7.544E-10 -1.353E-09 -2.418E-28 -1.064E-28  1.00E-07

  TOTAL ELASTIC CROSS SECTION = 1.306514E-16 cm**2
               FROM DCS TABLE = 1.306490E-16  (REL. DIF. = 1.90E-05)

  1ST TRANSPORT CROSS SECTION = 4.149451E-17 cm**2
               FROM DCS TABLE = 4.149454E-17  (REL. DIF. = 6.60E-07)

  2ND TRANSPORT CROSS SECTION = 5.835984E-17 cm**2

  **** DPWA0 ENDED ************************************************************

