 #  Scattering amplitudes (in cm)      MU=(1-cos(TH))/2
 #  Z =   8,   projectile: electron
 #  Kinetic energy = 2.84000E+02 eV
 #
 # TH (deg)      MU          Re(F)        Im(F)        Re(G)        Im(G)
 #--------------------------------------------------------------------------
  0.000E+00  0.00000E+00  1.30576E-08  8.97764E-09  0.00000E+00  0.00000E+00
  1.000E-04  7.61557E-13  1.30576E-08  8.97764E-09  3.94534E-18  6.49950E-18
  1.250E-04  1.18994E-12  1.30576E-08  8.97764E-09  4.93167E-18  8.12437E-18
  1.500E-04  1.71346E-12  1.30576E-08  8.97764E-09  5.91801E-18  9.74925E-18
  1.750E-04  2.33225E-12  1.30576E-08  8.97764E-09  6.90434E-18  1.13741E-17
  2.000E-04  3.04617E-12  1.30576E-08  8.97764E-09  7.89068E-18  1.29990E-17
  2.250E-04  3.85530E-12  1.30576E-08  8.97764E-09  8.87701E-18  1.46239E-17
  2.500E-04  4.75964E-12  1.30576E-08  8.97764E-09  9.86335E-18  1.62487E-17
  2.750E-04  5.75917E-12  1.30576E-08  8.97764E-09  1.08497E-17  1.78736E-17
  3.000E-04  6.85391E-12  1.30576E-08  8.97764E-09  1.18360E-17  1.94985E-17
  3.250E-04  8.04379E-12  1.30576E-08  8.97764E-09  1.28224E-17  2.11234E-17
  3.500E-04  9.32893E-12  1.30576E-08  8.97764E-09  1.38087E-17  2.27482E-17
  3.750E-04  1.07092E-11  1.30576E-08  8.97764E-09  1.47950E-17  2.43731E-17
  4.000E-04  1.21847E-11  1.30576E-08  8.97764E-09  1.57814E-17  2.59980E-17
  4.250E-04  1.37554E-11  1.30576E-08  8.97764E-09  1.67677E-17  2.76229E-17
  4.500E-04  1.54213E-11  1.30576E-08  8.97764E-09  1.77540E-17  2.92477E-17
  4.750E-04  1.71823E-11  1.30576E-08  8.97764E-09  1.87404E-17  3.08726E-17
  5.000E-04  1.90386E-11  1.30576E-08  8.97764E-09  1.97267E-17  3.24975E-17
  5.250E-04  2.09900E-11  1.30576E-08  8.97764E-09  2.07130E-17  3.41224E-17
  5.500E-04  2.30367E-11  1.30576E-08  8.97764E-09  2.16994E-17  3.57472E-17
  5.750E-04  2.51785E-11  1.30576E-08  8.97764E-09  2.26857E-17  3.73721E-17
  6.000E-04  2.74156E-11  1.30576E-08  8.97764E-09  2.36720E-17  3.89970E-17
  6.250E-04  2.97478E-11  1.30576E-08  8.97764E-09  2.46584E-17  4.06219E-17
  6.500E-04  3.21752E-11  1.30576E-08  8.97764E-09  2.56447E-17  4.22467E-17
  6.750E-04  3.46979E-11  1.30576E-08  8.97764E-09  2.66310E-17  4.38716E-17
  7.000E-04  3.73157E-11  1.30576E-08  8.97764E-09  2.76174E-17  4.54965E-17
  7.250E-04  4.00286E-11  1.30576E-08  8.97764E-09  2.86037E-17  4.71214E-17
  7.500E-04  4.28368E-11  1.30576E-08  8.97764E-09  2.95900E-17  4.87462E-17
  7.750E-04  4.57402E-11  1.30576E-08  8.97764E-09  3.05764E-17  5.03711E-17
  8.000E-04  4.87388E-11  1.30576E-08  8.97764E-09  3.15627E-17  5.19960E-17
  8.250E-04  5.18325E-11  1.30576E-08  8.97764E-09  3.25491E-17  5.36209E-17
  8.500E-04  5.50215E-11  1.30576E-08  8.97764E-09  3.35354E-17  5.52457E-17
  8.750E-04  5.83057E-11  1.30576E-08  8.97764E-09  3.45217E-17  5.68706E-17
  9.000E-04  6.16850E-11  1.30576E-08  8.97764E-09  3.55081E-17  5.84955E-17
  9.250E-04  6.51595E-11  1.30576E-08  8.97764E-09  3.64944E-17  6.01204E-17
  9.500E-04  6.87293E-11  1.30576E-08  8.97764E-09  3.74807E-17  6.17452E-17
  9.750E-04  7.23943E-11  1.30576E-08  8.97764E-09  3.84671E-17  6.33701E-17
  1.000E-03  7.61544E-11  1.30576E-08  8.97764E-09  3.94534E-17  6.49950E-17
  1.250E-03  1.18991E-10  1.30576E-08  8.97764E-09  4.93167E-17  8.12437E-17
  1.500E-03  1.71347E-10  1.30576E-08  8.97764E-09  5.91801E-17  9.74925E-17
  1.750E-03  2.33223E-10  1.30576E-08  8.97764E-09  6.90434E-17  1.13741E-16
  2.000E-03  3.04617E-10  1.30576E-08  8.97764E-09  7.89068E-17  1.29990E-16
  2.250E-03  3.85531E-10  1.30576E-08  8.97764E-09  8.87701E-17  1.46239E-16
  2.500E-03  4.75965E-10  1.30576E-08  8.97764E-09  9.86335E-17  1.62487E-16
  2.750E-03  5.75917E-10  1.30576E-08  8.97764E-09  1.08497E-16  1.78736E-16
  3.000E-03  6.85389E-10  1.30576E-08  8.97764E-09  1.18360E-16  1.94985E-16
  3.250E-03  8.04380E-10  1.30576E-08  8.97764E-09  1.28224E-16  2.11234E-16
  3.500E-03  9.32891E-10  1.30576E-08  8.97764E-09  1.38087E-16  2.27482E-16
  3.750E-03  1.07092E-09  1.30576E-08  8.97764E-09  1.47950E-16  2.43731E-16
  4.000E-03  1.21847E-09  1.30576E-08  8.97764E-09  1.57814E-16  2.59980E-16
  4.250E-03  1.37554E-09  1.30576E-08  8.97764E-09  1.67677E-16  2.76229E-16
  4.500E-03  1.54213E-09  1.30576E-08  8.97764E-09  1.77540E-16  2.92477E-16
  4.750E-03  1.71823E-09  1.30576E-08  8.97764E-09  1.87404E-16  3.08726E-16
  5.000E-03  1.90386E-09  1.30576E-08  8.97764E-09  1.97267E-16  3.24975E-16
  5.250E-03  2.09900E-09  1.30576E-08  8.97764E-09  2.07130E-16  3.41224E-16
  5.500E-03  2.30367E-09  1.30576E-08  8.97764E-09  2.16994E-16  3.57472E-16
  5.750E-03  2.51785E-09  1.30576E-08  8.97764E-09  2.26857E-16  3.73721E-16
  6.000E-03  2.74156E-09  1.30576E-08  8.97764E-09  2.36720E-16  3.89970E-16
  6.250E-03  2.97478E-09  1.30576E-08  8.97764E-09  2.46584E-16  4.06219E-16
  6.500E-03  3.21752E-09  1.30576E-08  8.97764E-09  2.56447E-16  4.22467E-16
  6.750E-03  3.46978E-09  1.30576E-08  8.97764E-09  2.66310E-16  4.38716E-16
  7.000E-03  3.73156E-09  1.30576E-08  8.97764E-09  2.76174E-16  4.54965E-16
  7.250E-03  4.00286E-09  1.30576E-08  8.97764E-09  2.86037E-16  4.71214E-16
  7.500E-03  4.28368E-09  1.30576E-08  8.97764E-09  2.95900E-16  4.87462E-16
  7.750E-03  4.57402E-09  1.30576E-08  8.97764E-09  3.05764E-16  5.03711E-16
  8.000E-03  4.87388E-09  1.30576E-08  8.97764E-09  3.15627E-16  5.19960E-16
  8.250E-03  5.18326E-09  1.30576E-08  8.97764E-09  3.25490E-16  5.36209E-16
  8.500E-03  5.50215E-09  1.30576E-08  8.97764E-09  3.35354E-16  5.52457E-16
  8.750E-03  5.83057E-09  1.30576E-08  8.97764E-09  3.45217E-16  5.68706E-16
  9.000E-03  6.16850E-09  1.30576E-08  8.97764E-09  3.55080E-16  5.84955E-16
  9.250E-03  6.51596E-09  1.30576E-08  8.97764E-09  3.64944E-16  6.01204E-16
  9.500E-03  6.87293E-09  1.30576E-08  8.97764E-09  3.74807E-16  6.17452E-16
  9.750E-03  7.23942E-09  1.30576E-08  8.97764E-09  3.84670E-16  6.33701E-16
  1.000E-02  7.61544E-09  1.30576E-08  8.97764E-09  3.94534E-16  6.49950E-16
  1.250E-02  1.18991E-08  1.30576E-08  8.97764E-09  4.93167E-16  8.12437E-16
  1.500E-02  1.71347E-08  1.30576E-08  8.97764E-09  5.91800E-16  9.74925E-16
  1.750E-02  2.33223E-08  1.30576E-08  8.97764E-09  6.90434E-16  1.13741E-15
  2.000E-02  3.04617E-08  1.30576E-08  8.97764E-09  7.89067E-16  1.29990E-15
  2.250E-02  3.85531E-08  1.30576E-08  8.97764E-09  8.87700E-16  1.46239E-15
  2.500E-02  4.75965E-08  1.30576E-08  8.97764E-09  9.86333E-16  1.62487E-15
  2.750E-02  5.75917E-08  1.30576E-08  8.97764E-09  1.08497E-15  1.78736E-15
  3.000E-02  6.85389E-08  1.30576E-08  8.97764E-09  1.18360E-15  1.94985E-15
  3.250E-02  8.04380E-08  1.30576E-08  8.97764E-09  1.28223E-15  2.11234E-15
  3.500E-02  9.32891E-08  1.30576E-08  8.97764E-09  1.38086E-15  2.27482E-15
  3.750E-02  1.07092E-07  1.30576E-08  8.97764E-09  1.47949E-15  2.43731E-15
  4.000E-02  1.21847E-07  1.30576E-08  8.97764E-09  1.57813E-15  2.59980E-15
  4.250E-02  1.37554E-07  1.30576E-08  8.97764E-09  1.67676E-15  2.76228E-15
  4.500E-02  1.54213E-07  1.30576E-08  8.97763E-09  1.77539E-15  2.92477E-15
  4.750E-02  1.71823E-07  1.30576E-08  8.97763E-09  1.87402E-15  3.08726E-15
  5.000E-02  1.90386E-07  1.30576E-08  8.97763E-09  1.97265E-15  3.24975E-15
  5.250E-02  2.09900E-07  1.30575E-08  8.97763E-09  2.07128E-15  3.41223E-15
  5.500E-02  2.30367E-07  1.30575E-08  8.97763E-09  2.16991E-15  3.57472E-15
  5.750E-02  2.51785E-07  1.30575E-08  8.97763E-09  2.26854E-15  3.73721E-15
  6.000E-02  2.74156E-07  1.30575E-08  8.97763E-09  2.36717E-15  3.89969E-15
  6.250E-02  2.97478E-07  1.30575E-08  8.97762E-09  2.46580E-15  4.06218E-15
  6.500E-02  3.21752E-07  1.30575E-08  8.97762E-09  2.56443E-15  4.22467E-15
  6.750E-02  3.46978E-07  1.30575E-08  8.97762E-09  2.66306E-15  4.38715E-15
  7.000E-02  3.73156E-07  1.30575E-08  8.97762E-09  2.76168E-15  4.54964E-15
  7.250E-02  4.00286E-07  1.30575E-08  8.97762E-09  2.86031E-15  4.71212E-15
  7.500E-02  4.28368E-07  1.30575E-08  8.97762E-09  2.95894E-15  4.87461E-15
  7.750E-02  4.57402E-07  1.30574E-08  8.97761E-09  3.05757E-15  5.03710E-15
  8.000E-02  4.87388E-07  1.30574E-08  8.97761E-09  3.15619E-15  5.19958E-15
  8.250E-02  5.18325E-07  1.30574E-08  8.97761E-09  3.25482E-15  5.36207E-15
  8.500E-02  5.50215E-07  1.30574E-08  8.97761E-09  3.35344E-15  5.52455E-15
  8.750E-02  5.83057E-07  1.30574E-08  8.97761E-09  3.45207E-15  5.68704E-15
  9.000E-02  6.16850E-07  1.30574E-08  8.97760E-09  3.55069E-15  5.84953E-15
  9.250E-02  6.51596E-07  1.30574E-08  8.97760E-09  3.64932E-15  6.01201E-15
  9.500E-02  6.87293E-07  1.30574E-08  8.97760E-09  3.74794E-15  6.17450E-15
  9.750E-02  7.23942E-07  1.30573E-08  8.97760E-09  3.84656E-15  6.33698E-15
  1.000E-01  7.61543E-07  1.30573E-08  8.97759E-09  3.94518E-15  6.49947E-15
  1.250E-01  1.18991E-06  1.30572E-08  8.97756E-09  4.93137E-15  8.12431E-15
  1.500E-01  1.71347E-06  1.30569E-08  8.97753E-09  5.91749E-15  9.74915E-15
  1.750E-01  2.33223E-06  1.30567E-08  8.97749E-09  6.90351E-15  1.13740E-14
  2.000E-01  3.04617E-06  1.30564E-08  8.97744E-09  7.88944E-15  1.29988E-14
  2.250E-01  3.85531E-06  1.30561E-08  8.97739E-09  8.87525E-15  1.46235E-14
  2.500E-01  4.75964E-06  1.30557E-08  8.97732E-09  9.86093E-15  1.62483E-14
  2.750E-01  5.75916E-06  1.30553E-08  8.97726E-09  1.08465E-14  1.78730E-14
  3.000E-01  6.85388E-06  1.30549E-08  8.97718E-09  1.18318E-14  1.94977E-14
  3.250E-01  8.04378E-06  1.30544E-08  8.97710E-09  1.28170E-14  2.11223E-14
  3.500E-01  9.32888E-06  1.30539E-08  8.97702E-09  1.38020E-14  2.27470E-14
  3.750E-01  1.07092E-05  1.30534E-08  8.97692E-09  1.47869E-14  2.43715E-14
  4.000E-01  1.21846E-05  1.30528E-08  8.97682E-09  1.57714E-14  2.59961E-14
  4.250E-01  1.37553E-05  1.30522E-08  8.97672E-09  1.67558E-14  2.76206E-14
  4.500E-01  1.54212E-05  1.30515E-08  8.97661E-09  1.77399E-14  2.92450E-14
  4.750E-01  1.71822E-05  1.30508E-08  8.97649E-09  1.87238E-14  3.08694E-14
  5.000E-01  1.90385E-05  1.30501E-08  8.97636E-09  1.97073E-14  3.24938E-14
  5.250E-01  2.09899E-05  1.30493E-08  8.97623E-09  2.06906E-14  3.41181E-14
  5.500E-01  2.30365E-05  1.30485E-08  8.97609E-09  2.16736E-14  3.57423E-14
  5.750E-01  2.51783E-05  1.30476E-08  8.97595E-09  2.26563E-14  3.73665E-14
  6.000E-01  2.74153E-05  1.30467E-08  8.97580E-09  2.36386E-14  3.89906E-14
  6.250E-01  2.97475E-05  1.30458E-08  8.97564E-09  2.46206E-14  4.06146E-14
  6.500E-01  3.21749E-05  1.30448E-08  8.97548E-09  2.56022E-14  4.22386E-14
  6.750E-01  3.46974E-05  1.30438E-08  8.97531E-09  2.65834E-14  4.38625E-14
  7.000E-01  3.73152E-05  1.30428E-08  8.97513E-09  2.75643E-14  4.54863E-14
  7.250E-01  4.00281E-05  1.30417E-08  8.97495E-09  2.85447E-14  4.71100E-14
  7.500E-01  4.28362E-05  1.30406E-08  8.97476E-09  2.95247E-14  4.87337E-14
  7.750E-01  4.57395E-05  1.30395E-08  8.97456E-09  3.05043E-14  5.03573E-14
  8.000E-01  4.87380E-05  1.30383E-08  8.97436E-09  3.14835E-14  5.19807E-14
  8.250E-01  5.18317E-05  1.30370E-08  8.97415E-09  3.24622E-14  5.36041E-14
  8.500E-01  5.50205E-05  1.30358E-08  8.97394E-09  3.34404E-14  5.52275E-14
  8.750E-01  5.83045E-05  1.30345E-08  8.97371E-09  3.44181E-14  5.68507E-14
  9.000E-01  6.16838E-05  1.30331E-08  8.97349E-09  3.53953E-14  5.84738E-14
  9.250E-01  6.51582E-05  1.30318E-08  8.97325E-09  3.63719E-14  6.00968E-14
  9.500E-01  6.87277E-05  1.30303E-08  8.97301E-09  3.73481E-14  6.17197E-14
  9.750E-01  7.23925E-05  1.30289E-08  8.97276E-09  3.83237E-14  6.33425E-14
  1.000E+00  7.61524E-05  1.30274E-08  8.97251E-09  3.92987E-14  6.49652E-14
  1.100E+00  9.21439E-05  1.30211E-08  8.97143E-09  4.31929E-14  7.14549E-14
  1.200E+00  1.09658E-04  1.30141E-08  8.97025E-09  4.70769E-14  7.79426E-14
  1.300E+00  1.28695E-04  1.30066E-08  8.96897E-09  5.09499E-14  8.44281E-14
  1.400E+00  1.49255E-04  1.29985E-08  8.96759E-09  5.48109E-14  9.09113E-14
  1.500E+00  1.71338E-04  1.29897E-08  8.96610E-09  5.86589E-14  9.73921E-14
  1.600E+00  1.94942E-04  1.29804E-08  8.96451E-09  6.24932E-14  1.03870E-13
  1.700E+00  2.20070E-04  1.29705E-08  8.96282E-09  6.63128E-14  1.10345E-13
  1.800E+00  2.46720E-04  1.29600E-08  8.96102E-09  7.01168E-14  1.16818E-13
  1.900E+00  2.74892E-04  1.29489E-08  8.95913E-09  7.39043E-14  1.23287E-13
  2.000E+00  3.04586E-04  1.29372E-08  8.95713E-09  7.76744E-14  1.29752E-13
  2.100E+00  3.35803E-04  1.29249E-08  8.95503E-09  8.14263E-14  1.36214E-13
  2.200E+00  3.68542E-04  1.29121E-08  8.95283E-09  8.51591E-14  1.42672E-13
  2.300E+00  4.02802E-04  1.28987E-08  8.95052E-09  8.88719E-14  1.49127E-13
  2.400E+00  4.38585E-04  1.28846E-08  8.94812E-09  9.25638E-14  1.55577E-13
  2.500E+00  4.75889E-04  1.28701E-08  8.94561E-09  9.62340E-14  1.62023E-13
  2.600E+00  5.14715E-04  1.28549E-08  8.94300E-09  9.98817E-14  1.68465E-13
  2.700E+00  5.55063E-04  1.28392E-08  8.94029E-09  1.03506E-13  1.74902E-13
  2.800E+00  5.96931E-04  1.28229E-08  8.93748E-09  1.07106E-13  1.81334E-13
  2.900E+00  6.40321E-04  1.28060E-08  8.93457E-09  1.10681E-13  1.87761E-13
  3.000E+00  6.85233E-04  1.27886E-08  8.93156E-09  1.14230E-13  1.94183E-13
  3.100E+00  7.31665E-04  1.27706E-08  8.92844E-09  1.17752E-13  2.00600E-13
  3.200E+00  7.79618E-04  1.27520E-08  8.92523E-09  1.21247E-13  2.07011E-13
  3.300E+00  8.29092E-04  1.27329E-08  8.92191E-09  1.24713E-13  2.13417E-13
  3.400E+00  8.80086E-04  1.27133E-08  8.91850E-09  1.28150E-13  2.19817E-13
  3.500E+00  9.32601E-04  1.26931E-08  8.91498E-09  1.31557E-13  2.26211E-13
  3.600E+00  9.86636E-04  1.26723E-08  8.91136E-09  1.34933E-13  2.32598E-13
  3.700E+00  1.04219E-03  1.26510E-08  8.90764E-09  1.38278E-13  2.38980E-13
  3.800E+00  1.09927E-03  1.26292E-08  8.90383E-09  1.41591E-13  2.45354E-13
  3.900E+00  1.15786E-03  1.26068E-08  8.89991E-09  1.44871E-13  2.51722E-13
  4.000E+00  1.21797E-03  1.25839E-08  8.89589E-09  1.48116E-13  2.58084E-13
  4.100E+00  1.27961E-03  1.25605E-08  8.89177E-09  1.51328E-13  2.64438E-13
  4.200E+00  1.34276E-03  1.25366E-08  8.88756E-09  1.54504E-13  2.70785E-13
  4.300E+00  1.40743E-03  1.25121E-08  8.88324E-09  1.57644E-13  2.77124E-13
  4.400E+00  1.47362E-03  1.24871E-08  8.87883E-09  1.60747E-13  2.83456E-13
  4.500E+00  1.54133E-03  1.24616E-08  8.87431E-09  1.63813E-13  2.89781E-13
  4.600E+00  1.61056E-03  1.24356E-08  8.86970E-09  1.66841E-13  2.96097E-13
  4.700E+00  1.68131E-03  1.24091E-08  8.86499E-09  1.69830E-13  3.02406E-13
  4.800E+00  1.75357E-03  1.23821E-08  8.86018E-09  1.72779E-13  3.08706E-13
  4.900E+00  1.82735E-03  1.23546E-08  8.85527E-09  1.75689E-13  3.14997E-13
  5.000E+00  1.90265E-03  1.23266E-08  8.85026E-09  1.78557E-13  3.21281E-13
  5.100E+00  1.97947E-03  1.22981E-08  8.84516E-09  1.81385E-13  3.27555E-13
  5.200E+00  2.05780E-03  1.22691E-08  8.83995E-09  1.84170E-13  3.33821E-13
  5.300E+00  2.13765E-03  1.22397E-08  8.83465E-09  1.86912E-13  3.40077E-13
  5.400E+00  2.21902E-03  1.22097E-08  8.82926E-09  1.89611E-13  3.46325E-13
  5.500E+00  2.30190E-03  1.21794E-08  8.82376E-09  1.92267E-13  3.52563E-13
  5.600E+00  2.38630E-03  1.21485E-08  8.81817E-09  1.94877E-13  3.58791E-13
  5.700E+00  2.47222E-03  1.21172E-08  8.81248E-09  1.97443E-13  3.65010E-13
  5.800E+00  2.55965E-03  1.20854E-08  8.80670E-09  1.99963E-13  3.71219E-13
  5.900E+00  2.64859E-03  1.20532E-08  8.80081E-09  2.02437E-13  3.77418E-13
  6.000E+00  2.73905E-03  1.20205E-08  8.79484E-09  2.04864E-13  3.83606E-13
  6.100E+00  2.83103E-03  1.19874E-08  8.78876E-09  2.07244E-13  3.89785E-13
  6.200E+00  2.92452E-03  1.19538E-08  8.78259E-09  2.09575E-13  3.95952E-13
  6.300E+00  3.01952E-03  1.19199E-08  8.77633E-09  2.11859E-13  4.02109E-13
  6.400E+00  3.11604E-03  1.18854E-08  8.76997E-09  2.14094E-13  4.08256E-13
  6.500E+00  3.21407E-03  1.18506E-08  8.76351E-09  2.16279E-13  4.14391E-13
  6.600E+00  3.31362E-03  1.18154E-08  8.75696E-09  2.18414E-13  4.20515E-13
  6.700E+00  3.41468E-03  1.17797E-08  8.75032E-09  2.20499E-13  4.26628E-13
  6.800E+00  3.51725E-03  1.17436E-08  8.74358E-09  2.22534E-13  4.32729E-13
  6.900E+00  3.62133E-03  1.17072E-08  8.73675E-09  2.24517E-13  4.38819E-13
  7.000E+00  3.72692E-03  1.16703E-08  8.72982E-09  2.26449E-13  4.44897E-13
  7.100E+00  3.83403E-03  1.16330E-08  8.72280E-09  2.28328E-13  4.50963E-13
  7.200E+00  3.94265E-03  1.15954E-08  8.71569E-09  2.30155E-13  4.57017E-13
  7.300E+00  4.05278E-03  1.15574E-08  8.70848E-09  2.31929E-13  4.63058E-13
  7.400E+00  4.16442E-03  1.15190E-08  8.70118E-09  2.33650E-13  4.69088E-13
  7.500E+00  4.27757E-03  1.14802E-08  8.69379E-09  2.35317E-13  4.75104E-13
  7.600E+00  4.39223E-03  1.14411E-08  8.68630E-09  2.36930E-13  4.81108E-13
  7.700E+00  4.50840E-03  1.14016E-08  8.67873E-09  2.38488E-13  4.87100E-13
  7.800E+00  4.62608E-03  1.13617E-08  8.67106E-09  2.39992E-13  4.93078E-13
  7.900E+00  4.74527E-03  1.13215E-08  8.66330E-09  2.41441E-13  4.99043E-13
  8.000E+00  4.86597E-03  1.12810E-08  8.65545E-09  2.42834E-13  5.04994E-13
  8.100E+00  4.98817E-03  1.12401E-08  8.64751E-09  2.44172E-13  5.10933E-13
  8.200E+00  5.11188E-03  1.11989E-08  8.63947E-09  2.45453E-13  5.16857E-13
  8.300E+00  5.23711E-03  1.11573E-08  8.63135E-09  2.46679E-13  5.22768E-13
  8.400E+00  5.36383E-03  1.11154E-08  8.62314E-09  2.47847E-13  5.28665E-13
  8.500E+00  5.49207E-03  1.10733E-08  8.61483E-09  2.48959E-13  5.34549E-13
  8.600E+00  5.62181E-03  1.10308E-08  8.60644E-09  2.50014E-13  5.40417E-13
  8.700E+00  5.75306E-03  1.09880E-08  8.59796E-09  2.51011E-13  5.46272E-13
  8.800E+00  5.88581E-03  1.09448E-08  8.58939E-09  2.51951E-13  5.52112E-13
  8.900E+00  6.02007E-03  1.09014E-08  8.58073E-09  2.52833E-13  5.57937E-13
  9.000E+00  6.15583E-03  1.08578E-08  8.57198E-09  2.53657E-13  5.63748E-13
  9.100E+00  6.29310E-03  1.08138E-08  8.56315E-09  2.54422E-13  5.69544E-13
  9.200E+00  6.43187E-03  1.07695E-08  8.55423E-09  2.55130E-13  5.75325E-13
  9.300E+00  6.57214E-03  1.07250E-08  8.54522E-09  2.55778E-13  5.81090E-13
  9.400E+00  6.71392E-03  1.06802E-08  8.53612E-09  2.56368E-13  5.86841E-13
  9.500E+00  6.85720E-03  1.06351E-08  8.52694E-09  2.56899E-13  5.92576E-13
  9.600E+00  7.00198E-03  1.05898E-08  8.51767E-09  2.57371E-13  5.98295E-13
  9.700E+00  7.14827E-03  1.05442E-08  8.50831E-09  2.57784E-13  6.03999E-13
  9.800E+00  7.29605E-03  1.04984E-08  8.49887E-09  2.58137E-13  6.09686E-13
  9.900E+00  7.44534E-03  1.04523E-08  8.48934E-09  2.58431E-13  6.15358E-13
  1.000E+01  7.59612E-03  1.04060E-08  8.47973E-09  2.58665E-13  6.21014E-13
  1.025E+01  7.97965E-03  1.02893E-08  8.45532E-09  2.58990E-13  6.35082E-13
  1.050E+01  8.37255E-03  1.01712E-08  8.43040E-09  2.58941E-13  6.49046E-13
  1.075E+01  8.77480E-03  1.00518E-08  8.40495E-09  2.58517E-13  6.62904E-13
  1.100E+01  9.18641E-03  9.93119E-09  8.37899E-09  2.57717E-13  6.76655E-13
  1.125E+01  9.60736E-03  9.80948E-09  8.35253E-09  2.56543E-13  6.90297E-13
  1.150E+01  1.00376E-02  9.68673E-09  8.32556E-09  2.54993E-13  7.03827E-13
  1.175E+01  1.04773E-02  9.56302E-09  8.29809E-09  2.53068E-13  7.17243E-13
  1.200E+01  1.09262E-02  9.43842E-09  8.27013E-09  2.50771E-13  7.30545E-13
  1.225E+01  1.13844E-02  9.31302E-09  8.24169E-09  2.48100E-13  7.43729E-13
  1.250E+01  1.18520E-02  9.18688E-09  8.21277E-09  2.45060E-13  7.56795E-13
  1.275E+01  1.23288E-02  9.06009E-09  8.18337E-09  2.41650E-13  7.69740E-13
  1.300E+01  1.28150E-02  8.93271E-09  8.15351E-09  2.37874E-13  7.82563E-13
  1.325E+01  1.33104E-02  8.80481E-09  8.12319E-09  2.33733E-13  7.95262E-13
  1.350E+01  1.38150E-02  8.67647E-09  8.09241E-09  2.29231E-13  8.07836E-13
  1.375E+01  1.43290E-02  8.54775E-09  8.06118E-09  2.24371E-13  8.20283E-13
  1.400E+01  1.48521E-02  8.41871E-09  8.02951E-09  2.19155E-13  8.32601E-13
  1.425E+01  1.53845E-02  8.28943E-09  7.99741E-09  2.13587E-13  8.44789E-13
  1.450E+01  1.59262E-02  8.15997E-09  7.96487E-09  2.07672E-13  8.56846E-13
  1.475E+01  1.64770E-02  8.03039E-09  7.93191E-09  2.01411E-13  8.68770E-13
  1.500E+01  1.70371E-02  7.90074E-09  7.89854E-09  1.94811E-13  8.80559E-13
  1.525E+01  1.76063E-02  7.77109E-09  7.86475E-09  1.87874E-13  8.92212E-13
  1.550E+01  1.81848E-02  7.64150E-09  7.83056E-09  1.80606E-13  9.03729E-13
  1.575E+01  1.87724E-02  7.51201E-09  7.79598E-09  1.73010E-13  9.15107E-13
  1.600E+01  1.93692E-02  7.38269E-09  7.76100E-09  1.65092E-13  9.26346E-13
  1.625E+01  1.99751E-02  7.25358E-09  7.72565E-09  1.56857E-13  9.37444E-13
  1.650E+01  2.05901E-02  7.12473E-09  7.68991E-09  1.48308E-13  9.48400E-13
  1.675E+01  2.12143E-02  6.99620E-09  7.65380E-09  1.39453E-13  9.59213E-13
  1.700E+01  2.18476E-02  6.86802E-09  7.61734E-09  1.30295E-13  9.69882E-13
  1.725E+01  2.24900E-02  6.74025E-09  7.58051E-09  1.20840E-13  9.80406E-13
  1.750E+01  2.31415E-02  6.61293E-09  7.54334E-09  1.11093E-13  9.90784E-13
  1.775E+01  2.38021E-02  6.48610E-09  7.50582E-09  1.01060E-13  1.00102E-12
  1.800E+01  2.44717E-02  6.35980E-09  7.46797E-09  9.07467E-14  1.01110E-12
  1.825E+01  2.51504E-02  6.23407E-09  7.42979E-09  8.01583E-14  1.02103E-12
  1.850E+01  2.58382E-02  6.10894E-09  7.39128E-09  6.93005E-14  1.03082E-12
  1.875E+01  2.65349E-02  5.98446E-09  7.35246E-09  5.81791E-14  1.04045E-12
  1.900E+01  2.72407E-02  5.86065E-09  7.31334E-09  4.67998E-14  1.04993E-12
  1.925E+01  2.79555E-02  5.73756E-09  7.27391E-09  3.51684E-14  1.05926E-12
  1.950E+01  2.86793E-02  5.61520E-09  7.23419E-09  2.32908E-14  1.06844E-12
  1.975E+01  2.94120E-02  5.49361E-09  7.19418E-09  1.11727E-14  1.07747E-12
  2.000E+01  3.01537E-02  5.37282E-09  7.15389E-09 -1.17998E-15  1.08634E-12
  2.025E+01  3.09043E-02  5.25285E-09  7.11332E-09 -1.37614E-14  1.09505E-12
  2.050E+01  3.16639E-02  5.13374E-09  7.07249E-09 -2.65657E-14  1.10361E-12
  2.075E+01  3.24324E-02  5.01550E-09  7.03140E-09 -3.95871E-14  1.11202E-12
  2.100E+01  3.32098E-02  4.89816E-09  6.99006E-09 -5.28197E-14  1.12027E-12
  2.125E+01  3.39961E-02  4.78174E-09  6.94847E-09 -6.62576E-14  1.12836E-12
  2.150E+01  3.47912E-02  4.66626E-09  6.90664E-09 -7.98951E-14  1.13630E-12
  2.175E+01  3.55952E-02  4.55174E-09  6.86458E-09 -9.37263E-14  1.14408E-12
  2.200E+01  3.64081E-02  4.43819E-09  6.82229E-09 -1.07746E-13  1.15170E-12
  2.225E+01  3.72297E-02  4.32565E-09  6.77979E-09 -1.21947E-13  1.15916E-12
  2.250E+01  3.80602E-02  4.21411E-09  6.73707E-09 -1.36325E-13  1.16647E-12
  2.275E+01  3.88995E-02  4.10360E-09  6.69415E-09 -1.50874E-13  1.17361E-12
  2.300E+01  3.97476E-02  3.99413E-09  6.65103E-09 -1.65588E-13  1.18060E-12
  2.325E+01  4.06044E-02  3.88571E-09  6.60772E-09 -1.80462E-13  1.18743E-12
  2.350E+01  4.14700E-02  3.77835E-09  6.56422E-09 -1.95491E-13  1.19410E-12
  2.375E+01  4.23443E-02  3.67207E-09  6.52054E-09 -2.10667E-13  1.20062E-12
  2.400E+01  4.32273E-02  3.56688E-09  6.47670E-09 -2.25988E-13  1.20697E-12
  2.425E+01  4.41190E-02  3.46278E-09  6.43268E-09 -2.41446E-13  1.21316E-12
  2.450E+01  4.50194E-02  3.35978E-09  6.38851E-09 -2.57036E-13  1.21920E-12
  2.475E+01  4.59284E-02  3.25790E-09  6.34419E-09 -2.72754E-13  1.22508E-12
  2.500E+01  4.68461E-02  3.15712E-09  6.29972E-09 -2.88594E-13  1.23080E-12
  2.550E+01  4.87074E-02  2.95895E-09  6.21036E-09 -3.20620E-13  1.24176E-12
  2.600E+01  5.06030E-02  2.76531E-09  6.12051E-09 -3.53074E-13  1.25209E-12
  2.650E+01  5.25328E-02  2.57622E-09  6.03019E-09 -3.85916E-13  1.26179E-12
  2.700E+01  5.44967E-02  2.39170E-09  5.93947E-09 -4.19108E-13  1.27086E-12
  2.750E+01  5.64946E-02  2.21175E-09  5.84839E-09 -4.52613E-13  1.27930E-12
  2.800E+01  5.85262E-02  2.03638E-09  5.75700E-09 -4.86394E-13  1.28712E-12
  2.850E+01  6.05914E-02  1.86558E-09  5.66534E-09 -5.20417E-13  1.29432E-12
  2.900E+01  6.26901E-02  1.69932E-09  5.57347E-09 -5.54649E-13  1.30090E-12
  2.950E+01  6.48222E-02  1.53758E-09  5.48142E-09 -5.89055E-13  1.30688E-12
  3.000E+01  6.69873E-02  1.38034E-09  5.38925E-09 -6.23606E-13  1.31224E-12
  3.050E+01  6.91854E-02  1.22755E-09  5.29699E-09 -6.58269E-13  1.31701E-12
  3.100E+01  7.14163E-02  1.07918E-09  5.20469E-09 -6.93016E-13  1.32118E-12
  3.150E+01  7.36799E-02  9.35184E-10  5.11239E-09 -7.27819E-13  1.32475E-12
  3.200E+01  7.59760E-02  7.95509E-10  5.02013E-09 -7.62650E-13  1.32775E-12
  3.250E+01  7.83043E-02  6.60104E-10  4.92794E-09 -7.97484E-13  1.33016E-12
  3.300E+01  8.06647E-02  5.28911E-10  4.83588E-09 -8.32294E-13  1.33201E-12
  3.350E+01  8.30571E-02  4.01874E-10  4.74396E-09 -8.67058E-13  1.33329E-12
  3.400E+01  8.54812E-02  2.78929E-10  4.65224E-09 -9.01751E-13  1.33401E-12
  3.450E+01  8.79369E-02  1.60013E-10  4.56075E-09 -9.36352E-13  1.33418E-12
  3.500E+01  9.04240E-02  4.50618E-11  4.46951E-09 -9.70840E-13  1.33381E-12
  3.550E+01  9.29422E-02 -6.59929E-11  4.37857E-09 -1.00519E-12  1.33290E-12
  3.600E+01  9.54915E-02 -1.73219E-10  4.28795E-09 -1.03939E-12  1.33147E-12
  3.650E+01  9.80716E-02 -2.76686E-10  4.19769E-09 -1.07342E-12  1.32952E-12
  3.700E+01  1.00682E-01 -3.76465E-10  4.10782E-09 -1.10726E-12  1.32706E-12
  3.750E+01  1.03323E-01 -4.72626E-10  4.01837E-09 -1.14090E-12  1.32410E-12
  3.800E+01  1.05995E-01 -5.65241E-10  3.92935E-09 -1.17431E-12  1.32065E-12
  3.850E+01  1.08696E-01 -6.54381E-10  3.84081E-09 -1.20748E-12  1.31671E-12
  3.900E+01  1.11427E-01 -7.40119E-10  3.75277E-09 -1.24040E-12  1.31230E-12
  3.950E+01  1.14188E-01 -8.22527E-10  3.66524E-09 -1.27306E-12  1.30742E-12
  4.000E+01  1.16978E-01 -9.01676E-10  3.57827E-09 -1.30544E-12  1.30208E-12
  4.050E+01  1.19797E-01 -9.77639E-10  3.49186E-09 -1.33752E-12  1.29630E-12
  4.100E+01  1.22645E-01 -1.05049E-09  3.40604E-09 -1.36931E-12  1.29008E-12
  4.150E+01  1.25522E-01 -1.12029E-09  3.32084E-09 -1.40078E-12  1.28343E-12
  4.200E+01  1.28428E-01 -1.18712E-09  3.23627E-09 -1.43192E-12  1.27637E-12
  4.250E+01  1.31361E-01 -1.25104E-09  3.15235E-09 -1.46273E-12  1.26889E-12
  4.300E+01  1.34323E-01 -1.31213E-09  3.06910E-09 -1.49320E-12  1.26102E-12
  4.350E+01  1.37313E-01 -1.37046E-09  2.98654E-09 -1.52331E-12  1.25275E-12
  4.400E+01  1.40330E-01 -1.42608E-09  2.90468E-09 -1.55306E-12  1.24410E-12
  4.450E+01  1.43375E-01 -1.47907E-09  2.82354E-09 -1.58245E-12  1.23509E-12
  4.500E+01  1.46447E-01 -1.52950E-09  2.74313E-09 -1.61146E-12  1.22571E-12
  4.550E+01  1.49545E-01 -1.57743E-09  2.66348E-09 -1.64008E-12  1.21598E-12
  4.600E+01  1.52671E-01 -1.62292E-09  2.58458E-09 -1.66832E-12  1.20591E-12
  4.650E+01  1.55823E-01 -1.66604E-09  2.50646E-09 -1.69616E-12  1.19551E-12
  4.700E+01  1.59001E-01 -1.70684E-09  2.42913E-09 -1.72361E-12  1.18478E-12
  4.750E+01  1.62205E-01 -1.74540E-09  2.35259E-09 -1.75064E-12  1.17374E-12
  4.800E+01  1.65435E-01 -1.78177E-09  2.27685E-09 -1.77727E-12  1.16240E-12
  4.850E+01  1.68690E-01 -1.81601E-09  2.20194E-09 -1.80348E-12  1.15077E-12
  4.900E+01  1.71970E-01 -1.84818E-09  2.12784E-09 -1.82928E-12  1.13885E-12
  4.950E+01  1.75276E-01 -1.87833E-09  2.05458E-09 -1.85465E-12  1.12666E-12
  5.000E+01  1.78606E-01 -1.90652E-09  1.98216E-09 -1.87960E-12  1.11420E-12
  5.050E+01  1.81961E-01 -1.93282E-09  1.91058E-09 -1.90412E-12  1.10148E-12
  5.100E+01  1.85340E-01 -1.95726E-09  1.83986E-09 -1.92821E-12  1.08852E-12
  5.150E+01  1.88743E-01 -1.97991E-09  1.76999E-09 -1.95187E-12  1.07532E-12
  5.200E+01  1.92169E-01 -2.00081E-09  1.70099E-09 -1.97510E-12  1.06190E-12
  5.250E+01  1.95619E-01 -2.02002E-09  1.63285E-09 -1.99788E-12  1.04825E-12
  5.300E+01  1.99092E-01 -2.03759E-09  1.56558E-09 -2.02024E-12  1.03439E-12
  5.350E+01  2.02589E-01 -2.05356E-09  1.49918E-09 -2.04215E-12  1.02033E-12
  5.400E+01  2.06107E-01 -2.06799E-09  1.43366E-09 -2.06362E-12  1.00608E-12
  5.450E+01  2.09649E-01 -2.08092E-09  1.36902E-09 -2.08465E-12  9.91647E-13
  5.500E+01  2.13212E-01 -2.09239E-09  1.30525E-09 -2.10525E-12  9.77036E-13
  5.550E+01  2.16797E-01 -2.10246E-09  1.24236E-09 -2.12540E-12  9.62258E-13
  5.600E+01  2.20404E-01 -2.11116E-09  1.18036E-09 -2.14511E-12  9.47322E-13
  5.650E+01  2.24032E-01 -2.11854E-09  1.11923E-09 -2.16437E-12  9.32235E-13
  5.700E+01  2.27680E-01 -2.12463E-09  1.05898E-09 -2.18320E-12  9.17006E-13
  5.750E+01  2.31350E-01 -2.12949E-09  9.99610E-10 -2.20159E-12  9.01643E-13
  5.800E+01  2.35040E-01 -2.13315E-09  9.41117E-10 -2.21954E-12  8.86154E-13
  5.850E+01  2.38751E-01 -2.13565E-09  8.83499E-10 -2.23705E-12  8.70546E-13
  5.900E+01  2.42481E-01 -2.13703E-09  8.26755E-10 -2.25413E-12  8.54828E-13
  5.950E+01  2.46231E-01 -2.13733E-09  7.70882E-10 -2.27077E-12  8.39007E-13
  6.000E+01  2.50000E-01 -2.13657E-09  7.15877E-10 -2.28697E-12  8.23091E-13
  6.050E+01  2.53788E-01 -2.13481E-09  6.61737E-10 -2.30274E-12  8.07087E-13
  6.100E+01  2.57595E-01 -2.13206E-09  6.08459E-10 -2.31808E-12  7.91002E-13
  6.150E+01  2.61421E-01 -2.12837E-09  5.56039E-10 -2.33299E-12  7.74844E-13
  6.200E+01  2.65264E-01 -2.12378E-09  5.04473E-10 -2.34747E-12  7.58619E-13
  6.250E+01  2.69126E-01 -2.11830E-09  4.53757E-10 -2.36152E-12  7.42335E-13
  6.300E+01  2.73005E-01 -2.11198E-09  4.03887E-10 -2.37515E-12  7.25998E-13
  6.350E+01  2.76901E-01 -2.10484E-09  3.54856E-10 -2.38836E-12  7.09615E-13
  6.400E+01  2.80814E-01 -2.09692E-09  3.06661E-10 -2.40116E-12  6.93193E-13
  6.450E+01  2.84744E-01 -2.08824E-09  2.59296E-10 -2.41353E-12  6.76738E-13
  6.500E+01  2.88691E-01 -2.07883E-09  2.12756E-10 -2.42549E-12  6.60256E-13
  6.550E+01  2.92653E-01 -2.06872E-09  1.67034E-10 -2.43704E-12  6.43753E-13
  6.600E+01  2.96632E-01 -2.05794E-09  1.22125E-10 -2.44818E-12  6.27237E-13
  6.650E+01  3.00625E-01 -2.04651E-09  7.80224E-11 -2.45891E-12  6.10712E-13
  6.700E+01  3.04634E-01 -2.03446E-09  3.47205E-11 -2.46924E-12  5.94185E-13
  6.750E+01  3.08658E-01 -2.02181E-09 -7.78752E-12 -2.47917E-12  5.77661E-13
  6.800E+01  3.12697E-01 -2.00859E-09 -4.95083E-11 -2.48870E-12  5.61146E-13
  6.850E+01  3.16749E-01 -1.99483E-09 -9.04486E-11 -2.49783E-12  5.44645E-13
  6.900E+01  3.20816E-01 -1.98054E-09 -1.30615E-10 -2.50658E-12  5.28164E-13
  6.950E+01  3.24896E-01 -1.96574E-09 -1.70016E-10 -2.51494E-12  5.11709E-13
  7.000E+01  3.28990E-01 -1.95047E-09 -2.08657E-10 -2.52291E-12  4.95283E-13
  7.050E+01  3.33097E-01 -1.93474E-09 -2.46546E-10 -2.53050E-12  4.78893E-13
  7.100E+01  3.37216E-01 -1.91857E-09 -2.83690E-10 -2.53771E-12  4.62544E-13
  7.150E+01  3.41348E-01 -1.90198E-09 -3.20097E-10 -2.54454E-12  4.46239E-13
  7.200E+01  3.45492E-01 -1.88500E-09 -3.55775E-10 -2.55101E-12  4.29985E-13
  7.250E+01  3.49647E-01 -1.86763E-09 -3.90732E-10 -2.55710E-12  4.13785E-13
  7.300E+01  3.53814E-01 -1.84991E-09 -4.24974E-10 -2.56284E-12  3.97643E-13
  7.350E+01  3.57992E-01 -1.83184E-09 -4.58510E-10 -2.56820E-12  3.81565E-13
  7.400E+01  3.62181E-01 -1.81345E-09 -4.91348E-10 -2.57321E-12  3.65555E-13
  7.450E+01  3.66381E-01 -1.79475E-09 -5.23496E-10 -2.57787E-12  3.49616E-13
  7.500E+01  3.70590E-01 -1.77575E-09 -5.54961E-10 -2.58218E-12  3.33754E-13
  7.550E+01  3.74810E-01 -1.75649E-09 -5.85752E-10 -2.58613E-12  3.17971E-13
  7.600E+01  3.79039E-01 -1.73696E-09 -6.15877E-10 -2.58975E-12  3.02271E-13
  7.650E+01  3.83277E-01 -1.71719E-09 -6.45344E-10 -2.59302E-12  2.86660E-13
  7.700E+01  3.87524E-01 -1.69720E-09 -6.74162E-10 -2.59596E-12  2.71139E-13
  7.750E+01  3.91780E-01 -1.67698E-09 -7.02338E-10 -2.59856E-12  2.55713E-13
  7.800E+01  3.96044E-01 -1.65657E-09 -7.29880E-10 -2.60084E-12  2.40384E-13
  7.850E+01  4.00316E-01 -1.63597E-09 -7.56797E-10 -2.60278E-12  2.25158E-13
  7.900E+01  4.04596E-01 -1.61519E-09 -7.83098E-10 -2.60441E-12  2.10035E-13
  7.950E+01  4.08882E-01 -1.59426E-09 -8.08789E-10 -2.60572E-12  1.95021E-13
  8.000E+01  4.13176E-01 -1.57317E-09 -8.33880E-10 -2.60671E-12  1.80118E-13
  8.050E+01  4.17476E-01 -1.55195E-09 -8.58379E-10 -2.60739E-12  1.65328E-13
  8.100E+01  4.21783E-01 -1.53061E-09 -8.82294E-10 -2.60777E-12  1.50656E-13
  8.150E+01  4.26095E-01 -1.50915E-09 -9.05633E-10 -2.60784E-12  1.36102E-13
  8.200E+01  4.30413E-01 -1.48758E-09 -9.28405E-10 -2.60761E-12  1.21671E-13
  8.250E+01  4.34737E-01 -1.46593E-09 -9.50617E-10 -2.60708E-12  1.07365E-13
  8.300E+01  4.39065E-01 -1.44419E-09 -9.72278E-10 -2.60626E-12  9.31866E-14
  8.350E+01  4.43398E-01 -1.42238E-09 -9.93396E-10 -2.60515E-12  7.91377E-14
  8.400E+01  4.47736E-01 -1.40051E-09 -1.01398E-09 -2.60376E-12  6.52211E-14
  8.450E+01  4.52077E-01 -1.37858E-09 -1.03403E-09 -2.60208E-12  5.14389E-14
  8.500E+01  4.56422E-01 -1.35661E-09 -1.05357E-09 -2.60012E-12  3.77935E-14
  8.550E+01  4.60770E-01 -1.33461E-09 -1.07260E-09 -2.59789E-12  2.42868E-14
  8.600E+01  4.65122E-01 -1.31258E-09 -1.09112E-09 -2.59539E-12  1.09210E-14
  8.650E+01  4.69476E-01 -1.29053E-09 -1.10915E-09 -2.59262E-12 -2.30208E-15
  8.700E+01  4.73832E-01 -1.26846E-09 -1.12669E-09 -2.58959E-12 -1.53804E-14
  8.750E+01  4.78190E-01 -1.24640E-09 -1.14375E-09 -2.58629E-12 -2.83123E-14
  8.800E+01  4.82550E-01 -1.22434E-09 -1.16034E-09 -2.58274E-12 -4.10959E-14
  8.850E+01  4.86912E-01 -1.20229E-09 -1.17647E-09 -2.57893E-12 -5.37297E-14
  8.900E+01  4.91274E-01 -1.18026E-09 -1.19214E-09 -2.57488E-12 -6.62119E-14
  8.950E+01  4.95637E-01 -1.15826E-09 -1.20736E-09 -2.57058E-12 -7.85412E-14
  9.000E+01  5.00000E-01 -1.13628E-09 -1.22214E-09 -2.56603E-12 -9.07159E-14
  9.050E+01  5.04363E-01 -1.11435E-09 -1.23649E-09 -2.56124E-12 -1.02735E-13
  9.100E+01  5.08726E-01 -1.09246E-09 -1.25041E-09 -2.55622E-12 -1.14597E-13
  9.150E+01  5.13088E-01 -1.07061E-09 -1.26391E-09 -2.55096E-12 -1.26300E-13
  9.200E+01  5.17450E-01 -1.04882E-09 -1.27701E-09 -2.54548E-12 -1.37844E-13
  9.250E+01  5.21810E-01 -1.02710E-09 -1.28969E-09 -2.53977E-12 -1.49227E-13
  9.300E+01  5.26168E-01 -1.00543E-09 -1.30199E-09 -2.53383E-12 -1.60448E-13
  9.350E+01  5.30524E-01 -9.83841E-10 -1.31389E-09 -2.52767E-12 -1.71506E-13
  9.400E+01  5.34878E-01 -9.62323E-10 -1.32541E-09 -2.52130E-12 -1.82401E-13
  9.450E+01  5.39230E-01 -9.40885E-10 -1.33655E-09 -2.51472E-12 -1.93131E-13
  9.500E+01  5.43578E-01 -9.19532E-10 -1.34733E-09 -2.50792E-12 -2.03695E-13
  9.550E+01  5.47923E-01 -8.98266E-10 -1.35774E-09 -2.50092E-12 -2.14094E-13
  9.600E+01  5.52264E-01 -8.77093E-10 -1.36780E-09 -2.49371E-12 -2.24325E-13
  9.650E+01  5.56602E-01 -8.56016E-10 -1.37751E-09 -2.48630E-12 -2.34389E-13
  9.700E+01  5.60935E-01 -8.35038E-10 -1.38688E-09 -2.47870E-12 -2.44284E-13
  9.750E+01  5.65263E-01 -8.14165E-10 -1.39592E-09 -2.47089E-12 -2.54011E-13
  9.800E+01  5.69587E-01 -7.93398E-10 -1.40462E-09 -2.46290E-12 -2.63568E-13
  9.850E+01  5.73905E-01 -7.72741E-10 -1.41301E-09 -2.45472E-12 -2.72955E-13
  9.900E+01  5.78217E-01 -7.52197E-10 -1.42108E-09 -2.44636E-12 -2.82172E-13
  9.950E+01  5.82524E-01 -7.31770E-10 -1.42884E-09 -2.43781E-12 -2.91219E-13
  1.000E+02  5.86824E-01 -7.11462E-10 -1.43630E-09 -2.42908E-12 -3.00095E-13
  1.005E+02  5.91118E-01 -6.91276E-10 -1.44346E-09 -2.42017E-12 -3.08800E-13
  1.010E+02  5.95404E-01 -6.71214E-10 -1.45033E-09 -2.41109E-12 -3.17333E-13
  1.015E+02  5.99684E-01 -6.51278E-10 -1.45692E-09 -2.40184E-12 -3.25694E-13
  1.020E+02  6.03956E-01 -6.31472E-10 -1.46322E-09 -2.39242E-12 -3.33884E-13
  1.025E+02  6.08220E-01 -6.11798E-10 -1.46926E-09 -2.38283E-12 -3.41903E-13
  1.030E+02  6.12476E-01 -5.92257E-10 -1.47503E-09 -2.37309E-12 -3.49749E-13
  1.035E+02  6.16723E-01 -5.72851E-10 -1.48054E-09 -2.36318E-12 -3.57423E-13
  1.040E+02  6.20961E-01 -5.53583E-10 -1.48579E-09 -2.35311E-12 -3.64926E-13
  1.045E+02  6.25190E-01 -5.34454E-10 -1.49079E-09 -2.34289E-12 -3.72256E-13
  1.050E+02  6.29410E-01 -5.15466E-10 -1.49555E-09 -2.33252E-12 -3.79415E-13
  1.055E+02  6.33619E-01 -4.96621E-10 -1.50007E-09 -2.32200E-12 -3.86403E-13
  1.060E+02  6.37819E-01 -4.77919E-10 -1.50435E-09 -2.31133E-12 -3.93218E-13
  1.065E+02  6.42008E-01 -4.59363E-10 -1.50841E-09 -2.30052E-12 -3.99863E-13
  1.070E+02  6.46186E-01 -4.40953E-10 -1.51225E-09 -2.28956E-12 -4.06337E-13
  1.075E+02  6.50353E-01 -4.22692E-10 -1.51586E-09 -2.27846E-12 -4.12640E-13
  1.080E+02  6.54508E-01 -4.04579E-10 -1.51927E-09 -2.26723E-12 -4.18772E-13
  1.085E+02  6.58652E-01 -3.86616E-10 -1.52247E-09 -2.25587E-12 -4.24735E-13
  1.090E+02  6.62784E-01 -3.68804E-10 -1.52546E-09 -2.24437E-12 -4.30527E-13
  1.095E+02  6.66903E-01 -3.51145E-10 -1.52826E-09 -2.23274E-12 -4.36151E-13
  1.100E+02  6.71010E-01 -3.33638E-10 -1.53086E-09 -2.22098E-12 -4.41605E-13
  1.105E+02  6.75104E-01 -3.16284E-10 -1.53328E-09 -2.20910E-12 -4.46891E-13
  1.110E+02  6.79184E-01 -2.99085E-10 -1.53551E-09 -2.19710E-12 -4.52009E-13
  1.115E+02  6.83251E-01 -2.82040E-10 -1.53757E-09 -2.18497E-12 -4.56960E-13
  1.120E+02  6.87303E-01 -2.65151E-10 -1.53945E-09 -2.17273E-12 -4.61744E-13
  1.125E+02  6.91342E-01 -2.48418E-10 -1.54115E-09 -2.16037E-12 -4.66361E-13
  1.130E+02  6.95366E-01 -2.31840E-10 -1.54270E-09 -2.14789E-12 -4.70813E-13
  1.135E+02  6.99375E-01 -2.15420E-10 -1.54408E-09 -2.13531E-12 -4.75099E-13
  1.140E+02  7.03368E-01 -1.99156E-10 -1.54531E-09 -2.12261E-12 -4.79221E-13
  1.145E+02  7.07347E-01 -1.83050E-10 -1.54638E-09 -2.10981E-12 -4.83179E-13
  1.150E+02  7.11309E-01 -1.67101E-10 -1.54731E-09 -2.09690E-12 -4.86973E-13
  1.155E+02  7.15256E-01 -1.51309E-10 -1.54809E-09 -2.08389E-12 -4.90606E-13
  1.160E+02  7.19186E-01 -1.35676E-10 -1.54873E-09 -2.07077E-12 -4.94076E-13
  1.165E+02  7.23099E-01 -1.20199E-10 -1.54924E-09 -2.05756E-12 -4.97386E-13
  1.170E+02  7.26995E-01 -1.04881E-10 -1.54961E-09 -2.04424E-12 -5.00535E-13
  1.175E+02  7.30874E-01 -8.97203E-11 -1.54985E-09 -2.03083E-12 -5.03525E-13
  1.180E+02  7.34736E-01 -7.47171E-11 -1.54997E-09 -2.01733E-12 -5.06356E-13
  1.185E+02  7.38579E-01 -5.98715E-11 -1.54997E-09 -2.00374E-12 -5.09029E-13
  1.190E+02  7.42405E-01 -4.51831E-11 -1.54985E-09 -1.99005E-12 -5.11546E-13
  1.195E+02  7.46212E-01 -3.06519E-11 -1.54962E-09 -1.97628E-12 -5.13906E-13
  1.200E+02  7.50000E-01 -1.62775E-11 -1.54928E-09 -1.96242E-12 -5.16111E-13
  1.205E+02  7.53769E-01 -2.05984E-12 -1.54883E-09 -1.94847E-12 -5.18162E-13
  1.210E+02  7.57519E-01  1.20015E-11 -1.54827E-09 -1.93444E-12 -5.20059E-13
  1.215E+02  7.61249E-01  2.59069E-11 -1.54762E-09 -1.92033E-12 -5.21804E-13
  1.220E+02  7.64960E-01  3.96565E-11 -1.54687E-09 -1.90614E-12 -5.23397E-13
  1.225E+02  7.68650E-01  5.32510E-11 -1.54603E-09 -1.89187E-12 -5.24839E-13
  1.230E+02  7.72320E-01  6.66905E-11 -1.54509E-09 -1.87752E-12 -5.26133E-13
  1.235E+02  7.75968E-01  7.99757E-11 -1.54407E-09 -1.86310E-12 -5.27277E-13
  1.240E+02  7.79596E-01  9.31069E-11 -1.54297E-09 -1.84860E-12 -5.28274E-13
  1.245E+02  7.83203E-01  1.06085E-10 -1.54178E-09 -1.83403E-12 -5.29124E-13
  1.250E+02  7.86788E-01  1.18910E-10 -1.54052E-09 -1.81940E-12 -5.29829E-13
  1.255E+02  7.90351E-01  1.31582E-10 -1.53918E-09 -1.80469E-12 -5.30389E-13
  1.260E+02  7.93893E-01  1.44103E-10 -1.53777E-09 -1.78991E-12 -5.30806E-13
  1.265E+02  7.97411E-01  1.56472E-10 -1.53629E-09 -1.77507E-12 -5.31080E-13
  1.270E+02  8.00908E-01  1.68691E-10 -1.53475E-09 -1.76016E-12 -5.31213E-13
  1.275E+02  8.04381E-01  1.80759E-10 -1.53314E-09 -1.74519E-12 -5.31206E-13
  1.280E+02  8.07831E-01  1.92678E-10 -1.53147E-09 -1.73016E-12 -5.31060E-13
  1.285E+02  8.11257E-01  2.04449E-10 -1.52974E-09 -1.71507E-12 -5.30775E-13
  1.290E+02  8.14660E-01  2.16071E-10 -1.52795E-09 -1.69992E-12 -5.30354E-13
  1.295E+02  8.18039E-01  2.27546E-10 -1.52612E-09 -1.68471E-12 -5.29797E-13
  1.300E+02  8.21394E-01  2.38874E-10 -1.52423E-09 -1.66944E-12 -5.29106E-13
  1.305E+02  8.24724E-01  2.50056E-10 -1.52229E-09 -1.65412E-12 -5.28281E-13
  1.310E+02  8.28030E-01  2.61093E-10 -1.52031E-09 -1.63874E-12 -5.27324E-13
  1.315E+02  8.31310E-01  2.71985E-10 -1.51828E-09 -1.62331E-12 -5.26235E-13
  1.320E+02  8.34565E-01  2.82734E-10 -1.51621E-09 -1.60783E-12 -5.25017E-13
  1.325E+02  8.37795E-01  2.93339E-10 -1.51411E-09 -1.59230E-12 -5.23670E-13
  1.330E+02  8.40999E-01  3.03801E-10 -1.51197E-09 -1.57671E-12 -5.22195E-13
  1.335E+02  8.44177E-01  3.14122E-10 -1.50979E-09 -1.56108E-12 -5.20594E-13
  1.340E+02  8.47329E-01  3.24303E-10 -1.50758E-09 -1.54541E-12 -5.18868E-13
  1.345E+02  8.50455E-01  3.34343E-10 -1.50534E-09 -1.52968E-12 -5.17018E-13
  1.350E+02  8.53553E-01  3.44244E-10 -1.50307E-09 -1.51391E-12 -5.15046E-13
  1.355E+02  8.56625E-01  3.54006E-10 -1.50078E-09 -1.49810E-12 -5.12952E-13
  1.360E+02  8.59670E-01  3.63630E-10 -1.49846E-09 -1.48224E-12 -5.10737E-13
  1.365E+02  8.62687E-01  3.73118E-10 -1.49612E-09 -1.46634E-12 -5.08404E-13
  1.370E+02  8.65677E-01  3.82469E-10 -1.49376E-09 -1.45040E-12 -5.05953E-13
  1.375E+02  8.68639E-01  3.91685E-10 -1.49138E-09 -1.43442E-12 -5.03385E-13
  1.380E+02  8.71572E-01  4.00767E-10 -1.48899E-09 -1.41841E-12 -5.00702E-13
  1.385E+02  8.74478E-01  4.09714E-10 -1.48658E-09 -1.40235E-12 -4.97906E-13
  1.390E+02  8.77355E-01  4.18529E-10 -1.48415E-09 -1.38625E-12 -4.94996E-13
  1.395E+02  8.80203E-01  4.27211E-10 -1.48172E-09 -1.37012E-12 -4.91975E-13
  1.400E+02  8.83022E-01  4.35762E-10 -1.47928E-09 -1.35396E-12 -4.88844E-13
  1.405E+02  8.85812E-01  4.44183E-10 -1.47683E-09 -1.33776E-12 -4.85605E-13
  1.410E+02  8.88573E-01  4.52473E-10 -1.47437E-09 -1.32152E-12 -4.82257E-13
  1.415E+02  8.91304E-01  4.60635E-10 -1.47191E-09 -1.30526E-12 -4.78804E-13
  1.420E+02  8.94005E-01  4.68668E-10 -1.46944E-09 -1.28896E-12 -4.75245E-13
  1.425E+02  8.96677E-01  4.76574E-10 -1.46698E-09 -1.27263E-12 -4.71583E-13
  1.430E+02  8.99318E-01  4.84354E-10 -1.46451E-09 -1.25626E-12 -4.67818E-13
  1.435E+02  9.01928E-01  4.92007E-10 -1.46205E-09 -1.23987E-12 -4.63953E-13
  1.440E+02  9.04508E-01  4.99536E-10 -1.45958E-09 -1.22345E-12 -4.59988E-13
  1.445E+02  9.07058E-01  5.06940E-10 -1.45713E-09 -1.20701E-12 -4.55924E-13
  1.450E+02  9.09576E-01  5.14221E-10 -1.45468E-09 -1.19053E-12 -4.51763E-13
  1.455E+02  9.12063E-01  5.21378E-10 -1.45223E-09 -1.17403E-12 -4.47507E-13
  1.460E+02  9.14519E-01  5.28414E-10 -1.44980E-09 -1.15750E-12 -4.43156E-13
  1.465E+02  9.16943E-01  5.35329E-10 -1.44737E-09 -1.14095E-12 -4.38711E-13
  1.470E+02  9.19335E-01  5.42124E-10 -1.44495E-09 -1.12437E-12 -4.34176E-13
  1.475E+02  9.21696E-01  5.48798E-10 -1.44255E-09 -1.10777E-12 -4.29549E-13
  1.480E+02  9.24024E-01  5.55354E-10 -1.44016E-09 -1.09114E-12 -4.24834E-13
  1.485E+02  9.26320E-01  5.61791E-10 -1.43779E-09 -1.07449E-12 -4.20031E-13
  1.490E+02  9.28584E-01  5.68111E-10 -1.43543E-09 -1.05782E-12 -4.15141E-13
  1.495E+02  9.30815E-01  5.74314E-10 -1.43308E-09 -1.04113E-12 -4.10167E-13
  1.500E+02  9.33013E-01  5.80401E-10 -1.43076E-09 -1.02442E-12 -4.05108E-13
  1.505E+02  9.35178E-01  5.86373E-10 -1.42845E-09 -1.00769E-12 -3.99967E-13
  1.510E+02  9.37310E-01  5.92230E-10 -1.42617E-09 -9.90933E-13 -3.94746E-13
  1.515E+02  9.39409E-01  5.97973E-10 -1.42390E-09 -9.74161E-13 -3.89444E-13
  1.520E+02  9.41474E-01  6.03602E-10 -1.42166E-09 -9.57371E-13 -3.84064E-13
  1.525E+02  9.43505E-01  6.09119E-10 -1.41944E-09 -9.40562E-13 -3.78608E-13
  1.530E+02  9.45503E-01  6.14524E-10 -1.41725E-09 -9.23735E-13 -3.73075E-13
  1.535E+02  9.47467E-01  6.19818E-10 -1.41508E-09 -9.06892E-13 -3.67469E-13
  1.540E+02  9.49397E-01  6.25001E-10 -1.41293E-09 -8.90031E-13 -3.61789E-13
  1.545E+02  9.51293E-01  6.30075E-10 -1.41082E-09 -8.73155E-13 -3.56038E-13
  1.550E+02  9.53154E-01  6.35038E-10 -1.40873E-09 -8.56263E-13 -3.50217E-13
  1.555E+02  9.54981E-01  6.39893E-10 -1.40667E-09 -8.39356E-13 -3.44327E-13
  1.560E+02  9.56773E-01  6.44640E-10 -1.40463E-09 -8.22434E-13 -3.38369E-13
  1.565E+02  9.58530E-01  6.49279E-10 -1.40263E-09 -8.05498E-13 -3.32346E-13
  1.570E+02  9.60252E-01  6.53811E-10 -1.40066E-09 -7.88548E-13 -3.26258E-13
  1.575E+02  9.61940E-01  6.58237E-10 -1.39872E-09 -7.71585E-13 -3.20106E-13
  1.580E+02  9.63592E-01  6.62557E-10 -1.39681E-09 -7.54609E-13 -3.13892E-13
  1.585E+02  9.65209E-01  6.66772E-10 -1.39494E-09 -7.37620E-13 -3.07618E-13
  1.590E+02  9.66790E-01  6.70882E-10 -1.39310E-09 -7.20620E-13 -3.01285E-13
  1.595E+02  9.68336E-01  6.74888E-10 -1.39130E-09 -7.03607E-13 -2.94893E-13
  1.600E+02  9.69846E-01  6.78790E-10 -1.38953E-09 -6.86583E-13 -2.88445E-13
  1.605E+02  9.71321E-01  6.82589E-10 -1.38779E-09 -6.69549E-13 -2.81943E-13
  1.610E+02  9.72759E-01  6.86285E-10 -1.38609E-09 -6.52503E-13 -2.75386E-13
  1.615E+02  9.74162E-01  6.89879E-10 -1.38443E-09 -6.35447E-13 -2.68777E-13
  1.620E+02  9.75528E-01  6.93372E-10 -1.38281E-09 -6.18382E-13 -2.62117E-13
  1.625E+02  9.76858E-01  6.96763E-10 -1.38122E-09 -6.01307E-13 -2.55407E-13
  1.630E+02  9.78152E-01  7.00053E-10 -1.37968E-09 -5.84223E-13 -2.48649E-13
  1.635E+02  9.79410E-01  7.03243E-10 -1.37817E-09 -5.67130E-13 -2.41844E-13
  1.640E+02  9.80631E-01  7.06334E-10 -1.37670E-09 -5.50028E-13 -2.34994E-13
  1.645E+02  9.81815E-01  7.09324E-10 -1.37527E-09 -5.32919E-13 -2.28099E-13
  1.650E+02  9.82963E-01  7.12216E-10 -1.37389E-09 -5.15801E-13 -2.21162E-13
  1.655E+02  9.84074E-01  7.15009E-10 -1.37254E-09 -4.98676E-13 -2.14183E-13
  1.660E+02  9.85148E-01  7.17704E-10 -1.37124E-09 -4.81544E-13 -2.07165E-13
  1.665E+02  9.86185E-01  7.20300E-10 -1.36997E-09 -4.64405E-13 -2.00107E-13
  1.670E+02  9.87185E-01  7.22800E-10 -1.36875E-09 -4.47259E-13 -1.93013E-13
  1.675E+02  9.88148E-01  7.25202E-10 -1.36758E-09 -4.30106E-13 -1.85883E-13
  1.680E+02  9.89074E-01  7.27507E-10 -1.36644E-09 -4.12948E-13 -1.78718E-13
  1.685E+02  9.89962E-01  7.29715E-10 -1.36535E-09 -3.95784E-13 -1.71520E-13
  1.690E+02  9.90814E-01  7.31828E-10 -1.36431E-09 -3.78614E-13 -1.64290E-13
  1.695E+02  9.91627E-01  7.33844E-10 -1.36331E-09 -3.61439E-13 -1.57030E-13
  1.700E+02  9.92404E-01  7.35765E-10 -1.36235E-09 -3.44260E-13 -1.49741E-13
  1.705E+02  9.93143E-01  7.37590E-10 -1.36144E-09 -3.27075E-13 -1.42424E-13
  1.710E+02  9.93844E-01  7.39320E-10 -1.36057E-09 -3.09886E-13 -1.35081E-13
  1.715E+02  9.94508E-01  7.40955E-10 -1.35975E-09 -2.92693E-13 -1.27714E-13
  1.720E+02  9.95134E-01  7.42496E-10 -1.35897E-09 -2.75496E-13 -1.20323E-13
  1.725E+02  9.95722E-01  7.43942E-10 -1.35824E-09 -2.58295E-13 -1.12909E-13
  1.730E+02  9.96273E-01  7.45293E-10 -1.35755E-09 -2.41091E-13 -1.05476E-13
  1.735E+02  9.96786E-01  7.46551E-10 -1.35692E-09 -2.23883E-13 -9.80223E-14
  1.740E+02  9.97261E-01  7.47715E-10 -1.35632E-09 -2.06673E-13 -9.05511E-14
  1.745E+02  9.97698E-01  7.48785E-10 -1.35578E-09 -1.89459E-13 -8.30634E-14
  1.750E+02  9.98097E-01  7.49762E-10 -1.35528E-09 -1.72244E-13 -7.55605E-14
  1.755E+02  9.98459E-01  7.50645E-10 -1.35483E-09 -1.55026E-13 -6.80438E-14
  1.760E+02  9.98782E-01  7.51435E-10 -1.35443E-09 -1.37806E-13 -6.05146E-14
  1.765E+02  9.99067E-01  7.52131E-10 -1.35407E-09 -1.20584E-13 -5.29744E-14
  1.770E+02  9.99315E-01  7.52735E-10 -1.35376E-09 -1.03361E-13 -4.54246E-14
  1.775E+02  9.99524E-01  7.53245E-10 -1.35350E-09 -8.61358E-14 -3.78665E-14
  1.780E+02  9.99695E-01  7.53663E-10 -1.35328E-09 -6.89100E-14 -3.03015E-14
  1.785E+02  9.99829E-01  7.53988E-10 -1.35312E-09 -5.16833E-14 -2.27309E-14
  1.790E+02  9.99924E-01  7.54220E-10 -1.35300E-09 -3.44559E-14 -1.51563E-14
  1.795E+02  9.99981E-01  7.54359E-10 -1.35293E-09 -1.72281E-14 -7.57882E-15
  1.800E+02  1.00000E+00  7.54405E-10 -1.35290E-09 -2.41769E-28 -1.06360E-28
