 #  Scattering amplitudes (in cm)      MU=(1-cos(TH))/2
 #  Z =   1,   projectile: electron
 #  Kinetic energy = 5.00000E+01 eV
 #
 # TH (deg)      MU          Re(F)        Im(F)        Re(G)        Im(G)
 #--------------------------------------------------------------------------
  0.000E+00  0.00000E+00  6.26486E-09  2.11878E-09  0.00000E+00  0.00000E+00
  1.000E-04  7.61557E-13  6.26486E-09  2.11878E-09  6.36278E-19  1.54077E-19
  1.250E-04  1.18994E-12  6.26486E-09  2.11878E-09  7.95347E-19  1.92597E-19
  1.500E-04  1.71346E-12  6.26486E-09  2.11878E-09  9.54417E-19  2.31116E-19
  1.750E-04  2.33225E-12  6.26486E-09  2.11878E-09  1.11349E-18  2.69636E-19
  2.000E-04  3.04617E-12  6.26486E-09  2.11878E-09  1.27256E-18  3.08155E-19
  2.250E-04  3.85530E-12  6.26486E-09  2.11878E-09  1.43162E-18  3.46674E-19
  2.500E-04  4.75964E-12  6.26486E-09  2.11878E-09  1.59069E-18  3.85194E-19
  2.750E-04  5.75917E-12  6.26486E-09  2.11878E-09  1.74976E-18  4.23713E-19
  3.000E-04  6.85391E-12  6.26486E-09  2.11878E-09  1.90883E-18  4.62232E-19
  3.250E-04  8.04379E-12  6.26486E-09  2.11878E-09  2.06790E-18  5.00752E-19
  3.500E-04  9.32893E-12  6.26486E-09  2.11878E-09  2.22697E-18  5.39271E-19
  3.750E-04  1.07092E-11  6.26486E-09  2.11878E-09  2.38604E-18  5.77790E-19
  4.000E-04  1.21847E-11  6.26486E-09  2.11878E-09  2.54511E-18  6.16310E-19
  4.250E-04  1.37554E-11  6.26486E-09  2.11878E-09  2.70418E-18  6.54829E-19
  4.500E-04  1.54213E-11  6.26486E-09  2.11878E-09  2.86325E-18  6.93348E-19
  4.750E-04  1.71823E-11  6.26486E-09  2.11878E-09  3.02232E-18  7.31868E-19
  5.000E-04  1.90386E-11  6.26486E-09  2.11878E-09  3.18139E-18  7.70387E-19
  5.250E-04  2.09900E-11  6.26486E-09  2.11878E-09  3.34046E-18  8.08907E-19
  5.500E-04  2.30367E-11  6.26486E-09  2.11878E-09  3.49953E-18  8.47426E-19
  5.750E-04  2.51785E-11  6.26486E-09  2.11878E-09  3.65860E-18  8.85945E-19
  6.000E-04  2.74156E-11  6.26486E-09  2.11878E-09  3.81767E-18  9.24465E-19
  6.250E-04  2.97478E-11  6.26486E-09  2.11878E-09  3.97674E-18  9.62984E-19
  6.500E-04  3.21752E-11  6.26486E-09  2.11878E-09  4.13581E-18  1.00150E-18
  6.750E-04  3.46979E-11  6.26486E-09  2.11878E-09  4.29487E-18  1.04002E-18
  7.000E-04  3.73157E-11  6.26486E-09  2.11878E-09  4.45394E-18  1.07854E-18
  7.250E-04  4.00286E-11  6.26486E-09  2.11878E-09  4.61301E-18  1.11706E-18
  7.500E-04  4.28368E-11  6.26486E-09  2.11878E-09  4.77208E-18  1.15558E-18
  7.750E-04  4.57402E-11  6.26486E-09  2.11878E-09  4.93115E-18  1.19410E-18
  8.000E-04  4.87388E-11  6.26486E-09  2.11878E-09  5.09022E-18  1.23262E-18
  8.250E-04  5.18325E-11  6.26486E-09  2.11878E-09  5.24929E-18  1.27114E-18
  8.500E-04  5.50215E-11  6.26486E-09  2.11878E-09  5.40836E-18  1.30966E-18
  8.750E-04  5.83057E-11  6.26486E-09  2.11878E-09  5.56743E-18  1.34818E-18
  9.000E-04  6.16850E-11  6.26486E-09  2.11878E-09  5.72650E-18  1.38670E-18
  9.250E-04  6.51595E-11  6.26486E-09  2.11878E-09  5.88557E-18  1.42522E-18
  9.500E-04  6.87293E-11  6.26486E-09  2.11878E-09  6.04464E-18  1.46374E-18
  9.750E-04  7.23943E-11  6.26486E-09  2.11878E-09  6.20371E-18  1.50226E-18
  1.000E-03  7.61544E-11  6.26486E-09  2.11878E-09  6.36278E-18  1.54077E-18
  1.250E-03  1.18991E-10  6.26486E-09  2.11878E-09  7.95347E-18  1.92597E-18
  1.500E-03  1.71347E-10  6.26486E-09  2.11878E-09  9.54417E-18  2.31116E-18
  1.750E-03  2.33223E-10  6.26486E-09  2.11878E-09  1.11349E-17  2.69636E-18
  2.000E-03  3.04617E-10  6.26486E-09  2.11878E-09  1.27256E-17  3.08155E-18
  2.250E-03  3.85531E-10  6.26486E-09  2.11878E-09  1.43162E-17  3.46674E-18
  2.500E-03  4.75965E-10  6.26486E-09  2.11878E-09  1.59069E-17  3.85194E-18
  2.750E-03  5.75917E-10  6.26486E-09  2.11878E-09  1.74976E-17  4.23713E-18
  3.000E-03  6.85389E-10  6.26486E-09  2.11878E-09  1.90883E-17  4.62232E-18
  3.250E-03  8.04380E-10  6.26486E-09  2.11878E-09  2.06790E-17  5.00752E-18
  3.500E-03  9.32891E-10  6.26486E-09  2.11878E-09  2.22697E-17  5.39271E-18
  3.750E-03  1.07092E-09  6.26486E-09  2.11878E-09  2.38604E-17  5.77790E-18
  4.000E-03  1.21847E-09  6.26486E-09  2.11878E-09  2.54511E-17  6.16310E-18
  4.250E-03  1.37554E-09  6.26486E-09  2.11878E-09  2.70418E-17  6.54829E-18
  4.500E-03  1.54213E-09  6.26486E-09  2.11878E-09  2.86325E-17  6.93348E-18
  4.750E-03  1.71823E-09  6.26486E-09  2.11878E-09  3.02232E-17  7.31868E-18
  5.000E-03  1.90386E-09  6.26486E-09  2.11878E-09  3.18139E-17  7.70387E-18
  5.250E-03  2.09900E-09  6.26486E-09  2.11878E-09  3.34046E-17  8.08907E-18
  5.500E-03  2.30367E-09  6.26486E-09  2.11878E-09  3.49953E-17  8.47426E-18
  5.750E-03  2.51785E-09  6.26486E-09  2.11878E-09  3.65860E-17  8.85945E-18
  6.000E-03  2.74156E-09  6.26486E-09  2.11878E-09  3.81767E-17  9.24465E-18
  6.250E-03  2.97478E-09  6.26486E-09  2.11878E-09  3.97674E-17  9.62984E-18
  6.500E-03  3.21752E-09  6.26486E-09  2.11878E-09  4.13581E-17  1.00150E-17
  6.750E-03  3.46978E-09  6.26486E-09  2.11878E-09  4.29487E-17  1.04002E-17
  7.000E-03  3.73156E-09  6.26486E-09  2.11878E-09  4.45394E-17  1.07854E-17
  7.250E-03  4.00286E-09  6.26486E-09  2.11878E-09  4.61301E-17  1.11706E-17
  7.500E-03  4.28368E-09  6.26486E-09  2.11878E-09  4.77208E-17  1.15558E-17
  7.750E-03  4.57402E-09  6.26486E-09  2.11878E-09  4.93115E-17  1.19410E-17
  8.000E-03  4.87388E-09  6.26486E-09  2.11878E-09  5.09022E-17  1.23262E-17
  8.250E-03  5.18326E-09  6.26486E-09  2.11878E-09  5.24929E-17  1.27114E-17
  8.500E-03  5.50215E-09  6.26486E-09  2.11878E-09  5.40836E-17  1.30966E-17
  8.750E-03  5.83057E-09  6.26486E-09  2.11878E-09  5.56743E-17  1.34818E-17
  9.000E-03  6.16850E-09  6.26486E-09  2.11878E-09  5.72650E-17  1.38670E-17
  9.250E-03  6.51596E-09  6.26486E-09  2.11878E-09  5.88557E-17  1.42522E-17
  9.500E-03  6.87293E-09  6.26486E-09  2.11878E-09  6.04464E-17  1.46374E-17
  9.750E-03  7.23942E-09  6.26486E-09  2.11878E-09  6.20371E-17  1.50226E-17
  1.000E-02  7.61544E-09  6.26486E-09  2.11878E-09  6.36278E-17  1.54077E-17
  1.250E-02  1.18991E-08  6.26486E-09  2.11878E-09  7.95347E-17  1.92597E-17
  1.500E-02  1.71347E-08  6.26486E-09  2.11878E-09  9.54416E-17  2.31116E-17
  1.750E-02  2.33223E-08  6.26486E-09  2.11878E-09  1.11349E-16  2.69636E-17
  2.000E-02  3.04617E-08  6.26486E-09  2.11878E-09  1.27256E-16  3.08155E-17
  2.250E-02  3.85531E-08  6.26486E-09  2.11878E-09  1.43162E-16  3.46674E-17
  2.500E-02  4.75965E-08  6.26486E-09  2.11878E-09  1.59069E-16  3.85194E-17
  2.750E-02  5.75917E-08  6.26486E-09  2.11878E-09  1.74976E-16  4.23713E-17
  3.000E-02  6.85389E-08  6.26486E-09  2.11878E-09  1.90883E-16  4.62232E-17
  3.250E-02  8.04380E-08  6.26486E-09  2.11878E-09  2.06790E-16  5.00752E-17
  3.500E-02  9.32891E-08  6.26486E-09  2.11878E-09  2.22697E-16  5.39271E-17
  3.750E-02  1.07092E-07  6.26486E-09  2.11878E-09  2.38604E-16  5.77790E-17
  4.000E-02  1.21847E-07  6.26486E-09  2.11878E-09  2.54511E-16  6.16310E-17
  4.250E-02  1.37554E-07  6.26486E-09  2.11878E-09  2.70418E-16  6.54829E-17
  4.500E-02  1.54213E-07  6.26486E-09  2.11878E-09  2.86325E-16  6.93348E-17
  4.750E-02  1.71823E-07  6.26486E-09  2.11877E-09  3.02232E-16  7.31868E-17
  5.000E-02  1.90386E-07  6.26486E-09  2.11877E-09  3.18138E-16  7.70387E-17
  5.250E-02  2.09900E-07  6.26486E-09  2.11877E-09  3.34045E-16  8.08906E-17
  5.500E-02  2.30367E-07  6.26486E-09  2.11877E-09  3.49952E-16  8.47426E-17
  5.750E-02  2.51785E-07  6.26485E-09  2.11877E-09  3.65859E-16  8.85945E-17
  6.000E-02  2.74156E-07  6.26485E-09  2.11877E-09  3.81766E-16  9.24464E-17
  6.250E-02  2.97478E-07  6.26485E-09  2.11877E-09  3.97673E-16  9.62984E-17
  6.500E-02  3.21752E-07  6.26485E-09  2.11877E-09  4.13580E-16  1.00150E-16
  6.750E-02  3.46978E-07  6.26485E-09  2.11877E-09  4.29487E-16  1.04002E-16
  7.000E-02  3.73156E-07  6.26485E-09  2.11877E-09  4.45393E-16  1.07854E-16
  7.250E-02  4.00286E-07  6.26485E-09  2.11877E-09  4.61300E-16  1.11706E-16
  7.500E-02  4.28368E-07  6.26485E-09  2.11877E-09  4.77207E-16  1.15558E-16
  7.750E-02  4.57402E-07  6.26485E-09  2.11877E-09  4.93114E-16  1.19410E-16
  8.000E-02  4.87388E-07  6.26484E-09  2.11877E-09  5.09021E-16  1.23262E-16
  8.250E-02  5.18325E-07  6.26484E-09  2.11877E-09  5.24927E-16  1.27114E-16
  8.500E-02  5.50215E-07  6.26484E-09  2.11877E-09  5.40834E-16  1.30966E-16
  8.750E-02  5.83057E-07  6.26484E-09  2.11877E-09  5.56741E-16  1.34818E-16
  9.000E-02  6.16850E-07  6.26484E-09  2.11877E-09  5.72648E-16  1.38670E-16
  9.250E-02  6.51596E-07  6.26484E-09  2.11877E-09  5.88555E-16  1.42521E-16
  9.500E-02  6.87293E-07  6.26484E-09  2.11877E-09  6.04461E-16  1.46373E-16
  9.750E-02  7.23942E-07  6.26484E-09  2.11877E-09  6.20368E-16  1.50225E-16
  1.000E-01  7.61543E-07  6.26483E-09  2.11877E-09  6.36275E-16  1.54077E-16
  1.250E-01  1.18991E-06  6.26482E-09  2.11877E-09  7.95341E-16  1.92596E-16
  1.500E-01  1.71347E-06  6.26480E-09  2.11877E-09  9.54406E-16  2.31116E-16
  1.750E-01  2.33223E-06  6.26477E-09  2.11877E-09  1.11347E-15  2.69635E-16
  2.000E-01  3.04617E-06  6.26474E-09  2.11877E-09  1.27253E-15  3.08153E-16
  2.250E-01  3.85531E-06  6.26471E-09  2.11877E-09  1.43159E-15  3.46672E-16
  2.500E-01  4.75964E-06  6.26467E-09  2.11876E-09  1.59065E-15  3.85191E-16
  2.750E-01  5.75916E-06  6.26463E-09  2.11876E-09  1.74970E-15  4.23709E-16
  3.000E-01  6.85388E-06  6.26459E-09  2.11876E-09  1.90875E-15  4.62227E-16
  3.250E-01  8.04378E-06  6.26454E-09  2.11876E-09  2.06780E-15  5.00745E-16
  3.500E-01  9.32888E-06  6.26449E-09  2.11875E-09  2.22684E-15  5.39263E-16
  3.750E-01  1.07092E-05  6.26443E-09  2.11875E-09  2.38588E-15  5.77781E-16
  4.000E-01  1.21846E-05  6.26437E-09  2.11875E-09  2.54492E-15  6.16298E-16
  4.250E-01  1.37553E-05  6.26431E-09  2.11874E-09  2.70395E-15  6.54815E-16
  4.500E-01  1.54212E-05  6.26424E-09  2.11874E-09  2.86298E-15  6.93331E-16
  4.750E-01  1.71822E-05  6.26417E-09  2.11873E-09  3.02200E-15  7.31848E-16
  5.000E-01  1.90385E-05  6.26409E-09  2.11873E-09  3.18101E-15  7.70364E-16
  5.250E-01  2.09899E-05  6.26401E-09  2.11872E-09  3.34003E-15  8.08879E-16
  5.500E-01  2.30365E-05  6.26393E-09  2.11872E-09  3.49903E-15  8.47395E-16
  5.750E-01  2.51783E-05  6.26384E-09  2.11871E-09  3.65803E-15  8.85910E-16
  6.000E-01  2.74153E-05  6.26375E-09  2.11871E-09  3.81702E-15  9.24424E-16
  6.250E-01  2.97475E-05  6.26366E-09  2.11870E-09  3.97601E-15  9.62938E-16
  6.500E-01  3.21749E-05  6.26356E-09  2.11870E-09  4.13498E-15  1.00145E-15
  6.750E-01  3.46974E-05  6.26346E-09  2.11869E-09  4.29396E-15  1.03997E-15
  7.000E-01  3.73152E-05  6.26335E-09  2.11868E-09  4.45292E-15  1.07848E-15
  7.250E-01  4.00281E-05  6.26324E-09  2.11868E-09  4.61187E-15  1.11699E-15
  7.500E-01  4.28362E-05  6.26313E-09  2.11867E-09  4.77082E-15  1.15550E-15
  7.750E-01  4.57395E-05  6.26301E-09  2.11866E-09  4.92976E-15  1.19401E-15
  8.000E-01  4.87380E-05  6.26289E-09  2.11865E-09  5.08869E-15  1.23252E-15
  8.250E-01  5.18317E-05  6.26277E-09  2.11865E-09  5.24761E-15  1.27103E-15
  8.500E-01  5.50205E-05  6.26264E-09  2.11864E-09  5.40653E-15  1.30954E-15
  8.750E-01  5.83045E-05  6.26250E-09  2.11863E-09  5.56543E-15  1.34805E-15
  9.000E-01  6.16838E-05  6.26237E-09  2.11862E-09  5.72432E-15  1.38656E-15
  9.250E-01  6.51582E-05  6.26223E-09  2.11861E-09  5.88320E-15  1.42507E-15
  9.500E-01  6.87277E-05  6.26208E-09  2.11861E-09  6.04208E-15  1.46357E-15
  9.750E-01  7.23925E-05  6.26193E-09  2.11860E-09  6.20094E-15  1.50208E-15
  1.000E+00  7.61524E-05  6.26178E-09  2.11859E-09  6.35979E-15  1.54059E-15
  1.100E+00  9.21439E-05  6.26113E-09  2.11855E-09  6.99508E-15  1.69460E-15
  1.200E+00  1.09658E-04  6.26042E-09  2.11850E-09  7.63017E-15  1.84861E-15
  1.300E+00  1.28695E-04  6.25965E-09  2.11846E-09  8.26505E-15  2.00259E-15
  1.400E+00  1.49255E-04  6.25882E-09  2.11841E-09  8.89969E-15  2.15657E-15
  1.500E+00  1.71338E-04  6.25793E-09  2.11835E-09  9.53409E-15  2.31053E-15
  1.600E+00  1.94942E-04  6.25697E-09  2.11829E-09  1.01682E-14  2.46447E-15
  1.700E+00  2.20070E-04  6.25596E-09  2.11823E-09  1.08021E-14  2.61840E-15
  1.800E+00  2.46720E-04  6.25488E-09  2.11817E-09  1.14356E-14  2.77230E-15
  1.900E+00  2.74892E-04  6.25374E-09  2.11810E-09  1.20688E-14  2.92619E-15
  2.000E+00  3.04586E-04  6.25254E-09  2.11802E-09  1.27017E-14  3.08005E-15
  2.100E+00  3.35803E-04  6.25128E-09  2.11795E-09  1.33342E-14  3.23389E-15
  2.200E+00  3.68542E-04  6.24996E-09  2.11786E-09  1.39663E-14  3.38771E-15
  2.300E+00  4.02802E-04  6.24858E-09  2.11778E-09  1.45981E-14  3.54150E-15
  2.400E+00  4.38585E-04  6.24714E-09  2.11769E-09  1.52294E-14  3.69527E-15
  2.500E+00  4.75889E-04  6.24563E-09  2.11760E-09  1.58604E-14  3.84901E-15
  2.600E+00  5.14715E-04  6.24407E-09  2.11750E-09  1.64908E-14  4.00272E-15
  2.700E+00  5.55063E-04  6.24244E-09  2.11740E-09  1.71208E-14  4.15640E-15
  2.800E+00  5.96931E-04  6.24075E-09  2.11730E-09  1.77504E-14  4.31005E-15
  2.900E+00  6.40321E-04  6.23901E-09  2.11719E-09  1.83794E-14  4.46367E-15
  3.000E+00  6.85233E-04  6.23720E-09  2.11708E-09  1.90079E-14  4.61726E-15
  3.100E+00  7.31665E-04  6.23533E-09  2.11697E-09  1.96359E-14  4.77082E-15
  3.200E+00  7.79618E-04  6.23340E-09  2.11685E-09  2.02634E-14  4.92434E-15
  3.300E+00  8.29092E-04  6.23142E-09  2.11673E-09  2.08902E-14  5.07782E-15
  3.400E+00  8.80086E-04  6.22937E-09  2.11660E-09  2.15165E-14  5.23127E-15
  3.500E+00  9.32601E-04  6.22726E-09  2.11647E-09  2.21422E-14  5.38468E-15
  3.600E+00  9.86636E-04  6.22509E-09  2.11634E-09  2.27673E-14  5.53805E-15
  3.700E+00  1.04219E-03  6.22286E-09  2.11620E-09  2.33917E-14  5.69137E-15
  3.800E+00  1.09927E-03  6.22058E-09  2.11606E-09  2.40155E-14  5.84466E-15
  3.900E+00  1.15786E-03  6.21823E-09  2.11592E-09  2.46386E-14  5.99791E-15
  4.000E+00  1.21797E-03  6.21582E-09  2.11577E-09  2.52611E-14  6.15111E-15
  4.100E+00  1.27961E-03  6.21336E-09  2.11562E-09  2.58828E-14  6.30427E-15
  4.200E+00  1.34276E-03  6.21083E-09  2.11546E-09  2.65038E-14  6.45738E-15
  4.300E+00  1.40743E-03  6.20825E-09  2.11530E-09  2.71241E-14  6.61044E-15
  4.400E+00  1.47362E-03  6.20560E-09  2.11514E-09  2.77436E-14  6.76346E-15
  4.500E+00  1.54133E-03  6.20290E-09  2.11497E-09  2.83624E-14  6.91642E-15
  4.600E+00  1.61056E-03  6.20014E-09  2.11480E-09  2.89803E-14  7.06934E-15
  4.700E+00  1.68131E-03  6.19732E-09  2.11463E-09  2.95975E-14  7.22220E-15
  4.800E+00  1.75357E-03  6.19444E-09  2.11445E-09  3.02139E-14  7.37501E-15
  4.900E+00  1.82735E-03  6.19151E-09  2.11427E-09  3.08294E-14  7.52777E-15
  5.000E+00  1.90265E-03  6.18851E-09  2.11408E-09  3.14440E-14  7.68048E-15
  5.100E+00  1.97947E-03  6.18546E-09  2.11389E-09  3.20578E-14  7.83312E-15
  5.200E+00  2.05780E-03  6.18235E-09  2.11370E-09  3.26707E-14  7.98571E-15
  5.300E+00  2.13765E-03  6.17918E-09  2.11350E-09  3.32828E-14  8.13825E-15
  5.400E+00  2.21902E-03  6.17596E-09  2.11330E-09  3.38939E-14  8.29072E-15
  5.500E+00  2.30190E-03  6.17267E-09  2.11310E-09  3.45040E-14  8.44313E-15
  5.600E+00  2.38630E-03  6.16933E-09  2.11289E-09  3.51133E-14  8.59549E-15
  5.700E+00  2.47222E-03  6.16594E-09  2.11268E-09  3.57215E-14  8.74778E-15
  5.800E+00  2.55965E-03  6.16248E-09  2.11246E-09  3.63288E-14  8.90000E-15
  5.900E+00  2.64859E-03  6.15897E-09  2.11224E-09  3.69351E-14  9.05216E-15
  6.000E+00  2.73905E-03  6.15540E-09  2.11202E-09  3.75404E-14  9.20426E-15
  6.100E+00  2.83103E-03  6.15178E-09  2.11180E-09  3.81446E-14  9.35629E-15
  6.200E+00  2.92452E-03  6.14810E-09  2.11157E-09  3.87478E-14  9.50825E-15
  6.300E+00  3.01952E-03  6.14436E-09  2.11133E-09  3.93500E-14  9.66014E-15
  6.400E+00  3.11604E-03  6.14057E-09  2.11110E-09  3.99511E-14  9.81196E-15
  6.500E+00  3.21407E-03  6.13672E-09  2.11085E-09  4.05511E-14  9.96371E-15
  6.600E+00  3.31362E-03  6.13282E-09  2.11061E-09  4.11500E-14  1.01154E-14
  6.700E+00  3.41468E-03  6.12886E-09  2.11036E-09  4.17478E-14  1.02670E-14
  6.800E+00  3.51725E-03  6.12484E-09  2.11011E-09  4.23444E-14  1.04185E-14
  6.900E+00  3.62133E-03  6.12077E-09  2.10985E-09  4.29399E-14  1.05700E-14
  7.000E+00  3.72692E-03  6.11665E-09  2.10960E-09  4.35343E-14  1.07214E-14
  7.100E+00  3.83403E-03  6.11247E-09  2.10933E-09  4.41274E-14  1.08727E-14
  7.200E+00  3.94265E-03  6.10824E-09  2.10907E-09  4.47194E-14  1.10239E-14
  7.300E+00  4.05278E-03  6.10395E-09  2.10880E-09  4.53102E-14  1.11750E-14
  7.400E+00  4.16442E-03  6.09961E-09  2.10852E-09  4.58998E-14  1.13261E-14
  7.500E+00  4.27757E-03  6.09521E-09  2.10824E-09  4.64881E-14  1.14771E-14
  7.600E+00  4.39223E-03  6.09076E-09  2.10796E-09  4.70752E-14  1.16280E-14
  7.700E+00  4.50840E-03  6.08626E-09  2.10768E-09  4.76610E-14  1.17788E-14
  7.800E+00  4.62608E-03  6.08170E-09  2.10739E-09  4.82455E-14  1.19295E-14
  7.900E+00  4.74527E-03  6.07709E-09  2.10710E-09  4.88288E-14  1.20802E-14
  8.000E+00  4.86597E-03  6.07243E-09  2.10680E-09  4.94107E-14  1.22307E-14
  8.100E+00  4.98817E-03  6.06772E-09  2.10650E-09  4.99913E-14  1.23812E-14
  8.200E+00  5.11188E-03  6.06295E-09  2.10620E-09  5.05706E-14  1.25316E-14
  8.300E+00  5.23711E-03  6.05813E-09  2.10589E-09  5.11486E-14  1.26818E-14
  8.400E+00  5.36383E-03  6.05326E-09  2.10558E-09  5.17252E-14  1.28320E-14
  8.500E+00  5.49207E-03  6.04834E-09  2.10527E-09  5.23004E-14  1.29821E-14
  8.600E+00  5.62181E-03  6.04336E-09  2.10495E-09  5.28743E-14  1.31321E-14
  8.700E+00  5.75306E-03  6.03834E-09  2.10463E-09  5.34467E-14  1.32821E-14
  8.800E+00  5.88581E-03  6.03326E-09  2.10431E-09  5.40178E-14  1.34319E-14
  8.900E+00  6.02007E-03  6.02813E-09  2.10398E-09  5.45874E-14  1.35816E-14
  9.000E+00  6.15583E-03  6.02295E-09  2.10365E-09  5.51556E-14  1.37312E-14
  9.100E+00  6.29310E-03  6.01772E-09  2.10331E-09  5.57223E-14  1.38808E-14
  9.200E+00  6.43187E-03  6.01244E-09  2.10297E-09  5.62876E-14  1.40302E-14
  9.300E+00  6.57214E-03  6.00712E-09  2.10263E-09  5.68514E-14  1.41795E-14
  9.400E+00  6.71392E-03  6.00174E-09  2.10229E-09  5.74137E-14  1.43287E-14
  9.500E+00  6.85720E-03  5.99631E-09  2.10194E-09  5.79745E-14  1.44778E-14
  9.600E+00  7.00198E-03  5.99083E-09  2.10158E-09  5.85338E-14  1.46269E-14
  9.700E+00  7.14827E-03  5.98531E-09  2.10123E-09  5.90916E-14  1.47758E-14
  9.800E+00  7.29605E-03  5.97973E-09  2.10087E-09  5.96479E-14  1.49246E-14
  9.900E+00  7.44534E-03  5.97411E-09  2.10050E-09  6.02026E-14  1.50733E-14
  1.000E+01  7.59612E-03  5.96843E-09  2.10013E-09  6.07557E-14  1.52219E-14
  1.025E+01  7.97965E-03  5.95405E-09  2.09920E-09  6.21317E-14  1.55929E-14
  1.050E+01  8.37255E-03  5.93936E-09  2.09824E-09  6.34977E-14  1.59632E-14
  1.075E+01  8.77480E-03  5.92438E-09  2.09727E-09  6.48535E-14  1.63327E-14
  1.100E+01  9.18641E-03  5.90912E-09  2.09627E-09  6.61990E-14  1.67016E-14
  1.125E+01  9.60736E-03  5.89357E-09  2.09524E-09  6.75341E-14  1.70697E-14
  1.150E+01  1.00376E-02  5.87774E-09  2.09420E-09  6.88584E-14  1.74370E-14
  1.175E+01  1.04773E-02  5.86164E-09  2.09313E-09  7.01720E-14  1.78036E-14
  1.200E+01  1.09262E-02  5.84526E-09  2.09205E-09  7.14746E-14  1.81694E-14
  1.225E+01  1.13844E-02  5.82862E-09  2.09094E-09  7.27660E-14  1.85344E-14
  1.250E+01  1.18520E-02  5.81171E-09  2.08981E-09  7.40463E-14  1.88985E-14
  1.275E+01  1.23288E-02  5.79455E-09  2.08866E-09  7.53151E-14  1.92618E-14
  1.300E+01  1.28150E-02  5.77713E-09  2.08748E-09  7.65724E-14  1.96243E-14
  1.325E+01  1.33104E-02  5.75946E-09  2.08629E-09  7.78181E-14  1.99858E-14
  1.350E+01  1.38150E-02  5.74155E-09  2.08507E-09  7.90520E-14  2.03465E-14
  1.375E+01  1.43290E-02  5.72340E-09  2.08384E-09  8.02740E-14  2.07064E-14
  1.400E+01  1.48521E-02  5.70501E-09  2.08258E-09  8.14840E-14  2.10652E-14
  1.425E+01  1.53845E-02  5.68639E-09  2.08130E-09  8.26819E-14  2.14232E-14
  1.450E+01  1.59262E-02  5.66754E-09  2.08000E-09  8.38676E-14  2.17802E-14
  1.475E+01  1.64770E-02  5.64847E-09  2.07868E-09  8.50410E-14  2.21363E-14
  1.500E+01  1.70371E-02  5.62918E-09  2.07734E-09  8.62019E-14  2.24914E-14
  1.525E+01  1.76063E-02  5.60968E-09  2.07598E-09  8.73503E-14  2.28455E-14
  1.550E+01  1.81848E-02  5.58997E-09  2.07460E-09  8.84862E-14  2.31986E-14
  1.575E+01  1.87724E-02  5.57006E-09  2.07320E-09  8.96094E-14  2.35507E-14
  1.600E+01  1.93692E-02  5.54995E-09  2.07177E-09  9.07198E-14  2.39018E-14
  1.625E+01  1.99751E-02  5.52964E-09  2.07033E-09  9.18174E-14  2.42518E-14
  1.650E+01  2.05901E-02  5.50914E-09  2.06887E-09  9.29021E-14  2.46008E-14
  1.675E+01  2.12143E-02  5.48846E-09  2.06739E-09  9.39739E-14  2.49487E-14
  1.700E+01  2.18476E-02  5.46760E-09  2.06588E-09  9.50326E-14  2.52955E-14
  1.725E+01  2.24900E-02  5.44656E-09  2.06436E-09  9.60783E-14  2.56413E-14
  1.750E+01  2.31415E-02  5.42535E-09  2.06282E-09  9.71109E-14  2.59859E-14
  1.775E+01  2.38021E-02  5.40397E-09  2.06126E-09  9.81303E-14  2.63294E-14
  1.800E+01  2.44717E-02  5.38243E-09  2.05968E-09  9.91365E-14  2.66718E-14
  1.825E+01  2.51504E-02  5.36074E-09  2.05808E-09  1.00129E-13  2.70130E-14
  1.850E+01  2.58382E-02  5.33889E-09  2.05646E-09  1.01109E-13  2.73530E-14
  1.875E+01  2.65349E-02  5.31689E-09  2.05482E-09  1.02076E-13  2.76919E-14
  1.900E+01  2.72407E-02  5.29475E-09  2.05316E-09  1.03029E-13  2.80296E-14
  1.925E+01  2.79555E-02  5.27247E-09  2.05148E-09  1.03968E-13  2.83661E-14
  1.950E+01  2.86793E-02  5.25006E-09  2.04979E-09  1.04895E-13  2.87014E-14
  1.975E+01  2.94120E-02  5.22751E-09  2.04808E-09  1.05808E-13  2.90355E-14
  2.000E+01  3.01537E-02  5.20484E-09  2.04634E-09  1.06707E-13  2.93684E-14
  2.025E+01  3.09043E-02  5.18205E-09  2.04459E-09  1.07594E-13  2.96999E-14
  2.050E+01  3.16639E-02  5.15914E-09  2.04282E-09  1.08466E-13  3.00303E-14
  2.075E+01  3.24324E-02  5.13613E-09  2.04104E-09  1.09326E-13  3.03594E-14
  2.100E+01  3.32098E-02  5.11300E-09  2.03923E-09  1.10172E-13  3.06871E-14
  2.125E+01  3.39961E-02  5.08977E-09  2.03741E-09  1.11005E-13  3.10136E-14
  2.150E+01  3.47912E-02  5.06644E-09  2.03557E-09  1.11824E-13  3.13388E-14
  2.175E+01  3.55952E-02  5.04302E-09  2.03371E-09  1.12630E-13  3.16627E-14
  2.200E+01  3.64081E-02  5.01950E-09  2.03183E-09  1.13423E-13  3.19853E-14
  2.225E+01  3.72297E-02  4.99590E-09  2.02994E-09  1.14202E-13  3.23065E-14
  2.250E+01  3.80602E-02  4.97222E-09  2.02802E-09  1.14968E-13  3.26263E-14
  2.275E+01  3.88995E-02  4.94846E-09  2.02610E-09  1.15721E-13  3.29449E-14
  2.300E+01  3.97476E-02  4.92463E-09  2.02415E-09  1.16461E-13  3.32620E-14
  2.325E+01  4.06044E-02  4.90073E-09  2.02219E-09  1.17188E-13  3.35778E-14
  2.350E+01  4.14700E-02  4.87676E-09  2.02021E-09  1.17901E-13  3.38921E-14
  2.375E+01  4.23443E-02  4.85273E-09  2.01821E-09  1.18602E-13  3.42051E-14
  2.400E+01  4.32273E-02  4.82864E-09  2.01620E-09  1.19289E-13  3.45167E-14
  2.425E+01  4.41190E-02  4.80450E-09  2.01417E-09  1.19963E-13  3.48268E-14
  2.450E+01  4.50194E-02  4.78031E-09  2.01212E-09  1.20625E-13  3.51356E-14
  2.475E+01  4.59284E-02  4.75607E-09  2.01006E-09  1.21273E-13  3.54428E-14
  2.500E+01  4.68461E-02  4.73179E-09  2.00798E-09  1.21909E-13  3.57487E-14
  2.550E+01  4.87074E-02  4.68312E-09  2.00378E-09  1.23142E-13  3.63560E-14
  2.600E+01  5.06030E-02  4.63433E-09  1.99951E-09  1.24325E-13  3.69574E-14
  2.650E+01  5.25328E-02  4.58544E-09  1.99519E-09  1.25457E-13  3.75528E-14
  2.700E+01  5.44967E-02  4.53648E-09  1.99080E-09  1.26541E-13  3.81422E-14
  2.750E+01  5.64946E-02  4.48748E-09  1.98635E-09  1.27575E-13  3.87255E-14
  2.800E+01  5.85262E-02  4.43846E-09  1.98184E-09  1.28561E-13  3.93026E-14
  2.850E+01  6.05914E-02  4.38945E-09  1.97728E-09  1.29499E-13  3.98735E-14
  2.900E+01  6.26901E-02  4.34048E-09  1.97266E-09  1.30391E-13  4.04381E-14
  2.950E+01  6.48222E-02  4.29157E-09  1.96798E-09  1.31236E-13  4.09963E-14
  3.000E+01  6.69873E-02  4.24273E-09  1.96325E-09  1.32036E-13  4.15482E-14
  3.050E+01  6.91854E-02  4.19400E-09  1.95847E-09  1.32792E-13  4.20936E-14
  3.100E+01  7.14163E-02  4.14539E-09  1.95363E-09  1.33503E-13  4.26325E-14
  3.150E+01  7.36799E-02  4.09693E-09  1.94875E-09  1.34171E-13  4.31648E-14
  3.200E+01  7.59760E-02  4.04863E-09  1.94381E-09  1.34797E-13  4.36906E-14
  3.250E+01  7.83043E-02  4.00051E-09  1.93883E-09  1.35381E-13  4.42097E-14
  3.300E+01  8.06647E-02  3.95259E-09  1.93380E-09  1.35924E-13  4.47221E-14
  3.350E+01  8.30571E-02  3.90489E-09  1.92872E-09  1.36428E-13  4.52278E-14
  3.400E+01  8.54812E-02  3.85742E-09  1.92360E-09  1.36892E-13  4.57267E-14
  3.450E+01  8.79369E-02  3.81020E-09  1.91843E-09  1.37318E-13  4.62189E-14
  3.500E+01  9.04240E-02  3.76325E-09  1.91322E-09  1.37707E-13  4.67042E-14
  3.550E+01  9.29422E-02  3.71656E-09  1.90797E-09  1.38059E-13  4.71826E-14
  3.600E+01  9.54915E-02  3.67017E-09  1.90268E-09  1.38375E-13  4.76541E-14
  3.650E+01  9.80716E-02  3.62409E-09  1.89735E-09  1.38656E-13  4.81188E-14
  3.700E+01  1.00682E-01  3.57831E-09  1.89198E-09  1.38903E-13  4.85764E-14
  3.750E+01  1.03323E-01  3.53286E-09  1.88657E-09  1.39117E-13  4.90272E-14
  3.800E+01  1.05995E-01  3.48775E-09  1.88113E-09  1.39298E-13  4.94709E-14
  3.850E+01  1.08696E-01  3.44298E-09  1.87565E-09  1.39448E-13  4.99076E-14
  3.900E+01  1.11427E-01  3.39857E-09  1.87014E-09  1.39567E-13  5.03373E-14
  3.950E+01  1.14188E-01  3.35452E-09  1.86459E-09  1.39656E-13  5.07599E-14
  4.000E+01  1.16978E-01  3.31084E-09  1.85902E-09  1.39716E-13  5.11755E-14
  4.050E+01  1.19797E-01  3.26753E-09  1.85341E-09  1.39747E-13  5.15840E-14
  4.100E+01  1.22645E-01  3.22461E-09  1.84777E-09  1.39751E-13  5.19854E-14
  4.150E+01  1.25522E-01  3.18209E-09  1.84211E-09  1.39728E-13  5.23797E-14
  4.200E+01  1.28428E-01  3.13995E-09  1.83642E-09  1.39679E-13  5.27670E-14
  4.250E+01  1.31361E-01  3.09822E-09  1.83070E-09  1.39605E-13  5.31471E-14
  4.300E+01  1.34323E-01  3.05690E-09  1.82495E-09  1.39506E-13  5.35202E-14
  4.350E+01  1.37313E-01  3.01598E-09  1.81918E-09  1.39384E-13  5.38861E-14
  4.400E+01  1.40330E-01  2.97548E-09  1.81339E-09  1.39238E-13  5.42450E-14
  4.450E+01  1.43375E-01  2.93539E-09  1.80758E-09  1.39070E-13  5.45967E-14
  4.500E+01  1.46447E-01  2.89573E-09  1.80174E-09  1.38880E-13  5.49413E-14
  4.550E+01  1.49545E-01  2.85648E-09  1.79588E-09  1.38670E-13  5.52789E-14
  4.600E+01  1.52671E-01  2.81766E-09  1.79001E-09  1.38439E-13  5.56094E-14
  4.650E+01  1.55823E-01  2.77927E-09  1.78412E-09  1.38188E-13  5.59327E-14
  4.700E+01  1.59001E-01  2.74130E-09  1.77821E-09  1.37919E-13  5.62491E-14
  4.750E+01  1.62205E-01  2.70376E-09  1.77228E-09  1.37631E-13  5.65583E-14
  4.800E+01  1.65435E-01  2.66664E-09  1.76634E-09  1.37326E-13  5.68605E-14
  4.850E+01  1.68690E-01  2.62995E-09  1.76038E-09  1.37003E-13  5.71557E-14
  4.900E+01  1.71970E-01  2.59370E-09  1.75442E-09  1.36664E-13  5.74439E-14
  4.950E+01  1.75276E-01  2.55787E-09  1.74843E-09  1.36310E-13  5.77251E-14
  5.000E+01  1.78606E-01  2.52246E-09  1.74244E-09  1.35939E-13  5.79993E-14
  5.050E+01  1.81961E-01  2.48749E-09  1.73644E-09  1.35554E-13  5.82665E-14
  5.100E+01  1.85340E-01  2.45293E-09  1.73043E-09  1.35155E-13  5.85268E-14
  5.150E+01  1.88743E-01  2.41880E-09  1.72441E-09  1.34742E-13  5.87802E-14
  5.200E+01  1.92169E-01  2.38510E-09  1.71838E-09  1.34316E-13  5.90267E-14
  5.250E+01  1.95619E-01  2.35181E-09  1.71234E-09  1.33878E-13  5.92663E-14
  5.300E+01  1.99092E-01  2.31895E-09  1.70630E-09  1.33427E-13  5.94990E-14
  5.350E+01  2.02589E-01  2.28650E-09  1.70025E-09  1.32964E-13  5.97250E-14
  5.400E+01  2.06107E-01  2.25446E-09  1.69420E-09  1.32490E-13  5.99441E-14
  5.450E+01  2.09649E-01  2.22283E-09  1.68815E-09  1.32006E-13  6.01565E-14
  5.500E+01  2.13212E-01  2.19162E-09  1.68209E-09  1.31511E-13  6.03622E-14
  5.550E+01  2.16797E-01  2.16081E-09  1.67603E-09  1.31006E-13  6.05611E-14
  5.600E+01  2.20404E-01  2.13040E-09  1.66997E-09  1.30492E-13  6.07534E-14
  5.650E+01  2.24032E-01  2.10040E-09  1.66391E-09  1.29969E-13  6.09390E-14
  5.700E+01  2.27680E-01  2.07079E-09  1.65786E-09  1.29437E-13  6.11180E-14
  5.750E+01  2.31350E-01  2.04158E-09  1.65180E-09  1.28897E-13  6.12905E-14
  5.800E+01  2.35040E-01  2.01276E-09  1.64574E-09  1.28349E-13  6.14564E-14
  5.850E+01  2.38751E-01  1.98432E-09  1.63969E-09  1.27793E-13  6.16157E-14
  5.900E+01  2.42481E-01  1.95627E-09  1.63364E-09  1.27231E-13  6.17687E-14
  5.950E+01  2.46231E-01  1.92860E-09  1.62760E-09  1.26661E-13  6.19151E-14
  6.000E+01  2.50000E-01  1.90131E-09  1.62156E-09  1.26085E-13  6.20552E-14
  6.050E+01  2.53788E-01  1.87439E-09  1.61552E-09  1.25503E-13  6.21890E-14
  6.100E+01  2.57595E-01  1.84784E-09  1.60949E-09  1.24915E-13  6.23164E-14
  6.150E+01  2.61421E-01  1.82166E-09  1.60347E-09  1.24321E-13  6.24375E-14
  6.200E+01  2.65264E-01  1.79583E-09  1.59746E-09  1.23722E-13  6.25524E-14
  6.250E+01  2.69126E-01  1.77037E-09  1.59146E-09  1.23118E-13  6.26611E-14
  6.300E+01  2.73005E-01  1.74526E-09  1.58546E-09  1.22509E-13  6.27636E-14
  6.350E+01  2.76901E-01  1.72050E-09  1.57948E-09  1.21896E-13  6.28601E-14
  6.400E+01  2.80814E-01  1.69609E-09  1.57350E-09  1.21279E-13  6.29504E-14
  6.450E+01  2.84744E-01  1.67202E-09  1.56754E-09  1.20658E-13  6.30347E-14
  6.500E+01  2.88691E-01  1.64829E-09  1.56158E-09  1.20033E-13  6.31130E-14
  6.550E+01  2.92653E-01  1.62490E-09  1.55564E-09  1.19404E-13  6.31854E-14
  6.600E+01  2.96632E-01  1.60184E-09  1.54972E-09  1.18772E-13  6.32519E-14
  6.650E+01  3.00625E-01  1.57910E-09  1.54380E-09  1.18138E-13  6.33125E-14
  6.700E+01  3.04634E-01  1.55668E-09  1.53790E-09  1.17500E-13  6.33673E-14
  6.750E+01  3.08658E-01  1.53459E-09  1.53201E-09  1.16860E-13  6.34163E-14
  6.800E+01  3.12697E-01  1.51281E-09  1.52614E-09  1.16218E-13  6.34596E-14
  6.850E+01  3.16749E-01  1.49134E-09  1.52028E-09  1.15573E-13  6.34972E-14
  6.900E+01  3.20816E-01  1.47018E-09  1.51444E-09  1.14926E-13  6.35292E-14
  6.950E+01  3.24896E-01  1.44932E-09  1.50862E-09  1.14278E-13  6.35556E-14
  7.000E+01  3.28990E-01  1.42876E-09  1.50281E-09  1.13627E-13  6.35765E-14
  7.050E+01  3.33097E-01  1.40850E-09  1.49702E-09  1.12975E-13  6.35918E-14
  7.100E+01  3.37216E-01  1.38853E-09  1.49125E-09  1.12322E-13  6.36017E-14
  7.150E+01  3.41348E-01  1.36884E-09  1.48549E-09  1.11668E-13  6.36062E-14
  7.200E+01  3.45492E-01  1.34944E-09  1.47976E-09  1.11012E-13  6.36054E-14
  7.250E+01  3.49647E-01  1.33032E-09  1.47404E-09  1.10356E-13  6.35992E-14
  7.300E+01  3.53814E-01  1.31148E-09  1.46834E-09  1.09699E-13  6.35878E-14
  7.350E+01  3.57992E-01  1.29291E-09  1.46267E-09  1.09041E-13  6.35711E-14
  7.400E+01  3.62181E-01  1.27461E-09  1.45701E-09  1.08383E-13  6.35493E-14
  7.450E+01  3.66381E-01  1.25657E-09  1.45137E-09  1.07724E-13  6.35223E-14
  7.500E+01  3.70590E-01  1.23880E-09  1.44576E-09  1.07065E-13  6.34903E-14
  7.550E+01  3.74810E-01  1.22128E-09  1.44016E-09  1.06405E-13  6.34533E-14
  7.600E+01  3.79039E-01  1.20402E-09  1.43459E-09  1.05746E-13  6.34112E-14
  7.650E+01  3.83277E-01  1.18700E-09  1.42904E-09  1.05087E-13  6.33643E-14
  7.700E+01  3.87524E-01  1.17024E-09  1.42351E-09  1.04428E-13  6.33124E-14
  7.750E+01  3.91780E-01  1.15372E-09  1.41800E-09  1.03769E-13  6.32557E-14
  7.800E+01  3.96044E-01  1.13744E-09  1.41252E-09  1.03110E-13  6.31942E-14
  7.850E+01  4.00316E-01  1.12140E-09  1.40706E-09  1.02452E-13  6.31280E-14
  7.900E+01  4.04596E-01  1.10559E-09  1.40163E-09  1.01794E-13  6.30570E-14
  7.950E+01  4.08882E-01  1.09001E-09  1.39621E-09  1.01137E-13  6.29814E-14
  8.000E+01  4.13176E-01  1.07466E-09  1.39083E-09  1.00481E-13  6.29012E-14
  8.050E+01  4.17476E-01  1.05953E-09  1.38546E-09  9.98254E-14  6.28164E-14
  8.100E+01  4.21783E-01  1.04462E-09  1.38013E-09  9.91706E-14  6.27272E-14
  8.150E+01  4.26095E-01  1.02993E-09  1.37481E-09  9.85166E-14  6.26334E-14
  8.200E+01  4.30413E-01  1.01546E-09  1.36953E-09  9.78636E-14  6.25352E-14
  8.250E+01  4.34737E-01  1.00119E-09  1.36426E-09  9.72116E-14  6.24327E-14
  8.300E+01  4.39065E-01  9.87138E-10  1.35903E-09  9.65607E-14  6.23258E-14
  8.350E+01  4.43398E-01  9.73287E-10  1.35382E-09  9.59109E-14  6.22146E-14
  8.400E+01  4.47736E-01  9.59638E-10  1.34863E-09  9.52623E-14  6.20992E-14
  8.450E+01  4.52077E-01  9.46188E-10  1.34348E-09  9.46150E-14  6.19796E-14
  8.500E+01  4.56422E-01  9.32934E-10  1.33834E-09  9.39689E-14  6.18558E-14
  8.550E+01  4.60770E-01  9.19874E-10  1.33324E-09  9.33242E-14  6.17280E-14
  8.600E+01  4.65122E-01  9.07005E-10  1.32816E-09  9.26808E-14  6.15960E-14
  8.650E+01  4.69476E-01  8.94323E-10  1.32311E-09  9.20389E-14  6.14601E-14
  8.700E+01  4.73832E-01  8.81826E-10  1.31809E-09  9.13984E-14  6.13202E-14
  8.750E+01  4.78190E-01  8.69511E-10  1.31309E-09  9.07595E-14  6.11763E-14
  8.800E+01  4.82550E-01  8.57376E-10  1.30813E-09  9.01220E-14  6.10286E-14
  8.850E+01  4.86912E-01  8.45418E-10  1.30319E-09  8.94862E-14  6.08770E-14
  8.900E+01  4.91274E-01  8.33634E-10  1.29828E-09  8.88520E-14  6.07217E-14
  8.950E+01  4.95637E-01  8.22022E-10  1.29339E-09  8.82194E-14  6.05625E-14
  9.000E+01  5.00000E-01  8.10579E-10  1.28854E-09  8.75885E-14  6.03997E-14
  9.050E+01  5.04363E-01  7.99304E-10  1.28371E-09  8.69593E-14  6.02332E-14
  9.100E+01  5.08726E-01  7.88192E-10  1.27891E-09  8.63318E-14  6.00631E-14
  9.150E+01  5.13088E-01  7.77242E-10  1.27414E-09  8.57061E-14  5.98893E-14
  9.200E+01  5.17450E-01  7.66452E-10  1.26940E-09  8.50822E-14  5.97121E-14
  9.250E+01  5.21810E-01  7.55819E-10  1.26469E-09  8.44601E-14  5.95313E-14
  9.300E+01  5.26168E-01  7.45341E-10  1.26001E-09  8.38398E-14  5.93471E-14
  9.350E+01  5.30524E-01  7.35015E-10  1.25535E-09  8.32213E-14  5.91594E-14
  9.400E+01  5.34878E-01  7.24839E-10  1.25073E-09  8.26047E-14  5.89684E-14
  9.450E+01  5.39230E-01  7.14812E-10  1.24613E-09  8.19900E-14  5.87740E-14
  9.500E+01  5.43578E-01  7.04930E-10  1.24156E-09  8.13771E-14  5.85763E-14
  9.550E+01  5.47923E-01  6.95193E-10  1.23703E-09  8.07662E-14  5.83754E-14
  9.600E+01  5.52264E-01  6.85597E-10  1.23252E-09  8.01572E-14  5.81712E-14
  9.650E+01  5.56602E-01  6.76140E-10  1.22804E-09  7.95501E-14  5.79639E-14
  9.700E+01  5.60935E-01  6.66821E-10  1.22359E-09  7.89450E-14  5.77534E-14
  9.750E+01  5.65263E-01  6.57638E-10  1.21918E-09  7.83418E-14  5.75398E-14
  9.800E+01  5.69587E-01  6.48588E-10  1.21479E-09  7.77406E-14  5.73231E-14
  9.850E+01  5.73905E-01  6.39669E-10  1.21043E-09  7.71414E-14  5.71034E-14
  9.900E+01  5.78217E-01  6.30880E-10  1.20610E-09  7.65441E-14  5.68807E-14
  9.950E+01  5.82524E-01  6.22219E-10  1.20180E-09  7.59488E-14  5.66551E-14
  1.000E+02  5.86824E-01  6.13683E-10  1.19753E-09  7.53556E-14  5.64265E-14
  1.005E+02  5.91118E-01  6.05272E-10  1.19329E-09  7.47643E-14  5.61951E-14
  1.010E+02  5.95404E-01  5.96983E-10  1.18908E-09  7.41750E-14  5.59608E-14
  1.015E+02  5.99684E-01  5.88814E-10  1.18490E-09  7.35877E-14  5.57237E-14
  1.020E+02  6.03956E-01  5.80764E-10  1.18075E-09  7.30024E-14  5.54838E-14
  1.025E+02  6.08220E-01  5.72831E-10  1.17663E-09  7.24192E-14  5.52412E-14
  1.030E+02  6.12476E-01  5.65013E-10  1.17254E-09  7.18379E-14  5.49958E-14
  1.035E+02  6.16723E-01  5.57308E-10  1.16848E-09  7.12587E-14  5.47478E-14
  1.040E+02  6.20961E-01  5.49716E-10  1.16445E-09  7.06814E-14  5.44972E-14
  1.045E+02  6.25190E-01  5.42234E-10  1.16045E-09  7.01062E-14  5.42440E-14
  1.050E+02  6.29410E-01  5.34860E-10  1.15648E-09  6.95330E-14  5.39881E-14
  1.055E+02  6.33619E-01  5.27594E-10  1.15254E-09  6.89617E-14  5.37298E-14
  1.060E+02  6.37819E-01  5.20433E-10  1.14863E-09  6.83925E-14  5.34689E-14
  1.065E+02  6.42008E-01  5.13376E-10  1.14475E-09  6.78253E-14  5.32056E-14
  1.070E+02  6.46186E-01  5.06422E-10  1.14090E-09  6.72601E-14  5.29399E-14
  1.075E+02  6.50353E-01  4.99569E-10  1.13708E-09  6.66968E-14  5.26717E-14
  1.080E+02  6.54508E-01  4.92816E-10  1.13329E-09  6.61356E-14  5.24012E-14
  1.085E+02  6.58652E-01  4.86161E-10  1.12953E-09  6.55763E-14  5.21283E-14
  1.090E+02  6.62784E-01  4.79603E-10  1.12580E-09  6.50190E-14  5.18531E-14
  1.095E+02  6.66903E-01  4.73140E-10  1.12210E-09  6.44637E-14  5.15756E-14
  1.100E+02  6.71010E-01  4.66771E-10  1.11843E-09  6.39104E-14  5.12959E-14
  1.105E+02  6.75104E-01  4.60495E-10  1.11479E-09  6.33590E-14  5.10139E-14
  1.110E+02  6.79184E-01  4.54311E-10  1.11118E-09  6.28095E-14  5.07298E-14
  1.115E+02  6.83251E-01  4.48217E-10  1.10760E-09  6.22620E-14  5.04435E-14
  1.120E+02  6.87303E-01  4.42211E-10  1.10405E-09  6.17164E-14  5.01551E-14
  1.125E+02  6.91342E-01  4.36293E-10  1.10053E-09  6.11728E-14  4.98645E-14
  1.130E+02  6.95366E-01  4.30462E-10  1.09704E-09  6.06311E-14  4.95719E-14
  1.135E+02  6.99375E-01  4.24716E-10  1.09358E-09  6.00912E-14  4.92773E-14
  1.140E+02  7.03368E-01  4.19054E-10  1.09015E-09  5.95533E-14  4.89806E-14
  1.145E+02  7.07347E-01  4.13475E-10  1.08674E-09  5.90173E-14  4.86819E-14
  1.150E+02  7.11309E-01  4.07978E-10  1.08337E-09  5.84831E-14  4.83813E-14
  1.155E+02  7.15256E-01  4.02561E-10  1.08003E-09  5.79509E-14  4.80787E-14
  1.160E+02  7.19186E-01  3.97223E-10  1.07671E-09  5.74204E-14  4.77742E-14
  1.165E+02  7.23099E-01  3.91964E-10  1.07343E-09  5.68919E-14  4.74679E-14
  1.170E+02  7.26995E-01  3.86783E-10  1.07018E-09  5.63652E-14  4.71597E-14
  1.175E+02  7.30874E-01  3.81677E-10  1.06695E-09  5.58403E-14  4.68496E-14
  1.180E+02  7.34736E-01  3.76647E-10  1.06375E-09  5.53172E-14  4.65378E-14
  1.185E+02  7.38579E-01  3.71691E-10  1.06059E-09  5.47959E-14  4.62242E-14
  1.190E+02  7.42405E-01  3.66808E-10  1.05745E-09  5.42764E-14  4.59088E-14
  1.195E+02  7.46212E-01  3.61997E-10  1.05434E-09  5.37587E-14  4.55917E-14
  1.200E+02  7.50000E-01  3.57258E-10  1.05126E-09  5.32428E-14  4.52729E-14
  1.205E+02  7.53769E-01  3.52589E-10  1.04821E-09  5.27286E-14  4.49524E-14
  1.210E+02  7.57519E-01  3.47989E-10  1.04519E-09  5.22162E-14  4.46302E-14
  1.215E+02  7.61249E-01  3.43457E-10  1.04219E-09  5.17055E-14  4.43065E-14
  1.220E+02  7.64960E-01  3.38993E-10  1.03923E-09  5.11966E-14  4.39811E-14
  1.225E+02  7.68650E-01  3.34596E-10  1.03629E-09  5.06893E-14  4.36541E-14
  1.230E+02  7.72320E-01  3.30264E-10  1.03339E-09  5.01838E-14  4.33256E-14
  1.235E+02  7.75968E-01  3.25997E-10  1.03051E-09  4.96799E-14  4.29955E-14
  1.240E+02  7.79596E-01  3.21794E-10  1.02766E-09  4.91777E-14  4.26639E-14
  1.245E+02  7.83203E-01  3.17655E-10  1.02484E-09  4.86771E-14  4.23308E-14
  1.250E+02  7.86788E-01  3.13577E-10  1.02205E-09  4.81782E-14  4.19963E-14
  1.255E+02  7.90351E-01  3.09561E-10  1.01928E-09  4.76810E-14  4.16603E-14
  1.260E+02  7.93893E-01  3.05606E-10  1.01654E-09  4.71853E-14  4.13228E-14
  1.265E+02  7.97411E-01  3.01711E-10  1.01384E-09  4.66913E-14  4.09840E-14
  1.270E+02  8.00908E-01  2.97875E-10  1.01116E-09  4.61988E-14  4.06438E-14
  1.275E+02  8.04381E-01  2.94097E-10  1.00851E-09  4.57079E-14  4.03022E-14
  1.280E+02  8.07831E-01  2.90377E-10  1.00588E-09  4.52186E-14  3.99592E-14
  1.285E+02  8.11257E-01  2.86714E-10  1.00329E-09  4.47308E-14  3.96150E-14
  1.290E+02  8.14660E-01  2.83107E-10  1.00072E-09  4.42446E-14  3.92694E-14
  1.295E+02  8.18039E-01  2.79556E-10  9.98179E-10  4.37598E-14  3.89225E-14
  1.300E+02  8.21394E-01  2.76059E-10  9.95667E-10  4.32766E-14  3.85744E-14
  1.305E+02  8.24724E-01  2.72617E-10  9.93183E-10  4.27949E-14  3.82251E-14
  1.310E+02  8.28030E-01  2.69228E-10  9.90726E-10  4.23146E-14  3.78745E-14
  1.315E+02  8.31310E-01  2.65892E-10  9.88297E-10  4.18359E-14  3.75227E-14
  1.320E+02  8.34565E-01  2.62609E-10  9.85896E-10  4.13585E-14  3.71697E-14
  1.325E+02  8.37795E-01  2.59376E-10  9.83522E-10  4.08826E-14  3.68155E-14
  1.330E+02  8.40999E-01  2.56195E-10  9.81175E-10  4.04081E-14  3.64602E-14
  1.335E+02  8.44177E-01  2.53064E-10  9.78855E-10  3.99350E-14  3.61038E-14
  1.340E+02  8.47329E-01  2.49982E-10  9.76563E-10  3.94633E-14  3.57462E-14
  1.345E+02  8.50455E-01  2.46950E-10  9.74298E-10  3.89930E-14  3.53876E-14
  1.350E+02  8.53553E-01  2.43967E-10  9.72060E-10  3.85241E-14  3.50279E-14
  1.355E+02  8.56625E-01  2.41031E-10  9.69849E-10  3.80564E-14  3.46671E-14
  1.360E+02  8.59670E-01  2.38142E-10  9.67665E-10  3.75902E-14  3.43052E-14
  1.365E+02  8.62687E-01  2.35301E-10  9.65508E-10  3.71252E-14  3.39424E-14
  1.370E+02  8.65677E-01  2.32506E-10  9.63378E-10  3.66615E-14  3.35785E-14
  1.375E+02  8.68639E-01  2.29756E-10  9.61274E-10  3.61991E-14  3.32136E-14
  1.380E+02  8.71572E-01  2.27052E-10  9.59197E-10  3.57380E-14  3.28478E-14
  1.385E+02  8.74478E-01  2.24392E-10  9.57147E-10  3.52782E-14  3.24810E-14
  1.390E+02  8.77355E-01  2.21777E-10  9.55123E-10  3.48195E-14  3.21132E-14
  1.395E+02  8.80203E-01  2.19206E-10  9.53126E-10  3.43622E-14  3.17446E-14
  1.400E+02  8.83022E-01  2.16677E-10  9.51156E-10  3.39060E-14  3.13750E-14
  1.405E+02  8.85812E-01  2.14192E-10  9.49211E-10  3.34510E-14  3.10045E-14
  1.410E+02  8.88573E-01  2.11748E-10  9.47293E-10  3.29972E-14  3.06331E-14
  1.415E+02  8.91304E-01  2.09347E-10  9.45401E-10  3.25445E-14  3.02609E-14
  1.420E+02  8.94005E-01  2.06987E-10  9.43536E-10  3.20931E-14  2.98878E-14
  1.425E+02  8.96677E-01  2.04668E-10  9.41696E-10  3.16427E-14  2.95138E-14
  1.430E+02  8.99318E-01  2.02390E-10  9.39883E-10  3.11935E-14  2.91391E-14
  1.435E+02  9.01928E-01  2.00151E-10  9.38095E-10  3.07453E-14  2.87635E-14
  1.440E+02  9.04508E-01  1.97952E-10  9.36333E-10  3.02983E-14  2.83872E-14
  1.445E+02  9.07058E-01  1.95793E-10  9.34598E-10  2.98523E-14  2.80100E-14
  1.450E+02  9.09576E-01  1.93672E-10  9.32888E-10  2.94074E-14  2.76321E-14
  1.455E+02  9.12063E-01  1.91590E-10  9.31203E-10  2.89636E-14  2.72535E-14
  1.460E+02  9.14519E-01  1.89546E-10  9.29545E-10  2.85207E-14  2.68741E-14
  1.465E+02  9.16943E-01  1.87540E-10  9.27912E-10  2.80789E-14  2.64940E-14
  1.470E+02  9.19335E-01  1.85571E-10  9.26305E-10  2.76381E-14  2.61132E-14
  1.475E+02  9.21696E-01  1.83638E-10  9.24723E-10  2.71983E-14  2.57317E-14
  1.480E+02  9.24024E-01  1.81743E-10  9.23166E-10  2.67594E-14  2.53495E-14
  1.485E+02  9.26320E-01  1.79884E-10  9.21635E-10  2.63215E-14  2.49666E-14
  1.490E+02  9.28584E-01  1.78060E-10  9.20130E-10  2.58845E-14  2.45831E-14
  1.495E+02  9.30815E-01  1.76273E-10  9.18649E-10  2.54485E-14  2.41989E-14
  1.500E+02  9.33013E-01  1.74520E-10  9.17194E-10  2.50134E-14  2.38141E-14
  1.505E+02  9.35178E-01  1.72803E-10  9.15764E-10  2.45791E-14  2.34287E-14
  1.510E+02  9.37310E-01  1.71120E-10  9.14359E-10  2.41457E-14  2.30427E-14
  1.515E+02  9.39409E-01  1.69471E-10  9.12979E-10  2.37132E-14  2.26561E-14
  1.520E+02  9.41474E-01  1.67857E-10  9.11624E-10  2.32816E-14  2.22689E-14
  1.525E+02  9.43505E-01  1.66276E-10  9.10295E-10  2.28508E-14  2.18811E-14
  1.530E+02  9.45503E-01  1.64728E-10  9.08990E-10  2.24208E-14  2.14928E-14
  1.535E+02  9.47467E-01  1.63214E-10  9.07709E-10  2.19916E-14  2.11040E-14
  1.540E+02  9.49397E-01  1.61732E-10  9.06454E-10  2.15631E-14  2.07146E-14
  1.545E+02  9.51293E-01  1.60284E-10  9.05224E-10  2.11355E-14  2.03247E-14
  1.550E+02  9.53154E-01  1.58867E-10  9.04018E-10  2.07086E-14  1.99342E-14
  1.555E+02  9.54981E-01  1.57483E-10  9.02837E-10  2.02825E-14  1.95433E-14
  1.560E+02  9.56773E-01  1.56130E-10  9.01680E-10  1.98571E-14  1.91519E-14
  1.565E+02  9.58530E-01  1.54809E-10  9.00548E-10  1.94324E-14  1.87601E-14
  1.570E+02  9.60252E-01  1.53519E-10  8.99441E-10  1.90084E-14  1.83677E-14
  1.575E+02  9.61940E-01  1.52261E-10  8.98358E-10  1.85850E-14  1.79749E-14
  1.580E+02  9.63592E-01  1.51033E-10  8.97299E-10  1.81624E-14  1.75817E-14
  1.585E+02  9.65209E-01  1.49836E-10  8.96265E-10  1.77404E-14  1.71880E-14
  1.590E+02  9.66790E-01  1.48669E-10  8.95255E-10  1.73190E-14  1.67940E-14
  1.595E+02  9.68336E-01  1.47533E-10  8.94270E-10  1.68983E-14  1.63995E-14
  1.600E+02  9.69846E-01  1.46427E-10  8.93308E-10  1.64781E-14  1.60046E-14
  1.605E+02  9.71321E-01  1.45350E-10  8.92372E-10  1.60586E-14  1.56093E-14
  1.610E+02  9.72759E-01  1.44303E-10  8.91459E-10  1.56396E-14  1.52137E-14
  1.615E+02  9.74162E-01  1.43286E-10  8.90570E-10  1.52212E-14  1.48177E-14
  1.620E+02  9.75528E-01  1.42298E-10  8.89706E-10  1.48034E-14  1.44213E-14
  1.625E+02  9.76858E-01  1.41339E-10  8.88865E-10  1.43860E-14  1.40246E-14
  1.630E+02  9.78152E-01  1.40409E-10  8.88049E-10  1.39692E-14  1.36276E-14
  1.635E+02  9.79410E-01  1.39507E-10  8.87257E-10  1.35529E-14  1.32302E-14
  1.640E+02  9.80631E-01  1.38635E-10  8.86489E-10  1.31371E-14  1.28325E-14
  1.645E+02  9.81815E-01  1.37790E-10  8.85744E-10  1.27218E-14  1.24345E-14
  1.650E+02  9.82963E-01  1.36974E-10  8.85024E-10  1.23069E-14  1.20363E-14
  1.655E+02  9.84074E-01  1.36186E-10  8.84328E-10  1.18925E-14  1.16377E-14
  1.660E+02  9.85148E-01  1.35427E-10  8.83655E-10  1.14785E-14  1.12389E-14
  1.665E+02  9.86185E-01  1.34695E-10  8.83006E-10  1.10649E-14  1.08398E-14
  1.670E+02  9.87185E-01  1.33990E-10  8.82382E-10  1.06517E-14  1.04405E-14
  1.675E+02  9.88148E-01  1.33314E-10  8.81780E-10  1.02388E-14  1.00409E-14
  1.680E+02  9.89074E-01  1.32664E-10  8.81203E-10  9.82640E-15  9.64104E-15
  1.685E+02  9.89962E-01  1.32043E-10  8.80650E-10  9.41431E-15  9.24100E-15
  1.690E+02  9.90814E-01  1.31448E-10  8.80120E-10  9.00256E-15  8.84074E-15
  1.695E+02  9.91627E-01  1.30881E-10  8.79614E-10  8.59113E-15  8.44028E-15
  1.700E+02  9.92404E-01  1.30340E-10  8.79131E-10  8.18002E-15  8.03962E-15
  1.705E+02  9.93143E-01  1.29827E-10  8.78672E-10  7.76919E-15  7.63878E-15
  1.710E+02  9.93844E-01  1.29340E-10  8.78237E-10  7.35865E-15  7.23776E-15
  1.715E+02  9.94508E-01  1.28881E-10  8.77826E-10  6.94838E-15  6.83657E-15
  1.720E+02  9.95134E-01  1.28448E-10  8.77438E-10  6.53835E-15  6.43523E-15
  1.725E+02  9.95722E-01  1.28041E-10  8.77073E-10  6.12856E-15  6.03374E-15
  1.730E+02  9.96273E-01  1.27661E-10  8.76733E-10  5.71899E-15  5.63211E-15
  1.735E+02  9.96786E-01  1.27308E-10  8.76415E-10  5.30963E-15  5.23036E-15
  1.740E+02  9.97261E-01  1.26981E-10  8.76122E-10  4.90046E-15  4.82848E-15
  1.745E+02  9.97698E-01  1.26681E-10  8.75852E-10  4.49147E-15  4.42649E-15
  1.750E+02  9.98097E-01  1.26406E-10  8.75605E-10  4.08264E-15  4.02441E-15
  1.755E+02  9.98459E-01  1.26158E-10  8.75382E-10  3.67395E-15  3.62223E-15
  1.760E+02  9.98782E-01  1.25937E-10  8.75183E-10  3.26540E-15  3.21996E-15
  1.765E+02  9.99067E-01  1.25741E-10  8.75007E-10  2.85697E-15  2.81763E-15
  1.770E+02  9.99315E-01  1.25572E-10  8.74854E-10  2.44864E-15  2.41523E-15
  1.775E+02  9.99524E-01  1.25428E-10  8.74725E-10  2.04040E-15  2.01277E-15
  1.780E+02  9.99695E-01  1.25311E-10  8.74619E-10  1.63223E-15  1.61027E-15
  1.785E+02  9.99829E-01  1.25220E-10  8.74537E-10  1.22412E-15  1.20774E-15
  1.790E+02  9.99924E-01  1.25155E-10  8.74478E-10  8.16056E-16  8.05174E-16
  1.795E+02  9.99981E-01  1.25116E-10  8.74443E-10  4.08021E-16  4.02592E-16
  1.800E+02  1.00000E+00  1.25103E-10  8.74432E-10  5.72589E-30  5.64976E-30
