

  **** PARTIAL WAVE ANALYSIS (DPWA0) ******************************************


  KINETIC ENERGY = 1.96000E+02 eV

      L       PHASE(SPIN UP)     PHASE(SPIN DOWN)
  -----------------------------------------------
       0     -5.17874024E-02      0.00000000E+00
       1     -1.49879308E+00     -1.49677509E+00
       2      7.77974161E-01      7.78377860E-01
       3      3.67963831E-01      3.68100273E-01
       4      1.78779971E-01      1.78836804E-01
       5      8.94202131E-02      8.94463428E-02
       6      4.57816718E-02      4.57943700E-02
       7      2.38625794E-02      2.38689674E-02
       8      1.26111645E-02      1.26144543E-02
       9      6.73819122E-03      6.73991431E-03
      10      3.63209353E-03      3.63300772E-03
      11      1.97194744E-03      1.97243742E-03
      12      1.07698578E-03      1.07725054E-03
      13      5.91100611E-04      5.91244646E-04
      14      3.25755247E-04      3.25834040E-04
      15      1.80137862E-04      1.80181164E-04
      16      9.98982385E-05      9.99221284E-05
      17      5.55324666E-05      5.55456892E-05
      18      3.09316894E-05      3.09390276E-05
      19      1.72578806E-05      1.72619623E-05
      20      9.64232158E-06      9.64459622E-06
      21      5.39372607E-06      5.39499570E-06
      22      3.02014896E-06      3.02085857E-06
      23      1.69251552E-06      1.69291258E-06
      24      9.49173382E-07      9.49395763E-07
      25      5.32623220E-07      5.32747866E-07
      26      2.99031639E-07      2.99101555E-07
      27      1.67959150E-07      1.67998385E-07
      28      9.43738947E-08      9.43959304E-08
      29      5.30443431E-08      5.30567167E-08
      30      2.98225928E-08      2.98295469E-08
      31      1.67707815E-08      1.67746935E-08
      32      9.43295207E-09      9.43515309E-09
      33      5.30664138E-09      5.30787597E-09
      34      2.98578355E-09      2.98647763E-09
      35      1.68012788E-09      1.68051643E-09
      36      9.45499065E-10      9.45718801E-10
      37      5.32160838E-10      5.32282914E-10


  *** SCATTERING AMPLITUDES AND DIFFERENTIAL CROSS SECTION ***

    ANGLE      DCS       ASYMMETRY    DIRECT AMPLITUDE       SPIN-FLIP AMPLITUDE     ERROR
    (deg)   (cm**2/sr)                      (cm)                    (cm)
  -------------------------------------------------------------------------------------------
  0.000E+00 2.33337E-16  0.000E+00  1.201E-08  9.436E-09  0.000E+00  0.000E+00  1.00E-07
  1.000E-04 2.33337E-16  3.804E-10  1.201E-08  9.436E-09  7.890E-19  4.314E-18  1.00E-07
  1.250E-04 2.33337E-16  4.755E-10  1.201E-08  9.436E-09  9.863E-19  5.393E-18  1.00E-07
  1.500E-04 2.33337E-16  5.706E-10  1.201E-08  9.436E-09  1.184E-18  6.472E-18  1.00E-07
  1.750E-04 2.33337E-16  6.657E-10  1.201E-08  9.436E-09  1.381E-18  7.550E-18  1.00E-07
  2.000E-04 2.33337E-16  7.608E-10  1.201E-08  9.436E-09  1.578E-18  8.629E-18  1.00E-07
  2.250E-04 2.33337E-16  8.559E-10  1.201E-08  9.436E-09  1.775E-18  9.707E-18  1.00E-07
  2.500E-04 2.33337E-16  9.510E-10  1.201E-08  9.436E-09  1.973E-18  1.079E-17  1.00E-07
  2.750E-04 2.33337E-16  1.046E-09  1.201E-08  9.436E-09  2.170E-18  1.186E-17  1.00E-07
  3.000E-04 2.33337E-16  1.141E-09  1.201E-08  9.436E-09  2.367E-18  1.294E-17  1.00E-07
  3.250E-04 2.33337E-16  1.236E-09  1.201E-08  9.436E-09  2.564E-18  1.402E-17  1.00E-07
  3.500E-04 2.33337E-16  1.331E-09  1.201E-08  9.436E-09  2.762E-18  1.510E-17  1.00E-07
  3.750E-04 2.33337E-16  1.426E-09  1.201E-08  9.436E-09  2.959E-18  1.618E-17  1.00E-07
  4.000E-04 2.33337E-16  1.522E-09  1.201E-08  9.436E-09  3.156E-18  1.726E-17  1.00E-07
  4.250E-04 2.33337E-16  1.617E-09  1.201E-08  9.436E-09  3.353E-18  1.834E-17  1.00E-07
  4.500E-04 2.33337E-16  1.712E-09  1.201E-08  9.436E-09  3.551E-18  1.941E-17  1.00E-07
  4.750E-04 2.33337E-16  1.807E-09  1.201E-08  9.436E-09  3.748E-18  2.049E-17  1.00E-07
  5.000E-04 2.33337E-16  1.902E-09  1.201E-08  9.436E-09  3.945E-18  2.157E-17  1.00E-07
  5.250E-04 2.33337E-16  1.997E-09  1.201E-08  9.436E-09  4.142E-18  2.265E-17  1.00E-07
  5.500E-04 2.33337E-16  2.092E-09  1.201E-08  9.436E-09  4.340E-18  2.373E-17  1.00E-07
  5.750E-04 2.33337E-16  2.187E-09  1.201E-08  9.436E-09  4.537E-18  2.481E-17  1.00E-07
  6.000E-04 2.33337E-16  2.282E-09  1.201E-08  9.436E-09  4.734E-18  2.589E-17  1.00E-07
  6.250E-04 2.33337E-16  2.377E-09  1.201E-08  9.436E-09  4.931E-18  2.696E-17  1.00E-07
  6.500E-04 2.33337E-16  2.473E-09  1.201E-08  9.436E-09  5.129E-18  2.804E-17  1.00E-07
  6.750E-04 2.33337E-16  2.568E-09  1.201E-08  9.436E-09  5.326E-18  2.912E-17  1.00E-07
  7.000E-04 2.33337E-16  2.663E-09  1.201E-08  9.436E-09  5.523E-18  3.020E-17  1.00E-07
  7.250E-04 2.33337E-16  2.758E-09  1.201E-08  9.436E-09  5.720E-18  3.128E-17  1.00E-07
  7.500E-04 2.33337E-16  2.853E-09  1.201E-08  9.436E-09  5.918E-18  3.236E-17  1.00E-07
  7.750E-04 2.33337E-16  2.948E-09  1.201E-08  9.436E-09  6.115E-18  3.344E-17  1.00E-07
  8.000E-04 2.33337E-16  3.043E-09  1.201E-08  9.436E-09  6.312E-18  3.451E-17  1.00E-07
  8.250E-04 2.33337E-16  3.138E-09  1.201E-08  9.436E-09  6.509E-18  3.559E-17  1.00E-07
  8.500E-04 2.33337E-16  3.233E-09  1.201E-08  9.436E-09  6.707E-18  3.667E-17  1.00E-07
  8.750E-04 2.33337E-16  3.328E-09  1.201E-08  9.436E-09  6.904E-18  3.775E-17  1.00E-07
  9.000E-04 2.33337E-16  3.423E-09  1.201E-08  9.436E-09  7.101E-18  3.883E-17  1.00E-07
  9.250E-04 2.33337E-16  3.519E-09  1.201E-08  9.436E-09  7.298E-18  3.991E-17  1.00E-07
  9.500E-04 2.33337E-16  3.614E-09  1.201E-08  9.436E-09  7.496E-18  4.099E-17  1.00E-07
  9.750E-04 2.33337E-16  3.709E-09  1.201E-08  9.436E-09  7.693E-18  4.206E-17  1.00E-07
  1.000E-03 2.33337E-16  3.804E-09  1.201E-08  9.436E-09  7.890E-18  4.314E-17  1.00E-07
  1.250E-03 2.33337E-16  4.755E-09  1.201E-08  9.436E-09  9.863E-18  5.393E-17  1.00E-07
  1.500E-03 2.33337E-16  5.706E-09  1.201E-08  9.436E-09  1.184E-17  6.472E-17  1.00E-07
  1.750E-03 2.33337E-16  6.657E-09  1.201E-08  9.436E-09  1.381E-17  7.550E-17  1.00E-07
  2.000E-03 2.33337E-16  7.608E-09  1.201E-08  9.436E-09  1.578E-17  8.629E-17  1.00E-07
  2.250E-03 2.33337E-16  8.559E-09  1.201E-08  9.436E-09  1.775E-17  9.707E-17  1.00E-07
  2.500E-03 2.33337E-16  9.510E-09  1.201E-08  9.436E-09  1.973E-17  1.079E-16  1.00E-07
  2.750E-03 2.33337E-16  1.046E-08  1.201E-08  9.436E-09  2.170E-17  1.186E-16  1.00E-07
  3.000E-03 2.33337E-16  1.141E-08  1.201E-08  9.436E-09  2.367E-17  1.294E-16  1.00E-07
  3.250E-03 2.33337E-16  1.236E-08  1.201E-08  9.436E-09  2.564E-17  1.402E-16  1.00E-07
  3.500E-03 2.33337E-16  1.331E-08  1.201E-08  9.436E-09  2.762E-17  1.510E-16  1.00E-07
  3.750E-03 2.33337E-16  1.426E-08  1.201E-08  9.436E-09  2.959E-17  1.618E-16  1.00E-07
  4.000E-03 2.33337E-16  1.522E-08  1.201E-08  9.436E-09  3.156E-17  1.726E-16  1.00E-07
  4.250E-03 2.33337E-16  1.617E-08  1.201E-08  9.436E-09  3.353E-17  1.834E-16  1.00E-07
  4.500E-03 2.33337E-16  1.712E-08  1.201E-08  9.436E-09  3.551E-17  1.941E-16  1.00E-07
  4.750E-03 2.33337E-16  1.807E-08  1.201E-08  9.436E-09  3.748E-17  2.049E-16  1.00E-07
  5.000E-03 2.33337E-16  1.902E-08  1.201E-08  9.436E-09  3.945E-17  2.157E-16  1.00E-07
  5.250E-03 2.33337E-16  1.997E-08  1.201E-08  9.436E-09  4.142E-17  2.265E-16  1.00E-07
  5.500E-03 2.33337E-16  2.092E-08  1.201E-08  9.436E-09  4.340E-17  2.373E-16  1.00E-07
  5.750E-03 2.33337E-16  2.187E-08  1.201E-08  9.436E-09  4.537E-17  2.481E-16  1.00E-07
  6.000E-03 2.33337E-16  2.282E-08  1.201E-08  9.436E-09  4.734E-17  2.589E-16  1.00E-07
  6.250E-03 2.33337E-16  2.377E-08  1.201E-08  9.436E-09  4.931E-17  2.696E-16  1.00E-07
  6.500E-03 2.33337E-16  2.473E-08  1.201E-08  9.436E-09  5.129E-17  2.804E-16  1.00E-07
  6.750E-03 2.33337E-16  2.568E-08  1.201E-08  9.436E-09  5.326E-17  2.912E-16  1.00E-07
  7.000E-03 2.33337E-16  2.663E-08  1.201E-08  9.436E-09  5.523E-17  3.020E-16  1.00E-07
  7.250E-03 2.33337E-16  2.758E-08  1.201E-08  9.436E-09  5.720E-17  3.128E-16  1.00E-07
  7.500E-03 2.33337E-16  2.853E-08  1.201E-08  9.436E-09  5.918E-17  3.236E-16  1.00E-07
  7.750E-03 2.33337E-16  2.948E-08  1.201E-08  9.436E-09  6.115E-17  3.344E-16  1.00E-07
  8.000E-03 2.33337E-16  3.043E-08  1.201E-08  9.436E-09  6.312E-17  3.451E-16  1.00E-07
  8.250E-03 2.33337E-16  3.138E-08  1.201E-08  9.436E-09  6.509E-17  3.559E-16  1.00E-07
  8.500E-03 2.33337E-16  3.233E-08  1.201E-08  9.436E-09  6.707E-17  3.667E-16  1.00E-07
  8.750E-03 2.33337E-16  3.328E-08  1.201E-08  9.436E-09  6.904E-17  3.775E-16  1.00E-07
  9.000E-03 2.33337E-16  3.423E-08  1.201E-08  9.436E-09  7.101E-17  3.883E-16  1.00E-07
  9.250E-03 2.33337E-16  3.519E-08  1.201E-08  9.436E-09  7.298E-17  3.991E-16  1.00E-07
  9.500E-03 2.33337E-16  3.614E-08  1.201E-08  9.436E-09  7.496E-17  4.099E-16  1.00E-07
  9.750E-03 2.33337E-16  3.709E-08  1.201E-08  9.436E-09  7.693E-17  4.206E-16  1.00E-07
  1.000E-02 2.33337E-16  3.804E-08  1.201E-08  9.436E-09  7.890E-17  4.314E-16  1.00E-07
  1.250E-02 2.33337E-16  4.755E-08  1.201E-08  9.436E-09  9.863E-17  5.393E-16  1.00E-07
  1.500E-02 2.33337E-16  5.706E-08  1.201E-08  9.436E-09  1.184E-16  6.472E-16  1.00E-07
  1.750E-02 2.33336E-16  6.657E-08  1.201E-08  9.436E-09  1.381E-16  7.550E-16  1.00E-07
  2.000E-02 2.33336E-16  7.608E-08  1.201E-08  9.436E-09  1.578E-16  8.629E-16  1.00E-07
  2.250E-02 2.33336E-16  8.559E-08  1.201E-08  9.436E-09  1.775E-16  9.707E-16  1.00E-07
  2.500E-02 2.33336E-16  9.510E-08  1.201E-08  9.436E-09  1.973E-16  1.079E-15  1.00E-07
  2.750E-02 2.33336E-16  1.046E-07  1.201E-08  9.436E-09  2.170E-16  1.186E-15  1.00E-07
  3.000E-02 2.33336E-16  1.141E-07  1.201E-08  9.436E-09  2.367E-16  1.294E-15  1.00E-07
  3.250E-02 2.33336E-16  1.236E-07  1.201E-08  9.436E-09  2.564E-16  1.402E-15  1.00E-07
  3.500E-02 2.33336E-16  1.331E-07  1.201E-08  9.436E-09  2.762E-16  1.510E-15  1.00E-07
  3.750E-02 2.33336E-16  1.426E-07  1.201E-08  9.436E-09  2.959E-16  1.618E-15  1.00E-07
  4.000E-02 2.33336E-16  1.522E-07  1.201E-08  9.436E-09  3.156E-16  1.726E-15  1.00E-07
  4.250E-02 2.33336E-16  1.617E-07  1.201E-08  9.436E-09  3.353E-16  1.834E-15  1.00E-07
  4.500E-02 2.33335E-16  1.712E-07  1.201E-08  9.436E-09  3.551E-16  1.941E-15  1.00E-07
  4.750E-02 2.33335E-16  1.807E-07  1.201E-08  9.436E-09  3.748E-16  2.049E-15  1.00E-07
  5.000E-02 2.33335E-16  1.902E-07  1.201E-08  9.436E-09  3.945E-16  2.157E-15  1.00E-07
  5.250E-02 2.33335E-16  1.997E-07  1.201E-08  9.436E-09  4.142E-16  2.265E-15  1.00E-07
  5.500E-02 2.33335E-16  2.092E-07  1.201E-08  9.436E-09  4.339E-16  2.373E-15  1.00E-07
  5.750E-02 2.33335E-16  2.187E-07  1.201E-08  9.436E-09  4.537E-16  2.481E-15  1.00E-07
  6.000E-02 2.33334E-16  2.282E-07  1.201E-08  9.436E-09  4.734E-16  2.589E-15  1.00E-07
  6.250E-02 2.33334E-16  2.377E-07  1.201E-08  9.436E-09  4.931E-16  2.696E-15  1.00E-07
  6.500E-02 2.33334E-16  2.473E-07  1.201E-08  9.436E-09  5.128E-16  2.804E-15  1.00E-07
  6.750E-02 2.33334E-16  2.568E-07  1.201E-08  9.436E-09  5.326E-16  2.912E-15  1.00E-07
  7.000E-02 2.33334E-16  2.663E-07  1.201E-08  9.436E-09  5.523E-16  3.020E-15  1.00E-07
  7.250E-02 2.33334E-16  2.758E-07  1.201E-08  9.436E-09  5.720E-16  3.128E-15  1.00E-07
  7.500E-02 2.33333E-16  2.853E-07  1.201E-08  9.436E-09  5.917E-16  3.236E-15  1.00E-07
  7.750E-02 2.33333E-16  2.948E-07  1.201E-08  9.436E-09  6.115E-16  3.344E-15  1.00E-07
  8.000E-02 2.33333E-16  3.043E-07  1.201E-08  9.436E-09  6.312E-16  3.451E-15  1.00E-07
  8.250E-02 2.33333E-16  3.138E-07  1.201E-08  9.436E-09  6.509E-16  3.559E-15  1.00E-07
  8.500E-02 2.33332E-16  3.233E-07  1.201E-08  9.436E-09  6.706E-16  3.667E-15  1.00E-07
  8.750E-02 2.33332E-16  3.328E-07  1.201E-08  9.436E-09  6.903E-16  3.775E-15  1.00E-07
  9.000E-02 2.33332E-16  3.424E-07  1.201E-08  9.436E-09  7.101E-16  3.883E-15  1.00E-07
  9.250E-02 2.33332E-16  3.519E-07  1.201E-08  9.436E-09  7.298E-16  3.991E-15  1.00E-07
  9.500E-02 2.33331E-16  3.614E-07  1.201E-08  9.436E-09  7.495E-16  4.099E-15  1.00E-07
  9.750E-02 2.33331E-16  3.709E-07  1.201E-08  9.436E-09  7.692E-16  4.206E-15  1.00E-07
  1.000E-01 2.33331E-16  3.804E-07  1.201E-08  9.436E-09  7.889E-16  4.314E-15  1.00E-07
  1.250E-01 2.33327E-16  4.755E-07  1.201E-08  9.436E-09  9.861E-16  5.393E-15  1.00E-07
  1.500E-01 2.33323E-16  5.706E-07  1.201E-08  9.436E-09  1.183E-15  6.471E-15  1.00E-07
  1.750E-01 2.33318E-16  6.657E-07  1.201E-08  9.436E-09  1.380E-15  7.550E-15  1.00E-07
  2.000E-01 2.33313E-16  7.608E-07  1.201E-08  9.436E-09  1.577E-15  8.629E-15  1.00E-07
  2.250E-01 2.33306E-16  8.559E-07  1.201E-08  9.436E-09  1.774E-15  9.707E-15  1.00E-07
  2.500E-01 2.33299E-16  9.511E-07  1.201E-08  9.436E-09  1.971E-15  1.079E-14  1.00E-07
  2.750E-01 2.33291E-16  1.046E-06  1.201E-08  9.436E-09  2.168E-15  1.186E-14  1.00E-07
  3.000E-01 2.33283E-16  1.141E-06  1.201E-08  9.436E-09  2.365E-15  1.294E-14  1.00E-07
  3.250E-01 2.33273E-16  1.236E-06  1.201E-08  9.436E-09  2.562E-15  1.402E-14  1.00E-07
  3.500E-01 2.33263E-16  1.332E-06  1.201E-08  9.436E-09  2.758E-15  1.510E-14  1.00E-07
  3.750E-01 2.33252E-16  1.427E-06  1.201E-08  9.436E-09  2.955E-15  1.618E-14  1.00E-07
  4.000E-01 2.33240E-16  1.522E-06  1.201E-08  9.436E-09  3.151E-15  1.726E-14  1.00E-07
  4.250E-01 2.33228E-16  1.617E-06  1.201E-08  9.436E-09  3.347E-15  1.833E-14  1.00E-07
  4.500E-01 2.33215E-16  1.712E-06  1.201E-08  9.435E-09  3.544E-15  1.941E-14  1.00E-07
  4.750E-01 2.33201E-16  1.808E-06  1.201E-08  9.435E-09  3.740E-15  2.049E-14  1.00E-07
  5.000E-01 2.33186E-16  1.903E-06  1.201E-08  9.435E-09  3.935E-15  2.157E-14  1.00E-07
  5.250E-01 2.33171E-16  1.998E-06  1.201E-08  9.435E-09  4.131E-15  2.265E-14  1.00E-07
  5.500E-01 2.33155E-16  2.093E-06  1.201E-08  9.435E-09  4.327E-15  2.373E-14  1.00E-07
  5.750E-01 2.33138E-16  2.188E-06  1.201E-08  9.435E-09  4.522E-15  2.480E-14  1.00E-07
  6.000E-01 2.33120E-16  2.284E-06  1.200E-08  9.435E-09  4.717E-15  2.588E-14  1.00E-07
  6.250E-01 2.33102E-16  2.379E-06  1.200E-08  9.435E-09  4.913E-15  2.696E-14  1.00E-07
  6.500E-01 2.33083E-16  2.474E-06  1.200E-08  9.434E-09  5.107E-15  2.804E-14  1.00E-07
  6.750E-01 2.33063E-16  2.570E-06  1.200E-08  9.434E-09  5.302E-15  2.912E-14  1.00E-07
  7.000E-01 2.33042E-16  2.665E-06  1.200E-08  9.434E-09  5.497E-15  3.019E-14  1.00E-07
  7.250E-01 2.33021E-16  2.760E-06  1.200E-08  9.434E-09  5.691E-15  3.127E-14  1.00E-07
  7.500E-01 2.32999E-16  2.856E-06  1.200E-08  9.434E-09  5.885E-15  3.235E-14  1.00E-07
  7.750E-01 2.32976E-16  2.951E-06  1.200E-08  9.434E-09  6.079E-15  3.343E-14  1.00E-07
  8.000E-01 2.32952E-16  3.046E-06  1.200E-08  9.433E-09  6.273E-15  3.451E-14  1.00E-07
  8.250E-01 2.32928E-16  3.142E-06  1.200E-08  9.433E-09  6.466E-15  3.558E-14  1.00E-07
  8.500E-01 2.32902E-16  3.237E-06  1.200E-08  9.433E-09  6.659E-15  3.666E-14  1.00E-07
  8.750E-01 2.32877E-16  3.333E-06  1.200E-08  9.433E-09  6.852E-15  3.774E-14  1.00E-07
  9.000E-01 2.32850E-16  3.428E-06  1.199E-08  9.433E-09  7.045E-15  3.882E-14  1.00E-07
  9.250E-01 2.32823E-16  3.524E-06  1.199E-08  9.433E-09  7.237E-15  3.989E-14  1.00E-07
  9.500E-01 2.32794E-16  3.619E-06  1.199E-08  9.432E-09  7.430E-15  4.097E-14  1.00E-07
  9.750E-01 2.32766E-16  3.715E-06  1.199E-08  9.432E-09  7.621E-15  4.205E-14  1.00E-07
  1.000E+00 2.32736E-16  3.810E-06  1.199E-08  9.432E-09  7.813E-15  4.312E-14  1.00E-07
  1.100E+00 2.32610E-16  4.193E-06  1.199E-08  9.431E-09  8.577E-15  4.743E-14  1.00E-07
  1.200E+00 2.32472E-16  4.576E-06  1.198E-08  9.430E-09  9.335E-15  5.174E-14  1.00E-07
  1.300E+00 2.32323E-16  4.959E-06  1.198E-08  9.429E-09  1.009E-14  5.605E-14  1.00E-07
  1.400E+00 2.32161E-16  5.343E-06  1.197E-08  9.428E-09  1.083E-14  6.035E-14  1.00E-07
  1.500E+00 2.31988E-16  5.728E-06  1.196E-08  9.426E-09  1.158E-14  6.465E-14  1.00E-07
  1.600E+00 2.31803E-16  6.113E-06  1.196E-08  9.425E-09  1.231E-14  6.895E-14  1.00E-07
  1.700E+00 2.31606E-16  6.498E-06  1.195E-08  9.423E-09  1.304E-14  7.325E-14  1.00E-07
  1.800E+00 2.31398E-16  6.885E-06  1.194E-08  9.422E-09  1.375E-14  7.755E-14  1.00E-07
  1.900E+00 2.31178E-16  7.272E-06  1.193E-08  9.420E-09  1.446E-14  8.185E-14  1.00E-07
  2.000E+00 2.30946E-16  7.660E-06  1.193E-08  9.419E-09  1.517E-14  8.614E-14  1.00E-07
  2.100E+00 2.30703E-16  8.048E-06  1.192E-08  9.417E-09  1.586E-14  9.043E-14  1.00E-07
  2.200E+00 2.30448E-16  8.438E-06  1.191E-08  9.415E-09  1.654E-14  9.472E-14  1.00E-07
  2.300E+00 2.30182E-16  8.828E-06  1.190E-08  9.413E-09  1.721E-14  9.900E-14  1.00E-07
  2.400E+00 2.29905E-16  9.219E-06  1.189E-08  9.411E-09  1.788E-14  1.033E-13  1.00E-07
  2.500E+00 2.29616E-16  9.611E-06  1.188E-08  9.409E-09  1.853E-14  1.076E-13  1.00E-07
  2.600E+00 2.29315E-16  1.000E-05  1.187E-08  9.406E-09  1.917E-14  1.118E-13  1.00E-07
  2.700E+00 2.29004E-16  1.040E-05  1.186E-08  9.404E-09  1.980E-14  1.161E-13  1.00E-07
  2.800E+00 2.28681E-16  1.079E-05  1.184E-08  9.402E-09  2.041E-14  1.204E-13  1.00E-07
  2.900E+00 2.28348E-16  1.119E-05  1.183E-08  9.399E-09  2.102E-14  1.247E-13  1.00E-07
  3.000E+00 2.28003E-16  1.159E-05  1.182E-08  9.396E-09  2.161E-14  1.289E-13  1.00E-07
  3.100E+00 2.27647E-16  1.199E-05  1.181E-08  9.394E-09  2.218E-14  1.332E-13  1.00E-07
  3.200E+00 2.27281E-16  1.239E-05  1.179E-08  9.391E-09  2.275E-14  1.375E-13  1.00E-07
  3.300E+00 2.26903E-16  1.279E-05  1.178E-08  9.388E-09  2.329E-14  1.417E-13  1.00E-07
  3.400E+00 2.26515E-16  1.319E-05  1.177E-08  9.385E-09  2.383E-14  1.460E-13  1.00E-07
  3.500E+00 2.26116E-16  1.359E-05  1.175E-08  9.382E-09  2.435E-14  1.502E-13  1.00E-07
  3.600E+00 2.25707E-16  1.400E-05  1.174E-08  9.379E-09  2.485E-14  1.545E-13  1.00E-07
  3.700E+00 2.25287E-16  1.440E-05  1.172E-08  9.376E-09  2.534E-14  1.587E-13  1.00E-07
  3.800E+00 2.24857E-16  1.481E-05  1.171E-08  9.372E-09  2.581E-14  1.629E-13  1.00E-07
  3.900E+00 2.24416E-16  1.522E-05  1.169E-08  9.369E-09  2.626E-14  1.672E-13  1.00E-07
  4.000E+00 2.23965E-16  1.563E-05  1.167E-08  9.365E-09  2.670E-14  1.714E-13  1.00E-07
  4.100E+00 2.23504E-16  1.604E-05  1.166E-08  9.362E-09  2.712E-14  1.756E-13  1.00E-07
  4.200E+00 2.23033E-16  1.646E-05  1.164E-08  9.358E-09  2.752E-14  1.798E-13  1.00E-07
  4.300E+00 2.22551E-16  1.687E-05  1.162E-08  9.354E-09  2.790E-14  1.840E-13  1.00E-07
  4.400E+00 2.22060E-16  1.729E-05  1.160E-08  9.351E-09  2.827E-14  1.883E-13  1.00E-07
  4.500E+00 2.21559E-16  1.771E-05  1.158E-08  9.347E-09  2.861E-14  1.925E-13  1.00E-07
  4.600E+00 2.21049E-16  1.813E-05  1.157E-08  9.343E-09  2.894E-14  1.967E-13  1.00E-07
  4.700E+00 2.20528E-16  1.856E-05  1.155E-08  9.339E-09  2.925E-14  2.009E-13  1.00E-07
  4.800E+00 2.19998E-16  1.898E-05  1.153E-08  9.334E-09  2.953E-14  2.050E-13  1.00E-07
  4.900E+00 2.19459E-16  1.941E-05  1.151E-08  9.330E-09  2.980E-14  2.092E-13  1.00E-07
  5.000E+00 2.18910E-16  1.984E-05  1.149E-08  9.326E-09  3.004E-14  2.134E-13  1.00E-07
  5.100E+00 2.18353E-16  2.027E-05  1.147E-08  9.321E-09  3.026E-14  2.176E-13  1.00E-07
  5.200E+00 2.17786E-16  2.070E-05  1.144E-08  9.317E-09  3.046E-14  2.217E-13  1.00E-07
  5.300E+00 2.17210E-16  2.113E-05  1.142E-08  9.312E-09  3.064E-14  2.259E-13  1.00E-07
  5.400E+00 2.16625E-16  2.157E-05  1.140E-08  9.307E-09  3.080E-14  2.301E-13  1.00E-07
  5.500E+00 2.16031E-16  2.201E-05  1.138E-08  9.303E-09  3.093E-14  2.342E-13  1.00E-07
  5.600E+00 2.15429E-16  2.245E-05  1.136E-08  9.298E-09  3.105E-14  2.384E-13  1.00E-07
  5.700E+00 2.14818E-16  2.290E-05  1.133E-08  9.293E-09  3.113E-14  2.425E-13  1.00E-07
  5.800E+00 2.14198E-16  2.334E-05  1.131E-08  9.288E-09  3.120E-14  2.466E-13  1.00E-07
  5.900E+00 2.13570E-16  2.379E-05  1.129E-08  9.283E-09  3.124E-14  2.508E-13  1.00E-07
  6.000E+00 2.12934E-16  2.424E-05  1.126E-08  9.277E-09  3.125E-14  2.549E-13  1.00E-07
  6.100E+00 2.12290E-16  2.469E-05  1.124E-08  9.272E-09  3.124E-14  2.590E-13  1.00E-07
  6.200E+00 2.11638E-16  2.515E-05  1.121E-08  9.267E-09  3.121E-14  2.631E-13  1.00E-07
  6.300E+00 2.10977E-16  2.561E-05  1.119E-08  9.261E-09  3.115E-14  2.672E-13  1.00E-07
  6.400E+00 2.10310E-16  2.607E-05  1.116E-08  9.256E-09  3.106E-14  2.713E-13  1.00E-07
  6.500E+00 2.09634E-16  2.653E-05  1.114E-08  9.250E-09  3.095E-14  2.754E-13  1.00E-07
  6.600E+00 2.08951E-16  2.700E-05  1.111E-08  9.244E-09  3.082E-14  2.795E-13  1.00E-07
  6.700E+00 2.08260E-16  2.747E-05  1.109E-08  9.239E-09  3.065E-14  2.835E-13  1.00E-07
  6.800E+00 2.07562E-16  2.794E-05  1.106E-08  9.233E-09  3.046E-14  2.876E-13  1.00E-07
  6.900E+00 2.06857E-16  2.841E-05  1.103E-08  9.227E-09  3.024E-14  2.916E-13  1.00E-07
  7.000E+00 2.06145E-16  2.889E-05  1.101E-08  9.221E-09  3.000E-14  2.957E-13  1.00E-07
  7.100E+00 2.05426E-16  2.937E-05  1.098E-08  9.215E-09  2.973E-14  2.997E-13  1.00E-07
  7.200E+00 2.04700E-16  2.985E-05  1.095E-08  9.208E-09  2.943E-14  3.038E-13  1.00E-07
  7.300E+00 2.03967E-16  3.034E-05  1.092E-08  9.202E-09  2.910E-14  3.078E-13  1.00E-07
  7.400E+00 2.03228E-16  3.083E-05  1.089E-08  9.196E-09  2.874E-14  3.118E-13  1.00E-07
  7.500E+00 2.02482E-16  3.132E-05  1.086E-08  9.189E-09  2.835E-14  3.158E-13  1.00E-07
  7.600E+00 2.01730E-16  3.181E-05  1.084E-08  9.183E-09  2.794E-14  3.198E-13  1.00E-07
  7.700E+00 2.00971E-16  3.231E-05  1.081E-08  9.176E-09  2.749E-14  3.238E-13  1.00E-07
  7.800E+00 2.00207E-16  3.281E-05  1.078E-08  9.169E-09  2.702E-14  3.278E-13  1.00E-07
  7.900E+00 1.99436E-16  3.332E-05  1.075E-08  9.163E-09  2.652E-14  3.318E-13  1.00E-07
  8.000E+00 1.98660E-16  3.383E-05  1.072E-08  9.156E-09  2.599E-14  3.358E-13  1.00E-07
  8.100E+00 1.97878E-16  3.434E-05  1.069E-08  9.149E-09  2.542E-14  3.397E-13  1.00E-07
  8.200E+00 1.97091E-16  3.485E-05  1.065E-08  9.142E-09  2.483E-14  3.437E-13  1.00E-07
  8.300E+00 1.96298E-16  3.537E-05  1.062E-08  9.135E-09  2.421E-14  3.476E-13  1.00E-07
  8.400E+00 1.95499E-16  3.589E-05  1.059E-08  9.127E-09  2.355E-14  3.516E-13  1.00E-07
  8.500E+00 1.94696E-16  3.642E-05  1.056E-08  9.120E-09  2.287E-14  3.555E-13  1.00E-07
  8.600E+00 1.93887E-16  3.695E-05  1.053E-08  9.113E-09  2.215E-14  3.594E-13  1.00E-07
  8.700E+00 1.93073E-16  3.748E-05  1.050E-08  9.105E-09  2.140E-14  3.633E-13  1.00E-07
  8.800E+00 1.92255E-16  3.802E-05  1.046E-08  9.098E-09  2.062E-14  3.672E-13  1.00E-07
  8.900E+00 1.91431E-16  3.856E-05  1.043E-08  9.090E-09  1.981E-14  3.711E-13  1.00E-07
  9.000E+00 1.90604E-16  3.910E-05  1.040E-08  9.083E-09  1.897E-14  3.750E-13  1.00E-07
  9.100E+00 1.89771E-16  3.965E-05  1.036E-08  9.075E-09  1.809E-14  3.788E-13  1.00E-07
  9.200E+00 1.88935E-16  4.020E-05  1.033E-08  9.067E-09  1.719E-14  3.827E-13  1.00E-07
  9.300E+00 1.88094E-16  4.076E-05  1.030E-08  9.059E-09  1.625E-14  3.866E-13  1.00E-07
  9.400E+00 1.87249E-16  4.132E-05  1.026E-08  9.051E-09  1.527E-14  3.904E-13  1.00E-07
  9.500E+00 1.86400E-16  4.188E-05  1.023E-08  9.043E-09  1.427E-14  3.942E-13  1.00E-07
  9.600E+00 1.85547E-16  4.245E-05  1.019E-08  9.035E-09  1.323E-14  3.981E-13  1.00E-07
  9.700E+00 1.84691E-16  4.302E-05  1.016E-08  9.027E-09  1.216E-14  4.019E-13  1.00E-07
  9.800E+00 1.83831E-16  4.360E-05  1.012E-08  9.018E-09  1.106E-14  4.057E-13  1.00E-07
  9.900E+00 1.82967E-16  4.418E-05  1.009E-08  9.010E-09  9.919E-15  4.095E-13  1.00E-07
  1.000E+01 1.82100E-16  4.476E-05  1.005E-08  9.001E-09  8.748E-15  4.132E-13  1.00E-07
  1.025E+01 1.79919E-16  4.625E-05  9.964E-09  8.980E-09  5.673E-15  4.226E-13  1.00E-07
  1.050E+01 1.77719E-16  4.776E-05  9.873E-09  8.958E-09  2.387E-15  4.320E-13  1.00E-07
  1.075E+01 1.75503E-16  4.930E-05  9.781E-09  8.935E-09 -1.112E-15  4.413E-13  1.00E-07
  1.100E+01 1.73273E-16  5.086E-05  9.687E-09  8.913E-09 -4.827E-15  4.505E-13  1.00E-07
  1.125E+01 1.71029E-16  5.246E-05  9.592E-09  8.889E-09 -8.758E-15  4.596E-13  1.00E-07
  1.150E+01 1.68775E-16  5.410E-05  9.496E-09  8.865E-09 -1.291E-14  4.687E-13  1.00E-07
  1.175E+01 1.66511E-16  5.576E-05  9.399E-09  8.841E-09 -1.727E-14  4.777E-13  1.00E-07
  1.200E+01 1.64239E-16  5.746E-05  9.301E-09  8.816E-09 -2.186E-14  4.866E-13  1.00E-07
  1.225E+01 1.61962E-16  5.919E-05  9.202E-09  8.791E-09 -2.666E-14  4.954E-13  1.00E-07
  1.250E+01 1.59681E-16  6.096E-05  9.102E-09  8.765E-09 -3.169E-14  5.042E-13  1.00E-07
  1.275E+01 1.57396E-16  6.276E-05  9.001E-09  8.739E-09 -3.694E-14  5.128E-13  1.00E-07
  1.300E+01 1.55111E-16  6.460E-05  8.900E-09  8.712E-09 -4.240E-14  5.215E-13  1.00E-07
  1.325E+01 1.52826E-16  6.648E-05  8.797E-09  8.685E-09 -4.809E-14  5.300E-13  1.00E-07
  1.350E+01 1.50543E-16  6.840E-05  8.694E-09  8.658E-09 -5.400E-14  5.384E-13  1.00E-07
  1.375E+01 1.48263E-16  7.036E-05  8.590E-09  8.630E-09 -6.013E-14  5.468E-13  1.00E-07
  1.400E+01 1.45988E-16  7.235E-05  8.485E-09  8.602E-09 -6.647E-14  5.550E-13  1.00E-07
  1.425E+01 1.43720E-16  7.440E-05  8.380E-09  8.573E-09 -7.304E-14  5.632E-13  1.00E-07
  1.450E+01 1.41458E-16  7.648E-05  8.274E-09  8.544E-09 -7.982E-14  5.713E-13  1.00E-07
  1.475E+01 1.39205E-16  7.861E-05  8.168E-09  8.514E-09 -8.683E-14  5.794E-13  1.00E-07
  1.500E+01 1.36962E-16  8.078E-05  8.061E-09  8.484E-09 -9.404E-14  5.873E-13  1.00E-07
  1.525E+01 1.34730E-16  8.300E-05  7.954E-09  8.454E-09 -1.015E-13  5.951E-13  1.00E-07
  1.550E+01 1.32510E-16  8.527E-05  7.846E-09  8.423E-09 -1.091E-13  6.029E-13  1.00E-07
  1.575E+01 1.30303E-16  8.758E-05  7.738E-09  8.392E-09 -1.170E-13  6.105E-13  1.00E-07
  1.600E+01 1.28111E-16  8.994E-05  7.630E-09  8.360E-09 -1.251E-13  6.181E-13  1.00E-07
  1.625E+01 1.25933E-16  9.236E-05  7.521E-09  8.329E-09 -1.333E-13  6.255E-13  1.00E-07
  1.650E+01 1.23772E-16  9.482E-05  7.412E-09  8.296E-09 -1.418E-13  6.329E-13  1.00E-07
  1.675E+01 1.21628E-16  9.734E-05  7.304E-09  8.264E-09 -1.505E-13  6.402E-13  1.00E-07
  1.700E+01 1.19501E-16  9.991E-05  7.195E-09  8.230E-09 -1.594E-13  6.474E-13  1.00E-07
  1.725E+01 1.17393E-16  1.025E-04  7.085E-09  8.197E-09 -1.685E-13  6.545E-13  1.00E-07
  1.750E+01 1.15305E-16  1.052E-04  6.976E-09  8.163E-09 -1.778E-13  6.615E-13  1.00E-07
  1.775E+01 1.13236E-16  1.080E-04  6.867E-09  8.129E-09 -1.873E-13  6.683E-13  1.00E-07
  1.800E+01 1.11188E-16  1.107E-04  6.758E-09  8.095E-09 -1.970E-13  6.751E-13  1.00E-07
  1.825E+01 1.09161E-16  1.136E-04  6.649E-09  8.060E-09 -2.069E-13  6.818E-13  1.00E-07
  1.850E+01 1.07156E-16  1.165E-04  6.539E-09  8.024E-09 -2.170E-13  6.884E-13  1.00E-07
  1.875E+01 1.05174E-16  1.195E-04  6.430E-09  7.989E-09 -2.272E-13  6.949E-13  1.00E-07
  1.900E+01 1.03215E-16  1.225E-04  6.322E-09  7.953E-09 -2.377E-13  7.013E-13  1.00E-07
  1.925E+01 1.01278E-16  1.256E-04  6.213E-09  7.917E-09 -2.483E-13  7.075E-13  1.00E-07
  1.950E+01 9.93658E-17  1.288E-04  6.105E-09  7.880E-09 -2.591E-13  7.137E-13  1.00E-07
  1.975E+01 9.74775E-17  1.320E-04  5.996E-09  7.844E-09 -2.701E-13  7.198E-13  1.00E-07
  2.000E+01 9.56136E-17  1.353E-04  5.888E-09  7.806E-09 -2.813E-13  7.257E-13  1.00E-07
  2.025E+01 9.37745E-17  1.387E-04  5.781E-09  7.769E-09 -2.926E-13  7.316E-13  1.00E-07
  2.050E+01 9.19603E-17  1.421E-04  5.673E-09  7.731E-09 -3.041E-13  7.374E-13  1.00E-07
  2.075E+01 9.01715E-17  1.456E-04  5.567E-09  7.693E-09 -3.158E-13  7.430E-13  1.00E-07
  2.100E+01 8.84081E-17  1.492E-04  5.460E-09  7.655E-09 -3.276E-13  7.485E-13  1.00E-07
  2.125E+01 8.66703E-17  1.528E-04  5.354E-09  7.616E-09 -3.396E-13  7.540E-13  1.00E-07
  2.150E+01 8.49584E-17  1.565E-04  5.248E-09  7.577E-09 -3.517E-13  7.593E-13  1.00E-07
  2.175E+01 8.32723E-17  1.603E-04  5.143E-09  7.538E-09 -3.641E-13  7.645E-13  1.00E-07
  2.200E+01 8.16122E-17  1.642E-04  5.038E-09  7.499E-09 -3.765E-13  7.696E-13  1.00E-07
  2.225E+01 7.99781E-17  1.681E-04  4.934E-09  7.459E-09 -3.891E-13  7.746E-13  1.00E-07
  2.250E+01 7.83701E-17  1.722E-04  4.830E-09  7.419E-09 -4.019E-13  7.794E-13  1.00E-07
  2.275E+01 7.67882E-17  1.763E-04  4.727E-09  7.379E-09 -4.147E-13  7.842E-13  1.00E-07
  2.300E+01 7.52324E-17  1.804E-04  4.624E-09  7.338E-09 -4.278E-13  7.889E-13  1.00E-07
  2.325E+01 7.37026E-17  1.847E-04  4.522E-09  7.298E-09 -4.409E-13  7.934E-13  1.00E-07
  2.350E+01 7.21988E-17  1.890E-04  4.420E-09  7.257E-09 -4.542E-13  7.978E-13  1.00E-07
  2.375E+01 7.07208E-17  1.934E-04  4.319E-09  7.215E-09 -4.676E-13  8.021E-13  1.00E-07
  2.400E+01 6.92687E-17  1.979E-04  4.219E-09  7.174E-09 -4.812E-13  8.063E-13  1.00E-07
  2.425E+01 6.78423E-17  2.025E-04  4.120E-09  7.132E-09 -4.949E-13  8.104E-13  1.00E-07
  2.450E+01 6.64414E-17  2.071E-04  4.021E-09  7.091E-09 -5.087E-13  8.144E-13  1.00E-07
  2.475E+01 6.50659E-17  2.119E-04  3.922E-09  7.048E-09 -5.226E-13  8.183E-13  1.00E-07
  2.500E+01 6.37157E-17  2.167E-04  3.825E-09  7.006E-09 -5.366E-13  8.220E-13  1.00E-07
  2.550E+01 6.10901E-17  2.266E-04  3.632E-09  6.921E-09 -5.649E-13  8.292E-13  1.00E-07
  2.600E+01 5.85632E-17  2.368E-04  3.442E-09  6.835E-09 -5.937E-13  8.359E-13  1.00E-07
  2.650E+01 5.61332E-17  2.474E-04  3.254E-09  6.748E-09 -6.229E-13  8.421E-13  1.00E-07
  2.700E+01 5.37980E-17  2.583E-04  3.070E-09  6.661E-09 -6.524E-13  8.479E-13  1.00E-07
  2.750E+01 5.15555E-17  2.696E-04  2.890E-09  6.573E-09 -6.823E-13  8.532E-13  1.00E-07
  2.800E+01 4.94037E-17  2.812E-04  2.712E-09  6.485E-09 -7.124E-13  8.580E-13  1.00E-07
  2.850E+01 4.73400E-17  2.932E-04  2.538E-09  6.395E-09 -7.429E-13  8.624E-13  1.00E-07
  2.900E+01 4.53622E-17  3.055E-04  2.367E-09  6.306E-09 -7.736E-13  8.663E-13  1.00E-07
  2.950E+01 4.34677E-17  3.181E-04  2.199E-09  6.215E-09 -8.046E-13  8.698E-13  1.00E-07
  3.000E+01 4.16541E-17  3.311E-04  2.035E-09  6.125E-09 -8.358E-13  8.728E-13  1.00E-07
  3.050E+01 3.99188E-17  3.443E-04  1.874E-09  6.034E-09 -8.672E-13  8.754E-13  1.00E-07
  3.100E+01 3.82592E-17  3.579E-04  1.717E-09  5.942E-09 -8.988E-13  8.775E-13  1.00E-07
  3.150E+01 3.66728E-17  3.718E-04  1.563E-09  5.851E-09 -9.305E-13  8.791E-13  1.00E-07
  3.200E+01 3.51570E-17  3.860E-04  1.412E-09  5.759E-09 -9.623E-13  8.803E-13  1.00E-07
  3.250E+01 3.37093E-17  4.004E-04  1.266E-09  5.666E-09 -9.943E-13  8.810E-13  1.00E-07
  3.300E+01 3.23271E-17  4.151E-04  1.122E-09  5.574E-09 -1.026E-12  8.813E-13  1.00E-07
  3.350E+01 3.10079E-17  4.300E-04  9.822E-10  5.481E-09 -1.058E-12  8.811E-13  1.00E-07
  3.400E+01 2.97493E-17  4.452E-04  8.458E-10  5.388E-09 -1.091E-12  8.805E-13  1.00E-07
  3.450E+01 2.85488E-17  4.605E-04  7.129E-10  5.295E-09 -1.123E-12  8.795E-13  1.00E-07
  3.500E+01 2.74042E-17  4.759E-04  5.834E-10  5.202E-09 -1.155E-12  8.780E-13  1.00E-07
  3.550E+01 2.63130E-17  4.915E-04  4.573E-10  5.109E-09 -1.187E-12  8.761E-13  1.00E-07
  3.600E+01 2.52730E-17  5.072E-04  3.347E-10  5.016E-09 -1.220E-12  8.738E-13  1.00E-07
  3.650E+01 2.42821E-17  5.230E-04  2.154E-10  4.923E-09 -1.252E-12  8.710E-13  1.00E-07
  3.700E+01 2.33381E-17  5.388E-04  9.954E-11  4.830E-09 -1.284E-12  8.678E-13  1.00E-07
  3.750E+01 2.24389E-17  5.545E-04 -1.301E-11  4.737E-09 -1.316E-12  8.642E-13  1.00E-07
  3.800E+01 2.15825E-17  5.703E-04 -1.223E-10  4.644E-09 -1.348E-12  8.602E-13  1.00E-07
  3.850E+01 2.07670E-17  5.859E-04 -2.282E-10  4.551E-09 -1.380E-12  8.558E-13  1.00E-07
  3.900E+01 1.99905E-17  6.014E-04 -3.310E-10  4.459E-09 -1.411E-12  8.510E-13  1.00E-07
  3.950E+01 1.92513E-17  6.167E-04 -4.305E-10  4.366E-09 -1.443E-12  8.458E-13  1.00E-07
  4.000E+01 1.85474E-17  6.318E-04 -5.269E-10  4.274E-09 -1.474E-12  8.402E-13  1.00E-07
  4.050E+01 1.78774E-17  6.466E-04 -6.202E-10  4.182E-09 -1.506E-12  8.342E-13  1.00E-07
  4.100E+01 1.72395E-17  6.611E-04 -7.104E-10  4.091E-09 -1.537E-12  8.278E-13  1.00E-07
  4.150E+01 1.66323E-17  6.753E-04 -7.975E-10  4.000E-09 -1.568E-12  8.211E-13  1.00E-07
  4.200E+01 1.60542E-17  6.890E-04 -8.817E-10  3.909E-09 -1.599E-12  8.140E-13  1.00E-07
  4.250E+01 1.55038E-17  7.022E-04 -9.629E-10  3.818E-09 -1.629E-12  8.065E-13  1.00E-07
  4.300E+01 1.49798E-17  7.149E-04 -1.041E-09  3.728E-09 -1.659E-12  7.987E-13  1.00E-07
  4.350E+01 1.44809E-17  7.270E-04 -1.117E-09  3.638E-09 -1.690E-12  7.905E-13  1.00E-07
  4.400E+01 1.40058E-17  7.385E-04 -1.189E-09  3.548E-09 -1.719E-12  7.820E-13  1.00E-07
  4.450E+01 1.35534E-17  7.493E-04 -1.259E-09  3.460E-09 -1.749E-12  7.732E-13  1.00E-07
  4.500E+01 1.31224E-17  7.593E-04 -1.326E-09  3.371E-09 -1.778E-12  7.640E-13  1.00E-07
  4.550E+01 1.27118E-17  7.686E-04 -1.391E-09  3.283E-09 -1.808E-12  7.544E-13  1.00E-07
  4.600E+01 1.23207E-17  7.770E-04 -1.452E-09  3.195E-09 -1.836E-12  7.446E-13  1.00E-07
  4.650E+01 1.19480E-17  7.846E-04 -1.512E-09  3.109E-09 -1.865E-12  7.345E-13  1.00E-07
  4.700E+01 1.15927E-17  7.912E-04 -1.568E-09  3.022E-09 -1.893E-12  7.240E-13  1.00E-07
  4.750E+01 1.12540E-17  7.968E-04 -1.623E-09  2.936E-09 -1.921E-12  7.133E-13  1.00E-07
  4.800E+01 1.09311E-17  8.015E-04 -1.674E-09  2.851E-09 -1.949E-12  7.022E-13  1.00E-07
  4.850E+01 1.06231E-17  8.050E-04 -1.724E-09  2.766E-09 -1.976E-12  6.909E-13  1.00E-07
  4.900E+01 1.03293E-17  8.075E-04 -1.771E-09  2.682E-09 -2.003E-12  6.793E-13  1.00E-07
  4.950E+01 1.00490E-17  8.088E-04 -1.815E-09  2.599E-09 -2.030E-12  6.674E-13  1.00E-07
  5.000E+01 9.78144E-18  8.090E-04 -1.858E-09  2.516E-09 -2.057E-12  6.553E-13  1.00E-07
  5.050E+01 9.52600E-18  8.079E-04 -1.898E-09  2.434E-09 -2.083E-12  6.429E-13  1.00E-07
  5.100E+01 9.28207E-18  8.056E-04 -1.936E-09  2.352E-09 -2.108E-12  6.303E-13  1.00E-07
  5.150E+01 9.04906E-18  8.021E-04 -1.972E-09  2.271E-09 -2.134E-12  6.174E-13  1.00E-07
  5.200E+01 8.82641E-18  7.972E-04 -2.006E-09  2.191E-09 -2.159E-12  6.043E-13  1.00E-07
  5.250E+01 8.61360E-18  7.911E-04 -2.038E-09  2.112E-09 -2.183E-12  5.909E-13  1.00E-07
  5.300E+01 8.41015E-18  7.836E-04 -2.068E-09  2.033E-09 -2.208E-12  5.774E-13  1.00E-07
  5.350E+01 8.21556E-18  7.748E-04 -2.096E-09  1.955E-09 -2.232E-12  5.636E-13  1.00E-07
  5.400E+01 8.02941E-18  7.646E-04 -2.122E-09  1.878E-09 -2.255E-12  5.496E-13  1.00E-07
  5.450E+01 7.85126E-18  7.530E-04 -2.146E-09  1.802E-09 -2.279E-12  5.354E-13  1.00E-07
  5.500E+01 7.68073E-18  7.401E-04 -2.168E-09  1.726E-09 -2.301E-12  5.210E-13  1.00E-07
  5.550E+01 7.51744E-18  7.258E-04 -2.189E-09  1.651E-09 -2.324E-12  5.065E-13  1.00E-07
  5.600E+01 7.36102E-18  7.102E-04 -2.208E-09  1.577E-09 -2.346E-12  4.917E-13  1.00E-07
  5.650E+01 7.21115E-18  6.931E-04 -2.225E-09  1.504E-09 -2.368E-12  4.768E-13  1.00E-07
  5.700E+01 7.06751E-18  6.747E-04 -2.240E-09  1.431E-09 -2.389E-12  4.617E-13  1.00E-07
  5.750E+01 6.92979E-18  6.548E-04 -2.254E-09  1.359E-09 -2.410E-12  4.465E-13  1.00E-07
  5.800E+01 6.79772E-18  6.337E-04 -2.267E-09  1.288E-09 -2.430E-12  4.311E-13  1.00E-07
  5.850E+01 6.67102E-18  6.112E-04 -2.278E-09  1.218E-09 -2.451E-12  4.155E-13  1.00E-07
  5.900E+01 6.54945E-18  5.873E-04 -2.287E-09  1.149E-09 -2.470E-12  3.999E-13  1.00E-07
  5.950E+01 6.43276E-18  5.621E-04 -2.295E-09  1.080E-09 -2.490E-12  3.841E-13  1.00E-07
  6.000E+01 6.32073E-18  5.356E-04 -2.301E-09  1.012E-09 -2.509E-12  3.682E-13  1.00E-07
  6.050E+01 6.21315E-18  5.078E-04 -2.306E-09  9.456E-10 -2.527E-12  3.521E-13  1.00E-07
  6.100E+01 6.10981E-18  4.788E-04 -2.310E-09  8.795E-10 -2.545E-12  3.360E-13  1.00E-07
  6.150E+01 6.01053E-18  4.485E-04 -2.312E-09  8.143E-10 -2.563E-12  3.197E-13  1.00E-07
  6.200E+01 5.91512E-18  4.170E-04 -2.314E-09  7.499E-10 -2.581E-12  3.034E-13  1.00E-07
  6.250E+01 5.82342E-18  3.843E-04 -2.314E-09  6.863E-10 -2.598E-12  2.869E-13  1.00E-07
  6.300E+01 5.73526E-18  3.505E-04 -2.312E-09  6.236E-10 -2.614E-12  2.704E-13  1.00E-07
  6.350E+01 5.65050E-18  3.155E-04 -2.310E-09  5.618E-10 -2.630E-12  2.538E-13  1.00E-07
  6.400E+01 5.56900E-18  2.795E-04 -2.306E-09  5.007E-10 -2.646E-12  2.371E-13  1.00E-07
  6.450E+01 5.49061E-18  2.423E-04 -2.301E-09  4.406E-10 -2.661E-12  2.204E-13  1.00E-07
  6.500E+01 5.41521E-18  2.042E-04 -2.296E-09  3.812E-10 -2.676E-12  2.036E-13  1.00E-07
  6.550E+01 5.34268E-18  1.651E-04 -2.289E-09  3.227E-10 -2.691E-12  1.868E-13  1.00E-07
  6.600E+01 5.27291E-18  1.250E-04 -2.281E-09  2.651E-10 -2.705E-12  1.699E-13  1.00E-07
  6.650E+01 5.20579E-18  8.401E-05 -2.272E-09  2.083E-10 -2.719E-12  1.530E-13  1.00E-07
  6.700E+01 5.14121E-18  4.217E-05 -2.262E-09  1.523E-10 -2.732E-12  1.360E-13  1.00E-07
  6.750E+01 5.07909E-18  0.000E+00 -2.252E-09  9.716E-11 -2.745E-12  1.190E-13  1.00E-07
  6.800E+01 5.01932E-18 -4.395E-05 -2.240E-09  4.288E-11 -2.758E-12  1.020E-13  1.00E-07
  6.850E+01 4.96182E-18 -8.813E-05 -2.227E-09 -1.057E-11 -2.770E-12  8.501E-14  1.00E-07
  6.900E+01 4.90652E-18 -1.330E-04 -2.214E-09 -6.319E-11 -2.782E-12  6.798E-14  1.00E-07
  6.950E+01 4.85333E-18 -1.785E-04 -2.200E-09 -1.150E-10 -2.793E-12  5.095E-14  1.00E-07
  7.000E+01 4.80218E-18 -2.246E-04 -2.185E-09 -1.659E-10 -2.804E-12  3.393E-14  1.00E-07
  7.050E+01 4.75300E-18 -2.713E-04 -2.169E-09 -2.160E-10 -2.815E-12  1.691E-14  1.00E-07
  7.100E+01 4.70572E-18 -3.185E-04 -2.153E-09 -2.653E-10 -2.825E-12 -9.894E-17  1.00E-07
  7.150E+01 4.66028E-18 -3.661E-04 -2.136E-09 -3.138E-10 -2.835E-12 -1.709E-14  1.00E-07
  7.200E+01 4.61662E-18 -4.141E-04 -2.118E-09 -3.615E-10 -2.844E-12 -3.405E-14  1.00E-07
  7.250E+01 4.57469E-18 -4.625E-04 -2.100E-09 -4.083E-10 -2.853E-12 -5.098E-14  1.00E-07
  7.300E+01 4.53443E-18 -5.112E-04 -2.080E-09 -4.544E-10 -2.862E-12 -6.788E-14  1.00E-07
  7.350E+01 4.49579E-18 -5.602E-04 -2.061E-09 -4.996E-10 -2.870E-12 -8.474E-14  1.00E-07
  7.400E+01 4.45871E-18 -6.093E-04 -2.040E-09 -5.440E-10 -2.878E-12 -1.016E-13  1.00E-07
  7.450E+01 4.42316E-18 -6.587E-04 -2.019E-09 -5.876E-10 -2.885E-12 -1.183E-13  1.00E-07
  7.500E+01 4.38909E-18 -7.081E-04 -1.998E-09 -6.305E-10 -2.893E-12 -1.350E-13  1.00E-07
  7.550E+01 4.35645E-18 -7.576E-04 -1.976E-09 -6.725E-10 -2.899E-12 -1.517E-13  1.00E-07
  7.600E+01 4.32521E-18 -8.071E-04 -1.953E-09 -7.138E-10 -2.906E-12 -1.683E-13  1.00E-07
  7.650E+01 4.29533E-18 -8.565E-04 -1.930E-09 -7.543E-10 -2.912E-12 -1.848E-13  1.00E-07
  7.700E+01 4.26677E-18 -9.059E-04 -1.907E-09 -7.940E-10 -2.917E-12 -2.012E-13  1.00E-07
  7.750E+01 4.23949E-18 -9.551E-04 -1.883E-09 -8.329E-10 -2.923E-12 -2.176E-13  1.00E-07
  7.800E+01 4.21346E-18 -1.004E-03 -1.859E-09 -8.711E-10 -2.927E-12 -2.339E-13  1.00E-07
  7.850E+01 4.18864E-18 -1.053E-03 -1.834E-09 -9.086E-10 -2.932E-12 -2.500E-13  1.00E-07
  7.900E+01 4.16502E-18 -1.102E-03 -1.809E-09 -9.452E-10 -2.936E-12 -2.661E-13  1.00E-07
  7.950E+01 4.14255E-18 -1.150E-03 -1.783E-09 -9.812E-10 -2.940E-12 -2.822E-13  1.00E-07
  8.000E+01 4.12120E-18 -1.198E-03 -1.757E-09 -1.016E-09 -2.943E-12 -2.981E-13  1.00E-07
  8.050E+01 4.10096E-18 -1.245E-03 -1.731E-09 -1.051E-09 -2.947E-12 -3.139E-13  1.00E-07
  8.100E+01 4.08178E-18 -1.292E-03 -1.705E-09 -1.085E-09 -2.949E-12 -3.296E-13  1.00E-07
  8.150E+01 4.06366E-18 -1.339E-03 -1.678E-09 -1.118E-09 -2.952E-12 -3.451E-13  1.00E-07
  8.200E+01 4.04655E-18 -1.385E-03 -1.651E-09 -1.150E-09 -2.954E-12 -3.606E-13  1.00E-07
  8.250E+01 4.03044E-18 -1.430E-03 -1.623E-09 -1.182E-09 -2.956E-12 -3.760E-13  1.00E-07
  8.300E+01 4.01531E-18 -1.475E-03 -1.595E-09 -1.212E-09 -2.957E-12 -3.912E-13  1.00E-07
  8.350E+01 4.00112E-18 -1.519E-03 -1.567E-09 -1.243E-09 -2.958E-12 -4.063E-13  1.00E-07
  8.400E+01 3.98787E-18 -1.563E-03 -1.539E-09 -1.272E-09 -2.959E-12 -4.213E-13  1.00E-07
  8.450E+01 3.97552E-18 -1.605E-03 -1.511E-09 -1.301E-09 -2.959E-12 -4.361E-13  1.00E-07
  8.500E+01 3.96406E-18 -1.647E-03 -1.482E-09 -1.329E-09 -2.959E-12 -4.508E-13  1.00E-07
  8.550E+01 3.95347E-18 -1.689E-03 -1.454E-09 -1.357E-09 -2.959E-12 -4.654E-13  1.00E-07
  8.600E+01 3.94373E-18 -1.729E-03 -1.425E-09 -1.384E-09 -2.958E-12 -4.798E-13  1.00E-07
  8.650E+01 3.93482E-18 -1.769E-03 -1.395E-09 -1.410E-09 -2.957E-12 -4.940E-13  1.00E-07
  8.700E+01 3.92671E-18 -1.808E-03 -1.366E-09 -1.435E-09 -2.956E-12 -5.082E-13  1.00E-07
  8.750E+01 3.91940E-18 -1.846E-03 -1.337E-09 -1.460E-09 -2.955E-12 -5.221E-13  1.00E-07
  8.800E+01 3.91287E-18 -1.883E-03 -1.307E-09 -1.485E-09 -2.953E-12 -5.360E-13  1.00E-07
  8.850E+01 3.90709E-18 -1.919E-03 -1.278E-09 -1.508E-09 -2.951E-12 -5.496E-13  1.00E-07
  8.900E+01 3.90206E-18 -1.954E-03 -1.248E-09 -1.531E-09 -2.948E-12 -5.631E-13  1.00E-07
  8.950E+01 3.89775E-18 -1.988E-03 -1.218E-09 -1.554E-09 -2.946E-12 -5.764E-13  1.00E-07
  9.000E+01 3.89415E-18 -2.021E-03 -1.188E-09 -1.576E-09 -2.943E-12 -5.896E-13  1.00E-07
  9.050E+01 3.89124E-18 -2.054E-03 -1.158E-09 -1.597E-09 -2.939E-12 -6.026E-13  1.00E-07
  9.100E+01 3.88902E-18 -2.085E-03 -1.128E-09 -1.618E-09 -2.936E-12 -6.154E-13  1.00E-07
  9.150E+01 3.88746E-18 -2.115E-03 -1.098E-09 -1.638E-09 -2.932E-12 -6.281E-13  1.00E-07
  9.200E+01 3.88655E-18 -2.145E-03 -1.068E-09 -1.657E-09 -2.927E-12 -6.406E-13  1.00E-07
  9.250E+01 3.88627E-18 -2.173E-03 -1.037E-09 -1.676E-09 -2.923E-12 -6.529E-13  1.00E-07
  9.300E+01 3.88662E-18 -2.200E-03 -1.007E-09 -1.695E-09 -2.918E-12 -6.650E-13  1.00E-07
  9.350E+01 3.88758E-18 -2.226E-03 -9.770E-10 -1.713E-09 -2.913E-12 -6.769E-13  1.00E-07
  9.400E+01 3.88913E-18 -2.252E-03 -9.468E-10 -1.730E-09 -2.908E-12 -6.887E-13  1.00E-07
  9.450E+01 3.89126E-18 -2.276E-03 -9.166E-10 -1.747E-09 -2.902E-12 -7.003E-13  1.00E-07
  9.500E+01 3.89396E-18 -2.299E-03 -8.864E-10 -1.763E-09 -2.896E-12 -7.117E-13  1.00E-07
  9.550E+01 3.89721E-18 -2.321E-03 -8.562E-10 -1.779E-09 -2.890E-12 -7.229E-13  1.00E-07
  9.600E+01 3.90101E-18 -2.342E-03 -8.260E-10 -1.794E-09 -2.884E-12 -7.339E-13  1.00E-07
  9.650E+01 3.90534E-18 -2.362E-03 -7.958E-10 -1.809E-09 -2.877E-12 -7.447E-13  1.00E-07
  9.700E+01 3.91018E-18 -2.381E-03 -7.658E-10 -1.823E-09 -2.870E-12 -7.553E-13  1.00E-07
  9.750E+01 3.91554E-18 -2.399E-03 -7.357E-10 -1.837E-09 -2.863E-12 -7.657E-13  1.00E-07
  9.800E+01 3.92139E-18 -2.416E-03 -7.057E-10 -1.850E-09 -2.856E-12 -7.759E-13  1.00E-07
  9.850E+01 3.92772E-18 -2.431E-03 -6.758E-10 -1.863E-09 -2.848E-12 -7.860E-13  1.00E-07
  9.900E+01 3.93452E-18 -2.446E-03 -6.459E-10 -1.875E-09 -2.840E-12 -7.958E-13  1.00E-07
  9.950E+01 3.94178E-18 -2.460E-03 -6.162E-10 -1.887E-09 -2.832E-12 -8.054E-13  1.00E-07
  1.000E+02 3.94950E-18 -2.473E-03 -5.865E-10 -1.899E-09 -2.824E-12 -8.148E-13  1.00E-07
  1.005E+02 3.95765E-18 -2.485E-03 -5.569E-10 -1.910E-09 -2.815E-12 -8.240E-13  1.00E-07
  1.010E+02 3.96623E-18 -2.496E-03 -5.273E-10 -1.920E-09 -2.806E-12 -8.330E-13  1.00E-07
  1.015E+02 3.97522E-18 -2.506E-03 -4.979E-10 -1.931E-09 -2.797E-12 -8.419E-13  1.00E-07
  1.020E+02 3.98463E-18 -2.515E-03 -4.686E-10 -1.940E-09 -2.788E-12 -8.504E-13  1.00E-07
  1.025E+02 3.99443E-18 -2.523E-03 -4.394E-10 -1.950E-09 -2.778E-12 -8.588E-13  1.00E-07
  1.030E+02 4.00461E-18 -2.531E-03 -4.103E-10 -1.959E-09 -2.769E-12 -8.670E-13  1.00E-07
  1.035E+02 4.01517E-18 -2.537E-03 -3.814E-10 -1.967E-09 -2.759E-12 -8.750E-13  1.00E-07
  1.040E+02 4.02610E-18 -2.543E-03 -3.525E-10 -1.975E-09 -2.749E-12 -8.827E-13  1.00E-07
  1.045E+02 4.03738E-18 -2.547E-03 -3.238E-10 -1.983E-09 -2.738E-12 -8.903E-13  1.00E-07
  1.050E+02 4.04901E-18 -2.551E-03 -2.953E-10 -1.990E-09 -2.728E-12 -8.976E-13  1.00E-07
  1.055E+02 4.06097E-18 -2.554E-03 -2.668E-10 -1.997E-09 -2.717E-12 -9.047E-13  1.00E-07
  1.060E+02 4.07327E-18 -2.556E-03 -2.385E-10 -2.004E-09 -2.706E-12 -9.117E-13  1.00E-07
  1.065E+02 4.08588E-18 -2.557E-03 -2.104E-10 -2.010E-09 -2.695E-12 -9.184E-13  1.00E-07
  1.070E+02 4.09879E-18 -2.558E-03 -1.824E-10 -2.016E-09 -2.683E-12 -9.248E-13  1.00E-07
  1.075E+02 4.11201E-18 -2.558E-03 -1.545E-10 -2.022E-09 -2.672E-12 -9.311E-13  1.00E-07
  1.080E+02 4.12552E-18 -2.557E-03 -1.269E-10 -2.027E-09 -2.660E-12 -9.372E-13  1.00E-07
  1.085E+02 4.13931E-18 -2.555E-03 -9.933E-11 -2.032E-09 -2.648E-12 -9.430E-13  1.00E-07
  1.090E+02 4.15338E-18 -2.553E-03 -7.197E-11 -2.037E-09 -2.636E-12 -9.486E-13  1.00E-07
  1.095E+02 4.16770E-18 -2.549E-03 -4.478E-11 -2.041E-09 -2.624E-12 -9.540E-13  1.00E-07
  1.100E+02 4.18229E-18 -2.546E-03 -1.776E-11 -2.045E-09 -2.611E-12 -9.592E-13  1.00E-07
  1.105E+02 4.19711E-18 -2.541E-03  9.091E-12 -2.049E-09 -2.599E-12 -9.642E-13  1.00E-07
  1.110E+02 4.21218E-18 -2.536E-03  3.576E-11 -2.052E-09 -2.586E-12 -9.689E-13  1.00E-07
  1.115E+02 4.22748E-18 -2.530E-03  6.226E-11 -2.055E-09 -2.573E-12 -9.735E-13  1.00E-07
  1.120E+02 4.24300E-18 -2.524E-03  8.857E-11 -2.058E-09 -2.560E-12 -9.778E-13  1.00E-07
  1.125E+02 4.25873E-18 -2.517E-03  1.147E-10 -2.060E-09 -2.546E-12 -9.819E-13  1.00E-07
  1.130E+02 4.27467E-18 -2.509E-03  1.406E-10 -2.063E-09 -2.533E-12 -9.858E-13  1.00E-07
  1.135E+02 4.29081E-18 -2.501E-03  1.664E-10 -2.065E-09 -2.519E-12 -9.895E-13  1.00E-07
  1.140E+02 4.30714E-18 -2.493E-03  1.920E-10 -2.066E-09 -2.505E-12 -9.929E-13  1.00E-07
  1.145E+02 4.32365E-18 -2.483E-03  2.173E-10 -2.068E-09 -2.491E-12 -9.962E-13  1.00E-07
  1.150E+02 4.34033E-18 -2.474E-03  2.425E-10 -2.069E-09 -2.477E-12 -9.992E-13  1.00E-07
  1.155E+02 4.35719E-18 -2.464E-03  2.675E-10 -2.070E-09 -2.463E-12 -1.002E-12  1.00E-07
  1.160E+02 4.37420E-18 -2.453E-03  2.923E-10 -2.071E-09 -2.449E-12 -1.005E-12  1.00E-07
  1.165E+02 4.39136E-18 -2.442E-03  3.168E-10 -2.071E-09 -2.434E-12 -1.007E-12  1.00E-07
  1.170E+02 4.40867E-18 -2.430E-03  3.412E-10 -2.072E-09 -2.419E-12 -1.009E-12  1.00E-07
  1.175E+02 4.42612E-18 -2.418E-03  3.654E-10 -2.072E-09 -2.405E-12 -1.011E-12  1.00E-07
  1.180E+02 4.44369E-18 -2.406E-03  3.894E-10 -2.072E-09 -2.390E-12 -1.013E-12  1.00E-07
  1.185E+02 4.46140E-18 -2.393E-03  4.132E-10 -2.071E-09 -2.374E-12 -1.014E-12  1.00E-07
  1.190E+02 4.47921E-18 -2.380E-03  4.367E-10 -2.071E-09 -2.359E-12 -1.016E-12  1.00E-07
  1.195E+02 4.49714E-18 -2.366E-03  4.601E-10 -2.070E-09 -2.344E-12 -1.017E-12  1.00E-07
  1.200E+02 4.51517E-18 -2.352E-03  4.832E-10 -2.069E-09 -2.328E-12 -1.018E-12  1.00E-07
  1.205E+02 4.53330E-18 -2.338E-03  5.062E-10 -2.068E-09 -2.313E-12 -1.018E-12  1.00E-07
  1.210E+02 4.55151E-18 -2.323E-03  5.289E-10 -2.067E-09 -2.297E-12 -1.019E-12  1.00E-07
  1.215E+02 4.56981E-18 -2.308E-03  5.514E-10 -2.065E-09 -2.281E-12 -1.019E-12  1.00E-07
  1.220E+02 4.58819E-18 -2.292E-03  5.737E-10 -2.064E-09 -2.265E-12 -1.019E-12  1.00E-07
  1.225E+02 4.60663E-18 -2.277E-03  5.958E-10 -2.062E-09 -2.249E-12 -1.019E-12  1.00E-07
  1.230E+02 4.62514E-18 -2.261E-03  6.177E-10 -2.060E-09 -2.233E-12 -1.019E-12  1.00E-07
  1.235E+02 4.64371E-18 -2.245E-03  6.393E-10 -2.058E-09 -2.216E-12 -1.018E-12  1.00E-07
  1.240E+02 4.66232E-18 -2.228E-03  6.608E-10 -2.056E-09 -2.200E-12 -1.017E-12  1.00E-07
  1.245E+02 4.68099E-18 -2.212E-03  6.820E-10 -2.053E-09 -2.183E-12 -1.016E-12  1.00E-07
  1.250E+02 4.69969E-18 -2.195E-03  7.030E-10 -2.051E-09 -2.167E-12 -1.015E-12  1.00E-07
  1.255E+02 4.71842E-18 -2.177E-03  7.238E-10 -2.048E-09 -2.150E-12 -1.014E-12  1.00E-07
  1.260E+02 4.73718E-18 -2.160E-03  7.444E-10 -2.045E-09 -2.133E-12 -1.012E-12  1.00E-07
  1.265E+02 4.75597E-18 -2.142E-03  7.648E-10 -2.042E-09 -2.116E-12 -1.011E-12  1.00E-07
  1.270E+02 4.77477E-18 -2.124E-03  7.850E-10 -2.039E-09 -2.099E-12 -1.009E-12  1.00E-07
  1.275E+02 4.79358E-18 -2.106E-03  8.049E-10 -2.036E-09 -2.082E-12 -1.006E-12  1.00E-07
  1.280E+02 4.81239E-18 -2.088E-03  8.246E-10 -2.033E-09 -2.064E-12 -1.004E-12  1.00E-07
  1.285E+02 4.83120E-18 -2.070E-03  8.441E-10 -2.029E-09 -2.047E-12 -1.002E-12  1.00E-07
  1.290E+02 4.85001E-18 -2.051E-03  8.634E-10 -2.026E-09 -2.030E-12 -9.989E-13  1.00E-07
  1.295E+02 4.86880E-18 -2.032E-03  8.825E-10 -2.022E-09 -2.012E-12 -9.959E-13  1.00E-07
  1.300E+02 4.88758E-18 -2.014E-03  9.013E-10 -2.019E-09 -1.994E-12 -9.928E-13  1.00E-07
  1.305E+02 4.90633E-18 -1.995E-03  9.200E-10 -2.015E-09 -1.977E-12 -9.895E-13  1.00E-07
  1.310E+02 4.92505E-18 -1.975E-03  9.384E-10 -2.011E-09 -1.959E-12 -9.860E-13  1.00E-07
  1.315E+02 4.94375E-18 -1.956E-03  9.566E-10 -2.007E-09 -1.941E-12 -9.823E-13  1.00E-07
  1.320E+02 4.96240E-18 -1.937E-03  9.746E-10 -2.003E-09 -1.923E-12 -9.784E-13  1.00E-07
  1.325E+02 4.98101E-18 -1.917E-03  9.924E-10 -1.999E-09 -1.905E-12 -9.743E-13  1.00E-07
  1.330E+02 4.99958E-18 -1.898E-03  1.010E-09 -1.995E-09 -1.887E-12 -9.701E-13  1.00E-07
  1.335E+02 5.01809E-18 -1.878E-03  1.027E-09 -1.991E-09 -1.868E-12 -9.657E-13  1.00E-07
  1.340E+02 5.03654E-18 -1.858E-03  1.044E-09 -1.986E-09 -1.850E-12 -9.611E-13  1.00E-07
  1.345E+02 5.05493E-18 -1.838E-03  1.061E-09 -1.982E-09 -1.832E-12 -9.563E-13  1.00E-07
  1.350E+02 5.07325E-18 -1.818E-03  1.078E-09 -1.978E-09 -1.813E-12 -9.513E-13  1.00E-07
  1.355E+02 5.09150E-18 -1.798E-03  1.095E-09 -1.973E-09 -1.795E-12 -9.462E-13  1.00E-07
  1.360E+02 5.10968E-18 -1.778E-03  1.111E-09 -1.969E-09 -1.776E-12 -9.409E-13  1.00E-07
  1.365E+02 5.12777E-18 -1.758E-03  1.127E-09 -1.964E-09 -1.758E-12 -9.354E-13  1.00E-07
  1.370E+02 5.14578E-18 -1.737E-03  1.143E-09 -1.960E-09 -1.739E-12 -9.297E-13  1.00E-07
  1.375E+02 5.16370E-18 -1.717E-03  1.158E-09 -1.955E-09 -1.720E-12 -9.239E-13  1.00E-07
  1.380E+02 5.18153E-18 -1.697E-03  1.174E-09 -1.950E-09 -1.701E-12 -9.179E-13  1.00E-07
  1.385E+02 5.19926E-18 -1.676E-03  1.189E-09 -1.946E-09 -1.683E-12 -9.117E-13  1.00E-07
  1.390E+02 5.21688E-18 -1.656E-03  1.204E-09 -1.941E-09 -1.664E-12 -9.054E-13  1.00E-07
  1.395E+02 5.23440E-18 -1.635E-03  1.219E-09 -1.936E-09 -1.645E-12 -8.989E-13  1.00E-07
  1.400E+02 5.25181E-18 -1.615E-03  1.233E-09 -1.931E-09 -1.625E-12 -8.922E-13  1.00E-07
  1.405E+02 5.26910E-18 -1.594E-03  1.248E-09 -1.927E-09 -1.606E-12 -8.854E-13  1.00E-07
  1.410E+02 5.28628E-18 -1.574E-03  1.262E-09 -1.922E-09 -1.587E-12 -8.784E-13  1.00E-07
  1.415E+02 5.30333E-18 -1.553E-03  1.276E-09 -1.917E-09 -1.568E-12 -8.713E-13  1.00E-07
  1.420E+02 5.32026E-18 -1.532E-03  1.290E-09 -1.912E-09 -1.549E-12 -8.640E-13  1.00E-07
  1.425E+02 5.33705E-18 -1.512E-03  1.303E-09 -1.907E-09 -1.529E-12 -8.566E-13  1.00E-07
  1.430E+02 5.35372E-18 -1.491E-03  1.317E-09 -1.903E-09 -1.510E-12 -8.490E-13  1.00E-07
  1.435E+02 5.37024E-18 -1.470E-03  1.330E-09 -1.898E-09 -1.491E-12 -8.412E-13  1.00E-07
  1.440E+02 5.38663E-18 -1.449E-03  1.343E-09 -1.893E-09 -1.471E-12 -8.334E-13  1.00E-07
  1.445E+02 5.40287E-18 -1.429E-03  1.356E-09 -1.888E-09 -1.452E-12 -8.253E-13  1.00E-07
  1.450E+02 5.41896E-18 -1.408E-03  1.368E-09 -1.883E-09 -1.432E-12 -8.171E-13  1.00E-07
  1.455E+02 5.43490E-18 -1.387E-03  1.380E-09 -1.879E-09 -1.412E-12 -8.088E-13  1.00E-07
  1.460E+02 5.45069E-18 -1.367E-03  1.393E-09 -1.874E-09 -1.393E-12 -8.003E-13  1.00E-07
  1.465E+02 5.46631E-18 -1.346E-03  1.405E-09 -1.869E-09 -1.373E-12 -7.917E-13  1.00E-07
  1.470E+02 5.48178E-18 -1.325E-03  1.416E-09 -1.864E-09 -1.353E-12 -7.830E-13  1.00E-07
  1.475E+02 5.49708E-18 -1.304E-03  1.428E-09 -1.860E-09 -1.334E-12 -7.741E-13  1.00E-07
  1.480E+02 5.51221E-18 -1.284E-03  1.439E-09 -1.855E-09 -1.314E-12 -7.651E-13  1.00E-07
  1.485E+02 5.52718E-18 -1.263E-03  1.450E-09 -1.850E-09 -1.294E-12 -7.559E-13  1.00E-07
  1.490E+02 5.54197E-18 -1.242E-03  1.461E-09 -1.846E-09 -1.274E-12 -7.467E-13  1.00E-07
  1.495E+02 5.55658E-18 -1.222E-03  1.472E-09 -1.841E-09 -1.254E-12 -7.373E-13  1.00E-07
  1.500E+02 5.57101E-18 -1.201E-03  1.483E-09 -1.836E-09 -1.234E-12 -7.277E-13  1.00E-07
  1.505E+02 5.58526E-18 -1.180E-03  1.493E-09 -1.832E-09 -1.214E-12 -7.181E-13  1.00E-07
  1.510E+02 5.59932E-18 -1.160E-03  1.503E-09 -1.827E-09 -1.194E-12 -7.083E-13  1.00E-07
  1.515E+02 5.61320E-18 -1.139E-03  1.513E-09 -1.823E-09 -1.174E-12 -6.984E-13  1.00E-07
  1.520E+02 5.62688E-18 -1.118E-03  1.523E-09 -1.819E-09 -1.154E-12 -6.884E-13  1.00E-07
  1.525E+02 5.64037E-18 -1.098E-03  1.533E-09 -1.814E-09 -1.134E-12 -6.782E-13  1.00E-07
  1.530E+02 5.65367E-18 -1.077E-03  1.542E-09 -1.810E-09 -1.114E-12 -6.680E-13  1.00E-07
  1.535E+02 5.66676E-18 -1.057E-03  1.551E-09 -1.806E-09 -1.093E-12 -6.576E-13  1.00E-07
  1.540E+02 5.67965E-18 -1.036E-03  1.560E-09 -1.801E-09 -1.073E-12 -6.471E-13  1.00E-07
  1.545E+02 5.69234E-18 -1.016E-03  1.569E-09 -1.797E-09 -1.053E-12 -6.365E-13  1.00E-07
  1.550E+02 5.70483E-18 -9.954E-04  1.578E-09 -1.793E-09 -1.033E-12 -6.259E-13  1.00E-07
  1.555E+02 5.71710E-18 -9.750E-04  1.587E-09 -1.789E-09 -1.012E-12 -6.151E-13  1.00E-07
  1.560E+02 5.72916E-18 -9.545E-04  1.595E-09 -1.785E-09 -9.922E-13 -6.042E-13  1.00E-07
  1.565E+02 5.74101E-18 -9.342E-04  1.603E-09 -1.781E-09 -9.718E-13 -5.932E-13  1.00E-07
  1.570E+02 5.75264E-18 -9.138E-04  1.611E-09 -1.777E-09 -9.515E-13 -5.821E-13  1.00E-07
  1.575E+02 5.76406E-18 -8.934E-04  1.619E-09 -1.773E-09 -9.311E-13 -5.709E-13  1.00E-07
  1.580E+02 5.77525E-18 -8.731E-04  1.626E-09 -1.769E-09 -9.107E-13 -5.596E-13  1.00E-07
  1.585E+02 5.78623E-18 -8.528E-04  1.634E-09 -1.766E-09 -8.903E-13 -5.482E-13  1.00E-07
  1.590E+02 5.79698E-18 -8.326E-04  1.641E-09 -1.762E-09 -8.698E-13 -5.367E-13  1.00E-07
  1.595E+02 5.80750E-18 -8.123E-04  1.648E-09 -1.758E-09 -8.494E-13 -5.251E-13  1.00E-07
  1.600E+02 5.81779E-18 -7.921E-04  1.655E-09 -1.755E-09 -8.289E-13 -5.135E-13  1.00E-07
  1.605E+02 5.82786E-18 -7.719E-04  1.662E-09 -1.751E-09 -8.084E-13 -5.017E-13  1.00E-07
  1.610E+02 5.83769E-18 -7.518E-04  1.668E-09 -1.748E-09 -7.879E-13 -4.899E-13  1.00E-07
  1.615E+02 5.84729E-18 -7.316E-04  1.674E-09 -1.745E-09 -7.673E-13 -4.780E-13  1.00E-07
  1.620E+02 5.85665E-18 -7.115E-04  1.681E-09 -1.741E-09 -7.468E-13 -4.660E-13  1.00E-07
  1.625E+02 5.86578E-18 -6.914E-04  1.686E-09 -1.738E-09 -7.262E-13 -4.540E-13  1.00E-07
  1.630E+02 5.87467E-18 -6.714E-04  1.692E-09 -1.735E-09 -7.056E-13 -4.418E-13  1.00E-07
  1.635E+02 5.88332E-18 -6.513E-04  1.698E-09 -1.732E-09 -6.850E-13 -4.296E-13  1.00E-07
  1.640E+02 5.89172E-18 -6.313E-04  1.703E-09 -1.729E-09 -6.644E-13 -4.174E-13  1.00E-07
  1.645E+02 5.89989E-18 -6.113E-04  1.709E-09 -1.726E-09 -6.438E-13 -4.050E-13  1.00E-07
  1.650E+02 5.90781E-18 -5.914E-04  1.714E-09 -1.724E-09 -6.231E-13 -3.926E-13  1.00E-07
  1.655E+02 5.91548E-18 -5.714E-04  1.719E-09 -1.721E-09 -6.025E-13 -3.801E-13  1.00E-07
  1.660E+02 5.92290E-18 -5.515E-04  1.723E-09 -1.718E-09 -5.818E-13 -3.676E-13  1.00E-07
  1.665E+02 5.93008E-18 -5.316E-04  1.728E-09 -1.716E-09 -5.611E-13 -3.550E-13  1.00E-07
  1.670E+02 5.93700E-18 -5.117E-04  1.732E-09 -1.713E-09 -5.404E-13 -3.423E-13  1.00E-07
  1.675E+02 5.94368E-18 -4.919E-04  1.737E-09 -1.711E-09 -5.197E-13 -3.296E-13  1.00E-07
  1.680E+02 5.95010E-18 -4.720E-04  1.741E-09 -1.709E-09 -4.990E-13 -3.169E-13  1.00E-07
  1.685E+02 5.95627E-18 -4.522E-04  1.745E-09 -1.707E-09 -4.783E-13 -3.041E-13  1.00E-07
  1.690E+02 5.96218E-18 -4.324E-04  1.748E-09 -1.704E-09 -4.576E-13 -2.912E-13  1.00E-07
  1.695E+02 5.96784E-18 -4.126E-04  1.752E-09 -1.702E-09 -4.368E-13 -2.783E-13  1.00E-07
  1.700E+02 5.97325E-18 -3.929E-04  1.755E-09 -1.700E-09 -4.161E-13 -2.653E-13  1.00E-07
  1.705E+02 5.97839E-18 -3.731E-04  1.759E-09 -1.699E-09 -3.953E-13 -2.523E-13  1.00E-07
  1.710E+02 5.98328E-18 -3.534E-04  1.762E-09 -1.697E-09 -3.746E-13 -2.393E-13  1.00E-07
  1.715E+02 5.98790E-18 -3.337E-04  1.765E-09 -1.695E-09 -3.538E-13 -2.262E-13  1.00E-07
  1.720E+02 5.99227E-18 -3.140E-04  1.767E-09 -1.694E-09 -3.330E-13 -2.131E-13  1.00E-07
  1.725E+02 5.99637E-18 -2.943E-04  1.770E-09 -1.692E-09 -3.122E-13 -1.999E-13  1.00E-07
  1.730E+02 6.00022E-18 -2.746E-04  1.772E-09 -1.691E-09 -2.915E-13 -1.867E-13  1.00E-07
  1.735E+02 6.00380E-18 -2.549E-04  1.775E-09 -1.690E-09 -2.707E-13 -1.735E-13  1.00E-07
  1.740E+02 6.00712E-18 -2.353E-04  1.777E-09 -1.688E-09 -2.499E-13 -1.603E-13  1.00E-07
  1.745E+02 6.01017E-18 -2.156E-04  1.779E-09 -1.687E-09 -2.291E-13 -1.470E-13  1.00E-07
  1.750E+02 6.01296E-18 -1.960E-04  1.780E-09 -1.686E-09 -2.082E-13 -1.337E-13  1.00E-07
  1.755E+02 6.01549E-18 -1.764E-04  1.782E-09 -1.685E-09 -1.874E-13 -1.204E-13  1.00E-07
  1.760E+02 6.01775E-18 -1.568E-04  1.783E-09 -1.685E-09 -1.666E-13 -1.071E-13  1.00E-07
  1.765E+02 6.01975E-18 -1.371E-04  1.784E-09 -1.684E-09 -1.458E-13 -9.374E-14  1.00E-07
  1.770E+02 6.02148E-18 -1.175E-04  1.786E-09 -1.683E-09 -1.250E-13 -8.038E-14  1.00E-07
  1.775E+02 6.02295E-18 -9.794E-05  1.786E-09 -1.683E-09 -1.041E-13 -6.700E-14  1.00E-07
  1.780E+02 6.02415E-18 -7.835E-05  1.787E-09 -1.682E-09 -8.332E-14 -5.362E-14  1.00E-07
  1.785E+02 6.02508E-18 -5.876E-05  1.788E-09 -1.682E-09 -6.249E-14 -4.022E-14  1.00E-07
  1.790E+02 6.02575E-18 -3.917E-05  1.788E-09 -1.682E-09 -4.166E-14 -2.682E-14  1.00E-07
  1.795E+02 6.02615E-18 -1.958E-05  1.788E-09 -1.682E-09 -2.083E-14 -1.341E-14  1.00E-07
  1.800E+02 6.02628E-18 -2.748E-19  1.789E-09 -1.682E-09 -2.923E-28 -1.882E-28  1.00E-07

  TOTAL ELASTIC CROSS SECTION = 1.653118E-16 cm**2
               FROM DCS TABLE = 1.653089E-16  (REL. DIF. = 1.77E-05)

  1ST TRANSPORT CROSS SECTION = 6.883030E-17 cm**2
               FROM DCS TABLE = 6.883045E-17  (REL. DIF. = 2.21E-06)

  2ND TRANSPORT CROSS SECTION = 8.215517E-17 cm**2

  **** DPWA0 ENDED ************************************************************

