 #  Scattering amplitudes (in cm)      MU=(1-cos(TH))/2
 #  Z =   1,   projectile: electron
 #  Kinetic energy = 2.04000E+02 eV
 #
 # TH (deg)      MU          Re(F)        Im(F)        Re(G)        Im(G)
 #--------------------------------------------------------------------------
  0.000E+00  0.00000E+00  5.59237E-09  8.71687E-10  0.00000E+00  0.00000E+00
  1.000E-04  7.61557E-13  5.59237E-09  8.71687E-10  2.03820E-18  2.84363E-19
  1.250E-04  1.18994E-12  5.59237E-09  8.71687E-10  2.54775E-18  3.55453E-19
  1.500E-04  1.71346E-12  5.59237E-09  8.71687E-10  3.05729E-18  4.26544E-19
  1.750E-04  2.33225E-12  5.59237E-09  8.71687E-10  3.56684E-18  4.97635E-19
  2.000E-04  3.04617E-12  5.59237E-09  8.71687E-10  4.07639E-18  5.68726E-19
  2.250E-04  3.85530E-12  5.59237E-09  8.71687E-10  4.58594E-18  6.39816E-19
  2.500E-04  4.75964E-12  5.59237E-09  8.71687E-10  5.09549E-18  7.10907E-19
  2.750E-04  5.75917E-12  5.59237E-09  8.71687E-10  5.60504E-18  7.81998E-19
  3.000E-04  6.85391E-12  5.59237E-09  8.71687E-10  6.11459E-18  8.53088E-19
  3.250E-04  8.04379E-12  5.59237E-09  8.71687E-10  6.62414E-18  9.24179E-19
  3.500E-04  9.32893E-12  5.59237E-09  8.71687E-10  7.13369E-18  9.95270E-19
  3.750E-04  1.07092E-11  5.59237E-09  8.71687E-10  7.64324E-18  1.06636E-18
  4.000E-04  1.21847E-11  5.59237E-09  8.71687E-10  8.15278E-18  1.13745E-18
  4.250E-04  1.37554E-11  5.59237E-09  8.71687E-10  8.66233E-18  1.20854E-18
  4.500E-04  1.54213E-11  5.59237E-09  8.71687E-10  9.17188E-18  1.27963E-18
  4.750E-04  1.71823E-11  5.59237E-09  8.71687E-10  9.68143E-18  1.35072E-18
  5.000E-04  1.90386E-11  5.59237E-09  8.71687E-10  1.01910E-17  1.42181E-18
  5.250E-04  2.09900E-11  5.59237E-09  8.71687E-10  1.07005E-17  1.49290E-18
  5.500E-04  2.30367E-11  5.59237E-09  8.71687E-10  1.12101E-17  1.56400E-18
  5.750E-04  2.51785E-11  5.59237E-09  8.71687E-10  1.17196E-17  1.63509E-18
  6.000E-04  2.74156E-11  5.59237E-09  8.71687E-10  1.22292E-17  1.70618E-18
  6.250E-04  2.97478E-11  5.59237E-09  8.71687E-10  1.27387E-17  1.77727E-18
  6.500E-04  3.21752E-11  5.59237E-09  8.71687E-10  1.32483E-17  1.84836E-18
  6.750E-04  3.46979E-11  5.59237E-09  8.71687E-10  1.37578E-17  1.91945E-18
  7.000E-04  3.73157E-11  5.59237E-09  8.71687E-10  1.42674E-17  1.99054E-18
  7.250E-04  4.00286E-11  5.59237E-09  8.71687E-10  1.47769E-17  2.06163E-18
  7.500E-04  4.28368E-11  5.59237E-09  8.71687E-10  1.52865E-17  2.13272E-18
  7.750E-04  4.57402E-11  5.59237E-09  8.71687E-10  1.57960E-17  2.20381E-18
  8.000E-04  4.87388E-11  5.59237E-09  8.71687E-10  1.63056E-17  2.27490E-18
  8.250E-04  5.18325E-11  5.59237E-09  8.71687E-10  1.68151E-17  2.34599E-18
  8.500E-04  5.50215E-11  5.59237E-09  8.71687E-10  1.73247E-17  2.41708E-18
  8.750E-04  5.83057E-11  5.59237E-09  8.71687E-10  1.78342E-17  2.48817E-18
  9.000E-04  6.16850E-11  5.59237E-09  8.71687E-10  1.83438E-17  2.55926E-18
  9.250E-04  6.51595E-11  5.59237E-09  8.71687E-10  1.88533E-17  2.63036E-18
  9.500E-04  6.87293E-11  5.59237E-09  8.71687E-10  1.93629E-17  2.70145E-18
  9.750E-04  7.23943E-11  5.59237E-09  8.71687E-10  1.98724E-17  2.77254E-18
  1.000E-03  7.61544E-11  5.59237E-09  8.71687E-10  2.03820E-17  2.84363E-18
  1.250E-03  1.18991E-10  5.59237E-09  8.71687E-10  2.54775E-17  3.55453E-18
  1.500E-03  1.71347E-10  5.59237E-09  8.71687E-10  3.05729E-17  4.26544E-18
  1.750E-03  2.33223E-10  5.59237E-09  8.71687E-10  3.56684E-17  4.97635E-18
  2.000E-03  3.04617E-10  5.59237E-09  8.71687E-10  4.07639E-17  5.68726E-18
  2.250E-03  3.85531E-10  5.59237E-09  8.71687E-10  4.58594E-17  6.39816E-18
  2.500E-03  4.75965E-10  5.59237E-09  8.71687E-10  5.09549E-17  7.10907E-18
  2.750E-03  5.75917E-10  5.59237E-09  8.71687E-10  5.60504E-17  7.81998E-18
  3.000E-03  6.85389E-10  5.59237E-09  8.71687E-10  6.11459E-17  8.53088E-18
  3.250E-03  8.04380E-10  5.59237E-09  8.71687E-10  6.62414E-17  9.24179E-18
  3.500E-03  9.32891E-10  5.59237E-09  8.71687E-10  7.13369E-17  9.95270E-18
  3.750E-03  1.07092E-09  5.59237E-09  8.71687E-10  7.64323E-17  1.06636E-17
  4.000E-03  1.21847E-09  5.59237E-09  8.71687E-10  8.15278E-17  1.13745E-17
  4.250E-03  1.37554E-09  5.59237E-09  8.71687E-10  8.66233E-17  1.20854E-17
  4.500E-03  1.54213E-09  5.59237E-09  8.71687E-10  9.17188E-17  1.27963E-17
  4.750E-03  1.71823E-09  5.59237E-09  8.71687E-10  9.68143E-17  1.35072E-17
  5.000E-03  1.90386E-09  5.59237E-09  8.71687E-10  1.01910E-16  1.42181E-17
  5.250E-03  2.09900E-09  5.59237E-09  8.71687E-10  1.07005E-16  1.49290E-17
  5.500E-03  2.30367E-09  5.59237E-09  8.71687E-10  1.12101E-16  1.56400E-17
  5.750E-03  2.51785E-09  5.59237E-09  8.71687E-10  1.17196E-16  1.63509E-17
  6.000E-03  2.74156E-09  5.59237E-09  8.71687E-10  1.22292E-16  1.70618E-17
  6.250E-03  2.97478E-09  5.59237E-09  8.71687E-10  1.27387E-16  1.77727E-17
  6.500E-03  3.21752E-09  5.59237E-09  8.71687E-10  1.32483E-16  1.84836E-17
  6.750E-03  3.46978E-09  5.59237E-09  8.71687E-10  1.37578E-16  1.91945E-17
  7.000E-03  3.73156E-09  5.59237E-09  8.71687E-10  1.42674E-16  1.99054E-17
  7.250E-03  4.00286E-09  5.59237E-09  8.71687E-10  1.47769E-16  2.06163E-17
  7.500E-03  4.28368E-09  5.59237E-09  8.71687E-10  1.52865E-16  2.13272E-17
  7.750E-03  4.57402E-09  5.59237E-09  8.71687E-10  1.57960E-16  2.20381E-17
  8.000E-03  4.87388E-09  5.59237E-09  8.71687E-10  1.63056E-16  2.27490E-17
  8.250E-03  5.18326E-09  5.59237E-09  8.71687E-10  1.68151E-16  2.34599E-17
  8.500E-03  5.50215E-09  5.59237E-09  8.71687E-10  1.73247E-16  2.41708E-17
  8.750E-03  5.83057E-09  5.59237E-09  8.71687E-10  1.78342E-16  2.48817E-17
  9.000E-03  6.16850E-09  5.59237E-09  8.71687E-10  1.83438E-16  2.55926E-17
  9.250E-03  6.51596E-09  5.59237E-09  8.71687E-10  1.88533E-16  2.63036E-17
  9.500E-03  6.87293E-09  5.59237E-09  8.71687E-10  1.93629E-16  2.70145E-17
  9.750E-03  7.23942E-09  5.59237E-09  8.71687E-10  1.98724E-16  2.77254E-17
  1.000E-02  7.61544E-09  5.59237E-09  8.71687E-10  2.03820E-16  2.84363E-17
  1.250E-02  1.18991E-08  5.59236E-09  8.71687E-10  2.54774E-16  3.55453E-17
  1.500E-02  1.71347E-08  5.59236E-09  8.71687E-10  3.05729E-16  4.26544E-17
  1.750E-02  2.33223E-08  5.59236E-09  8.71687E-10  3.56684E-16  4.97635E-17
  2.000E-02  3.04617E-08  5.59236E-09  8.71687E-10  4.07639E-16  5.68725E-17
  2.250E-02  3.85531E-08  5.59236E-09  8.71686E-10  4.58594E-16  6.39816E-17
  2.500E-02  4.75965E-08  5.59236E-09  8.71686E-10  5.09548E-16  7.10907E-17
  2.750E-02  5.75917E-08  5.59236E-09  8.71686E-10  5.60503E-16  7.81997E-17
  3.000E-02  6.85389E-08  5.59236E-09  8.71686E-10  6.11458E-16  8.53088E-17
  3.250E-02  8.04380E-08  5.59236E-09  8.71686E-10  6.62412E-16  9.24179E-17
  3.500E-02  9.32891E-08  5.59235E-09  8.71686E-10  7.13367E-16  9.95269E-17
  3.750E-02  1.07092E-07  5.59235E-09  8.71686E-10  7.64322E-16  1.06636E-16
  4.000E-02  1.21847E-07  5.59235E-09  8.71686E-10  8.15276E-16  1.13745E-16
  4.250E-02  1.37554E-07  5.59235E-09  8.71686E-10  8.66231E-16  1.20854E-16
  4.500E-02  1.54213E-07  5.59235E-09  8.71686E-10  9.17185E-16  1.27963E-16
  4.750E-02  1.71823E-07  5.59234E-09  8.71686E-10  9.68139E-16  1.35072E-16
  5.000E-02  1.90386E-07  5.59234E-09  8.71686E-10  1.01909E-15  1.42181E-16
  5.250E-02  2.09900E-07  5.59234E-09  8.71686E-10  1.07005E-15  1.49290E-16
  5.500E-02  2.30367E-07  5.59234E-09  8.71686E-10  1.12100E-15  1.56399E-16
  5.750E-02  2.51785E-07  5.59233E-09  8.71686E-10  1.17196E-15  1.63508E-16
  6.000E-02  2.74156E-07  5.59233E-09  8.71686E-10  1.22291E-15  1.70617E-16
  6.250E-02  2.97478E-07  5.59233E-09  8.71685E-10  1.27386E-15  1.77726E-16
  6.500E-02  3.21752E-07  5.59232E-09  8.71685E-10  1.32482E-15  1.84835E-16
  6.750E-02  3.46978E-07  5.59232E-09  8.71685E-10  1.37577E-15  1.91945E-16
  7.000E-02  3.73156E-07  5.59232E-09  8.71685E-10  1.42672E-15  1.99054E-16
  7.250E-02  4.00286E-07  5.59231E-09  8.71685E-10  1.47768E-15  2.06163E-16
  7.500E-02  4.28368E-07  5.59231E-09  8.71685E-10  1.52863E-15  2.13272E-16
  7.750E-02  4.57402E-07  5.59231E-09  8.71685E-10  1.57959E-15  2.20381E-16
  8.000E-02  4.87388E-07  5.59230E-09  8.71685E-10  1.63054E-15  2.27490E-16
  8.250E-02  5.18325E-07  5.59230E-09  8.71685E-10  1.68149E-15  2.34599E-16
  8.500E-02  5.50215E-07  5.59229E-09  8.71684E-10  1.73244E-15  2.41708E-16
  8.750E-02  5.83057E-07  5.59229E-09  8.71684E-10  1.78340E-15  2.48817E-16
  9.000E-02  6.16850E-07  5.59229E-09  8.71684E-10  1.83435E-15  2.55926E-16
  9.250E-02  6.51596E-07  5.59228E-09  8.71684E-10  1.88530E-15  2.63035E-16
  9.500E-02  6.87293E-07  5.59228E-09  8.71684E-10  1.93626E-15  2.70144E-16
  9.750E-02  7.23942E-07  5.59227E-09  8.71684E-10  1.98721E-15  2.77253E-16
  1.000E-01  7.61543E-07  5.59227E-09  8.71684E-10  2.03816E-15  2.84362E-16
  1.250E-01  1.18991E-06  5.59221E-09  8.71682E-10  2.54768E-15  3.55451E-16
  1.500E-01  1.71347E-06  5.59214E-09  8.71680E-10  3.05717E-15  4.26540E-16
  1.750E-01  2.33223E-06  5.59206E-09  8.71677E-10  3.56665E-15  4.97629E-16
  2.000E-01  3.04617E-06  5.59197E-09  8.71675E-10  4.07611E-15  5.68717E-16
  2.250E-01  3.85531E-06  5.59186E-09  8.71671E-10  4.58553E-15  6.39804E-16
  2.500E-01  4.75964E-06  5.59175E-09  8.71668E-10  5.09493E-15  7.10890E-16
  2.750E-01  5.75916E-06  5.59161E-09  8.71664E-10  5.60429E-15  7.81975E-16
  3.000E-01  6.85388E-06  5.59147E-09  8.71660E-10  6.11362E-15  8.53059E-16
  3.250E-01  8.04378E-06  5.59132E-09  8.71655E-10  6.62291E-15  9.24142E-16
  3.500E-01  9.32888E-06  5.59115E-09  8.71650E-10  7.13215E-15  9.95223E-16
  3.750E-01  1.07092E-05  5.59097E-09  8.71644E-10  7.64135E-15  1.06630E-15
  4.000E-01  1.21846E-05  5.59078E-09  8.71638E-10  8.15049E-15  1.13738E-15
  4.250E-01  1.37553E-05  5.59057E-09  8.71632E-10  8.65958E-15  1.20846E-15
  4.500E-01  1.54212E-05  5.59035E-09  8.71626E-10  9.16862E-15  1.27953E-15
  4.750E-01  1.71822E-05  5.59013E-09  8.71619E-10  9.67759E-15  1.35061E-15
  5.000E-01  1.90385E-05  5.58988E-09  8.71611E-10  1.01865E-14  1.42168E-15
  5.250E-01  2.09899E-05  5.58963E-09  8.71604E-10  1.06953E-14  1.49275E-15
  5.500E-01  2.30365E-05  5.58936E-09  8.71595E-10  1.12041E-14  1.56381E-15
  5.750E-01  2.51783E-05  5.58908E-09  8.71587E-10  1.17128E-14  1.63488E-15
  6.000E-01  2.74153E-05  5.58879E-09  8.71578E-10  1.22214E-14  1.70594E-15
  6.250E-01  2.97475E-05  5.58849E-09  8.71569E-10  1.27300E-14  1.77700E-15
  6.500E-01  3.21749E-05  5.58817E-09  8.71559E-10  1.32384E-14  1.84806E-15
  6.750E-01  3.46974E-05  5.58784E-09  8.71549E-10  1.37468E-14  1.91911E-15
  7.000E-01  3.73152E-05  5.58750E-09  8.71539E-10  1.42551E-14  1.99017E-15
  7.250E-01  4.00281E-05  5.58715E-09  8.71528E-10  1.47633E-14  2.06122E-15
  7.500E-01  4.28362E-05  5.58678E-09  8.71517E-10  1.52714E-14  2.13226E-15
  7.750E-01  4.57395E-05  5.58640E-09  8.71506E-10  1.57794E-14  2.20330E-15
  8.000E-01  4.87380E-05  5.58601E-09  8.71494E-10  1.62873E-14  2.27434E-15
  8.250E-01  5.18317E-05  5.58561E-09  8.71482E-10  1.67950E-14  2.34538E-15
  8.500E-01  5.50205E-05  5.58520E-09  8.71469E-10  1.73027E-14  2.41642E-15
  8.750E-01  5.83045E-05  5.58477E-09  8.71456E-10  1.78103E-14  2.48745E-15
  9.000E-01  6.16838E-05  5.58433E-09  8.71443E-10  1.83177E-14  2.55847E-15
  9.250E-01  6.51582E-05  5.58388E-09  8.71429E-10  1.88250E-14  2.62949E-15
  9.500E-01  6.87277E-05  5.58341E-09  8.71415E-10  1.93322E-14  2.70051E-15
  9.750E-01  7.23925E-05  5.58293E-09  8.71400E-10  1.98393E-14  2.77153E-15
  1.000E+00  7.61524E-05  5.58245E-09  8.71385E-10  2.03462E-14  2.84254E-15
  1.100E+00  9.21439E-05  5.58037E-09  8.71322E-10  2.23726E-14  3.12654E-15
  1.200E+00  1.09658E-04  5.57809E-09  8.71253E-10  2.43966E-14  3.41047E-15
  1.300E+00  1.28695E-04  5.57562E-09  8.71178E-10  2.64181E-14  3.69433E-15
  1.400E+00  1.49255E-04  5.57295E-09  8.71096E-10  2.84368E-14  3.97809E-15
  1.500E+00  1.71338E-04  5.57009E-09  8.71009E-10  3.04525E-14  4.26177E-15
  1.600E+00  1.94942E-04  5.56703E-09  8.70916E-10  3.24650E-14  4.54535E-15
  1.700E+00  2.20070E-04  5.56378E-09  8.70816E-10  3.44742E-14  4.82882E-15
  1.800E+00  2.46720E-04  5.56033E-09  8.70711E-10  3.64797E-14  5.11219E-15
  1.900E+00  2.74892E-04  5.55670E-09  8.70600E-10  3.84815E-14  5.39544E-15
  2.000E+00  3.04586E-04  5.55287E-09  8.70483E-10  4.04792E-14  5.67856E-15
  2.100E+00  3.35803E-04  5.54884E-09  8.70359E-10  4.24727E-14  5.96155E-15
  2.200E+00  3.68542E-04  5.54463E-09  8.70230E-10  4.44618E-14  6.24441E-15
  2.300E+00  4.02802E-04  5.54023E-09  8.70095E-10  4.64463E-14  6.52713E-15
  2.400E+00  4.38585E-04  5.53564E-09  8.69954E-10  4.84260E-14  6.80969E-15
  2.500E+00  4.75889E-04  5.53086E-09  8.69807E-10  5.04007E-14  7.09210E-15
  2.600E+00  5.14715E-04  5.52590E-09  8.69654E-10  5.23702E-14  7.37435E-15
  2.700E+00  5.55063E-04  5.52074E-09  8.69495E-10  5.43343E-14  7.65643E-15
  2.800E+00  5.96931E-04  5.51540E-09  8.69330E-10  5.62928E-14  7.93833E-15
  2.900E+00  6.40321E-04  5.50988E-09  8.69159E-10  5.82455E-14  8.22005E-15
  3.000E+00  6.85233E-04  5.50417E-09  8.68983E-10  6.01923E-14  8.50159E-15
  3.100E+00  7.31665E-04  5.49828E-09  8.68800E-10  6.21329E-14  8.78293E-15
  3.200E+00  7.79618E-04  5.49221E-09  8.68611E-10  6.40672E-14  9.06407E-15
  3.300E+00  8.29092E-04  5.48596E-09  8.68417E-10  6.59949E-14  9.34501E-15
  3.400E+00  8.80086E-04  5.47953E-09  8.68217E-10  6.79160E-14  9.62573E-15
  3.500E+00  9.32601E-04  5.47292E-09  8.68011E-10  6.98302E-14  9.90623E-15
  3.600E+00  9.86636E-04  5.46614E-09  8.67799E-10  7.17373E-14  1.01865E-14
  3.700E+00  1.04219E-03  5.45918E-09  8.67581E-10  7.36371E-14  1.04666E-14
  3.800E+00  1.09927E-03  5.45204E-09  8.67357E-10  7.55296E-14  1.07464E-14
  3.900E+00  1.15786E-03  5.44473E-09  8.67127E-10  7.74145E-14  1.10259E-14
  4.000E+00  1.21797E-03  5.43725E-09  8.66892E-10  7.92916E-14  1.13052E-14
  4.100E+00  1.27961E-03  5.42960E-09  8.66651E-10  8.11608E-14  1.15843E-14
  4.200E+00  1.34276E-03  5.42178E-09  8.66404E-10  8.30220E-14  1.18631E-14
  4.300E+00  1.40743E-03  5.41379E-09  8.66151E-10  8.48749E-14  1.21416E-14
  4.400E+00  1.47362E-03  5.40564E-09  8.65892E-10  8.67193E-14  1.24199E-14
  4.500E+00  1.54133E-03  5.39731E-09  8.65628E-10  8.85553E-14  1.26979E-14
  4.600E+00  1.61056E-03  5.38883E-09  8.65357E-10  9.03825E-14  1.29755E-14
  4.700E+00  1.68131E-03  5.38018E-09  8.65081E-10  9.22009E-14  1.32529E-14
  4.800E+00  1.75357E-03  5.37138E-09  8.64800E-10  9.40102E-14  1.35300E-14
  4.900E+00  1.82735E-03  5.36241E-09  8.64512E-10  9.58104E-14  1.38068E-14
  5.000E+00  1.90265E-03  5.35328E-09  8.64219E-10  9.76012E-14  1.40833E-14
  5.100E+00  1.97947E-03  5.34400E-09  8.63920E-10  9.93827E-14  1.43595E-14
  5.200E+00  2.05780E-03  5.33457E-09  8.63616E-10  1.01154E-13  1.46353E-14
  5.300E+00  2.13765E-03  5.32498E-09  8.63306E-10  1.02917E-13  1.49108E-14
  5.400E+00  2.21902E-03  5.31524E-09  8.62990E-10  1.04669E-13  1.51860E-14
  5.500E+00  2.30190E-03  5.30535E-09  8.62668E-10  1.06411E-13  1.54608E-14
  5.600E+00  2.38630E-03  5.29531E-09  8.62341E-10  1.08143E-13  1.57353E-14
  5.700E+00  2.47222E-03  5.28512E-09  8.62008E-10  1.09865E-13  1.60094E-14
  5.800E+00  2.55965E-03  5.27479E-09  8.61670E-10  1.11577E-13  1.62832E-14
  5.900E+00  2.64859E-03  5.26432E-09  8.61326E-10  1.13278E-13  1.65566E-14
  6.000E+00  2.73905E-03  5.25370E-09  8.60976E-10  1.14968E-13  1.68297E-14
  6.100E+00  2.83103E-03  5.24295E-09  8.60621E-10  1.16648E-13  1.71024E-14
  6.200E+00  2.92452E-03  5.23206E-09  8.60261E-10  1.18316E-13  1.73746E-14
  6.300E+00  3.01952E-03  5.22103E-09  8.59894E-10  1.19974E-13  1.76465E-14
  6.400E+00  3.11604E-03  5.20986E-09  8.59523E-10  1.21621E-13  1.79181E-14
  6.500E+00  3.21407E-03  5.19856E-09  8.59145E-10  1.23257E-13  1.81892E-14
  6.600E+00  3.31362E-03  5.18714E-09  8.58763E-10  1.24881E-13  1.84599E-14
  6.700E+00  3.41468E-03  5.17558E-09  8.58375E-10  1.26494E-13  1.87302E-14
  6.800E+00  3.51725E-03  5.16389E-09  8.57981E-10  1.28096E-13  1.90001E-14
  6.900E+00  3.62133E-03  5.15208E-09  8.57582E-10  1.29686E-13  1.92695E-14
  7.000E+00  3.72692E-03  5.14015E-09  8.57177E-10  1.31264E-13  1.95386E-14
  7.100E+00  3.83403E-03  5.12809E-09  8.56767E-10  1.32830E-13  1.98072E-14
  7.200E+00  3.94265E-03  5.11591E-09  8.56352E-10  1.34385E-13  2.00753E-14
  7.300E+00  4.05278E-03  5.10362E-09  8.55931E-10  1.35928E-13  2.03431E-14
  7.400E+00  4.16442E-03  5.09120E-09  8.55505E-10  1.37459E-13  2.06104E-14
  7.500E+00  4.27757E-03  5.07868E-09  8.55074E-10  1.38978E-13  2.08772E-14
  7.600E+00  4.39223E-03  5.06604E-09  8.54637E-10  1.40485E-13  2.11436E-14
  7.700E+00  4.50840E-03  5.05329E-09  8.54195E-10  1.41979E-13  2.14095E-14
  7.800E+00  4.62608E-03  5.04043E-09  8.53748E-10  1.43462E-13  2.16749E-14
  7.900E+00  4.74527E-03  5.02746E-09  8.53295E-10  1.44931E-13  2.19399E-14
  8.000E+00  4.86597E-03  5.01439E-09  8.52838E-10  1.46389E-13  2.22044E-14
  8.100E+00  4.98817E-03  5.00121E-09  8.52375E-10  1.47834E-13  2.24684E-14
  8.200E+00  5.11188E-03  4.98793E-09  8.51906E-10  1.49267E-13  2.27319E-14
  8.300E+00  5.23711E-03  4.97455E-09  8.51433E-10  1.50687E-13  2.29949E-14
  8.400E+00  5.36383E-03  4.96108E-09  8.50954E-10  1.52094E-13  2.32574E-14
  8.500E+00  5.49207E-03  4.94750E-09  8.50471E-10  1.53489E-13  2.35194E-14
  8.600E+00  5.62181E-03  4.93384E-09  8.49982E-10  1.54871E-13  2.37809E-14
  8.700E+00  5.75306E-03  4.92008E-09  8.49488E-10  1.56240E-13  2.40419E-14
  8.800E+00  5.88581E-03  4.90623E-09  8.48989E-10  1.57597E-13  2.43024E-14
  8.900E+00  6.02007E-03  4.89229E-09  8.48485E-10  1.58940E-13  2.45624E-14
  9.000E+00  6.15583E-03  4.87827E-09  8.47976E-10  1.60271E-13  2.48218E-14
  9.100E+00  6.29310E-03  4.86416E-09  8.47461E-10  1.61589E-13  2.50807E-14
  9.200E+00  6.43187E-03  4.84997E-09  8.46942E-10  1.62894E-13  2.53390E-14
  9.300E+00  6.57214E-03  4.83570E-09  8.46418E-10  1.64186E-13  2.55968E-14
  9.400E+00  6.71392E-03  4.82134E-09  8.45889E-10  1.65465E-13  2.58541E-14
  9.500E+00  6.85720E-03  4.80691E-09  8.45355E-10  1.66731E-13  2.61108E-14
  9.600E+00  7.00198E-03  4.79241E-09  8.44816E-10  1.67984E-13  2.63669E-14
  9.700E+00  7.14827E-03  4.77783E-09  8.44272E-10  1.69224E-13  2.66225E-14
  9.800E+00  7.29605E-03  4.76318E-09  8.43723E-10  1.70451E-13  2.68775E-14
  9.900E+00  7.44534E-03  4.74846E-09  8.43169E-10  1.71665E-13  2.71320E-14
  1.000E+01  7.59612E-03  4.73367E-09  8.42611E-10  1.72866E-13  2.73859E-14
  1.025E+01  7.97965E-03  4.69642E-09  8.41194E-10  1.75810E-13  2.80180E-14
  1.050E+01  8.37255E-03  4.65877E-09  8.39747E-10  1.78673E-13  2.86465E-14
  1.075E+01  8.77480E-03  4.62077E-09  8.38271E-10  1.81454E-13  2.92712E-14
  1.100E+01  9.18641E-03  4.58244E-09  8.36765E-10  1.84154E-13  2.98920E-14
  1.125E+01  9.60736E-03  4.54380E-09  8.35231E-10  1.86772E-13  3.05090E-14
  1.150E+01  1.00376E-02  4.50489E-09  8.33669E-10  1.89308E-13  3.11220E-14
  1.175E+01  1.04773E-02  4.46573E-09  8.32079E-10  1.91764E-13  3.17310E-14
  1.200E+01  1.09262E-02  4.42634E-09  8.30461E-10  1.94140E-13  3.23360E-14
  1.225E+01  1.13844E-02  4.38676E-09  8.28816E-10  1.96435E-13  3.29368E-14
  1.250E+01  1.18520E-02  4.34700E-09  8.27145E-10  1.98652E-13  3.35334E-14
  1.275E+01  1.23288E-02  4.30708E-09  8.25447E-10  2.00789E-13  3.41258E-14
  1.300E+01  1.28150E-02  4.26705E-09  8.23723E-10  2.02849E-13  3.47138E-14
  1.325E+01  1.33104E-02  4.22691E-09  8.21973E-10  2.04831E-13  3.52976E-14
  1.350E+01  1.38150E-02  4.18668E-09  8.20199E-10  2.06737E-13  3.58769E-14
  1.375E+01  1.43290E-02  4.14640E-09  8.18399E-10  2.08567E-13  3.64518E-14
  1.400E+01  1.48521E-02  4.10608E-09  8.16576E-10  2.10323E-13  3.70222E-14
  1.425E+01  1.53845E-02  4.06575E-09  8.14728E-10  2.12005E-13  3.75880E-14
  1.450E+01  1.59262E-02  4.02541E-09  8.12857E-10  2.13614E-13  3.81493E-14
  1.475E+01  1.64770E-02  3.98510E-09  8.10963E-10  2.15152E-13  3.87059E-14
  1.500E+01  1.70371E-02  3.94483E-09  8.09045E-10  2.16618E-13  3.92579E-14
  1.525E+01  1.76063E-02  3.90462E-09  8.07106E-10  2.18016E-13  3.98052E-14
  1.550E+01  1.81848E-02  3.86448E-09  8.05145E-10  2.19345E-13  4.03477E-14
  1.575E+01  1.87724E-02  3.82444E-09  8.03162E-10  2.20606E-13  4.08854E-14
  1.600E+01  1.93692E-02  3.78451E-09  8.01159E-10  2.21802E-13  4.14183E-14
  1.625E+01  1.99751E-02  3.74470E-09  7.99134E-10  2.22932E-13  4.19464E-14
  1.650E+01  2.05901E-02  3.70503E-09  7.97090E-10  2.23999E-13  4.24696E-14
  1.675E+01  2.12143E-02  3.66551E-09  7.95026E-10  2.25004E-13  4.29879E-14
  1.700E+01  2.18476E-02  3.62616E-09  7.92942E-10  2.25947E-13  4.35013E-14
  1.725E+01  2.24900E-02  3.58700E-09  7.90840E-10  2.26830E-13  4.40096E-14
  1.750E+01  2.31415E-02  3.54802E-09  7.88719E-10  2.27654E-13  4.45130E-14
  1.775E+01  2.38021E-02  3.50925E-09  7.86580E-10  2.28421E-13  4.50114E-14
  1.800E+01  2.44717E-02  3.47069E-09  7.84424E-10  2.29132E-13  4.55048E-14
  1.825E+01  2.51504E-02  3.43236E-09  7.82250E-10  2.29788E-13  4.59931E-14
  1.850E+01  2.58382E-02  3.39427E-09  7.80059E-10  2.30390E-13  4.64763E-14
  1.875E+01  2.65349E-02  3.35642E-09  7.77852E-10  2.30940E-13  4.69544E-14
  1.900E+01  2.72407E-02  3.31883E-09  7.75630E-10  2.31438E-13  4.74274E-14
  1.925E+01  2.79555E-02  3.28150E-09  7.73391E-10  2.31887E-13  4.78953E-14
  1.950E+01  2.86793E-02  3.24444E-09  7.71138E-10  2.32287E-13  4.83580E-14
  1.975E+01  2.94120E-02  3.20766E-09  7.68870E-10  2.32640E-13  4.88156E-14
  2.000E+01  3.01537E-02  3.17117E-09  7.66587E-10  2.32947E-13  4.92680E-14
  2.025E+01  3.09043E-02  3.13496E-09  7.64291E-10  2.33208E-13  4.97153E-14
  2.050E+01  3.16639E-02  3.09906E-09  7.61981E-10  2.33426E-13  5.01574E-14
  2.075E+01  3.24324E-02  3.06345E-09  7.59659E-10  2.33602E-13  5.05943E-14
  2.100E+01  3.32098E-02  3.02816E-09  7.57323E-10  2.33736E-13  5.10260E-14
  2.125E+01  3.39961E-02  2.99318E-09  7.54976E-10  2.33831E-13  5.14525E-14
  2.150E+01  3.47912E-02  2.95851E-09  7.52617E-10  2.33886E-13  5.18738E-14
  2.175E+01  3.55952E-02  2.92417E-09  7.50246E-10  2.33904E-13  5.22899E-14
  2.200E+01  3.64081E-02  2.89015E-09  7.47864E-10  2.33884E-13  5.27008E-14
  2.225E+01  3.72297E-02  2.85646E-09  7.45472E-10  2.33830E-13  5.31065E-14
  2.250E+01  3.80602E-02  2.82309E-09  7.43069E-10  2.33741E-13  5.35069E-14
  2.275E+01  3.88995E-02  2.79007E-09  7.40657E-10  2.33618E-13  5.39022E-14
  2.300E+01  3.97476E-02  2.75737E-09  7.38235E-10  2.33464E-13  5.42924E-14
  2.325E+01  4.06044E-02  2.72501E-09  7.35804E-10  2.33278E-13  5.46773E-14
  2.350E+01  4.14700E-02  2.69299E-09  7.33365E-10  2.33061E-13  5.50570E-14
  2.375E+01  4.23443E-02  2.66131E-09  7.30917E-10  2.32816E-13  5.54316E-14
  2.400E+01  4.32273E-02  2.62997E-09  7.28461E-10  2.32542E-13  5.58010E-14
  2.425E+01  4.41190E-02  2.59897E-09  7.25998E-10  2.32241E-13  5.61652E-14
  2.450E+01  4.50194E-02  2.56831E-09  7.23527E-10  2.31914E-13  5.65243E-14
  2.475E+01  4.59284E-02  2.53799E-09  7.21050E-10  2.31561E-13  5.68783E-14
  2.500E+01  4.68461E-02  2.50801E-09  7.18566E-10  2.31184E-13  5.72272E-14
  2.550E+01  4.87074E-02  2.44908E-09  7.13580E-10  2.30360E-13  5.79096E-14
  2.600E+01  5.06030E-02  2.39150E-09  7.08573E-10  2.29448E-13  5.85717E-14
  2.650E+01  5.25328E-02  2.33528E-09  7.03547E-10  2.28455E-13  5.92136E-14
  2.700E+01  5.44967E-02  2.28039E-09  6.98505E-10  2.27388E-13  5.98355E-14
  2.750E+01  5.64946E-02  2.22683E-09  6.93449E-10  2.26251E-13  6.04375E-14
  2.800E+01  5.85262E-02  2.17459E-09  6.88382E-10  2.25051E-13  6.10199E-14
  2.850E+01  6.05914E-02  2.12363E-09  6.83306E-10  2.23793E-13  6.15827E-14
  2.900E+01  6.26901E-02  2.07396E-09  6.78225E-10  2.22482E-13  6.21262E-14
  2.950E+01  6.48222E-02  2.02554E-09  6.73139E-10  2.21123E-13  6.26506E-14
  3.000E+01  6.69873E-02  1.97835E-09  6.68052E-10  2.19721E-13  6.31561E-14
  3.050E+01  6.91854E-02  1.93238E-09  6.62965E-10  2.18278E-13  6.36429E-14
  3.100E+01  7.14163E-02  1.88761E-09  6.57881E-10  2.16801E-13  6.41113E-14
  3.150E+01  7.36799E-02  1.84399E-09  6.52802E-10  2.15291E-13  6.45614E-14
  3.200E+01  7.59760E-02  1.80152E-09  6.47729E-10  2.13753E-13  6.49935E-14
  3.250E+01  7.83043E-02  1.76017E-09  6.42665E-10  2.12190E-13  6.54079E-14
  3.300E+01  8.06647E-02  1.71992E-09  6.37612E-10  2.10606E-13  6.58049E-14
  3.350E+01  8.30571E-02  1.68073E-09  6.32571E-10  2.09002E-13  6.61846E-14
  3.400E+01  8.54812E-02  1.64258E-09  6.27544E-10  2.07382E-13  6.65473E-14
  3.450E+01  8.79369E-02  1.60546E-09  6.22532E-10  2.05748E-13  6.68934E-14
  3.500E+01  9.04240E-02  1.56933E-09  6.17537E-10  2.04102E-13  6.72230E-14
  3.550E+01  9.29422E-02  1.53416E-09  6.12561E-10  2.02448E-13  6.75365E-14
  3.600E+01  9.54915E-02  1.49994E-09  6.07605E-10  2.00786E-13  6.78340E-14
  3.650E+01  9.80716E-02  1.46664E-09  6.02670E-10  1.99118E-13  6.81160E-14
  3.700E+01  1.00682E-01  1.43424E-09  5.97758E-10  1.97447E-13  6.83827E-14
  3.750E+01  1.03323E-01  1.40270E-09  5.92870E-10  1.95774E-13  6.86343E-14
  3.800E+01  1.05995E-01  1.37202E-09  5.88007E-10  1.94100E-13  6.88711E-14
  3.850E+01  1.08696E-01  1.34216E-09  5.83170E-10  1.92428E-13  6.90935E-14
  3.900E+01  1.11427E-01  1.31310E-09  5.78360E-10  1.90757E-13  6.93016E-14
  3.950E+01  1.14188E-01  1.28482E-09  5.73578E-10  1.89090E-13  6.94958E-14
  4.000E+01  1.16978E-01  1.25730E-09  5.68826E-10  1.87427E-13  6.96764E-14
  4.050E+01  1.19797E-01  1.23052E-09  5.64103E-10  1.85769E-13  6.98435E-14
  4.100E+01  1.22645E-01  1.20445E-09  5.59412E-10  1.84118E-13  6.99976E-14
  4.150E+01  1.25522E-01  1.17908E-09  5.54752E-10  1.82473E-13  7.01388E-14
  4.200E+01  1.28428E-01  1.15439E-09  5.50125E-10  1.80837E-13  7.02675E-14
  4.250E+01  1.31361E-01  1.13035E-09  5.45530E-10  1.79209E-13  7.03839E-14
  4.300E+01  1.34323E-01  1.10694E-09  5.40970E-10  1.77591E-13  7.04882E-14
  4.350E+01  1.37313E-01  1.08416E-09  5.36443E-10  1.75982E-13  7.05808E-14
  4.400E+01  1.40330E-01  1.06198E-09  5.31952E-10  1.74384E-13  7.06620E-14
  4.450E+01  1.43375E-01  1.04038E-09  5.27495E-10  1.72796E-13  7.07318E-14
  4.500E+01  1.46447E-01  1.01935E-09  5.23075E-10  1.71220E-13  7.07907E-14
  4.550E+01  1.49545E-01  9.98866E-10  5.18691E-10  1.69655E-13  7.08389E-14
  4.600E+01  1.52671E-01  9.78917E-10  5.14343E-10  1.68102E-13  7.08766E-14
  4.650E+01  1.55823E-01  9.59487E-10  5.10032E-10  1.66561E-13  7.09041E-14
  4.700E+01  1.59001E-01  9.40560E-10  5.05759E-10  1.65033E-13  7.09216E-14
  4.750E+01  1.62205E-01  9.22122E-10  5.01523E-10  1.63517E-13  7.09294E-14
  4.800E+01  1.65435E-01  9.04157E-10  4.97325E-10  1.62014E-13  7.09277E-14
  4.850E+01  1.68690E-01  8.86653E-10  4.93165E-10  1.60525E-13  7.09167E-14
  4.900E+01  1.71970E-01  8.69596E-10  4.89043E-10  1.59048E-13  7.08966E-14
  4.950E+01  1.75276E-01  8.52973E-10  4.84959E-10  1.57585E-13  7.08677E-14
  5.000E+01  1.78606E-01  8.36771E-10  4.80914E-10  1.56135E-13  7.08303E-14
  5.050E+01  1.81961E-01  8.20977E-10  4.76907E-10  1.54699E-13  7.07845E-14
  5.100E+01  1.85340E-01  8.05581E-10  4.72939E-10  1.53276E-13  7.07305E-14
  5.150E+01  1.88743E-01  7.90570E-10  4.69009E-10  1.51866E-13  7.06686E-14
  5.200E+01  1.92169E-01  7.75933E-10  4.65118E-10  1.50471E-13  7.05989E-14
  5.250E+01  1.95619E-01  7.61660E-10  4.61266E-10  1.49089E-13  7.05217E-14
  5.300E+01  1.99092E-01  7.47740E-10  4.57453E-10  1.47720E-13  7.04371E-14
  5.350E+01  2.02589E-01  7.34163E-10  4.53678E-10  1.46365E-13  7.03454E-14
  5.400E+01  2.06107E-01  7.20918E-10  4.49941E-10  1.45023E-13  7.02468E-14
  5.450E+01  2.09649E-01  7.07997E-10  4.46243E-10  1.43695E-13  7.01414E-14
  5.500E+01  2.13212E-01  6.95390E-10  4.42584E-10  1.42380E-13  7.00294E-14
  5.550E+01  2.16797E-01  6.83088E-10  4.38962E-10  1.41079E-13  6.99110E-14
  5.600E+01  2.20404E-01  6.71083E-10  4.35379E-10  1.39790E-13  6.97863E-14
  5.650E+01  2.24032E-01  6.59366E-10  4.31834E-10  1.38515E-13  6.96557E-14
  5.700E+01  2.27680E-01  6.47929E-10  4.28327E-10  1.37253E-13  6.95191E-14
  5.750E+01  2.31350E-01  6.36764E-10  4.24857E-10  1.36004E-13  6.93768E-14
  5.800E+01  2.35040E-01  6.25863E-10  4.21425E-10  1.34768E-13  6.92289E-14
  5.850E+01  2.38751E-01  6.15220E-10  4.18030E-10  1.33545E-13  6.90757E-14
  5.900E+01  2.42481E-01  6.04826E-10  4.14672E-10  1.32334E-13  6.89172E-14
  5.950E+01  2.46231E-01  5.94675E-10  4.11351E-10  1.31136E-13  6.87536E-14
  6.000E+01  2.50000E-01  5.84760E-10  4.08066E-10  1.29950E-13  6.85850E-14
  6.050E+01  2.53788E-01  5.75075E-10  4.04818E-10  1.28776E-13  6.84116E-14
  6.100E+01  2.57595E-01  5.65613E-10  4.01606E-10  1.27615E-13  6.82336E-14
  6.150E+01  2.61421E-01  5.56369E-10  3.98431E-10  1.26466E-13  6.80510E-14
  6.200E+01  2.65264E-01  5.47335E-10  3.95290E-10  1.25328E-13  6.78640E-14
  6.250E+01  2.69126E-01  5.38507E-10  3.92186E-10  1.24203E-13  6.76728E-14
  6.300E+01  2.73005E-01  5.29879E-10  3.89116E-10  1.23089E-13  6.74774E-14
  6.350E+01  2.76901E-01  5.21446E-10  3.86081E-10  1.21986E-13  6.72780E-14
  6.400E+01  2.80814E-01  5.13202E-10  3.83081E-10  1.20895E-13  6.70747E-14
  6.450E+01  2.84744E-01  5.05141E-10  3.80115E-10  1.19816E-13  6.68677E-14
  6.500E+01  2.88691E-01  4.97261E-10  3.77183E-10  1.18747E-13  6.66569E-14
  6.550E+01  2.92653E-01  4.89554E-10  3.74285E-10  1.17689E-13  6.64426E-14
  6.600E+01  2.96632E-01  4.82018E-10  3.71420E-10  1.16643E-13  6.62249E-14
  6.650E+01  3.00625E-01  4.74647E-10  3.68589E-10  1.15606E-13  6.60038E-14
  6.700E+01  3.04634E-01  4.67437E-10  3.65790E-10  1.14581E-13  6.57795E-14
  6.750E+01  3.08658E-01  4.60384E-10  3.63024E-10  1.13566E-13  6.55521E-14
  6.800E+01  3.12697E-01  4.53483E-10  3.60290E-10  1.12561E-13  6.53217E-14
  6.850E+01  3.16749E-01  4.46731E-10  3.57588E-10  1.11566E-13  6.50883E-14
  6.900E+01  3.20816E-01  4.40124E-10  3.54918E-10  1.10582E-13  6.48520E-14
  6.950E+01  3.24896E-01  4.33659E-10  3.52278E-10  1.09607E-13  6.46130E-14
  7.000E+01  3.28990E-01  4.27331E-10  3.49670E-10  1.08642E-13  6.43714E-14
  7.050E+01  3.33097E-01  4.21136E-10  3.47093E-10  1.07687E-13  6.41271E-14
  7.100E+01  3.37216E-01  4.15073E-10  3.44546E-10  1.06741E-13  6.38804E-14
  7.150E+01  3.41348E-01  4.09137E-10  3.42029E-10  1.05805E-13  6.36313E-14
  7.200E+01  3.45492E-01  4.03325E-10  3.39542E-10  1.04878E-13  6.33798E-14
  7.250E+01  3.49647E-01  3.97633E-10  3.37084E-10  1.03960E-13  6.31261E-14
  7.300E+01  3.53814E-01  3.92060E-10  3.34655E-10  1.03051E-13  6.28702E-14
  7.350E+01  3.57992E-01  3.86602E-10  3.32256E-10  1.02151E-13  6.26122E-14
  7.400E+01  3.62181E-01  3.81256E-10  3.29884E-10  1.01259E-13  6.23522E-14
  7.450E+01  3.66381E-01  3.76019E-10  3.27541E-10  1.00377E-13  6.20902E-14
  7.500E+01  3.70590E-01  3.70889E-10  3.25226E-10  9.95024E-14  6.18263E-14
  7.550E+01  3.74810E-01  3.65863E-10  3.22939E-10  9.86365E-14  6.15605E-14
  7.600E+01  3.79039E-01  3.60938E-10  3.20678E-10  9.77789E-14  6.12930E-14
  7.650E+01  3.83277E-01  3.56113E-10  3.18445E-10  9.69294E-14  6.10238E-14
  7.700E+01  3.87524E-01  3.51384E-10  3.16239E-10  9.60880E-14  6.07530E-14
  7.750E+01  3.91780E-01  3.46750E-10  3.14059E-10  9.52545E-14  6.04805E-14
  7.800E+01  3.96044E-01  3.42207E-10  3.11904E-10  9.44288E-14  6.02066E-14
  7.850E+01  4.00316E-01  3.37755E-10  3.09776E-10  9.36108E-14  5.99311E-14
  7.900E+01  4.04596E-01  3.33390E-10  3.07673E-10  9.28004E-14  5.96542E-14
  7.950E+01  4.08882E-01  3.29111E-10  3.05596E-10  9.19975E-14  5.93760E-14
  8.000E+01  4.13176E-01  3.24915E-10  3.03543E-10  9.12019E-14  5.90965E-14
  8.050E+01  4.17476E-01  3.20801E-10  3.01515E-10  9.04136E-14  5.88156E-14
  8.100E+01  4.21783E-01  3.16767E-10  2.99512E-10  8.96325E-14  5.85336E-14
  8.150E+01  4.26095E-01  3.12811E-10  2.97532E-10  8.88584E-14  5.82504E-14
  8.200E+01  4.30413E-01  3.08931E-10  2.95576E-10  8.80912E-14  5.79660E-14
  8.250E+01  4.34737E-01  3.05125E-10  2.93644E-10  8.73309E-14  5.76806E-14
  8.300E+01  4.39065E-01  3.01392E-10  2.91735E-10  8.65774E-14  5.73941E-14
  8.350E+01  4.43398E-01  2.97730E-10  2.89849E-10  8.58305E-14  5.71067E-14
  8.400E+01  4.47736E-01  2.94137E-10  2.87986E-10  8.50901E-14  5.68182E-14
  8.450E+01  4.52077E-01  2.90612E-10  2.86145E-10  8.43563E-14  5.65289E-14
  8.500E+01  4.56422E-01  2.87153E-10  2.84326E-10  8.36287E-14  5.62386E-14
  8.550E+01  4.60770E-01  2.83759E-10  2.82529E-10  8.29075E-14  5.59476E-14
  8.600E+01  4.65122E-01  2.80429E-10  2.80754E-10  8.21925E-14  5.56557E-14
  8.650E+01  4.69476E-01  2.77160E-10  2.79000E-10  8.14835E-14  5.53630E-14
  8.700E+01  4.73832E-01  2.73951E-10  2.77268E-10  8.07806E-14  5.50696E-14
  8.750E+01  4.78190E-01  2.70802E-10  2.75556E-10  8.00836E-14  5.47755E-14
  8.800E+01  4.82550E-01  2.67711E-10  2.73865E-10  7.93924E-14  5.44807E-14
  8.850E+01  4.86912E-01  2.64676E-10  2.72194E-10  7.87070E-14  5.41852E-14
  8.900E+01  4.91274E-01  2.61697E-10  2.70543E-10  7.80273E-14  5.38892E-14
  8.950E+01  4.95637E-01  2.58772E-10  2.68913E-10  7.73531E-14  5.35925E-14
  9.000E+01  5.00000E-01  2.55900E-10  2.67301E-10  7.66844E-14  5.32953E-14
  9.050E+01  5.04363E-01  2.53080E-10  2.65710E-10  7.60212E-14  5.29975E-14
  9.100E+01  5.08726E-01  2.50310E-10  2.64137E-10  7.53633E-14  5.26993E-14
  9.150E+01  5.13088E-01  2.47591E-10  2.62584E-10  7.47107E-14  5.24006E-14
  9.200E+01  5.17450E-01  2.44920E-10  2.61049E-10  7.40633E-14  5.21014E-14
  9.250E+01  5.21810E-01  2.42296E-10  2.59533E-10  7.34210E-14  5.18017E-14
  9.300E+01  5.26168E-01  2.39719E-10  2.58035E-10  7.27837E-14  5.15017E-14
  9.350E+01  5.30524E-01  2.37188E-10  2.56555E-10  7.21514E-14  5.12013E-14
  9.400E+01  5.34878E-01  2.34701E-10  2.55093E-10  7.15241E-14  5.09005E-14
  9.450E+01  5.39230E-01  2.32258E-10  2.53649E-10  7.09015E-14  5.05994E-14
  9.500E+01  5.43578E-01  2.29858E-10  2.52222E-10  7.02837E-14  5.02979E-14
  9.550E+01  5.47923E-01  2.27500E-10  2.50812E-10  6.96706E-14  4.99962E-14
  9.600E+01  5.52264E-01  2.25182E-10  2.49420E-10  6.90622E-14  4.96942E-14
  9.650E+01  5.56602E-01  2.22906E-10  2.48044E-10  6.84583E-14  4.93919E-14
  9.700E+01  5.60935E-01  2.20668E-10  2.46685E-10  6.78588E-14  4.90893E-14
  9.750E+01  5.65263E-01  2.18469E-10  2.45342E-10  6.72639E-14  4.87865E-14
  9.800E+01  5.69587E-01  2.16308E-10  2.44016E-10  6.66732E-14  4.84835E-14
  9.850E+01  5.73905E-01  2.14184E-10  2.42705E-10  6.60869E-14  4.81804E-14
  9.900E+01  5.78217E-01  2.12097E-10  2.41410E-10  6.55049E-14  4.78770E-14
  9.950E+01  5.82524E-01  2.10045E-10  2.40132E-10  6.49270E-14  4.75735E-14
  1.000E+02  5.86824E-01  2.08028E-10  2.38868E-10  6.43532E-14  4.72698E-14
  1.005E+02  5.91118E-01  2.06045E-10  2.37620E-10  6.37835E-14  4.69660E-14
  1.010E+02  5.95404E-01  2.04096E-10  2.36387E-10  6.32178E-14  4.66620E-14
  1.015E+02  5.99684E-01  2.02180E-10  2.35169E-10  6.26561E-14  4.63580E-14
  1.020E+02  6.03956E-01  2.00296E-10  2.33965E-10  6.20982E-14  4.60538E-14
  1.025E+02  6.08220E-01  1.98443E-10  2.32777E-10  6.15442E-14  4.57496E-14
  1.030E+02  6.12476E-01  1.96622E-10  2.31602E-10  6.09939E-14  4.54453E-14
  1.035E+02  6.16723E-01  1.94831E-10  2.30442E-10  6.04474E-14  4.51410E-14
  1.040E+02  6.20961E-01  1.93070E-10  2.29296E-10  5.99046E-14  4.48366E-14
  1.045E+02  6.25190E-01  1.91338E-10  2.28164E-10  5.93654E-14  4.45321E-14
  1.050E+02  6.29410E-01  1.89635E-10  2.27046E-10  5.88297E-14  4.42276E-14
  1.055E+02  6.33619E-01  1.87960E-10  2.25941E-10  5.82976E-14  4.39232E-14
  1.060E+02  6.37819E-01  1.86313E-10  2.24850E-10  5.77689E-14  4.36187E-14
  1.065E+02  6.42008E-01  1.84693E-10  2.23772E-10  5.72437E-14  4.33142E-14
  1.070E+02  6.46186E-01  1.83100E-10  2.22707E-10  5.67218E-14  4.30097E-14
  1.075E+02  6.50353E-01  1.81533E-10  2.21656E-10  5.62033E-14  4.27052E-14
  1.080E+02  6.54508E-01  1.79991E-10  2.20617E-10  5.56880E-14  4.24008E-14
  1.085E+02  6.58652E-01  1.78475E-10  2.19591E-10  5.51760E-14  4.20964E-14
  1.090E+02  6.62784E-01  1.76984E-10  2.18577E-10  5.46672E-14  4.17921E-14
  1.095E+02  6.66903E-01  1.75516E-10  2.17576E-10  5.41615E-14  4.14878E-14
  1.100E+02  6.71010E-01  1.74073E-10  2.16587E-10  5.36589E-14  4.11835E-14
  1.105E+02  6.75104E-01  1.72653E-10  2.15610E-10  5.31593E-14  4.08794E-14
  1.110E+02  6.79184E-01  1.71256E-10  2.14645E-10  5.26628E-14  4.05753E-14
  1.115E+02  6.83251E-01  1.69882E-10  2.13692E-10  5.21692E-14  4.02713E-14
  1.120E+02  6.87303E-01  1.68530E-10  2.12751E-10  5.16785E-14  3.99673E-14
  1.125E+02  6.91342E-01  1.67199E-10  2.11822E-10  5.11908E-14  3.96635E-14
  1.130E+02  6.95366E-01  1.65890E-10  2.10904E-10  5.07058E-14  3.93597E-14
  1.135E+02  6.99375E-01  1.64603E-10  2.09997E-10  5.02237E-14  3.90561E-14
  1.140E+02  7.03368E-01  1.63336E-10  2.09102E-10  4.97443E-14  3.87526E-14
  1.145E+02  7.07347E-01  1.62089E-10  2.08217E-10  4.92677E-14  3.84491E-14
  1.150E+02  7.11309E-01  1.60862E-10  2.07344E-10  4.87937E-14  3.81458E-14
  1.155E+02  7.15256E-01  1.59655E-10  2.06482E-10  4.83224E-14  3.78427E-14
  1.160E+02  7.19186E-01  1.58467E-10  2.05630E-10  4.78537E-14  3.75396E-14
  1.165E+02  7.23099E-01  1.57298E-10  2.04789E-10  4.73876E-14  3.72367E-14
  1.170E+02  7.26995E-01  1.56148E-10  2.03958E-10  4.69240E-14  3.69339E-14
  1.175E+02  7.30874E-01  1.55016E-10  2.03138E-10  4.64629E-14  3.66312E-14
  1.180E+02  7.34736E-01  1.53903E-10  2.02328E-10  4.60043E-14  3.63287E-14
  1.185E+02  7.38579E-01  1.52807E-10  2.01529E-10  4.55481E-14  3.60263E-14
  1.190E+02  7.42405E-01  1.51728E-10  2.00739E-10  4.50942E-14  3.57241E-14
  1.195E+02  7.46212E-01  1.50667E-10  1.99960E-10  4.46428E-14  3.54220E-14
  1.200E+02  7.50000E-01  1.49622E-10  1.99190E-10  4.41937E-14  3.51201E-14
  1.205E+02  7.53769E-01  1.48594E-10  1.98431E-10  4.37468E-14  3.48183E-14
  1.210E+02  7.57519E-01  1.47583E-10  1.97681E-10  4.33022E-14  3.45167E-14
  1.215E+02  7.61249E-01  1.46588E-10  1.96940E-10  4.28599E-14  3.42153E-14
  1.220E+02  7.64960E-01  1.45608E-10  1.96209E-10  4.24197E-14  3.39140E-14
  1.225E+02  7.68650E-01  1.44644E-10  1.95487E-10  4.19818E-14  3.36129E-14
  1.230E+02  7.72320E-01  1.43695E-10  1.94775E-10  4.15459E-14  3.33119E-14
  1.235E+02  7.75968E-01  1.42762E-10  1.94072E-10  4.11121E-14  3.30112E-14
  1.240E+02  7.79596E-01  1.41843E-10  1.93378E-10  4.06805E-14  3.27106E-14
  1.245E+02  7.83203E-01  1.40939E-10  1.92693E-10  4.02508E-14  3.24101E-14
  1.250E+02  7.86788E-01  1.40050E-10  1.92017E-10  3.98232E-14  3.21099E-14
  1.255E+02  7.90351E-01  1.39174E-10  1.91350E-10  3.93975E-14  3.18098E-14
  1.260E+02  7.93893E-01  1.38313E-10  1.90691E-10  3.89738E-14  3.15099E-14
  1.265E+02  7.97411E-01  1.37465E-10  1.90042E-10  3.85521E-14  3.12101E-14
  1.270E+02  8.00908E-01  1.36631E-10  1.89401E-10  3.81322E-14  3.09106E-14
  1.275E+02  8.04381E-01  1.35810E-10  1.88768E-10  3.77142E-14  3.06112E-14
  1.280E+02  8.07831E-01  1.35003E-10  1.88144E-10  3.72980E-14  3.03120E-14
  1.285E+02  8.11257E-01  1.34208E-10  1.87528E-10  3.68837E-14  3.00130E-14
  1.290E+02  8.14660E-01  1.33426E-10  1.86920E-10  3.64711E-14  2.97142E-14
  1.295E+02  8.18039E-01  1.32657E-10  1.86321E-10  3.60604E-14  2.94155E-14
  1.300E+02  8.21394E-01  1.31900E-10  1.85730E-10  3.56513E-14  2.91170E-14
  1.305E+02  8.24724E-01  1.31155E-10  1.85147E-10  3.52439E-14  2.88187E-14
  1.310E+02  8.28030E-01  1.30423E-10  1.84571E-10  3.48383E-14  2.85206E-14
  1.315E+02  8.31310E-01  1.29702E-10  1.84004E-10  3.44343E-14  2.82227E-14
  1.320E+02  8.34565E-01  1.28993E-10  1.83445E-10  3.40319E-14  2.79250E-14
  1.325E+02  8.37795E-01  1.28296E-10  1.82893E-10  3.36311E-14  2.76274E-14
  1.330E+02  8.40999E-01  1.27610E-10  1.82349E-10  3.32320E-14  2.73300E-14
  1.335E+02  8.44177E-01  1.26935E-10  1.81813E-10  3.28344E-14  2.70329E-14
  1.340E+02  8.47329E-01  1.26271E-10  1.81284E-10  3.24383E-14  2.67358E-14
  1.345E+02  8.50455E-01  1.25618E-10  1.80763E-10  3.20437E-14  2.64390E-14
  1.350E+02  8.53553E-01  1.24976E-10  1.80249E-10  3.16506E-14  2.61424E-14
  1.355E+02  8.56625E-01  1.24345E-10  1.79742E-10  3.12590E-14  2.58459E-14
  1.360E+02  8.59670E-01  1.23724E-10  1.79243E-10  3.08689E-14  2.55496E-14
  1.365E+02  8.62687E-01  1.23114E-10  1.78751E-10  3.04801E-14  2.52535E-14
  1.370E+02  8.65677E-01  1.22514E-10  1.78266E-10  3.00928E-14  2.49576E-14
  1.375E+02  8.68639E-01  1.21924E-10  1.77789E-10  2.97068E-14  2.46618E-14
  1.380E+02  8.71572E-01  1.21343E-10  1.77318E-10  2.93222E-14  2.43662E-14
  1.385E+02  8.74478E-01  1.20773E-10  1.76855E-10  2.89389E-14  2.40708E-14
  1.390E+02  8.77355E-01  1.20213E-10  1.76398E-10  2.85570E-14  2.37756E-14
  1.395E+02  8.80203E-01  1.19662E-10  1.75948E-10  2.81763E-14  2.34806E-14
  1.400E+02  8.83022E-01  1.19120E-10  1.75505E-10  2.77969E-14  2.31857E-14
  1.405E+02  8.85812E-01  1.18588E-10  1.75069E-10  2.74188E-14  2.28910E-14
  1.410E+02  8.88573E-01  1.18065E-10  1.74640E-10  2.70418E-14  2.25964E-14
  1.415E+02  8.91304E-01  1.17551E-10  1.74217E-10  2.66661E-14  2.23021E-14
  1.420E+02  8.94005E-01  1.17047E-10  1.73801E-10  2.62916E-14  2.20079E-14
  1.425E+02  8.96677E-01  1.16551E-10  1.73392E-10  2.59183E-14  2.17138E-14
  1.430E+02  8.99318E-01  1.16064E-10  1.72989E-10  2.55461E-14  2.14200E-14
  1.435E+02  9.01928E-01  1.15586E-10  1.72593E-10  2.51750E-14  2.11263E-14
  1.440E+02  9.04508E-01  1.15116E-10  1.72203E-10  2.48050E-14  2.08327E-14
  1.445E+02  9.07058E-01  1.14655E-10  1.71819E-10  2.44362E-14  2.05394E-14
  1.450E+02  9.09576E-01  1.14202E-10  1.71442E-10  2.40684E-14  2.02462E-14
  1.455E+02  9.12063E-01  1.13758E-10  1.71071E-10  2.37016E-14  1.99531E-14
  1.460E+02  9.14519E-01  1.13322E-10  1.70707E-10  2.33359E-14  1.96602E-14
  1.465E+02  9.16943E-01  1.12894E-10  1.70348E-10  2.29712E-14  1.93675E-14
  1.470E+02  9.19335E-01  1.12474E-10  1.69996E-10  2.26075E-14  1.90749E-14
  1.475E+02  9.21696E-01  1.12062E-10  1.69650E-10  2.22448E-14  1.87824E-14
  1.480E+02  9.24024E-01  1.11659E-10  1.69310E-10  2.18831E-14  1.84901E-14
  1.485E+02  9.26320E-01  1.11262E-10  1.68976E-10  2.15223E-14  1.81980E-14
  1.490E+02  9.28584E-01  1.10874E-10  1.68648E-10  2.11624E-14  1.79060E-14
  1.495E+02  9.30815E-01  1.10493E-10  1.68326E-10  2.08034E-14  1.76142E-14
  1.500E+02  9.33013E-01  1.10120E-10  1.68010E-10  2.04453E-14  1.73224E-14
  1.505E+02  9.35178E-01  1.09754E-10  1.67700E-10  2.00881E-14  1.70309E-14
  1.510E+02  9.37310E-01  1.09396E-10  1.67396E-10  1.97318E-14  1.67395E-14
  1.515E+02  9.39409E-01  1.09045E-10  1.67098E-10  1.93763E-14  1.64482E-14
  1.520E+02  9.41474E-01  1.08702E-10  1.66805E-10  1.90216E-14  1.61570E-14
  1.525E+02  9.43505E-01  1.08366E-10  1.66518E-10  1.86677E-14  1.58660E-14
  1.530E+02  9.45503E-01  1.08036E-10  1.66237E-10  1.83146E-14  1.55751E-14
  1.535E+02  9.47467E-01  1.07714E-10  1.65962E-10  1.79623E-14  1.52843E-14
  1.540E+02  9.49397E-01  1.07399E-10  1.65692E-10  1.76107E-14  1.49937E-14
  1.545E+02  9.51293E-01  1.07091E-10  1.65428E-10  1.72599E-14  1.47032E-14
  1.550E+02  9.53154E-01  1.06790E-10  1.65170E-10  1.69098E-14  1.44128E-14
  1.555E+02  9.54981E-01  1.06496E-10  1.64917E-10  1.65605E-14  1.41226E-14
  1.560E+02  9.56773E-01  1.06209E-10  1.64670E-10  1.62118E-14  1.38324E-14
  1.565E+02  9.58530E-01  1.05928E-10  1.64428E-10  1.58638E-14  1.35424E-14
  1.570E+02  9.60252E-01  1.05654E-10  1.64192E-10  1.55164E-14  1.32525E-14
  1.575E+02  9.61940E-01  1.05386E-10  1.63961E-10  1.51697E-14  1.29627E-14
  1.580E+02  9.63592E-01  1.05126E-10  1.63736E-10  1.48237E-14  1.26730E-14
  1.585E+02  9.65209E-01  1.04871E-10  1.63516E-10  1.44782E-14  1.23834E-14
  1.590E+02  9.66790E-01  1.04624E-10  1.63301E-10  1.41334E-14  1.20939E-14
  1.595E+02  9.68336E-01  1.04382E-10  1.63092E-10  1.37891E-14  1.18046E-14
  1.600E+02  9.69846E-01  1.04147E-10  1.62888E-10  1.34454E-14  1.15153E-14
  1.605E+02  9.71321E-01  1.03919E-10  1.62690E-10  1.31022E-14  1.12261E-14
  1.610E+02  9.72759E-01  1.03697E-10  1.62497E-10  1.27596E-14  1.09371E-14
  1.615E+02  9.74162E-01  1.03481E-10  1.62309E-10  1.24176E-14  1.06481E-14
  1.620E+02  9.75528E-01  1.03271E-10  1.62126E-10  1.20760E-14  1.03592E-14
  1.625E+02  9.76858E-01  1.03067E-10  1.61949E-10  1.17349E-14  1.00704E-14
  1.630E+02  9.78152E-01  1.02870E-10  1.61777E-10  1.13943E-14  9.78168E-15
  1.635E+02  9.79410E-01  1.02679E-10  1.61610E-10  1.10542E-14  9.49305E-15
  1.640E+02  9.80631E-01  1.02493E-10  1.61448E-10  1.07145E-14  9.20451E-15
  1.645E+02  9.81815E-01  1.02314E-10  1.61291E-10  1.03753E-14  8.91605E-15
  1.650E+02  9.82963E-01  1.02141E-10  1.61140E-10  1.00365E-14  8.62766E-15
  1.655E+02  9.84074E-01  1.01974E-10  1.60993E-10  9.69808E-15  8.33935E-15
  1.660E+02  9.85148E-01  1.01813E-10  1.60852E-10  9.36008E-15  8.05111E-15
  1.665E+02  9.86185E-01  1.01657E-10  1.60716E-10  9.02245E-15  7.76294E-15
  1.670E+02  9.87185E-01  1.01508E-10  1.60585E-10  8.68519E-15  7.47485E-15
  1.675E+02  9.88148E-01  1.01364E-10  1.60459E-10  8.34828E-15  7.18681E-15
  1.680E+02  9.89074E-01  1.01227E-10  1.60338E-10  8.01171E-15  6.89884E-15
  1.685E+02  9.89962E-01  1.01095E-10  1.60222E-10  7.67547E-15  6.61093E-15
  1.690E+02  9.90814E-01  1.00969E-10  1.60111E-10  7.33954E-15  6.32308E-15
  1.695E+02  9.91627E-01  1.00848E-10  1.60005E-10  7.00390E-15  6.03529E-15
  1.700E+02  9.92404E-01  1.00734E-10  1.59904E-10  6.66855E-15  5.74754E-15
  1.705E+02  9.93143E-01  1.00625E-10  1.59808E-10  6.33346E-15  5.45985E-15
  1.710E+02  9.93844E-01  1.00522E-10  1.59717E-10  5.99863E-15  5.17221E-15
  1.715E+02  9.94508E-01  1.00424E-10  1.59631E-10  5.66405E-15  4.88461E-15
  1.720E+02  9.95134E-01  1.00332E-10  1.59551E-10  5.32969E-15  4.59706E-15
  1.725E+02  9.95722E-01  1.00246E-10  1.59474E-10  4.99555E-15  4.30954E-15
  1.730E+02  9.96273E-01  1.00166E-10  1.59403E-10  4.66160E-15  4.02207E-15
  1.735E+02  9.96786E-01  1.00091E-10  1.59337E-10  4.32785E-15  3.73463E-15
  1.740E+02  9.97261E-01  1.00021E-10  1.59276E-10  3.99427E-15  3.44722E-15
  1.745E+02  9.97698E-01  9.99577E-11  1.59220E-10  3.66085E-15  3.15984E-15
  1.750E+02  9.98097E-01  9.98995E-11  1.59168E-10  3.32758E-15  2.87250E-15
  1.755E+02  9.98459E-01  9.98470E-11  1.59122E-10  2.99444E-15  2.58517E-15
  1.760E+02  9.98782E-01  9.97999E-11  1.59080E-10  2.66142E-15  2.29787E-15
  1.765E+02  9.99067E-01  9.97585E-11  1.59044E-10  2.32851E-15  2.01060E-15
  1.770E+02  9.99315E-01  9.97225E-11  1.59012E-10  1.99569E-15  1.72333E-15
  1.775E+02  9.99524E-01  9.96921E-11  1.58985E-10  1.66296E-15  1.43609E-15
  1.780E+02  9.99695E-01  9.96673E-11  1.58963E-10  1.33029E-15  1.14886E-15
  1.785E+02  9.99829E-01  9.96479E-11  1.58946E-10  9.97667E-16  8.61633E-16
  1.790E+02  9.99924E-01  9.96341E-11  1.58934E-10  6.65089E-16  5.74418E-16
  1.795E+02  9.99981E-01  9.96259E-11  1.58926E-10  3.32538E-16  2.87207E-16
  1.800E+02  1.00000E+00  9.96231E-11  1.58924E-10  4.66662E-30  4.03050E-30
