 #  Scattering field.
 #  All quantities in atomic units (a.u.), unless otherwise indicated.
 #  Z =   8, NELEC =   8,   projectile: electron
 #  Kinetic energy = 7.34987E+00 a.u. = 2.00000E+02 eV
 #
 #   i       r           r*V         r*Vst        r*Vex       r*Vpol       r*Wabs        rho_e
 #------------------------------------------------------------------------------------------------
     1  0.00000E+00 -8.00000E+00 -8.00000E+00  0.00000E+00  0.00000E+00  0.00000E+00  3.21574E+02
     2  2.81877E-08 -8.00000E+00 -8.00000E+00 -1.00336E-13  0.00000E+00  0.00000E+00  3.21574E+02
     3  5.71700E-08 -8.00000E+00 -8.00000E+00 -4.12733E-13  0.00000E+00  0.00000E+00  3.21568E+02
     4  8.69693E-08 -8.00000E+00 -8.00000E+00 -9.55118E-13  0.00000E+00  0.00000E+00  3.21563E+02
     5  1.17608E-07 -8.00000E+00 -8.00000E+00 -1.74661E-12  0.00000E+00  0.00000E+00  3.21557E+02
     6  1.49111E-07 -8.00000E+00 -8.00000E+00 -2.80758E-12  0.00000E+00  0.00000E+00  3.21551E+02
     7  1.81502E-07 -8.00000E+00 -8.00000E+00 -4.15974E-12  0.00000E+00  0.00000E+00  3.21545E+02
     8  2.14806E-07 -8.00000E+00 -8.00000E+00 -5.82623E-12  0.00000E+00  0.00000E+00  3.21539E+02
     9  2.49049E-07 -7.99999E+00 -7.99999E+00 -7.83167E-12  0.00000E+00  0.00000E+00  3.21533E+02
    10  2.84257E-07 -7.99999E+00 -7.99999E+00 -1.02023E-11  0.00000E+00  0.00000E+00  3.21527E+02
    11  3.20457E-07 -7.99999E+00 -7.99999E+00 -1.29661E-11  0.00000E+00  0.00000E+00  3.21520E+02
    12  3.57678E-07 -7.99999E+00 -7.99999E+00 -1.61526E-11  0.00000E+00  0.00000E+00  3.21513E+02
    13  3.95948E-07 -7.99999E+00 -7.99999E+00 -1.97936E-11  0.00000E+00  0.00000E+00  3.21506E+02
    14  4.35296E-07 -7.99999E+00 -7.99999E+00 -2.39227E-11  0.00000E+00  0.00000E+00  3.21499E+02
    15  4.75754E-07 -7.99999E+00 -7.99999E+00 -2.85756E-11  0.00000E+00  0.00000E+00  3.21492E+02
    16  5.17352E-07 -7.99999E+00 -7.99999E+00 -3.37904E-11  0.00000E+00  0.00000E+00  3.21484E+02
    17  5.60123E-07 -7.99999E+00 -7.99999E+00 -3.96075E-11  0.00000E+00  0.00000E+00  3.21477E+02
    18  6.04100E-07 -7.99999E+00 -7.99999E+00 -4.60698E-11  0.00000E+00  0.00000E+00  3.21469E+02
    19  6.49316E-07 -7.99999E+00 -7.99999E+00 -5.32231E-11  0.00000E+00  0.00000E+00  3.21461E+02
    20  6.95806E-07 -7.99998E+00 -7.99998E+00 -6.11159E-11  0.00000E+00  0.00000E+00  3.21453E+02
    21  7.43607E-07 -7.99998E+00 -7.99998E+00 -6.97997E-11  0.00000E+00  0.00000E+00  3.21444E+02
    22  7.92755E-07 -7.99998E+00 -7.99998E+00 -7.93292E-11  0.00000E+00  0.00000E+00  3.21436E+02
    23  8.43289E-07 -7.99998E+00 -7.99998E+00 -8.97627E-11  0.00000E+00  0.00000E+00  3.21427E+02
    24  8.95247E-07 -7.99998E+00 -7.99998E+00 -1.01162E-10  0.00000E+00  0.00000E+00  3.21418E+02
    25  9.48670E-07 -7.99998E+00 -7.99998E+00 -1.13592E-10  0.00000E+00  0.00000E+00  3.21409E+02
    26  1.00360E-06 -7.99998E+00 -7.99998E+00 -1.27123E-10  0.00000E+00  0.00000E+00  3.21399E+02
    27  1.06008E-06 -7.99998E+00 -7.99998E+00 -1.41829E-10  0.00000E+00  0.00000E+00  3.21389E+02
    28  1.11814E-06 -7.99998E+00 -7.99998E+00 -1.57788E-10  0.00000E+00  0.00000E+00  3.21380E+02
    29  1.17785E-06 -7.99997E+00 -7.99997E+00 -1.75084E-10  0.00000E+00  0.00000E+00  3.21369E+02
    30  1.23924E-06 -7.99997E+00 -7.99997E+00 -1.93804E-10  0.00000E+00  0.00000E+00  3.21359E+02
    31  1.30236E-06 -7.99997E+00 -7.99997E+00 -2.14042E-10  0.00000E+00  0.00000E+00  3.21348E+02
    32  1.36726E-06 -7.99997E+00 -7.99997E+00 -2.35897E-10  0.00000E+00  0.00000E+00  3.21338E+02
    33  1.43398E-06 -7.99997E+00 -7.99997E+00 -2.59476E-10  0.00000E+00  0.00000E+00  3.21326E+02
    34  1.50259E-06 -7.99997E+00 -7.99997E+00 -2.84889E-10  0.00000E+00  0.00000E+00  3.21315E+02
    35  1.57314E-06 -7.99996E+00 -7.99996E+00 -3.12255E-10  0.00000E+00  0.00000E+00  3.21304E+02
    36  1.64567E-06 -7.99996E+00 -7.99996E+00 -3.41700E-10  0.00000E+00  0.00000E+00  3.21292E+02
    37  1.72024E-06 -7.99996E+00 -7.99996E+00 -3.73356E-10  0.00000E+00  0.00000E+00  3.21280E+02
    38  1.79692E-06 -7.99996E+00 -7.99996E+00 -4.07366E-10  0.00000E+00  0.00000E+00  3.21267E+02
    39  1.87576E-06 -7.99996E+00 -7.99996E+00 -4.43879E-10  0.00000E+00  0.00000E+00  3.21255E+02
    40  1.95682E-06 -7.99996E+00 -7.99996E+00 -4.83053E-10  0.00000E+00  0.00000E+00  3.21242E+02
    41  2.04017E-06 -7.99995E+00 -7.99995E+00 -5.25057E-10  0.00000E+00  0.00000E+00  3.21228E+02
    42  2.12586E-06 -7.99995E+00 -7.99995E+00 -5.70069E-10  0.00000E+00  0.00000E+00  3.21215E+02
    43  2.21397E-06 -7.99995E+00 -7.99995E+00 -6.18277E-10  0.00000E+00  0.00000E+00  3.21201E+02
    44  2.30457E-06 -7.99995E+00 -7.99995E+00 -6.69883E-10  0.00000E+00  0.00000E+00  3.21187E+02
    45  2.39772E-06 -7.99995E+00 -7.99995E+00 -7.25097E-10  0.00000E+00  0.00000E+00  3.21173E+02
    46  2.49349E-06 -7.99994E+00 -7.99994E+00 -7.84145E-10  0.00000E+00  0.00000E+00  3.21158E+02
    47  2.59196E-06 -7.99994E+00 -7.99994E+00 -8.47264E-10  0.00000E+00  0.00000E+00  3.21144E+02
    48  2.69321E-06 -7.99994E+00 -7.99994E+00 -9.14707E-10  0.00000E+00  0.00000E+00  3.21128E+02
    49  2.79732E-06 -7.99994E+00 -7.99994E+00 -9.86741E-10  0.00000E+00  0.00000E+00  3.21113E+02
    50  2.90435E-06 -7.99994E+00 -7.99994E+00 -1.06365E-09  0.00000E+00  0.00000E+00  3.21097E+02
    51  3.01441E-06 -7.99993E+00 -7.99993E+00 -1.14573E-09  0.00000E+00  0.00000E+00  3.21081E+02
    52  3.12757E-06 -7.99993E+00 -7.99993E+00 -1.23330E-09  0.00000E+00  0.00000E+00  3.21065E+02
    53  3.24391E-06 -7.99993E+00 -7.99993E+00 -1.32670E-09  0.00000E+00  0.00000E+00  3.21048E+02
    54  3.36354E-06 -7.99993E+00 -7.99993E+00 -1.42628E-09  0.00000E+00  0.00000E+00  3.21032E+02
    55  3.48654E-06 -7.99992E+00 -7.99992E+00 -1.53241E-09  0.00000E+00  0.00000E+00  3.21014E+02
    56  3.61300E-06 -7.99992E+00 -7.99992E+00 -1.64551E-09  0.00000E+00  0.00000E+00  3.20997E+02
    57  3.74303E-06 -7.99992E+00 -7.99992E+00 -1.76599E-09  0.00000E+00  0.00000E+00  3.20979E+02
    58  3.87673E-06 -7.99991E+00 -7.99991E+00 -1.89429E-09  0.00000E+00  0.00000E+00  3.20961E+02
    59  4.01419E-06 -7.99991E+00 -7.99991E+00 -2.03089E-09  0.00000E+00  0.00000E+00  3.20943E+02
    60  4.15553E-06 -7.99991E+00 -7.99991E+00 -2.17630E-09  0.00000E+00  0.00000E+00  3.20924E+02
    61  4.30085E-06 -7.99990E+00 -7.99990E+00 -2.33104E-09  0.00000E+00  0.00000E+00  3.20906E+02
    62  4.45027E-06 -7.99990E+00 -7.99990E+00 -2.49568E-09  0.00000E+00  0.00000E+00  3.20887E+02
    63  4.60390E-06 -7.99990E+00 -7.99990E+00 -2.67080E-09  0.00000E+00  0.00000E+00  3.20867E+02
    64  4.76187E-06 -7.99989E+00 -7.99989E+00 -2.85704E-09  0.00000E+00  0.00000E+00  3.20848E+02
    65  4.92428E-06 -7.99989E+00 -7.99989E+00 -3.05507E-09  0.00000E+00  0.00000E+00  3.20828E+02
    66  5.09127E-06 -7.99989E+00 -7.99989E+00 -3.26559E-09  0.00000E+00  0.00000E+00  3.20808E+02
    67  5.26297E-06 -7.99988E+00 -7.99988E+00 -3.48934E-09  0.00000E+00  0.00000E+00  3.20787E+02
    68  5.43951E-06 -7.99988E+00 -7.99988E+00 -3.72712E-09  0.00000E+00  0.00000E+00  3.20767E+02
    69  5.62103E-06 -7.99987E+00 -7.99987E+00 -3.97976E-09  0.00000E+00  0.00000E+00  3.20746E+02
    70  5.80766E-06 -7.99987E+00 -7.99987E+00 -4.24815E-09  0.00000E+00  0.00000E+00  3.20725E+02
    71  5.99955E-06 -7.99987E+00 -7.99987E+00 -4.53322E-09  0.00000E+00  0.00000E+00  3.20704E+02
    72  6.19685E-06 -7.99986E+00 -7.99986E+00 -4.83596E-09  0.00000E+00  0.00000E+00  3.20683E+02
    73  6.39972E-06 -7.99986E+00 -7.99986E+00 -5.15743E-09  0.00000E+00  0.00000E+00  3.20662E+02
    74  6.60830E-06 -7.99985E+00 -7.99985E+00 -5.49873E-09  0.00000E+00  0.00000E+00  3.20640E+02
    75  6.82276E-06 -7.99985E+00 -7.99985E+00 -5.86103E-09  0.00000E+00  0.00000E+00  3.20618E+02
    76  7.04326E-06 -7.99984E+00 -7.99984E+00 -6.24557E-09  0.00000E+00  0.00000E+00  3.20597E+02
    77  7.26998E-06 -7.99984E+00 -7.99984E+00 -6.65368E-09  0.00000E+00  0.00000E+00  3.20575E+02
    78  7.50310E-06 -7.99983E+00 -7.99983E+00 -7.08674E-09  0.00000E+00  0.00000E+00  3.20553E+02
    79  7.74278E-06 -7.99983E+00 -7.99983E+00 -7.54623E-09  0.00000E+00  0.00000E+00  3.20531E+02
    80  7.98922E-06 -7.99982E+00 -7.99982E+00 -8.03369E-09  0.00000E+00  0.00000E+00  3.20509E+02
    81  8.24261E-06 -7.99982E+00 -7.99982E+00 -8.55078E-09  0.00000E+00  0.00000E+00  3.20487E+02
    82  8.50313E-06 -7.99981E+00 -7.99981E+00 -9.09924E-09  0.00000E+00  0.00000E+00  3.20465E+02
    83  8.77101E-06 -7.99980E+00 -7.99980E+00 -9.68092E-09  0.00000E+00  0.00000E+00  3.20443E+02
    84  9.04643E-06 -7.99980E+00 -7.99980E+00 -1.02978E-08  0.00000E+00  0.00000E+00  3.20421E+02
    85  9.32961E-06 -7.99979E+00 -7.99979E+00 -1.09518E-08  0.00000E+00  0.00000E+00  3.20399E+02
    86  9.62078E-06 -7.99979E+00 -7.99979E+00 -1.16453E-08  0.00000E+00  0.00000E+00  3.20378E+02
    87  9.92016E-06 -7.99978E+00 -7.99978E+00 -1.23805E-08  0.00000E+00  0.00000E+00  3.20357E+02
    88  1.02280E-05 -7.99977E+00 -7.99977E+00 -1.31599E-08  0.00000E+00  0.00000E+00  3.20335E+02
    89  1.05445E-05 -7.99977E+00 -7.99977E+00 -1.39860E-08  0.00000E+00  0.00000E+00  3.20314E+02
    90  1.08699E-05 -7.99976E+00 -7.99976E+00 -1.48616E-08  0.00000E+00  0.00000E+00  3.20294E+02
    91  1.12045E-05 -7.99975E+00 -7.99975E+00 -1.57896E-08  0.00000E+00  0.00000E+00  3.20273E+02
    92  1.15485E-05 -7.99974E+00 -7.99974E+00 -1.67731E-08  0.00000E+00  0.00000E+00  3.20253E+02
    93  1.19022E-05 -7.99973E+00 -7.99973E+00 -1.78152E-08  0.00000E+00  0.00000E+00  3.20234E+02
    94  1.22659E-05 -7.99973E+00 -7.99973E+00 -1.89194E-08  0.00000E+00  0.00000E+00  3.20215E+02
    95  1.26398E-05 -7.99972E+00 -7.99972E+00 -2.00894E-08  0.00000E+00  0.00000E+00  3.20196E+02
    96  1.30243E-05 -7.99971E+00 -7.99971E+00 -2.13289E-08  0.00000E+00  0.00000E+00  3.20178E+02
    97  1.34196E-05 -7.99970E+00 -7.99970E+00 -2.26421E-08  0.00000E+00  0.00000E+00  3.20160E+02
    98  1.38261E-05 -7.99969E+00 -7.99969E+00 -2.40332E-08  0.00000E+00  0.00000E+00  3.20143E+02
    99  1.42440E-05 -7.99968E+00 -7.99968E+00 -2.55067E-08  0.00000E+00  0.00000E+00  3.20126E+02
   100  1.46737E-05 -7.99967E+00 -7.99967E+00 -2.70675E-08  0.00000E+00  0.00000E+00  3.20111E+02
   101  1.51155E-05 -7.99966E+00 -7.99966E+00 -2.87207E-08  0.00000E+00  0.00000E+00  3.20095E+02
   102  1.55697E-05 -7.99965E+00 -7.99965E+00 -3.04715E-08  0.00000E+00  0.00000E+00  3.20081E+02
   103  1.60368E-05 -7.99964E+00 -7.99964E+00 -3.23257E-08  0.00000E+00  0.00000E+00  3.20067E+02
   104  1.65170E-05 -7.99963E+00 -7.99963E+00 -3.42894E-08  0.00000E+00  0.00000E+00  3.20054E+02
   105  1.70108E-05 -7.99962E+00 -7.99962E+00 -3.63688E-08  0.00000E+00  0.00000E+00  3.20042E+02
   106  1.75185E-05 -7.99961E+00 -7.99961E+00 -3.85707E-08  0.00000E+00  0.00000E+00  3.20030E+02
   107  1.80405E-05 -7.99960E+00 -7.99960E+00 -4.09021E-08  0.00000E+00  0.00000E+00  3.20020E+02
   108  1.85772E-05 -7.99959E+00 -7.99959E+00 -4.33707E-08  0.00000E+00  0.00000E+00  3.20010E+02
   109  1.91290E-05 -7.99957E+00 -7.99957E+00 -4.59844E-08  0.00000E+00  0.00000E+00  3.20000E+02
   110  1.96964E-05 -7.99956E+00 -7.99956E+00 -4.87515E-08  0.00000E+00  0.00000E+00  3.19992E+02
   111  2.02798E-05 -7.99955E+00 -7.99955E+00 -5.16810E-08  0.00000E+00  0.00000E+00  3.19984E+02
   112  2.08796E-05 -7.99953E+00 -7.99953E+00 -5.47823E-08  0.00000E+00  0.00000E+00  3.19977E+02
   113  2.14963E-05 -7.99952E+00 -7.99952E+00 -5.80652E-08  0.00000E+00  0.00000E+00  3.19971E+02
   114  2.21305E-05 -7.99951E+00 -7.99951E+00 -6.15404E-08  0.00000E+00  0.00000E+00  3.19964E+02
   115  2.27824E-05 -7.99949E+00 -7.99949E+00 -6.52189E-08  0.00000E+00  0.00000E+00  3.19959E+02
   116  2.34528E-05 -7.99948E+00 -7.99948E+00 -6.91124E-08  0.00000E+00  0.00000E+00  3.19953E+02
   117  2.41421E-05 -7.99946E+00 -7.99946E+00 -7.32333E-08  0.00000E+00  0.00000E+00  3.19948E+02
   118  2.48508E-05 -7.99945E+00 -7.99945E+00 -7.75948E-08  0.00000E+00  0.00000E+00  3.19943E+02
   119  2.55795E-05 -7.99943E+00 -7.99943E+00 -8.22106E-08  0.00000E+00  0.00000E+00  3.19937E+02
   120  2.63287E-05 -7.99941E+00 -7.99941E+00 -8.70955E-08  0.00000E+00  0.00000E+00  3.19931E+02
   121  2.70990E-05 -7.99940E+00 -7.99940E+00 -9.22649E-08  0.00000E+00  0.00000E+00  3.19925E+02
   122  2.78911E-05 -7.99938E+00 -7.99938E+00 -9.77352E-08  0.00000E+00  0.00000E+00  3.19918E+02
   123  2.87054E-05 -7.99936E+00 -7.99936E+00 -1.03524E-07  0.00000E+00  0.00000E+00  3.19911E+02
   124  2.95428E-05 -7.99934E+00 -7.99934E+00 -1.09649E-07  0.00000E+00  0.00000E+00  3.19903E+02
   125  3.04037E-05 -7.99932E+00 -7.99932E+00 -1.16130E-07  0.00000E+00  0.00000E+00  3.19896E+02
   126  3.12889E-05 -7.99930E+00 -7.99930E+00 -1.22988E-07  0.00000E+00  0.00000E+00  3.19887E+02
   127  3.21990E-05 -7.99928E+00 -7.99928E+00 -1.30244E-07  0.00000E+00  0.00000E+00  3.19879E+02
   128  3.31348E-05 -7.99926E+00 -7.99926E+00 -1.37921E-07  0.00000E+00  0.00000E+00  3.19870E+02
   129  3.40970E-05 -7.99924E+00 -7.99924E+00 -1.46043E-07  0.00000E+00  0.00000E+00  3.19860E+02
   130  3.50863E-05 -7.99922E+00 -7.99922E+00 -1.54636E-07  0.00000E+00  0.00000E+00  3.19850E+02
   131  3.61035E-05 -7.99920E+00 -7.99920E+00 -1.63727E-07  0.00000E+00  0.00000E+00  3.19839E+02
   132  3.71494E-05 -7.99917E+00 -7.99917E+00 -1.73344E-07  0.00000E+00  0.00000E+00  3.19828E+02
   133  3.82247E-05 -7.99915E+00 -7.99915E+00 -1.83519E-07  0.00000E+00  0.00000E+00  3.19816E+02
   134  3.93304E-05 -7.99912E+00 -7.99912E+00 -1.94282E-07  0.00000E+00  0.00000E+00  3.19804E+02
   135  4.04672E-05 -7.99910E+00 -7.99910E+00 -2.05667E-07  0.00000E+00  0.00000E+00  3.19791E+02
   136  4.16360E-05 -7.99907E+00 -7.99907E+00 -2.17711E-07  0.00000E+00  0.00000E+00  3.19777E+02
   137  4.28379E-05 -7.99905E+00 -7.99905E+00 -2.30451E-07  0.00000E+00  0.00000E+00  3.19763E+02
   138  4.40735E-05 -7.99902E+00 -7.99902E+00 -2.43927E-07  0.00000E+00  0.00000E+00  3.19748E+02
   139  4.53441E-05 -7.99899E+00 -7.99899E+00 -2.58181E-07  0.00000E+00  0.00000E+00  3.19732E+02
   140  4.66504E-05 -7.99896E+00 -7.99896E+00 -2.73258E-07  0.00000E+00  0.00000E+00  3.19716E+02
   141  4.79935E-05 -7.99893E+00 -7.99893E+00 -2.89205E-07  0.00000E+00  0.00000E+00  3.19699E+02
   142  4.93746E-05 -7.99890E+00 -7.99890E+00 -3.06072E-07  0.00000E+00  0.00000E+00  3.19681E+02
   143  5.07945E-05 -7.99887E+00 -7.99887E+00 -3.23911E-07  0.00000E+00  0.00000E+00  3.19662E+02
   144  5.22545E-05 -7.99884E+00 -7.99884E+00 -3.42779E-07  0.00000E+00  0.00000E+00  3.19643E+02
   145  5.37556E-05 -7.99880E+00 -7.99880E+00 -3.62733E-07  0.00000E+00  0.00000E+00  3.19622E+02
   146  5.52990E-05 -7.99877E+00 -7.99877E+00 -3.83838E-07  0.00000E+00  0.00000E+00  3.19601E+02
   147  5.68859E-05 -7.99873E+00 -7.99873E+00 -4.06157E-07  0.00000E+00  0.00000E+00  3.19579E+02
   148  5.85176E-05 -7.99870E+00 -7.99870E+00 -4.29761E-07  0.00000E+00  0.00000E+00  3.19556E+02
   149  6.01953E-05 -7.99866E+00 -7.99866E+00 -4.54724E-07  0.00000E+00  0.00000E+00  3.19532E+02
   150  6.19202E-05 -7.99862E+00 -7.99862E+00 -4.81122E-07  0.00000E+00  0.00000E+00  3.19507E+02
   151  6.36938E-05 -7.99858E+00 -7.99858E+00 -5.09039E-07  0.00000E+00  0.00000E+00  3.19481E+02
   152  6.55174E-05 -7.99854E+00 -7.99854E+00 -5.38561E-07  0.00000E+00  0.00000E+00  3.19455E+02
   153  6.73923E-05 -7.99850E+00 -7.99850E+00 -5.69780E-07  0.00000E+00  0.00000E+00  3.19427E+02
   154  6.93201E-05 -7.99846E+00 -7.99846E+00 -6.02793E-07  0.00000E+00  0.00000E+00  3.19399E+02
   155  7.13023E-05 -7.99841E+00 -7.99841E+00 -6.37703E-07  0.00000E+00  0.00000E+00  3.19370E+02
   156  7.33403E-05 -7.99837E+00 -7.99837E+00 -6.74618E-07  0.00000E+00  0.00000E+00  3.19340E+02
   157  7.54358E-05 -7.99832E+00 -7.99832E+00 -7.13654E-07  0.00000E+00  0.00000E+00  3.19309E+02
   158  7.75903E-05 -7.99827E+00 -7.99827E+00 -7.54930E-07  0.00000E+00  0.00000E+00  3.19278E+02
   159  7.98056E-05 -7.99822E+00 -7.99822E+00 -7.98576E-07  0.00000E+00  0.00000E+00  3.19246E+02
   160  8.20833E-05 -7.99817E+00 -7.99817E+00 -8.44726E-07  0.00000E+00  0.00000E+00  3.19212E+02
   161  8.44252E-05 -7.99812E+00 -7.99812E+00 -8.93525E-07  0.00000E+00  0.00000E+00  3.19179E+02
   162  8.68331E-05 -7.99807E+00 -7.99807E+00 -9.45123E-07  0.00000E+00  0.00000E+00  3.19144E+02
   163  8.93089E-05 -7.99801E+00 -7.99801E+00 -9.99680E-07  0.00000E+00  0.00000E+00  3.19109E+02
   164  9.18545E-05 -7.99795E+00 -7.99795E+00 -1.05737E-06  0.00000E+00  0.00000E+00  3.19073E+02
   165  9.44719E-05 -7.99790E+00 -7.99790E+00 -1.11836E-06  0.00000E+00  0.00000E+00  3.19036E+02
   166  9.71630E-05 -7.99784E+00 -7.99784E+00 -1.18285E-06  0.00000E+00  0.00000E+00  3.18999E+02
   167  9.99300E-05 -7.99778E+00 -7.99777E+00 -1.25103E-06  0.00000E+00  0.00000E+00  3.18961E+02
   168  1.02775E-04 -7.99771E+00 -7.99771E+00 -1.32313E-06  0.00000E+00  0.00000E+00  3.18922E+02
   169  1.05700E-04 -7.99765E+00 -7.99765E+00 -1.39935E-06  0.00000E+00  0.00000E+00  3.18882E+02
   170  1.08708E-04 -7.99758E+00 -7.99758E+00 -1.47994E-06  0.00000E+00  0.00000E+00  3.18842E+02
   171  1.11800E-04 -7.99751E+00 -7.99751E+00 -1.56514E-06  0.00000E+00  0.00000E+00  3.18801E+02
   172  1.14980E-04 -7.99744E+00 -7.99744E+00 -1.65523E-06  0.00000E+00  0.00000E+00  3.18760E+02
   173  1.18249E-04 -7.99737E+00 -7.99737E+00 -1.75047E-06  0.00000E+00  0.00000E+00  3.18717E+02
   174  1.21610E-04 -7.99729E+00 -7.99729E+00 -1.85116E-06  0.00000E+00  0.00000E+00  3.18674E+02
   175  1.25066E-04 -7.99722E+00 -7.99721E+00 -1.95762E-06  0.00000E+00  0.00000E+00  3.18631E+02
   176  1.28620E-04 -7.99714E+00 -7.99713E+00 -2.07017E-06  0.00000E+00  0.00000E+00  3.18586E+02
   177  1.32273E-04 -7.99706E+00 -7.99705E+00 -2.18916E-06  0.00000E+00  0.00000E+00  3.18541E+02
   178  1.36030E-04 -7.99697E+00 -7.99697E+00 -2.31495E-06  0.00000E+00  0.00000E+00  3.18496E+02
   179  1.39892E-04 -7.99689E+00 -7.99688E+00 -2.44795E-06  0.00000E+00  0.00000E+00  3.18449E+02
   180  1.43864E-04 -7.99680E+00 -7.99680E+00 -2.58854E-06  0.00000E+00  0.00000E+00  3.18402E+02
   181  1.47947E-04 -7.99671E+00 -7.99670E+00 -2.73718E-06  0.00000E+00  0.00000E+00  3.18354E+02
   182  1.52146E-04 -7.99661E+00 -7.99661E+00 -2.89432E-06  0.00000E+00  0.00000E+00  3.18306E+02
   183  1.56462E-04 -7.99652E+00 -7.99651E+00 -3.06044E-06  0.00000E+00  0.00000E+00  3.18256E+02
   184  1.60901E-04 -7.99642E+00 -7.99642E+00 -3.23605E-06  0.00000E+00  0.00000E+00  3.18206E+02
   185  1.65464E-04 -7.99632E+00 -7.99631E+00 -3.42170E-06  0.00000E+00  0.00000E+00  3.18155E+02
   186  1.70157E-04 -7.99621E+00 -7.99621E+00 -3.61796E-06  0.00000E+00  0.00000E+00  3.18104E+02
   187  1.74981E-04 -7.99611E+00 -7.99610E+00 -3.82543E-06  0.00000E+00  0.00000E+00  3.18051E+02
   188  1.79941E-04 -7.99600E+00 -7.99599E+00 -4.04476E-06  0.00000E+00  0.00000E+00  3.17998E+02
   189  1.85042E-04 -7.99588E+00 -7.99588E+00 -4.27661E-06  0.00000E+00  0.00000E+00  3.17944E+02
   190  1.90286E-04 -7.99577E+00 -7.99576E+00 -4.52170E-06  0.00000E+00  0.00000E+00  3.17889E+02
   191  1.95678E-04 -7.99565E+00 -7.99564E+00 -4.78079E-06  0.00000E+00  0.00000E+00  3.17834E+02
   192  2.01221E-04 -7.99552E+00 -7.99552E+00 -5.05468E-06  0.00000E+00  0.00000E+00  3.17777E+02
   193  2.06921E-04 -7.99540E+00 -7.99539E+00 -5.34419E-06  0.00000E+00  0.00000E+00  3.17720E+02
   194  2.12782E-04 -7.99527E+00 -7.99526E+00 -5.65024E-06  0.00000E+00  0.00000E+00  3.17662E+02
   195  2.18808E-04 -7.99513E+00 -7.99513E+00 -5.97375E-06  0.00000E+00  0.00000E+00  3.17602E+02
   196  2.25004E-04 -7.99499E+00 -7.99499E+00 -6.31572E-06  0.00000E+00  0.00000E+00  3.17542E+02
   197  2.31374E-04 -7.99485E+00 -7.99485E+00 -6.67721E-06  0.00000E+00  0.00000E+00  3.17481E+02
   198  2.37924E-04 -7.99471E+00 -7.99470E+00 -7.05932E-06  0.00000E+00  0.00000E+00  3.17419E+02
   199  2.44659E-04 -7.99456E+00 -7.99455E+00 -7.46322E-06  0.00000E+00  0.00000E+00  3.17356E+02
   200  2.51583E-04 -7.99440E+00 -7.99440E+00 -7.89016E-06  0.00000E+00  0.00000E+00  3.17292E+02
   201  2.58703E-04 -7.99425E+00 -7.99424E+00 -8.34145E-06  0.00000E+00  0.00000E+00  3.17227E+02
   202  2.66023E-04 -7.99408E+00 -7.99407E+00 -8.81847E-06  0.00000E+00  0.00000E+00  3.17161E+02
   203  2.73550E-04 -7.99392E+00 -7.99391E+00 -9.32269E-06  0.00000E+00  0.00000E+00  3.17094E+02
   204  2.81288E-04 -7.99374E+00 -7.99373E+00 -9.85565E-06  0.00000E+00  0.00000E+00  3.17026E+02
   205  2.89245E-04 -7.99357E+00 -7.99356E+00 -1.04190E-05  0.00000E+00  0.00000E+00  3.16956E+02
   206  2.97426E-04 -7.99339E+00 -7.99337E+00 -1.10144E-05  0.00000E+00  0.00000E+00  3.16886E+02
   207  3.05838E-04 -7.99320E+00 -7.99319E+00 -1.16438E-05  0.00000E+00  0.00000E+00  3.16814E+02
   208  3.14487E-04 -7.99301E+00 -7.99299E+00 -1.23090E-05  0.00000E+00  0.00000E+00  3.16741E+02
   209  3.23379E-04 -7.99281E+00 -7.99280E+00 -1.30121E-05  0.00000E+00  0.00000E+00  3.16667E+02
   210  3.32523E-04 -7.99261E+00 -7.99259E+00 -1.37553E-05  0.00000E+00  0.00000E+00  3.16591E+02
   211  3.41924E-04 -7.99240E+00 -7.99238E+00 -1.45408E-05  0.00000E+00  0.00000E+00  3.16514E+02
   212  3.51590E-04 -7.99218E+00 -7.99217E+00 -1.53710E-05  0.00000E+00  0.00000E+00  3.16436E+02
   213  3.61528E-04 -7.99196E+00 -7.99195E+00 -1.62485E-05  0.00000E+00  0.00000E+00  3.16356E+02
   214  3.71747E-04 -7.99174E+00 -7.99172E+00 -1.71759E-05  0.00000E+00  0.00000E+00  3.16275E+02
   215  3.82253E-04 -7.99150E+00 -7.99148E+00 -1.81561E-05  0.00000E+00  0.00000E+00  3.16193E+02
   216  3.93056E-04 -7.99126E+00 -7.99124E+00 -1.91921E-05  0.00000E+00  0.00000E+00  3.16109E+02
   217  4.04163E-04 -7.99102E+00 -7.99100E+00 -2.02870E-05  0.00000E+00  0.00000E+00  3.16023E+02
   218  4.15583E-04 -7.99076E+00 -7.99074E+00 -2.14442E-05  0.00000E+00  0.00000E+00  3.15936E+02
   219  4.27325E-04 -7.99050E+00 -7.99048E+00 -2.26673E-05  0.00000E+00  0.00000E+00  3.15847E+02
   220  4.39398E-04 -7.99024E+00 -7.99021E+00 -2.39599E-05  0.00000E+00  0.00000E+00  3.15757E+02
   221  4.51811E-04 -7.98996E+00 -7.98993E+00 -2.53259E-05  0.00000E+00  0.00000E+00  3.15665E+02
   222  4.64575E-04 -7.98968E+00 -7.98965E+00 -2.67697E-05  0.00000E+00  0.00000E+00  3.15571E+02
   223  4.77698E-04 -7.98939E+00 -7.98936E+00 -2.82955E-05  0.00000E+00  0.00000E+00  3.15475E+02
   224  4.91190E-04 -7.98909E+00 -7.98906E+00 -2.99080E-05  0.00000E+00  0.00000E+00  3.15378E+02
   225  5.05064E-04 -7.98878E+00 -7.98875E+00 -3.16121E-05  0.00000E+00  0.00000E+00  3.15278E+02
   226  5.19328E-04 -7.98846E+00 -7.98843E+00 -3.34130E-05  0.00000E+00  0.00000E+00  3.15177E+02
   227  5.33994E-04 -7.98814E+00 -7.98810E+00 -3.53163E-05  0.00000E+00  0.00000E+00  3.15073E+02
   228  5.49073E-04 -7.98781E+00 -7.98777E+00 -3.73276E-05  0.00000E+00  0.00000E+00  3.14968E+02
   229  5.64578E-04 -7.98746E+00 -7.98742E+00 -3.94531E-05  0.00000E+00  0.00000E+00  3.14860E+02
   230  5.80519E-04 -7.98711E+00 -7.98707E+00 -4.16992E-05  0.00000E+00  0.00000E+00  3.14750E+02
   231  5.96910E-04 -7.98675E+00 -7.98670E+00 -4.40728E-05  0.00000E+00  0.00000E+00  3.14638E+02
   232  6.13763E-04 -7.98637E+00 -7.98633E+00 -4.65811E-05  0.00000E+00  0.00000E+00  3.14524E+02
   233  6.31091E-04 -7.98599E+00 -7.98594E+00 -4.92317E-05  0.00000E+00  0.00000E+00  3.14407E+02
   234  6.48907E-04 -7.98560E+00 -7.98554E+00 -5.20327E-05  0.00000E+00  0.00000E+00  3.14288E+02
   235  6.67225E-04 -7.98519E+00 -7.98514E+00 -5.49924E-05  0.00000E+00  0.00000E+00  3.14167E+02
   236  6.86060E-04 -7.98477E+00 -7.98472E+00 -5.81199E-05  0.00000E+00  0.00000E+00  3.14042E+02
   237  7.05425E-04 -7.98435E+00 -7.98428E+00 -6.14248E-05  0.00000E+00  0.00000E+00  3.13916E+02
   238  7.25336E-04 -7.98391E+00 -7.98384E+00 -6.49168E-05  0.00000E+00  0.00000E+00  3.13786E+02
   239  7.45809E-04 -7.98345E+00 -7.98339E+00 -6.86067E-05  0.00000E+00  0.00000E+00  3.13654E+02
   240  7.66858E-04 -7.98299E+00 -7.98292E+00 -7.25056E-05  0.00000E+00  0.00000E+00  3.13519E+02
   241  7.88501E-04 -7.98251E+00 -7.98243E+00 -7.66252E-05  0.00000E+00  0.00000E+00  3.13381E+02
   242  8.10754E-04 -7.98202E+00 -7.98194E+00 -8.09781E-05  0.00000E+00  0.00000E+00  3.13240E+02
   243  8.33633E-04 -7.98151E+00 -7.98143E+00 -8.55772E-05  0.00000E+00  0.00000E+00  3.13096E+02
   244  8.57158E-04 -7.98100E+00 -7.98090E+00 -9.04366E-05  0.00000E+00  0.00000E+00  3.12948E+02
   245  8.81345E-04 -7.98046E+00 -7.98037E+00 -9.55708E-05  0.00000E+00  0.00000E+00  3.12798E+02
   246  9.06215E-04 -7.97991E+00 -7.97981E+00 -1.00995E-04  0.00000E+00  0.00000E+00  3.12644E+02
   247  9.31785E-04 -7.97935E+00 -7.97924E+00 -1.06727E-04  0.00000E+00  0.00000E+00  3.12487E+02
   248  9.58076E-04 -7.97877E+00 -7.97866E+00 -1.12782E-04  0.00000E+00  0.00000E+00  3.12326E+02
   249  9.85107E-04 -7.97817E+00 -7.97805E+00 -1.19179E-04  0.00000E+00  0.00000E+00  3.12161E+02
   250  1.01290E-03 -7.97756E+00 -7.97744E+00 -1.25937E-04  0.00000E+00  0.00000E+00  3.11993E+02
   251  1.04148E-03 -7.97693E+00 -7.97680E+00 -1.33077E-04  0.00000E+00  0.00000E+00  3.11821E+02
   252  1.07086E-03 -7.97629E+00 -7.97614E+00 -1.40620E-04  0.00000E+00  0.00000E+00  3.11645E+02
   253  1.10107E-03 -7.97562E+00 -7.97547E+00 -1.48588E-04  0.00000E+00  0.00000E+00  3.11465E+02
   254  1.13213E-03 -7.97494E+00 -7.97478E+00 -1.57006E-04  0.00000E+00  0.00000E+00  3.11281E+02
   255  1.16407E-03 -7.97423E+00 -7.97407E+00 -1.65899E-04  0.00000E+00  0.00000E+00  3.11093E+02
   256  1.19691E-03 -7.97351E+00 -7.97334E+00 -1.75292E-04  0.00000E+00  0.00000E+00  3.10900E+02
   257  1.23067E-03 -7.97277E+00 -7.97258E+00 -1.85215E-04  0.00000E+00  0.00000E+00  3.10703E+02
   258  1.26538E-03 -7.97201E+00 -7.97181E+00 -1.95696E-04  0.00000E+00  0.00000E+00  3.10501E+02
   259  1.30107E-03 -7.97122E+00 -7.97102E+00 -2.06768E-04  0.00000E+00  0.00000E+00  3.10295E+02
   260  1.33777E-03 -7.97042E+00 -7.97020E+00 -2.18462E-04  0.00000E+00  0.00000E+00  3.10083E+02
   261  1.37550E-03 -7.96959E+00 -7.96936E+00 -2.30814E-04  0.00000E+00  0.00000E+00  3.09867E+02
   262  1.41430E-03 -7.96874E+00 -7.96849E+00 -2.43861E-04  0.00000E+00  0.00000E+00  3.09645E+02
   263  1.45419E-03 -7.96786E+00 -7.96761E+00 -2.57640E-04  0.00000E+00  0.00000E+00  3.09419E+02
   264  1.49520E-03 -7.96696E+00 -7.96669E+00 -2.72194E-04  0.00000E+00  0.00000E+00  3.09187E+02
   265  1.53737E-03 -7.96604E+00 -7.96575E+00 -2.87565E-04  0.00000E+00  0.00000E+00  3.08949E+02
   266  1.58073E-03 -7.96509E+00 -7.96479E+00 -3.03798E-04  0.00000E+00  0.00000E+00  3.08706E+02
   267  1.62531E-03 -7.96412E+00 -7.96379E+00 -3.20941E-04  0.00000E+00  0.00000E+00  3.08456E+02
   268  1.67114E-03 -7.96311E+00 -7.96277E+00 -3.39046E-04  0.00000E+00  0.00000E+00  3.08201E+02
   269  1.71827E-03 -7.96208E+00 -7.96172E+00 -3.58164E-04  0.00000E+00  0.00000E+00  3.07940E+02
   270  1.76672E-03 -7.96102E+00 -7.96065E+00 -3.78354E-04  0.00000E+00  0.00000E+00  3.07672E+02
   271  1.81654E-03 -7.95994E+00 -7.95954E+00 -3.99673E-04  0.00000E+00  0.00000E+00  3.07398E+02
   272  1.86777E-03 -7.95882E+00 -7.95839E+00 -4.22184E-04  0.00000E+00  0.00000E+00  3.07117E+02
   273  1.92043E-03 -7.95767E+00 -7.95722E+00 -4.45954E-04  0.00000E+00  0.00000E+00  3.06830E+02
   274  1.97458E-03 -7.95649E+00 -7.95602E+00 -4.71051E-04  0.00000E+00  0.00000E+00  3.06535E+02
   275  2.03026E-03 -7.95527E+00 -7.95478E+00 -4.97550E-04  0.00000E+00  0.00000E+00  3.06233E+02
   276  2.08751E-03 -7.95403E+00 -7.95350E+00 -5.25527E-04  0.00000E+00  0.00000E+00  3.05924E+02
   277  2.14636E-03 -7.95275E+00 -7.95219E+00 -5.55064E-04  0.00000E+00  0.00000E+00  3.05607E+02
   278  2.20688E-03 -7.95143E+00 -7.95084E+00 -5.86246E-04  0.00000E+00  0.00000E+00  3.05283E+02
   279  2.26910E-03 -7.95008E+00 -7.94946E+00 -6.19165E-04  0.00000E+00  0.00000E+00  3.04951E+02
   280  2.33308E-03 -7.94869E+00 -7.94803E+00 -6.53915E-04  0.00000E+00  0.00000E+00  3.04610E+02
   281  2.39886E-03 -7.94726E+00 -7.94657E+00 -6.90597E-04  0.00000E+00  0.00000E+00  3.04261E+02
   282  2.46649E-03 -7.94579E+00 -7.94506E+00 -7.29317E-04  0.00000E+00  0.00000E+00  3.03903E+02
   283  2.53603E-03 -7.94428E+00 -7.94351E+00 -7.70186E-04  0.00000E+00  0.00000E+00  3.03537E+02
   284  2.60752E-03 -7.94274E+00 -7.94192E+00 -8.13322E-04  0.00000E+00  0.00000E+00  3.03161E+02
   285  2.68103E-03 -7.94114E+00 -7.94029E+00 -8.58848E-04  0.00000E+00  0.00000E+00  3.02776E+02
   286  2.75661E-03 -7.93951E+00 -7.93860E+00 -9.06894E-04  0.00000E+00  0.00000E+00  3.02382E+02
   287  2.83432E-03 -7.93783E+00 -7.93687E+00 -9.57599E-04  0.00000E+00  0.00000E+00  3.01978E+02
   288  2.91422E-03 -7.93611E+00 -7.93509E+00 -1.01111E-03  0.00000E+00  0.00000E+00  3.01564E+02
   289  2.99637E-03 -7.93433E+00 -7.93327E+00 -1.06757E-03  0.00000E+00  0.00000E+00  3.01140E+02
   290  3.08084E-03 -7.93251E+00 -7.93139E+00 -1.12714E-03  0.00000E+00  0.00000E+00  3.00705E+02
   291  3.16768E-03 -7.93064E+00 -7.92945E+00 -1.19000E-03  0.00000E+00  0.00000E+00  3.00259E+02
   292  3.25698E-03 -7.92872E+00 -7.92746E+00 -1.25632E-03  0.00000E+00  0.00000E+00  2.99802E+02
   293  3.34878E-03 -7.92675E+00 -7.92542E+00 -1.32629E-03  0.00000E+00  0.00000E+00  2.99334E+02
   294  3.44317E-03 -7.92472E+00 -7.92332E+00 -1.40010E-03  0.00000E+00  0.00000E+00  2.98855E+02
   295  3.54023E-03 -7.92264E+00 -7.92116E+00 -1.47796E-03  0.00000E+00  0.00000E+00  2.98363E+02
   296  3.64001E-03 -7.92050E+00 -7.91894E+00 -1.56009E-03  0.00000E+00  0.00000E+00  2.97859E+02
   297  3.74261E-03 -7.91830E+00 -7.91666E+00 -1.64671E-03  0.00000E+00  0.00000E+00  2.97343E+02
   298  3.84810E-03 -7.91605E+00 -7.91431E+00 -1.73807E-03  0.00000E+00  0.00000E+00  2.96814E+02
   299  3.95655E-03 -7.91373E+00 -7.91190E+00 -1.83442E-03  0.00000E+00  0.00000E+00  2.96272E+02
   300  4.06807E-03 -7.91135E+00 -7.90942E+00 -1.93603E-03  0.00000E+00  0.00000E+00  2.95716E+02
   301  4.18272E-03 -7.90891E+00 -7.90687E+00 -2.04317E-03  0.00000E+00  0.00000E+00  2.95147E+02
   302  4.30060E-03 -7.90640E+00 -7.90424E+00 -2.15613E-03  0.00000E+00  0.00000E+00  2.94563E+02
   303  4.42181E-03 -7.90382E+00 -7.90155E+00 -2.27523E-03  0.00000E+00  0.00000E+00  2.93965E+02
   304  4.54642E-03 -7.90118E+00 -7.89878E+00 -2.40079E-03  0.00000E+00  0.00000E+00  2.93353E+02
   305  4.67455E-03 -7.89846E+00 -7.89593E+00 -2.53315E-03  0.00000E+00  0.00000E+00  2.92725E+02
   306  4.80628E-03 -7.89567E+00 -7.89300E+00 -2.67266E-03  0.00000E+00  0.00000E+00  2.92081E+02
   307  4.94173E-03 -7.89281E+00 -7.88999E+00 -2.81971E-03  0.00000E+00  0.00000E+00  2.91422E+02
   308  5.08099E-03 -7.88987E+00 -7.88689E+00 -2.97468E-03  0.00000E+00  0.00000E+00  2.90747E+02
   309  5.22417E-03 -7.88685E+00 -7.88371E+00 -3.13799E-03  0.00000E+00  0.00000E+00  2.90055E+02
   310  5.37138E-03 -7.88375E+00 -7.88044E+00 -3.31007E-03  0.00000E+00  0.00000E+00  2.89346E+02
   311  5.52274E-03 -7.88056E+00 -7.87707E+00 -3.49137E-03  0.00000E+00  0.00000E+00  2.88620E+02
   312  5.67836E-03 -7.87730E+00 -7.87362E+00 -3.68237E-03  0.00000E+00  0.00000E+00  2.87875E+02
   313  5.83836E-03 -7.87394E+00 -7.87006E+00 -3.88358E-03  0.00000E+00  0.00000E+00  2.87113E+02
   314  6.00287E-03 -7.87050E+00 -7.86641E+00 -4.09550E-03  0.00000E+00  0.00000E+00  2.86332E+02
   315  6.17201E-03 -7.86697E+00 -7.86265E+00 -4.31870E-03  0.00000E+00  0.00000E+00  2.85533E+02
   316  6.34591E-03 -7.86334E+00 -7.85879E+00 -4.55375E-03  0.00000E+00  0.00000E+00  2.84713E+02
   317  6.52471E-03 -7.85962E+00 -7.85482E+00 -4.80125E-03  0.00000E+00  0.00000E+00  2.83874E+02
   318  6.70854E-03 -7.85580E+00 -7.85074E+00 -5.06182E-03  0.00000E+00  0.00000E+00  2.83015E+02
   319  6.89754E-03 -7.85188E+00 -7.84654E+00 -5.33613E-03  0.00000E+00  0.00000E+00  2.82135E+02
   320  7.09187E-03 -7.84786E+00 -7.84223E+00 -5.62487E-03  0.00000E+00  0.00000E+00  2.81234E+02
   321  7.29167E-03 -7.84373E+00 -7.83780E+00 -5.92876E-03  0.00000E+00  0.00000E+00  2.80311E+02
   322  7.49709E-03 -7.83949E+00 -7.83324E+00 -6.24855E-03  0.00000E+00  0.00000E+00  2.79367E+02
   323  7.70829E-03 -7.83515E+00 -7.82856E+00 -6.58503E-03  0.00000E+00  0.00000E+00  2.78399E+02
   324  7.92544E-03 -7.83069E+00 -7.82375E+00 -6.93903E-03  0.00000E+00  0.00000E+00  2.77409E+02
   325  8.14870E-03 -7.82611E+00 -7.81880E+00 -7.31140E-03  0.00000E+00  0.00000E+00  2.76396E+02
   326  8.37825E-03 -7.82142E+00 -7.81372E+00 -7.70304E-03  0.00000E+00  0.00000E+00  2.75358E+02
   327  8.61425E-03 -7.81660E+00 -7.80849E+00 -8.11490E-03  0.00000E+00  0.00000E+00  2.74296E+02
   328  8.85690E-03 -7.81166E+00 -7.80312E+00 -8.54794E-03  0.00000E+00  0.00000E+00  2.73210E+02
   329  9.10637E-03 -7.80660E+00 -7.79760E+00 -9.00318E-03  0.00000E+00  0.00000E+00  2.72098E+02
   330  9.36287E-03 -7.80140E+00 -7.79192E+00 -9.48169E-03  0.00000E+00  0.00000E+00  2.70960E+02
   331  9.62658E-03 -7.79607E+00 -7.78609E+00 -9.98457E-03  0.00000E+00  0.00000E+00  2.69796E+02
   332  9.89771E-03 -7.79061E+00 -7.78009E+00 -1.05130E-02  0.00000E+00  0.00000E+00  2.68606E+02
   333  1.01765E-02 -7.78500E+00 -7.77393E+00 -1.10681E-02  0.00000E+00  0.00000E+00  2.67388E+02
   334  1.04631E-02 -7.77925E+00 -7.76760E+00 -1.16512E-02  0.00000E+00  0.00000E+00  2.66142E+02
   335  1.07577E-02 -7.77336E+00 -7.76110E+00 -1.22636E-02  0.00000E+00  0.00000E+00  2.64868E+02
   336  1.10607E-02 -7.76732E+00 -7.75441E+00 -1.29065E-02  0.00000E+00  0.00000E+00  2.63565E+02
   337  1.13722E-02 -7.76112E+00 -7.74754E+00 -1.35815E-02  0.00000E+00  0.00000E+00  2.62234E+02
   338  1.16924E-02 -7.75477E+00 -7.74048E+00 -1.42899E-02  0.00000E+00  0.00000E+00  2.60872E+02
   339  1.20217E-02 -7.74826E+00 -7.73323E+00 -1.50333E-02  0.00000E+00  0.00000E+00  2.59481E+02
   340  1.23602E-02 -7.74159E+00 -7.72578E+00 -1.58132E-02  0.00000E+00  0.00000E+00  2.58059E+02
   341  1.27082E-02 -7.73475E+00 -7.71812E+00 -1.66312E-02  0.00000E+00  0.00000E+00  2.56605E+02
   342  1.30660E-02 -7.72774E+00 -7.71025E+00 -1.74890E-02  0.00000E+00  0.00000E+00  2.55121E+02
   343  1.34339E-02 -7.72055E+00 -7.70216E+00 -1.83882E-02  0.00000E+00  0.00000E+00  2.53604E+02
   344  1.38121E-02 -7.71319E+00 -7.69386E+00 -1.93308E-02  0.00000E+00  0.00000E+00  2.52055E+02
   345  1.42009E-02 -7.70564E+00 -7.68533E+00 -2.03185E-02  0.00000E+00  0.00000E+00  2.50473E+02
   346  1.46007E-02 -7.69791E+00 -7.67656E+00 -2.13532E-02  0.00000E+00  0.00000E+00  2.48857E+02
   347  1.50117E-02 -7.68999E+00 -7.66756E+00 -2.24368E-02  0.00000E+00  0.00000E+00  2.47208E+02
   348  1.54343E-02 -7.68188E+00 -7.65831E+00 -2.35714E-02  0.00000E+00  0.00000E+00  2.45525E+02
   349  1.58688E-02 -7.67357E+00 -7.64881E+00 -2.47590E-02  0.00000E+00  0.00000E+00  2.43807E+02
   350  1.63154E-02 -7.66505E+00 -7.63905E+00 -2.60017E-02  0.00000E+00  0.00000E+00  2.42054E+02
   351  1.67746E-02 -7.65633E+00 -7.62903E+00 -2.73017E-02  0.00000E+00  0.00000E+00  2.40266E+02
   352  1.72468E-02 -7.64740E+00 -7.61874E+00 -2.86612E-02  0.00000E+00  0.00000E+00  2.38443E+02
   353  1.77321E-02 -7.63825E+00 -7.60817E+00 -3.00824E-02  0.00000E+00  0.00000E+00  2.36583E+02
   354  1.82312E-02 -7.62888E+00 -7.59731E+00 -3.15677E-02  0.00000E+00  0.00000E+00  2.34687E+02
   355  1.87442E-02 -7.61929E+00 -7.58617E+00 -3.31195E-02  0.00000E+00  0.00000E+00  2.32755E+02
   356  1.92716E-02 -7.60947E+00 -7.57473E+00 -3.47400E-02  0.00000E+00  0.00000E+00  2.30786E+02
   357  1.98139E-02 -7.59941E+00 -7.56298E+00 -3.64318E-02  0.00000E+00  0.00000E+00  2.28779E+02
   358  2.03714E-02 -7.58912E+00 -7.55092E+00 -3.81973E-02  0.00000E+00  0.00000E+00  2.26735E+02
   359  2.09445E-02 -7.57858E+00 -7.53854E+00 -4.00390E-02  0.00000E+00  0.00000E+00  2.24654E+02
   360  2.15338E-02 -7.56780E+00 -7.52584E+00 -4.19593E-02  0.00000E+00  0.00000E+00  2.22535E+02
   361  2.21395E-02 -7.55676E+00 -7.51279E+00 -4.39610E-02  0.00000E+00  0.00000E+00  2.20379E+02
   362  2.27623E-02 -7.54546E+00 -7.49941E+00 -4.60464E-02  0.00000E+00  0.00000E+00  2.18185E+02
   363  2.34026E-02 -7.53389E+00 -7.48568E+00 -4.82181E-02  0.00000E+00  0.00000E+00  2.15952E+02
   364  2.40608E-02 -7.52206E+00 -7.47158E+00 -5.04786E-02  0.00000E+00  0.00000E+00  2.13682E+02
   365  2.47375E-02 -7.50995E+00 -7.45712E+00 -5.28305E-02  0.00000E+00  0.00000E+00  2.11374E+02
   366  2.54332E-02 -7.49757E+00 -7.44229E+00 -5.52763E-02  0.00000E+00  0.00000E+00  2.09028E+02
   367  2.61484E-02 -7.48489E+00 -7.42707E+00 -5.78183E-02  0.00000E+00  0.00000E+00  2.06644E+02
   368  2.68837E-02 -7.47193E+00 -7.41147E+00 -6.04591E-02  0.00000E+00  0.00000E+00  2.04223E+02
   369  2.76396E-02 -7.45866E+00 -7.39546E+00 -6.32009E-02  0.00000E+00  0.00000E+00  2.01764E+02
   370  2.84167E-02 -7.44510E+00 -7.37905E+00 -6.60461E-02  0.00000E+00  0.00000E+00  1.99269E+02
   371  2.92155E-02 -7.43122E+00 -7.36222E+00 -6.89967E-02  0.00000E+00  0.00000E+00  1.96736E+02
   372  3.00368E-02 -7.41703E+00 -7.34497E+00 -7.20549E-02  0.00000E+00  0.00000E+00  1.94167E+02
   373  3.08811E-02 -7.40251E+00 -7.32729E+00 -7.52226E-02  0.00000E+00  0.00000E+00  1.91563E+02
   374  3.17490E-02 -7.38767E+00 -7.30916E+00 -7.85016E-02  0.00000E+00  0.00000E+00  1.88922E+02
   375  3.26413E-02 -7.37248E+00 -7.29059E+00 -8.18936E-02  0.00000E+00  0.00000E+00  1.86247E+02
   376  3.35586E-02 -7.35696E+00 -7.27156E+00 -8.54001E-02  0.00000E+00  0.00000E+00  1.83537E+02
   377  3.45015E-02 -7.34109E+00 -7.25207E+00 -8.90223E-02  0.00000E+00  0.00000E+00  1.80794E+02
   378  3.54709E-02 -7.32486E+00 -7.23210E+00 -9.27612E-02  0.00000E+00  0.00000E+00  1.78017E+02
   379  3.64674E-02 -7.30827E+00 -7.21165E+00 -9.66176E-02  0.00000E+00  0.00000E+00  1.75209E+02
   380  3.74919E-02 -7.29130E+00 -7.19071E+00 -1.00592E-01  0.00000E+00  0.00000E+00  1.72369E+02
   381  3.85449E-02 -7.27396E+00 -7.16927E+00 -1.04685E-01  0.00000E+00  0.00000E+00  1.69499E+02
   382  3.96275E-02 -7.25623E+00 -7.14733E+00 -1.08896E-01  0.00000E+00  0.00000E+00  1.66600E+02
   383  4.07404E-02 -7.23811E+00 -7.12488E+00 -1.13225E-01  0.00000E+00  0.00000E+00  1.63672E+02
   384  4.18843E-02 -7.21958E+00 -7.10191E+00 -1.17670E-01  0.00000E+00  0.00000E+00  1.60717E+02
   385  4.30603E-02 -7.20064E+00 -7.07841E+00 -1.22231E-01  0.00000E+00  0.00000E+00  1.57737E+02
   386  4.42692E-02 -7.18128E+00 -7.05437E+00 -1.26906E-01  0.00000E+00  0.00000E+00  1.54732E+02
   387  4.55118E-02 -7.16149E+00 -7.02980E+00 -1.31693E-01  0.00000E+00  0.00000E+00  1.51705E+02
   388  4.67892E-02 -7.14126E+00 -7.00467E+00 -1.36589E-01  0.00000E+00  0.00000E+00  1.48655E+02
   389  4.81023E-02 -7.12059E+00 -6.97900E+00 -1.41591E-01  0.00000E+00  0.00000E+00  1.45586E+02
   390  4.94520E-02 -7.09946E+00 -6.95276E+00 -1.46695E-01  0.00000E+00  0.00000E+00  1.42499E+02
   391  5.08395E-02 -7.07786E+00 -6.92596E+00 -1.51897E-01  0.00000E+00  0.00000E+00  1.39395E+02
   392  5.22657E-02 -7.05579E+00 -6.89859E+00 -1.57192E-01  0.00000E+00  0.00000E+00  1.36276E+02
   393  5.37317E-02 -7.03322E+00 -6.87065E+00 -1.62574E-01  0.00000E+00  0.00000E+00  1.33145E+02
   394  5.52386E-02 -7.01016E+00 -6.84213E+00 -1.68036E-01  0.00000E+00  0.00000E+00  1.30003E+02
   395  5.67876E-02 -6.98660E+00 -6.81302E+00 -1.73573E-01  0.00000E+00  0.00000E+00  1.26852E+02
   396  5.83797E-02 -6.96251E+00 -6.78334E+00 -1.79176E-01  0.00000E+00  0.00000E+00  1.23694E+02
   397  6.00163E-02 -6.93789E+00 -6.75306E+00 -1.84836E-01  0.00000E+00  0.00000E+00  1.20532E+02
   398  6.16984E-02 -6.91273E+00 -6.72219E+00 -1.90544E-01  0.00000E+00  0.00000E+00  1.17367E+02
   399  6.34275E-02 -6.88702E+00 -6.69073E+00 -1.96291E-01  0.00000E+00  0.00000E+00  1.14203E+02
   400  6.52047E-02 -6.86074E+00 -6.65868E+00 -2.02065E-01  0.00000E+00  0.00000E+00  1.11041E+02
   401  6.70314E-02 -6.83389E+00 -6.62603E+00 -2.07855E-01  0.00000E+00  0.00000E+00  1.07885E+02
   402  6.89089E-02 -6.80644E+00 -6.59280E+00 -2.13647E-01  0.00000E+00  0.00000E+00  1.04735E+02
   403  7.08387E-02 -6.77840E+00 -6.55897E+00 -2.19430E-01  0.00000E+00  0.00000E+00  1.01596E+02
   404  7.28221E-02 -6.74973E+00 -6.52455E+00 -2.25188E-01  0.00000E+00  0.00000E+00  9.84696E+01
   405  7.48608E-02 -6.72044E+00 -6.48954E+00 -2.30907E-01  0.00000E+00  0.00000E+00  9.53584E+01
   406  7.69561E-02 -6.69052E+00 -6.45395E+00 -2.36571E-01  0.00000E+00  0.00000E+00  9.22651E+01
   407  7.91096E-02 -6.65994E+00 -6.41777E+00 -2.42163E-01  0.00000E+00  0.00000E+00  8.91924E+01
   408  8.13229E-02 -6.62869E+00 -6.38102E+00 -2.47666E-01  0.00000E+00  0.00000E+00  8.61432E+01
   409  8.35977E-02 -6.59677E+00 -6.34370E+00 -2.53063E-01  0.00000E+00  0.00000E+00  8.31200E+01
   410  8.59356E-02 -6.56415E+00 -6.30582E+00 -2.58335E-01  0.00000E+00  0.00000E+00  8.01257E+01
   411  8.83383E-02 -6.53084E+00 -6.26737E+00 -2.63462E-01  0.00000E+00  0.00000E+00  7.71629E+01
   412  9.08077E-02 -6.49680E+00 -6.22838E+00 -2.68425E-01  0.00000E+00  0.00000E+00  7.42344E+01
   413  9.33455E-02 -6.46205E+00 -6.18884E+00 -2.73204E-01  0.00000E+00  0.00000E+00  7.13428E+01
   414  9.59536E-02 -6.42655E+00 -6.14877E+00 -2.77778E-01  0.00000E+00  0.00000E+00  6.84909E+01
   415  9.86339E-02 -6.39031E+00 -6.10818E+00 -2.82127E-01  0.00000E+00  0.00000E+00  6.56812E+01
   416  1.01388E-01 -6.35330E+00 -6.06707E+00 -2.86230E-01  0.00000E+00  0.00000E+00  6.29164E+01
   417  1.04219E-01 -6.31552E+00 -6.02546E+00 -2.90066E-01  0.00000E+00  0.00000E+00  6.01988E+01
   418  1.07128E-01 -6.27697E+00 -5.98335E+00 -2.93614E-01  0.00000E+00  0.00000E+00  5.75311E+01
   419  1.10117E-01 -6.23762E+00 -5.94077E+00 -2.96854E-01  0.00000E+00  0.00000E+00  5.49154E+01
   420  1.13189E-01 -6.19748E+00 -5.89771E+00 -2.99766E-01  0.00000E+00  0.00000E+00  5.23541E+01
   421  1.16346E-01 -6.15653E+00 -5.85420E+00 -3.02330E-01  0.00000E+00  0.00000E+00  4.98495E+01
   422  1.19590E-01 -6.11478E+00 -5.81025E+00 -3.04527E-01  0.00000E+00  0.00000E+00  4.74034E+01
   423  1.22923E-01 -6.07220E+00 -5.76586E+00 -3.06339E-01  0.00000E+00  0.00000E+00  4.50179E+01
   424  1.26348E-01 -6.02881E+00 -5.72106E+00 -3.07750E-01  0.00000E+00  0.00000E+00  4.26948E+01
   425  1.29867E-01 -5.98459E+00 -5.67585E+00 -3.08743E-01  0.00000E+00  0.00000E+00  4.04357E+01
   426  1.33483E-01 -5.93956E+00 -5.63025E+00 -3.09305E-01  0.00000E+00  0.00000E+00  3.82423E+01
   427  1.37199E-01 -5.89369E+00 -5.58427E+00 -3.09424E-01  0.00000E+00  0.00000E+00  3.61158E+01
   428  1.41016E-01 -5.84701E+00 -5.53792E+00 -3.09088E-01  0.00000E+00  0.00000E+00  3.40576E+01
   429  1.44939E-01 -5.79950E+00 -5.49121E+00 -3.08289E-01  0.00000E+00  0.00000E+00  3.20686E+01
   430  1.48969E-01 -5.75118E+00 -5.44416E+00 -3.07020E-01  0.00000E+00  0.00000E+00  3.01497E+01
   431  1.53109E-01 -5.70205E+00 -5.39677E+00 -3.05279E-01  0.00000E+00  0.00000E+00  2.83017E+01
   432  1.57363E-01 -5.65212E+00 -5.34905E+00 -3.03063E-01  0.00000E+00  0.00000E+00  2.65251E+01
   433  1.61734E-01 -5.60140E+00 -5.30102E+00 -3.00375E-01  0.00000E+00  0.00000E+00  2.48202E+01
   434  1.66224E-01 -5.54990E+00 -5.25268E+00 -2.97218E-01  0.00000E+00  0.00000E+00  2.31872E+01
   435  1.70836E-01 -5.49763E+00 -5.20403E+00 -2.93600E-01  0.00000E+00  0.00000E+00  2.16260E+01
   436  1.75575E-01 -5.44462E+00 -5.15508E+00 -2.89533E-01  0.00000E+00  0.00000E+00  2.01364E+01
   437  1.80443E-01 -5.39087E+00 -5.10584E+00 -2.85030E-01  0.00000E+00  0.00000E+00  1.87180E+01
   438  1.85443E-01 -5.33641E+00 -5.05630E+00 -2.80109E-01  0.00000E+00  0.00000E+00  1.73703E+01
   439  1.90580E-01 -5.28125E+00 -5.00646E+00 -2.74790E-01  0.00000E+00  0.00000E+00  1.60923E+01
   440  1.95857E-01 -5.22543E+00 -4.95633E+00 -2.69098E-01  0.00000E+00  0.00000E+00  1.48833E+01
   441  2.01277E-01 -5.16895E+00 -4.90589E+00 -2.63061E-01  0.00000E+00  0.00000E+00  1.37420E+01
   442  2.06844E-01 -5.11186E+00 -4.85515E+00 -2.56709E-01  0.00000E+00  0.00000E+00  1.26672E+01
   443  2.12562E-01 -5.05417E+00 -4.80410E+00 -2.50077E-01  0.00000E+00  0.00000E+00  1.16573E+01
   444  2.18435E-01 -4.99592E+00 -4.75272E+00 -2.43202E-01  0.00000E+00  0.00000E+00  1.07109E+01
   445  2.24467E-01 -4.93713E+00 -4.70100E+00 -2.36123E-01  0.00000E+00  0.00000E+00  9.82622E+00
   446  2.30663E-01 -4.87782E+00 -4.64894E+00 -2.28883E-01  0.00000E+00  0.00000E+00  9.00131E+00
   447  2.37025E-01 -4.81804E+00 -4.59651E+00 -2.21527E-01  0.00000E+00  0.00000E+00  8.23423E+00
   448  2.43559E-01 -4.75780E+00 -4.54370E+00 -2.14100E-01  0.00000E+00  0.00000E+00  7.52289E+00
   449  2.50270E-01 -4.69715E+00 -4.49050E+00 -2.06651E-01  0.00000E+00  0.00000E+00  6.86510E+00
   450  2.57160E-01 -4.63609E+00 -4.43687E+00 -1.99228E-01  0.00000E+00  0.00000E+00  6.25860E+00
   451  2.64236E-01 -4.57468E+00 -4.38280E+00 -1.91881E-01  0.00000E+00  0.00000E+00  5.70107E+00
   452  2.71502E-01 -4.51292E+00 -4.32826E+00 -1.84660E-01  0.00000E+00  0.00000E+00  5.19012E+00
   453  2.78963E-01 -4.45085E+00 -4.27323E+00 -1.77612E-01  0.00000E+00  0.00000E+00  4.72334E+00
   454  2.86623E-01 -4.38848E+00 -4.21770E+00 -1.70786E-01  0.00000E+00  0.00000E+00  4.29828E+00
   455  2.94489E-01 -4.32584E+00 -4.16162E+00 -1.64228E-01  0.00000E+00  0.00000E+00  3.91249E+00
   456  3.02564E-01 -4.26295E+00 -4.10497E+00 -1.57981E-01  0.00000E+00  0.00000E+00  3.56351E+00
   457  3.10854E-01 -4.19982E+00 -4.04774E+00 -1.52087E-01  0.00000E+00  0.00000E+00  3.24891E+00
   458  3.19366E-01 -4.13647E+00 -3.98989E+00 -1.46582E-01  0.00000E+00  0.00000E+00  2.96629E+00
   459  3.28103E-01 -4.07290E+00 -3.93140E+00 -1.41502E-01  0.00000E+00  0.00000E+00  2.71328E+00
   460  3.37072E-01 -4.00912E+00 -3.87224E+00 -1.36874E-01  0.00000E+00  0.00000E+00  2.48756E+00
   461  3.46279E-01 -3.94513E+00 -3.81240E+00 -1.32725E-01  0.00000E+00  0.00000E+00  2.28689E+00
   462  3.55729E-01 -3.88093E+00 -3.75186E+00 -1.29074E-01  0.00000E+00  0.00000E+00  2.10909E+00
   463  3.65428E-01 -3.81652E+00 -3.69059E+00 -1.25934E-01  0.00000E+00  0.00000E+00  1.95207E+00
   464  3.75384E-01 -3.75190E+00 -3.62858E+00 -1.23314E-01  0.00000E+00  0.00000E+00  1.81381E+00
   465  3.85601E-01 -3.68705E+00 -3.56583E+00 -1.21218E-01  0.00000E+00  0.00000E+00  1.69240E+00
   466  3.96086E-01 -3.62196E+00 -3.50232E+00 -1.19642E-01  0.00000E+00  0.00000E+00  1.58604E+00
   467  4.06846E-01 -3.55662E+00 -3.43805E+00 -1.18577E-01  0.00000E+00  0.00000E+00  1.49301E+00
   468  4.17888E-01 -3.49102E+00 -3.37301E+00 -1.18009E-01  0.00000E+00  0.00000E+00  1.41172E+00
   469  4.29218E-01 -3.42514E+00 -3.30722E+00 -1.17917E-01  0.00000E+00  0.00000E+00  1.34068E+00
   470  4.40843E-01 -3.35895E+00 -3.24068E+00 -1.18277E-01  0.00000E+00  0.00000E+00  1.27852E+00
   471  4.52770E-01 -3.29246E+00 -3.17340E+00 -1.19058E-01  0.00000E+00  0.00000E+00  1.22397E+00
   472  4.65007E-01 -3.22563E+00 -3.10541E+00 -1.20225E-01  0.00000E+00  0.00000E+00  1.17587E+00
   473  4.77560E-01 -3.15846E+00 -3.03672E+00 -1.21740E-01  0.00000E+00  0.00000E+00  1.13317E+00
   474  4.90438E-01 -3.09094E+00 -2.96738E+00 -1.23560E-01  0.00000E+00  0.00000E+00  1.09495E+00
   475  5.03647E-01 -3.02305E+00 -2.89741E+00 -1.25640E-01  0.00000E+00  0.00000E+00  1.06035E+00
   476  5.17196E-01 -2.95480E+00 -2.82686E+00 -1.27933E-01  0.00000E+00  0.00000E+00  1.02865E+00
   477  5.31093E-01 -2.88617E+00 -2.75578E+00 -1.30388E-01  0.00000E+00  0.00000E+00  9.99179E-01
   478  5.45344E-01 -2.81717E+00 -2.68422E+00 -1.32957E-01  0.00000E+00  0.00000E+00  9.71396E-01
   479  5.59960E-01 -2.74782E+00 -2.61223E+00 -1.35587E-01  0.00000E+00  0.00000E+00  9.44820E-01
   480  5.74947E-01 -2.67812E+00 -2.53989E+00 -1.38229E-01  0.00000E+00  0.00000E+00  9.19050E-01
   481  5.90315E-01 -2.60809E+00 -2.46726E+00 -1.40831E-01  0.00000E+00  0.00000E+00  8.93760E-01
   482  6.06072E-01 -2.53776E+00 -2.39442E+00 -1.43346E-01  0.00000E+00  0.00000E+00  8.68685E-01
   483  6.22227E-01 -2.46717E+00 -2.32144E+00 -1.45727E-01  0.00000E+00  0.00000E+00  8.43621E-01
   484  6.38788E-01 -2.39635E+00 -2.24842E+00 -1.47929E-01  0.00000E+00  0.00000E+00  8.18416E-01
   485  6.55764E-01 -2.32534E+00 -2.17543E+00 -1.49911E-01  0.00000E+00  0.00000E+00  7.92964E-01
   486  6.73166E-01 -2.25420E+00 -2.10257E+00 -1.51635E-01  0.00000E+00  0.00000E+00  7.67202E-01
   487  6.91002E-01 -2.18300E+00 -2.02993E+00 -1.53067E-01  0.00000E+00  0.00000E+00  7.41099E-01
   488  7.09281E-01 -2.11179E+00 -1.95761E+00 -1.54178E-01  0.00000E+00  0.00000E+00  7.14659E-01
   489  7.28013E-01 -2.04064E+00 -1.88570E+00 -1.54941E-01  0.00000E+00  0.00000E+00  6.87907E-01
   490  7.47208E-01 -1.96965E+00 -1.81431E+00 -1.55336E-01  0.00000E+00  0.00000E+00  6.60891E-01
   491  7.66875E-01 -1.89888E+00 -1.74353E+00 -1.55346E-01  0.00000E+00  0.00000E+00  6.33674E-01
   492  7.87025E-01 -1.82842E+00 -1.67346E+00 -1.54961E-01  0.00000E+00  0.00000E+00  6.06334E-01
   493  8.07668E-01 -1.75838E+00 -1.60421E+00 -1.54173E-01  0.00000E+00  0.00000E+00  5.78956E-01
   494  8.28814E-01 -1.68884E+00 -1.53586E+00 -1.52981E-01  0.00000E+00  0.00000E+00  5.51631E-01
   495  8.50473E-01 -1.61990E+00 -1.46852E+00 -1.51389E-01  0.00000E+00  0.00000E+00  5.24454E-01
   496  8.72656E-01 -1.55167E+00 -1.40227E+00 -1.49403E-01  0.00000E+00  0.00000E+00  4.97519E-01
   497  8.95373E-01 -1.48424E+00 -1.33721E+00 -1.47036E-01  0.00000E+00  0.00000E+00  4.70919E-01
   498  9.18635E-01 -1.41772E+00 -1.27342E+00 -1.44304E-01  0.00000E+00  0.00000E+00  4.44746E-01
   499  9.42454E-01 -1.35220E+00 -1.21098E+00 -1.41227E-01  0.00000E+00  0.00000E+00  4.19084E-01
   500  9.66839E-01 -1.28780E+00 -1.14997E+00 -1.37826E-01  0.00000E+00  0.00000E+00  3.94013E-01
   501  9.91802E-01 -1.22459E+00 -1.09046E+00 -1.34129E-01  0.00000E+00  0.00000E+00  3.69606E-01
   502  1.01735E+00 -1.16269E+00 -1.03253E+00 -1.30162E-01  0.00000E+00  0.00000E+00  3.45926E-01
   503  1.04351E+00 -1.10217E+00 -9.76217E-01 -1.25957E-01  0.00000E+00  0.00000E+00  3.23031E-01
   504  1.07027E+00 -1.04313E+00 -9.21589E-01 -1.21544E-01  0.00000E+00  0.00000E+00  3.00970E-01
   505  1.09766E+00 -9.85645E-01 -8.68689E-01 -1.16956E-01  0.00000E+00  0.00000E+00  2.79783E-01
   506  1.12568E+00 -9.29785E-01 -8.17558E-01 -1.12227E-01  0.00000E+00  0.00000E+00  2.59501E-01
   507  1.15435E+00 -8.75618E-01 -7.68231E-01 -1.07388E-01  0.00000E+00  0.00000E+00  2.40148E-01
   508  1.18368E+00 -8.23204E-01 -7.20732E-01 -1.02472E-01  0.00000E+00  0.00000E+00  2.21739E-01
   509  1.21368E+00 -7.72594E-01 -6.75083E-01 -9.75114E-02  0.00000E+00  0.00000E+00  2.04284E-01
   510  1.24436E+00 -7.23831E-01 -6.31295E-01 -9.25362E-02  0.00000E+00  0.00000E+00  1.87782E-01
   511  1.27573E+00 -6.76950E-01 -5.89375E-01 -8.75754E-02  0.00000E+00  0.00000E+00  1.72230E-01
   512  1.30781E+00 -6.31977E-01 -5.49321E-01 -8.26563E-02  0.00000E+00  0.00000E+00  1.57614E-01
   513  1.34060E+00 -5.88930E-01 -5.11126E-01 -7.78039E-02  0.00000E+00  0.00000E+00  1.43920E-01
   514  1.37413E+00 -5.47817E-01 -4.74776E-01 -7.30412E-02  0.00000E+00  0.00000E+00  1.31127E-01
   515  1.40840E+00 -5.08640E-01 -4.40251E-01 -6.83889E-02  0.00000E+00  0.00000E+00  1.19207E-01
   516  1.44342E+00 -4.71391E-01 -4.07526E-01 -6.38651E-02  0.00000E+00  0.00000E+00  1.08134E-01
   517  1.47921E+00 -4.36056E-01 -3.76570E-01 -5.94856E-02  0.00000E+00  0.00000E+00  9.78751E-02
   518  1.51577E+00 -4.02612E-01 -3.47348E-01 -5.52638E-02  0.00000E+00  0.00000E+00  8.83966E-02
   519  1.55313E+00 -3.71029E-01 -3.19818E-01 -5.12106E-02  0.00000E+00  0.00000E+00  7.96627E-02
   520  1.59129E+00 -3.41272E-01 -2.93937E-01 -4.73347E-02  0.00000E+00  0.00000E+00  7.16363E-02
   521  1.63027E+00 -3.13299E-01 -2.69657E-01 -4.36424E-02  0.00000E+00  0.00000E+00  6.42795E-02
   522  1.67007E+00 -2.87063E-01 -2.46925E-01 -4.01382E-02  0.00000E+00  0.00000E+00  5.75541E-02
   523  1.71071E+00 -2.62513E-01 -2.25689E-01 -3.68244E-02  0.00000E+00  0.00000E+00  5.14217E-02
   524  1.75220E+00 -2.39593E-01 -2.05891E-01 -3.37016E-02  0.00000E+00  0.00000E+00  4.58443E-02
   525  1.79455E+00 -2.18244E-01 -1.87475E-01 -3.07689E-02  0.00000E+00  0.00000E+00  4.07845E-02
   526  1.83778E+00 -1.98403E-01 -1.70379E-01 -2.80238E-02  0.00000E+00  0.00000E+00  3.62058E-02
   527  1.88190E+00 -1.80006E-01 -1.54543E-01 -2.54627E-02  0.00000E+00  0.00000E+00  3.20727E-02
   528  1.92692E+00 -1.62988E-01 -1.39907E-01 -2.30808E-02  0.00000E+00  0.00000E+00  2.83512E-02
   529  1.97285E+00 -1.47281E-01 -1.26409E-01 -2.08725E-02  0.00000E+00  0.00000E+00  2.50083E-02
   530  2.01970E+00 -1.32818E-01 -1.13987E-01 -1.88313E-02  0.00000E+00  0.00000E+00  2.20128E-02
   531  2.06748E+00 -1.19531E-01 -1.02581E-01 -1.69502E-02  0.00000E+00  0.00000E+00  1.93352E-02
   532  2.11621E+00 -1.07352E-01 -9.21307E-02 -1.52216E-02  0.00000E+00  0.00000E+00  1.69474E-02
   533  2.16590E+00 -9.62154E-02 -8.25775E-02 -1.36379E-02  0.00000E+00  0.00000E+00  1.48232E-02
   534  2.21655E+00 -8.60547E-02 -7.38638E-02 -1.21910E-02  0.00000E+00  0.00000E+00  1.29379E-02
   535  2.26819E+00 -7.68062E-02 -6.59335E-02 -1.08726E-02  0.00000E+00  0.00000E+00  1.12685E-02
   536  2.32081E+00 -6.84075E-02 -5.87327E-02 -9.67480E-03  0.00000E+00  0.00000E+00  9.79388E-03
   537  2.37444E+00 -6.07982E-02 -5.22088E-02 -8.58939E-03  0.00000E+00  0.00000E+00  8.49428E-03
   538  2.42907E+00 -5.39204E-02 -4.63119E-02 -7.60849E-03  0.00000E+00  0.00000E+00  7.35160E-03
   539  2.48474E+00 -4.77182E-02 -4.09938E-02 -6.72438E-03  0.00000E+00  0.00000E+00  6.34921E-03
   540  2.54143E+00 -4.21383E-02 -3.62087E-02 -5.92960E-03  0.00000E+00  0.00000E+00  5.47192E-03
   541  2.59917E+00 -3.71302E-02 -3.19133E-02 -5.21696E-03  0.00000E+00  0.00000E+00  4.70588E-03
   542  2.65796E+00 -3.26459E-02 -2.80663E-02 -4.57963E-03  0.00000E+00  0.00000E+00  4.03852E-03
   543  2.71781E+00 -2.86401E-02 -2.46290E-02 -4.01110E-03  0.00000E+00  0.00000E+00  3.45845E-03
   544  2.77873E+00 -2.50702E-02 -2.15650E-02 -3.50523E-03  0.00000E+00  0.00000E+00  2.95540E-03
   545  2.84074E+00 -2.18964E-02 -1.88402E-02 -3.05624E-03  0.00000E+00  0.00000E+00  2.52015E-03
   546  2.90384E+00 -1.90816E-02 -1.64228E-02 -2.65875E-03  0.00000E+00  0.00000E+00  2.14441E-03
   547  2.96804E+00 -1.65910E-02 -1.42833E-02 -2.30771E-03  0.00000E+00  0.00000E+00  1.82078E-03
   548  3.03334E+00 -1.43928E-02 -1.23943E-02 -1.99848E-03  0.00000E+00  0.00000E+00  1.54267E-03
   549  3.09977E+00 -1.24573E-02 -1.07305E-02 -1.72675E-03  0.00000E+00  0.00000E+00  1.30422E-03
   550  3.16732E+00 -1.07572E-02 -9.26863E-03 -1.48856E-03  0.00000E+00  0.00000E+00  1.10025E-03
   551  3.23600E+00 -9.26760E-03 -7.98731E-03 -1.28029E-03  0.00000E+00  0.00000E+00  9.26155E-04
   552  3.30582E+00 -7.96564E-03 -6.86702E-03 -1.09863E-03  0.00000E+00  0.00000E+00  7.77908E-04
   553  3.37679E+00 -6.83051E-03 -5.88994E-03 -9.40568E-04  0.00000E+00  0.00000E+00  6.51958E-04
   554  3.44892E+00 -5.84329E-03 -5.03990E-03 -8.03382E-04  0.00000E+00  0.00000E+00  5.45198E-04
   555  3.52221E+00 -4.98685E-03 -4.30224E-03 -6.84609E-04  0.00000E+00  0.00000E+00  4.54910E-04
   556  3.59667E+00 -4.24574E-03 -3.66371E-03 -5.82031E-04  0.00000E+00  0.00000E+00  3.78730E-04
   557  3.67230E+00 -3.60606E-03 -3.11240E-03 -4.93660E-04  0.00000E+00  0.00000E+00  3.14602E-04
   558  3.74911E+00 -3.05532E-03 -2.63760E-03 -4.17717E-04  0.00000E+00  0.00000E+00  2.60745E-04
   559  3.82712E+00 -2.58237E-03 -2.22975E-03 -3.52618E-04  0.00000E+00  0.00000E+00  2.15619E-04
   560  3.90631E+00 -2.17727E-03 -1.88032E-03 -2.96953E-04  0.00000E+00  0.00000E+00  1.77897E-04
   561  3.98670E+00 -1.83118E-03 -1.58171E-03 -2.49475E-04  0.00000E+00  0.00000E+00  1.46439E-04
   562  4.06830E+00 -1.53628E-03 -1.32720E-03 -2.09083E-04  0.00000E+00  0.00000E+00  1.20266E-04
   563  4.15110E+00 -1.28565E-03 -1.11084E-03 -1.74804E-04  0.00000E+00  0.00000E+00  9.85422E-05
   564  4.23511E+00 -1.07320E-03 -9.27408E-04 -1.45789E-04  0.00000E+00  0.00000E+00  8.05546E-05
   565  4.32034E+00 -8.93592E-04 -7.72300E-04 -1.21292E-04  0.00000E+00  0.00000E+00  6.56962E-05
   566  4.40679E+00 -7.42155E-04 -6.41493E-04 -1.00662E-04  0.00000E+00  0.00000E+00  5.34523E-05
   567  4.49446E+00 -6.14809E-04 -5.31476E-04 -8.33331E-05  0.00000E+00  0.00000E+00  4.33874E-05
   568  4.58335E+00 -5.08008E-04 -4.39192E-04 -6.88155E-05  0.00000E+00  0.00000E+00  3.51338E-05
   569  4.67347E+00 -4.18679E-04 -3.61994E-04 -5.66846E-05  0.00000E+00  0.00000E+00  2.83821E-05
   570  4.76482E+00 -3.44165E-04 -2.97590E-04 -4.65744E-05  0.00000E+00  0.00000E+00  2.28728E-05
   571  4.85741E+00 -2.82178E-04 -2.44007E-04 -3.81705E-05  0.00000E+00  0.00000E+00  1.83883E-05
   572  4.95123E+00 -2.30752E-04 -1.99548E-04 -3.12035E-05  0.00000E+00  0.00000E+00  1.47471E-05
   573  5.04629E+00 -1.88205E-04 -1.62762E-04 -2.54429E-05  0.00000E+00  0.00000E+00  1.17981E-05
   574  5.14258E+00 -1.53100E-04 -1.32407E-04 -2.06925E-05  0.00000E+00  0.00000E+00  9.41562E-06
   575  5.24011E+00 -1.24215E-04 -1.07429E-04 -1.67857E-05  0.00000E+00  0.00000E+00  7.49576E-06
   576  5.33888E+00 -1.00514E-04 -8.69325E-05 -1.35813E-05  0.00000E+00  0.00000E+00  5.95261E-06
   577  5.43889E+00 -8.11198E-05 -7.01597E-05 -1.09601E-05  0.00000E+00  0.00000E+00  4.71542E-06
   578  5.54014E+00 -6.52943E-05 -5.64725E-05 -8.82179E-06  0.00000E+00  0.00000E+00  3.72607E-06
   579  5.64262E+00 -5.24165E-05 -4.53344E-05 -7.08210E-06  0.00000E+00  0.00000E+00  2.93695E-06
   580  5.74635E+00 -4.19666E-05 -3.62960E-05 -5.67060E-06  0.00000E+00  0.00000E+00  2.30915E-06
   581  5.85131E+00 -3.35105E-05 -2.89820E-05 -4.52850E-06  0.00000E+00  0.00000E+00  1.81099E-06
   582  5.95751E+00 -2.66869E-05 -2.30800E-05 -3.60691E-06  0.00000E+00  0.00000E+00  1.41673E-06
   583  6.06494E+00 -2.11961E-05 -1.83307E-05 -2.86531E-06  0.00000E+00  0.00000E+00  1.10550E-06
   584  6.17361E+00 -1.67900E-05 -1.45198E-05 -2.27018E-06  0.00000E+00  0.00000E+00  8.60469E-07
   585  6.28351E+00 -1.32643E-05 -1.14704E-05 -1.79391E-06  0.00000E+00  0.00000E+00  6.68055E-07
   586  6.39464E+00 -1.04509E-05 -9.03711E-06 -1.41381E-06  0.00000E+00  0.00000E+00  5.17355E-07
   587  6.50700E+00 -8.21229E-06 -7.10099E-06 -1.11130E-06  0.00000E+00  0.00000E+00  3.99635E-07
   588  6.62058E+00 -6.43596E-06 -5.56476E-06 -8.71201E-07  0.00000E+00  0.00000E+00  3.07919E-07
   589  6.73539E+00 -5.03039E-06 -4.34922E-06 -6.81172E-07  0.00000E+00  0.00000E+00  2.36651E-07
   590  6.85141E+00 -3.92132E-06 -3.39013E-06 -5.31183E-07  0.00000E+00  0.00000E+00  1.81417E-07
   591  6.96865E+00 -3.04863E-06 -2.63550E-06 -4.13126E-07  0.00000E+00  0.00000E+00  1.38723E-07
   592  7.08711E+00 -2.36386E-06 -2.04340E-06 -3.20458E-07  0.00000E+00  0.00000E+00  1.05808E-07
   593  7.20677E+00 -1.82804E-06 -1.58011E-06 -2.47921E-07  0.00000E+00  0.00000E+00  8.04984E-08
   594  7.32763E+00 -1.40993E-06 -1.21863E-06 -1.91297E-07  0.00000E+00  0.00000E+00  6.10886E-08
   595  7.44970E+00 -1.08458E-06 -9.37358E-07 -1.47218E-07  0.00000E+00  0.00000E+00  4.62420E-08
   596  7.57296E+00 -8.32103E-07 -7.19105E-07 -1.12998E-07  0.00000E+00  0.00000E+00  3.49156E-08
   597  7.69742E+00 -6.36724E-07 -5.50219E-07 -8.65052E-08  0.00000E+00  0.00000E+00  2.62973E-08
   598  7.82306E+00 -4.85944E-07 -4.19893E-07 -6.60506E-08  0.00000E+00  0.00000E+00  1.97567E-08
   599  7.94988E+00 -3.69900E-07 -3.19599E-07 -5.03011E-08  0.00000E+00  0.00000E+00  1.48058E-08
   600  8.07788E+00 -2.80835E-07 -2.42627E-07 -3.82075E-08  0.00000E+00  0.00000E+00  1.10679E-08
   601  8.20706E+00 -2.12661E-07 -1.83715E-07 -2.89463E-08  0.00000E+00  0.00000E+00  8.25315E-09
   602  8.33740E+00 -1.60621E-07 -1.38748E-07 -2.18733E-08  0.00000E+00  0.00000E+00  6.13900E-09
   603  8.46890E+00 -1.21003E-07 -1.04517E-07 -1.64860E-08  0.00000E+00  0.00000E+00  4.55516E-09
   604  8.60156E+00 -9.09230E-08 -7.85292E-08 -1.23938E-08  0.00000E+00  0.00000E+00  3.37164E-09
   605  8.73537E+00 -6.81462E-08 -5.88526E-08 -9.29355E-09  0.00000E+00  0.00000E+00  2.48952E-09
   606  8.87032E+00 -5.09452E-08 -4.39941E-08 -6.95110E-09  0.00000E+00  0.00000E+00  1.83370E-09
   607  9.00641E+00 -3.79896E-08 -3.28037E-08 -5.18591E-09  0.00000E+00  0.00000E+00  1.34737E-09
   608  9.14363E+00 -2.82573E-08 -2.43981E-08 -3.85923E-09  0.00000E+00  0.00000E+00  9.87634E-10
   609  9.28198E+00 -2.09655E-08 -1.81008E-08 -2.86474E-09  0.00000E+00  0.00000E+00  7.22202E-10
   610  9.42144E+00 -1.55166E-08 -1.33954E-08 -2.12121E-09  0.00000E+00  0.00000E+00  5.26843E-10
   611  9.56202E+00 -1.14554E-08 -9.88862E-09 -1.56676E-09  0.00000E+00  0.00000E+00  3.83414E-10
   612  9.70371E+00 -8.43624E-09 -7.28186E-09 -1.15438E-09  0.00000E+00  0.00000E+00  2.78372E-10
   613  9.84649E+00 -6.19756E-09 -5.34911E-09 -8.48450E-10  0.00000E+00  0.00000E+00  2.01632E-10
   614  9.99037E+00 -4.54184E-09 -3.91977E-09 -6.22072E-10  0.00000E+00  0.00000E+00  1.45705E-10
   615  1.01353E+01 -3.32038E-09 -2.86540E-09 -4.54987E-10  0.00000E+00  0.00000E+00  1.05045E-10
   616  1.02814E+01 -2.42156E-09 -2.08959E-09 -3.31976E-10  0.00000E+00  0.00000E+00  7.55562E-11
   617  1.04285E+01 -1.76181E-09 -1.52017E-09 -2.41641E-10  0.00000E+00  0.00000E+00  5.42205E-11
   618  1.05767E+01 -1.27876E-09 -1.10329E-09 -1.75467E-10  0.00000E+00  0.00000E+00  3.88206E-11
   619  1.07259E+01 -9.25952E-10 -7.98838E-10 -1.27113E-10  0.00000E+00  0.00000E+00  2.77314E-11
   620  1.08762E+01 -6.68906E-10 -5.77039E-10 -9.18673E-11  0.00000E+00  0.00000E+00  1.97651E-11
   621  1.10275E+01 -4.82088E-10 -4.15849E-10 -6.62388E-11  0.00000E+00  0.00000E+00  1.40556E-11
   622  1.11799E+01 -3.46638E-10 -2.98989E-10 -4.76489E-11  0.00000E+00  0.00000E+00  9.97311E-12
   623  1.13333E+01 -2.48669E-10 -2.14472E-10 -3.41970E-11  0.00000E+00  0.00000E+00  7.06070E-12
   624  1.14877E+01 -1.77980E-10 -1.53493E-10 -2.44865E-11  0.00000E+00  0.00000E+00  4.98780E-12
   625  1.16431E+01 -1.27096E-10 -1.09603E-10 -1.74934E-11  0.00000E+00  0.00000E+00  3.51576E-12
   626  1.17995E+01 -9.05542E-11 -7.80851E-11 -1.24691E-11  0.00000E+00  0.00000E+00  2.47278E-12
   627  1.19570E+01 -6.43755E-11 -5.55076E-11 -8.86793E-12  0.00000E+00  0.00000E+00  1.73546E-12
   628  1.21154E+01 -4.56621E-11 -3.93694E-11 -6.29271E-12  0.00000E+00  0.00000E+00  1.21539E-12
   629  1.22748E+01 -3.23158E-11 -2.78604E-11 -4.45544E-12  0.00000E+00  0.00000E+00  8.49357E-13
   630  1.24352E+01 -2.28208E-11 -1.96732E-11 -3.14765E-12  0.00000E+00  0.00000E+00  5.92310E-13
   631  1.25965E+01 -1.60798E-11 -1.38609E-11 -2.21889E-12  0.00000E+00  0.00000E+00  4.12191E-13
   632  1.27589E+01 -1.13041E-11 -9.74332E-12 -1.56078E-12  0.00000E+00  0.00000E+00  2.86249E-13
   633  1.29221E+01 -7.93092E-12 -6.83542E-12 -1.09550E-12  0.00000E+00  0.00000E+00  1.98378E-13
   634  1.30863E+01 -5.55102E-12 -4.78373E-12 -7.67287E-13  0.00000E+00  0.00000E+00  1.37200E-13
   635  1.32515E+01 -3.87759E-12 -3.34133E-12 -5.36268E-13  0.00000E+00  0.00000E+00  9.46960E-14
   636  1.34176E+01 -2.70282E-12 -2.32880E-12 -3.74018E-13  0.00000E+00  0.00000E+00  6.52279E-14
   637  1.35846E+01 -1.87858E-12 -1.61826E-12 -2.60314E-13  0.00000E+00  0.00000E+00  4.48401E-14
   638  1.37525E+01 -1.30346E-12 -1.12266E-12 -1.80803E-13  0.00000E+00  0.00000E+00  3.07637E-14
   639  1.39213E+01 -9.03364E-13 -7.78044E-13 -1.25320E-13  0.00000E+00  0.00000E+00  2.10647E-14
   640  1.40910E+01 -6.24923E-13 -5.38236E-13 -8.66867E-14  0.00000E+00  0.00000E+00  1.43954E-14
   641  1.42617E+01 -4.31101E-13 -3.71259E-13 -5.98421E-14  0.00000E+00  0.00000E+00  9.81864E-15
   642  1.44332E+01 -2.97023E-13 -2.55795E-13 -4.12280E-14  0.00000E+00  0.00000E+00  6.68413E-15
   643  1.46055E+01 -2.04207E-13 -1.75859E-13 -2.83475E-14  0.00000E+00  0.00000E+00  4.54162E-15
   644  1.47788E+01 -1.40245E-13 -1.20792E-13 -1.94527E-14  0.00000E+00  0.00000E+00  3.08004E-15
   645  1.49529E+01 -9.50353E-14 -8.17124E-14 -1.33229E-14  0.00000E+00  0.00000E+00  2.08491E-15
   646  1.51279E+01 -9.10703E-15  0.00000E+00 -9.10703E-15  0.00000E+00  0.00000E+00  1.40868E-15
   647  1.51279E+01  0.00000E+00  0.00000E+00  0.00000E+00  0.00000E+00  0.00000E+00  0.00000E+00
   648  3.02558E+01  0.00000E+00  0.00000E+00  0.00000E+00  0.00000E+00  0.00000E+00  0.00000E+00
   649  6.05116E+01  0.00000E+00  0.00000E+00  0.00000E+00  0.00000E+00  0.00000E+00  0.00000E+00
   650  1.21023E+02  0.00000E+00  0.00000E+00  0.00000E+00  0.00000E+00  0.00000E+00  0.00000E+00
   651  2.42046E+02  0.00000E+00  0.00000E+00  0.00000E+00  0.00000E+00  0.00000E+00  0.00000E+00
   652  4.84092E+02  0.00000E+00  0.00000E+00  0.00000E+00  0.00000E+00  0.00000E+00  0.00000E+00
   653  9.68185E+02  0.00000E+00  0.00000E+00  0.00000E+00  0.00000E+00  0.00000E+00  0.00000E+00
   654  1.93637E+03  0.00000E+00  0.00000E+00  0.00000E+00  0.00000E+00  0.00000E+00  0.00000E+00
   655  3.87274E+03  0.00000E+00  0.00000E+00  0.00000E+00  0.00000E+00  0.00000E+00  0.00000E+00
   656  7.74548E+03  0.00000E+00  0.00000E+00  0.00000E+00  0.00000E+00  0.00000E+00  0.00000E+00
   657  1.54910E+04  0.00000E+00  0.00000E+00  0.00000E+00  0.00000E+00  0.00000E+00  0.00000E+00
