

  **** PARTIAL WAVE ANALYSIS (DPWA0) ******************************************


  KINETIC ENERGY = 1.02000E+02 eV

      L       PHASE(SPIN UP)     PHASE(SPIN DOWN)
  -----------------------------------------------
       0     -1.01627153E-01      0.00000000E+00
       1      1.53781447E+00      1.53884594E+00
       2      7.08612607E-01      7.08801739E-01
       3      3.30436801E-01      3.30501074E-01
       4      1.56978151E-01      1.57004951E-01
       5      7.61406328E-02      7.61527922E-02
       6      3.75680244E-02      3.75737931E-02
       7      1.87819985E-02      1.87848094E-02
       8      9.48710071E-03      9.48849448E-03
       9      4.83199914E-03      4.83269891E-03
      10      2.47803079E-03      2.47838549E-03
      11      1.27823151E-03      1.27841268E-03
      12      6.62617730E-04      6.62710864E-04
      13      3.44947730E-04      3.44995869E-04
      14      1.80221860E-04      1.80246857E-04
      15      9.44464391E-05      9.44594715E-05
      16      4.96222109E-05      4.96290284E-05
      17      2.61272281E-05      2.61308047E-05
      18      1.37808308E-05      1.37827116E-05
      19      7.27917797E-06      7.28016902E-06
      20      3.84940932E-06      3.84993237E-06
      21      2.03755081E-06      2.03782724E-06
      22      1.07929217E-06      1.07943841E-06
      23      5.72022718E-07      5.72100153E-07
      24      3.03298672E-07      3.03339701E-07
      25      1.60864603E-07      1.60886354E-07
      26      8.53378735E-08      8.53494116E-08
      27      4.52772080E-08      4.52833273E-08
      28      2.40240285E-08      2.40272779E-08
      29      1.27473426E-08      1.27490623E-08
      30      6.76365784E-09      6.76456887E-09
      31      3.58848583E-09      3.58897343E-09
      32      1.90367514E-09      1.90393324E-09
      33      1.00979653E-09      1.00993325E-09
      34      5.35586410E-10      5.35659478E-10
      35      2.84020327E-10      2.84060154E-10


  *** SCATTERING AMPLITUDES AND DIFFERENTIAL CROSS SECTION ***

    ANGLE      DCS       ASYMMETRY    DIRECT AMPLITUDE       SPIN-FLIP AMPLITUDE     ERROR
    (deg)   (cm**2/sr)                      (cm)                    (cm)
  -------------------------------------------------------------------------------------------
  0.000E+00 3.80220E-16  0.000E+00  1.543E-08  1.193E-08  0.000E+00  0.000E+00  1.00E-07
  1.000E-04 3.80220E-16  2.435E-10  1.543E-08  1.193E-08  4.305E-19  3.333E-18  1.00E-07
  1.250E-04 3.80220E-16  3.043E-10  1.543E-08  1.193E-08  5.382E-19  4.167E-18  1.00E-07
  1.500E-04 3.80220E-16  3.652E-10  1.543E-08  1.193E-08  6.458E-19  5.000E-18  1.00E-07
  1.750E-04 3.80220E-16  4.261E-10  1.543E-08  1.193E-08  7.535E-19  5.834E-18  1.00E-07
  2.000E-04 3.80220E-16  4.870E-10  1.543E-08  1.193E-08  8.611E-19  6.667E-18  1.00E-07
  2.250E-04 3.80220E-16  5.478E-10  1.543E-08  1.193E-08  9.687E-19  7.500E-18  1.00E-07
  2.500E-04 3.80220E-16  6.087E-10  1.543E-08  1.193E-08  1.076E-18  8.334E-18  1.00E-07
  2.750E-04 3.80220E-16  6.696E-10  1.543E-08  1.193E-08  1.184E-18  9.167E-18  1.00E-07
  3.000E-04 3.80220E-16  7.304E-10  1.543E-08  1.193E-08  1.292E-18  1.000E-17  1.00E-07
  3.250E-04 3.80220E-16  7.913E-10  1.543E-08  1.193E-08  1.399E-18  1.083E-17  1.00E-07
  3.500E-04 3.80220E-16  8.522E-10  1.543E-08  1.193E-08  1.507E-18  1.167E-17  1.00E-07
  3.750E-04 3.80220E-16  9.130E-10  1.543E-08  1.193E-08  1.615E-18  1.250E-17  1.00E-07
  4.000E-04 3.80220E-16  9.739E-10  1.543E-08  1.193E-08  1.722E-18  1.333E-17  1.00E-07
  4.250E-04 3.80220E-16  1.035E-09  1.543E-08  1.193E-08  1.830E-18  1.417E-17  1.00E-07
  4.500E-04 3.80220E-16  1.096E-09  1.543E-08  1.193E-08  1.937E-18  1.500E-17  1.00E-07
  4.750E-04 3.80220E-16  1.157E-09  1.543E-08  1.193E-08  2.045E-18  1.583E-17  1.00E-07
  5.000E-04 3.80220E-16  1.217E-09  1.543E-08  1.193E-08  2.153E-18  1.667E-17  1.00E-07
  5.250E-04 3.80220E-16  1.278E-09  1.543E-08  1.193E-08  2.260E-18  1.750E-17  1.00E-07
  5.500E-04 3.80220E-16  1.339E-09  1.543E-08  1.193E-08  2.368E-18  1.833E-17  1.00E-07
  5.750E-04 3.80220E-16  1.400E-09  1.543E-08  1.193E-08  2.476E-18  1.917E-17  1.00E-07
  6.000E-04 3.80220E-16  1.461E-09  1.543E-08  1.193E-08  2.583E-18  2.000E-17  1.00E-07
  6.250E-04 3.80220E-16  1.522E-09  1.543E-08  1.193E-08  2.691E-18  2.083E-17  1.00E-07
  6.500E-04 3.80220E-16  1.583E-09  1.543E-08  1.193E-08  2.799E-18  2.167E-17  1.00E-07
  6.750E-04 3.80220E-16  1.643E-09  1.543E-08  1.193E-08  2.906E-18  2.250E-17  1.00E-07
  7.000E-04 3.80220E-16  1.704E-09  1.543E-08  1.193E-08  3.014E-18  2.333E-17  1.00E-07
  7.250E-04 3.80220E-16  1.765E-09  1.543E-08  1.193E-08  3.121E-18  2.417E-17  1.00E-07
  7.500E-04 3.80220E-16  1.826E-09  1.543E-08  1.193E-08  3.229E-18  2.500E-17  1.00E-07
  7.750E-04 3.80220E-16  1.887E-09  1.543E-08  1.193E-08  3.337E-18  2.583E-17  1.00E-07
  8.000E-04 3.80220E-16  1.948E-09  1.543E-08  1.193E-08  3.444E-18  2.667E-17  1.00E-07
  8.250E-04 3.80220E-16  2.009E-09  1.543E-08  1.193E-08  3.552E-18  2.750E-17  1.00E-07
  8.500E-04 3.80220E-16  2.070E-09  1.543E-08  1.193E-08  3.660E-18  2.833E-17  1.00E-07
  8.750E-04 3.80220E-16  2.130E-09  1.543E-08  1.193E-08  3.767E-18  2.917E-17  1.00E-07
  9.000E-04 3.80220E-16  2.191E-09  1.543E-08  1.193E-08  3.875E-18  3.000E-17  1.00E-07
  9.250E-04 3.80220E-16  2.252E-09  1.543E-08  1.193E-08  3.983E-18  3.083E-17  1.00E-07
  9.500E-04 3.80220E-16  2.313E-09  1.543E-08  1.193E-08  4.090E-18  3.167E-17  1.00E-07
  9.750E-04 3.80220E-16  2.374E-09  1.543E-08  1.193E-08  4.198E-18  3.250E-17  1.00E-07
  1.000E-03 3.80220E-16  2.435E-09  1.543E-08  1.193E-08  4.305E-18  3.333E-17  1.00E-07
  1.250E-03 3.80220E-16  3.043E-09  1.543E-08  1.193E-08  5.382E-18  4.167E-17  1.00E-07
  1.500E-03 3.80220E-16  3.652E-09  1.543E-08  1.193E-08  6.458E-18  5.000E-17  1.00E-07
  1.750E-03 3.80220E-16  4.261E-09  1.543E-08  1.193E-08  7.535E-18  5.834E-17  1.00E-07
  2.000E-03 3.80220E-16  4.870E-09  1.543E-08  1.193E-08  8.611E-18  6.667E-17  1.00E-07
  2.250E-03 3.80220E-16  5.478E-09  1.543E-08  1.193E-08  9.687E-18  7.500E-17  1.00E-07
  2.500E-03 3.80220E-16  6.087E-09  1.543E-08  1.193E-08  1.076E-17  8.334E-17  1.00E-07
  2.750E-03 3.80220E-16  6.696E-09  1.543E-08  1.193E-08  1.184E-17  9.167E-17  1.00E-07
  3.000E-03 3.80220E-16  7.304E-09  1.543E-08  1.193E-08  1.292E-17  1.000E-16  1.00E-07
  3.250E-03 3.80220E-16  7.913E-09  1.543E-08  1.193E-08  1.399E-17  1.083E-16  1.00E-07
  3.500E-03 3.80220E-16  8.522E-09  1.543E-08  1.193E-08  1.507E-17  1.167E-16  1.00E-07
  3.750E-03 3.80220E-16  9.130E-09  1.543E-08  1.193E-08  1.615E-17  1.250E-16  1.00E-07
  4.000E-03 3.80220E-16  9.739E-09  1.543E-08  1.193E-08  1.722E-17  1.333E-16  1.00E-07
  4.250E-03 3.80220E-16  1.035E-08  1.543E-08  1.193E-08  1.830E-17  1.417E-16  1.00E-07
  4.500E-03 3.80220E-16  1.096E-08  1.543E-08  1.193E-08  1.937E-17  1.500E-16  1.00E-07
  4.750E-03 3.80220E-16  1.157E-08  1.543E-08  1.193E-08  2.045E-17  1.583E-16  1.00E-07
  5.000E-03 3.80220E-16  1.217E-08  1.543E-08  1.193E-08  2.153E-17  1.667E-16  1.00E-07
  5.250E-03 3.80220E-16  1.278E-08  1.543E-08  1.193E-08  2.260E-17  1.750E-16  1.00E-07
  5.500E-03 3.80220E-16  1.339E-08  1.543E-08  1.193E-08  2.368E-17  1.833E-16  1.00E-07
  5.750E-03 3.80220E-16  1.400E-08  1.543E-08  1.193E-08  2.476E-17  1.917E-16  1.00E-07
  6.000E-03 3.80220E-16  1.461E-08  1.543E-08  1.193E-08  2.583E-17  2.000E-16  1.00E-07
  6.250E-03 3.80220E-16  1.522E-08  1.543E-08  1.193E-08  2.691E-17  2.083E-16  1.00E-07
  6.500E-03 3.80220E-16  1.583E-08  1.543E-08  1.193E-08  2.799E-17  2.167E-16  1.00E-07
  6.750E-03 3.80220E-16  1.643E-08  1.543E-08  1.193E-08  2.906E-17  2.250E-16  1.00E-07
  7.000E-03 3.80220E-16  1.704E-08  1.543E-08  1.193E-08  3.014E-17  2.333E-16  1.00E-07
  7.250E-03 3.80220E-16  1.765E-08  1.543E-08  1.193E-08  3.121E-17  2.417E-16  1.00E-07
  7.500E-03 3.80220E-16  1.826E-08  1.543E-08  1.193E-08  3.229E-17  2.500E-16  1.00E-07
  7.750E-03 3.80220E-16  1.887E-08  1.543E-08  1.193E-08  3.337E-17  2.583E-16  1.00E-07
  8.000E-03 3.80220E-16  1.948E-08  1.543E-08  1.193E-08  3.444E-17  2.667E-16  1.00E-07
  8.250E-03 3.80220E-16  2.009E-08  1.543E-08  1.193E-08  3.552E-17  2.750E-16  1.00E-07
  8.500E-03 3.80220E-16  2.070E-08  1.543E-08  1.193E-08  3.660E-17  2.833E-16  1.00E-07
  8.750E-03 3.80220E-16  2.130E-08  1.543E-08  1.193E-08  3.767E-17  2.917E-16  1.00E-07
  9.000E-03 3.80220E-16  2.191E-08  1.543E-08  1.193E-08  3.875E-17  3.000E-16  1.00E-07
  9.250E-03 3.80220E-16  2.252E-08  1.543E-08  1.193E-08  3.983E-17  3.083E-16  1.00E-07
  9.500E-03 3.80220E-16  2.313E-08  1.543E-08  1.193E-08  4.090E-17  3.167E-16  1.00E-07
  9.750E-03 3.80220E-16  2.374E-08  1.543E-08  1.193E-08  4.198E-17  3.250E-16  1.00E-07
  1.000E-02 3.80220E-16  2.435E-08  1.543E-08  1.193E-08  4.305E-17  3.333E-16  1.00E-07
  1.250E-02 3.80220E-16  3.043E-08  1.543E-08  1.193E-08  5.382E-17  4.167E-16  1.00E-07
  1.500E-02 3.80220E-16  3.652E-08  1.543E-08  1.193E-08  6.458E-17  5.000E-16  1.00E-07
  1.750E-02 3.80220E-16  4.261E-08  1.543E-08  1.193E-08  7.535E-17  5.834E-16  1.00E-07
  2.000E-02 3.80220E-16  4.870E-08  1.543E-08  1.193E-08  8.611E-17  6.667E-16  1.00E-07
  2.250E-02 3.80220E-16  5.478E-08  1.543E-08  1.193E-08  9.687E-17  7.500E-16  1.00E-07
  2.500E-02 3.80220E-16  6.087E-08  1.543E-08  1.193E-08  1.076E-16  8.334E-16  1.00E-07
  2.750E-02 3.80220E-16  6.696E-08  1.543E-08  1.193E-08  1.184E-16  9.167E-16  1.00E-07
  3.000E-02 3.80220E-16  7.304E-08  1.543E-08  1.193E-08  1.292E-16  1.000E-15  1.00E-07
  3.250E-02 3.80220E-16  7.913E-08  1.543E-08  1.193E-08  1.399E-16  1.083E-15  1.00E-07
  3.500E-02 3.80219E-16  8.522E-08  1.543E-08  1.193E-08  1.507E-16  1.167E-15  1.00E-07
  3.750E-02 3.80219E-16  9.130E-08  1.543E-08  1.193E-08  1.615E-16  1.250E-15  1.00E-07
  4.000E-02 3.80219E-16  9.739E-08  1.543E-08  1.193E-08  1.722E-16  1.333E-15  1.00E-07
  4.250E-02 3.80219E-16  1.035E-07  1.543E-08  1.193E-08  1.830E-16  1.417E-15  1.00E-07
  4.500E-02 3.80219E-16  1.096E-07  1.543E-08  1.193E-08  1.937E-16  1.500E-15  1.00E-07
  4.750E-02 3.80218E-16  1.157E-07  1.543E-08  1.193E-08  2.045E-16  1.583E-15  1.00E-07
  5.000E-02 3.80218E-16  1.217E-07  1.543E-08  1.193E-08  2.153E-16  1.667E-15  1.00E-07
  5.250E-02 3.80218E-16  1.278E-07  1.543E-08  1.193E-08  2.260E-16  1.750E-15  1.00E-07
  5.500E-02 3.80218E-16  1.339E-07  1.543E-08  1.193E-08  2.368E-16  1.833E-15  1.00E-07
  5.750E-02 3.80218E-16  1.400E-07  1.543E-08  1.193E-08  2.476E-16  1.917E-15  1.00E-07
  6.000E-02 3.80217E-16  1.461E-07  1.543E-08  1.193E-08  2.583E-16  2.000E-15  1.00E-07
  6.250E-02 3.80217E-16  1.522E-07  1.543E-08  1.193E-08  2.691E-16  2.083E-15  1.00E-07
  6.500E-02 3.80217E-16  1.583E-07  1.543E-08  1.193E-08  2.798E-16  2.167E-15  1.00E-07
  6.750E-02 3.80216E-16  1.643E-07  1.543E-08  1.193E-08  2.906E-16  2.250E-15  1.00E-07
  7.000E-02 3.80216E-16  1.704E-07  1.543E-08  1.193E-08  3.014E-16  2.333E-15  1.00E-07
  7.250E-02 3.80216E-16  1.765E-07  1.543E-08  1.193E-08  3.121E-16  2.417E-15  1.00E-07
  7.500E-02 3.80216E-16  1.826E-07  1.543E-08  1.193E-08  3.229E-16  2.500E-15  1.00E-07
  7.750E-02 3.80215E-16  1.887E-07  1.543E-08  1.193E-08  3.337E-16  2.583E-15  1.00E-07
  8.000E-02 3.80215E-16  1.948E-07  1.543E-08  1.193E-08  3.444E-16  2.667E-15  1.00E-07
  8.250E-02 3.80214E-16  2.009E-07  1.543E-08  1.193E-08  3.552E-16  2.750E-15  1.00E-07
  8.500E-02 3.80214E-16  2.070E-07  1.543E-08  1.193E-08  3.659E-16  2.833E-15  1.00E-07
  8.750E-02 3.80214E-16  2.130E-07  1.543E-08  1.193E-08  3.767E-16  2.917E-15  1.00E-07
  9.000E-02 3.80213E-16  2.191E-07  1.543E-08  1.193E-08  3.875E-16  3.000E-15  1.00E-07
  9.250E-02 3.80213E-16  2.252E-07  1.543E-08  1.193E-08  3.982E-16  3.083E-15  1.00E-07
  9.500E-02 3.80213E-16  2.313E-07  1.543E-08  1.193E-08  4.090E-16  3.167E-15  1.00E-07
  9.750E-02 3.80212E-16  2.374E-07  1.543E-08  1.193E-08  4.197E-16  3.250E-15  1.00E-07
  1.000E-01 3.80212E-16  2.435E-07  1.543E-08  1.193E-08  4.305E-16  3.333E-15  1.00E-07
  1.250E-01 3.80207E-16  3.044E-07  1.543E-08  1.193E-08  5.381E-16  4.167E-15  1.00E-07
  1.500E-01 3.80201E-16  3.652E-07  1.543E-08  1.193E-08  6.457E-16  5.000E-15  1.00E-07
  1.750E-01 3.80194E-16  4.261E-07  1.543E-08  1.193E-08  7.532E-16  5.834E-15  1.00E-07
  2.000E-01 3.80185E-16  4.870E-07  1.543E-08  1.193E-08  8.607E-16  6.667E-15  1.00E-07
  2.250E-01 3.80176E-16  5.479E-07  1.542E-08  1.193E-08  9.682E-16  7.500E-15  1.00E-07
  2.500E-01 3.80165E-16  6.087E-07  1.542E-08  1.193E-08  1.076E-15  8.333E-15  1.00E-07
  2.750E-01 3.80154E-16  6.696E-07  1.542E-08  1.193E-08  1.183E-15  9.167E-15  1.00E-07
  3.000E-01 3.80141E-16  7.305E-07  1.542E-08  1.193E-08  1.290E-15  1.000E-14  1.00E-07
  3.250E-01 3.80128E-16  7.914E-07  1.542E-08  1.193E-08  1.398E-15  1.083E-14  1.00E-07
  3.500E-01 3.80113E-16  8.523E-07  1.542E-08  1.193E-08  1.505E-15  1.167E-14  1.00E-07
  3.750E-01 3.80097E-16  9.132E-07  1.542E-08  1.193E-08  1.612E-15  1.250E-14  1.00E-07
  4.000E-01 3.80080E-16  9.741E-07  1.542E-08  1.193E-08  1.719E-15  1.333E-14  1.00E-07
  4.250E-01 3.80062E-16  1.035E-06  1.542E-08  1.193E-08  1.826E-15  1.417E-14  1.00E-07
  4.500E-01 3.80042E-16  1.096E-06  1.542E-08  1.193E-08  1.933E-15  1.500E-14  1.00E-07
  4.750E-01 3.80022E-16  1.157E-06  1.542E-08  1.193E-08  2.040E-15  1.583E-14  1.00E-07
  5.000E-01 3.80001E-16  1.218E-06  1.542E-08  1.193E-08  2.147E-15  1.667E-14  1.00E-07
  5.250E-01 3.79978E-16  1.279E-06  1.542E-08  1.193E-08  2.254E-15  1.750E-14  1.00E-07
  5.500E-01 3.79954E-16  1.340E-06  1.542E-08  1.193E-08  2.360E-15  1.833E-14  1.00E-07
  5.750E-01 3.79930E-16  1.401E-06  1.542E-08  1.193E-08  2.467E-15  1.917E-14  1.00E-07
  6.000E-01 3.79904E-16  1.462E-06  1.542E-08  1.193E-08  2.573E-15  2.000E-14  1.00E-07
  6.250E-01 3.79877E-16  1.523E-06  1.542E-08  1.192E-08  2.680E-15  2.083E-14  1.00E-07
  6.500E-01 3.79849E-16  1.584E-06  1.542E-08  1.192E-08  2.786E-15  2.166E-14  1.00E-07
  6.750E-01 3.79820E-16  1.645E-06  1.542E-08  1.192E-08  2.892E-15  2.250E-14  1.00E-07
  7.000E-01 3.79790E-16  1.706E-06  1.541E-08  1.192E-08  2.998E-15  2.333E-14  1.00E-07
  7.250E-01 3.79758E-16  1.767E-06  1.541E-08  1.192E-08  3.104E-15  2.416E-14  1.00E-07
  7.500E-01 3.79726E-16  1.828E-06  1.541E-08  1.192E-08  3.210E-15  2.500E-14  1.00E-07
  7.750E-01 3.79692E-16  1.889E-06  1.541E-08  1.192E-08  3.315E-15  2.583E-14  1.00E-07
  8.000E-01 3.79658E-16  1.950E-06  1.541E-08  1.192E-08  3.421E-15  2.666E-14  1.00E-07
  8.250E-01 3.79622E-16  2.011E-06  1.541E-08  1.192E-08  3.526E-15  2.749E-14  1.00E-07
  8.500E-01 3.79585E-16  2.072E-06  1.541E-08  1.192E-08  3.631E-15  2.833E-14  1.00E-07
  8.750E-01 3.79548E-16  2.133E-06  1.541E-08  1.192E-08  3.737E-15  2.916E-14  1.00E-07
  9.000E-01 3.79509E-16  2.194E-06  1.541E-08  1.192E-08  3.841E-15  2.999E-14  1.00E-07
  9.250E-01 3.79469E-16  2.255E-06  1.541E-08  1.192E-08  3.946E-15  3.083E-14  1.00E-07
  9.500E-01 3.79427E-16  2.316E-06  1.540E-08  1.192E-08  4.051E-15  3.166E-14  1.00E-07
  9.750E-01 3.79385E-16  2.377E-06  1.540E-08  1.192E-08  4.155E-15  3.249E-14  1.00E-07
  1.000E+00 3.79342E-16  2.438E-06  1.540E-08  1.192E-08  4.260E-15  3.332E-14  1.00E-07
  1.100E+00 3.79158E-16  2.683E-06  1.540E-08  1.192E-08  4.675E-15  3.665E-14  1.00E-07
  1.200E+00 3.78956E-16  2.928E-06  1.539E-08  1.192E-08  5.087E-15  3.998E-14  1.00E-07
  1.300E+00 3.78737E-16  3.173E-06  1.538E-08  1.192E-08  5.496E-15  4.331E-14  1.00E-07
  1.400E+00 3.78501E-16  3.418E-06  1.538E-08  1.192E-08  5.902E-15  4.664E-14  1.00E-07
  1.500E+00 3.78247E-16  3.664E-06  1.537E-08  1.192E-08  6.303E-15  4.996E-14  1.00E-07
  1.600E+00 3.77977E-16  3.910E-06  1.536E-08  1.191E-08  6.701E-15  5.329E-14  1.00E-07
  1.700E+00 3.77689E-16  4.156E-06  1.536E-08  1.191E-08  7.094E-15  5.661E-14  1.00E-07
  1.800E+00 3.77383E-16  4.403E-06  1.535E-08  1.191E-08  7.483E-15  5.994E-14  1.00E-07
  1.900E+00 3.77061E-16  4.650E-06  1.534E-08  1.191E-08  7.866E-15  6.326E-14  1.00E-07
  2.000E+00 3.76722E-16  4.897E-06  1.533E-08  1.191E-08  8.245E-15  6.658E-14  1.00E-07
  2.100E+00 3.76366E-16  5.145E-06  1.532E-08  1.190E-08  8.618E-15  6.990E-14  1.00E-07
  2.200E+00 3.75992E-16  5.393E-06  1.531E-08  1.190E-08  8.985E-15  7.322E-14  1.00E-07
  2.300E+00 3.75602E-16  5.642E-06  1.530E-08  1.190E-08  9.346E-15  7.653E-14  1.00E-07
  2.400E+00 3.75196E-16  5.891E-06  1.529E-08  1.190E-08  9.701E-15  7.985E-14  1.00E-07
  2.500E+00 3.74772E-16  6.140E-06  1.527E-08  1.189E-08  1.005E-14  8.316E-14  1.00E-07
  2.600E+00 3.74332E-16  6.391E-06  1.526E-08  1.189E-08  1.039E-14  8.647E-14  1.00E-07
  2.700E+00 3.73875E-16  6.641E-06  1.525E-08  1.189E-08  1.073E-14  8.978E-14  1.00E-07
  2.800E+00 3.73402E-16  6.892E-06  1.524E-08  1.189E-08  1.105E-14  9.309E-14  1.00E-07
  2.900E+00 3.72913E-16  7.144E-06  1.522E-08  1.188E-08  1.137E-14  9.639E-14  1.00E-07
  3.000E+00 3.72407E-16  7.397E-06  1.521E-08  1.188E-08  1.169E-14  9.970E-14  1.00E-07
  3.100E+00 3.71885E-16  7.650E-06  1.519E-08  1.188E-08  1.199E-14  1.030E-13  1.00E-07
  3.200E+00 3.71346E-16  7.903E-06  1.518E-08  1.187E-08  1.229E-14  1.063E-13  1.00E-07
  3.300E+00 3.70792E-16  8.158E-06  1.516E-08  1.187E-08  1.257E-14  1.096E-13  1.00E-07
  3.400E+00 3.70222E-16  8.413E-06  1.515E-08  1.187E-08  1.285E-14  1.129E-13  1.00E-07
  3.500E+00 3.69636E-16  8.669E-06  1.513E-08  1.186E-08  1.312E-14  1.162E-13  1.00E-07
  3.600E+00 3.69034E-16  8.925E-06  1.511E-08  1.186E-08  1.338E-14  1.195E-13  1.00E-07
  3.700E+00 3.68416E-16  9.182E-06  1.509E-08  1.186E-08  1.363E-14  1.228E-13  1.00E-07
  3.800E+00 3.67783E-16  9.440E-06  1.508E-08  1.185E-08  1.387E-14  1.261E-13  1.00E-07
  3.900E+00 3.67135E-16  9.699E-06  1.506E-08  1.185E-08  1.410E-14  1.293E-13  1.00E-07
  4.000E+00 3.66471E-16  9.959E-06  1.504E-08  1.184E-08  1.432E-14  1.326E-13  1.00E-07
  4.100E+00 3.65792E-16  1.022E-05  1.502E-08  1.184E-08  1.453E-14  1.359E-13  1.00E-07
  4.200E+00 3.65098E-16  1.048E-05  1.500E-08  1.184E-08  1.473E-14  1.392E-13  1.00E-07
  4.300E+00 3.64389E-16  1.074E-05  1.498E-08  1.183E-08  1.492E-14  1.424E-13  1.00E-07
  4.400E+00 3.63665E-16  1.101E-05  1.496E-08  1.183E-08  1.510E-14  1.457E-13  1.00E-07
  4.500E+00 3.62927E-16  1.127E-05  1.494E-08  1.182E-08  1.526E-14  1.490E-13  1.00E-07
  4.600E+00 3.62174E-16  1.153E-05  1.492E-08  1.182E-08  1.541E-14  1.522E-13  1.00E-07
  4.700E+00 3.61406E-16  1.180E-05  1.489E-08  1.181E-08  1.556E-14  1.555E-13  1.00E-07
  4.800E+00 3.60624E-16  1.207E-05  1.487E-08  1.181E-08  1.568E-14  1.588E-13  1.00E-07
  4.900E+00 3.59828E-16  1.234E-05  1.485E-08  1.180E-08  1.580E-14  1.620E-13  1.00E-07
  5.000E+00 3.59017E-16  1.260E-05  1.483E-08  1.180E-08  1.591E-14  1.653E-13  1.00E-07
  5.100E+00 3.58193E-16  1.287E-05  1.480E-08  1.179E-08  1.600E-14  1.685E-13  1.00E-07
  5.200E+00 3.57355E-16  1.314E-05  1.478E-08  1.179E-08  1.608E-14  1.718E-13  1.00E-07
  5.300E+00 3.56503E-16  1.342E-05  1.475E-08  1.178E-08  1.614E-14  1.750E-13  1.00E-07
  5.400E+00 3.55638E-16  1.369E-05  1.473E-08  1.178E-08  1.619E-14  1.782E-13  1.00E-07
  5.500E+00 3.54759E-16  1.396E-05  1.470E-08  1.177E-08  1.623E-14  1.815E-13  1.00E-07
  5.600E+00 3.53867E-16  1.424E-05  1.468E-08  1.177E-08  1.626E-14  1.847E-13  1.00E-07
  5.700E+00 3.52962E-16  1.452E-05  1.465E-08  1.176E-08  1.627E-14  1.879E-13  1.00E-07
  5.800E+00 3.52044E-16  1.479E-05  1.462E-08  1.175E-08  1.626E-14  1.911E-13  1.00E-07
  5.900E+00 3.51113E-16  1.507E-05  1.460E-08  1.175E-08  1.624E-14  1.944E-13  1.00E-07
  6.000E+00 3.50169E-16  1.535E-05  1.457E-08  1.174E-08  1.621E-14  1.976E-13  1.00E-07
  6.100E+00 3.49213E-16  1.564E-05  1.454E-08  1.174E-08  1.616E-14  2.008E-13  1.00E-07
  6.200E+00 3.48245E-16  1.592E-05  1.451E-08  1.173E-08  1.610E-14  2.040E-13  1.00E-07
  6.300E+00 3.47264E-16  1.620E-05  1.449E-08  1.172E-08  1.602E-14  2.072E-13  1.00E-07
  6.400E+00 3.46271E-16  1.649E-05  1.446E-08  1.172E-08  1.592E-14  2.104E-13  1.00E-07
  6.500E+00 3.45267E-16  1.678E-05  1.443E-08  1.171E-08  1.581E-14  2.136E-13  1.00E-07
  6.600E+00 3.44250E-16  1.706E-05  1.440E-08  1.170E-08  1.569E-14  2.168E-13  1.00E-07
  6.700E+00 3.43222E-16  1.735E-05  1.437E-08  1.170E-08  1.555E-14  2.200E-13  1.00E-07
  6.800E+00 3.42183E-16  1.765E-05  1.434E-08  1.169E-08  1.539E-14  2.231E-13  1.00E-07
  6.900E+00 3.41132E-16  1.794E-05  1.430E-08  1.168E-08  1.521E-14  2.263E-13  1.00E-07
  7.000E+00 3.40070E-16  1.823E-05  1.427E-08  1.168E-08  1.502E-14  2.295E-13  1.00E-07
  7.100E+00 3.38998E-16  1.853E-05  1.424E-08  1.167E-08  1.481E-14  2.327E-13  1.00E-07
  7.200E+00 3.37914E-16  1.883E-05  1.421E-08  1.166E-08  1.459E-14  2.358E-13  1.00E-07
  7.300E+00 3.36820E-16  1.912E-05  1.418E-08  1.165E-08  1.435E-14  2.390E-13  1.00E-07
  7.400E+00 3.35715E-16  1.942E-05  1.414E-08  1.165E-08  1.409E-14  2.421E-13  1.00E-07
  7.500E+00 3.34600E-16  1.973E-05  1.411E-08  1.164E-08  1.381E-14  2.453E-13  1.00E-07
  7.600E+00 3.33475E-16  2.003E-05  1.408E-08  1.163E-08  1.352E-14  2.484E-13  1.00E-07
  7.700E+00 3.32340E-16  2.034E-05  1.404E-08  1.162E-08  1.320E-14  2.516E-13  1.00E-07
  7.800E+00 3.31196E-16  2.064E-05  1.401E-08  1.162E-08  1.287E-14  2.547E-13  1.00E-07
  7.900E+00 3.30041E-16  2.095E-05  1.397E-08  1.161E-08  1.252E-14  2.578E-13  1.00E-07
  8.000E+00 3.28878E-16  2.126E-05  1.394E-08  1.160E-08  1.216E-14  2.609E-13  1.00E-07
  8.100E+00 3.27705E-16  2.157E-05  1.390E-08  1.159E-08  1.177E-14  2.641E-13  1.00E-07
  8.200E+00 3.26522E-16  2.189E-05  1.387E-08  1.158E-08  1.137E-14  2.672E-13  1.00E-07
  8.300E+00 3.25331E-16  2.220E-05  1.383E-08  1.158E-08  1.095E-14  2.703E-13  1.00E-07
  8.400E+00 3.24131E-16  2.252E-05  1.380E-08  1.157E-08  1.051E-14  2.734E-13  1.00E-07
  8.500E+00 3.22923E-16  2.284E-05  1.376E-08  1.156E-08  1.005E-14  2.765E-13  1.00E-07
  8.600E+00 3.21706E-16  2.316E-05  1.372E-08  1.155E-08  9.567E-15  2.796E-13  1.00E-07
  8.700E+00 3.20481E-16  2.348E-05  1.368E-08  1.154E-08  9.069E-15  2.827E-13  1.00E-07
  8.800E+00 3.19248E-16  2.381E-05  1.365E-08  1.153E-08  8.551E-15  2.857E-13  1.00E-07
  8.900E+00 3.18007E-16  2.414E-05  1.361E-08  1.152E-08  8.014E-15  2.888E-13  1.00E-07
  9.000E+00 3.16758E-16  2.447E-05  1.357E-08  1.152E-08  7.457E-15  2.919E-13  1.00E-07
  9.100E+00 3.15502E-16  2.480E-05  1.353E-08  1.151E-08  6.880E-15  2.949E-13  1.00E-07
  9.200E+00 3.14238E-16  2.513E-05  1.349E-08  1.150E-08  6.284E-15  2.980E-13  1.00E-07
  9.300E+00 3.12967E-16  2.547E-05  1.345E-08  1.149E-08  5.667E-15  3.010E-13  1.00E-07
  9.400E+00 3.11689E-16  2.580E-05  1.341E-08  1.148E-08  5.031E-15  3.041E-13  1.00E-07
  9.500E+00 3.10404E-16  2.614E-05  1.337E-08  1.147E-08  4.374E-15  3.071E-13  1.00E-07
  9.600E+00 3.09113E-16  2.648E-05  1.333E-08  1.146E-08  3.697E-15  3.102E-13  1.00E-07
  9.700E+00 3.07815E-16  2.683E-05  1.329E-08  1.145E-08  3.000E-15  3.132E-13  1.00E-07
  9.800E+00 3.06510E-16  2.717E-05  1.325E-08  1.144E-08  2.282E-15  3.162E-13  1.00E-07
  9.900E+00 3.05200E-16  2.752E-05  1.321E-08  1.143E-08  1.543E-15  3.192E-13  1.00E-07
  1.000E+01 3.03883E-16  2.787E-05  1.317E-08  1.142E-08  7.842E-16  3.222E-13  1.00E-07
  1.025E+01 3.00567E-16  2.876E-05  1.307E-08  1.140E-08 -1.205E-15  3.297E-13  1.00E-07
  1.050E+01 2.97217E-16  2.966E-05  1.296E-08  1.137E-08 -3.326E-15  3.372E-13  1.00E-07
  1.075E+01 2.93835E-16  3.057E-05  1.285E-08  1.134E-08 -5.579E-15  3.446E-13  1.00E-07
  1.100E+01 2.90426E-16  3.150E-05  1.274E-08  1.132E-08 -7.967E-15  3.519E-13  1.00E-07
  1.125E+01 2.86990E-16  3.245E-05  1.263E-08  1.129E-08 -1.049E-14  3.592E-13  1.00E-07
  1.150E+01 2.83531E-16  3.341E-05  1.252E-08  1.126E-08 -1.315E-14  3.665E-13  1.00E-07
  1.175E+01 2.80051E-16  3.439E-05  1.240E-08  1.123E-08 -1.594E-14  3.738E-13  1.00E-07
  1.200E+01 2.76553E-16  3.538E-05  1.229E-08  1.120E-08 -1.888E-14  3.809E-13  1.00E-07
  1.225E+01 2.73039E-16  3.640E-05  1.217E-08  1.118E-08 -2.195E-14  3.881E-13  1.00E-07
  1.250E+01 2.69511E-16  3.743E-05  1.205E-08  1.115E-08 -2.516E-14  3.952E-13  1.00E-07
  1.275E+01 2.65973E-16  3.848E-05  1.193E-08  1.111E-08 -2.851E-14  4.022E-13  1.00E-07
  1.300E+01 2.62426E-16  3.955E-05  1.181E-08  1.108E-08 -3.200E-14  4.092E-13  1.00E-07
  1.325E+01 2.58872E-16  4.064E-05  1.169E-08  1.105E-08 -3.563E-14  4.162E-13  1.00E-07
  1.350E+01 2.55315E-16  4.174E-05  1.157E-08  1.102E-08 -3.940E-14  4.230E-13  1.00E-07
  1.375E+01 2.51755E-16  4.287E-05  1.145E-08  1.099E-08 -4.331E-14  4.299E-13  1.00E-07
  1.400E+01 2.48196E-16  4.402E-05  1.132E-08  1.095E-08 -4.736E-14  4.367E-13  1.00E-07
  1.425E+01 2.44638E-16  4.519E-05  1.120E-08  1.092E-08 -5.155E-14  4.434E-13  1.00E-07
  1.450E+01 2.41086E-16  4.639E-05  1.107E-08  1.089E-08 -5.588E-14  4.501E-13  1.00E-07
  1.475E+01 2.37539E-16  4.760E-05  1.094E-08  1.085E-08 -6.035E-14  4.567E-13  1.00E-07
  1.500E+01 2.34000E-16  4.884E-05  1.082E-08  1.082E-08 -6.496E-14  4.633E-13  1.00E-07
  1.525E+01 2.30472E-16  5.010E-05  1.069E-08  1.078E-08 -6.971E-14  4.698E-13  1.00E-07
  1.550E+01 2.26955E-16  5.138E-05  1.056E-08  1.074E-08 -7.459E-14  4.763E-13  1.00E-07
  1.575E+01 2.23452E-16  5.269E-05  1.043E-08  1.071E-08 -7.962E-14  4.827E-13  1.00E-07
  1.600E+01 2.19964E-16  5.403E-05  1.030E-08  1.067E-08 -8.478E-14  4.891E-13  1.00E-07
  1.625E+01 2.16492E-16  5.538E-05  1.017E-08  1.063E-08 -9.008E-14  4.953E-13  1.00E-07
  1.650E+01 2.13040E-16  5.677E-05  1.004E-08  1.060E-08 -9.552E-14  5.016E-13  1.00E-07
  1.675E+01 2.09606E-16  5.818E-05  9.907E-09  1.056E-08 -1.011E-13  5.078E-13  1.00E-07
  1.700E+01 2.06195E-16  5.962E-05  9.775E-09  1.052E-08 -1.068E-13  5.139E-13  1.00E-07
  1.725E+01 2.02806E-16  6.108E-05  9.643E-09  1.048E-08 -1.126E-13  5.199E-13  1.00E-07
  1.750E+01 1.99440E-16  6.257E-05  9.511E-09  1.044E-08 -1.186E-13  5.259E-13  1.00E-07
  1.775E+01 1.96100E-16  6.409E-05  9.378E-09  1.040E-08 -1.247E-13  5.318E-13  1.00E-07
  1.800E+01 1.92787E-16  6.564E-05  9.245E-09  1.036E-08 -1.309E-13  5.377E-13  1.00E-07
  1.825E+01 1.89500E-16  6.722E-05  9.113E-09  1.032E-08 -1.373E-13  5.435E-13  1.00E-07
  1.850E+01 1.86243E-16  6.883E-05  8.980E-09  1.028E-08 -1.438E-13  5.493E-13  1.00E-07
  1.875E+01 1.83014E-16  7.047E-05  8.847E-09  1.023E-08 -1.504E-13  5.549E-13  1.00E-07
  1.900E+01 1.79817E-16  7.214E-05  8.714E-09  1.019E-08 -1.571E-13  5.606E-13  1.00E-07
  1.925E+01 1.76651E-16  7.384E-05  8.581E-09  1.015E-08 -1.640E-13  5.661E-13  1.00E-07
  1.950E+01 1.73516E-16  7.557E-05  8.448E-09  1.011E-08 -1.710E-13  5.716E-13  1.00E-07
  1.975E+01 1.70415E-16  7.734E-05  8.315E-09  1.006E-08 -1.781E-13  5.770E-13  1.00E-07
  2.000E+01 1.67348E-16  7.914E-05  8.182E-09  1.002E-08 -1.853E-13  5.824E-13  1.00E-07
  2.025E+01 1.64315E-16  8.097E-05  8.050E-09  9.976E-09 -1.926E-13  5.876E-13  1.00E-07
  2.050E+01 1.61317E-16  8.283E-05  7.918E-09  9.931E-09 -2.001E-13  5.929E-13  1.00E-07
  2.075E+01 1.58355E-16  8.473E-05  7.786E-09  9.886E-09 -2.076E-13  5.980E-13  1.00E-07
  2.100E+01 1.55429E-16  8.666E-05  7.654E-09  9.841E-09 -2.153E-13  6.031E-13  1.00E-07
  2.125E+01 1.52539E-16  8.863E-05  7.523E-09  9.795E-09 -2.231E-13  6.081E-13  1.00E-07
  2.150E+01 1.49686E-16  9.064E-05  7.392E-09  9.749E-09 -2.310E-13  6.131E-13  1.00E-07
  2.175E+01 1.46871E-16  9.268E-05  7.261E-09  9.703E-09 -2.390E-13  6.179E-13  1.00E-07
  2.200E+01 1.44094E-16  9.476E-05  7.131E-09  9.656E-09 -2.471E-13  6.228E-13  1.00E-07
  2.225E+01 1.41354E-16  9.687E-05  7.001E-09  9.609E-09 -2.553E-13  6.275E-13  1.00E-07
  2.250E+01 1.38653E-16  9.902E-05  6.872E-09  9.562E-09 -2.636E-13  6.322E-13  1.00E-07
  2.275E+01 1.35990E-16  1.012E-04  6.743E-09  9.514E-09 -2.720E-13  6.368E-13  1.00E-07
  2.300E+01 1.33366E-16  1.034E-04  6.614E-09  9.467E-09 -2.805E-13  6.413E-13  1.00E-07
  2.325E+01 1.30781E-16  1.057E-04  6.487E-09  9.418E-09 -2.891E-13  6.458E-13  1.00E-07
  2.350E+01 1.28234E-16  1.080E-04  6.359E-09  9.370E-09 -2.978E-13  6.501E-13  1.00E-07
  2.375E+01 1.25727E-16  1.104E-04  6.233E-09  9.321E-09 -3.066E-13  6.545E-13  1.00E-07
  2.400E+01 1.23258E-16  1.127E-04  6.107E-09  9.272E-09 -3.155E-13  6.587E-13  1.00E-07
  2.425E+01 1.20828E-16  1.152E-04  5.981E-09  9.222E-09 -3.245E-13  6.629E-13  1.00E-07
  2.450E+01 1.18438E-16  1.176E-04  5.857E-09  9.173E-09 -3.335E-13  6.670E-13  1.00E-07
  2.475E+01 1.16086E-16  1.201E-04  5.733E-09  9.123E-09 -3.427E-13  6.710E-13  1.00E-07
  2.500E+01 1.13773E-16  1.227E-04  5.609E-09  9.072E-09 -3.519E-13  6.750E-13  1.00E-07
  2.550E+01 1.09263E-16  1.279E-04  5.365E-09  8.971E-09 -3.706E-13  6.827E-13  1.00E-07
  2.600E+01 1.04906E-16  1.333E-04  5.123E-09  8.869E-09 -3.895E-13  6.901E-13  1.00E-07
  2.650E+01 1.00700E-16  1.388E-04  4.885E-09  8.766E-09 -4.088E-13  6.972E-13  1.00E-07
  2.700E+01 9.66447E-17  1.445E-04  4.650E-09  8.662E-09 -4.283E-13  7.040E-13  1.00E-07
  2.750E+01 9.27365E-17  1.504E-04  4.418E-09  8.557E-09 -4.481E-13  7.105E-13  1.00E-07
  2.800E+01 8.89732E-17  1.564E-04  4.190E-09  8.451E-09 -4.682E-13  7.167E-13  1.00E-07
  2.850E+01 8.53520E-17  1.627E-04  3.966E-09  8.344E-09 -4.884E-13  7.227E-13  1.00E-07
  2.900E+01 8.18699E-17  1.690E-04  3.745E-09  8.237E-09 -5.089E-13  7.283E-13  1.00E-07
  2.950E+01 7.85237E-17  1.756E-04  3.528E-09  8.129E-09 -5.296E-13  7.336E-13  1.00E-07
  3.000E+01 7.53103E-17  1.823E-04  3.315E-09  8.020E-09 -5.504E-13  7.387E-13  1.00E-07
  3.050E+01 7.22260E-17  1.891E-04  3.105E-09  7.911E-09 -5.714E-13  7.434E-13  1.00E-07
  3.100E+01 6.92675E-17  1.961E-04  2.900E-09  7.801E-09 -5.926E-13  7.479E-13  1.00E-07
  3.150E+01 6.64312E-17  2.032E-04  2.698E-09  7.691E-09 -6.139E-13  7.520E-13  1.00E-07
  3.200E+01 6.37133E-17  2.105E-04  2.501E-09  7.580E-09 -6.353E-13  7.559E-13  1.00E-07
  3.250E+01 6.11103E-17  2.179E-04  2.307E-09  7.469E-09 -6.568E-13  7.595E-13  1.00E-07
  3.300E+01 5.86183E-17  2.254E-04  2.118E-09  7.357E-09 -6.785E-13  7.627E-13  1.00E-07
  3.350E+01 5.62339E-17  2.331E-04  1.933E-09  7.246E-09 -7.002E-13  7.657E-13  1.00E-07
  3.400E+01 5.39531E-17  2.408E-04  1.752E-09  7.133E-09 -7.219E-13  7.684E-13  1.00E-07
  3.450E+01 5.17724E-17  2.486E-04  1.575E-09  7.021E-09 -7.438E-13  7.708E-13  1.00E-07
  3.500E+01 4.96882E-17  2.565E-04  1.402E-09  6.908E-09 -7.656E-13  7.729E-13  1.00E-07
  3.550E+01 4.76969E-17  2.644E-04  1.233E-09  6.795E-09 -7.875E-13  7.748E-13  1.00E-07
  3.600E+01 4.57949E-17  2.724E-04  1.068E-09  6.682E-09 -8.095E-13  7.763E-13  1.00E-07
  3.650E+01 4.39788E-17  2.805E-04  9.071E-10  6.569E-09 -8.314E-13  7.776E-13  1.00E-07
  3.700E+01 4.22452E-17  2.885E-04  7.504E-10  6.456E-09 -8.533E-13  7.786E-13  1.00E-07
  3.750E+01 4.05908E-17  2.965E-04  5.977E-10  6.343E-09 -8.752E-13  7.793E-13  1.00E-07
  3.800E+01 3.90122E-17  3.045E-04  4.490E-10  6.230E-09 -8.971E-13  7.797E-13  1.00E-07
  3.850E+01 3.75065E-17  3.124E-04  3.043E-10  6.117E-09 -9.190E-13  7.799E-13  1.00E-07
  3.900E+01 3.60704E-17  3.202E-04  1.636E-10  6.004E-09 -9.408E-13  7.798E-13  1.00E-07
  3.950E+01 3.47011E-17  3.280E-04  2.676E-11  5.891E-09 -9.625E-13  7.794E-13  1.00E-07
  4.000E+01 3.33955E-17  3.356E-04 -1.062E-10  5.778E-09 -9.842E-13  7.788E-13  1.00E-07
  4.050E+01 3.21510E-17  3.431E-04 -2.353E-10  5.665E-09 -1.006E-12  7.779E-13  1.00E-07
  4.100E+01 3.09648E-17  3.504E-04 -3.606E-10  5.553E-09 -1.027E-12  7.767E-13  1.00E-07
  4.150E+01 2.98342E-17  3.574E-04 -4.822E-10  5.441E-09 -1.049E-12  7.753E-13  1.00E-07
  4.200E+01 2.87568E-17  3.643E-04 -6.001E-10  5.329E-09 -1.070E-12  7.737E-13  1.00E-07
  4.250E+01 2.77301E-17  3.709E-04 -7.142E-10  5.217E-09 -1.091E-12  7.718E-13  1.00E-07
  4.300E+01 2.67517E-17  3.772E-04 -8.248E-10  5.106E-09 -1.112E-12  7.696E-13  1.00E-07
  4.350E+01 2.58195E-17  3.832E-04 -9.318E-10  4.995E-09 -1.133E-12  7.672E-13  1.00E-07
  4.400E+01 2.49313E-17  3.888E-04 -1.035E-09  4.885E-09 -1.154E-12  7.646E-13  1.00E-07
  4.450E+01 2.40849E-17  3.940E-04 -1.135E-09  4.775E-09 -1.175E-12  7.617E-13  1.00E-07
  4.500E+01 2.32785E-17  3.989E-04 -1.232E-09  4.665E-09 -1.196E-12  7.586E-13  1.00E-07
  4.550E+01 2.25100E-17  4.033E-04 -1.325E-09  4.556E-09 -1.216E-12  7.553E-13  1.00E-07
  4.600E+01 2.17776E-17  4.072E-04 -1.415E-09  4.447E-09 -1.236E-12  7.518E-13  1.00E-07
  4.650E+01 2.10797E-17  4.106E-04 -1.501E-09  4.339E-09 -1.256E-12  7.480E-13  1.00E-07
  4.700E+01 2.04146E-17  4.135E-04 -1.585E-09  4.231E-09 -1.276E-12  7.440E-13  1.00E-07
  4.750E+01 1.97805E-17  4.159E-04 -1.665E-09  4.124E-09 -1.296E-12  7.398E-13  1.00E-07
  4.800E+01 1.91761E-17  4.176E-04 -1.742E-09  4.018E-09 -1.316E-12  7.354E-13  1.00E-07
  4.850E+01 1.85999E-17  4.188E-04 -1.816E-09  3.912E-09 -1.335E-12  7.308E-13  1.00E-07
  4.900E+01 1.80505E-17  4.193E-04 -1.887E-09  3.807E-09 -1.354E-12  7.260E-13  1.00E-07
  4.950E+01 1.75266E-17  4.192E-04 -1.955E-09  3.702E-09 -1.373E-12  7.210E-13  1.00E-07
  5.000E+01 1.70269E-17  4.184E-04 -2.020E-09  3.598E-09 -1.392E-12  7.158E-13  1.00E-07
  5.050E+01 1.65502E-17  4.169E-04 -2.083E-09  3.495E-09 -1.411E-12  7.104E-13  1.00E-07
  5.100E+01 1.60954E-17  4.147E-04 -2.142E-09  3.392E-09 -1.429E-12  7.048E-13  1.00E-07
  5.150E+01 1.56615E-17  4.117E-04 -2.199E-09  3.290E-09 -1.447E-12  6.990E-13  1.00E-07
  5.200E+01 1.52473E-17  4.080E-04 -2.253E-09  3.189E-09 -1.465E-12  6.931E-13  1.00E-07
  5.250E+01 1.48519E-17  4.036E-04 -2.305E-09  3.089E-09 -1.483E-12  6.870E-13  1.00E-07
  5.300E+01 1.44744E-17  3.983E-04 -2.353E-09  2.989E-09 -1.500E-12  6.807E-13  1.00E-07
  5.350E+01 1.41140E-17  3.923E-04 -2.400E-09  2.890E-09 -1.518E-12  6.743E-13  1.00E-07
  5.400E+01 1.37697E-17  3.855E-04 -2.444E-09  2.792E-09 -1.535E-12  6.677E-13  1.00E-07
  5.450E+01 1.34408E-17  3.778E-04 -2.485E-09  2.695E-09 -1.552E-12  6.609E-13  1.00E-07
  5.500E+01 1.31265E-17  3.694E-04 -2.524E-09  2.599E-09 -1.568E-12  6.540E-13  1.00E-07
  5.550E+01 1.28262E-17  3.601E-04 -2.561E-09  2.503E-09 -1.585E-12  6.470E-13  1.00E-07
  5.600E+01 1.25391E-17  3.500E-04 -2.596E-09  2.409E-09 -1.601E-12  6.398E-13  1.00E-07
  5.650E+01 1.22647E-17  3.391E-04 -2.628E-09  2.315E-09 -1.617E-12  6.324E-13  1.00E-07
  5.700E+01 1.20022E-17  3.274E-04 -2.658E-09  2.222E-09 -1.632E-12  6.250E-13  1.00E-07
  5.750E+01 1.17512E-17  3.149E-04 -2.686E-09  2.130E-09 -1.648E-12  6.174E-13  1.00E-07
  5.800E+01 1.15111E-17  3.016E-04 -2.712E-09  2.038E-09 -1.663E-12  6.096E-13  1.00E-07
  5.850E+01 1.12814E-17  2.874E-04 -2.736E-09  1.948E-09 -1.678E-12  6.018E-13  1.00E-07
  5.900E+01 1.10616E-17  2.725E-04 -2.758E-09  1.858E-09 -1.692E-12  5.938E-13  1.00E-07
  5.950E+01 1.08513E-17  2.568E-04 -2.778E-09  1.770E-09 -1.707E-12  5.857E-13  1.00E-07
  6.000E+01 1.06499E-17  2.404E-04 -2.796E-09  1.682E-09 -1.721E-12  5.776E-13  1.00E-07
  6.050E+01 1.04571E-17  2.232E-04 -2.813E-09  1.596E-09 -1.735E-12  5.693E-13  1.00E-07
  6.100E+01 1.02726E-17  2.052E-04 -2.827E-09  1.510E-09 -1.748E-12  5.609E-13  1.00E-07
  6.150E+01 1.00959E-17  1.866E-04 -2.840E-09  1.425E-09 -1.762E-12  5.524E-13  1.00E-07
  6.200E+01 9.92664E-18  1.672E-04 -2.851E-09  1.341E-09 -1.775E-12  5.438E-13  1.00E-07
  6.250E+01 9.76459E-18  1.472E-04 -2.860E-09  1.258E-09 -1.788E-12  5.351E-13  1.00E-07
  6.300E+01 9.60938E-18  1.265E-04 -2.868E-09  1.176E-09 -1.800E-12  5.263E-13  1.00E-07
  6.350E+01 9.46073E-18  1.051E-04 -2.874E-09  1.095E-09 -1.813E-12  5.175E-13  1.00E-07
  6.400E+01 9.31836E-18  8.320E-05 -2.879E-09  1.015E-09 -1.825E-12  5.085E-13  1.00E-07
  6.450E+01 9.18201E-18  6.068E-05 -2.882E-09  9.356E-10 -1.837E-12  4.995E-13  1.00E-07
  6.500E+01 9.05142E-18  3.759E-05 -2.884E-09  8.574E-10 -1.848E-12  4.905E-13  1.00E-07
  6.550E+01 8.92636E-18  1.397E-05 -2.884E-09  7.801E-10 -1.859E-12  4.813E-13  1.00E-07
  6.600E+01 8.80660E-18 -1.015E-05 -2.883E-09  7.038E-10 -1.870E-12  4.721E-13  1.00E-07
  6.650E+01 8.69194E-18 -3.474E-05 -2.880E-09  6.284E-10 -1.881E-12  4.629E-13  1.00E-07
  6.700E+01 8.58216E-18 -5.979E-05 -2.877E-09  5.541E-10 -1.892E-12  4.535E-13  1.00E-07
  6.750E+01 8.47709E-18 -8.525E-05 -2.872E-09  4.806E-10 -1.902E-12  4.442E-13  1.00E-07
  6.800E+01 8.37655E-18 -1.111E-04 -2.865E-09  4.082E-10 -1.912E-12  4.348E-13  1.00E-07
  6.850E+01 8.28035E-18 -1.373E-04 -2.858E-09  3.367E-10 -1.922E-12  4.253E-13  1.00E-07
  6.900E+01 8.18834E-18 -1.638E-04 -2.849E-09  2.661E-10 -1.931E-12  4.158E-13  1.00E-07
  6.950E+01 8.10037E-18 -1.906E-04 -2.839E-09  1.966E-10 -1.940E-12  4.063E-13  1.00E-07
  7.000E+01 8.01629E-18 -2.177E-04 -2.828E-09  1.279E-10 -1.949E-12  3.967E-13  1.00E-07
  7.050E+01 7.93595E-18 -2.450E-04 -2.816E-09  6.027E-11 -1.958E-12  3.871E-13  1.00E-07
  7.100E+01 7.85924E-18 -2.725E-04 -2.803E-09 -6.442E-12 -1.966E-12  3.775E-13  1.00E-07
  7.150E+01 7.78603E-18 -3.002E-04 -2.789E-09 -7.220E-11 -1.975E-12  3.678E-13  1.00E-07
  7.200E+01 7.71619E-18 -3.279E-04 -2.774E-09 -1.370E-10 -1.982E-12  3.581E-13  1.00E-07
  7.250E+01 7.64961E-18 -3.558E-04 -2.758E-09 -2.009E-10 -1.990E-12  3.484E-13  1.00E-07
  7.300E+01 7.58619E-18 -3.838E-04 -2.742E-09 -2.638E-10 -1.997E-12  3.387E-13  1.00E-07
  7.350E+01 7.52582E-18 -4.117E-04 -2.724E-09 -3.258E-10 -2.005E-12  3.290E-13  1.00E-07
  7.400E+01 7.46841E-18 -4.397E-04 -2.705E-09 -3.868E-10 -2.011E-12  3.193E-13  1.00E-07
  7.450E+01 7.41387E-18 -4.676E-04 -2.686E-09 -4.469E-10 -2.018E-12  3.096E-13  1.00E-07
  7.500E+01 7.36209E-18 -4.955E-04 -2.666E-09 -5.061E-10 -2.024E-12  2.999E-13  1.00E-07
  7.550E+01 7.31301E-18 -5.232E-04 -2.645E-09 -5.644E-10 -2.030E-12  2.901E-13  1.00E-07
  7.600E+01 7.26653E-18 -5.509E-04 -2.623E-09 -6.217E-10 -2.036E-12  2.804E-13  1.00E-07
  7.650E+01 7.22259E-18 -5.784E-04 -2.601E-09 -6.781E-10 -2.042E-12  2.707E-13  1.00E-07
  7.700E+01 7.18110E-18 -6.056E-04 -2.577E-09 -7.336E-10 -2.047E-12  2.610E-13  1.00E-07
  7.750E+01 7.14200E-18 -6.327E-04 -2.554E-09 -7.882E-10 -2.052E-12  2.513E-13  1.00E-07
  7.800E+01 7.10521E-18 -6.596E-04 -2.529E-09 -8.419E-10 -2.057E-12  2.417E-13  1.00E-07
  7.850E+01 7.07068E-18 -6.861E-04 -2.504E-09 -8.947E-10 -2.062E-12  2.320E-13  1.00E-07
  7.900E+01 7.03834E-18 -7.124E-04 -2.478E-09 -9.467E-10 -2.066E-12  2.224E-13  1.00E-07
  7.950E+01 7.00813E-18 -7.383E-04 -2.452E-09 -9.977E-10 -2.070E-12  2.128E-13  1.00E-07
  8.000E+01 6.97999E-18 -7.639E-04 -2.425E-09 -1.048E-09 -2.074E-12  2.032E-13  1.00E-07
  8.050E+01 6.95386E-18 -7.892E-04 -2.398E-09 -1.097E-09 -2.078E-12  1.937E-13  1.00E-07
  8.100E+01 6.92970E-18 -8.140E-04 -2.370E-09 -1.146E-09 -2.081E-12  1.842E-13  1.00E-07
  8.150E+01 6.90746E-18 -8.385E-04 -2.342E-09 -1.193E-09 -2.084E-12  1.747E-13  1.00E-07
  8.200E+01 6.88707E-18 -8.625E-04 -2.313E-09 -1.240E-09 -2.087E-12  1.653E-13  1.00E-07
  8.250E+01 6.86849E-18 -8.860E-04 -2.284E-09 -1.286E-09 -2.090E-12  1.559E-13  1.00E-07
  8.300E+01 6.85169E-18 -9.091E-04 -2.254E-09 -1.331E-09 -2.092E-12  1.465E-13  1.00E-07
  8.350E+01 6.83660E-18 -9.317E-04 -2.224E-09 -1.375E-09 -2.094E-12  1.372E-13  1.00E-07
  8.400E+01 6.82319E-18 -9.538E-04 -2.193E-09 -1.418E-09 -2.096E-12  1.279E-13  1.00E-07
  8.450E+01 6.81142E-18 -9.754E-04 -2.163E-09 -1.461E-09 -2.098E-12  1.187E-13  1.00E-07
  8.500E+01 6.80125E-18 -9.964E-04 -2.131E-09 -1.503E-09 -2.099E-12  1.096E-13  1.00E-07
  8.550E+01 6.79263E-18 -1.017E-03 -2.100E-09 -1.544E-09 -2.101E-12  1.005E-13  1.00E-07
  8.600E+01 6.78552E-18 -1.037E-03 -2.068E-09 -1.584E-09 -2.102E-12  9.140E-14  1.00E-07
  8.650E+01 6.77990E-18 -1.056E-03 -2.036E-09 -1.623E-09 -2.103E-12  8.241E-14  1.00E-07
  8.700E+01 6.77572E-18 -1.075E-03 -2.003E-09 -1.662E-09 -2.103E-12  7.347E-14  1.00E-07
  8.750E+01 6.77295E-18 -1.093E-03 -1.971E-09 -1.700E-09 -2.103E-12  6.460E-14  1.00E-07
  8.800E+01 6.77155E-18 -1.111E-03 -1.938E-09 -1.737E-09 -2.104E-12  5.580E-14  1.00E-07
  8.850E+01 6.77149E-18 -1.128E-03 -1.905E-09 -1.773E-09 -2.104E-12  4.705E-14  1.00E-07
  8.900E+01 6.77274E-18 -1.145E-03 -1.871E-09 -1.809E-09 -2.103E-12  3.838E-14  1.00E-07
  8.950E+01 6.77527E-18 -1.160E-03 -1.838E-09 -1.843E-09 -2.103E-12  2.977E-14  1.00E-07
  9.000E+01 6.77904E-18 -1.176E-03 -1.804E-09 -1.878E-09 -2.102E-12  2.124E-14  1.00E-07
  9.050E+01 6.78402E-18 -1.190E-03 -1.770E-09 -1.911E-09 -2.101E-12  1.278E-14  1.00E-07
  9.100E+01 6.79018E-18 -1.204E-03 -1.736E-09 -1.944E-09 -2.100E-12  4.393E-15  1.00E-07
  9.150E+01 6.79750E-18 -1.218E-03 -1.701E-09 -1.976E-09 -2.099E-12 -3.917E-15  1.00E-07
  9.200E+01 6.80595E-18 -1.231E-03 -1.667E-09 -2.007E-09 -2.097E-12 -1.215E-14  1.00E-07
  9.250E+01 6.81549E-18 -1.243E-03 -1.632E-09 -2.037E-09 -2.095E-12 -2.030E-14  1.00E-07
  9.300E+01 6.82611E-18 -1.255E-03 -1.598E-09 -2.067E-09 -2.093E-12 -2.837E-14  1.00E-07
  9.350E+01 6.83776E-18 -1.266E-03 -1.563E-09 -2.096E-09 -2.091E-12 -3.636E-14  1.00E-07
  9.400E+01 6.85044E-18 -1.276E-03 -1.528E-09 -2.125E-09 -2.089E-12 -4.427E-14  1.00E-07
  9.450E+01 6.86411E-18 -1.286E-03 -1.493E-09 -2.153E-09 -2.086E-12 -5.209E-14  1.00E-07
  9.500E+01 6.87874E-18 -1.295E-03 -1.458E-09 -2.180E-09 -2.083E-12 -5.983E-14  1.00E-07
  9.550E+01 6.89432E-18 -1.304E-03 -1.423E-09 -2.207E-09 -2.080E-12 -6.747E-14  1.00E-07
  9.600E+01 6.91081E-18 -1.312E-03 -1.388E-09 -2.233E-09 -2.077E-12 -7.503E-14  1.00E-07
  9.650E+01 6.92820E-18 -1.320E-03 -1.353E-09 -2.258E-09 -2.074E-12 -8.250E-14  1.00E-07
  9.700E+01 6.94645E-18 -1.327E-03 -1.318E-09 -2.283E-09 -2.070E-12 -8.988E-14  1.00E-07
  9.750E+01 6.96556E-18 -1.333E-03 -1.282E-09 -2.307E-09 -2.067E-12 -9.716E-14  1.00E-07
  9.800E+01 6.98548E-18 -1.339E-03 -1.247E-09 -2.330E-09 -2.063E-12 -1.043E-13  1.00E-07
  9.850E+01 7.00621E-18 -1.344E-03 -1.212E-09 -2.353E-09 -2.059E-12 -1.114E-13  1.00E-07
  9.900E+01 7.02772E-18 -1.349E-03 -1.177E-09 -2.375E-09 -2.054E-12 -1.184E-13  1.00E-07
  9.950E+01 7.04999E-18 -1.353E-03 -1.142E-09 -2.397E-09 -2.050E-12 -1.253E-13  1.00E-07
  1.000E+02 7.07299E-18 -1.357E-03 -1.107E-09 -2.418E-09 -2.045E-12 -1.321E-13  1.00E-07
  1.005E+02 7.09671E-18 -1.360E-03 -1.072E-09 -2.439E-09 -2.040E-12 -1.389E-13  1.00E-07
  1.010E+02 7.12112E-18 -1.363E-03 -1.037E-09 -2.459E-09 -2.035E-12 -1.455E-13  1.00E-07
  1.015E+02 7.14621E-18 -1.366E-03 -1.002E-09 -2.479E-09 -2.030E-12 -1.520E-13  1.00E-07
  1.020E+02 7.17195E-18 -1.368E-03 -9.667E-10 -2.497E-09 -2.025E-12 -1.584E-13  1.00E-07
  1.025E+02 7.19832E-18 -1.369E-03 -9.319E-10 -2.516E-09 -2.019E-12 -1.647E-13  1.00E-07
  1.030E+02 7.22532E-18 -1.370E-03 -8.971E-10 -2.534E-09 -2.014E-12 -1.709E-13  1.00E-07
  1.035E+02 7.25290E-18 -1.370E-03 -8.624E-10 -2.551E-09 -2.008E-12 -1.770E-13  1.00E-07
  1.040E+02 7.28107E-18 -1.371E-03 -8.279E-10 -2.568E-09 -2.002E-12 -1.830E-13  1.00E-07
  1.045E+02 7.30979E-18 -1.370E-03 -7.934E-10 -2.585E-09 -1.996E-12 -1.888E-13  1.00E-07
  1.050E+02 7.33906E-18 -1.370E-03 -7.590E-10 -2.601E-09 -1.989E-12 -1.946E-13  1.00E-07
  1.055E+02 7.36884E-18 -1.368E-03 -7.247E-10 -2.616E-09 -1.983E-12 -2.003E-13  1.00E-07
  1.060E+02 7.39914E-18 -1.367E-03 -6.906E-10 -2.631E-09 -1.976E-12 -2.059E-13  1.00E-07
  1.065E+02 7.42991E-18 -1.365E-03 -6.565E-10 -2.646E-09 -1.969E-12 -2.113E-13  1.00E-07
  1.070E+02 7.46116E-18 -1.363E-03 -6.226E-10 -2.660E-09 -1.962E-12 -2.167E-13  1.00E-07
  1.075E+02 7.49286E-18 -1.360E-03 -5.889E-10 -2.673E-09 -1.955E-12 -2.219E-13  1.00E-07
  1.080E+02 7.52500E-18 -1.357E-03 -5.552E-10 -2.686E-09 -1.948E-12 -2.271E-13  1.00E-07
  1.085E+02 7.55755E-18 -1.354E-03 -5.217E-10 -2.699E-09 -1.940E-12 -2.321E-13  1.00E-07
  1.090E+02 7.59051E-18 -1.350E-03 -4.884E-10 -2.711E-09 -1.933E-12 -2.370E-13  1.00E-07
  1.095E+02 7.62385E-18 -1.346E-03 -4.552E-10 -2.723E-09 -1.925E-12 -2.418E-13  1.00E-07
  1.100E+02 7.65757E-18 -1.342E-03 -4.222E-10 -2.735E-09 -1.917E-12 -2.465E-13  1.00E-07
  1.105E+02 7.69164E-18 -1.338E-03 -3.894E-10 -2.746E-09 -1.909E-12 -2.511E-13  1.00E-07
  1.110E+02 7.72604E-18 -1.333E-03 -3.567E-10 -2.757E-09 -1.901E-12 -2.556E-13  1.00E-07
  1.115E+02 7.76078E-18 -1.328E-03 -3.242E-10 -2.767E-09 -1.893E-12 -2.599E-13  1.00E-07
  1.120E+02 7.79582E-18 -1.323E-03 -2.918E-10 -2.777E-09 -1.884E-12 -2.642E-13  1.00E-07
  1.125E+02 7.83116E-18 -1.317E-03 -2.596E-10 -2.786E-09 -1.876E-12 -2.683E-13  1.00E-07
  1.130E+02 7.86677E-18 -1.311E-03 -2.277E-10 -2.796E-09 -1.867E-12 -2.724E-13  1.00E-07
  1.135E+02 7.90265E-18 -1.305E-03 -1.959E-10 -2.804E-09 -1.858E-12 -2.763E-13  1.00E-07
  1.140E+02 7.93879E-18 -1.299E-03 -1.643E-10 -2.813E-09 -1.849E-12 -2.801E-13  1.00E-07
  1.145E+02 7.97516E-18 -1.292E-03 -1.329E-10 -2.821E-09 -1.840E-12 -2.838E-13  1.00E-07
  1.150E+02 8.01175E-18 -1.286E-03 -1.017E-10 -2.829E-09 -1.831E-12 -2.874E-13  1.00E-07
  1.155E+02 8.04855E-18 -1.279E-03 -7.067E-11 -2.836E-09 -1.821E-12 -2.908E-13  1.00E-07
  1.160E+02 8.08555E-18 -1.271E-03 -3.987E-11 -2.843E-09 -1.812E-12 -2.942E-13  1.00E-07
  1.165E+02 8.12273E-18 -1.264E-03 -9.273E-12 -2.850E-09 -1.802E-12 -2.974E-13  1.00E-07
  1.170E+02 8.16008E-18 -1.257E-03  2.111E-11 -2.857E-09 -1.793E-12 -3.006E-13  1.00E-07
  1.175E+02 8.19759E-18 -1.249E-03  5.128E-11 -2.863E-09 -1.783E-12 -3.036E-13  1.00E-07
  1.180E+02 8.23524E-18 -1.241E-03  8.124E-11 -2.869E-09 -1.773E-12 -3.065E-13  1.00E-07
  1.185E+02 8.27302E-18 -1.233E-03  1.110E-10 -2.874E-09 -1.763E-12 -3.093E-13  1.00E-07
  1.190E+02 8.31093E-18 -1.225E-03  1.405E-10 -2.879E-09 -1.752E-12 -3.120E-13  1.00E-07
  1.195E+02 8.34894E-18 -1.217E-03  1.698E-10 -2.884E-09 -1.742E-12 -3.146E-13  1.00E-07
  1.200E+02 8.38704E-18 -1.208E-03  1.989E-10 -2.889E-09 -1.732E-12 -3.170E-13  1.00E-07
  1.205E+02 8.42523E-18 -1.200E-03  2.277E-10 -2.894E-09 -1.721E-12 -3.194E-13  1.00E-07
  1.210E+02 8.46349E-18 -1.191E-03  2.563E-10 -2.898E-09 -1.710E-12 -3.216E-13  1.00E-07
  1.215E+02 8.50180E-18 -1.182E-03  2.847E-10 -2.902E-09 -1.700E-12 -3.238E-13  1.00E-07
  1.220E+02 8.54017E-18 -1.173E-03  3.129E-10 -2.906E-09 -1.689E-12 -3.258E-13  1.00E-07
  1.225E+02 8.57858E-18 -1.164E-03  3.408E-10 -2.909E-09 -1.678E-12 -3.277E-13  1.00E-07
  1.230E+02 8.61701E-18 -1.155E-03  3.685E-10 -2.912E-09 -1.667E-12 -3.295E-13  1.00E-07
  1.235E+02 8.65546E-18 -1.146E-03  3.959E-10 -2.915E-09 -1.656E-12 -3.312E-13  1.00E-07
  1.240E+02 8.69391E-18 -1.136E-03  4.232E-10 -2.918E-09 -1.644E-12 -3.328E-13  1.00E-07
  1.245E+02 8.73235E-18 -1.127E-03  4.501E-10 -2.921E-09 -1.633E-12 -3.343E-13  1.00E-07
  1.250E+02 8.77079E-18 -1.117E-03  4.769E-10 -2.923E-09 -1.621E-12 -3.356E-13  1.00E-07
  1.255E+02 8.80919E-18 -1.108E-03  5.034E-10 -2.925E-09 -1.610E-12 -3.369E-13  1.00E-07
  1.260E+02 8.84756E-18 -1.098E-03  5.296E-10 -2.927E-09 -1.598E-12 -3.381E-13  1.00E-07
  1.265E+02 8.88588E-18 -1.088E-03  5.556E-10 -2.929E-09 -1.586E-12 -3.391E-13  1.00E-07
  1.270E+02 8.92415E-18 -1.078E-03  5.814E-10 -2.930E-09 -1.574E-12 -3.401E-13  1.00E-07
  1.275E+02 8.96235E-18 -1.068E-03  6.069E-10 -2.932E-09 -1.562E-12 -3.409E-13  1.00E-07
  1.280E+02 9.00047E-18 -1.058E-03  6.321E-10 -2.933E-09 -1.550E-12 -3.416E-13  1.00E-07
  1.285E+02 9.03851E-18 -1.048E-03  6.571E-10 -2.934E-09 -1.538E-12 -3.423E-13  1.00E-07
  1.290E+02 9.07646E-18 -1.038E-03  6.819E-10 -2.935E-09 -1.526E-12 -3.428E-13  1.00E-07
  1.295E+02 9.11431E-18 -1.028E-03  7.064E-10 -2.935E-09 -1.514E-12 -3.432E-13  1.00E-07
  1.300E+02 9.15204E-18 -1.018E-03  7.307E-10 -2.936E-09 -1.501E-12 -3.435E-13  1.00E-07
  1.305E+02 9.18965E-18 -1.008E-03  7.547E-10 -2.936E-09 -1.489E-12 -3.437E-13  1.00E-07
  1.310E+02 9.22714E-18 -9.974E-04  7.785E-10 -2.936E-09 -1.476E-12 -3.438E-13  1.00E-07
  1.315E+02 9.26449E-18 -9.871E-04  8.020E-10 -2.936E-09 -1.463E-12 -3.438E-13  1.00E-07
  1.320E+02 9.30169E-18 -9.768E-04  8.252E-10 -2.936E-09 -1.451E-12 -3.437E-13  1.00E-07
  1.325E+02 9.33874E-18 -9.664E-04  8.483E-10 -2.936E-09 -1.438E-12 -3.436E-13  1.00E-07
  1.330E+02 9.37562E-18 -9.560E-04  8.710E-10 -2.935E-09 -1.425E-12 -3.433E-13  1.00E-07
  1.335E+02 9.41234E-18 -9.456E-04  8.935E-10 -2.935E-09 -1.412E-12 -3.429E-13  1.00E-07
  1.340E+02 9.44887E-18 -9.352E-04  9.158E-10 -2.934E-09 -1.399E-12 -3.424E-13  1.00E-07
  1.345E+02 9.48523E-18 -9.247E-04  9.377E-10 -2.934E-09 -1.386E-12 -3.418E-13  1.00E-07
  1.350E+02 9.52139E-18 -9.142E-04  9.595E-10 -2.933E-09 -1.372E-12 -3.411E-13  1.00E-07
  1.355E+02 9.55734E-18 -9.037E-04  9.810E-10 -2.932E-09 -1.359E-12 -3.403E-13  1.00E-07
  1.360E+02 9.59309E-18 -8.932E-04  1.002E-09 -2.931E-09 -1.346E-12 -3.395E-13  1.00E-07
  1.365E+02 9.62863E-18 -8.827E-04  1.023E-09 -2.929E-09 -1.332E-12 -3.385E-13  1.00E-07
  1.370E+02 9.66394E-18 -8.722E-04  1.044E-09 -2.928E-09 -1.319E-12 -3.374E-13  1.00E-07
  1.375E+02 9.69903E-18 -8.616E-04  1.064E-09 -2.927E-09 -1.305E-12 -3.363E-13  1.00E-07
  1.380E+02 9.73387E-18 -8.510E-04  1.085E-09 -2.925E-09 -1.292E-12 -3.350E-13  1.00E-07
  1.385E+02 9.76848E-18 -8.405E-04  1.105E-09 -2.924E-09 -1.278E-12 -3.337E-13  1.00E-07
  1.390E+02 9.80283E-18 -8.299E-04  1.124E-09 -2.922E-09 -1.264E-12 -3.322E-13  1.00E-07
  1.395E+02 9.83693E-18 -8.193E-04  1.144E-09 -2.920E-09 -1.250E-12 -3.307E-13  1.00E-07
  1.400E+02 9.87077E-18 -8.088E-04  1.163E-09 -2.919E-09 -1.236E-12 -3.291E-13  1.00E-07
  1.405E+02 9.90434E-18 -7.982E-04  1.182E-09 -2.917E-09 -1.223E-12 -3.274E-13  1.00E-07
  1.410E+02 9.93763E-18 -7.876E-04  1.201E-09 -2.915E-09 -1.209E-12 -3.256E-13  1.00E-07
  1.415E+02 9.97064E-18 -7.771E-04  1.219E-09 -2.913E-09 -1.194E-12 -3.237E-13  1.00E-07
  1.420E+02 1.00034E-17 -7.665E-04  1.237E-09 -2.911E-09 -1.180E-12 -3.218E-13  1.00E-07
  1.425E+02 1.00358E-17 -7.559E-04  1.255E-09 -2.909E-09 -1.166E-12 -3.197E-13  1.00E-07
  1.430E+02 1.00679E-17 -7.454E-04  1.273E-09 -2.907E-09 -1.152E-12 -3.176E-13  1.00E-07
  1.435E+02 1.00998E-17 -7.348E-04  1.290E-09 -2.904E-09 -1.138E-12 -3.154E-13  1.00E-07
  1.440E+02 1.01313E-17 -7.243E-04  1.307E-09 -2.902E-09 -1.123E-12 -3.131E-13  1.00E-07
  1.445E+02 1.01625E-17 -7.138E-04  1.324E-09 -2.900E-09 -1.109E-12 -3.107E-13  1.00E-07
  1.450E+02 1.01934E-17 -7.032E-04  1.341E-09 -2.897E-09 -1.094E-12 -3.083E-13  1.00E-07
  1.455E+02 1.02239E-17 -6.927E-04  1.357E-09 -2.895E-09 -1.080E-12 -3.058E-13  1.00E-07
  1.460E+02 1.02542E-17 -6.822E-04  1.373E-09 -2.893E-09 -1.065E-12 -3.031E-13  1.00E-07
  1.465E+02 1.02841E-17 -6.717E-04  1.389E-09 -2.890E-09 -1.051E-12 -3.005E-13  1.00E-07
  1.470E+02 1.03136E-17 -6.612E-04  1.405E-09 -2.888E-09 -1.036E-12 -2.977E-13  1.00E-07
  1.475E+02 1.03428E-17 -6.508E-04  1.420E-09 -2.885E-09 -1.021E-12 -2.948E-13  1.00E-07
  1.480E+02 1.03717E-17 -6.403E-04  1.436E-09 -2.883E-09 -1.006E-12 -2.919E-13  1.00E-07
  1.485E+02 1.04002E-17 -6.299E-04  1.451E-09 -2.880E-09 -9.916E-13 -2.889E-13  1.00E-07
  1.490E+02 1.04283E-17 -6.194E-04  1.465E-09 -2.878E-09 -9.768E-13 -2.859E-13  1.00E-07
  1.495E+02 1.04561E-17 -6.090E-04  1.480E-09 -2.875E-09 -9.619E-13 -2.827E-13  1.00E-07
  1.500E+02 1.04835E-17 -5.986E-04  1.494E-09 -2.873E-09 -9.469E-13 -2.795E-13  1.00E-07
  1.505E+02 1.05105E-17 -5.882E-04  1.508E-09 -2.870E-09 -9.319E-13 -2.763E-13  1.00E-07
  1.510E+02 1.05372E-17 -5.779E-04  1.521E-09 -2.867E-09 -9.169E-13 -2.729E-13  1.00E-07
  1.515E+02 1.05635E-17 -5.675E-04  1.535E-09 -2.865E-09 -9.018E-13 -2.695E-13  1.00E-07
  1.520E+02 1.05893E-17 -5.572E-04  1.548E-09 -2.862E-09 -8.867E-13 -2.660E-13  1.00E-07
  1.525E+02 1.06148E-17 -5.468E-04  1.561E-09 -2.860E-09 -8.716E-13 -2.625E-13  1.00E-07
  1.530E+02 1.06399E-17 -5.365E-04  1.574E-09 -2.857E-09 -8.564E-13 -2.589E-13  1.00E-07
  1.535E+02 1.06647E-17 -5.262E-04  1.586E-09 -2.855E-09 -8.412E-13 -2.552E-13  1.00E-07
  1.540E+02 1.06890E-17 -5.160E-04  1.598E-09 -2.852E-09 -8.259E-13 -2.515E-13  1.00E-07
  1.545E+02 1.07129E-17 -5.057E-04  1.610E-09 -2.849E-09 -8.106E-13 -2.477E-13  1.00E-07
  1.550E+02 1.07364E-17 -4.954E-04  1.622E-09 -2.847E-09 -7.953E-13 -2.439E-13  1.00E-07
  1.555E+02 1.07595E-17 -4.852E-04  1.634E-09 -2.844E-09 -7.799E-13 -2.399E-13  1.00E-07
  1.560E+02 1.07821E-17 -4.750E-04  1.645E-09 -2.842E-09 -7.645E-13 -2.360E-13  1.00E-07
  1.565E+02 1.08044E-17 -4.648E-04  1.656E-09 -2.839E-09 -7.491E-13 -2.320E-13  1.00E-07
  1.570E+02 1.08262E-17 -4.546E-04  1.667E-09 -2.837E-09 -7.336E-13 -2.279E-13  1.00E-07
  1.575E+02 1.08476E-17 -4.445E-04  1.677E-09 -2.835E-09 -7.181E-13 -2.237E-13  1.00E-07
  1.580E+02 1.08686E-17 -4.343E-04  1.687E-09 -2.832E-09 -7.026E-13 -2.196E-13  1.00E-07
  1.585E+02 1.08892E-17 -4.242E-04  1.697E-09 -2.830E-09 -6.870E-13 -2.153E-13  1.00E-07
  1.590E+02 1.09093E-17 -4.141E-04  1.707E-09 -2.827E-09 -6.714E-13 -2.110E-13  1.00E-07
  1.595E+02 1.09290E-17 -4.040E-04  1.717E-09 -2.825E-09 -6.558E-13 -2.067E-13  1.00E-07
  1.600E+02 1.09482E-17 -3.939E-04  1.726E-09 -2.823E-09 -6.402E-13 -2.023E-13  1.00E-07
  1.605E+02 1.09670E-17 -3.838E-04  1.735E-09 -2.821E-09 -6.245E-13 -1.978E-13  1.00E-07
  1.610E+02 1.09854E-17 -3.738E-04  1.744E-09 -2.818E-09 -6.088E-13 -1.934E-13  1.00E-07
  1.615E+02 1.10033E-17 -3.638E-04  1.753E-09 -2.816E-09 -5.931E-13 -1.888E-13  1.00E-07
  1.620E+02 1.10207E-17 -3.537E-04  1.761E-09 -2.814E-09 -5.773E-13 -1.843E-13  1.00E-07
  1.625E+02 1.10378E-17 -3.437E-04  1.769E-09 -2.812E-09 -5.616E-13 -1.796E-13  1.00E-07
  1.630E+02 1.10543E-17 -3.337E-04  1.777E-09 -2.810E-09 -5.458E-13 -1.750E-13  1.00E-07
  1.635E+02 1.10704E-17 -3.238E-04  1.785E-09 -2.808E-09 -5.300E-13 -1.703E-13  1.00E-07
  1.640E+02 1.10861E-17 -3.138E-04  1.792E-09 -2.806E-09 -5.141E-13 -1.655E-13  1.00E-07
  1.645E+02 1.11013E-17 -3.038E-04  1.800E-09 -2.804E-09 -4.983E-13 -1.608E-13  1.00E-07
  1.650E+02 1.11160E-17 -2.939E-04  1.807E-09 -2.802E-09 -4.824E-13 -1.559E-13  1.00E-07
  1.655E+02 1.11302E-17 -2.840E-04  1.813E-09 -2.800E-09 -4.665E-13 -1.511E-13  1.00E-07
  1.660E+02 1.11440E-17 -2.741E-04  1.820E-09 -2.799E-09 -4.506E-13 -1.462E-13  1.00E-07
  1.665E+02 1.11574E-17 -2.642E-04  1.826E-09 -2.797E-09 -4.346E-13 -1.413E-13  1.00E-07
  1.670E+02 1.11702E-17 -2.543E-04  1.832E-09 -2.795E-09 -4.187E-13 -1.363E-13  1.00E-07
  1.675E+02 1.11826E-17 -2.444E-04  1.838E-09 -2.794E-09 -4.027E-13 -1.313E-13  1.00E-07
  1.680E+02 1.11945E-17 -2.345E-04  1.844E-09 -2.792E-09 -3.867E-13 -1.263E-13  1.00E-07
  1.685E+02 1.12059E-17 -2.247E-04  1.849E-09 -2.791E-09 -3.707E-13 -1.213E-13  1.00E-07
  1.690E+02 1.12169E-17 -2.148E-04  1.854E-09 -2.789E-09 -3.547E-13 -1.162E-13  1.00E-07
  1.695E+02 1.12274E-17 -2.050E-04  1.859E-09 -2.788E-09 -3.387E-13 -1.111E-13  1.00E-07
  1.700E+02 1.12374E-17 -1.952E-04  1.864E-09 -2.786E-09 -3.227E-13 -1.060E-13  1.00E-07
  1.705E+02 1.12469E-17 -1.854E-04  1.868E-09 -2.785E-09 -3.066E-13 -1.008E-13  1.00E-07
  1.710E+02 1.12560E-17 -1.755E-04  1.872E-09 -2.784E-09 -2.905E-13 -9.567E-14  1.00E-07
  1.715E+02 1.12645E-17 -1.657E-04  1.876E-09 -2.783E-09 -2.745E-13 -9.047E-14  1.00E-07
  1.720E+02 1.12726E-17 -1.560E-04  1.880E-09 -2.782E-09 -2.584E-13 -8.526E-14  1.00E-07
  1.725E+02 1.12802E-17 -1.462E-04  1.883E-09 -2.781E-09 -2.423E-13 -8.002E-14  1.00E-07
  1.730E+02 1.12873E-17 -1.364E-04  1.887E-09 -2.780E-09 -2.262E-13 -7.477E-14  1.00E-07
  1.735E+02 1.12939E-17 -1.266E-04  1.890E-09 -2.779E-09 -2.100E-13 -6.950E-14  1.00E-07
  1.740E+02 1.13001E-17 -1.169E-04  1.893E-09 -2.778E-09 -1.939E-13 -6.422E-14  1.00E-07
  1.745E+02 1.13057E-17 -1.071E-04  1.895E-09 -2.777E-09 -1.778E-13 -5.892E-14  1.00E-07
  1.750E+02 1.13109E-17 -9.735E-05  1.898E-09 -2.777E-09 -1.616E-13 -5.360E-14  1.00E-07
  1.755E+02 1.13155E-17 -8.760E-05  1.900E-09 -2.776E-09 -1.455E-13 -4.828E-14  1.00E-07
  1.760E+02 1.13197E-17 -7.786E-05  1.902E-09 -2.775E-09 -1.293E-13 -4.294E-14  1.00E-07
  1.765E+02 1.13234E-17 -6.812E-05  1.903E-09 -2.775E-09 -1.132E-13 -3.759E-14  1.00E-07
  1.770E+02 1.13266E-17 -5.838E-05  1.905E-09 -2.774E-09 -9.703E-14 -3.224E-14  1.00E-07
  1.775E+02 1.13293E-17 -4.864E-05  1.906E-09 -2.774E-09 -8.086E-14 -2.688E-14  1.00E-07
  1.780E+02 1.13315E-17 -3.891E-05  1.907E-09 -2.774E-09 -6.469E-14 -2.151E-14  1.00E-07
  1.785E+02 1.13332E-17 -2.918E-05  1.908E-09 -2.774E-09 -4.852E-14 -1.614E-14  1.00E-07
  1.790E+02 1.13345E-17 -1.945E-05  1.909E-09 -2.773E-09 -3.235E-14 -1.076E-14  1.00E-07
  1.795E+02 1.13352E-17 -9.727E-06  1.909E-09 -2.773E-09 -1.617E-14 -5.380E-15  1.00E-07
  1.800E+02 1.13355E-17 -1.365E-19  1.909E-09 -2.773E-09 -2.270E-28 -7.551E-29  1.00E-07

  TOTAL ELASTIC CROSS SECTION = 2.896550E-16 cm**2
               FROM DCS TABLE = 2.896496E-16  (REL. DIF. = 1.86E-05)

  1ST TRANSPORT CROSS SECTION = 1.246805E-16 cm**2
               FROM DCS TABLE = 1.246807E-16  (REL. DIF. = 1.71E-06)

  2ND TRANSPORT CROSS SECTION = 1.452783E-16 cm**2

  **** DPWA0 ENDED ************************************************************

