

  **** PARTIAL WAVE ANALYSIS (DPWA0) ******************************************


  KINETIC ENERGY = 2.10000E+02 eV

      L       PHASE(SPIN UP)     PHASE(SPIN DOWN)
  -----------------------------------------------
       0      5.08746617E-01      0.00000000E+00
       1      2.57393007E-01      2.57482060E-01
       2      1.46737554E-01      1.46775196E-01
       3      8.70333473E-02      8.70533811E-02
       4      5.25623656E-02      5.25738657E-02
       5      3.20475942E-02      3.20544215E-02
       6      1.96442405E-02      1.96483642E-02
       7      1.20780399E-02      1.20805544E-02
       8      7.43856140E-03      7.44010306E-03
       9      4.58510452E-03      4.58605263E-03
      10      2.82714933E-03      2.82773340E-03
      11      1.74318223E-03      1.74354233E-03
      12      1.07458382E-03      1.07480590E-03
      13      6.62193671E-04      6.62330630E-04
      14      4.07890481E-04      4.07974923E-04
      15      2.51129382E-04      2.51181424E-04
      16      1.54539088E-04      1.54571149E-04
      17      9.50525781E-05      9.50723191E-05
      18      5.84354239E-05      5.84475732E-05
      19      3.59070607E-05      3.59145339E-05
      20      2.20536800E-05      2.20582746E-05
      21      1.35390107E-05      1.35418342E-05
      22      8.30816261E-06      8.30989688E-06
      23      5.09615855E-06      5.09722330E-06
      24      3.12470046E-06      3.12535387E-06
      25      1.91517671E-06      1.91557753E-06
      26      1.17341471E-06      1.17366049E-06
      27      7.18692836E-07      7.18843480E-07
      28      4.40038720E-07      4.40131023E-07
      29      2.69339784E-07      2.69396320E-07
      30      1.64807876E-07      1.64842493E-07
      31      1.00815938E-07      1.00837124E-07
      32      6.16537472E-08      6.16667123E-08
      33      3.76941283E-08      3.77020611E-08
      34      2.30396481E-08      2.30444977E-08
      35      1.40790057E-08      1.40819690E-08
      36      8.60133866E-09      8.60314885E-09
      37      5.25360504E-09      5.25471335E-09
      38      3.20812336E-09      3.20879968E-09
      39      1.95866836E-09      1.95907644E-09
      40      1.19557296E-09      1.19582618E-09
      41      7.29586054E-10      7.29738125E-10
      42      4.45158749E-10      4.45255712E-10


  *** SCATTERING AMPLITUDES AND DIFFERENTIAL CROSS SECTION ***

    ANGLE      DCS       ASYMMETRY    DIRECT AMPLITUDE       SPIN-FLIP AMPLITUDE     ERROR
    (deg)   (cm**2/sr)                      (cm)                    (cm)
  -------------------------------------------------------------------------------------------
  0.000E+00 3.19219E-17  0.000E+00  5.585E-09  8.572E-10  0.000E+00  0.000E+00  1.00E-07
  1.000E-04 3.19219E-17 -1.154E-11  5.585E-09  8.572E-10  2.093E-18  2.882E-19  1.00E-07
  1.250E-04 3.19219E-17 -1.442E-11  5.585E-09  8.572E-10  2.616E-18  3.603E-19  1.00E-07
  1.500E-04 3.19219E-17 -1.730E-11  5.585E-09  8.572E-10  3.139E-18  4.324E-19  1.00E-07
  1.750E-04 3.19219E-17 -2.019E-11  5.585E-09  8.572E-10  3.662E-18  5.044E-19  1.00E-07
  2.000E-04 3.19219E-17 -2.307E-11  5.585E-09  8.572E-10  4.185E-18  5.765E-19  1.00E-07
  2.250E-04 3.19219E-17 -2.596E-11  5.585E-09  8.572E-10  4.708E-18  6.485E-19  1.00E-07
  2.500E-04 3.19219E-17 -2.884E-11  5.585E-09  8.572E-10  5.231E-18  7.206E-19  1.00E-07
  2.750E-04 3.19219E-17 -3.172E-11  5.585E-09  8.572E-10  5.755E-18  7.927E-19  1.00E-07
  3.000E-04 3.19219E-17 -3.461E-11  5.585E-09  8.572E-10  6.278E-18  8.647E-19  1.00E-07
  3.250E-04 3.19219E-17 -3.749E-11  5.585E-09  8.572E-10  6.801E-18  9.368E-19  1.00E-07
  3.500E-04 3.19219E-17 -4.038E-11  5.585E-09  8.572E-10  7.324E-18  1.009E-18  1.00E-07
  3.750E-04 3.19219E-17 -4.326E-11  5.585E-09  8.572E-10  7.847E-18  1.081E-18  1.00E-07
  4.000E-04 3.19219E-17 -4.614E-11  5.585E-09  8.572E-10  8.370E-18  1.153E-18  1.00E-07
  4.250E-04 3.19219E-17 -4.903E-11  5.585E-09  8.572E-10  8.893E-18  1.225E-18  1.00E-07
  4.500E-04 3.19219E-17 -5.191E-11  5.585E-09  8.572E-10  9.417E-18  1.297E-18  1.00E-07
  4.750E-04 3.19219E-17 -5.479E-11  5.585E-09  8.572E-10  9.940E-18  1.369E-18  1.00E-07
  5.000E-04 3.19219E-17 -5.768E-11  5.585E-09  8.572E-10  1.046E-17  1.441E-18  1.00E-07
  5.250E-04 3.19219E-17 -6.056E-11  5.585E-09  8.572E-10  1.099E-17  1.513E-18  1.00E-07
  5.500E-04 3.19219E-17 -6.345E-11  5.585E-09  8.572E-10  1.151E-17  1.585E-18  1.00E-07
  5.750E-04 3.19219E-17 -6.633E-11  5.585E-09  8.572E-10  1.203E-17  1.657E-18  1.00E-07
  6.000E-04 3.19219E-17 -6.921E-11  5.585E-09  8.572E-10  1.256E-17  1.729E-18  1.00E-07
  6.250E-04 3.19219E-17 -7.210E-11  5.585E-09  8.572E-10  1.308E-17  1.801E-18  1.00E-07
  6.500E-04 3.19219E-17 -7.498E-11  5.585E-09  8.572E-10  1.360E-17  1.874E-18  1.00E-07
  6.750E-04 3.19219E-17 -7.787E-11  5.585E-09  8.572E-10  1.412E-17  1.946E-18  1.00E-07
  7.000E-04 3.19219E-17 -8.075E-11  5.585E-09  8.572E-10  1.465E-17  2.018E-18  1.00E-07
  7.250E-04 3.19219E-17 -8.363E-11  5.585E-09  8.572E-10  1.517E-17  2.090E-18  1.00E-07
  7.500E-04 3.19219E-17 -8.652E-11  5.585E-09  8.572E-10  1.569E-17  2.162E-18  1.00E-07
  7.750E-04 3.19219E-17 -8.940E-11  5.585E-09  8.572E-10  1.622E-17  2.234E-18  1.00E-07
  8.000E-04 3.19219E-17 -9.229E-11  5.585E-09  8.572E-10  1.674E-17  2.306E-18  1.00E-07
  8.250E-04 3.19219E-17 -9.517E-11  5.585E-09  8.572E-10  1.726E-17  2.378E-18  1.00E-07
  8.500E-04 3.19219E-17 -9.805E-11  5.585E-09  8.572E-10  1.779E-17  2.450E-18  1.00E-07
  8.750E-04 3.19219E-17 -1.009E-10  5.585E-09  8.572E-10  1.831E-17  2.522E-18  1.00E-07
  9.000E-04 3.19219E-17 -1.038E-10  5.585E-09  8.572E-10  1.883E-17  2.594E-18  1.00E-07
  9.250E-04 3.19219E-17 -1.067E-10  5.585E-09  8.572E-10  1.936E-17  2.666E-18  1.00E-07
  9.500E-04 3.19219E-17 -1.096E-10  5.585E-09  8.572E-10  1.988E-17  2.738E-18  1.00E-07
  9.750E-04 3.19219E-17 -1.125E-10  5.585E-09  8.572E-10  2.040E-17  2.810E-18  1.00E-07
  1.000E-03 3.19219E-17 -1.154E-10  5.585E-09  8.572E-10  2.093E-17  2.882E-18  1.00E-07
  1.250E-03 3.19219E-17 -1.442E-10  5.585E-09  8.572E-10  2.616E-17  3.603E-18  1.00E-07
  1.500E-03 3.19219E-17 -1.730E-10  5.585E-09  8.572E-10  3.139E-17  4.324E-18  1.00E-07
  1.750E-03 3.19219E-17 -2.019E-10  5.585E-09  8.572E-10  3.662E-17  5.044E-18  1.00E-07
  2.000E-03 3.19219E-17 -2.307E-10  5.585E-09  8.572E-10  4.185E-17  5.765E-18  1.00E-07
  2.250E-03 3.19219E-17 -2.596E-10  5.585E-09  8.572E-10  4.708E-17  6.485E-18  1.00E-07
  2.500E-03 3.19219E-17 -2.884E-10  5.585E-09  8.572E-10  5.231E-17  7.206E-18  1.00E-07
  2.750E-03 3.19219E-17 -3.172E-10  5.585E-09  8.572E-10  5.755E-17  7.927E-18  1.00E-07
  3.000E-03 3.19219E-17 -3.461E-10  5.585E-09  8.572E-10  6.278E-17  8.647E-18  1.00E-07
  3.250E-03 3.19219E-17 -3.749E-10  5.585E-09  8.572E-10  6.801E-17  9.368E-18  1.00E-07
  3.500E-03 3.19219E-17 -4.038E-10  5.585E-09  8.572E-10  7.324E-17  1.009E-17  1.00E-07
  3.750E-03 3.19219E-17 -4.326E-10  5.585E-09  8.572E-10  7.847E-17  1.081E-17  1.00E-07
  4.000E-03 3.19219E-17 -4.614E-10  5.585E-09  8.572E-10  8.370E-17  1.153E-17  1.00E-07
  4.250E-03 3.19219E-17 -4.903E-10  5.585E-09  8.572E-10  8.893E-17  1.225E-17  1.00E-07
  4.500E-03 3.19219E-17 -5.191E-10  5.585E-09  8.572E-10  9.417E-17  1.297E-17  1.00E-07
  4.750E-03 3.19219E-17 -5.479E-10  5.585E-09  8.572E-10  9.940E-17  1.369E-17  1.00E-07
  5.000E-03 3.19219E-17 -5.768E-10  5.585E-09  8.572E-10  1.046E-16  1.441E-17  1.00E-07
  5.250E-03 3.19219E-17 -6.056E-10  5.585E-09  8.572E-10  1.099E-16  1.513E-17  1.00E-07
  5.500E-03 3.19219E-17 -6.345E-10  5.585E-09  8.572E-10  1.151E-16  1.585E-17  1.00E-07
  5.750E-03 3.19219E-17 -6.633E-10  5.585E-09  8.572E-10  1.203E-16  1.657E-17  1.00E-07
  6.000E-03 3.19219E-17 -6.921E-10  5.585E-09  8.572E-10  1.256E-16  1.729E-17  1.00E-07
  6.250E-03 3.19219E-17 -7.210E-10  5.585E-09  8.572E-10  1.308E-16  1.801E-17  1.00E-07
  6.500E-03 3.19219E-17 -7.498E-10  5.585E-09  8.572E-10  1.360E-16  1.874E-17  1.00E-07
  6.750E-03 3.19219E-17 -7.787E-10  5.585E-09  8.572E-10  1.412E-16  1.946E-17  1.00E-07
  7.000E-03 3.19219E-17 -8.075E-10  5.585E-09  8.572E-10  1.465E-16  2.018E-17  1.00E-07
  7.250E-03 3.19219E-17 -8.363E-10  5.585E-09  8.572E-10  1.517E-16  2.090E-17  1.00E-07
  7.500E-03 3.19219E-17 -8.652E-10  5.585E-09  8.572E-10  1.569E-16  2.162E-17  1.00E-07
  7.750E-03 3.19219E-17 -8.940E-10  5.585E-09  8.572E-10  1.622E-16  2.234E-17  1.00E-07
  8.000E-03 3.19219E-17 -9.229E-10  5.585E-09  8.572E-10  1.674E-16  2.306E-17  1.00E-07
  8.250E-03 3.19219E-17 -9.517E-10  5.585E-09  8.572E-10  1.726E-16  2.378E-17  1.00E-07
  8.500E-03 3.19219E-17 -9.805E-10  5.585E-09  8.572E-10  1.779E-16  2.450E-17  1.00E-07
  8.750E-03 3.19219E-17 -1.009E-09  5.585E-09  8.572E-10  1.831E-16  2.522E-17  1.00E-07
  9.000E-03 3.19219E-17 -1.038E-09  5.585E-09  8.572E-10  1.883E-16  2.594E-17  1.00E-07
  9.250E-03 3.19219E-17 -1.067E-09  5.585E-09  8.572E-10  1.936E-16  2.666E-17  1.00E-07
  9.500E-03 3.19219E-17 -1.096E-09  5.585E-09  8.572E-10  1.988E-16  2.738E-17  1.00E-07
  9.750E-03 3.19219E-17 -1.125E-09  5.585E-09  8.572E-10  2.040E-16  2.810E-17  1.00E-07
  1.000E-02 3.19219E-17 -1.154E-09  5.585E-09  8.572E-10  2.093E-16  2.882E-17  1.00E-07
  1.250E-02 3.19219E-17 -1.442E-09  5.585E-09  8.572E-10  2.616E-16  3.603E-17  1.00E-07
  1.500E-02 3.19219E-17 -1.730E-09  5.585E-09  8.572E-10  3.139E-16  4.324E-17  1.00E-07
  1.750E-02 3.19218E-17 -2.019E-09  5.585E-09  8.572E-10  3.662E-16  5.044E-17  1.00E-07
  2.000E-02 3.19218E-17 -2.307E-09  5.585E-09  8.572E-10  4.185E-16  5.765E-17  1.00E-07
  2.250E-02 3.19218E-17 -2.596E-09  5.585E-09  8.572E-10  4.708E-16  6.485E-17  1.00E-07
  2.500E-02 3.19218E-17 -2.884E-09  5.585E-09  8.572E-10  5.231E-16  7.206E-17  1.00E-07
  2.750E-02 3.19218E-17 -3.172E-09  5.585E-09  8.572E-10  5.755E-16  7.927E-17  1.00E-07
  3.000E-02 3.19218E-17 -3.461E-09  5.585E-09  8.572E-10  6.278E-16  8.647E-17  1.00E-07
  3.250E-02 3.19218E-17 -3.749E-09  5.585E-09  8.572E-10  6.801E-16  9.368E-17  1.00E-07
  3.500E-02 3.19217E-17 -4.038E-09  5.585E-09  8.572E-10  7.324E-16  1.009E-16  1.00E-07
  3.750E-02 3.19217E-17 -4.326E-09  5.585E-09  8.572E-10  7.847E-16  1.081E-16  1.00E-07
  4.000E-02 3.19217E-17 -4.614E-09  5.585E-09  8.572E-10  8.370E-16  1.153E-16  1.00E-07
  4.250E-02 3.19217E-17 -4.903E-09  5.585E-09  8.572E-10  8.893E-16  1.225E-16  1.00E-07
  4.500E-02 3.19216E-17 -5.191E-09  5.585E-09  8.572E-10  9.417E-16  1.297E-16  1.00E-07
  4.750E-02 3.19216E-17 -5.479E-09  5.585E-09  8.572E-10  9.940E-16  1.369E-16  1.00E-07
  5.000E-02 3.19216E-17 -5.768E-09  5.585E-09  8.572E-10  1.046E-15  1.441E-16  1.00E-07
  5.250E-02 3.19216E-17 -6.056E-09  5.585E-09  8.572E-10  1.099E-15  1.513E-16  1.00E-07
  5.500E-02 3.19215E-17 -6.345E-09  5.585E-09  8.572E-10  1.151E-15  1.585E-16  1.00E-07
  5.750E-02 3.19215E-17 -6.633E-09  5.585E-09  8.572E-10  1.203E-15  1.657E-16  1.00E-07
  6.000E-02 3.19215E-17 -6.921E-09  5.584E-09  8.572E-10  1.256E-15  1.729E-16  1.00E-07
  6.250E-02 3.19214E-17 -7.210E-09  5.584E-09  8.572E-10  1.308E-15  1.801E-16  1.00E-07
  6.500E-02 3.19214E-17 -7.498E-09  5.584E-09  8.572E-10  1.360E-15  1.874E-16  1.00E-07
  6.750E-02 3.19214E-17 -7.787E-09  5.584E-09  8.572E-10  1.412E-15  1.946E-16  1.00E-07
  7.000E-02 3.19213E-17 -8.075E-09  5.584E-09  8.572E-10  1.465E-15  2.018E-16  1.00E-07
  7.250E-02 3.19213E-17 -8.363E-09  5.584E-09  8.572E-10  1.517E-15  2.090E-16  1.00E-07
  7.500E-02 3.19212E-17 -8.652E-09  5.584E-09  8.572E-10  1.569E-15  2.162E-16  1.00E-07
  7.750E-02 3.19212E-17 -8.940E-09  5.584E-09  8.572E-10  1.622E-15  2.234E-16  1.00E-07
  8.000E-02 3.19211E-17 -9.229E-09  5.584E-09  8.572E-10  1.674E-15  2.306E-16  1.00E-07
  8.250E-02 3.19211E-17 -9.517E-09  5.584E-09  8.572E-10  1.726E-15  2.378E-16  1.00E-07
  8.500E-02 3.19211E-17 -9.805E-09  5.584E-09  8.572E-10  1.779E-15  2.450E-16  1.00E-07
  8.750E-02 3.19210E-17 -1.009E-08  5.584E-09  8.572E-10  1.831E-15  2.522E-16  1.00E-07
  9.000E-02 3.19210E-17 -1.038E-08  5.584E-09  8.572E-10  1.883E-15  2.594E-16  1.00E-07
  9.250E-02 3.19209E-17 -1.067E-08  5.584E-09  8.572E-10  1.936E-15  2.666E-16  1.00E-07
  9.500E-02 3.19208E-17 -1.096E-08  5.584E-09  8.572E-10  1.988E-15  2.738E-16  1.00E-07
  9.750E-02 3.19208E-17 -1.125E-08  5.584E-09  8.572E-10  2.040E-15  2.810E-16  1.00E-07
  1.000E-01 3.19207E-17 -1.154E-08  5.584E-09  8.572E-10  2.093E-15  2.882E-16  1.00E-07
  1.250E-01 3.19201E-17 -1.442E-08  5.584E-09  8.572E-10  2.616E-15  3.603E-16  1.00E-07
  1.500E-01 3.19193E-17 -1.730E-08  5.584E-09  8.572E-10  3.139E-15  4.324E-16  1.00E-07
  1.750E-01 3.19184E-17 -2.019E-08  5.584E-09  8.572E-10  3.662E-15  5.044E-16  1.00E-07
  2.000E-01 3.19173E-17 -2.307E-08  5.584E-09  8.572E-10  4.185E-15  5.765E-16  1.00E-07
  2.250E-01 3.19161E-17 -2.596E-08  5.584E-09  8.572E-10  4.708E-15  6.485E-16  1.00E-07
  2.500E-01 3.19147E-17 -2.884E-08  5.584E-09  8.572E-10  5.231E-15  7.206E-16  1.00E-07
  2.750E-01 3.19132E-17 -3.173E-08  5.584E-09  8.572E-10  5.754E-15  7.926E-16  1.00E-07
  3.000E-01 3.19116E-17 -3.461E-08  5.584E-09  8.572E-10  6.277E-15  8.647E-16  1.00E-07
  3.250E-01 3.19098E-17 -3.750E-08  5.583E-09  8.572E-10  6.800E-15  9.367E-16  1.00E-07
  3.500E-01 3.19079E-17 -4.038E-08  5.583E-09  8.572E-10  7.322E-15  1.009E-15  1.00E-07
  3.750E-01 3.19058E-17 -4.327E-08  5.583E-09  8.572E-10  7.845E-15  1.081E-15  1.00E-07
  4.000E-01 3.19036E-17 -4.616E-08  5.583E-09  8.572E-10  8.368E-15  1.153E-15  1.00E-07
  4.250E-01 3.19012E-17 -4.904E-08  5.583E-09  8.572E-10  8.891E-15  1.225E-15  1.00E-07
  4.500E-01 3.18987E-17 -5.193E-08  5.582E-09  8.572E-10  9.413E-15  1.297E-15  1.00E-07
  4.750E-01 3.18961E-17 -5.482E-08  5.582E-09  8.572E-10  9.936E-15  1.369E-15  1.00E-07
  5.000E-01 3.18933E-17 -5.771E-08  5.582E-09  8.571E-10  1.046E-14  1.441E-15  1.00E-07
  5.250E-01 3.18903E-17 -6.059E-08  5.582E-09  8.571E-10  1.098E-14  1.513E-15  1.00E-07
  5.500E-01 3.18873E-17 -6.348E-08  5.581E-09  8.571E-10  1.150E-14  1.585E-15  1.00E-07
  5.750E-01 3.18841E-17 -6.637E-08  5.581E-09  8.571E-10  1.203E-14  1.657E-15  1.00E-07
  6.000E-01 3.18807E-17 -6.926E-08  5.581E-09  8.571E-10  1.255E-14  1.729E-15  1.00E-07
  6.250E-01 3.18772E-17 -7.215E-08  5.581E-09  8.571E-10  1.307E-14  1.801E-15  1.00E-07
  6.500E-01 3.18736E-17 -7.504E-08  5.580E-09  8.571E-10  1.359E-14  1.873E-15  1.00E-07
  6.750E-01 3.18698E-17 -7.793E-08  5.580E-09  8.571E-10  1.411E-14  1.945E-15  1.00E-07
  7.000E-01 3.18659E-17 -8.083E-08  5.580E-09  8.571E-10  1.464E-14  2.017E-15  1.00E-07
  7.250E-01 3.18618E-17 -8.372E-08  5.579E-09  8.571E-10  1.516E-14  2.089E-15  1.00E-07
  7.500E-01 3.18576E-17 -8.661E-08  5.579E-09  8.571E-10  1.568E-14  2.161E-15  1.00E-07
  7.750E-01 3.18532E-17 -8.950E-08  5.578E-09  8.570E-10  1.620E-14  2.233E-15  1.00E-07
  8.000E-01 3.18487E-17 -9.240E-08  5.578E-09  8.570E-10  1.672E-14  2.305E-15  1.00E-07
  8.250E-01 3.18441E-17 -9.529E-08  5.578E-09  8.570E-10  1.724E-14  2.377E-15  1.00E-07
  8.500E-01 3.18393E-17 -9.819E-08  5.577E-09  8.570E-10  1.776E-14  2.449E-15  1.00E-07
  8.750E-01 3.18344E-17 -1.011E-07  5.577E-09  8.570E-10  1.828E-14  2.521E-15  1.00E-07
  9.000E-01 3.18293E-17 -1.040E-07  5.576E-09  8.570E-10  1.881E-14  2.593E-15  1.00E-07
  9.250E-01 3.18241E-17 -1.069E-07  5.576E-09  8.570E-10  1.933E-14  2.665E-15  1.00E-07
  9.500E-01 3.18188E-17 -1.098E-07  5.575E-09  8.569E-10  1.985E-14  2.737E-15  1.00E-07
  9.750E-01 3.18133E-17 -1.127E-07  5.575E-09  8.569E-10  2.037E-14  2.809E-15  1.00E-07
  1.000E+00 3.18077E-17 -1.156E-07  5.574E-09  8.569E-10  2.089E-14  2.881E-15  1.00E-07
  1.100E+00 3.17838E-17 -1.272E-07  5.572E-09  8.569E-10  2.297E-14  3.169E-15  1.00E-07
  1.200E+00 3.17576E-17 -1.388E-07  5.570E-09  8.568E-10  2.505E-14  3.457E-15  1.00E-07
  1.300E+00 3.17292E-17 -1.505E-07  5.567E-09  8.567E-10  2.712E-14  3.745E-15  1.00E-07
  1.400E+00 3.16986E-17 -1.621E-07  5.565E-09  8.566E-10  2.919E-14  4.032E-15  1.00E-07
  1.500E+00 3.16657E-17 -1.738E-07  5.562E-09  8.565E-10  3.126E-14  4.320E-15  1.00E-07
  1.600E+00 3.16307E-17 -1.855E-07  5.559E-09  8.564E-10  3.333E-14  4.607E-15  1.00E-07
  1.700E+00 3.15934E-17 -1.972E-07  5.555E-09  8.563E-10  3.539E-14  4.895E-15  1.00E-07
  1.800E+00 3.15539E-17 -2.089E-07  5.552E-09  8.562E-10  3.745E-14  5.182E-15  1.00E-07
  1.900E+00 3.15123E-17 -2.207E-07  5.548E-09  8.561E-10  3.950E-14  5.469E-15  1.00E-07
  2.000E+00 3.14685E-17 -2.325E-07  5.544E-09  8.560E-10  4.155E-14  5.756E-15  1.00E-07
  2.100E+00 3.14225E-17 -2.443E-07  5.540E-09  8.559E-10  4.360E-14  6.043E-15  1.00E-07
  2.200E+00 3.13744E-17 -2.561E-07  5.536E-09  8.557E-10  4.564E-14  6.329E-15  1.00E-07
  2.300E+00 3.13242E-17 -2.680E-07  5.531E-09  8.556E-10  4.767E-14  6.616E-15  1.00E-07
  2.400E+00 3.12718E-17 -2.799E-07  5.526E-09  8.555E-10  4.970E-14  6.902E-15  1.00E-07
  2.500E+00 3.12174E-17 -2.919E-07  5.521E-09  8.553E-10  5.173E-14  7.188E-15  1.00E-07
  2.600E+00 3.11609E-17 -3.038E-07  5.516E-09  8.552E-10  5.375E-14  7.474E-15  1.00E-07
  2.700E+00 3.11023E-17 -3.158E-07  5.511E-09  8.550E-10  5.576E-14  7.760E-15  1.00E-07
  2.800E+00 3.10417E-17 -3.279E-07  5.506E-09  8.548E-10  5.777E-14  8.046E-15  1.00E-07
  2.900E+00 3.09790E-17 -3.400E-07  5.500E-09  8.547E-10  5.977E-14  8.331E-15  1.00E-07
  3.000E+00 3.09143E-17 -3.521E-07  5.494E-09  8.545E-10  6.177E-14  8.617E-15  1.00E-07
  3.100E+00 3.08476E-17 -3.642E-07  5.488E-09  8.543E-10  6.376E-14  8.902E-15  1.00E-07
  3.200E+00 3.07790E-17 -3.764E-07  5.482E-09  8.541E-10  6.574E-14  9.187E-15  1.00E-07
  3.300E+00 3.07084E-17 -3.887E-07  5.475E-09  8.539E-10  6.772E-14  9.471E-15  1.00E-07
  3.400E+00 3.06358E-17 -4.009E-07  5.469E-09  8.537E-10  6.969E-14  9.756E-15  1.00E-07
  3.500E+00 3.05614E-17 -4.133E-07  5.462E-09  8.535E-10  7.165E-14  1.004E-14  1.00E-07
  3.600E+00 3.04850E-17 -4.257E-07  5.455E-09  8.533E-10  7.360E-14  1.032E-14  1.00E-07
  3.700E+00 3.04068E-17 -4.381E-07  5.448E-09  8.531E-10  7.555E-14  1.061E-14  1.00E-07
  3.800E+00 3.03268E-17 -4.506E-07  5.441E-09  8.528E-10  7.749E-14  1.089E-14  1.00E-07
  3.900E+00 3.02449E-17 -4.631E-07  5.433E-09  8.526E-10  7.942E-14  1.117E-14  1.00E-07
  4.000E+00 3.01611E-17 -4.757E-07  5.425E-09  8.524E-10  8.134E-14  1.146E-14  1.00E-07
  4.100E+00 3.00757E-17 -4.883E-07  5.418E-09  8.521E-10  8.326E-14  1.174E-14  1.00E-07
  4.200E+00 2.99884E-17 -5.010E-07  5.410E-09  8.519E-10  8.516E-14  1.202E-14  1.00E-07
  4.300E+00 2.98994E-17 -5.137E-07  5.401E-09  8.516E-10  8.706E-14  1.230E-14  1.00E-07
  4.400E+00 2.98087E-17 -5.265E-07  5.393E-09  8.514E-10  8.895E-14  1.259E-14  1.00E-07
  4.500E+00 2.97164E-17 -5.394E-07  5.384E-09  8.511E-10  9.083E-14  1.287E-14  1.00E-07
  4.600E+00 2.96223E-17 -5.523E-07  5.376E-09  8.508E-10  9.270E-14  1.315E-14  1.00E-07
  4.700E+00 2.95266E-17 -5.653E-07  5.367E-09  8.505E-10  9.456E-14  1.343E-14  1.00E-07
  4.800E+00 2.94293E-17 -5.784E-07  5.358E-09  8.503E-10  9.641E-14  1.371E-14  1.00E-07
  4.900E+00 2.93305E-17 -5.915E-07  5.349E-09  8.500E-10  9.825E-14  1.399E-14  1.00E-07
  5.000E+00 2.92300E-17 -6.047E-07  5.339E-09  8.497E-10  1.001E-13  1.427E-14  1.00E-07
  5.100E+00 2.91281E-17 -6.179E-07  5.330E-09  8.494E-10  1.019E-13  1.455E-14  1.00E-07
  5.200E+00 2.90246E-17 -6.312E-07  5.320E-09  8.491E-10  1.037E-13  1.483E-14  1.00E-07
  5.300E+00 2.89196E-17 -6.446E-07  5.310E-09  8.487E-10  1.055E-13  1.511E-14  1.00E-07
  5.400E+00 2.88132E-17 -6.581E-07  5.300E-09  8.484E-10  1.073E-13  1.539E-14  1.00E-07
  5.500E+00 2.87054E-17 -6.716E-07  5.290E-09  8.481E-10  1.091E-13  1.567E-14  1.00E-07
  5.600E+00 2.85962E-17 -6.852E-07  5.280E-09  8.478E-10  1.109E-13  1.594E-14  1.00E-07
  5.700E+00 2.84856E-17 -6.989E-07  5.269E-09  8.474E-10  1.126E-13  1.622E-14  1.00E-07
  5.800E+00 2.83736E-17 -7.127E-07  5.259E-09  8.471E-10  1.144E-13  1.650E-14  1.00E-07
  5.900E+00 2.82603E-17 -7.265E-07  5.248E-09  8.467E-10  1.161E-13  1.678E-14  1.00E-07
  6.000E+00 2.81458E-17 -7.404E-07  5.237E-09  8.464E-10  1.178E-13  1.705E-14  1.00E-07
  6.100E+00 2.80300E-17 -7.544E-07  5.226E-09  8.460E-10  1.195E-13  1.733E-14  1.00E-07
  6.200E+00 2.79130E-17 -7.685E-07  5.215E-09  8.457E-10  1.213E-13  1.760E-14  1.00E-07
  6.300E+00 2.77947E-17 -7.827E-07  5.204E-09  8.453E-10  1.229E-13  1.788E-14  1.00E-07
  6.400E+00 2.76753E-17 -7.970E-07  5.192E-09  8.449E-10  1.246E-13  1.815E-14  1.00E-07
  6.500E+00 2.75547E-17 -8.113E-07  5.181E-09  8.445E-10  1.263E-13  1.843E-14  1.00E-07
  6.600E+00 2.74331E-17 -8.258E-07  5.169E-09  8.442E-10  1.279E-13  1.870E-14  1.00E-07
  6.700E+00 2.73103E-17 -8.403E-07  5.157E-09  8.438E-10  1.296E-13  1.898E-14  1.00E-07
  6.800E+00 2.71865E-17 -8.549E-07  5.145E-09  8.434E-10  1.312E-13  1.925E-14  1.00E-07
  6.900E+00 2.70616E-17 -8.696E-07  5.133E-09  8.430E-10  1.328E-13  1.952E-14  1.00E-07
  7.000E+00 2.69358E-17 -8.844E-07  5.121E-09  8.425E-10  1.345E-13  1.980E-14  1.00E-07
  7.100E+00 2.68090E-17 -8.993E-07  5.109E-09  8.421E-10  1.361E-13  2.007E-14  1.00E-07
  7.200E+00 2.66812E-17 -9.143E-07  5.096E-09  8.417E-10  1.376E-13  2.034E-14  1.00E-07
  7.300E+00 2.65525E-17 -9.295E-07  5.084E-09  8.413E-10  1.392E-13  2.061E-14  1.00E-07
  7.400E+00 2.64229E-17 -9.447E-07  5.071E-09  8.409E-10  1.408E-13  2.088E-14  1.00E-07
  7.500E+00 2.62925E-17 -9.600E-07  5.058E-09  8.404E-10  1.423E-13  2.115E-14  1.00E-07
  7.600E+00 2.61613E-17 -9.754E-07  5.045E-09  8.400E-10  1.438E-13  2.142E-14  1.00E-07
  7.700E+00 2.60292E-17 -9.909E-07  5.032E-09  8.395E-10  1.454E-13  2.169E-14  1.00E-07
  7.800E+00 2.58964E-17 -1.007E-06  5.019E-09  8.391E-10  1.469E-13  2.196E-14  1.00E-07
  7.900E+00 2.57628E-17 -1.022E-06  5.006E-09  8.386E-10  1.484E-13  2.223E-14  1.00E-07
  8.000E+00 2.56285E-17 -1.038E-06  4.993E-09  8.382E-10  1.499E-13  2.249E-14  1.00E-07
  8.100E+00 2.54935E-17 -1.054E-06  4.979E-09  8.377E-10  1.513E-13  2.276E-14  1.00E-07
  8.200E+00 2.53578E-17 -1.070E-06  4.966E-09  8.372E-10  1.528E-13  2.303E-14  1.00E-07
  8.300E+00 2.52216E-17 -1.086E-06  4.952E-09  8.367E-10  1.542E-13  2.329E-14  1.00E-07
  8.400E+00 2.50847E-17 -1.103E-06  4.938E-09  8.363E-10  1.556E-13  2.356E-14  1.00E-07
  8.500E+00 2.49472E-17 -1.119E-06  4.924E-09  8.358E-10  1.571E-13  2.382E-14  1.00E-07
  8.600E+00 2.48092E-17 -1.136E-06  4.910E-09  8.353E-10  1.585E-13  2.409E-14  1.00E-07
  8.700E+00 2.46707E-17 -1.152E-06  4.896E-09  8.348E-10  1.599E-13  2.435E-14  1.00E-07
  8.800E+00 2.45316E-17 -1.169E-06  4.882E-09  8.343E-10  1.612E-13  2.461E-14  1.00E-07
  8.900E+00 2.43921E-17 -1.186E-06  4.868E-09  8.338E-10  1.626E-13  2.488E-14  1.00E-07
  9.000E+00 2.42522E-17 -1.203E-06  4.854E-09  8.332E-10  1.639E-13  2.514E-14  1.00E-07
  9.100E+00 2.41118E-17 -1.220E-06  4.839E-09  8.327E-10  1.653E-13  2.540E-14  1.00E-07
  9.200E+00 2.39711E-17 -1.237E-06  4.825E-09  8.322E-10  1.666E-13  2.566E-14  1.00E-07
  9.300E+00 2.38299E-17 -1.255E-06  4.810E-09  8.317E-10  1.679E-13  2.592E-14  1.00E-07
  9.400E+00 2.36885E-17 -1.272E-06  4.796E-09  8.311E-10  1.692E-13  2.618E-14  1.00E-07
  9.500E+00 2.35467E-17 -1.290E-06  4.781E-09  8.306E-10  1.705E-13  2.644E-14  1.00E-07
  9.600E+00 2.34046E-17 -1.308E-06  4.766E-09  8.301E-10  1.718E-13  2.670E-14  1.00E-07
  9.700E+00 2.32623E-17 -1.326E-06  4.751E-09  8.295E-10  1.730E-13  2.696E-14  1.00E-07
  9.800E+00 2.31197E-17 -1.344E-06  4.736E-09  8.290E-10  1.743E-13  2.722E-14  1.00E-07
  9.900E+00 2.29769E-17 -1.362E-06  4.721E-09  8.284E-10  1.755E-13  2.748E-14  1.00E-07
  1.000E+01 2.28340E-17 -1.381E-06  4.706E-09  8.278E-10  1.767E-13  2.773E-14  1.00E-07
  1.025E+01 2.24759E-17 -1.427E-06  4.668E-09  8.264E-10  1.797E-13  2.837E-14  1.00E-07
  1.050E+01 2.21171E-17 -1.475E-06  4.630E-09  8.249E-10  1.826E-13  2.901E-14  1.00E-07
  1.075E+01 2.17579E-17 -1.523E-06  4.591E-09  8.234E-10  1.854E-13  2.964E-14  1.00E-07
  1.100E+01 2.13988E-17 -1.572E-06  4.552E-09  8.219E-10  1.881E-13  3.026E-14  1.00E-07
  1.125E+01 2.10400E-17 -1.623E-06  4.513E-09  8.204E-10  1.907E-13  3.089E-14  1.00E-07
  1.150E+01 2.06819E-17 -1.674E-06  4.473E-09  8.188E-10  1.933E-13  3.151E-14  1.00E-07
  1.175E+01 2.03248E-17 -1.727E-06  4.434E-09  8.172E-10  1.957E-13  3.212E-14  1.00E-07
  1.200E+01 1.99689E-17 -1.780E-06  4.394E-09  8.156E-10  1.981E-13  3.273E-14  1.00E-07
  1.225E+01 1.96146E-17 -1.835E-06  4.353E-09  8.139E-10  2.004E-13  3.334E-14  1.00E-07
  1.250E+01 1.92620E-17 -1.891E-06  4.313E-09  8.122E-10  2.026E-13  3.394E-14  1.00E-07
  1.275E+01 1.89115E-17 -1.947E-06  4.273E-09  8.105E-10  2.048E-13  3.454E-14  1.00E-07
  1.300E+01 1.85633E-17 -2.005E-06  4.232E-09  8.088E-10  2.068E-13  3.513E-14  1.00E-07
  1.325E+01 1.82176E-17 -2.065E-06  4.191E-09  8.070E-10  2.088E-13  3.572E-14  1.00E-07
  1.350E+01 1.78746E-17 -2.125E-06  4.150E-09  8.052E-10  2.107E-13  3.630E-14  1.00E-07
  1.375E+01 1.75346E-17 -2.187E-06  4.110E-09  8.034E-10  2.125E-13  3.688E-14  1.00E-07
  1.400E+01 1.71977E-17 -2.250E-06  4.069E-09  8.016E-10  2.143E-13  3.746E-14  1.00E-07
  1.425E+01 1.68640E-17 -2.314E-06  4.028E-09  7.997E-10  2.159E-13  3.803E-14  1.00E-07
  1.450E+01 1.65339E-17 -2.380E-06  3.987E-09  7.978E-10  2.175E-13  3.859E-14  1.00E-07
  1.475E+01 1.62073E-17 -2.447E-06  3.946E-09  7.959E-10  2.191E-13  3.915E-14  1.00E-07
  1.500E+01 1.58845E-17 -2.516E-06  3.906E-09  7.940E-10  2.205E-13  3.971E-14  1.00E-07
  1.525E+01 1.55656E-17 -2.585E-06  3.865E-09  7.920E-10  2.219E-13  4.026E-14  1.00E-07
  1.550E+01 1.52506E-17 -2.657E-06  3.824E-09  7.900E-10  2.232E-13  4.081E-14  1.00E-07
  1.575E+01 1.49398E-17 -2.729E-06  3.784E-09  7.880E-10  2.244E-13  4.135E-14  1.00E-07
  1.600E+01 1.46331E-17 -2.804E-06  3.744E-09  7.860E-10  2.256E-13  4.188E-14  1.00E-07
  1.625E+01 1.43307E-17 -2.879E-06  3.704E-09  7.840E-10  2.267E-13  4.241E-14  1.00E-07
  1.650E+01 1.40327E-17 -2.957E-06  3.664E-09  7.819E-10  2.277E-13  4.294E-14  1.00E-07
  1.675E+01 1.37391E-17 -3.036E-06  3.624E-09  7.799E-10  2.287E-13  4.346E-14  1.00E-07
  1.700E+01 1.34500E-17 -3.116E-06  3.584E-09  7.778E-10  2.296E-13  4.398E-14  1.00E-07
  1.725E+01 1.31654E-17 -3.198E-06  3.545E-09  7.756E-10  2.304E-13  4.449E-14  1.00E-07
  1.750E+01 1.28853E-17 -3.282E-06  3.505E-09  7.735E-10  2.312E-13  4.499E-14  1.00E-07
  1.775E+01 1.26099E-17 -3.368E-06  3.466E-09  7.714E-10  2.320E-13  4.549E-14  1.00E-07
  1.800E+01 1.23391E-17 -3.455E-06  3.427E-09  7.692E-10  2.326E-13  4.599E-14  1.00E-07
  1.825E+01 1.20729E-17 -3.544E-06  3.389E-09  7.670E-10  2.333E-13  4.648E-14  1.00E-07
  1.850E+01 1.18114E-17 -3.634E-06  3.351E-09  7.648E-10  2.338E-13  4.696E-14  1.00E-07
  1.875E+01 1.15545E-17 -3.727E-06  3.313E-09  7.626E-10  2.343E-13  4.744E-14  1.00E-07
  1.900E+01 1.13023E-17 -3.821E-06  3.275E-09  7.603E-10  2.348E-13  4.792E-14  1.00E-07
  1.925E+01 1.10547E-17 -3.917E-06  3.237E-09  7.581E-10  2.352E-13  4.839E-14  1.00E-07
  1.950E+01 1.08118E-17 -4.015E-06  3.200E-09  7.558E-10  2.356E-13  4.885E-14  1.00E-07
  1.975E+01 1.05735E-17 -4.115E-06  3.163E-09  7.535E-10  2.359E-13  4.931E-14  1.00E-07
  2.000E+01 1.03397E-17 -4.217E-06  3.127E-09  7.513E-10  2.361E-13  4.976E-14  1.00E-07
  2.025E+01 1.01106E-17 -4.321E-06  3.090E-09  7.489E-10  2.363E-13  5.021E-14  1.00E-07
  2.050E+01 9.88592E-18 -4.427E-06  3.054E-09  7.466E-10  2.365E-13  5.065E-14  1.00E-07
  2.075E+01 9.66579E-18 -4.535E-06  3.019E-09  7.443E-10  2.367E-13  5.109E-14  1.00E-07
  2.100E+01 9.45011E-18 -4.644E-06  2.983E-09  7.420E-10  2.367E-13  5.152E-14  1.00E-07
  2.125E+01 9.23886E-18 -4.756E-06  2.948E-09  7.396E-10  2.368E-13  5.195E-14  1.00E-07
  2.150E+01 9.03197E-18 -4.870E-06  2.913E-09  7.372E-10  2.368E-13  5.237E-14  1.00E-07
  2.175E+01 8.82941E-18 -4.986E-06  2.879E-09  7.348E-10  2.368E-13  5.279E-14  1.00E-07
  2.200E+01 8.63112E-18 -5.104E-06  2.845E-09  7.325E-10  2.367E-13  5.320E-14  1.00E-07
  2.225E+01 8.43706E-18 -5.224E-06  2.811E-09  7.301E-10  2.366E-13  5.360E-14  1.00E-07
  2.250E+01 8.24716E-18 -5.347E-06  2.778E-09  7.276E-10  2.365E-13  5.400E-14  1.00E-07
  2.275E+01 8.06138E-18 -5.471E-06  2.745E-09  7.252E-10  2.363E-13  5.440E-14  1.00E-07
  2.300E+01 7.87965E-18 -5.598E-06  2.712E-09  7.228E-10  2.361E-13  5.479E-14  1.00E-07
  2.325E+01 7.70191E-18 -5.727E-06  2.680E-09  7.204E-10  2.359E-13  5.517E-14  1.00E-07
  2.350E+01 7.52810E-18 -5.859E-06  2.648E-09  7.179E-10  2.356E-13  5.555E-14  1.00E-07
  2.375E+01 7.35817E-18 -5.992E-06  2.617E-09  7.155E-10  2.353E-13  5.592E-14  1.00E-07
  2.400E+01 7.19205E-18 -6.128E-06  2.585E-09  7.130E-10  2.350E-13  5.629E-14  1.00E-07
  2.425E+01 7.02967E-18 -6.267E-06  2.554E-09  7.105E-10  2.347E-13  5.665E-14  1.00E-07
  2.450E+01 6.87097E-18 -6.407E-06  2.524E-09  7.081E-10  2.343E-13  5.701E-14  1.00E-07
  2.475E+01 6.71589E-18 -6.550E-06  2.494E-09  7.056E-10  2.339E-13  5.736E-14  1.00E-07
  2.500E+01 6.56436E-18 -6.695E-06  2.464E-09  7.031E-10  2.335E-13  5.771E-14  1.00E-07
  2.550E+01 6.27170E-18 -6.993E-06  2.405E-09  6.981E-10  2.326E-13  5.839E-14  1.00E-07
  2.600E+01 5.99246E-18 -7.301E-06  2.348E-09  6.931E-10  2.316E-13  5.905E-14  1.00E-07
  2.650E+01 5.72613E-18 -7.619E-06  2.292E-09  6.881E-10  2.305E-13  5.968E-14  1.00E-07
  2.700E+01 5.47219E-18 -7.946E-06  2.237E-09  6.830E-10  2.294E-13  6.030E-14  1.00E-07
  2.750E+01 5.23013E-18 -8.284E-06  2.184E-09  6.780E-10  2.281E-13  6.090E-14  1.00E-07
  2.800E+01 4.99946E-18 -8.632E-06  2.132E-09  6.729E-10  2.269E-13  6.147E-14  1.00E-07
  2.850E+01 4.77968E-18 -8.990E-06  2.082E-09  6.678E-10  2.255E-13  6.203E-14  1.00E-07
  2.900E+01 4.57031E-18 -9.359E-06  2.032E-09  6.628E-10  2.241E-13  6.257E-14  1.00E-07
  2.950E+01 4.37088E-18 -9.739E-06  1.985E-09  6.577E-10  2.227E-13  6.309E-14  1.00E-07
  3.000E+01 4.18096E-18 -1.013E-05  1.938E-09  6.526E-10  2.212E-13  6.358E-14  1.00E-07
  3.050E+01 4.00009E-18 -1.053E-05  1.892E-09  6.475E-10  2.197E-13  6.406E-14  1.00E-07
  3.100E+01 3.82787E-18 -1.094E-05  1.848E-09  6.425E-10  2.182E-13  6.452E-14  1.00E-07
  3.150E+01 3.66387E-18 -1.137E-05  1.805E-09  6.374E-10  2.166E-13  6.497E-14  1.00E-07
  3.200E+01 3.50771E-18 -1.180E-05  1.763E-09  6.324E-10  2.150E-13  6.539E-14  1.00E-07
  3.250E+01 3.35901E-18 -1.224E-05  1.722E-09  6.273E-10  2.134E-13  6.580E-14  1.00E-07
  3.300E+01 3.21741E-18 -1.270E-05  1.682E-09  6.223E-10  2.118E-13  6.618E-14  1.00E-07
  3.350E+01 3.08256E-18 -1.317E-05  1.644E-09  6.173E-10  2.101E-13  6.656E-14  1.00E-07
  3.400E+01 2.95414E-18 -1.364E-05  1.606E-09  6.123E-10  2.084E-13  6.691E-14  1.00E-07
  3.450E+01 2.83182E-18 -1.413E-05  1.569E-09  6.073E-10  2.067E-13  6.725E-14  1.00E-07
  3.500E+01 2.71530E-18 -1.463E-05  1.534E-09  6.023E-10  2.050E-13  6.757E-14  1.00E-07
  3.550E+01 2.60430E-18 -1.515E-05  1.499E-09  5.974E-10  2.033E-13  6.787E-14  1.00E-07
  3.600E+01 2.49854E-18 -1.567E-05  1.465E-09  5.924E-10  2.016E-13  6.816E-14  1.00E-07
  3.650E+01 2.39776E-18 -1.620E-05  1.433E-09  5.875E-10  1.999E-13  6.843E-14  1.00E-07
  3.700E+01 2.30171E-18 -1.675E-05  1.401E-09  5.827E-10  1.982E-13  6.869E-14  1.00E-07
  3.750E+01 2.21014E-18 -1.730E-05  1.370E-09  5.778E-10  1.965E-13  6.893E-14  1.00E-07
  3.800E+01 2.12284E-18 -1.787E-05  1.340E-09  5.730E-10  1.948E-13  6.916E-14  1.00E-07
  3.850E+01 2.03960E-18 -1.844E-05  1.310E-09  5.682E-10  1.931E-13  6.937E-14  1.00E-07
  3.900E+01 1.96020E-18 -1.903E-05  1.282E-09  5.634E-10  1.914E-13  6.957E-14  1.00E-07
  3.950E+01 1.88445E-18 -1.963E-05  1.254E-09  5.587E-10  1.897E-13  6.975E-14  1.00E-07
  4.000E+01 1.81217E-18 -2.024E-05  1.227E-09  5.540E-10  1.880E-13  6.992E-14  1.00E-07
  4.050E+01 1.74319E-18 -2.086E-05  1.201E-09  5.493E-10  1.863E-13  7.008E-14  1.00E-07
  4.100E+01 1.67735E-18 -2.149E-05  1.175E-09  5.446E-10  1.846E-13  7.022E-14  1.00E-07
  4.150E+01 1.61447E-18 -2.213E-05  1.150E-09  5.400E-10  1.829E-13  7.035E-14  1.00E-07
  4.200E+01 1.55442E-18 -2.278E-05  1.126E-09  5.354E-10  1.813E-13  7.047E-14  1.00E-07
  4.250E+01 1.49706E-18 -2.344E-05  1.102E-09  5.309E-10  1.796E-13  7.058E-14  1.00E-07
  4.300E+01 1.44225E-18 -2.411E-05  1.079E-09  5.264E-10  1.780E-13  7.067E-14  1.00E-07
  4.350E+01 1.38986E-18 -2.479E-05  1.057E-09  5.219E-10  1.763E-13  7.076E-14  1.00E-07
  4.400E+01 1.33978E-18 -2.548E-05  1.035E-09  5.175E-10  1.747E-13  7.083E-14  1.00E-07
  4.450E+01 1.29189E-18 -2.618E-05  1.014E-09  5.131E-10  1.731E-13  7.089E-14  1.00E-07
  4.500E+01 1.24608E-18 -2.689E-05  9.936E-10  5.087E-10  1.715E-13  7.094E-14  1.00E-07
  4.550E+01 1.20226E-18 -2.761E-05  9.736E-10  5.044E-10  1.699E-13  7.098E-14  1.00E-07
  4.600E+01 1.16032E-18 -2.833E-05  9.541E-10  5.001E-10  1.683E-13  7.100E-14  1.00E-07
  4.650E+01 1.12017E-18 -2.907E-05  9.350E-10  4.958E-10  1.668E-13  7.102E-14  1.00E-07
  4.700E+01 1.08173E-18 -2.981E-05  9.165E-10  4.916E-10  1.652E-13  7.103E-14  1.00E-07
  4.750E+01 1.04491E-18 -3.057E-05  8.985E-10  4.874E-10  1.637E-13  7.103E-14  1.00E-07
  4.800E+01 1.00964E-18 -3.133E-05  8.809E-10  4.833E-10  1.622E-13  7.102E-14  1.00E-07
  4.850E+01 9.75839E-19 -3.210E-05  8.638E-10  4.792E-10  1.607E-13  7.100E-14  1.00E-07
  4.900E+01 9.43441E-19 -3.287E-05  8.472E-10  4.751E-10  1.592E-13  7.097E-14  1.00E-07
  4.950E+01 9.12378E-19 -3.366E-05  8.309E-10  4.711E-10  1.577E-13  7.093E-14  1.00E-07
  5.000E+01 8.82588E-19 -3.445E-05  8.151E-10  4.671E-10  1.562E-13  7.088E-14  1.00E-07
  5.050E+01 8.54009E-19 -3.525E-05  7.997E-10  4.632E-10  1.548E-13  7.083E-14  1.00E-07
  5.100E+01 8.26587E-19 -3.606E-05  7.846E-10  4.593E-10  1.533E-13  7.077E-14  1.00E-07
  5.150E+01 8.00266E-19 -3.687E-05  7.700E-10  4.554E-10  1.519E-13  7.070E-14  1.00E-07
  5.200E+01 7.74996E-19 -3.769E-05  7.557E-10  4.516E-10  1.505E-13  7.062E-14  1.00E-07
  5.250E+01 7.50728E-19 -3.852E-05  7.418E-10  4.478E-10  1.491E-13  7.053E-14  1.00E-07
  5.300E+01 7.27417E-19 -3.935E-05  7.282E-10  4.440E-10  1.477E-13  7.044E-14  1.00E-07
  5.350E+01 7.05018E-19 -4.019E-05  7.149E-10  4.403E-10  1.464E-13  7.034E-14  1.00E-07
  5.400E+01 6.83491E-19 -4.103E-05  7.020E-10  4.367E-10  1.450E-13  7.023E-14  1.00E-07
  5.450E+01 6.62795E-19 -4.188E-05  6.894E-10  4.330E-10  1.437E-13  7.012E-14  1.00E-07
  5.500E+01 6.42894E-19 -4.274E-05  6.771E-10  4.294E-10  1.424E-13  7.000E-14  1.00E-07
  5.550E+01 6.23753E-19 -4.360E-05  6.651E-10  4.259E-10  1.411E-13  6.987E-14  1.00E-07
  5.600E+01 6.05336E-19 -4.446E-05  6.534E-10  4.224E-10  1.398E-13  6.974E-14  1.00E-07
  5.650E+01 5.87613E-19 -4.533E-05  6.420E-10  4.189E-10  1.385E-13  6.960E-14  1.00E-07
  5.700E+01 5.70553E-19 -4.621E-05  6.308E-10  4.154E-10  1.372E-13  6.946E-14  1.00E-07
  5.750E+01 5.54127E-19 -4.709E-05  6.200E-10  4.120E-10  1.359E-13  6.931E-14  1.00E-07
  5.800E+01 5.38307E-19 -4.797E-05  6.093E-10  4.087E-10  1.347E-13  6.915E-14  1.00E-07
  5.850E+01 5.23067E-19 -4.886E-05  5.990E-10  4.053E-10  1.335E-13  6.899E-14  1.00E-07
  5.900E+01 5.08382E-19 -4.974E-05  5.888E-10  4.020E-10  1.323E-13  6.883E-14  1.00E-07
  5.950E+01 4.94228E-19 -5.064E-05  5.790E-10  3.988E-10  1.311E-13  6.866E-14  1.00E-07
  6.000E+01 4.80584E-19 -5.153E-05  5.693E-10  3.956E-10  1.299E-13  6.848E-14  1.00E-07
  6.050E+01 4.67427E-19 -5.243E-05  5.599E-10  3.924E-10  1.287E-13  6.830E-14  1.00E-07
  6.100E+01 4.54736E-19 -5.333E-05  5.507E-10  3.892E-10  1.275E-13  6.812E-14  1.00E-07
  6.150E+01 4.42493E-19 -5.423E-05  5.417E-10  3.861E-10  1.264E-13  6.793E-14  1.00E-07
  6.200E+01 4.30679E-19 -5.514E-05  5.329E-10  3.831E-10  1.252E-13  6.774E-14  1.00E-07
  6.250E+01 4.19275E-19 -5.604E-05  5.243E-10  3.800E-10  1.241E-13  6.754E-14  1.00E-07
  6.300E+01 4.08266E-19 -5.695E-05  5.159E-10  3.770E-10  1.230E-13  6.734E-14  1.00E-07
  6.350E+01 3.97635E-19 -5.786E-05  5.077E-10  3.740E-10  1.219E-13  6.713E-14  1.00E-07
  6.400E+01 3.87366E-19 -5.877E-05  4.996E-10  3.711E-10  1.208E-13  6.693E-14  1.00E-07
  6.450E+01 3.77446E-19 -5.968E-05  4.918E-10  3.682E-10  1.197E-13  6.671E-14  1.00E-07
  6.500E+01 3.67860E-19 -6.059E-05  4.841E-10  3.653E-10  1.186E-13  6.650E-14  1.00E-07
  6.550E+01 3.58594E-19 -6.150E-05  4.766E-10  3.625E-10  1.176E-13  6.628E-14  1.00E-07
  6.600E+01 3.49637E-19 -6.241E-05  4.693E-10  3.597E-10  1.165E-13  6.605E-14  1.00E-07
  6.650E+01 3.40975E-19 -6.332E-05  4.621E-10  3.569E-10  1.155E-13  6.583E-14  1.00E-07
  6.700E+01 3.32598E-19 -6.423E-05  4.551E-10  3.542E-10  1.144E-13  6.560E-14  1.00E-07
  6.750E+01 3.24494E-19 -6.514E-05  4.483E-10  3.515E-10  1.134E-13  6.537E-14  1.00E-07
  6.800E+01 3.16652E-19 -6.605E-05  4.415E-10  3.488E-10  1.124E-13  6.513E-14  1.00E-07
  6.850E+01 3.09063E-19 -6.695E-05  4.350E-10  3.462E-10  1.114E-13  6.489E-14  1.00E-07
  6.900E+01 3.01717E-19 -6.786E-05  4.286E-10  3.436E-10  1.104E-13  6.465E-14  1.00E-07
  6.950E+01 2.94604E-19 -6.876E-05  4.223E-10  3.410E-10  1.095E-13  6.441E-14  1.00E-07
  7.000E+01 2.87716E-19 -6.966E-05  4.161E-10  3.385E-10  1.085E-13  6.416E-14  1.00E-07
  7.050E+01 2.81045E-19 -7.056E-05  4.101E-10  3.360E-10  1.075E-13  6.392E-14  1.00E-07
  7.100E+01 2.74581E-19 -7.145E-05  4.042E-10  3.335E-10  1.066E-13  6.367E-14  1.00E-07
  7.150E+01 2.68318E-19 -7.235E-05  3.984E-10  3.310E-10  1.057E-13  6.341E-14  1.00E-07
  7.200E+01 2.62248E-19 -7.324E-05  3.928E-10  3.286E-10  1.047E-13  6.316E-14  1.00E-07
  7.250E+01 2.56363E-19 -7.413E-05  3.873E-10  3.262E-10  1.038E-13  6.290E-14  1.00E-07
  7.300E+01 2.50658E-19 -7.501E-05  3.818E-10  3.238E-10  1.029E-13  6.264E-14  1.00E-07
  7.350E+01 2.45126E-19 -7.589E-05  3.765E-10  3.215E-10  1.020E-13  6.238E-14  1.00E-07
  7.400E+01 2.39759E-19 -7.676E-05  3.713E-10  3.192E-10  1.011E-13  6.212E-14  1.00E-07
  7.450E+01 2.34553E-19 -7.764E-05  3.663E-10  3.169E-10  1.002E-13  6.185E-14  1.00E-07
  7.500E+01 2.29502E-19 -7.850E-05  3.613E-10  3.146E-10  9.935E-14  6.158E-14  1.00E-07
  7.550E+01 2.24600E-19 -7.936E-05  3.564E-10  3.124E-10  9.848E-14  6.132E-14  1.00E-07
  7.600E+01 2.19841E-19 -8.022E-05  3.516E-10  3.102E-10  9.762E-14  6.105E-14  1.00E-07
  7.650E+01 2.15222E-19 -8.107E-05  3.469E-10  3.080E-10  9.677E-14  6.077E-14  1.00E-07
  7.700E+01 2.10736E-19 -8.192E-05  3.423E-10  3.059E-10  9.593E-14  6.050E-14  1.00E-07
  7.750E+01 2.06379E-19 -8.276E-05  3.378E-10  3.037E-10  9.510E-14  6.022E-14  1.00E-07
  7.800E+01 2.02148E-19 -8.360E-05  3.334E-10  3.016E-10  9.427E-14  5.995E-14  1.00E-07
  7.850E+01 1.98037E-19 -8.443E-05  3.291E-10  2.996E-10  9.345E-14  5.967E-14  1.00E-07
  7.900E+01 1.94042E-19 -8.525E-05  3.248E-10  2.975E-10  9.264E-14  5.939E-14  1.00E-07
  7.950E+01 1.90160E-19 -8.607E-05  3.207E-10  2.955E-10  9.184E-14  5.911E-14  1.00E-07
  8.000E+01 1.86386E-19 -8.688E-05  3.166E-10  2.935E-10  9.104E-14  5.883E-14  1.00E-07
  8.050E+01 1.82717E-19 -8.768E-05  3.126E-10  2.915E-10  9.026E-14  5.855E-14  1.00E-07
  8.100E+01 1.79150E-19 -8.848E-05  3.087E-10  2.896E-10  8.948E-14  5.826E-14  1.00E-07
  8.150E+01 1.75681E-19 -8.927E-05  3.049E-10  2.877E-10  8.870E-14  5.798E-14  1.00E-07
  8.200E+01 1.72307E-19 -9.005E-05  3.011E-10  2.858E-10  8.794E-14  5.769E-14  1.00E-07
  8.250E+01 1.69025E-19 -9.083E-05  2.974E-10  2.839E-10  8.718E-14  5.740E-14  1.00E-07
  8.300E+01 1.65831E-19 -9.159E-05  2.938E-10  2.820E-10  8.642E-14  5.712E-14  1.00E-07
  8.350E+01 1.62723E-19 -9.235E-05  2.902E-10  2.802E-10  8.568E-14  5.683E-14  1.00E-07
  8.400E+01 1.59698E-19 -9.310E-05  2.867E-10  2.784E-10  8.494E-14  5.654E-14  1.00E-07
  8.450E+01 1.56754E-19 -9.384E-05  2.833E-10  2.766E-10  8.420E-14  5.625E-14  1.00E-07
  8.500E+01 1.53887E-19 -9.457E-05  2.799E-10  2.748E-10  8.348E-14  5.595E-14  1.00E-07
  8.550E+01 1.51096E-19 -9.530E-05  2.766E-10  2.731E-10  8.276E-14  5.566E-14  1.00E-07
  8.600E+01 1.48378E-19 -9.601E-05  2.734E-10  2.713E-10  8.204E-14  5.537E-14  1.00E-07
  8.650E+01 1.45731E-19 -9.672E-05  2.702E-10  2.696E-10  8.133E-14  5.507E-14  1.00E-07
  8.700E+01 1.43152E-19 -9.742E-05  2.671E-10  2.680E-10  8.063E-14  5.478E-14  1.00E-07
  8.750E+01 1.40639E-19 -9.810E-05  2.641E-10  2.663E-10  7.993E-14  5.448E-14  1.00E-07
  8.800E+01 1.38191E-19 -9.878E-05  2.611E-10  2.646E-10  7.924E-14  5.419E-14  1.00E-07
  8.850E+01 1.35805E-19 -9.945E-05  2.581E-10  2.630E-10  7.856E-14  5.389E-14  1.00E-07
  8.900E+01 1.33479E-19 -1.001E-04  2.552E-10  2.614E-10  7.788E-14  5.360E-14  1.00E-07
  8.950E+01 1.31212E-19 -1.007E-04  2.524E-10  2.598E-10  7.721E-14  5.330E-14  1.00E-07
  9.000E+01 1.29002E-19 -1.014E-04  2.496E-10  2.583E-10  7.654E-14  5.300E-14  1.00E-07
  9.050E+01 1.26847E-19 -1.020E-04  2.469E-10  2.567E-10  7.588E-14  5.270E-14  1.00E-07
  9.100E+01 1.24745E-19 -1.026E-04  2.442E-10  2.552E-10  7.522E-14  5.240E-14  1.00E-07
  9.150E+01 1.22695E-19 -1.032E-04  2.415E-10  2.537E-10  7.457E-14  5.210E-14  1.00E-07
  9.200E+01 1.20696E-19 -1.038E-04  2.389E-10  2.522E-10  7.392E-14  5.180E-14  1.00E-07
  9.250E+01 1.18745E-19 -1.044E-04  2.364E-10  2.507E-10  7.328E-14  5.150E-14  1.00E-07
  9.300E+01 1.16842E-19 -1.050E-04  2.339E-10  2.493E-10  7.264E-14  5.120E-14  1.00E-07
  9.350E+01 1.14984E-19 -1.055E-04  2.314E-10  2.478E-10  7.201E-14  5.090E-14  1.00E-07
  9.400E+01 1.13171E-19 -1.061E-04  2.290E-10  2.464E-10  7.139E-14  5.060E-14  1.00E-07
  9.450E+01 1.11402E-19 -1.066E-04  2.266E-10  2.450E-10  7.076E-14  5.030E-14  1.00E-07
  9.500E+01 1.09675E-19 -1.071E-04  2.243E-10  2.436E-10  7.015E-14  5.000E-14  1.00E-07
  9.550E+01 1.07989E-19 -1.076E-04  2.220E-10  2.423E-10  6.954E-14  4.970E-14  1.00E-07
  9.600E+01 1.06342E-19 -1.081E-04  2.198E-10  2.409E-10  6.893E-14  4.939E-14  1.00E-07
  9.650E+01 1.04734E-19 -1.086E-04  2.176E-10  2.396E-10  6.833E-14  4.909E-14  1.00E-07
  9.700E+01 1.03164E-19 -1.091E-04  2.154E-10  2.383E-10  6.773E-14  4.879E-14  1.00E-07
  9.750E+01 1.01630E-19 -1.096E-04  2.133E-10  2.370E-10  6.713E-14  4.849E-14  1.00E-07
  9.800E+01 1.00132E-19 -1.100E-04  2.112E-10  2.357E-10  6.654E-14  4.818E-14  1.00E-07
  9.850E+01 9.86681E-20 -1.104E-04  2.091E-10  2.344E-10  6.596E-14  4.788E-14  1.00E-07
  9.900E+01 9.72379E-20 -1.109E-04  2.071E-10  2.331E-10  6.538E-14  4.758E-14  1.00E-07
  9.950E+01 9.58402E-20 -1.113E-04  2.051E-10  2.319E-10  6.480E-14  4.727E-14  1.00E-07
  1.000E+02 9.44744E-20 -1.117E-04  2.031E-10  2.307E-10  6.423E-14  4.697E-14  1.00E-07
  1.005E+02 9.31394E-20 -1.121E-04  2.012E-10  2.295E-10  6.366E-14  4.667E-14  1.00E-07
  1.010E+02 9.18345E-20 -1.124E-04  1.993E-10  2.283E-10  6.309E-14  4.636E-14  1.00E-07
  1.015E+02 9.05588E-20 -1.128E-04  1.974E-10  2.271E-10  6.253E-14  4.606E-14  1.00E-07
  1.020E+02 8.93116E-20 -1.131E-04  1.956E-10  2.259E-10  6.198E-14  4.576E-14  1.00E-07
  1.025E+02 8.80921E-20 -1.134E-04  1.938E-10  2.248E-10  6.142E-14  4.545E-14  1.00E-07
  1.030E+02 8.68995E-20 -1.138E-04  1.921E-10  2.236E-10  6.087E-14  4.515E-14  1.00E-07
  1.035E+02 8.57333E-20 -1.141E-04  1.903E-10  2.225E-10  6.033E-14  4.485E-14  1.00E-07
  1.040E+02 8.45926E-20 -1.143E-04  1.886E-10  2.214E-10  5.979E-14  4.454E-14  1.00E-07
  1.045E+02 8.34768E-20 -1.146E-04  1.869E-10  2.203E-10  5.925E-14  4.424E-14  1.00E-07
  1.050E+02 8.23853E-20 -1.149E-04  1.853E-10  2.192E-10  5.871E-14  4.393E-14  1.00E-07
  1.055E+02 8.13175E-20 -1.151E-04  1.836E-10  2.182E-10  5.818E-14  4.363E-14  1.00E-07
  1.060E+02 8.02727E-20 -1.153E-04  1.820E-10  2.171E-10  5.766E-14  4.333E-14  1.00E-07
  1.065E+02 7.92503E-20 -1.156E-04  1.805E-10  2.161E-10  5.713E-14  4.302E-14  1.00E-07
  1.070E+02 7.82499E-20 -1.158E-04  1.789E-10  2.150E-10  5.661E-14  4.272E-14  1.00E-07
  1.075E+02 7.72707E-20 -1.159E-04  1.774E-10  2.140E-10  5.609E-14  4.242E-14  1.00E-07
  1.080E+02 7.63124E-20 -1.161E-04  1.759E-10  2.130E-10  5.558E-14  4.211E-14  1.00E-07
  1.085E+02 7.53743E-20 -1.163E-04  1.744E-10  2.120E-10  5.507E-14  4.181E-14  1.00E-07
  1.090E+02 7.44560E-20 -1.164E-04  1.730E-10  2.110E-10  5.456E-14  4.151E-14  1.00E-07
  1.095E+02 7.35570E-20 -1.165E-04  1.716E-10  2.101E-10  5.406E-14  4.120E-14  1.00E-07
  1.100E+02 7.26768E-20 -1.166E-04  1.702E-10  2.091E-10  5.355E-14  4.090E-14  1.00E-07
  1.105E+02 7.18150E-20 -1.167E-04  1.688E-10  2.081E-10  5.306E-14  4.060E-14  1.00E-07
  1.110E+02 7.09711E-20 -1.168E-04  1.674E-10  2.072E-10  5.256E-14  4.029E-14  1.00E-07
  1.115E+02 7.01446E-20 -1.169E-04  1.661E-10  2.063E-10  5.207E-14  3.999E-14  1.00E-07
  1.120E+02 6.93352E-20 -1.169E-04  1.648E-10  2.054E-10  5.158E-14  3.969E-14  1.00E-07
  1.125E+02 6.85425E-20 -1.170E-04  1.635E-10  2.045E-10  5.109E-14  3.938E-14  1.00E-07
  1.130E+02 6.77660E-20 -1.170E-04  1.622E-10  2.036E-10  5.061E-14  3.908E-14  1.00E-07
  1.135E+02 6.70053E-20 -1.170E-04  1.610E-10  2.027E-10  5.013E-14  3.878E-14  1.00E-07
  1.140E+02 6.62601E-20 -1.170E-04  1.597E-10  2.018E-10  4.965E-14  3.848E-14  1.00E-07
  1.145E+02 6.55301E-20 -1.169E-04  1.585E-10  2.010E-10  4.917E-14  3.818E-14  1.00E-07
  1.150E+02 6.48149E-20 -1.169E-04  1.573E-10  2.001E-10  4.870E-14  3.787E-14  1.00E-07
  1.155E+02 6.41140E-20 -1.168E-04  1.562E-10  1.993E-10  4.823E-14  3.757E-14  1.00E-07
  1.160E+02 6.34273E-20 -1.168E-04  1.550E-10  1.985E-10  4.776E-14  3.727E-14  1.00E-07
  1.165E+02 6.27544E-20 -1.167E-04  1.539E-10  1.977E-10  4.730E-14  3.697E-14  1.00E-07
  1.170E+02 6.20949E-20 -1.166E-04  1.528E-10  1.969E-10  4.683E-14  3.667E-14  1.00E-07
  1.175E+02 6.14486E-20 -1.164E-04  1.517E-10  1.961E-10  4.637E-14  3.637E-14  1.00E-07
  1.180E+02 6.08151E-20 -1.163E-04  1.506E-10  1.953E-10  4.592E-14  3.606E-14  1.00E-07
  1.185E+02 6.01942E-20 -1.161E-04  1.495E-10  1.945E-10  4.546E-14  3.576E-14  1.00E-07
  1.190E+02 5.95856E-20 -1.160E-04  1.485E-10  1.938E-10  4.501E-14  3.546E-14  1.00E-07
  1.195E+02 5.89890E-20 -1.158E-04  1.474E-10  1.930E-10  4.456E-14  3.516E-14  1.00E-07
  1.200E+02 5.84042E-20 -1.156E-04  1.464E-10  1.923E-10  4.411E-14  3.486E-14  1.00E-07
  1.205E+02 5.78308E-20 -1.154E-04  1.454E-10  1.915E-10  4.366E-14  3.456E-14  1.00E-07
  1.210E+02 5.72687E-20 -1.151E-04  1.444E-10  1.908E-10  4.322E-14  3.426E-14  1.00E-07
  1.215E+02 5.67176E-20 -1.149E-04  1.435E-10  1.901E-10  4.278E-14  3.396E-14  1.00E-07
  1.220E+02 5.61773E-20 -1.146E-04  1.425E-10  1.894E-10  4.234E-14  3.366E-14  1.00E-07
  1.225E+02 5.56475E-20 -1.144E-04  1.416E-10  1.887E-10  4.190E-14  3.336E-14  1.00E-07
  1.230E+02 5.51280E-20 -1.141E-04  1.407E-10  1.880E-10  4.147E-14  3.306E-14  1.00E-07
  1.235E+02 5.46185E-20 -1.138E-04  1.398E-10  1.873E-10  4.103E-14  3.276E-14  1.00E-07
  1.240E+02 5.41190E-20 -1.134E-04  1.389E-10  1.866E-10  4.060E-14  3.247E-14  1.00E-07
  1.245E+02 5.36291E-20 -1.131E-04  1.380E-10  1.860E-10  4.017E-14  3.217E-14  1.00E-07
  1.250E+02 5.31487E-20 -1.127E-04  1.371E-10  1.853E-10  3.975E-14  3.187E-14  1.00E-07
  1.255E+02 5.26776E-20 -1.124E-04  1.363E-10  1.847E-10  3.932E-14  3.157E-14  1.00E-07
  1.260E+02 5.22155E-20 -1.120E-04  1.354E-10  1.840E-10  3.890E-14  3.127E-14  1.00E-07
  1.265E+02 5.17623E-20 -1.116E-04  1.346E-10  1.834E-10  3.848E-14  3.097E-14  1.00E-07
  1.270E+02 5.13179E-20 -1.112E-04  1.338E-10  1.828E-10  3.806E-14  3.068E-14  1.00E-07
  1.275E+02 5.08820E-20 -1.107E-04  1.330E-10  1.822E-10  3.764E-14  3.038E-14  1.00E-07
  1.280E+02 5.04544E-20 -1.103E-04  1.322E-10  1.816E-10  3.723E-14  3.008E-14  1.00E-07
  1.285E+02 5.00351E-20 -1.098E-04  1.315E-10  1.810E-10  3.681E-14  2.978E-14  1.00E-07
  1.290E+02 4.96237E-20 -1.093E-04  1.307E-10  1.804E-10  3.640E-14  2.949E-14  1.00E-07
  1.295E+02 4.92203E-20 -1.088E-04  1.300E-10  1.798E-10  3.599E-14  2.919E-14  1.00E-07
  1.300E+02 4.88246E-20 -1.083E-04  1.292E-10  1.792E-10  3.559E-14  2.889E-14  1.00E-07
  1.305E+02 4.84364E-20 -1.078E-04  1.285E-10  1.787E-10  3.518E-14  2.860E-14  1.00E-07
  1.310E+02 4.80557E-20 -1.073E-04  1.278E-10  1.781E-10  3.477E-14  2.830E-14  1.00E-07
  1.315E+02 4.76822E-20 -1.067E-04  1.271E-10  1.776E-10  3.437E-14  2.800E-14  1.00E-07
  1.320E+02 4.73159E-20 -1.061E-04  1.264E-10  1.770E-10  3.397E-14  2.771E-14  1.00E-07
  1.325E+02 4.69566E-20 -1.056E-04  1.257E-10  1.765E-10  3.357E-14  2.741E-14  1.00E-07
  1.330E+02 4.66042E-20 -1.050E-04  1.251E-10  1.760E-10  3.317E-14  2.712E-14  1.00E-07
  1.335E+02 4.62585E-20 -1.044E-04  1.244E-10  1.755E-10  3.277E-14  2.682E-14  1.00E-07
  1.340E+02 4.59195E-20 -1.037E-04  1.238E-10  1.749E-10  3.238E-14  2.653E-14  1.00E-07
  1.345E+02 4.55869E-20 -1.031E-04  1.231E-10  1.744E-10  3.198E-14  2.623E-14  1.00E-07
  1.350E+02 4.52607E-20 -1.024E-04  1.225E-10  1.739E-10  3.159E-14  2.594E-14  1.00E-07
  1.355E+02 4.49408E-20 -1.018E-04  1.219E-10  1.735E-10  3.120E-14  2.564E-14  1.00E-07
  1.360E+02 4.46271E-20 -1.011E-04  1.213E-10  1.730E-10  3.081E-14  2.535E-14  1.00E-07
  1.365E+02 4.43194E-20 -1.004E-04  1.207E-10  1.725E-10  3.042E-14  2.505E-14  1.00E-07
  1.370E+02 4.40176E-20 -9.966E-05  1.201E-10  1.720E-10  3.004E-14  2.476E-14  1.00E-07
  1.375E+02 4.37216E-20 -9.893E-05  1.195E-10  1.716E-10  2.965E-14  2.447E-14  1.00E-07
  1.380E+02 4.34314E-20 -9.819E-05  1.190E-10  1.711E-10  2.927E-14  2.417E-14  1.00E-07
  1.385E+02 4.31468E-20 -9.743E-05  1.184E-10  1.707E-10  2.889E-14  2.388E-14  1.00E-07
  1.390E+02 4.28677E-20 -9.666E-05  1.179E-10  1.702E-10  2.851E-14  2.359E-14  1.00E-07
  1.395E+02 4.25941E-20 -9.588E-05  1.173E-10  1.698E-10  2.813E-14  2.329E-14  1.00E-07
  1.400E+02 4.23258E-20 -9.509E-05  1.168E-10  1.694E-10  2.775E-14  2.300E-14  1.00E-07
  1.405E+02 4.20628E-20 -9.428E-05  1.163E-10  1.689E-10  2.737E-14  2.271E-14  1.00E-07
  1.410E+02 4.18049E-20 -9.345E-05  1.158E-10  1.685E-10  2.699E-14  2.242E-14  1.00E-07
  1.415E+02 4.15521E-20 -9.262E-05  1.153E-10  1.681E-10  2.662E-14  2.212E-14  1.00E-07
  1.420E+02 4.13043E-20 -9.177E-05  1.148E-10  1.677E-10  2.624E-14  2.183E-14  1.00E-07
  1.425E+02 4.10615E-20 -9.091E-05  1.143E-10  1.673E-10  2.587E-14  2.154E-14  1.00E-07
  1.430E+02 4.08235E-20 -9.003E-05  1.138E-10  1.669E-10  2.550E-14  2.125E-14  1.00E-07
  1.435E+02 4.05902E-20 -8.914E-05  1.134E-10  1.665E-10  2.513E-14  2.096E-14  1.00E-07
  1.440E+02 4.03616E-20 -8.824E-05  1.129E-10  1.662E-10  2.476E-14  2.067E-14  1.00E-07
  1.445E+02 4.01377E-20 -8.733E-05  1.125E-10  1.658E-10  2.439E-14  2.037E-14  1.00E-07
  1.450E+02 3.99182E-20 -8.640E-05  1.120E-10  1.654E-10  2.403E-14  2.008E-14  1.00E-07
  1.455E+02 3.97033E-20 -8.547E-05  1.116E-10  1.651E-10  2.366E-14  1.979E-14  1.00E-07
  1.460E+02 3.94927E-20 -8.452E-05  1.112E-10  1.647E-10  2.329E-14  1.950E-14  1.00E-07
  1.465E+02 3.92865E-20 -8.355E-05  1.108E-10  1.644E-10  2.293E-14  1.921E-14  1.00E-07
  1.470E+02 3.90846E-20 -8.258E-05  1.104E-10  1.640E-10  2.257E-14  1.892E-14  1.00E-07
  1.475E+02 3.88869E-20 -8.160E-05  1.100E-10  1.637E-10  2.221E-14  1.863E-14  1.00E-07
  1.480E+02 3.86933E-20 -8.060E-05  1.096E-10  1.634E-10  2.184E-14  1.834E-14  1.00E-07
  1.485E+02 3.85038E-20 -7.959E-05  1.092E-10  1.630E-10  2.148E-14  1.805E-14  1.00E-07
  1.490E+02 3.83184E-20 -7.857E-05  1.088E-10  1.627E-10  2.112E-14  1.776E-14  1.00E-07
  1.495E+02 3.81369E-20 -7.754E-05  1.084E-10  1.624E-10  2.077E-14  1.747E-14  1.00E-07
  1.500E+02 3.79594E-20 -7.650E-05  1.081E-10  1.621E-10  2.041E-14  1.718E-14  1.00E-07
  1.505E+02 3.77857E-20 -7.544E-05  1.077E-10  1.618E-10  2.005E-14  1.689E-14  1.00E-07
  1.510E+02 3.76159E-20 -7.438E-05  1.074E-10  1.615E-10  1.970E-14  1.660E-14  1.00E-07
  1.515E+02 3.74498E-20 -7.331E-05  1.070E-10  1.612E-10  1.934E-14  1.631E-14  1.00E-07
  1.520E+02 3.72874E-20 -7.222E-05  1.067E-10  1.610E-10  1.899E-14  1.603E-14  1.00E-07
  1.525E+02 3.71287E-20 -7.113E-05  1.064E-10  1.607E-10  1.863E-14  1.574E-14  1.00E-07
  1.530E+02 3.69736E-20 -7.002E-05  1.060E-10  1.604E-10  1.828E-14  1.545E-14  1.00E-07
  1.535E+02 3.68221E-20 -6.890E-05  1.057E-10  1.601E-10  1.793E-14  1.516E-14  1.00E-07
  1.540E+02 3.66741E-20 -6.778E-05  1.054E-10  1.599E-10  1.758E-14  1.487E-14  1.00E-07
  1.545E+02 3.65296E-20 -6.664E-05  1.051E-10  1.596E-10  1.723E-14  1.458E-14  1.00E-07
  1.550E+02 3.63886E-20 -6.550E-05  1.048E-10  1.594E-10  1.688E-14  1.429E-14  1.00E-07
  1.555E+02 3.62510E-20 -6.435E-05  1.045E-10  1.591E-10  1.653E-14  1.401E-14  1.00E-07
  1.560E+02 3.61167E-20 -6.318E-05  1.043E-10  1.589E-10  1.618E-14  1.372E-14  1.00E-07
  1.565E+02 3.59857E-20 -6.201E-05  1.040E-10  1.587E-10  1.584E-14  1.343E-14  1.00E-07
  1.570E+02 3.58581E-20 -6.083E-05  1.037E-10  1.584E-10  1.549E-14  1.314E-14  1.00E-07
  1.575E+02 3.57337E-20 -5.964E-05  1.035E-10  1.582E-10  1.514E-14  1.286E-14  1.05E-07
  1.580E+02 3.56125E-20 -5.844E-05  1.032E-10  1.580E-10  1.480E-14  1.257E-14  1.06E-07
  1.585E+02 3.54945E-20 -5.723E-05  1.030E-10  1.578E-10  1.445E-14  1.228E-14  1.00E-07
  1.590E+02 3.53796E-20 -5.602E-05  1.027E-10  1.576E-10  1.411E-14  1.199E-14  1.00E-07
  1.595E+02 3.52679E-20 -5.480E-05  1.025E-10  1.574E-10  1.377E-14  1.171E-14  1.00E-07
  1.600E+02 3.51593E-20 -5.357E-05  1.023E-10  1.572E-10  1.342E-14  1.142E-14  1.00E-07
  1.605E+02 3.50537E-20 -5.233E-05  1.020E-10  1.570E-10  1.308E-14  1.113E-14  1.00E-07
  1.610E+02 3.49511E-20 -5.108E-05  1.018E-10  1.568E-10  1.274E-14  1.085E-14  1.00E-07
  1.615E+02 3.48515E-20 -4.983E-05  1.016E-10  1.566E-10  1.240E-14  1.056E-14  1.11E-07
  1.620E+02 3.47549E-20 -4.857E-05  1.014E-10  1.564E-10  1.206E-14  1.027E-14  1.20E-07
  1.625E+02 3.46613E-20 -4.730E-05  1.012E-10  1.563E-10  1.171E-14  9.987E-15  1.13E-07
  1.630E+02 3.45706E-20 -4.602E-05  1.010E-10  1.561E-10  1.137E-14  9.701E-15  1.00E-07
  1.635E+02 3.44827E-20 -4.474E-05  1.008E-10  1.559E-10  1.104E-14  9.414E-15  1.00E-07
  1.640E+02 3.43977E-20 -4.346E-05  1.007E-10  1.558E-10  1.070E-14  9.128E-15  1.00E-07
  1.645E+02 3.43156E-20 -4.216E-05  1.005E-10  1.556E-10  1.036E-14  8.842E-15  1.00E-07
  1.650E+02 3.42363E-20 -4.086E-05  1.003E-10  1.555E-10  1.002E-14  8.556E-15  1.00E-07
  1.655E+02 3.41598E-20 -3.956E-05  1.002E-10  1.553E-10  9.681E-15  8.270E-15  1.16E-07
  1.660E+02 3.40861E-20 -3.825E-05  9.999E-11  1.552E-10  9.344E-15  7.984E-15  1.35E-07
  1.665E+02 3.40151E-20 -3.693E-05  9.984E-11  1.551E-10  9.007E-15  7.698E-15  1.37E-07
  1.670E+02 3.39469E-20 -3.561E-05  9.970E-11  1.549E-10  8.670E-15  7.413E-15  1.19E-07
  1.675E+02 3.38814E-20 -3.428E-05  9.956E-11  1.548E-10  8.334E-15  7.127E-15  1.00E-07
  1.680E+02 3.38187E-20 -3.295E-05  9.942E-11  1.547E-10  7.998E-15  6.841E-15  1.00E-07
  1.685E+02 3.37586E-20 -3.161E-05  9.930E-11  1.546E-10  7.662E-15  6.556E-15  1.00E-07
  1.690E+02 3.37011E-20 -3.027E-05  9.917E-11  1.545E-10  7.327E-15  6.270E-15  1.00E-07
  1.695E+02 3.36464E-20 -2.892E-05  9.906E-11  1.544E-10  6.992E-15  5.985E-15  1.21E-07
  1.700E+02 3.35943E-20 -2.757E-05  9.895E-11  1.543E-10  6.657E-15  5.700E-15  1.54E-07
  1.705E+02 3.35448E-20 -2.622E-05  9.884E-11  1.542E-10  6.323E-15  5.414E-15  1.67E-07
  1.710E+02 3.34979E-20 -2.486E-05  9.874E-11  1.541E-10  5.988E-15  5.129E-15  1.58E-07
  1.715E+02 3.34536E-20 -2.350E-05  9.864E-11  1.540E-10  5.654E-15  4.844E-15  1.26E-07
  1.720E+02 3.34119E-20 -2.214E-05  9.856E-11  1.539E-10  5.321E-15  4.559E-15  1.00E-07
  1.725E+02 3.33728E-20 -2.077E-05  9.847E-11  1.539E-10  4.987E-15  4.274E-15  1.00E-07
  1.730E+02 3.33363E-20 -1.940E-05  9.839E-11  1.538E-10  4.654E-15  3.988E-15  1.00E-07
  1.735E+02 3.33023E-20 -1.802E-05  9.832E-11  1.537E-10  4.320E-15  3.703E-15  1.31E-07
  1.740E+02 3.32709E-20 -1.665E-05  9.825E-11  1.537E-10  3.987E-15  3.418E-15  1.85E-07
  1.745E+02 3.32420E-20 -1.527E-05  9.819E-11  1.536E-10  3.655E-15  3.133E-15  2.19E-07
  1.750E+02 3.32157E-20 -1.389E-05  9.813E-11  1.536E-10  3.322E-15  2.848E-15  2.24E-07
  1.755E+02 3.31919E-20 -1.250E-05  9.808E-11  1.535E-10  2.989E-15  2.564E-15  1.97E-07
  1.760E+02 3.31706E-20 -1.112E-05  9.804E-11  1.535E-10  2.657E-15  2.279E-15  1.39E-07
  1.765E+02 3.31519E-20 -9.732E-06  9.800E-11  1.535E-10  2.325E-15  1.994E-15  1.00E-07
  1.770E+02 3.31356E-20 -8.345E-06  9.796E-11  1.534E-10  1.992E-15  1.709E-15  1.00E-07
  1.775E+02 3.31219E-20 -6.956E-06  9.793E-11  1.534E-10  1.660E-15  1.424E-15  1.73E-07
  1.780E+02 3.31106E-20 -5.566E-06  9.791E-11  1.534E-10  1.328E-15  1.139E-15  2.92E-07
  1.785E+02 3.31019E-20 -4.175E-06  9.789E-11  1.534E-10  9.960E-16  8.544E-16  4.00E-07
  1.790E+02 3.30956E-20 -2.784E-06  9.788E-11  1.533E-10  6.640E-16  5.696E-16  4.86E-07
  1.795E+02 3.30919E-20 -1.392E-06  9.787E-11  1.533E-10  3.320E-16  2.848E-16  5.41E-07
  1.800E+02 3.30906E-20 -1.953E-20  9.787E-11  1.533E-10  4.659E-30  3.997E-30  5.60E-07

  TOTAL ELASTIC CROSS SECTION = 1.450812E-17 cm**2
               FROM DCS TABLE = 1.450771E-17  (REL. DIF. = 2.82E-05)

  1ST TRANSPORT CROSS SECTION = 2.402580E-18 cm**2
               FROM DCS TABLE = 2.402547E-18  (REL. DIF. = 1.41E-05)

  2ND TRANSPORT CROSS SECTION = 4.964332E-18 cm**2

  **** DPWA0 ENDED ************************************************************

