

  **** PARTIAL WAVE ANALYSIS (DPWA0) ******************************************


  KINETIC ENERGY = 1.98000E+02 eV

      L       PHASE(SPIN UP)     PHASE(SPIN DOWN)
  -----------------------------------------------
       0     -5.38644606E-01      0.00000000E+00
       1      1.37710186E+00      1.37823079E+00
       2      7.55866294E-01      7.56138034E-01
       3      4.36019008E-01      4.36135920E-01
       4      2.54746140E-01      2.54806882E-01
       5      1.49959177E-01      1.49992816E-01
       6      8.89503876E-02      8.89695937E-02
       7      5.31508969E-02      5.31620740E-02
       8      3.19708925E-02      3.19774854E-02
       9      1.93437939E-02      1.93477223E-02
      10      1.17643214E-02      1.17666807E-02
      11      7.18743194E-03      7.18885816E-03
      12      4.40907488E-03      4.40994174E-03
      13      2.71459636E-03      2.71512573E-03
      14      1.67682420E-03      1.67714883E-03
      15      1.03884710E-03      1.03904691E-03
      16      6.45309010E-04      6.45432400E-04
      17      4.01805972E-04      4.01882398E-04
      18      2.50718978E-04      2.50766443E-04
      19      1.56739379E-04      1.56768929E-04
      20      9.81510624E-05      9.81694979E-05
      21      6.15533131E-05      6.15648368E-05
      22      3.86516883E-05      3.86589038E-05
      23      2.42982166E-05      2.43027412E-05
      24      1.52898927E-05      1.52927337E-05
      25      9.62942491E-06      9.63121081E-06
      26      6.06890120E-06      6.07002495E-06
      27      3.82725351E-06      3.82796121E-06
      28      2.41485311E-06      2.41529913E-06
      29      1.52434848E-06      1.52462975E-06
      30      9.62577986E-07      9.62755456E-07
      31      6.08019736E-07      6.08131767E-07
      32      3.84153666E-07      3.84224405E-07
      33      2.42759716E-07      2.42804396E-07
      34      1.53431263E-07      1.53459499E-07
      35      9.69840816E-08      9.70019236E-08
      36      6.13088207E-08      6.13200964E-08
      37      3.87586913E-08      3.87658247E-08
      38      2.45034591E-08      2.45079647E-08
      39      1.54913769E-08      1.54942265E-08
      40      9.79380223E-09      9.79560175E-09
      41      6.19155345E-09      6.19269283E-09
      42      3.91411282E-09      3.91483093E-09
      43      2.47423067E-09      2.47468333E-09
      44      1.56397401E-09      1.56426333E-09
      45      9.88540060E-10      9.88719337E-10
      46      6.24728868E-10      6.24843968E-10


  *** SCATTERING AMPLITUDES AND DIFFERENTIAL CROSS SECTION ***

    ANGLE      DCS       ASYMMETRY    DIRECT AMPLITUDE       SPIN-FLIP AMPLITUDE     ERROR
    (deg)   (cm**2/sr)                      (cm)                    (cm)
  -------------------------------------------------------------------------------------------
  0.000E+00 4.26563E-16  0.000E+00  1.764E-08  1.074E-08  0.000E+00  0.000E+00  1.00E-07
  1.000E-04 4.26563E-16  2.225E-10  1.764E-08  1.074E-08  4.937E-18  5.698E-18  1.00E-07
  1.250E-04 4.26563E-16  2.782E-10  1.764E-08  1.074E-08  6.171E-18  7.122E-18  1.00E-07
  1.500E-04 4.26563E-16  3.338E-10  1.764E-08  1.074E-08  7.406E-18  8.547E-18  1.00E-07
  1.750E-04 4.26563E-16  3.894E-10  1.764E-08  1.074E-08  8.640E-18  9.971E-18  1.00E-07
  2.000E-04 4.26563E-16  4.451E-10  1.764E-08  1.074E-08  9.874E-18  1.140E-17  1.00E-07
  2.250E-04 4.26563E-16  5.007E-10  1.764E-08  1.074E-08  1.111E-17  1.282E-17  1.00E-07
  2.500E-04 4.26563E-16  5.563E-10  1.764E-08  1.074E-08  1.234E-17  1.424E-17  1.00E-07
  2.750E-04 4.26563E-16  6.120E-10  1.764E-08  1.074E-08  1.358E-17  1.567E-17  1.00E-07
  3.000E-04 4.26563E-16  6.676E-10  1.764E-08  1.074E-08  1.481E-17  1.709E-17  1.00E-07
  3.250E-04 4.26563E-16  7.232E-10  1.764E-08  1.074E-08  1.605E-17  1.852E-17  1.00E-07
  3.500E-04 4.26563E-16  7.789E-10  1.764E-08  1.074E-08  1.728E-17  1.994E-17  1.00E-07
  3.750E-04 4.26563E-16  8.345E-10  1.764E-08  1.074E-08  1.851E-17  2.137E-17  1.00E-07
  4.000E-04 4.26563E-16  8.901E-10  1.764E-08  1.074E-08  1.975E-17  2.279E-17  1.00E-07
  4.250E-04 4.26563E-16  9.458E-10  1.764E-08  1.074E-08  2.098E-17  2.422E-17  1.00E-07
  4.500E-04 4.26563E-16  1.001E-09  1.764E-08  1.074E-08  2.222E-17  2.564E-17  1.00E-07
  4.750E-04 4.26563E-16  1.057E-09  1.764E-08  1.074E-08  2.345E-17  2.706E-17  1.00E-07
  5.000E-04 4.26563E-16  1.113E-09  1.764E-08  1.074E-08  2.469E-17  2.849E-17  1.00E-07
  5.250E-04 4.26563E-16  1.168E-09  1.764E-08  1.074E-08  2.592E-17  2.991E-17  1.00E-07
  5.500E-04 4.26563E-16  1.224E-09  1.764E-08  1.074E-08  2.715E-17  3.134E-17  1.00E-07
  5.750E-04 4.26563E-16  1.280E-09  1.764E-08  1.074E-08  2.839E-17  3.276E-17  1.00E-07
  6.000E-04 4.26563E-16  1.335E-09  1.764E-08  1.074E-08  2.962E-17  3.419E-17  1.00E-07
  6.250E-04 4.26563E-16  1.391E-09  1.764E-08  1.074E-08  3.086E-17  3.561E-17  1.00E-07
  6.500E-04 4.26563E-16  1.446E-09  1.764E-08  1.074E-08  3.209E-17  3.704E-17  1.00E-07
  6.750E-04 4.26563E-16  1.502E-09  1.764E-08  1.074E-08  3.333E-17  3.846E-17  1.00E-07
  7.000E-04 4.26563E-16  1.558E-09  1.764E-08  1.074E-08  3.456E-17  3.989E-17  1.00E-07
  7.250E-04 4.26563E-16  1.613E-09  1.764E-08  1.074E-08  3.579E-17  4.131E-17  1.00E-07
  7.500E-04 4.26563E-16  1.669E-09  1.764E-08  1.074E-08  3.703E-17  4.273E-17  1.00E-07
  7.750E-04 4.26563E-16  1.725E-09  1.764E-08  1.074E-08  3.826E-17  4.416E-17  1.00E-07
  8.000E-04 4.26563E-16  1.780E-09  1.764E-08  1.074E-08  3.950E-17  4.558E-17  1.00E-07
  8.250E-04 4.26563E-16  1.836E-09  1.764E-08  1.074E-08  4.073E-17  4.701E-17  1.00E-07
  8.500E-04 4.26563E-16  1.892E-09  1.764E-08  1.074E-08  4.197E-17  4.843E-17  1.00E-07
  8.750E-04 4.26563E-16  1.947E-09  1.764E-08  1.074E-08  4.320E-17  4.986E-17  1.00E-07
  9.000E-04 4.26563E-16  2.003E-09  1.764E-08  1.074E-08  4.443E-17  5.128E-17  1.00E-07
  9.250E-04 4.26563E-16  2.058E-09  1.764E-08  1.074E-08  4.567E-17  5.271E-17  1.00E-07
  9.500E-04 4.26563E-16  2.114E-09  1.764E-08  1.074E-08  4.690E-17  5.413E-17  1.00E-07
  9.750E-04 4.26563E-16  2.170E-09  1.764E-08  1.074E-08  4.814E-17  5.555E-17  1.00E-07
  1.000E-03 4.26563E-16  2.225E-09  1.764E-08  1.074E-08  4.937E-17  5.698E-17  1.00E-07
  1.250E-03 4.26563E-16  2.782E-09  1.764E-08  1.074E-08  6.171E-17  7.122E-17  1.00E-07
  1.500E-03 4.26563E-16  3.338E-09  1.764E-08  1.074E-08  7.406E-17  8.547E-17  1.00E-07
  1.750E-03 4.26563E-16  3.894E-09  1.764E-08  1.074E-08  8.640E-17  9.971E-17  1.00E-07
  2.000E-03 4.26563E-16  4.451E-09  1.764E-08  1.074E-08  9.874E-17  1.140E-16  1.00E-07
  2.250E-03 4.26563E-16  5.007E-09  1.764E-08  1.074E-08  1.111E-16  1.282E-16  1.00E-07
  2.500E-03 4.26563E-16  5.563E-09  1.764E-08  1.074E-08  1.234E-16  1.424E-16  1.00E-07
  2.750E-03 4.26563E-16  6.120E-09  1.764E-08  1.074E-08  1.358E-16  1.567E-16  1.00E-07
  3.000E-03 4.26563E-16  6.676E-09  1.764E-08  1.074E-08  1.481E-16  1.709E-16  1.00E-07
  3.250E-03 4.26563E-16  7.232E-09  1.764E-08  1.074E-08  1.605E-16  1.852E-16  1.00E-07
  3.500E-03 4.26563E-16  7.789E-09  1.764E-08  1.074E-08  1.728E-16  1.994E-16  1.00E-07
  3.750E-03 4.26563E-16  8.345E-09  1.764E-08  1.074E-08  1.851E-16  2.137E-16  1.00E-07
  4.000E-03 4.26563E-16  8.901E-09  1.764E-08  1.074E-08  1.975E-16  2.279E-16  1.00E-07
  4.250E-03 4.26563E-16  9.458E-09  1.764E-08  1.074E-08  2.098E-16  2.422E-16  1.00E-07
  4.500E-03 4.26563E-16  1.001E-08  1.764E-08  1.074E-08  2.222E-16  2.564E-16  1.00E-07
  4.750E-03 4.26563E-16  1.057E-08  1.764E-08  1.074E-08  2.345E-16  2.706E-16  1.00E-07
  5.000E-03 4.26563E-16  1.113E-08  1.764E-08  1.074E-08  2.469E-16  2.849E-16  1.00E-07
  5.250E-03 4.26563E-16  1.168E-08  1.764E-08  1.074E-08  2.592E-16  2.991E-16  1.00E-07
  5.500E-03 4.26563E-16  1.224E-08  1.764E-08  1.074E-08  2.715E-16  3.134E-16  1.00E-07
  5.750E-03 4.26563E-16  1.280E-08  1.764E-08  1.074E-08  2.839E-16  3.276E-16  1.00E-07
  6.000E-03 4.26563E-16  1.335E-08  1.764E-08  1.074E-08  2.962E-16  3.419E-16  1.00E-07
  6.250E-03 4.26563E-16  1.391E-08  1.764E-08  1.074E-08  3.086E-16  3.561E-16  1.00E-07
  6.500E-03 4.26563E-16  1.446E-08  1.764E-08  1.074E-08  3.209E-16  3.704E-16  1.00E-07
  6.750E-03 4.26563E-16  1.502E-08  1.764E-08  1.074E-08  3.333E-16  3.846E-16  1.00E-07
  7.000E-03 4.26563E-16  1.558E-08  1.764E-08  1.074E-08  3.456E-16  3.989E-16  1.00E-07
  7.250E-03 4.26563E-16  1.613E-08  1.764E-08  1.074E-08  3.579E-16  4.131E-16  1.00E-07
  7.500E-03 4.26563E-16  1.669E-08  1.764E-08  1.074E-08  3.703E-16  4.273E-16  1.00E-07
  7.750E-03 4.26563E-16  1.725E-08  1.764E-08  1.074E-08  3.826E-16  4.416E-16  1.00E-07
  8.000E-03 4.26563E-16  1.780E-08  1.764E-08  1.074E-08  3.950E-16  4.558E-16  1.00E-07
  8.250E-03 4.26563E-16  1.836E-08  1.764E-08  1.074E-08  4.073E-16  4.701E-16  1.00E-07
  8.500E-03 4.26563E-16  1.892E-08  1.764E-08  1.074E-08  4.197E-16  4.843E-16  1.00E-07
  8.750E-03 4.26563E-16  1.947E-08  1.764E-08  1.074E-08  4.320E-16  4.986E-16  1.00E-07
  9.000E-03 4.26563E-16  2.003E-08  1.764E-08  1.074E-08  4.443E-16  5.128E-16  1.00E-07
  9.250E-03 4.26563E-16  2.058E-08  1.764E-08  1.074E-08  4.567E-16  5.271E-16  1.00E-07
  9.500E-03 4.26563E-16  2.114E-08  1.764E-08  1.074E-08  4.690E-16  5.413E-16  1.00E-07
  9.750E-03 4.26563E-16  2.170E-08  1.764E-08  1.074E-08  4.814E-16  5.555E-16  1.00E-07
  1.000E-02 4.26563E-16  2.225E-08  1.764E-08  1.074E-08  4.937E-16  5.698E-16  1.00E-07
  1.250E-02 4.26563E-16  2.782E-08  1.764E-08  1.074E-08  6.171E-16  7.122E-16  1.00E-07
  1.500E-02 4.26563E-16  3.338E-08  1.764E-08  1.074E-08  7.406E-16  8.547E-16  1.00E-07
  1.750E-02 4.26563E-16  3.894E-08  1.764E-08  1.074E-08  8.640E-16  9.971E-16  1.00E-07
  2.000E-02 4.26563E-16  4.451E-08  1.764E-08  1.074E-08  9.874E-16  1.140E-15  1.00E-07
  2.250E-02 4.26563E-16  5.007E-08  1.764E-08  1.074E-08  1.111E-15  1.282E-15  1.00E-07
  2.500E-02 4.26562E-16  5.563E-08  1.764E-08  1.074E-08  1.234E-15  1.424E-15  1.00E-07
  2.750E-02 4.26562E-16  6.120E-08  1.764E-08  1.074E-08  1.358E-15  1.567E-15  1.00E-07
  3.000E-02 4.26562E-16  6.676E-08  1.764E-08  1.074E-08  1.481E-15  1.709E-15  1.00E-07
  3.250E-02 4.26562E-16  7.232E-08  1.764E-08  1.074E-08  1.605E-15  1.852E-15  1.00E-07
  3.500E-02 4.26561E-16  7.789E-08  1.764E-08  1.074E-08  1.728E-15  1.994E-15  1.00E-07
  3.750E-02 4.26561E-16  8.345E-08  1.764E-08  1.074E-08  1.851E-15  2.137E-15  1.00E-07
  4.000E-02 4.26561E-16  8.901E-08  1.764E-08  1.074E-08  1.975E-15  2.279E-15  1.00E-07
  4.250E-02 4.26560E-16  9.458E-08  1.764E-08  1.074E-08  2.098E-15  2.422E-15  1.00E-07
  4.500E-02 4.26560E-16  1.001E-07  1.764E-08  1.074E-08  2.222E-15  2.564E-15  1.00E-07
  4.750E-02 4.26560E-16  1.057E-07  1.764E-08  1.074E-08  2.345E-15  2.706E-15  1.00E-07
  5.000E-02 4.26559E-16  1.113E-07  1.764E-08  1.074E-08  2.469E-15  2.849E-15  1.00E-07
  5.250E-02 4.26559E-16  1.168E-07  1.764E-08  1.074E-08  2.592E-15  2.991E-15  1.00E-07
  5.500E-02 4.26558E-16  1.224E-07  1.764E-08  1.074E-08  2.715E-15  3.134E-15  1.00E-07
  5.750E-02 4.26558E-16  1.280E-07  1.764E-08  1.074E-08  2.839E-15  3.276E-15  1.00E-07
  6.000E-02 4.26557E-16  1.335E-07  1.764E-08  1.074E-08  2.962E-15  3.419E-15  1.00E-07
  6.250E-02 4.26557E-16  1.391E-07  1.764E-08  1.074E-08  3.086E-15  3.561E-15  1.00E-07
  6.500E-02 4.26556E-16  1.446E-07  1.764E-08  1.074E-08  3.209E-15  3.704E-15  1.00E-07
  6.750E-02 4.26556E-16  1.502E-07  1.764E-08  1.074E-08  3.333E-15  3.846E-15  1.00E-07
  7.000E-02 4.26555E-16  1.558E-07  1.764E-08  1.074E-08  3.456E-15  3.988E-15  1.00E-07
  7.250E-02 4.26554E-16  1.613E-07  1.764E-08  1.074E-08  3.579E-15  4.131E-15  1.00E-07
  7.500E-02 4.26554E-16  1.669E-07  1.764E-08  1.074E-08  3.703E-15  4.273E-15  1.00E-07
  7.750E-02 4.26553E-16  1.725E-07  1.764E-08  1.074E-08  3.826E-15  4.416E-15  1.00E-07
  8.000E-02 4.26552E-16  1.780E-07  1.764E-08  1.074E-08  3.950E-15  4.558E-15  1.00E-07
  8.250E-02 4.26552E-16  1.836E-07  1.764E-08  1.074E-08  4.073E-15  4.701E-15  1.00E-07
  8.500E-02 4.26551E-16  1.892E-07  1.764E-08  1.074E-08  4.196E-15  4.843E-15  1.00E-07
  8.750E-02 4.26550E-16  1.947E-07  1.764E-08  1.074E-08  4.320E-15  4.986E-15  1.00E-07
  9.000E-02 4.26549E-16  2.003E-07  1.764E-08  1.074E-08  4.443E-15  5.128E-15  1.00E-07
  9.250E-02 4.26549E-16  2.058E-07  1.764E-08  1.074E-08  4.567E-15  5.270E-15  1.00E-07
  9.500E-02 4.26548E-16  2.114E-07  1.764E-08  1.074E-08  4.690E-15  5.413E-15  1.00E-07
  9.750E-02 4.26547E-16  2.170E-07  1.764E-08  1.074E-08  4.814E-15  5.555E-15  1.00E-07
  1.000E-01 4.26546E-16  2.225E-07  1.764E-08  1.074E-08  4.937E-15  5.698E-15  1.00E-07
  1.250E-01 4.26537E-16  2.782E-07  1.764E-08  1.074E-08  6.171E-15  7.122E-15  1.00E-07
  1.500E-01 4.26525E-16  3.338E-07  1.764E-08  1.074E-08  7.405E-15  8.547E-15  1.00E-07
  1.750E-01 4.26511E-16  3.895E-07  1.764E-08  1.074E-08  8.639E-15  9.971E-15  1.00E-07
  2.000E-01 4.26494E-16  4.451E-07  1.764E-08  1.074E-08  9.873E-15  1.140E-14  1.00E-07
  2.250E-01 4.26476E-16  5.007E-07  1.764E-08  1.074E-08  1.111E-14  1.282E-14  1.00E-07
  2.500E-01 4.26456E-16  5.564E-07  1.764E-08  1.074E-08  1.234E-14  1.424E-14  1.00E-07
  2.750E-01 4.26433E-16  6.121E-07  1.764E-08  1.074E-08  1.357E-14  1.567E-14  1.00E-07
  3.000E-01 4.26408E-16  6.677E-07  1.764E-08  1.074E-08  1.481E-14  1.709E-14  1.00E-07
  3.250E-01 4.26381E-16  7.234E-07  1.763E-08  1.074E-08  1.604E-14  1.852E-14  1.00E-07
  3.500E-01 4.26352E-16  7.791E-07  1.763E-08  1.074E-08  1.727E-14  1.994E-14  1.00E-07
  3.750E-01 4.26321E-16  8.347E-07  1.763E-08  1.074E-08  1.851E-14  2.137E-14  1.00E-07
  4.000E-01 4.26287E-16  8.904E-07  1.763E-08  1.074E-08  1.974E-14  2.279E-14  1.00E-07
  4.250E-01 4.26252E-16  9.461E-07  1.763E-08  1.074E-08  2.097E-14  2.421E-14  1.00E-07
  4.500E-01 4.26214E-16  1.002E-06  1.763E-08  1.074E-08  2.220E-14  2.564E-14  1.00E-07
  4.750E-01 4.26174E-16  1.058E-06  1.763E-08  1.074E-08  2.343E-14  2.706E-14  1.00E-07
  5.000E-01 4.26132E-16  1.113E-06  1.763E-08  1.074E-08  2.467E-14  2.849E-14  1.00E-07
  5.250E-01 4.26088E-16  1.169E-06  1.763E-08  1.074E-08  2.590E-14  2.991E-14  1.00E-07
  5.500E-01 4.26042E-16  1.225E-06  1.763E-08  1.074E-08  2.713E-14  3.133E-14  1.00E-07
  5.750E-01 4.25993E-16  1.280E-06  1.762E-08  1.074E-08  2.836E-14  3.276E-14  1.00E-07
  6.000E-01 4.25943E-16  1.336E-06  1.762E-08  1.074E-08  2.959E-14  3.418E-14  1.00E-07
  6.250E-01 4.25890E-16  1.392E-06  1.762E-08  1.074E-08  3.082E-14  3.561E-14  1.00E-07
  6.500E-01 4.25835E-16  1.448E-06  1.762E-08  1.074E-08  3.205E-14  3.703E-14  1.00E-07
  6.750E-01 4.25778E-16  1.503E-06  1.762E-08  1.074E-08  3.328E-14  3.845E-14  1.00E-07
  7.000E-01 4.25719E-16  1.559E-06  1.762E-08  1.074E-08  3.451E-14  3.988E-14  1.00E-07
  7.250E-01 4.25657E-16  1.615E-06  1.762E-08  1.074E-08  3.573E-14  4.130E-14  1.00E-07
  7.500E-01 4.25594E-16  1.671E-06  1.761E-08  1.074E-08  3.696E-14  4.272E-14  1.00E-07
  7.750E-01 4.25528E-16  1.727E-06  1.761E-08  1.074E-08  3.819E-14  4.415E-14  1.00E-07
  8.000E-01 4.25460E-16  1.783E-06  1.761E-08  1.074E-08  3.942E-14  4.557E-14  1.00E-07
  8.250E-01 4.25391E-16  1.838E-06  1.761E-08  1.074E-08  4.064E-14  4.699E-14  1.00E-07
  8.500E-01 4.25319E-16  1.894E-06  1.761E-08  1.074E-08  4.187E-14  4.842E-14  1.00E-07
  8.750E-01 4.25244E-16  1.950E-06  1.760E-08  1.074E-08  4.309E-14  4.984E-14  1.00E-07
  9.000E-01 4.25168E-16  2.006E-06  1.760E-08  1.074E-08  4.432E-14  5.126E-14  1.00E-07
  9.250E-01 4.25090E-16  2.062E-06  1.760E-08  1.074E-08  4.554E-14  5.268E-14  1.00E-07
  9.500E-01 4.25009E-16  2.118E-06  1.760E-08  1.074E-08  4.677E-14  5.411E-14  1.00E-07
  9.750E-01 4.24927E-16  2.174E-06  1.760E-08  1.074E-08  4.799E-14  5.553E-14  1.00E-07
  1.000E+00 4.24842E-16  2.230E-06  1.759E-08  1.074E-08  4.921E-14  5.695E-14  1.00E-07
  1.100E+00 4.24481E-16  2.454E-06  1.758E-08  1.074E-08  5.410E-14  6.264E-14  1.00E-07
  1.200E+00 4.24087E-16  2.678E-06  1.757E-08  1.073E-08  5.897E-14  6.833E-14  1.00E-07
  1.300E+00 4.23659E-16  2.903E-06  1.756E-08  1.073E-08  6.383E-14  7.401E-14  1.00E-07
  1.400E+00 4.23198E-16  3.128E-06  1.755E-08  1.073E-08  6.868E-14  7.970E-14  1.00E-07
  1.500E+00 4.22703E-16  3.353E-06  1.754E-08  1.073E-08  7.352E-14  8.538E-14  1.00E-07
  1.600E+00 4.22174E-16  3.579E-06  1.752E-08  1.073E-08  7.834E-14  9.106E-14  1.00E-07
  1.700E+00 4.21613E-16  3.805E-06  1.751E-08  1.072E-08  8.315E-14  9.674E-14  1.00E-07
  1.800E+00 4.21018E-16  4.031E-06  1.749E-08  1.072E-08  8.794E-14  1.024E-13  1.00E-07
  1.900E+00 4.20391E-16  4.258E-06  1.748E-08  1.072E-08  9.272E-14  1.081E-13  1.00E-07
  2.000E+00 4.19732E-16  4.486E-06  1.746E-08  1.072E-08  9.748E-14  1.137E-13  1.00E-07
  2.100E+00 4.19040E-16  4.714E-06  1.744E-08  1.071E-08  1.022E-13  1.194E-13  1.00E-07
  2.200E+00 4.18316E-16  4.943E-06  1.742E-08  1.071E-08  1.069E-13  1.251E-13  1.00E-07
  2.300E+00 4.17560E-16  5.172E-06  1.740E-08  1.071E-08  1.116E-13  1.307E-13  1.00E-07
  2.400E+00 4.16772E-16  5.402E-06  1.738E-08  1.071E-08  1.163E-13  1.364E-13  1.00E-07
  2.500E+00 4.15953E-16  5.632E-06  1.736E-08  1.070E-08  1.210E-13  1.420E-13  1.00E-07
  2.600E+00 4.15103E-16  5.864E-06  1.734E-08  1.070E-08  1.256E-13  1.477E-13  1.00E-07
  2.700E+00 4.14221E-16  6.095E-06  1.732E-08  1.070E-08  1.302E-13  1.533E-13  1.00E-07
  2.800E+00 4.13310E-16  6.328E-06  1.729E-08  1.069E-08  1.348E-13  1.590E-13  1.00E-07
  2.900E+00 4.12368E-16  6.561E-06  1.727E-08  1.069E-08  1.393E-13  1.646E-13  1.00E-07
  3.000E+00 4.11396E-16  6.795E-06  1.724E-08  1.068E-08  1.439E-13  1.702E-13  1.00E-07
  3.100E+00 4.10394E-16  7.030E-06  1.721E-08  1.068E-08  1.484E-13  1.759E-13  1.00E-07
  3.200E+00 4.09362E-16  7.266E-06  1.719E-08  1.068E-08  1.529E-13  1.815E-13  1.00E-07
  3.300E+00 4.08302E-16  7.503E-06  1.716E-08  1.067E-08  1.573E-13  1.871E-13  1.00E-07
  3.400E+00 4.07213E-16  7.740E-06  1.713E-08  1.067E-08  1.617E-13  1.927E-13  1.00E-07
  3.500E+00 4.06095E-16  7.978E-06  1.710E-08  1.066E-08  1.661E-13  1.983E-13  1.00E-07
  3.600E+00 4.04949E-16  8.218E-06  1.707E-08  1.066E-08  1.705E-13  2.039E-13  1.00E-07
  3.700E+00 4.03776E-16  8.458E-06  1.704E-08  1.065E-08  1.748E-13  2.095E-13  1.00E-07
  3.800E+00 4.02575E-16  8.699E-06  1.701E-08  1.065E-08  1.791E-13  2.151E-13  1.00E-07
  3.900E+00 4.01346E-16  8.941E-06  1.697E-08  1.064E-08  1.833E-13  2.207E-13  1.00E-07
  4.000E+00 4.00092E-16  9.185E-06  1.694E-08  1.064E-08  1.875E-13  2.263E-13  1.00E-07
  4.100E+00 3.98811E-16  9.429E-06  1.690E-08  1.063E-08  1.917E-13  2.318E-13  1.00E-07
  4.200E+00 3.97503E-16  9.674E-06  1.687E-08  1.063E-08  1.959E-13  2.374E-13  1.00E-07
  4.300E+00 3.96171E-16  9.921E-06  1.683E-08  1.062E-08  2.000E-13  2.429E-13  1.00E-07
  4.400E+00 3.94813E-16  1.017E-05  1.680E-08  1.062E-08  2.041E-13  2.485E-13  1.00E-07
  4.500E+00 3.93430E-16  1.042E-05  1.676E-08  1.061E-08  2.081E-13  2.540E-13  1.00E-07
  4.600E+00 3.92023E-16  1.067E-05  1.672E-08  1.060E-08  2.121E-13  2.596E-13  1.00E-07
  4.700E+00 3.90592E-16  1.092E-05  1.668E-08  1.060E-08  2.161E-13  2.651E-13  1.00E-07
  4.800E+00 3.89137E-16  1.117E-05  1.664E-08  1.059E-08  2.200E-13  2.706E-13  1.00E-07
  4.900E+00 3.87659E-16  1.143E-05  1.660E-08  1.059E-08  2.239E-13  2.762E-13  1.00E-07
  5.000E+00 3.86159E-16  1.168E-05  1.656E-08  1.058E-08  2.277E-13  2.817E-13  1.00E-07
  5.100E+00 3.84636E-16  1.194E-05  1.652E-08  1.057E-08  2.315E-13  2.872E-13  1.00E-07
  5.200E+00 3.83091E-16  1.220E-05  1.648E-08  1.057E-08  2.353E-13  2.927E-13  1.00E-07
  5.300E+00 3.81524E-16  1.245E-05  1.643E-08  1.056E-08  2.390E-13  2.981E-13  1.00E-07
  5.400E+00 3.79937E-16  1.272E-05  1.639E-08  1.055E-08  2.427E-13  3.036E-13  1.00E-07
  5.500E+00 3.78329E-16  1.298E-05  1.634E-08  1.054E-08  2.463E-13  3.091E-13  1.00E-07
  5.600E+00 3.76701E-16  1.324E-05  1.630E-08  1.054E-08  2.499E-13  3.146E-13  1.00E-07
  5.700E+00 3.75053E-16  1.351E-05  1.625E-08  1.053E-08  2.534E-13  3.200E-13  1.00E-07
  5.800E+00 3.73385E-16  1.377E-05  1.621E-08  1.052E-08  2.569E-13  3.254E-13  1.00E-07
  5.900E+00 3.71699E-16  1.404E-05  1.616E-08  1.052E-08  2.603E-13  3.309E-13  1.00E-07
  6.000E+00 3.69994E-16  1.431E-05  1.611E-08  1.051E-08  2.637E-13  3.363E-13  1.00E-07
  6.100E+00 3.68272E-16  1.458E-05  1.606E-08  1.050E-08  2.671E-13  3.417E-13  1.00E-07
  6.200E+00 3.66532E-16  1.486E-05  1.601E-08  1.049E-08  2.704E-13  3.471E-13  1.00E-07
  6.300E+00 3.64775E-16  1.513E-05  1.596E-08  1.048E-08  2.736E-13  3.525E-13  1.00E-07
  6.400E+00 3.63001E-16  1.541E-05  1.591E-08  1.048E-08  2.768E-13  3.579E-13  1.00E-07
  6.500E+00 3.61211E-16  1.569E-05  1.586E-08  1.047E-08  2.800E-13  3.633E-13  1.00E-07
  6.600E+00 3.59405E-16  1.597E-05  1.581E-08  1.046E-08  2.831E-13  3.687E-13  1.00E-07
  6.700E+00 3.57584E-16  1.625E-05  1.576E-08  1.045E-08  2.861E-13  3.740E-13  1.00E-07
  6.800E+00 3.55749E-16  1.653E-05  1.571E-08  1.044E-08  2.891E-13  3.794E-13  1.00E-07
  6.900E+00 3.53899E-16  1.682E-05  1.565E-08  1.043E-08  2.921E-13  3.847E-13  1.00E-07
  7.000E+00 3.52035E-16  1.710E-05  1.560E-08  1.042E-08  2.950E-13  3.901E-13  1.00E-07
  7.100E+00 3.50157E-16  1.739E-05  1.555E-08  1.042E-08  2.978E-13  3.954E-13  1.00E-07
  7.200E+00 3.48267E-16  1.768E-05  1.549E-08  1.041E-08  3.006E-13  4.007E-13  1.00E-07
  7.300E+00 3.46364E-16  1.798E-05  1.544E-08  1.040E-08  3.033E-13  4.060E-13  1.00E-07
  7.400E+00 3.44449E-16  1.827E-05  1.538E-08  1.039E-08  3.060E-13  4.113E-13  1.00E-07
  7.500E+00 3.42522E-16  1.857E-05  1.532E-08  1.038E-08  3.087E-13  4.166E-13  1.00E-07
  7.600E+00 3.40584E-16  1.887E-05  1.527E-08  1.037E-08  3.112E-13  4.218E-13  1.00E-07
  7.700E+00 3.38635E-16  1.917E-05  1.521E-08  1.036E-08  3.138E-13  4.271E-13  1.00E-07
  7.800E+00 3.36676E-16  1.947E-05  1.515E-08  1.035E-08  3.162E-13  4.323E-13  1.00E-07
  7.900E+00 3.34707E-16  1.978E-05  1.509E-08  1.034E-08  3.187E-13  4.375E-13  1.00E-07
  8.000E+00 3.32729E-16  2.008E-05  1.503E-08  1.033E-08  3.210E-13  4.428E-13  1.00E-07
  8.100E+00 3.30742E-16  2.039E-05  1.498E-08  1.032E-08  3.233E-13  4.480E-13  1.00E-07
  8.200E+00 3.28746E-16  2.071E-05  1.492E-08  1.031E-08  3.256E-13  4.532E-13  1.00E-07
  8.300E+00 3.26742E-16  2.102E-05  1.486E-08  1.030E-08  3.278E-13  4.584E-13  1.00E-07
  8.400E+00 3.24730E-16  2.134E-05  1.480E-08  1.029E-08  3.299E-13  4.635E-13  1.00E-07
  8.500E+00 3.22711E-16  2.166E-05  1.473E-08  1.028E-08  3.320E-13  4.687E-13  1.00E-07
  8.600E+00 3.20685E-16  2.198E-05  1.467E-08  1.027E-08  3.340E-13  4.738E-13  1.00E-07
  8.700E+00 3.18653E-16  2.230E-05  1.461E-08  1.025E-08  3.360E-13  4.790E-13  1.00E-07
  8.800E+00 3.16614E-16  2.263E-05  1.455E-08  1.024E-08  3.379E-13  4.841E-13  1.00E-07
  8.900E+00 3.14570E-16  2.295E-05  1.449E-08  1.023E-08  3.398E-13  4.892E-13  1.00E-07
  9.000E+00 3.12521E-16  2.328E-05  1.442E-08  1.022E-08  3.416E-13  4.943E-13  1.00E-07
  9.100E+00 3.10468E-16  2.362E-05  1.436E-08  1.021E-08  3.433E-13  4.994E-13  1.00E-07
  9.200E+00 3.08409E-16  2.395E-05  1.430E-08  1.020E-08  3.450E-13  5.045E-13  1.00E-07
  9.300E+00 3.06347E-16  2.429E-05  1.423E-08  1.019E-08  3.467E-13  5.095E-13  1.00E-07
  9.400E+00 3.04281E-16  2.463E-05  1.417E-08  1.018E-08  3.482E-13  5.146E-13  1.00E-07
  9.500E+00 3.02212E-16  2.497E-05  1.410E-08  1.016E-08  3.497E-13  5.196E-13  1.00E-07
  9.600E+00 3.00140E-16  2.532E-05  1.404E-08  1.015E-08  3.512E-13  5.246E-13  1.00E-07
  9.700E+00 2.98066E-16  2.567E-05  1.397E-08  1.014E-08  3.526E-13  5.296E-13  1.00E-07
  9.800E+00 2.95990E-16  2.602E-05  1.391E-08  1.013E-08  3.540E-13  5.346E-13  1.00E-07
  9.900E+00 2.93912E-16  2.637E-05  1.384E-08  1.012E-08  3.552E-13  5.396E-13  1.00E-07
  1.000E+01 2.91832E-16  2.673E-05  1.378E-08  1.010E-08  3.565E-13  5.446E-13  1.00E-07
  1.025E+01 2.86631E-16  2.763E-05  1.361E-08  1.007E-08  3.593E-13  5.569E-13  1.00E-07
  1.050E+01 2.81429E-16  2.855E-05  1.344E-08  1.004E-08  3.618E-13  5.692E-13  1.00E-07
  1.075E+01 2.76231E-16  2.949E-05  1.327E-08  1.001E-08  3.639E-13  5.814E-13  1.00E-07
  1.100E+01 2.71044E-16  3.045E-05  1.310E-08  9.975E-09  3.656E-13  5.935E-13  1.00E-07
  1.125E+01 2.65872E-16  3.142E-05  1.292E-08  9.941E-09  3.670E-13  6.054E-13  1.00E-07
  1.150E+01 2.60720E-16  3.242E-05  1.275E-08  9.907E-09  3.680E-13  6.173E-13  1.00E-07
  1.175E+01 2.55592E-16  3.343E-05  1.258E-08  9.872E-09  3.687E-13  6.291E-13  1.00E-07
  1.200E+01 2.50493E-16  3.446E-05  1.240E-08  9.836E-09  3.690E-13  6.408E-13  1.00E-07
  1.225E+01 2.45426E-16  3.552E-05  1.222E-08  9.800E-09  3.689E-13  6.524E-13  1.00E-07
  1.250E+01 2.40396E-16  3.659E-05  1.204E-08  9.763E-09  3.686E-13  6.639E-13  1.00E-07
  1.275E+01 2.35406E-16  3.769E-05  1.187E-08  9.726E-09  3.678E-13  6.753E-13  1.00E-07
  1.300E+01 2.30460E-16  3.881E-05  1.169E-08  9.688E-09  3.667E-13  6.866E-13  1.00E-07
  1.325E+01 2.25561E-16  3.995E-05  1.151E-08  9.649E-09  3.653E-13  6.978E-13  1.00E-07
  1.350E+01 2.20712E-16  4.111E-05  1.133E-08  9.610E-09  3.636E-13  7.089E-13  1.00E-07
  1.375E+01 2.15915E-16  4.229E-05  1.115E-08  9.571E-09  3.615E-13  7.198E-13  1.00E-07
  1.400E+01 2.11175E-16  4.350E-05  1.097E-08  9.531E-09  3.591E-13  7.307E-13  1.00E-07
  1.425E+01 2.06492E-16  4.473E-05  1.079E-08  9.490E-09  3.564E-13  7.414E-13  1.00E-07
  1.450E+01 2.01869E-16  4.599E-05  1.061E-08  9.449E-09  3.533E-13  7.521E-13  1.00E-07
  1.475E+01 1.97308E-16  4.726E-05  1.043E-08  9.407E-09  3.499E-13  7.626E-13  1.00E-07
  1.500E+01 1.92812E-16  4.857E-05  1.025E-08  9.365E-09  3.463E-13  7.730E-13  1.00E-07
  1.525E+01 1.88381E-16  4.989E-05  1.007E-08  9.323E-09  3.423E-13  7.833E-13  1.00E-07
  1.550E+01 1.84017E-16  5.124E-05  9.895E-09  9.280E-09  3.380E-13  7.935E-13  1.00E-07
  1.575E+01 1.79722E-16  5.262E-05  9.717E-09  9.236E-09  3.335E-13  8.036E-13  1.00E-07
  1.600E+01 1.75496E-16  5.402E-05  9.539E-09  9.192E-09  3.286E-13  8.135E-13  1.00E-07
  1.625E+01 1.71341E-16  5.545E-05  9.363E-09  9.148E-09  3.235E-13  8.234E-13  1.00E-07
  1.650E+01 1.67258E-16  5.690E-05  9.187E-09  9.103E-09  3.180E-13  8.331E-13  1.00E-07
  1.675E+01 1.63247E-16  5.837E-05  9.012E-09  9.058E-09  3.124E-13  8.427E-13  1.00E-07
  1.700E+01 1.59309E-16  5.988E-05  8.837E-09  9.012E-09  3.064E-13  8.522E-13  1.00E-07
  1.725E+01 1.55444E-16  6.140E-05  8.664E-09  8.966E-09  3.002E-13  8.615E-13  1.00E-07
  1.750E+01 1.51653E-16  6.296E-05  8.491E-09  8.919E-09  2.937E-13  8.708E-13  1.00E-07
  1.775E+01 1.47935E-16  6.454E-05  8.320E-09  8.872E-09  2.870E-13  8.799E-13  1.00E-07
  1.800E+01 1.44292E-16  6.614E-05  8.149E-09  8.825E-09  2.801E-13  8.889E-13  1.00E-07
  1.825E+01 1.40722E-16  6.778E-05  7.980E-09  8.777E-09  2.729E-13  8.977E-13  1.00E-07
  1.850E+01 1.37226E-16  6.943E-05  7.812E-09  8.729E-09  2.654E-13  9.065E-13  1.00E-07
  1.875E+01 1.33804E-16  7.112E-05  7.645E-09  8.681E-09  2.578E-13  9.151E-13  1.00E-07
  1.900E+01 1.30455E-16  7.282E-05  7.479E-09  8.632E-09  2.499E-13  9.236E-13  1.00E-07
  1.925E+01 1.27178E-16  7.456E-05  7.315E-09  8.583E-09  2.419E-13  9.320E-13  1.00E-07
  1.950E+01 1.23974E-16  7.632E-05  7.152E-09  8.534E-09  2.336E-13  9.402E-13  1.00E-07
  1.975E+01 1.20842E-16  7.810E-05  6.990E-09  8.484E-09  2.251E-13  9.483E-13  1.00E-07
  2.000E+01 1.17781E-16  7.991E-05  6.830E-09  8.434E-09  2.164E-13  9.563E-13  1.00E-07
  2.025E+01 1.14791E-16  8.174E-05  6.671E-09  8.384E-09  2.075E-13  9.642E-13  1.00E-07
  2.050E+01 1.11870E-16  8.360E-05  6.513E-09  8.334E-09  1.985E-13  9.719E-13  1.00E-07
  2.075E+01 1.09018E-16  8.548E-05  6.357E-09  8.283E-09  1.893E-13  9.795E-13  1.00E-07
  2.100E+01 1.06235E-16  8.738E-05  6.203E-09  8.232E-09  1.799E-13  9.870E-13  1.00E-07
  2.125E+01 1.03518E-16  8.931E-05  6.050E-09  8.180E-09  1.703E-13  9.944E-13  1.00E-07
  2.150E+01 1.00869E-16  9.126E-05  5.898E-09  8.129E-09  1.606E-13  1.002E-12  1.00E-07
  2.175E+01 9.82840E-17  9.323E-05  5.748E-09  8.077E-09  1.507E-13  1.009E-12  1.00E-07
  2.200E+01 9.57638E-17  9.522E-05  5.600E-09  8.025E-09  1.407E-13  1.016E-12  1.00E-07
  2.225E+01 9.33071E-17  9.723E-05  5.453E-09  7.973E-09  1.305E-13  1.023E-12  1.00E-07
  2.250E+01 9.09126E-17  9.925E-05  5.308E-09  7.920E-09  1.202E-13  1.029E-12  1.00E-07
  2.275E+01 8.85795E-17  1.013E-04  5.165E-09  7.868E-09  1.098E-13  1.036E-12  1.00E-07
  2.300E+01 8.63066E-17  1.034E-04  5.023E-09  7.815E-09  9.920E-14  1.042E-12  1.00E-07
  2.325E+01 8.40927E-17  1.054E-04  4.883E-09  7.762E-09  8.851E-14  1.049E-12  1.00E-07
  2.350E+01 8.19369E-17  1.075E-04  4.745E-09  7.709E-09  7.770E-14  1.055E-12  1.00E-07
  2.375E+01 7.98379E-17  1.097E-04  4.608E-09  7.655E-09  6.679E-14  1.061E-12  1.00E-07
  2.400E+01 7.77947E-17  1.118E-04  4.473E-09  7.602E-09  5.576E-14  1.067E-12  1.00E-07
  2.425E+01 7.58061E-17  1.139E-04  4.339E-09  7.548E-09  4.464E-14  1.073E-12  1.00E-07
  2.450E+01 7.38709E-17  1.161E-04  4.207E-09  7.495E-09  3.342E-14  1.078E-12  1.00E-07
  2.475E+01 7.19881E-17  1.182E-04  4.077E-09  7.441E-09  2.210E-14  1.084E-12  1.00E-07
  2.500E+01 7.01565E-17  1.204E-04  3.949E-09  7.387E-09  1.070E-14  1.090E-12  1.00E-07
  2.550E+01 6.66424E-17  1.248E-04  3.697E-09  7.278E-09 -1.235E-14  1.100E-12  1.00E-07
  2.600E+01 6.33195E-17  1.291E-04  3.452E-09  7.170E-09 -3.569E-14  1.110E-12  1.00E-07
  2.650E+01 6.01791E-17  1.335E-04  3.214E-09  7.061E-09 -5.930E-14  1.120E-12  1.00E-07
  2.700E+01 5.72123E-17  1.379E-04  2.982E-09  6.951E-09 -8.314E-14  1.129E-12  1.00E-07
  2.750E+01 5.44108E-17  1.422E-04  2.757E-09  6.842E-09 -1.072E-13  1.137E-12  1.00E-07
  2.800E+01 5.17660E-17  1.465E-04  2.538E-09  6.732E-09 -1.314E-13  1.145E-12  1.00E-07
  2.850E+01 4.92701E-17  1.507E-04  2.326E-09  6.623E-09 -1.557E-13  1.153E-12  1.00E-07
  2.900E+01 4.69152E-17  1.549E-04  2.121E-09  6.513E-09 -1.802E-13  1.160E-12  1.00E-07
  2.950E+01 4.46937E-17  1.590E-04  1.922E-09  6.403E-09 -2.047E-13  1.167E-12  1.00E-07
  3.000E+01 4.25985E-17  1.630E-04  1.729E-09  6.294E-09 -2.293E-13  1.173E-12  1.00E-07
  3.050E+01 4.06225E-17  1.668E-04  1.542E-09  6.184E-09 -2.539E-13  1.179E-12  1.00E-07
  3.100E+01 3.87592E-17  1.705E-04  1.361E-09  6.075E-09 -2.786E-13  1.184E-12  1.00E-07
  3.150E+01 3.70021E-17  1.740E-04  1.186E-09  5.966E-09 -3.032E-13  1.189E-12  1.00E-07
  3.200E+01 3.53452E-17  1.773E-04  1.018E-09  5.857E-09 -3.278E-13  1.193E-12  1.00E-07
  3.250E+01 3.37827E-17  1.805E-04  8.544E-10  5.749E-09 -3.523E-13  1.197E-12  1.00E-07
  3.300E+01 3.23090E-17  1.834E-04  6.969E-10  5.641E-09 -3.768E-13  1.201E-12  1.00E-07
  3.350E+01 3.09190E-17  1.860E-04  5.448E-10  5.534E-09 -4.012E-13  1.204E-12  1.00E-07
  3.400E+01 2.96078E-17  1.884E-04  3.982E-10  5.427E-09 -4.255E-13  1.207E-12  1.00E-07
  3.450E+01 2.83705E-17  1.905E-04  2.568E-10  5.320E-09 -4.496E-13  1.209E-12  1.00E-07
  3.500E+01 2.72028E-17  1.923E-04  1.207E-10  5.214E-09 -4.737E-13  1.211E-12  1.00E-07
  3.550E+01 2.61005E-17  1.938E-04 -1.050E-11  5.109E-09 -4.976E-13  1.212E-12  1.00E-07
  3.600E+01 2.50597E-17  1.949E-04 -1.367E-10  5.004E-09 -5.213E-13  1.213E-12  1.00E-07
  3.650E+01 2.40765E-17  1.957E-04 -2.582E-10  4.900E-09 -5.448E-13  1.214E-12  1.00E-07
  3.700E+01 2.31475E-17  1.961E-04 -3.749E-10  4.797E-09 -5.682E-13  1.214E-12  1.00E-07
  3.750E+01 2.22694E-17  1.962E-04 -4.871E-10  4.694E-09 -5.914E-13  1.214E-12  1.00E-07
  3.800E+01 2.14390E-17  1.958E-04 -5.948E-10  4.592E-09 -6.143E-13  1.214E-12  1.00E-07
  3.850E+01 2.06534E-17  1.950E-04 -6.982E-10  4.491E-09 -6.371E-13  1.213E-12  1.00E-07
  3.900E+01 1.99100E-17  1.938E-04 -7.973E-10  4.390E-09 -6.596E-13  1.212E-12  1.00E-07
  3.950E+01 1.92060E-17  1.921E-04 -8.924E-10  4.291E-09 -6.819E-13  1.211E-12  1.00E-07
  4.000E+01 1.85392E-17  1.900E-04 -9.834E-10  4.192E-09 -7.039E-13  1.209E-12  1.00E-07
  4.050E+01 1.79071E-17  1.875E-04 -1.071E-09  4.094E-09 -7.258E-13  1.207E-12  1.00E-07
  4.100E+01 1.73077E-17  1.845E-04 -1.154E-09  3.997E-09 -7.473E-13  1.205E-12  1.00E-07
  4.150E+01 1.67390E-17  1.810E-04 -1.234E-09  3.901E-09 -7.686E-13  1.202E-12  1.00E-07
  4.200E+01 1.61991E-17  1.770E-04 -1.310E-09  3.806E-09 -7.896E-13  1.200E-12  1.00E-07
  4.250E+01 1.56863E-17  1.726E-04 -1.383E-09  3.711E-09 -8.104E-13  1.196E-12  1.00E-07
  4.300E+01 1.51989E-17  1.677E-04 -1.452E-09  3.618E-09 -8.309E-13  1.193E-12  1.00E-07
  4.350E+01 1.47354E-17  1.623E-04 -1.518E-09  3.526E-09 -8.511E-13  1.189E-12  1.00E-07
  4.400E+01 1.42944E-17  1.564E-04 -1.581E-09  3.434E-09 -8.710E-13  1.185E-12  1.00E-07
  4.450E+01 1.38745E-17  1.501E-04 -1.641E-09  3.344E-09 -8.906E-13  1.181E-12  1.00E-07
  4.500E+01 1.34745E-17  1.432E-04 -1.697E-09  3.255E-09 -9.100E-13  1.176E-12  1.00E-07
  4.550E+01 1.30932E-17  1.359E-04 -1.751E-09  3.166E-09 -9.290E-13  1.172E-12  1.00E-07
  4.600E+01 1.27294E-17  1.281E-04 -1.802E-09  3.079E-09 -9.478E-13  1.167E-12  1.00E-07
  4.650E+01 1.23823E-17  1.199E-04 -1.851E-09  2.993E-09 -9.662E-13  1.161E-12  1.00E-07
  4.700E+01 1.20507E-17  1.111E-04 -1.897E-09  2.908E-09 -9.844E-13  1.156E-12  1.00E-07
  4.750E+01 1.17339E-17  1.020E-04 -1.940E-09  2.823E-09 -1.002E-12  1.150E-12  1.00E-07
  4.800E+01 1.14309E-17  9.231E-05 -1.981E-09  2.740E-09 -1.020E-12  1.145E-12  1.00E-07
  4.850E+01 1.11411E-17  8.221E-05 -2.019E-09  2.658E-09 -1.037E-12  1.138E-12  1.00E-07
  4.900E+01 1.08636E-17  7.167E-05 -2.055E-09  2.577E-09 -1.054E-12  1.132E-12  1.00E-07
  4.950E+01 1.05978E-17  6.070E-05 -2.089E-09  2.497E-09 -1.071E-12  1.126E-12  1.00E-07
  5.000E+01 1.03430E-17  4.929E-05 -2.120E-09  2.418E-09 -1.087E-12  1.119E-12  1.00E-07
  5.050E+01 1.00986E-17  3.747E-05 -2.150E-09  2.340E-09 -1.103E-12  1.112E-12  1.00E-07
  5.100E+01 9.86411E-18  2.524E-05 -2.178E-09  2.263E-09 -1.119E-12  1.106E-12  1.00E-07
  5.150E+01 9.63896E-18  1.261E-05 -2.203E-09  2.187E-09 -1.134E-12  1.098E-12  1.00E-07
  5.200E+01 9.42265E-18  0.000E+00 -2.227E-09  2.113E-09 -1.149E-12  1.091E-12  1.00E-07
  5.250E+01 9.21473E-18 -1.381E-05 -2.249E-09  2.039E-09 -1.164E-12  1.084E-12  1.00E-07
  5.300E+01 9.01476E-18 -2.759E-05 -2.269E-09  1.966E-09 -1.179E-12  1.076E-12  1.00E-07
  5.350E+01 8.82233E-18 -4.173E-05 -2.287E-09  1.895E-09 -1.193E-12  1.069E-12  1.00E-07
  5.400E+01 8.63708E-18 -5.621E-05 -2.304E-09  1.824E-09 -1.207E-12  1.061E-12  1.00E-07
  5.450E+01 8.45863E-18 -7.104E-05 -2.319E-09  1.755E-09 -1.220E-12  1.053E-12  1.00E-07
  5.500E+01 8.28666E-18 -8.620E-05 -2.333E-09  1.687E-09 -1.234E-12  1.045E-12  1.00E-07
  5.550E+01 8.12085E-18 -1.017E-04 -2.345E-09  1.619E-09 -1.247E-12  1.037E-12  1.00E-07
  5.600E+01 7.96091E-18 -1.175E-04 -2.356E-09  1.553E-09 -1.259E-12  1.029E-12  1.00E-07
  5.650E+01 7.80655E-18 -1.335E-04 -2.365E-09  1.488E-09 -1.272E-12  1.020E-12  1.00E-07
  5.700E+01 7.65752E-18 -1.499E-04 -2.373E-09  1.423E-09 -1.284E-12  1.012E-12  1.00E-07
  5.750E+01 7.51357E-18 -1.665E-04 -2.380E-09  1.360E-09 -1.296E-12  1.003E-12  1.00E-07
  5.800E+01 7.37448E-18 -1.834E-04 -2.385E-09  1.298E-09 -1.307E-12  9.947E-13  1.00E-07
  5.850E+01 7.24001E-18 -2.006E-04 -2.390E-09  1.236E-09 -1.319E-12  9.860E-13  1.00E-07
  5.900E+01 7.10998E-18 -2.180E-04 -2.393E-09  1.176E-09 -1.330E-12  9.773E-13  1.00E-07
  5.950E+01 6.98418E-18 -2.356E-04 -2.395E-09  1.117E-09 -1.340E-12  9.685E-13  1.00E-07
  6.000E+01 6.86243E-18 -2.534E-04 -2.396E-09  1.059E-09 -1.351E-12  9.596E-13  1.00E-07
  6.050E+01 6.74457E-18 -2.714E-04 -2.396E-09  1.001E-09 -1.361E-12  9.506E-13  1.00E-07
  6.100E+01 6.63042E-18 -2.897E-04 -2.395E-09  9.449E-10 -1.371E-12  9.416E-13  1.00E-07
  6.150E+01 6.51984E-18 -3.081E-04 -2.393E-09  8.895E-10 -1.380E-12  9.325E-13  1.00E-07
  6.200E+01 6.41267E-18 -3.266E-04 -2.391E-09  8.350E-10 -1.390E-12  9.234E-13  1.00E-07
  6.250E+01 6.30879E-18 -3.453E-04 -2.387E-09  7.815E-10 -1.399E-12  9.142E-13  1.00E-07
  6.300E+01 6.20807E-18 -3.642E-04 -2.383E-09  7.289E-10 -1.407E-12  9.050E-13  1.00E-07
  6.350E+01 6.11037E-18 -3.832E-04 -2.377E-09  6.772E-10 -1.416E-12  8.958E-13  1.00E-07
  6.400E+01 6.01558E-18 -4.023E-04 -2.371E-09  6.265E-10 -1.424E-12  8.865E-13  1.00E-07
  6.450E+01 5.92359E-18 -4.216E-04 -2.365E-09  5.766E-10 -1.432E-12  8.772E-13  1.00E-07
  6.500E+01 5.83430E-18 -4.409E-04 -2.357E-09  5.276E-10 -1.440E-12  8.679E-13  1.00E-07
  6.550E+01 5.74760E-18 -4.603E-04 -2.349E-09  4.796E-10 -1.447E-12  8.586E-13  1.00E-07
  6.600E+01 5.66341E-18 -4.798E-04 -2.340E-09  4.323E-10 -1.454E-12  8.492E-13  1.00E-07
  6.650E+01 5.58162E-18 -4.993E-04 -2.331E-09  3.860E-10 -1.461E-12  8.398E-13  1.00E-07
  6.700E+01 5.50216E-18 -5.189E-04 -2.321E-09  3.405E-10 -1.468E-12  8.304E-13  1.00E-07
  6.750E+01 5.42494E-18 -5.385E-04 -2.310E-09  2.958E-10 -1.474E-12  8.210E-13  1.00E-07
  6.800E+01 5.34988E-18 -5.582E-04 -2.299E-09  2.520E-10 -1.481E-12  8.116E-13  1.00E-07
  6.850E+01 5.27691E-18 -5.778E-04 -2.288E-09  2.089E-10 -1.486E-12  8.022E-13  1.00E-07
  6.900E+01 5.20596E-18 -5.975E-04 -2.276E-09  1.667E-10 -1.492E-12  7.928E-13  1.00E-07
  6.950E+01 5.13695E-18 -6.172E-04 -2.263E-09  1.253E-10 -1.498E-12  7.834E-13  1.00E-07
  7.000E+01 5.06984E-18 -6.368E-04 -2.250E-09  8.472E-11 -1.503E-12  7.740E-13  1.00E-07
  7.050E+01 5.00454E-18 -6.564E-04 -2.237E-09  4.488E-11 -1.508E-12  7.646E-13  1.00E-07
  7.100E+01 4.94101E-18 -6.760E-04 -2.223E-09  5.809E-12 -1.513E-12  7.552E-13  1.00E-07
  7.150E+01 4.87918E-18 -6.955E-04 -2.209E-09 -3.250E-11 -1.517E-12  7.459E-13  1.00E-07
  7.200E+01 4.81900E-18 -7.149E-04 -2.194E-09 -7.007E-11 -1.522E-12  7.365E-13  1.00E-07
  7.250E+01 4.76042E-18 -7.343E-04 -2.179E-09 -1.069E-10 -1.526E-12  7.272E-13  1.00E-07
  7.300E+01 4.70339E-18 -7.536E-04 -2.164E-09 -1.430E-10 -1.530E-12  7.179E-13  1.00E-07
  7.350E+01 4.64786E-18 -7.728E-04 -2.148E-09 -1.784E-10 -1.533E-12  7.086E-13  1.00E-07
  7.400E+01 4.59378E-18 -7.919E-04 -2.133E-09 -2.130E-10 -1.537E-12  6.994E-13  1.00E-07
  7.450E+01 4.54111E-18 -8.109E-04 -2.117E-09 -2.470E-10 -1.540E-12  6.901E-13  1.00E-07
  7.500E+01 4.48981E-18 -8.297E-04 -2.100E-09 -2.803E-10 -1.543E-12  6.809E-13  1.00E-07
  7.550E+01 4.43984E-18 -8.484E-04 -2.084E-09 -3.129E-10 -1.546E-12  6.718E-13  1.00E-07
  7.600E+01 4.39115E-18 -8.670E-04 -2.067E-09 -3.449E-10 -1.548E-12  6.626E-13  1.00E-07
  7.650E+01 4.34371E-18 -8.854E-04 -2.050E-09 -3.762E-10 -1.551E-12  6.535E-13  1.00E-07
  7.700E+01 4.29748E-18 -9.037E-04 -2.033E-09 -4.068E-10 -1.553E-12  6.445E-13  1.00E-07
  7.750E+01 4.25242E-18 -9.218E-04 -2.015E-09 -4.369E-10 -1.555E-12  6.354E-13  1.00E-07
  7.800E+01 4.20851E-18 -9.397E-04 -1.998E-09 -4.662E-10 -1.557E-12  6.265E-13  1.00E-07
  7.850E+01 4.16571E-18 -9.574E-04 -1.980E-09 -4.950E-10 -1.558E-12  6.175E-13  1.00E-07
  7.900E+01 4.12398E-18 -9.749E-04 -1.962E-09 -5.232E-10 -1.560E-12  6.086E-13  1.00E-07
  7.950E+01 4.08331E-18 -9.922E-04 -1.944E-09 -5.508E-10 -1.561E-12  5.998E-13  1.00E-07
  8.000E+01 4.04364E-18 -1.009E-03 -1.926E-09 -5.777E-10 -1.562E-12  5.910E-13  1.00E-07
  8.050E+01 4.00497E-18 -1.026E-03 -1.908E-09 -6.041E-10 -1.563E-12  5.822E-13  1.00E-07
  8.100E+01 3.96726E-18 -1.043E-03 -1.890E-09 -6.300E-10 -1.564E-12  5.735E-13  1.00E-07
  8.150E+01 3.93048E-18 -1.059E-03 -1.871E-09 -6.553E-10 -1.564E-12  5.648E-13  1.00E-07
  8.200E+01 3.89462E-18 -1.075E-03 -1.853E-09 -6.800E-10 -1.564E-12  5.562E-13  1.00E-07
  8.250E+01 3.85963E-18 -1.091E-03 -1.834E-09 -7.042E-10 -1.565E-12  5.477E-13  1.00E-07
  8.300E+01 3.82551E-18 -1.107E-03 -1.815E-09 -7.278E-10 -1.565E-12  5.392E-13  1.00E-07
  8.350E+01 3.79222E-18 -1.123E-03 -1.797E-09 -7.510E-10 -1.564E-12  5.307E-13  1.00E-07
  8.400E+01 3.75975E-18 -1.138E-03 -1.778E-09 -7.736E-10 -1.564E-12  5.223E-13  1.00E-07
  8.450E+01 3.72807E-18 -1.153E-03 -1.759E-09 -7.957E-10 -1.564E-12  5.140E-13  1.00E-07
  8.500E+01 3.69716E-18 -1.167E-03 -1.740E-09 -8.174E-10 -1.563E-12  5.057E-13  1.00E-07
  8.550E+01 3.66700E-18 -1.181E-03 -1.722E-09 -8.385E-10 -1.562E-12  4.975E-13  1.00E-07
  8.600E+01 3.63757E-18 -1.196E-03 -1.703E-09 -8.592E-10 -1.561E-12  4.893E-13  1.00E-07
  8.650E+01 3.60885E-18 -1.209E-03 -1.684E-09 -8.794E-10 -1.560E-12  4.812E-13  1.00E-07
  8.700E+01 3.58083E-18 -1.223E-03 -1.665E-09 -8.991E-10 -1.559E-12  4.732E-13  1.00E-07
  8.750E+01 3.55348E-18 -1.236E-03 -1.646E-09 -9.184E-10 -1.557E-12  4.652E-13  1.00E-07
  8.800E+01 3.52678E-18 -1.249E-03 -1.627E-09 -9.372E-10 -1.555E-12  4.573E-13  1.00E-07
  8.850E+01 3.50073E-18 -1.261E-03 -1.609E-09 -9.556E-10 -1.554E-12  4.495E-13  1.00E-07
  8.900E+01 3.47530E-18 -1.274E-03 -1.590E-09 -9.736E-10 -1.552E-12  4.417E-13  1.00E-07
  8.950E+01 3.45048E-18 -1.285E-03 -1.571E-09 -9.911E-10 -1.550E-12  4.340E-13  1.00E-07
  9.000E+01 3.42625E-18 -1.297E-03 -1.552E-09 -1.008E-09 -1.548E-12  4.264E-13  1.00E-07
  9.050E+01 3.40259E-18 -1.308E-03 -1.534E-09 -1.025E-09 -1.545E-12  4.188E-13  1.00E-07
  9.100E+01 3.37950E-18 -1.319E-03 -1.515E-09 -1.041E-09 -1.543E-12  4.113E-13  1.00E-07
  9.150E+01 3.35696E-18 -1.330E-03 -1.496E-09 -1.057E-09 -1.540E-12  4.038E-13  1.00E-07
  9.200E+01 3.33494E-18 -1.340E-03 -1.478E-09 -1.073E-09 -1.537E-12  3.964E-13  1.00E-07
  9.250E+01 3.31345E-18 -1.350E-03 -1.459E-09 -1.088E-09 -1.534E-12  3.891E-13  1.00E-07
  9.300E+01 3.29247E-18 -1.360E-03 -1.441E-09 -1.103E-09 -1.531E-12  3.819E-13  1.00E-07
  9.350E+01 3.27198E-18 -1.369E-03 -1.423E-09 -1.117E-09 -1.528E-12  3.747E-13  1.00E-07
  9.400E+01 3.25198E-18 -1.378E-03 -1.404E-09 -1.131E-09 -1.525E-12  3.676E-13  1.00E-07
  9.450E+01 3.23244E-18 -1.387E-03 -1.386E-09 -1.145E-09 -1.522E-12  3.605E-13  1.00E-07
  9.500E+01 3.21336E-18 -1.396E-03 -1.368E-09 -1.158E-09 -1.518E-12  3.536E-13  1.00E-07
  9.550E+01 3.19473E-18 -1.404E-03 -1.350E-09 -1.172E-09 -1.514E-12  3.467E-13  1.00E-07
  9.600E+01 3.17654E-18 -1.411E-03 -1.332E-09 -1.184E-09 -1.511E-12  3.399E-13  1.00E-07
  9.650E+01 3.15877E-18 -1.419E-03 -1.314E-09 -1.197E-09 -1.507E-12  3.331E-13  1.00E-07
  9.700E+01 3.14141E-18 -1.426E-03 -1.296E-09 -1.209E-09 -1.503E-12  3.264E-13  1.00E-07
  9.750E+01 3.12446E-18 -1.433E-03 -1.279E-09 -1.221E-09 -1.498E-12  3.198E-13  1.00E-07
  9.800E+01 3.10791E-18 -1.439E-03 -1.261E-09 -1.232E-09 -1.494E-12  3.133E-13  1.00E-07
  9.850E+01 3.09174E-18 -1.445E-03 -1.243E-09 -1.243E-09 -1.490E-12  3.068E-13  1.00E-07
  9.900E+01 3.07594E-18 -1.451E-03 -1.226E-09 -1.254E-09 -1.485E-12  3.004E-13  1.00E-07
  9.950E+01 3.06052E-18 -1.456E-03 -1.209E-09 -1.265E-09 -1.481E-12  2.941E-13  1.00E-07
  1.000E+02 3.04545E-18 -1.461E-03 -1.191E-09 -1.275E-09 -1.476E-12  2.878E-13  1.00E-07
  1.005E+02 3.03073E-18 -1.466E-03 -1.174E-09 -1.285E-09 -1.471E-12  2.816E-13  1.00E-07
  1.010E+02 3.01635E-18 -1.471E-03 -1.157E-09 -1.295E-09 -1.466E-12  2.755E-13  1.00E-07
  1.015E+02 3.00230E-18 -1.475E-03 -1.140E-09 -1.305E-09 -1.461E-12  2.695E-13  1.00E-07
  1.020E+02 2.98858E-18 -1.478E-03 -1.124E-09 -1.314E-09 -1.456E-12  2.635E-13  1.00E-07
  1.025E+02 2.97517E-18 -1.482E-03 -1.107E-09 -1.323E-09 -1.451E-12  2.576E-13  1.00E-07
  1.030E+02 2.96208E-18 -1.485E-03 -1.090E-09 -1.332E-09 -1.446E-12  2.518E-13  1.00E-07
  1.035E+02 2.94928E-18 -1.488E-03 -1.074E-09 -1.340E-09 -1.440E-12  2.460E-13  1.00E-07
  1.040E+02 2.93678E-18 -1.491E-03 -1.058E-09 -1.348E-09 -1.435E-12  2.403E-13  1.00E-07
  1.045E+02 2.92457E-18 -1.493E-03 -1.041E-09 -1.357E-09 -1.429E-12  2.347E-13  1.00E-07
  1.050E+02 2.91264E-18 -1.495E-03 -1.025E-09 -1.364E-09 -1.423E-12  2.292E-13  1.00E-07
  1.055E+02 2.90098E-18 -1.497E-03 -1.009E-09 -1.372E-09 -1.418E-12  2.237E-13  1.00E-07
  1.060E+02 2.88959E-18 -1.498E-03 -9.934E-10 -1.379E-09 -1.412E-12  2.183E-13  1.00E-07
  1.065E+02 2.87846E-18 -1.499E-03 -9.777E-10 -1.387E-09 -1.406E-12  2.130E-13  1.00E-07
  1.070E+02 2.86759E-18 -1.500E-03 -9.620E-10 -1.394E-09 -1.400E-12  2.078E-13  1.00E-07
  1.075E+02 2.85697E-18 -1.500E-03 -9.465E-10 -1.400E-09 -1.393E-12  2.026E-13  1.00E-07
  1.080E+02 2.84659E-18 -1.500E-03 -9.312E-10 -1.407E-09 -1.387E-12  1.975E-13  1.00E-07
  1.085E+02 2.83645E-18 -1.500E-03 -9.159E-10 -1.413E-09 -1.381E-12  1.924E-13  1.00E-07
  1.090E+02 2.82654E-18 -1.500E-03 -9.008E-10 -1.420E-09 -1.374E-12  1.875E-13  1.00E-07
  1.095E+02 2.81685E-18 -1.499E-03 -8.858E-10 -1.426E-09 -1.368E-12  1.826E-13  1.00E-07
  1.100E+02 2.80739E-18 -1.498E-03 -8.709E-10 -1.431E-09 -1.361E-12  1.777E-13  1.00E-07
  1.105E+02 2.79815E-18 -1.497E-03 -8.562E-10 -1.437E-09 -1.355E-12  1.730E-13  1.00E-07
  1.110E+02 2.78912E-18 -1.496E-03 -8.416E-10 -1.443E-09 -1.348E-12  1.683E-13  1.00E-07
  1.115E+02 2.78029E-18 -1.494E-03 -8.271E-10 -1.448E-09 -1.341E-12  1.637E-13  1.00E-07
  1.120E+02 2.77166E-18 -1.492E-03 -8.127E-10 -1.453E-09 -1.334E-12  1.591E-13  1.00E-07
  1.125E+02 2.76324E-18 -1.490E-03 -7.985E-10 -1.458E-09 -1.327E-12  1.546E-13  1.00E-07
  1.130E+02 2.75500E-18 -1.487E-03 -7.844E-10 -1.463E-09 -1.320E-12  1.502E-13  1.00E-07
  1.135E+02 2.74696E-18 -1.485E-03 -7.704E-10 -1.467E-09 -1.313E-12  1.459E-13  1.00E-07
  1.140E+02 2.73909E-18 -1.482E-03 -7.565E-10 -1.472E-09 -1.306E-12  1.416E-13  1.00E-07
  1.145E+02 2.73141E-18 -1.478E-03 -7.428E-10 -1.476E-09 -1.299E-12  1.374E-13  1.00E-07
  1.150E+02 2.72390E-18 -1.475E-03 -7.292E-10 -1.481E-09 -1.291E-12  1.332E-13  1.00E-07
  1.155E+02 2.71657E-18 -1.471E-03 -7.157E-10 -1.485E-09 -1.284E-12  1.291E-13  1.00E-07
  1.160E+02 2.70940E-18 -1.467E-03 -7.024E-10 -1.489E-09 -1.276E-12  1.251E-13  1.00E-07
  1.165E+02 2.70240E-18 -1.463E-03 -6.892E-10 -1.492E-09 -1.269E-12  1.212E-13  1.00E-07
  1.170E+02 2.69555E-18 -1.459E-03 -6.761E-10 -1.496E-09 -1.261E-12  1.173E-13  1.00E-07
  1.175E+02 2.68886E-18 -1.454E-03 -6.631E-10 -1.500E-09 -1.253E-12  1.135E-13  1.00E-07
  1.180E+02 2.68233E-18 -1.449E-03 -6.503E-10 -1.503E-09 -1.246E-12  1.098E-13  1.00E-07
  1.185E+02 2.67594E-18 -1.444E-03 -6.376E-10 -1.506E-09 -1.238E-12  1.061E-13  1.00E-07
  1.190E+02 2.66971E-18 -1.439E-03 -6.250E-10 -1.510E-09 -1.230E-12  1.025E-13  1.00E-07
  1.195E+02 2.66361E-18 -1.434E-03 -6.126E-10 -1.513E-09 -1.222E-12  9.891E-14  1.00E-07
  1.200E+02 2.65765E-18 -1.428E-03 -6.003E-10 -1.516E-09 -1.214E-12  9.542E-14  1.00E-07
  1.205E+02 2.65184E-18 -1.422E-03 -5.881E-10 -1.519E-09 -1.206E-12  9.200E-14  1.00E-07
  1.210E+02 2.64615E-18 -1.416E-03 -5.760E-10 -1.521E-09 -1.198E-12  8.864E-14  1.00E-07
  1.215E+02 2.64059E-18 -1.410E-03 -5.641E-10 -1.524E-09 -1.190E-12  8.534E-14  1.00E-07
  1.220E+02 2.63517E-18 -1.403E-03 -5.523E-10 -1.526E-09 -1.181E-12  8.211E-14  1.00E-07
  1.225E+02 2.62986E-18 -1.396E-03 -5.406E-10 -1.529E-09 -1.173E-12  7.893E-14  1.00E-07
  1.230E+02 2.62468E-18 -1.390E-03 -5.290E-10 -1.531E-09 -1.165E-12  7.582E-14  1.00E-07
  1.235E+02 2.61962E-18 -1.383E-03 -5.176E-10 -1.534E-09 -1.156E-12  7.277E-14  1.00E-07
  1.240E+02 2.61467E-18 -1.375E-03 -5.063E-10 -1.536E-09 -1.148E-12  6.978E-14  1.00E-07
  1.245E+02 2.60984E-18 -1.368E-03 -4.951E-10 -1.538E-09 -1.139E-12  6.685E-14  1.00E-07
  1.250E+02 2.60512E-18 -1.360E-03 -4.840E-10 -1.540E-09 -1.131E-12  6.398E-14  1.00E-07
  1.255E+02 2.60051E-18 -1.353E-03 -4.731E-10 -1.542E-09 -1.122E-12  6.117E-14  1.00E-07
  1.260E+02 2.59600E-18 -1.345E-03 -4.623E-10 -1.543E-09 -1.113E-12  5.842E-14  1.00E-07
  1.265E+02 2.59160E-18 -1.337E-03 -4.516E-10 -1.545E-09 -1.105E-12  5.573E-14  1.00E-07
  1.270E+02 2.58731E-18 -1.329E-03 -4.410E-10 -1.547E-09 -1.096E-12  5.310E-14  1.00E-07
  1.275E+02 2.58311E-18 -1.320E-03 -4.306E-10 -1.548E-09 -1.087E-12  5.052E-14  1.00E-07
  1.280E+02 2.57900E-18 -1.312E-03 -4.203E-10 -1.550E-09 -1.078E-12  4.800E-14  1.00E-07
  1.285E+02 2.57500E-18 -1.303E-03 -4.101E-10 -1.551E-09 -1.069E-12  4.554E-14  1.00E-07
  1.290E+02 2.57108E-18 -1.294E-03 -4.000E-10 -1.553E-09 -1.060E-12  4.313E-14  1.00E-07
  1.295E+02 2.56726E-18 -1.285E-03 -3.900E-10 -1.554E-09 -1.051E-12  4.078E-14  1.00E-07
  1.300E+02 2.56353E-18 -1.276E-03 -3.802E-10 -1.555E-09 -1.042E-12  3.849E-14  1.00E-07
  1.305E+02 2.55988E-18 -1.267E-03 -3.704E-10 -1.556E-09 -1.033E-12  3.625E-14  1.00E-07
  1.310E+02 2.55632E-18 -1.258E-03 -3.608E-10 -1.558E-09 -1.024E-12  3.407E-14  1.00E-07
  1.315E+02 2.55285E-18 -1.248E-03 -3.513E-10 -1.559E-09 -1.015E-12  3.194E-14  1.00E-07
  1.320E+02 2.54945E-18 -1.238E-03 -3.420E-10 -1.560E-09 -1.006E-12  2.986E-14  1.00E-07
  1.325E+02 2.54613E-18 -1.229E-03 -3.327E-10 -1.561E-09 -9.963E-13  2.784E-14  1.00E-07
  1.330E+02 2.54290E-18 -1.219E-03 -3.236E-10 -1.561E-09 -9.870E-13  2.587E-14  1.00E-07
  1.335E+02 2.53974E-18 -1.209E-03 -3.145E-10 -1.562E-09 -9.776E-13  2.395E-14  1.00E-07
  1.340E+02 2.53665E-18 -1.199E-03 -3.056E-10 -1.563E-09 -9.682E-13  2.208E-14  1.00E-07
  1.345E+02 2.53363E-18 -1.188E-03 -2.969E-10 -1.564E-09 -9.588E-13  2.027E-14  1.00E-07
  1.350E+02 2.53069E-18 -1.178E-03 -2.882E-10 -1.564E-09 -9.493E-13  1.850E-14  1.00E-07
  1.355E+02 2.52782E-18 -1.167E-03 -2.796E-10 -1.565E-09 -9.398E-13  1.679E-14  1.00E-07
  1.360E+02 2.52502E-18 -1.157E-03 -2.712E-10 -1.566E-09 -9.302E-13  1.512E-14  1.00E-07
  1.365E+02 2.52228E-18 -1.146E-03 -2.628E-10 -1.566E-09 -9.206E-13  1.351E-14  1.00E-07
  1.370E+02 2.51961E-18 -1.135E-03 -2.546E-10 -1.567E-09 -9.110E-13  1.194E-14  1.00E-07
  1.375E+02 2.51700E-18 -1.124E-03 -2.465E-10 -1.567E-09 -9.013E-13  1.042E-14  1.00E-07
  1.380E+02 2.51445E-18 -1.113E-03 -2.385E-10 -1.568E-09 -8.916E-13  8.948E-15  1.00E-07
  1.385E+02 2.51197E-18 -1.102E-03 -2.306E-10 -1.568E-09 -8.819E-13  7.523E-15  1.00E-07
  1.390E+02 2.50955E-18 -1.091E-03 -2.228E-10 -1.568E-09 -8.721E-13  6.146E-15  1.00E-07
  1.395E+02 2.50718E-18 -1.080E-03 -2.151E-10 -1.569E-09 -8.623E-13  4.814E-15  1.00E-07
  1.400E+02 2.50487E-18 -1.069E-03 -2.076E-10 -1.569E-09 -8.525E-13  3.528E-15  1.00E-07
  1.405E+02 2.50262E-18 -1.057E-03 -2.001E-10 -1.569E-09 -8.426E-13  2.288E-15  1.00E-07
  1.410E+02 2.50043E-18 -1.046E-03 -1.928E-10 -1.569E-09 -8.327E-13  1.091E-15  1.00E-07
  1.415E+02 2.49828E-18 -1.034E-03 -1.856E-10 -1.570E-09 -8.228E-13 -6.069E-17  1.00E-07
  1.420E+02 2.49619E-18 -1.022E-03 -1.784E-10 -1.570E-09 -8.128E-13 -1.169E-15  1.00E-07
  1.425E+02 2.49415E-18 -1.010E-03 -1.714E-10 -1.570E-09 -8.028E-13 -2.235E-15  1.00E-07
  1.430E+02 2.49217E-18 -9.985E-04 -1.645E-10 -1.570E-09 -7.928E-13 -3.258E-15  1.00E-07
  1.435E+02 2.49023E-18 -9.866E-04 -1.577E-10 -1.570E-09 -7.828E-13 -4.239E-15  1.00E-07
  1.440E+02 2.48834E-18 -9.745E-04 -1.510E-10 -1.570E-09 -7.727E-13 -5.179E-15  1.00E-07
  1.445E+02 2.48649E-18 -9.624E-04 -1.444E-10 -1.570E-09 -7.626E-13 -6.078E-15  1.00E-07
  1.450E+02 2.48470E-18 -9.503E-04 -1.379E-10 -1.570E-09 -7.524E-13 -6.937E-15  1.00E-07
  1.455E+02 2.48294E-18 -9.380E-04 -1.315E-10 -1.570E-09 -7.423E-13 -7.756E-15  1.00E-07
  1.460E+02 2.48124E-18 -9.257E-04 -1.252E-10 -1.570E-09 -7.321E-13 -8.535E-15  1.00E-07
  1.465E+02 2.47957E-18 -9.133E-04 -1.190E-10 -1.570E-09 -7.219E-13 -9.276E-15  1.00E-07
  1.470E+02 2.47795E-18 -9.009E-04 -1.129E-10 -1.570E-09 -7.116E-13 -9.979E-15  1.00E-07
  1.475E+02 2.47637E-18 -8.884E-04 -1.070E-10 -1.570E-09 -7.013E-13 -1.064E-14  1.00E-07
  1.480E+02 2.47483E-18 -8.758E-04 -1.011E-10 -1.570E-09 -6.911E-13 -1.127E-14  1.00E-07
  1.485E+02 2.47333E-18 -8.632E-04 -9.530E-11 -1.570E-09 -6.807E-13 -1.186E-14  1.00E-07
  1.490E+02 2.47187E-18 -8.505E-04 -8.962E-11 -1.570E-09 -6.704E-13 -1.242E-14  1.00E-07
  1.495E+02 2.47045E-18 -8.378E-04 -8.405E-11 -1.570E-09 -6.600E-13 -1.294E-14  1.00E-07
  1.500E+02 2.46906E-18 -8.250E-04 -7.857E-11 -1.569E-09 -6.497E-13 -1.342E-14  1.00E-07
  1.505E+02 2.46772E-18 -8.121E-04 -7.319E-11 -1.569E-09 -6.392E-13 -1.388E-14  1.00E-07
  1.510E+02 2.46640E-18 -7.993E-04 -6.791E-11 -1.569E-09 -6.288E-13 -1.429E-14  1.00E-07
  1.515E+02 2.46513E-18 -7.863E-04 -6.273E-11 -1.569E-09 -6.184E-13 -1.468E-14  1.00E-07
  1.520E+02 2.46388E-18 -7.733E-04 -5.765E-11 -1.569E-09 -6.079E-13 -1.503E-14  1.00E-07
  1.525E+02 2.46268E-18 -7.603E-04 -5.266E-11 -1.568E-09 -5.974E-13 -1.535E-14  1.00E-07
  1.530E+02 2.46150E-18 -7.472E-04 -4.777E-11 -1.568E-09 -5.869E-13 -1.563E-14  1.00E-07
  1.535E+02 2.46036E-18 -7.340E-04 -4.298E-11 -1.568E-09 -5.763E-13 -1.589E-14  1.00E-07
  1.540E+02 2.45925E-18 -7.209E-04 -3.829E-11 -1.568E-09 -5.658E-13 -1.612E-14  1.00E-07
  1.545E+02 2.45817E-18 -7.076E-04 -3.369E-11 -1.567E-09 -5.552E-13 -1.631E-14  1.00E-07
  1.550E+02 2.45712E-18 -6.944E-04 -2.919E-11 -1.567E-09 -5.446E-13 -1.648E-14  1.00E-07
  1.555E+02 2.45610E-18 -6.811E-04 -2.478E-11 -1.567E-09 -5.340E-13 -1.662E-14  1.00E-07
  1.560E+02 2.45511E-18 -6.677E-04 -2.047E-11 -1.567E-09 -5.234E-13 -1.673E-14  1.00E-07
  1.565E+02 2.45414E-18 -6.544E-04 -1.625E-11 -1.566E-09 -5.127E-13 -1.681E-14  1.00E-07
  1.570E+02 2.45321E-18 -6.409E-04 -1.213E-11 -1.566E-09 -5.021E-13 -1.686E-14  1.00E-07
  1.575E+02 2.45230E-18 -6.275E-04 -8.097E-12 -1.566E-09 -4.914E-13 -1.689E-14  1.00E-07
  1.580E+02 2.45143E-18 -6.140E-04 -4.161E-12 -1.566E-09 -4.807E-13 -1.689E-14  1.00E-07
  1.585E+02 2.45057E-18 -6.005E-04 -3.186E-13 -1.565E-09 -4.700E-13 -1.687E-14  1.00E-07
  1.590E+02 2.44975E-18 -5.869E-04  3.431E-12 -1.565E-09 -4.593E-13 -1.682E-14  1.00E-07
  1.595E+02 2.44895E-18 -5.733E-04  7.089E-12 -1.565E-09 -4.485E-13 -1.675E-14  1.00E-07
  1.600E+02 2.44817E-18 -5.597E-04  1.065E-11 -1.565E-09 -4.378E-13 -1.666E-14  1.00E-07
  1.605E+02 2.44742E-18 -5.461E-04  1.413E-11 -1.564E-09 -4.270E-13 -1.654E-14  1.00E-07
  1.610E+02 2.44670E-18 -5.324E-04  1.751E-11 -1.564E-09 -4.162E-13 -1.640E-14  1.00E-07
  1.615E+02 2.44599E-18 -5.187E-04  2.080E-11 -1.564E-09 -4.054E-13 -1.623E-14  1.00E-07
  1.620E+02 2.44532E-18 -5.050E-04  2.400E-11 -1.564E-09 -3.946E-13 -1.605E-14  1.00E-07
  1.625E+02 2.44466E-18 -4.912E-04  2.710E-11 -1.563E-09 -3.838E-13 -1.584E-14  1.00E-07
  1.630E+02 2.44403E-18 -4.775E-04  3.012E-11 -1.563E-09 -3.730E-13 -1.562E-14  1.00E-07
  1.635E+02 2.44342E-18 -4.637E-04  3.305E-11 -1.563E-09 -3.621E-13 -1.537E-14  1.00E-07
  1.640E+02 2.44283E-18 -4.498E-04  3.589E-11 -1.563E-09 -3.513E-13 -1.511E-14  1.00E-07
  1.645E+02 2.44226E-18 -4.360E-04  3.863E-11 -1.562E-09 -3.404E-13 -1.482E-14  1.00E-07
  1.650E+02 2.44172E-18 -4.221E-04  4.129E-11 -1.562E-09 -3.295E-13 -1.452E-14  1.00E-07
  1.655E+02 2.44119E-18 -4.082E-04  4.386E-11 -1.562E-09 -3.187E-13 -1.420E-14  1.00E-07
  1.660E+02 2.44069E-18 -3.943E-04  4.634E-11 -1.562E-09 -3.078E-13 -1.387E-14  1.00E-07
  1.665E+02 2.44021E-18 -3.804E-04  4.873E-11 -1.561E-09 -2.969E-13 -1.352E-14  1.00E-07
  1.670E+02 2.43974E-18 -3.665E-04  5.103E-11 -1.561E-09 -2.859E-13 -1.315E-14  1.00E-07
  1.675E+02 2.43930E-18 -3.525E-04  5.324E-11 -1.561E-09 -2.750E-13 -1.277E-14  1.00E-07
  1.680E+02 2.43887E-18 -3.385E-04  5.537E-11 -1.561E-09 -2.641E-13 -1.237E-14  1.00E-07
  1.685E+02 2.43847E-18 -3.246E-04  5.740E-11 -1.561E-09 -2.531E-13 -1.196E-14  1.00E-07
  1.690E+02 2.43808E-18 -3.105E-04  5.935E-11 -1.560E-09 -2.422E-13 -1.154E-14  1.00E-07
  1.695E+02 2.43772E-18 -2.965E-04  6.121E-11 -1.560E-09 -2.312E-13 -1.110E-14  1.00E-07
  1.700E+02 2.43737E-18 -2.825E-04  6.298E-11 -1.560E-09 -2.203E-13 -1.065E-14  1.00E-07
  1.705E+02 2.43704E-18 -2.684E-04  6.467E-11 -1.560E-09 -2.093E-13 -1.019E-14  1.00E-07
  1.710E+02 2.43673E-18 -2.544E-04  6.627E-11 -1.560E-09 -1.983E-13 -9.718E-15  1.00E-07
  1.715E+02 2.43643E-18 -2.403E-04  6.778E-11 -1.559E-09 -1.873E-13 -9.236E-15  1.00E-07
  1.720E+02 2.43616E-18 -2.262E-04  6.920E-11 -1.559E-09 -1.763E-13 -8.744E-15  1.00E-07
  1.725E+02 2.43590E-18 -2.121E-04  7.054E-11 -1.559E-09 -1.653E-13 -8.242E-15  1.00E-07
  1.730E+02 2.43565E-18 -1.980E-04  7.179E-11 -1.559E-09 -1.543E-13 -7.732E-15  1.00E-07
  1.735E+02 2.43543E-18 -1.839E-04  7.295E-11 -1.559E-09 -1.433E-13 -7.214E-15  1.00E-07
  1.740E+02 2.43522E-18 -1.698E-04  7.403E-11 -1.559E-09 -1.323E-13 -6.688E-15  1.00E-07
  1.745E+02 2.43503E-18 -1.557E-04  7.502E-11 -1.559E-09 -1.213E-13 -6.155E-15  1.00E-07
  1.750E+02 2.43486E-18 -1.416E-04  7.592E-11 -1.559E-09 -1.103E-13 -5.616E-15  1.00E-07
  1.755E+02 2.43470E-18 -1.274E-04  7.674E-11 -1.558E-09 -9.928E-14 -5.071E-15  1.00E-07
  1.760E+02 2.43457E-18 -1.133E-04  7.747E-11 -1.558E-09 -8.826E-14 -4.521E-15  1.00E-07
  1.765E+02 2.43444E-18 -9.913E-05  7.812E-11 -1.558E-09 -7.723E-14 -3.966E-15  1.00E-07
  1.770E+02 2.43434E-18 -8.497E-05  7.868E-11 -1.558E-09 -6.620E-14 -3.407E-15  1.00E-07
  1.775E+02 2.43425E-18 -7.082E-05  7.915E-11 -1.558E-09 -5.517E-14 -2.844E-15  1.00E-07
  1.780E+02 2.43417E-18 -5.666E-05  7.954E-11 -1.558E-09 -4.414E-14 -2.279E-15  1.00E-07
  1.785E+02 2.43412E-18 -4.249E-05  7.984E-11 -1.558E-09 -3.311E-14 -1.711E-15  1.00E-07
  1.790E+02 2.43407E-18 -2.833E-05  8.005E-11 -1.558E-09 -2.207E-14 -1.142E-15  1.00E-07
  1.795E+02 2.43405E-18 -1.417E-05  8.018E-11 -1.558E-09 -1.104E-14 -5.712E-16  1.00E-07
  1.800E+02 2.43404E-18 -1.988E-19  8.022E-11 -1.558E-09 -1.549E-28 -8.018E-30  1.03E-07

  TOTAL ELASTIC CROSS SECTION = 1.872618E-16 cm**2
               FROM DCS TABLE = 1.872579E-16  (REL. DIF. = 2.07E-05)

  1ST TRANSPORT CROSS SECTION = 5.033834E-17 cm**2
               FROM DCS TABLE = 5.033833E-17  (REL. DIF. = 2.16E-07)

  2ND TRANSPORT CROSS SECTION = 7.610678E-17 cm**2

  **** DPWA0 ENDED ************************************************************

