

  **** PARTIAL WAVE ANALYSIS (DPWA0) ******************************************


  KINETIC ENERGY = 1.16000E+02 eV

      L       PHASE(SPIN UP)     PHASE(SPIN DOWN)
  -----------------------------------------------
       0     -1.86983237E-01      0.00000000E+00
       1      1.50683746E+00      1.50788366E+00
       2      7.22814371E-01      7.23018121E-01
       3      3.53749834E-01      3.53823058E-01
       4      1.75735739E-01      1.75767768E-01
       5      8.88175307E-02      8.88326804E-02
       6      4.55732728E-02      4.55807443E-02
       7      2.36698322E-02      2.36736123E-02
       8      1.24134053E-02      1.24153506E-02
       9      6.56180543E-03      6.56281878E-03
      10      3.49164287E-03      3.49217569E-03
      11      1.86846039E-03      1.86874267E-03
      12      1.00471748E-03      1.00486797E-03
      13      5.42528599E-04      5.42609254E-04
      14      2.94015353E-04      2.94058783E-04
      15      1.59832418E-04      1.59855898E-04
      16      8.71184732E-05      8.71312107E-05
      17      4.75916786E-05      4.75986091E-05
      18      2.60478717E-05      2.60516521E-05
      19      1.42790010E-05      1.42810675E-05
      20      7.83770841E-06      7.83884010E-06
      21      4.30668776E-06      4.30730842E-06
      22      2.36849468E-06      2.36883549E-06
      23      1.30346917E-06      1.30365651E-06
      24      7.17735554E-07      7.17838606E-07
      25      3.95375242E-07      3.95431966E-07
      26      2.17866411E-07      2.17897654E-07
      27      1.20079466E-07      1.20096679E-07
      28      6.61932406E-08      6.62027220E-08
      29      3.64920598E-08      3.64972887E-08
      30      2.01187053E-08      2.01215886E-08
      31      1.10918042E-08      1.10933942E-08
      32      6.11494220E-09      6.11581765E-09
      33      3.37094189E-09      3.37142461E-09
      34      1.85811730E-09      1.85838377E-09
      35      1.02408842E-09      1.02423212E-09
      36      5.64378977E-10      5.64457803E-10
      37      3.10993873E-10      3.11037679E-10


  *** SCATTERING AMPLITUDES AND DIFFERENTIAL CROSS SECTION ***

    ANGLE      DCS       ASYMMETRY    DIRECT AMPLITUDE       SPIN-FLIP AMPLITUDE     ERROR
    (deg)   (cm**2/sr)                      (cm)                    (cm)
  -------------------------------------------------------------------------------------------
  0.000E+00 3.87746E-16  0.000E+00  1.584E-08  1.169E-08  0.000E+00  0.000E+00  1.00E-07
  1.000E-04 3.87746E-16  2.420E-10  1.584E-08  1.169E-08  1.117E-18  3.785E-18  1.00E-07
  1.250E-04 3.87746E-16  3.025E-10  1.584E-08  1.169E-08  1.396E-18  4.732E-18  1.00E-07
  1.500E-04 3.87746E-16  3.630E-10  1.584E-08  1.169E-08  1.675E-18  5.678E-18  1.00E-07
  1.750E-04 3.87746E-16  4.235E-10  1.584E-08  1.169E-08  1.954E-18  6.624E-18  1.00E-07
  2.000E-04 3.87746E-16  4.840E-10  1.584E-08  1.169E-08  2.233E-18  7.571E-18  1.00E-07
  2.250E-04 3.87746E-16  5.445E-10  1.584E-08  1.169E-08  2.512E-18  8.517E-18  1.00E-07
  2.500E-04 3.87746E-16  6.050E-10  1.584E-08  1.169E-08  2.792E-18  9.463E-18  1.00E-07
  2.750E-04 3.87746E-16  6.656E-10  1.584E-08  1.169E-08  3.071E-18  1.041E-17  1.00E-07
  3.000E-04 3.87746E-16  7.261E-10  1.584E-08  1.169E-08  3.350E-18  1.136E-17  1.00E-07
  3.250E-04 3.87746E-16  7.866E-10  1.584E-08  1.169E-08  3.629E-18  1.230E-17  1.00E-07
  3.500E-04 3.87746E-16  8.471E-10  1.584E-08  1.169E-08  3.908E-18  1.325E-17  1.00E-07
  3.750E-04 3.87746E-16  9.076E-10  1.584E-08  1.169E-08  4.187E-18  1.420E-17  1.00E-07
  4.000E-04 3.87746E-16  9.681E-10  1.584E-08  1.169E-08  4.467E-18  1.514E-17  1.00E-07
  4.250E-04 3.87746E-16  1.029E-09  1.584E-08  1.169E-08  4.746E-18  1.609E-17  1.00E-07
  4.500E-04 3.87746E-16  1.089E-09  1.584E-08  1.169E-08  5.025E-18  1.703E-17  1.00E-07
  4.750E-04 3.87746E-16  1.150E-09  1.584E-08  1.169E-08  5.304E-18  1.798E-17  1.00E-07
  5.000E-04 3.87746E-16  1.210E-09  1.584E-08  1.169E-08  5.583E-18  1.893E-17  1.00E-07
  5.250E-04 3.87746E-16  1.271E-09  1.584E-08  1.169E-08  5.862E-18  1.987E-17  1.00E-07
  5.500E-04 3.87746E-16  1.331E-09  1.584E-08  1.169E-08  6.142E-18  2.082E-17  1.00E-07
  5.750E-04 3.87746E-16  1.392E-09  1.584E-08  1.169E-08  6.421E-18  2.177E-17  1.00E-07
  6.000E-04 3.87746E-16  1.452E-09  1.584E-08  1.169E-08  6.700E-18  2.271E-17  1.00E-07
  6.250E-04 3.87746E-16  1.513E-09  1.584E-08  1.169E-08  6.979E-18  2.366E-17  1.00E-07
  6.500E-04 3.87746E-16  1.573E-09  1.584E-08  1.169E-08  7.258E-18  2.460E-17  1.00E-07
  6.750E-04 3.87746E-16  1.634E-09  1.584E-08  1.169E-08  7.537E-18  2.555E-17  1.00E-07
  7.000E-04 3.87746E-16  1.694E-09  1.584E-08  1.169E-08  7.817E-18  2.650E-17  1.00E-07
  7.250E-04 3.87746E-16  1.755E-09  1.584E-08  1.169E-08  8.096E-18  2.744E-17  1.00E-07
  7.500E-04 3.87746E-16  1.815E-09  1.584E-08  1.169E-08  8.375E-18  2.839E-17  1.00E-07
  7.750E-04 3.87746E-16  1.876E-09  1.584E-08  1.169E-08  8.654E-18  2.934E-17  1.00E-07
  8.000E-04 3.87746E-16  1.936E-09  1.584E-08  1.169E-08  8.933E-18  3.028E-17  1.00E-07
  8.250E-04 3.87746E-16  1.997E-09  1.584E-08  1.169E-08  9.212E-18  3.123E-17  1.00E-07
  8.500E-04 3.87746E-16  2.057E-09  1.584E-08  1.169E-08  9.491E-18  3.218E-17  1.00E-07
  8.750E-04 3.87746E-16  2.118E-09  1.584E-08  1.169E-08  9.771E-18  3.312E-17  1.00E-07
  9.000E-04 3.87746E-16  2.178E-09  1.584E-08  1.169E-08  1.005E-17  3.407E-17  1.00E-07
  9.250E-04 3.87746E-16  2.239E-09  1.584E-08  1.169E-08  1.033E-17  3.501E-17  1.00E-07
  9.500E-04 3.87746E-16  2.299E-09  1.584E-08  1.169E-08  1.061E-17  3.596E-17  1.00E-07
  9.750E-04 3.87746E-16  2.360E-09  1.584E-08  1.169E-08  1.089E-17  3.691E-17  1.00E-07
  1.000E-03 3.87746E-16  2.420E-09  1.584E-08  1.169E-08  1.117E-17  3.785E-17  1.00E-07
  1.250E-03 3.87746E-16  3.025E-09  1.584E-08  1.169E-08  1.396E-17  4.732E-17  1.00E-07
  1.500E-03 3.87746E-16  3.630E-09  1.584E-08  1.169E-08  1.675E-17  5.678E-17  1.00E-07
  1.750E-03 3.87746E-16  4.235E-09  1.584E-08  1.169E-08  1.954E-17  6.624E-17  1.00E-07
  2.000E-03 3.87746E-16  4.840E-09  1.584E-08  1.169E-08  2.233E-17  7.571E-17  1.00E-07
  2.250E-03 3.87746E-16  5.445E-09  1.584E-08  1.169E-08  2.512E-17  8.517E-17  1.00E-07
  2.500E-03 3.87746E-16  6.050E-09  1.584E-08  1.169E-08  2.792E-17  9.463E-17  1.00E-07
  2.750E-03 3.87746E-16  6.656E-09  1.584E-08  1.169E-08  3.071E-17  1.041E-16  1.00E-07
  3.000E-03 3.87746E-16  7.261E-09  1.584E-08  1.169E-08  3.350E-17  1.136E-16  1.00E-07
  3.250E-03 3.87746E-16  7.866E-09  1.584E-08  1.169E-08  3.629E-17  1.230E-16  1.00E-07
  3.500E-03 3.87746E-16  8.471E-09  1.584E-08  1.169E-08  3.908E-17  1.325E-16  1.00E-07
  3.750E-03 3.87746E-16  9.076E-09  1.584E-08  1.169E-08  4.187E-17  1.420E-16  1.00E-07
  4.000E-03 3.87746E-16  9.681E-09  1.584E-08  1.169E-08  4.467E-17  1.514E-16  1.00E-07
  4.250E-03 3.87746E-16  1.029E-08  1.584E-08  1.169E-08  4.746E-17  1.609E-16  1.00E-07
  4.500E-03 3.87746E-16  1.089E-08  1.584E-08  1.169E-08  5.025E-17  1.703E-16  1.00E-07
  4.750E-03 3.87746E-16  1.150E-08  1.584E-08  1.169E-08  5.304E-17  1.798E-16  1.00E-07
  5.000E-03 3.87746E-16  1.210E-08  1.584E-08  1.169E-08  5.583E-17  1.893E-16  1.00E-07
  5.250E-03 3.87746E-16  1.271E-08  1.584E-08  1.169E-08  5.862E-17  1.987E-16  1.00E-07
  5.500E-03 3.87746E-16  1.331E-08  1.584E-08  1.169E-08  6.142E-17  2.082E-16  1.00E-07
  5.750E-03 3.87746E-16  1.392E-08  1.584E-08  1.169E-08  6.421E-17  2.177E-16  1.00E-07
  6.000E-03 3.87746E-16  1.452E-08  1.584E-08  1.169E-08  6.700E-17  2.271E-16  1.00E-07
  6.250E-03 3.87746E-16  1.513E-08  1.584E-08  1.169E-08  6.979E-17  2.366E-16  1.00E-07
  6.500E-03 3.87746E-16  1.573E-08  1.584E-08  1.169E-08  7.258E-17  2.460E-16  1.00E-07
  6.750E-03 3.87746E-16  1.634E-08  1.584E-08  1.169E-08  7.537E-17  2.555E-16  1.00E-07
  7.000E-03 3.87746E-16  1.694E-08  1.584E-08  1.169E-08  7.817E-17  2.650E-16  1.00E-07
  7.250E-03 3.87746E-16  1.755E-08  1.584E-08  1.169E-08  8.096E-17  2.744E-16  1.00E-07
  7.500E-03 3.87746E-16  1.815E-08  1.584E-08  1.169E-08  8.375E-17  2.839E-16  1.00E-07
  7.750E-03 3.87746E-16  1.876E-08  1.584E-08  1.169E-08  8.654E-17  2.934E-16  1.00E-07
  8.000E-03 3.87746E-16  1.936E-08  1.584E-08  1.169E-08  8.933E-17  3.028E-16  1.00E-07
  8.250E-03 3.87746E-16  1.997E-08  1.584E-08  1.169E-08  9.212E-17  3.123E-16  1.00E-07
  8.500E-03 3.87746E-16  2.057E-08  1.584E-08  1.169E-08  9.491E-17  3.218E-16  1.00E-07
  8.750E-03 3.87746E-16  2.118E-08  1.584E-08  1.169E-08  9.771E-17  3.312E-16  1.00E-07
  9.000E-03 3.87746E-16  2.178E-08  1.584E-08  1.169E-08  1.005E-16  3.407E-16  1.00E-07
  9.250E-03 3.87746E-16  2.239E-08  1.584E-08  1.169E-08  1.033E-16  3.501E-16  1.00E-07
  9.500E-03 3.87746E-16  2.299E-08  1.584E-08  1.169E-08  1.061E-16  3.596E-16  1.00E-07
  9.750E-03 3.87746E-16  2.360E-08  1.584E-08  1.169E-08  1.089E-16  3.691E-16  1.00E-07
  1.000E-02 3.87746E-16  2.420E-08  1.584E-08  1.169E-08  1.117E-16  3.785E-16  1.00E-07
  1.250E-02 3.87746E-16  3.025E-08  1.584E-08  1.169E-08  1.396E-16  4.732E-16  1.00E-07
  1.500E-02 3.87746E-16  3.630E-08  1.584E-08  1.169E-08  1.675E-16  5.678E-16  1.00E-07
  1.750E-02 3.87746E-16  4.235E-08  1.584E-08  1.169E-08  1.954E-16  6.624E-16  1.00E-07
  2.000E-02 3.87746E-16  4.840E-08  1.584E-08  1.169E-08  2.233E-16  7.571E-16  1.00E-07
  2.250E-02 3.87746E-16  5.445E-08  1.584E-08  1.169E-08  2.512E-16  8.517E-16  1.00E-07
  2.500E-02 3.87745E-16  6.050E-08  1.584E-08  1.169E-08  2.792E-16  9.463E-16  1.00E-07
  2.750E-02 3.87745E-16  6.656E-08  1.584E-08  1.169E-08  3.071E-16  1.041E-15  1.00E-07
  3.000E-02 3.87745E-16  7.261E-08  1.584E-08  1.169E-08  3.350E-16  1.136E-15  1.00E-07
  3.250E-02 3.87745E-16  7.866E-08  1.584E-08  1.169E-08  3.629E-16  1.230E-15  1.00E-07
  3.500E-02 3.87745E-16  8.471E-08  1.584E-08  1.169E-08  3.908E-16  1.325E-15  1.00E-07
  3.750E-02 3.87745E-16  9.076E-08  1.584E-08  1.169E-08  4.187E-16  1.420E-15  1.00E-07
  4.000E-02 3.87744E-16  9.681E-08  1.584E-08  1.169E-08  4.467E-16  1.514E-15  1.00E-07
  4.250E-02 3.87744E-16  1.029E-07  1.584E-08  1.169E-08  4.746E-16  1.609E-15  1.00E-07
  4.500E-02 3.87744E-16  1.089E-07  1.584E-08  1.169E-08  5.025E-16  1.703E-15  1.00E-07
  4.750E-02 3.87744E-16  1.150E-07  1.584E-08  1.169E-08  5.304E-16  1.798E-15  1.00E-07
  5.000E-02 3.87744E-16  1.210E-07  1.584E-08  1.169E-08  5.583E-16  1.893E-15  1.00E-07
  5.250E-02 3.87743E-16  1.271E-07  1.584E-08  1.169E-08  5.862E-16  1.987E-15  1.00E-07
  5.500E-02 3.87743E-16  1.331E-07  1.584E-08  1.169E-08  6.141E-16  2.082E-15  1.00E-07
  5.750E-02 3.87743E-16  1.392E-07  1.584E-08  1.169E-08  6.421E-16  2.177E-15  1.00E-07
  6.000E-02 3.87742E-16  1.452E-07  1.584E-08  1.169E-08  6.700E-16  2.271E-15  1.00E-07
  6.250E-02 3.87742E-16  1.513E-07  1.584E-08  1.169E-08  6.979E-16  2.366E-15  1.00E-07
  6.500E-02 3.87742E-16  1.573E-07  1.584E-08  1.169E-08  7.258E-16  2.460E-15  1.00E-07
  6.750E-02 3.87742E-16  1.634E-07  1.584E-08  1.169E-08  7.537E-16  2.555E-15  1.00E-07
  7.000E-02 3.87741E-16  1.694E-07  1.584E-08  1.169E-08  7.816E-16  2.650E-15  1.00E-07
  7.250E-02 3.87741E-16  1.755E-07  1.584E-08  1.169E-08  8.095E-16  2.744E-15  1.00E-07
  7.500E-02 3.87740E-16  1.815E-07  1.584E-08  1.169E-08  8.375E-16  2.839E-15  1.00E-07
  7.750E-02 3.87740E-16  1.876E-07  1.584E-08  1.169E-08  8.654E-16  2.934E-15  1.00E-07
  8.000E-02 3.87740E-16  1.936E-07  1.584E-08  1.169E-08  8.933E-16  3.028E-15  1.00E-07
  8.250E-02 3.87739E-16  1.997E-07  1.584E-08  1.169E-08  9.212E-16  3.123E-15  1.00E-07
  8.500E-02 3.87739E-16  2.057E-07  1.584E-08  1.169E-08  9.491E-16  3.218E-15  1.00E-07
  8.750E-02 3.87738E-16  2.118E-07  1.584E-08  1.169E-08  9.770E-16  3.312E-15  1.00E-07
  9.000E-02 3.87738E-16  2.178E-07  1.584E-08  1.169E-08  1.005E-15  3.407E-15  1.00E-07
  9.250E-02 3.87738E-16  2.239E-07  1.584E-08  1.169E-08  1.033E-15  3.501E-15  1.00E-07
  9.500E-02 3.87737E-16  2.299E-07  1.584E-08  1.169E-08  1.061E-15  3.596E-15  1.00E-07
  9.750E-02 3.87737E-16  2.360E-07  1.584E-08  1.169E-08  1.089E-15  3.691E-15  1.00E-07
  1.000E-01 3.87736E-16  2.420E-07  1.584E-08  1.169E-08  1.117E-15  3.785E-15  1.00E-07
  1.250E-01 3.87730E-16  3.025E-07  1.584E-08  1.169E-08  1.396E-15  4.732E-15  1.00E-07
  1.500E-01 3.87724E-16  3.630E-07  1.584E-08  1.169E-08  1.675E-15  5.678E-15  1.00E-07
  1.750E-01 3.87715E-16  4.236E-07  1.584E-08  1.169E-08  1.954E-15  6.624E-15  1.00E-07
  2.000E-01 3.87706E-16  4.841E-07  1.584E-08  1.169E-08  2.233E-15  7.571E-15  1.00E-07
  2.250E-01 3.87696E-16  5.446E-07  1.584E-08  1.169E-08  2.512E-15  8.517E-15  1.00E-07
  2.500E-01 3.87684E-16  6.051E-07  1.584E-08  1.169E-08  2.791E-15  9.463E-15  1.00E-07
  2.750E-01 3.87671E-16  6.656E-07  1.584E-08  1.169E-08  3.070E-15  1.041E-14  1.00E-07
  3.000E-01 3.87656E-16  7.262E-07  1.584E-08  1.169E-08  3.348E-15  1.136E-14  1.00E-07
  3.250E-01 3.87641E-16  7.867E-07  1.584E-08  1.169E-08  3.627E-15  1.230E-14  1.00E-07
  3.500E-01 3.87624E-16  8.472E-07  1.584E-08  1.169E-08  3.906E-15  1.325E-14  1.00E-07
  3.750E-01 3.87606E-16  9.078E-07  1.584E-08  1.169E-08  4.184E-15  1.419E-14  1.00E-07
  4.000E-01 3.87586E-16  9.683E-07  1.584E-08  1.169E-08  4.463E-15  1.514E-14  1.00E-07
  4.250E-01 3.87566E-16  1.029E-06  1.584E-08  1.169E-08  4.741E-15  1.609E-14  1.00E-07
  4.500E-01 3.87544E-16  1.089E-06  1.584E-08  1.169E-08  5.020E-15  1.703E-14  1.00E-07
  4.750E-01 3.87521E-16  1.150E-06  1.584E-08  1.169E-08  5.298E-15  1.798E-14  1.00E-07
  5.000E-01 3.87497E-16  1.211E-06  1.584E-08  1.169E-08  5.576E-15  1.893E-14  1.00E-07
  5.250E-01 3.87471E-16  1.271E-06  1.584E-08  1.169E-08  5.854E-15  1.987E-14  1.00E-07
  5.500E-01 3.87444E-16  1.332E-06  1.584E-08  1.169E-08  6.132E-15  2.082E-14  1.00E-07
  5.750E-01 3.87416E-16  1.392E-06  1.584E-08  1.169E-08  6.410E-15  2.176E-14  1.00E-07
  6.000E-01 3.87387E-16  1.453E-06  1.583E-08  1.169E-08  6.687E-15  2.271E-14  1.00E-07
  6.250E-01 3.87356E-16  1.513E-06  1.583E-08  1.169E-08  6.965E-15  2.366E-14  1.00E-07
  6.500E-01 3.87325E-16  1.574E-06  1.583E-08  1.169E-08  7.242E-15  2.460E-14  1.00E-07
  6.750E-01 3.87292E-16  1.635E-06  1.583E-08  1.169E-08  7.519E-15  2.555E-14  1.00E-07
  7.000E-01 3.87257E-16  1.695E-06  1.583E-08  1.169E-08  7.797E-15  2.649E-14  1.00E-07
  7.250E-01 3.87222E-16  1.756E-06  1.583E-08  1.169E-08  8.073E-15  2.744E-14  1.00E-07
  7.500E-01 3.87185E-16  1.817E-06  1.583E-08  1.169E-08  8.350E-15  2.838E-14  1.00E-07
  7.750E-01 3.87147E-16  1.877E-06  1.583E-08  1.169E-08  8.627E-15  2.933E-14  1.00E-07
  8.000E-01 3.87108E-16  1.938E-06  1.583E-08  1.169E-08  8.903E-15  3.028E-14  1.00E-07
  8.250E-01 3.87067E-16  1.999E-06  1.583E-08  1.169E-08  9.180E-15  3.122E-14  1.00E-07
  8.500E-01 3.87026E-16  2.059E-06  1.582E-08  1.169E-08  9.456E-15  3.217E-14  1.00E-07
  8.750E-01 3.86983E-16  2.120E-06  1.582E-08  1.169E-08  9.732E-15  3.311E-14  1.00E-07
  9.000E-01 3.86939E-16  2.181E-06  1.582E-08  1.169E-08  1.001E-14  3.406E-14  1.00E-07
  9.250E-01 3.86893E-16  2.242E-06  1.582E-08  1.169E-08  1.028E-14  3.500E-14  1.00E-07
  9.500E-01 3.86846E-16  2.302E-06  1.582E-08  1.169E-08  1.056E-14  3.595E-14  1.00E-07
  9.750E-01 3.86799E-16  2.363E-06  1.582E-08  1.169E-08  1.083E-14  3.690E-14  1.00E-07
  1.000E+00 3.86749E-16  2.424E-06  1.582E-08  1.169E-08  1.111E-14  3.784E-14  1.00E-07
  1.100E+00 3.86541E-16  2.667E-06  1.581E-08  1.169E-08  1.221E-14  4.162E-14  1.00E-07
  1.200E+00 3.86312E-16  2.910E-06  1.580E-08  1.168E-08  1.330E-14  4.540E-14  1.00E-07
  1.300E+00 3.86064E-16  3.154E-06  1.580E-08  1.168E-08  1.439E-14  4.918E-14  1.00E-07
  1.400E+00 3.85796E-16  3.398E-06  1.579E-08  1.168E-08  1.547E-14  5.296E-14  1.00E-07
  1.500E+00 3.85508E-16  3.642E-06  1.578E-08  1.168E-08  1.655E-14  5.674E-14  1.00E-07
  1.600E+00 3.85201E-16  3.887E-06  1.577E-08  1.168E-08  1.763E-14  6.051E-14  1.00E-07
  1.700E+00 3.84875E-16  4.132E-06  1.577E-08  1.168E-08  1.870E-14  6.429E-14  1.00E-07
  1.800E+00 3.84529E-16  4.377E-06  1.576E-08  1.167E-08  1.976E-14  6.806E-14  1.00E-07
  1.900E+00 3.84164E-16  4.623E-06  1.575E-08  1.167E-08  2.082E-14  7.183E-14  1.00E-07
  2.000E+00 3.83779E-16  4.869E-06  1.573E-08  1.167E-08  2.187E-14  7.560E-14  1.00E-07
  2.100E+00 3.83376E-16  5.116E-06  1.572E-08  1.167E-08  2.291E-14  7.937E-14  1.00E-07
  2.200E+00 3.82953E-16  5.363E-06  1.571E-08  1.167E-08  2.395E-14  8.314E-14  1.00E-07
  2.300E+00 3.82511E-16  5.610E-06  1.570E-08  1.166E-08  2.498E-14  8.690E-14  1.00E-07
  2.400E+00 3.82050E-16  5.858E-06  1.569E-08  1.166E-08  2.600E-14  9.067E-14  1.00E-07
  2.500E+00 3.81571E-16  6.107E-06  1.567E-08  1.166E-08  2.701E-14  9.443E-14  1.00E-07
  2.600E+00 3.81073E-16  6.356E-06  1.566E-08  1.166E-08  2.801E-14  9.819E-14  1.00E-07
  2.700E+00 3.80556E-16  6.606E-06  1.565E-08  1.165E-08  2.901E-14  1.019E-13  1.00E-07
  2.800E+00 3.80020E-16  6.856E-06  1.563E-08  1.165E-08  2.999E-14  1.057E-13  1.00E-07
  2.900E+00 3.79466E-16  7.107E-06  1.561E-08  1.165E-08  3.097E-14  1.095E-13  1.00E-07
  3.000E+00 3.78894E-16  7.358E-06  1.560E-08  1.164E-08  3.194E-14  1.132E-13  1.00E-07
  3.100E+00 3.78304E-16  7.610E-06  1.558E-08  1.164E-08  3.289E-14  1.170E-13  1.00E-07
  3.200E+00 3.77695E-16  7.863E-06  1.557E-08  1.164E-08  3.384E-14  1.207E-13  1.00E-07
  3.300E+00 3.77069E-16  8.117E-06  1.555E-08  1.163E-08  3.477E-14  1.244E-13  1.00E-07
  3.400E+00 3.76424E-16  8.371E-06  1.553E-08  1.163E-08  3.570E-14  1.282E-13  1.00E-07
  3.500E+00 3.75762E-16  8.626E-06  1.551E-08  1.163E-08  3.661E-14  1.319E-13  1.00E-07
  3.600E+00 3.75082E-16  8.881E-06  1.549E-08  1.162E-08  3.751E-14  1.357E-13  1.00E-07
  3.700E+00 3.74385E-16  9.138E-06  1.547E-08  1.162E-08  3.840E-14  1.394E-13  1.00E-07
  3.800E+00 3.73670E-16  9.395E-06  1.545E-08  1.161E-08  3.928E-14  1.431E-13  1.00E-07
  3.900E+00 3.72938E-16  9.653E-06  1.543E-08  1.161E-08  4.014E-14  1.468E-13  1.00E-07
  4.000E+00 3.72190E-16  9.912E-06  1.541E-08  1.161E-08  4.099E-14  1.506E-13  1.00E-07
  4.100E+00 3.71424E-16  1.017E-05  1.539E-08  1.160E-08  4.183E-14  1.543E-13  1.00E-07
  4.200E+00 3.70641E-16  1.043E-05  1.537E-08  1.160E-08  4.265E-14  1.580E-13  1.00E-07
  4.300E+00 3.69842E-16  1.069E-05  1.534E-08  1.159E-08  4.346E-14  1.617E-13  1.00E-07
  4.400E+00 3.69026E-16  1.096E-05  1.532E-08  1.159E-08  4.425E-14  1.654E-13  1.00E-07
  4.500E+00 3.68194E-16  1.122E-05  1.530E-08  1.158E-08  4.503E-14  1.691E-13  1.00E-07
  4.600E+00 3.67345E-16  1.149E-05  1.527E-08  1.158E-08  4.580E-14  1.728E-13  1.00E-07
  4.700E+00 3.66481E-16  1.175E-05  1.525E-08  1.157E-08  4.655E-14  1.765E-13  1.00E-07
  4.800E+00 3.65600E-16  1.202E-05  1.522E-08  1.157E-08  4.729E-14  1.802E-13  1.00E-07
  4.900E+00 3.64704E-16  1.229E-05  1.520E-08  1.156E-08  4.801E-14  1.839E-13  1.00E-07
  5.000E+00 3.63793E-16  1.255E-05  1.517E-08  1.156E-08  4.871E-14  1.876E-13  1.00E-07
  5.100E+00 3.62866E-16  1.282E-05  1.515E-08  1.155E-08  4.940E-14  1.913E-13  1.00E-07
  5.200E+00 3.61924E-16  1.310E-05  1.512E-08  1.155E-08  5.007E-14  1.950E-13  1.00E-07
  5.300E+00 3.60967E-16  1.337E-05  1.509E-08  1.154E-08  5.073E-14  1.987E-13  1.00E-07
  5.400E+00 3.59995E-16  1.364E-05  1.506E-08  1.154E-08  5.136E-14  2.023E-13  1.00E-07
  5.500E+00 3.59008E-16  1.392E-05  1.504E-08  1.153E-08  5.198E-14  2.060E-13  1.00E-07
  5.600E+00 3.58007E-16  1.419E-05  1.501E-08  1.152E-08  5.259E-14  2.097E-13  1.00E-07
  5.700E+00 3.56991E-16  1.447E-05  1.498E-08  1.152E-08  5.317E-14  2.133E-13  1.00E-07
  5.800E+00 3.55961E-16  1.475E-05  1.495E-08  1.151E-08  5.374E-14  2.170E-13  1.00E-07
  5.900E+00 3.54918E-16  1.503E-05  1.492E-08  1.151E-08  5.429E-14  2.206E-13  1.00E-07
  6.000E+00 3.53860E-16  1.531E-05  1.489E-08  1.150E-08  5.482E-14  2.243E-13  1.00E-07
  6.100E+00 3.52789E-16  1.559E-05  1.486E-08  1.149E-08  5.533E-14  2.279E-13  1.00E-07
  6.200E+00 3.51705E-16  1.587E-05  1.482E-08  1.149E-08  5.583E-14  2.315E-13  1.00E-07
  6.300E+00 3.50607E-16  1.616E-05  1.479E-08  1.148E-08  5.630E-14  2.352E-13  1.00E-07
  6.400E+00 3.49496E-16  1.645E-05  1.476E-08  1.147E-08  5.675E-14  2.388E-13  1.00E-07
  6.500E+00 3.48373E-16  1.673E-05  1.473E-08  1.147E-08  5.719E-14  2.424E-13  1.00E-07
  6.600E+00 3.47237E-16  1.702E-05  1.469E-08  1.146E-08  5.760E-14  2.460E-13  1.00E-07
  6.700E+00 3.46088E-16  1.731E-05  1.466E-08  1.145E-08  5.800E-14  2.497E-13  1.00E-07
  6.800E+00 3.44927E-16  1.761E-05  1.463E-08  1.144E-08  5.837E-14  2.533E-13  1.00E-07
  6.900E+00 3.43754E-16  1.790E-05  1.459E-08  1.144E-08  5.873E-14  2.569E-13  1.00E-07
  7.000E+00 3.42569E-16  1.820E-05  1.456E-08  1.143E-08  5.906E-14  2.605E-13  1.00E-07
  7.100E+00 3.41373E-16  1.849E-05  1.452E-08  1.142E-08  5.937E-14  2.641E-13  1.00E-07
  7.200E+00 3.40165E-16  1.879E-05  1.449E-08  1.141E-08  5.966E-14  2.676E-13  1.00E-07
  7.300E+00 3.38946E-16  1.909E-05  1.445E-08  1.141E-08  5.993E-14  2.712E-13  1.00E-07
  7.400E+00 3.37716E-16  1.939E-05  1.441E-08  1.140E-08  6.018E-14  2.748E-13  1.00E-07
  7.500E+00 3.36475E-16  1.970E-05  1.438E-08  1.139E-08  6.041E-14  2.784E-13  1.00E-07
  7.600E+00 3.35223E-16  2.000E-05  1.434E-08  1.138E-08  6.061E-14  2.819E-13  1.00E-07
  7.700E+00 3.33961E-16  2.031E-05  1.430E-08  1.138E-08  6.079E-14  2.855E-13  1.00E-07
  7.800E+00 3.32688E-16  2.062E-05  1.426E-08  1.137E-08  6.095E-14  2.890E-13  1.00E-07
  7.900E+00 3.31406E-16  2.093E-05  1.423E-08  1.136E-08  6.109E-14  2.926E-13  1.00E-07
  8.000E+00 3.30114E-16  2.124E-05  1.419E-08  1.135E-08  6.121E-14  2.961E-13  1.00E-07
  8.100E+00 3.28812E-16  2.156E-05  1.415E-08  1.134E-08  6.130E-14  2.996E-13  1.00E-07
  8.200E+00 3.27501E-16  2.187E-05  1.411E-08  1.133E-08  6.137E-14  3.032E-13  1.00E-07
  8.300E+00 3.26180E-16  2.219E-05  1.407E-08  1.133E-08  6.141E-14  3.067E-13  1.00E-07
  8.400E+00 3.24851E-16  2.251E-05  1.403E-08  1.132E-08  6.143E-14  3.102E-13  1.00E-07
  8.500E+00 3.23513E-16  2.283E-05  1.399E-08  1.131E-08  6.143E-14  3.137E-13  1.00E-07
  8.600E+00 3.22166E-16  2.316E-05  1.395E-08  1.130E-08  6.141E-14  3.172E-13  1.00E-07
  8.700E+00 3.20811E-16  2.348E-05  1.391E-08  1.129E-08  6.136E-14  3.207E-13  1.00E-07
  8.800E+00 3.19448E-16  2.381E-05  1.386E-08  1.128E-08  6.129E-14  3.242E-13  1.00E-07
  8.900E+00 3.18076E-16  2.414E-05  1.382E-08  1.127E-08  6.119E-14  3.277E-13  1.00E-07
  9.000E+00 3.16697E-16  2.447E-05  1.378E-08  1.126E-08  6.107E-14  3.312E-13  1.00E-07
  9.100E+00 3.15311E-16  2.481E-05  1.374E-08  1.125E-08  6.092E-14  3.346E-13  1.00E-07
  9.200E+00 3.13917E-16  2.514E-05  1.369E-08  1.124E-08  6.075E-14  3.381E-13  1.00E-07
  9.300E+00 3.12516E-16  2.548E-05  1.365E-08  1.123E-08  6.056E-14  3.415E-13  1.00E-07
  9.400E+00 3.11108E-16  2.582E-05  1.361E-08  1.122E-08  6.034E-14  3.450E-13  1.00E-07
  9.500E+00 3.09693E-16  2.617E-05  1.356E-08  1.121E-08  6.009E-14  3.484E-13  1.00E-07
  9.600E+00 3.08272E-16  2.651E-05  1.352E-08  1.120E-08  5.982E-14  3.519E-13  1.00E-07
  9.700E+00 3.06844E-16  2.686E-05  1.347E-08  1.119E-08  5.953E-14  3.553E-13  1.00E-07
  9.800E+00 3.05411E-16  2.721E-05  1.343E-08  1.118E-08  5.921E-14  3.587E-13  1.00E-07
  9.900E+00 3.03971E-16  2.756E-05  1.338E-08  1.117E-08  5.886E-14  3.621E-13  1.00E-07
  1.000E+01 3.02526E-16  2.791E-05  1.334E-08  1.116E-08  5.849E-14  3.655E-13  1.00E-07
  1.025E+01 2.98889E-16  2.881E-05  1.322E-08  1.114E-08  5.745E-14  3.740E-13  1.00E-07
  1.050E+01 2.95221E-16  2.972E-05  1.311E-08  1.111E-08  5.625E-14  3.824E-13  1.00E-07
  1.075E+01 2.91525E-16  3.065E-05  1.299E-08  1.108E-08  5.489E-14  3.908E-13  1.00E-07
  1.100E+01 2.87804E-16  3.159E-05  1.287E-08  1.106E-08  5.336E-14  3.991E-13  1.00E-07
  1.125E+01 2.84061E-16  3.255E-05  1.275E-08  1.103E-08  5.167E-14  4.074E-13  1.00E-07
  1.150E+01 2.80299E-16  3.353E-05  1.262E-08  1.100E-08  4.981E-14  4.156E-13  1.00E-07
  1.175E+01 2.76520E-16  3.452E-05  1.250E-08  1.097E-08  4.779E-14  4.238E-13  1.00E-07
  1.200E+01 2.72729E-16  3.553E-05  1.237E-08  1.094E-08  4.559E-14  4.319E-13  1.00E-07
  1.225E+01 2.68926E-16  3.656E-05  1.225E-08  1.091E-08  4.323E-14  4.400E-13  1.00E-07
  1.250E+01 2.65116E-16  3.761E-05  1.212E-08  1.088E-08  4.071E-14  4.480E-13  1.00E-07
  1.275E+01 2.61301E-16  3.868E-05  1.199E-08  1.084E-08  3.801E-14  4.560E-13  1.00E-07
  1.300E+01 2.57484E-16  3.977E-05  1.186E-08  1.081E-08  3.514E-14  4.639E-13  1.00E-07
  1.325E+01 2.53666E-16  4.088E-05  1.172E-08  1.078E-08  3.211E-14  4.717E-13  1.00E-07
  1.350E+01 2.49852E-16  4.201E-05  1.159E-08  1.075E-08  2.891E-14  4.795E-13  1.00E-07
  1.375E+01 2.46042E-16  4.316E-05  1.146E-08  1.071E-08  2.554E-14  4.872E-13  1.00E-07
  1.400E+01 2.42240E-16  4.433E-05  1.132E-08  1.068E-08  2.200E-14  4.949E-13  1.00E-07
  1.425E+01 2.38447E-16  4.552E-05  1.119E-08  1.064E-08  1.829E-14  5.025E-13  1.00E-07
  1.450E+01 2.34666E-16  4.674E-05  1.105E-08  1.061E-08  1.442E-14  5.101E-13  1.00E-07
  1.475E+01 2.30899E-16  4.798E-05  1.092E-08  1.057E-08  1.038E-14  5.175E-13  1.00E-07
  1.500E+01 2.27148E-16  4.924E-05  1.078E-08  1.054E-08  6.170E-15  5.250E-13  1.00E-07
  1.525E+01 2.23415E-16  5.053E-05  1.064E-08  1.050E-08  1.799E-15  5.323E-13  1.00E-07
  1.550E+01 2.19702E-16  5.184E-05  1.050E-08  1.046E-08 -2.737E-15  5.396E-13  1.00E-07
  1.575E+01 2.16010E-16  5.318E-05  1.036E-08  1.042E-08 -7.435E-15  5.468E-13  1.00E-07
  1.600E+01 2.12342E-16  5.454E-05  1.022E-08  1.038E-08 -1.229E-14  5.540E-13  1.00E-07
  1.625E+01 2.08699E-16  5.593E-05  1.008E-08  1.035E-08 -1.732E-14  5.611E-13  1.00E-07
  1.650E+01 2.05083E-16  5.734E-05  9.943E-09  1.031E-08 -2.250E-14  5.681E-13  1.00E-07
  1.675E+01 2.01494E-16  5.879E-05  9.802E-09  1.027E-08 -2.783E-14  5.750E-13  1.00E-07
  1.700E+01 1.97935E-16  6.025E-05  9.662E-09  1.023E-08 -3.333E-14  5.819E-13  1.00E-07
  1.725E+01 1.94407E-16  6.175E-05  9.521E-09  1.019E-08 -3.898E-14  5.887E-13  1.00E-07
  1.750E+01 1.90911E-16  6.328E-05  9.380E-09  1.015E-08 -4.478E-14  5.955E-13  1.00E-07
  1.775E+01 1.87449E-16  6.483E-05  9.239E-09  1.010E-08 -5.074E-14  6.022E-13  1.00E-07
  1.800E+01 1.84021E-16  6.641E-05  9.098E-09  1.006E-08 -5.684E-14  6.088E-13  1.00E-07
  1.825E+01 1.80628E-16  6.803E-05  8.958E-09  1.002E-08 -6.310E-14  6.153E-13  1.00E-07
  1.850E+01 1.77272E-16  6.967E-05  8.817E-09  9.977E-09 -6.950E-14  6.217E-13  1.00E-07
  1.875E+01 1.73954E-16  7.134E-05  8.676E-09  9.934E-09 -7.604E-14  6.281E-13  1.00E-07
  1.900E+01 1.70673E-16  7.305E-05  8.536E-09  9.890E-09 -8.273E-14  6.344E-13  1.00E-07
  1.925E+01 1.67432E-16  7.478E-05  8.395E-09  9.846E-09 -8.956E-14  6.407E-13  1.00E-07
  1.950E+01 1.64230E-16  7.655E-05  8.255E-09  9.802E-09 -9.653E-14  6.468E-13  1.00E-07
  1.975E+01 1.61069E-16  7.835E-05  8.116E-09  9.757E-09 -1.036E-13  6.529E-13  1.00E-07
  2.000E+01 1.57949E-16  8.019E-05  7.976E-09  9.712E-09 -1.109E-13  6.589E-13  1.00E-07
  2.025E+01 1.54870E-16  8.206E-05  7.837E-09  9.667E-09 -1.182E-13  6.649E-13  1.00E-07
  2.050E+01 1.51834E-16  8.396E-05  7.699E-09  9.621E-09 -1.257E-13  6.707E-13  1.00E-07
  2.075E+01 1.48840E-16  8.589E-05  7.561E-09  9.575E-09 -1.334E-13  6.765E-13  1.00E-07
  2.100E+01 1.45888E-16  8.786E-05  7.423E-09  9.528E-09 -1.411E-13  6.822E-13  1.00E-07
  2.125E+01 1.42980E-16  8.986E-05  7.286E-09  9.482E-09 -1.490E-13  6.879E-13  1.00E-07
  2.150E+01 1.40115E-16  9.190E-05  7.149E-09  9.434E-09 -1.570E-13  6.934E-13  1.00E-07
  2.175E+01 1.37294E-16  9.398E-05  7.013E-09  9.387E-09 -1.651E-13  6.989E-13  1.00E-07
  2.200E+01 1.34516E-16  9.609E-05  6.877E-09  9.339E-09 -1.734E-13  7.043E-13  1.00E-07
  2.225E+01 1.31782E-16  9.824E-05  6.743E-09  9.291E-09 -1.817E-13  7.096E-13  1.00E-07
  2.250E+01 1.29092E-16  1.004E-04  6.608E-09  9.242E-09 -1.902E-13  7.148E-13  1.00E-07
  2.275E+01 1.26446E-16  1.026E-04  6.475E-09  9.194E-09 -1.988E-13  7.200E-13  1.00E-07
  2.300E+01 1.23844E-16  1.049E-04  6.342E-09  9.145E-09 -2.074E-13  7.251E-13  1.00E-07
  2.325E+01 1.21286E-16  1.072E-04  6.210E-09  9.095E-09 -2.162E-13  7.301E-13  1.00E-07
  2.350E+01 1.18772E-16  1.095E-04  6.079E-09  9.046E-09 -2.251E-13  7.350E-13  1.00E-07
  2.375E+01 1.16301E-16  1.119E-04  5.948E-09  8.996E-09 -2.341E-13  7.398E-13  1.00E-07
  2.400E+01 1.13874E-16  1.143E-04  5.818E-09  8.946E-09 -2.432E-13  7.446E-13  1.00E-07
  2.425E+01 1.11490E-16  1.167E-04  5.689E-09  8.895E-09 -2.524E-13  7.492E-13  1.00E-07
  2.450E+01 1.09149E-16  1.192E-04  5.561E-09  8.844E-09 -2.616E-13  7.538E-13  1.00E-07
  2.475E+01 1.06851E-16  1.217E-04  5.434E-09  8.793E-09 -2.710E-13  7.583E-13  1.00E-07
  2.500E+01 1.04596E-16  1.243E-04  5.308E-09  8.742E-09 -2.804E-13  7.628E-13  1.00E-07
  2.550E+01 1.00211E-16  1.295E-04  5.058E-09  8.639E-09 -2.996E-13  7.714E-13  1.00E-07
  2.600E+01 9.59937E-17  1.349E-04  4.811E-09  8.535E-09 -3.191E-13  7.797E-13  1.00E-07
  2.650E+01 9.19395E-17  1.404E-04  4.569E-09  8.430E-09 -3.389E-13  7.876E-13  1.00E-07
  2.700E+01 8.80455E-17  1.461E-04  4.331E-09  8.324E-09 -3.589E-13  7.953E-13  1.00E-07
  2.750E+01 8.43081E-17  1.519E-04  4.096E-09  8.218E-09 -3.793E-13  8.026E-13  1.00E-07
  2.800E+01 8.07235E-17  1.579E-04  3.866E-09  8.110E-09 -3.998E-13  8.095E-13  1.00E-07
  2.850E+01 7.72880E-17  1.640E-04  3.640E-09  8.002E-09 -4.207E-13  8.162E-13  1.00E-07
  2.900E+01 7.39972E-17  1.702E-04  3.418E-09  7.894E-09 -4.417E-13  8.225E-13  1.00E-07
  2.950E+01 7.08472E-17  1.766E-04  3.201E-09  7.785E-09 -4.629E-13  8.284E-13  1.00E-07
  3.000E+01 6.78335E-17  1.831E-04  2.988E-09  7.675E-09 -4.843E-13  8.341E-13  1.00E-07
  3.050E+01 6.49519E-17  1.897E-04  2.779E-09  7.565E-09 -5.058E-13  8.394E-13  1.00E-07
  3.100E+01 6.21980E-17  1.964E-04  2.575E-09  7.454E-09 -5.275E-13  8.444E-13  1.00E-07
  3.150E+01 5.95674E-17  2.032E-04  2.375E-09  7.343E-09 -5.493E-13  8.491E-13  1.00E-07
  3.200E+01 5.70557E-17  2.100E-04  2.180E-09  7.232E-09 -5.713E-13  8.534E-13  1.00E-07
  3.250E+01 5.46586E-17  2.170E-04  1.989E-09  7.121E-09 -5.933E-13  8.574E-13  1.00E-07
  3.300E+01 5.23718E-17  2.240E-04  1.802E-09  7.009E-09 -6.154E-13  8.611E-13  1.00E-07
  3.350E+01 5.01910E-17  2.310E-04  1.621E-09  6.897E-09 -6.376E-13  8.645E-13  1.00E-07
  3.400E+01 4.81120E-17  2.381E-04  1.443E-09  6.784E-09 -6.598E-13  8.676E-13  1.00E-07
  3.450E+01 4.61308E-17  2.452E-04  1.270E-09  6.672E-09 -6.821E-13  8.703E-13  1.00E-07
  3.500E+01 4.42432E-17  2.523E-04  1.102E-09  6.560E-09 -7.043E-13  8.727E-13  1.00E-07
  3.550E+01 4.24453E-17  2.594E-04  9.375E-10  6.447E-09 -7.266E-13  8.749E-13  1.00E-07
  3.600E+01 4.07333E-17  2.664E-04  7.777E-10  6.335E-09 -7.489E-13  8.767E-13  1.00E-07
  3.650E+01 3.91035E-17  2.734E-04  6.223E-10  6.222E-09 -7.712E-13  8.782E-13  1.00E-07
  3.700E+01 3.75522E-17  2.803E-04  4.711E-10  6.110E-09 -7.934E-13  8.794E-13  1.00E-07
  3.750E+01 3.60758E-17  2.870E-04  3.242E-10  5.998E-09 -8.156E-13  8.803E-13  1.00E-07
  3.800E+01 3.46710E-17  2.937E-04  1.815E-10  5.885E-09 -8.378E-13  8.809E-13  1.00E-07
  3.850E+01 3.33345E-17  3.001E-04  4.295E-11  5.773E-09 -8.599E-13  8.813E-13  1.00E-07
  3.900E+01 3.20631E-17  3.064E-04 -9.145E-11  5.662E-09 -8.819E-13  8.813E-13  1.00E-07
  3.950E+01 3.08537E-17  3.125E-04 -2.218E-10  5.550E-09 -9.039E-13  8.810E-13  1.00E-07
  4.000E+01 2.97034E-17  3.184E-04 -3.481E-10  5.439E-09 -9.257E-13  8.805E-13  1.00E-07
  4.050E+01 2.86093E-17  3.240E-04 -4.705E-10  5.328E-09 -9.475E-13  8.797E-13  1.00E-07
  4.100E+01 2.75687E-17  3.293E-04 -5.889E-10  5.217E-09 -9.691E-13  8.786E-13  1.00E-07
  4.150E+01 2.65790E-17  3.343E-04 -7.035E-10  5.107E-09 -9.907E-13  8.772E-13  1.00E-07
  4.200E+01 2.56377E-17  3.389E-04 -8.143E-10  4.997E-09 -1.012E-12  8.756E-13  1.00E-07
  4.250E+01 2.47423E-17  3.432E-04 -9.214E-10  4.888E-09 -1.033E-12  8.737E-13  1.00E-07
  4.300E+01 2.38907E-17  3.471E-04 -1.025E-09  4.779E-09 -1.054E-12  8.716E-13  1.00E-07
  4.350E+01 2.30805E-17  3.506E-04 -1.125E-09  4.671E-09 -1.075E-12  8.691E-13  1.00E-07
  4.400E+01 2.23097E-17  3.536E-04 -1.221E-09  4.563E-09 -1.096E-12  8.665E-13  1.00E-07
  4.450E+01 2.15764E-17  3.561E-04 -1.313E-09  4.455E-09 -1.117E-12  8.636E-13  1.00E-07
  4.500E+01 2.08785E-17  3.582E-04 -1.403E-09  4.349E-09 -1.137E-12  8.604E-13  1.00E-07
  4.550E+01 2.02144E-17  3.597E-04 -1.489E-09  4.242E-09 -1.158E-12  8.570E-13  1.00E-07
  4.600E+01 1.95822E-17  3.607E-04 -1.571E-09  4.137E-09 -1.178E-12  8.534E-13  1.00E-07
  4.650E+01 1.89803E-17  3.611E-04 -1.651E-09  4.032E-09 -1.198E-12  8.496E-13  1.00E-07
  4.700E+01 1.84072E-17  3.609E-04 -1.727E-09  3.928E-09 -1.217E-12  8.455E-13  1.00E-07
  4.750E+01 1.78613E-17  3.601E-04 -1.800E-09  3.824E-09 -1.237E-12  8.412E-13  1.00E-07
  4.800E+01 1.73413E-17  3.587E-04 -1.870E-09  3.721E-09 -1.256E-12  8.367E-13  1.00E-07
  4.850E+01 1.68458E-17  3.567E-04 -1.937E-09  3.619E-09 -1.276E-12  8.320E-13  1.00E-07
  4.900E+01 1.63736E-17  3.540E-04 -2.001E-09  3.517E-09 -1.294E-12  8.270E-13  1.00E-07
  4.950E+01 1.59235E-17  3.506E-04 -2.062E-09  3.416E-09 -1.313E-12  8.219E-13  1.00E-07
  5.000E+01 1.54942E-17  3.466E-04 -2.120E-09  3.316E-09 -1.332E-12  8.166E-13  1.00E-07
  5.050E+01 1.50848E-17  3.418E-04 -2.176E-09  3.217E-09 -1.350E-12  8.110E-13  1.00E-07
  5.100E+01 1.46942E-17  3.364E-04 -2.229E-09  3.119E-09 -1.368E-12  8.053E-13  1.00E-07
  5.150E+01 1.43214E-17  3.302E-04 -2.279E-09  3.021E-09 -1.386E-12  7.994E-13  1.00E-07
  5.200E+01 1.39656E-17  3.233E-04 -2.327E-09  2.924E-09 -1.403E-12  7.934E-13  1.00E-07
  5.250E+01 1.36258E-17  3.157E-04 -2.372E-09  2.828E-09 -1.421E-12  7.871E-13  1.00E-07
  5.300E+01 1.33012E-17  3.074E-04 -2.415E-09  2.733E-09 -1.438E-12  7.807E-13  1.00E-07
  5.350E+01 1.29911E-17  2.984E-04 -2.455E-09  2.639E-09 -1.455E-12  7.741E-13  1.00E-07
  5.400E+01 1.26947E-17  2.887E-04 -2.493E-09  2.546E-09 -1.471E-12  7.673E-13  1.00E-07
  5.450E+01 1.24113E-17  2.782E-04 -2.529E-09  2.453E-09 -1.488E-12  7.604E-13  1.00E-07
  5.500E+01 1.21403E-17  2.670E-04 -2.562E-09  2.362E-09 -1.504E-12  7.534E-13  1.00E-07
  5.550E+01 1.18811E-17  2.551E-04 -2.593E-09  2.271E-09 -1.519E-12  7.462E-13  1.00E-07
  5.600E+01 1.16331E-17  2.425E-04 -2.622E-09  2.181E-09 -1.535E-12  7.388E-13  1.00E-07
  5.650E+01 1.13956E-17  2.293E-04 -2.649E-09  2.092E-09 -1.550E-12  7.313E-13  1.00E-07
  5.700E+01 1.11683E-17  2.153E-04 -2.674E-09  2.004E-09 -1.565E-12  7.237E-13  1.00E-07
  5.750E+01 1.09505E-17  2.007E-04 -2.697E-09  1.917E-09 -1.580E-12  7.160E-13  1.00E-07
  5.800E+01 1.07419E-17  1.854E-04 -2.718E-09  1.831E-09 -1.595E-12  7.081E-13  1.00E-07
  5.850E+01 1.05420E-17  1.695E-04 -2.737E-09  1.746E-09 -1.609E-12  7.001E-13  1.00E-07
  5.900E+01 1.03504E-17  1.529E-04 -2.755E-09  1.662E-09 -1.623E-12  6.920E-13  1.00E-07
  5.950E+01 1.01667E-17  1.358E-04 -2.770E-09  1.579E-09 -1.637E-12  6.838E-13  1.00E-07
  6.000E+01 9.99053E-18  1.180E-04 -2.784E-09  1.496E-09 -1.650E-12  6.754E-13  1.00E-07
  6.050E+01 9.82152E-18  9.966E-05 -2.796E-09  1.415E-09 -1.664E-12  6.670E-13  1.00E-07
  6.100E+01 9.65936E-18  8.076E-05 -2.807E-09  1.335E-09 -1.677E-12  6.585E-13  1.00E-07
  6.150E+01 9.50373E-18  6.131E-05 -2.816E-09  1.255E-09 -1.689E-12  6.498E-13  1.00E-07
  6.200E+01 9.35435E-18  4.135E-05 -2.823E-09  1.177E-09 -1.702E-12  6.411E-13  1.00E-07
  6.250E+01 9.21093E-18  2.089E-05 -2.829E-09  1.100E-09 -1.714E-12  6.323E-13  1.00E-07
  6.300E+01 9.07321E-18  0.000E+00 -2.833E-09  1.023E-09 -1.726E-12  6.234E-13  1.00E-07
  6.350E+01 8.94095E-18 -2.143E-05 -2.836E-09  9.478E-10 -1.738E-12  6.145E-13  1.00E-07
  6.400E+01 8.81391E-18 -4.325E-05 -2.837E-09  8.733E-10 -1.749E-12  6.054E-13  1.00E-07
  6.450E+01 8.69187E-18 -6.548E-05 -2.838E-09  7.997E-10 -1.760E-12  5.963E-13  1.00E-07
  6.500E+01 8.57462E-18 -8.810E-05 -2.837E-09  7.272E-10 -1.771E-12  5.872E-13  1.00E-07
  6.550E+01 8.46197E-18 -1.111E-04 -2.834E-09  6.556E-10 -1.782E-12  5.779E-13  1.00E-07
  6.600E+01 8.35372E-18 -1.344E-04 -2.830E-09  5.850E-10 -1.792E-12  5.687E-13  1.00E-07
  6.650E+01 8.24970E-18 -1.580E-04 -2.826E-09  5.154E-10 -1.802E-12  5.593E-13  1.00E-07
  6.700E+01 8.14973E-18 -1.819E-04 -2.820E-09  4.467E-10 -1.812E-12  5.499E-13  1.00E-07
  6.750E+01 8.05367E-18 -2.061E-04 -2.812E-09  3.790E-10 -1.821E-12  5.405E-13  1.00E-07
  6.800E+01 7.96136E-18 -2.305E-04 -2.804E-09  3.123E-10 -1.830E-12  5.310E-13  1.00E-07
  6.850E+01 7.87266E-18 -2.551E-04 -2.795E-09  2.465E-10 -1.839E-12  5.215E-13  1.00E-07
  6.900E+01 7.78743E-18 -2.799E-04 -2.785E-09  1.817E-10 -1.848E-12  5.119E-13  1.00E-07
  6.950E+01 7.70555E-18 -3.048E-04 -2.773E-09  1.179E-10 -1.857E-12  5.023E-13  1.00E-07
  7.000E+01 7.62688E-18 -3.299E-04 -2.761E-09  5.497E-11 -1.865E-12  4.927E-13  1.00E-07
  7.050E+01 7.55133E-18 -3.551E-04 -2.748E-09 -6.984E-12 -1.873E-12  4.831E-13  1.00E-07
  7.100E+01 7.47876E-18 -3.803E-04 -2.734E-09 -6.799E-11 -1.880E-12  4.734E-13  1.00E-07
  7.150E+01 7.40909E-18 -4.056E-04 -2.719E-09 -1.281E-10 -1.888E-12  4.637E-13  1.00E-07
  7.200E+01 7.34221E-18 -4.310E-04 -2.703E-09 -1.872E-10 -1.895E-12  4.540E-13  1.00E-07
  7.250E+01 7.27803E-18 -4.563E-04 -2.687E-09 -2.454E-10 -1.902E-12  4.443E-13  1.00E-07
  7.300E+01 7.21646E-18 -4.816E-04 -2.669E-09 -3.027E-10 -1.909E-12  4.346E-13  1.00E-07
  7.350E+01 7.15740E-18 -5.069E-04 -2.651E-09 -3.591E-10 -1.915E-12  4.249E-13  1.00E-07
  7.400E+01 7.10078E-18 -5.321E-04 -2.632E-09 -4.145E-10 -1.921E-12  4.152E-13  1.00E-07
  7.450E+01 7.04652E-18 -5.572E-04 -2.613E-09 -4.690E-10 -1.927E-12  4.055E-13  1.00E-07
  7.500E+01 6.99455E-18 -5.822E-04 -2.593E-09 -5.227E-10 -1.933E-12  3.957E-13  1.00E-07
  7.550E+01 6.94479E-18 -6.071E-04 -2.572E-09 -5.754E-10 -1.938E-12  3.860E-13  1.00E-07
  7.600E+01 6.89717E-18 -6.317E-04 -2.550E-09 -6.273E-10 -1.943E-12  3.763E-13  1.00E-07
  7.650E+01 6.85163E-18 -6.563E-04 -2.528E-09 -6.782E-10 -1.948E-12  3.666E-13  1.00E-07
  7.700E+01 6.80811E-18 -6.806E-04 -2.506E-09 -7.283E-10 -1.953E-12  3.570E-13  1.00E-07
  7.750E+01 6.76654E-18 -7.046E-04 -2.482E-09 -7.776E-10 -1.957E-12  3.473E-13  1.00E-07
  7.800E+01 6.72687E-18 -7.285E-04 -2.459E-09 -8.259E-10 -1.961E-12  3.377E-13  1.00E-07
  7.850E+01 6.68904E-18 -7.520E-04 -2.434E-09 -8.734E-10 -1.965E-12  3.281E-13  1.00E-07
  7.900E+01 6.65300E-18 -7.753E-04 -2.410E-09 -9.201E-10 -1.969E-12  3.185E-13  1.00E-07
  7.950E+01 6.61869E-18 -7.983E-04 -2.384E-09 -9.659E-10 -1.972E-12  3.089E-13  1.00E-07
  8.000E+01 6.58608E-18 -8.209E-04 -2.359E-09 -1.011E-09 -1.976E-12  2.994E-13  1.00E-07
  8.050E+01 6.55510E-18 -8.432E-04 -2.333E-09 -1.055E-09 -1.979E-12  2.899E-13  1.00E-07
  8.100E+01 6.52572E-18 -8.652E-04 -2.306E-09 -1.098E-09 -1.981E-12  2.805E-13  1.00E-07
  8.150E+01 6.49788E-18 -8.868E-04 -2.280E-09 -1.141E-09 -1.984E-12  2.711E-13  1.00E-07
  8.200E+01 6.47156E-18 -9.080E-04 -2.252E-09 -1.183E-09 -1.986E-12  2.617E-13  1.00E-07
  8.250E+01 6.44670E-18 -9.288E-04 -2.225E-09 -1.224E-09 -1.988E-12  2.524E-13  1.00E-07
  8.300E+01 6.42326E-18 -9.493E-04 -2.197E-09 -1.264E-09 -1.990E-12  2.431E-13  1.00E-07
  8.350E+01 6.40122E-18 -9.692E-04 -2.169E-09 -1.303E-09 -1.992E-12  2.338E-13  1.00E-07
  8.400E+01 6.38052E-18 -9.888E-04 -2.140E-09 -1.342E-09 -1.993E-12  2.246E-13  1.00E-07
  8.450E+01 6.36114E-18 -1.008E-03 -2.111E-09 -1.379E-09 -1.994E-12  2.155E-13  1.00E-07
  8.500E+01 6.34303E-18 -1.027E-03 -2.082E-09 -1.416E-09 -1.995E-12  2.064E-13  1.00E-07
  8.550E+01 6.32618E-18 -1.045E-03 -2.053E-09 -1.453E-09 -1.996E-12  1.974E-13  1.00E-07
  8.600E+01 6.31053E-18 -1.063E-03 -2.024E-09 -1.488E-09 -1.996E-12  1.884E-13  1.00E-07
  8.650E+01 6.29606E-18 -1.080E-03 -1.994E-09 -1.523E-09 -1.997E-12  1.795E-13  1.00E-07
  8.700E+01 6.28274E-18 -1.097E-03 -1.964E-09 -1.557E-09 -1.997E-12  1.707E-13  1.00E-07
  8.750E+01 6.27054E-18 -1.113E-03 -1.934E-09 -1.591E-09 -1.997E-12  1.619E-13  1.00E-07
  8.800E+01 6.25943E-18 -1.129E-03 -1.904E-09 -1.623E-09 -1.996E-12  1.532E-13  1.00E-07
  8.850E+01 6.24938E-18 -1.144E-03 -1.873E-09 -1.655E-09 -1.996E-12  1.445E-13  1.00E-07
  8.900E+01 6.24036E-18 -1.159E-03 -1.843E-09 -1.687E-09 -1.995E-12  1.359E-13  1.00E-07
  8.950E+01 6.23235E-18 -1.173E-03 -1.812E-09 -1.717E-09 -1.994E-12  1.274E-13  1.00E-07
  9.000E+01 6.22532E-18 -1.187E-03 -1.781E-09 -1.747E-09 -1.993E-12  1.190E-13  1.00E-07
  9.050E+01 6.21924E-18 -1.200E-03 -1.750E-09 -1.777E-09 -1.991E-12  1.106E-13  1.00E-07
  9.100E+01 6.21408E-18 -1.213E-03 -1.719E-09 -1.805E-09 -1.990E-12  1.023E-13  1.00E-07
  9.150E+01 6.20983E-18 -1.225E-03 -1.688E-09 -1.833E-09 -1.988E-12  9.406E-14  1.00E-07
  9.200E+01 6.20646E-18 -1.237E-03 -1.657E-09 -1.861E-09 -1.986E-12  8.591E-14  1.00E-07
  9.250E+01 6.20395E-18 -1.248E-03 -1.625E-09 -1.887E-09 -1.984E-12  7.784E-14  1.00E-07
  9.300E+01 6.20226E-18 -1.259E-03 -1.594E-09 -1.913E-09 -1.982E-12  6.985E-14  1.00E-07
  9.350E+01 6.20139E-18 -1.269E-03 -1.563E-09 -1.939E-09 -1.979E-12  6.194E-14  1.00E-07
  9.400E+01 6.20131E-18 -1.279E-03 -1.531E-09 -1.964E-09 -1.977E-12  5.412E-14  1.00E-07
  9.450E+01 6.20199E-18 -1.288E-03 -1.500E-09 -1.988E-09 -1.974E-12  4.637E-14  1.00E-07
  9.500E+01 6.20342E-18 -1.296E-03 -1.468E-09 -2.012E-09 -1.971E-12  3.871E-14  1.00E-07
  9.550E+01 6.20558E-18 -1.305E-03 -1.437E-09 -2.035E-09 -1.967E-12  3.114E-14  1.00E-07
  9.600E+01 6.20844E-18 -1.312E-03 -1.405E-09 -2.057E-09 -1.964E-12  2.365E-14  1.00E-07
  9.650E+01 6.21199E-18 -1.320E-03 -1.374E-09 -2.079E-09 -1.960E-12  1.625E-14  1.00E-07
  9.700E+01 6.21620E-18 -1.326E-03 -1.343E-09 -2.101E-09 -1.956E-12  8.940E-15  1.00E-07
  9.750E+01 6.22107E-18 -1.333E-03 -1.311E-09 -2.122E-09 -1.953E-12  1.718E-15  1.00E-07
  9.800E+01 6.22656E-18 -1.338E-03 -1.280E-09 -2.142E-09 -1.948E-12 -5.413E-15  1.00E-07
  9.850E+01 6.23266E-18 -1.344E-03 -1.248E-09 -2.162E-09 -1.944E-12 -1.245E-14  1.00E-07
  9.900E+01 6.23936E-18 -1.349E-03 -1.217E-09 -2.181E-09 -1.940E-12 -1.940E-14  1.00E-07
  9.950E+01 6.24663E-18 -1.353E-03 -1.186E-09 -2.200E-09 -1.935E-12 -2.626E-14  1.00E-07
  1.000E+02 6.25447E-18 -1.357E-03 -1.155E-09 -2.218E-09 -1.930E-12 -3.302E-14  1.00E-07
  1.005E+02 6.26284E-18 -1.360E-03 -1.124E-09 -2.236E-09 -1.925E-12 -3.968E-14  1.00E-07
  1.010E+02 6.27175E-18 -1.364E-03 -1.093E-09 -2.253E-09 -1.920E-12 -4.626E-14  1.00E-07
  1.015E+02 6.28116E-18 -1.366E-03 -1.062E-09 -2.270E-09 -1.915E-12 -5.273E-14  1.00E-07
  1.020E+02 6.29107E-18 -1.369E-03 -1.031E-09 -2.286E-09 -1.909E-12 -5.911E-14  1.00E-07
  1.025E+02 6.30145E-18 -1.370E-03 -1.000E-09 -2.302E-09 -1.904E-12 -6.539E-14  1.00E-07
  1.030E+02 6.31230E-18 -1.372E-03 -9.697E-10 -2.318E-09 -1.898E-12 -7.158E-14  1.00E-07
  1.035E+02 6.32360E-18 -1.373E-03 -9.392E-10 -2.333E-09 -1.892E-12 -7.766E-14  1.00E-07
  1.040E+02 6.33533E-18 -1.374E-03 -9.088E-10 -2.347E-09 -1.886E-12 -8.365E-14  1.00E-07
  1.045E+02 6.34749E-18 -1.374E-03 -8.785E-10 -2.361E-09 -1.880E-12 -8.954E-14  1.00E-07
  1.050E+02 6.36005E-18 -1.374E-03 -8.483E-10 -2.375E-09 -1.873E-12 -9.533E-14  1.00E-07
  1.055E+02 6.37300E-18 -1.373E-03 -8.183E-10 -2.388E-09 -1.867E-12 -1.010E-13  1.00E-07
  1.060E+02 6.38633E-18 -1.372E-03 -7.884E-10 -2.401E-09 -1.860E-12 -1.066E-13  1.00E-07
  1.065E+02 6.40003E-18 -1.371E-03 -7.586E-10 -2.413E-09 -1.853E-12 -1.121E-13  1.00E-07
  1.070E+02 6.41407E-18 -1.370E-03 -7.290E-10 -2.425E-09 -1.847E-12 -1.175E-13  1.00E-07
  1.075E+02 6.42846E-18 -1.368E-03 -6.995E-10 -2.437E-09 -1.839E-12 -1.228E-13  1.00E-07
  1.080E+02 6.44318E-18 -1.366E-03 -6.702E-10 -2.448E-09 -1.832E-12 -1.279E-13  1.00E-07
  1.085E+02 6.45821E-18 -1.363E-03 -6.410E-10 -2.459E-09 -1.825E-12 -1.330E-13  1.00E-07
  1.090E+02 6.47354E-18 -1.361E-03 -6.120E-10 -2.470E-09 -1.817E-12 -1.380E-13  1.00E-07
  1.095E+02 6.48916E-18 -1.358E-03 -5.832E-10 -2.480E-09 -1.810E-12 -1.429E-13  1.00E-07
  1.100E+02 6.50506E-18 -1.354E-03 -5.545E-10 -2.489E-09 -1.802E-12 -1.476E-13  1.00E-07
  1.105E+02 6.52123E-18 -1.351E-03 -5.260E-10 -2.499E-09 -1.794E-12 -1.523E-13  1.00E-07
  1.110E+02 6.53766E-18 -1.347E-03 -4.976E-10 -2.508E-09 -1.786E-12 -1.569E-13  1.00E-07
  1.115E+02 6.55433E-18 -1.342E-03 -4.694E-10 -2.517E-09 -1.778E-12 -1.613E-13  1.00E-07
  1.120E+02 6.57124E-18 -1.338E-03 -4.414E-10 -2.525E-09 -1.770E-12 -1.657E-13  1.00E-07
  1.125E+02 6.58837E-18 -1.333E-03 -4.136E-10 -2.533E-09 -1.761E-12 -1.700E-13  1.00E-07
  1.130E+02 6.60571E-18 -1.328E-03 -3.860E-10 -2.541E-09 -1.753E-12 -1.741E-13  1.00E-07
  1.135E+02 6.62325E-18 -1.323E-03 -3.586E-10 -2.548E-09 -1.744E-12 -1.782E-13  1.00E-07
  1.140E+02 6.64099E-18 -1.318E-03 -3.313E-10 -2.556E-09 -1.736E-12 -1.821E-13  1.00E-07
  1.145E+02 6.65892E-18 -1.312E-03 -3.042E-10 -2.562E-09 -1.727E-12 -1.860E-13  1.00E-07
  1.150E+02 6.67701E-18 -1.306E-03 -2.773E-10 -2.569E-09 -1.718E-12 -1.897E-13  1.00E-07
  1.155E+02 6.69527E-18 -1.300E-03 -2.507E-10 -2.575E-09 -1.709E-12 -1.933E-13  1.00E-07
  1.160E+02 6.71368E-18 -1.294E-03 -2.242E-10 -2.581E-09 -1.700E-12 -1.969E-13  1.00E-07
  1.165E+02 6.73224E-18 -1.287E-03 -1.979E-10 -2.587E-09 -1.690E-12 -2.003E-13  1.00E-07
  1.170E+02 6.75094E-18 -1.281E-03 -1.718E-10 -2.593E-09 -1.681E-12 -2.036E-13  1.00E-07
  1.175E+02 6.76976E-18 -1.274E-03 -1.459E-10 -2.598E-09 -1.671E-12 -2.069E-13  1.00E-07
  1.180E+02 6.78870E-18 -1.267E-03 -1.203E-10 -2.603E-09 -1.662E-12 -2.100E-13  1.00E-07
  1.185E+02 6.80776E-18 -1.260E-03 -9.478E-11 -2.607E-09 -1.652E-12 -2.130E-13  1.00E-07
  1.190E+02 6.82691E-18 -1.252E-03 -6.951E-11 -2.612E-09 -1.642E-12 -2.159E-13  1.00E-07
  1.195E+02 6.84616E-18 -1.245E-03 -4.446E-11 -2.616E-09 -1.632E-12 -2.188E-13  1.00E-07
  1.200E+02 6.86549E-18 -1.237E-03 -1.961E-11 -2.620E-09 -1.622E-12 -2.215E-13  1.00E-07
  1.205E+02 6.88490E-18 -1.229E-03  5.028E-12 -2.624E-09 -1.612E-12 -2.241E-13  1.00E-07
  1.210E+02 6.90438E-18 -1.221E-03  2.945E-11 -2.627E-09 -1.602E-12 -2.266E-13  1.00E-07
  1.215E+02 6.92393E-18 -1.213E-03  5.366E-11 -2.631E-09 -1.591E-12 -2.290E-13  1.00E-07
  1.220E+02 6.94353E-18 -1.205E-03  7.766E-11 -2.634E-09 -1.581E-12 -2.313E-13  1.00E-07
  1.225E+02 6.96317E-18 -1.196E-03  1.014E-10 -2.637E-09 -1.571E-12 -2.336E-13  1.00E-07
  1.230E+02 6.98286E-18 -1.188E-03  1.250E-10 -2.640E-09 -1.560E-12 -2.357E-13  1.00E-07
  1.235E+02 7.00258E-18 -1.179E-03  1.483E-10 -2.642E-09 -1.549E-12 -2.377E-13  1.00E-07
  1.240E+02 7.02233E-18 -1.170E-03  1.715E-10 -2.644E-09 -1.538E-12 -2.396E-13  1.00E-07
  1.245E+02 7.04209E-18 -1.161E-03  1.944E-10 -2.647E-09 -1.528E-12 -2.414E-13  1.00E-07
  1.250E+02 7.06187E-18 -1.153E-03  2.171E-10 -2.649E-09 -1.517E-12 -2.431E-13  1.00E-07
  1.255E+02 7.08166E-18 -1.143E-03  2.395E-10 -2.650E-09 -1.506E-12 -2.448E-13  1.00E-07
  1.260E+02 7.10145E-18 -1.134E-03  2.618E-10 -2.652E-09 -1.494E-12 -2.463E-13  1.00E-07
  1.265E+02 7.12123E-18 -1.125E-03  2.838E-10 -2.653E-09 -1.483E-12 -2.477E-13  1.00E-07
  1.270E+02 7.14099E-18 -1.116E-03  3.056E-10 -2.655E-09 -1.472E-12 -2.491E-13  1.00E-07
  1.275E+02 7.16074E-18 -1.106E-03  3.272E-10 -2.656E-09 -1.460E-12 -2.503E-13  1.00E-07
  1.280E+02 7.18047E-18 -1.097E-03  3.486E-10 -2.657E-09 -1.449E-12 -2.515E-13  1.00E-07
  1.285E+02 7.20016E-18 -1.087E-03  3.697E-10 -2.658E-09 -1.437E-12 -2.525E-13  1.00E-07
  1.290E+02 7.21982E-18 -1.077E-03  3.906E-10 -2.658E-09 -1.426E-12 -2.535E-13  1.00E-07
  1.295E+02 7.23944E-18 -1.068E-03  4.113E-10 -2.659E-09 -1.414E-12 -2.543E-13  1.00E-07
  1.300E+02 7.25901E-18 -1.058E-03  4.318E-10 -2.659E-09 -1.402E-12 -2.551E-13  1.00E-07
  1.305E+02 7.27853E-18 -1.048E-03  4.520E-10 -2.660E-09 -1.390E-12 -2.558E-13  1.00E-07
  1.310E+02 7.29799E-18 -1.038E-03  4.721E-10 -2.660E-09 -1.379E-12 -2.564E-13  1.00E-07
  1.315E+02 7.31739E-18 -1.028E-03  4.919E-10 -2.660E-09 -1.367E-12 -2.569E-13  1.00E-07
  1.320E+02 7.33672E-18 -1.018E-03  5.115E-10 -2.660E-09 -1.354E-12 -2.573E-13  1.00E-07
  1.325E+02 7.35598E-18 -1.008E-03  5.308E-10 -2.660E-09 -1.342E-12 -2.576E-13  1.00E-07
  1.330E+02 7.37516E-18 -9.977E-04  5.499E-10 -2.659E-09 -1.330E-12 -2.578E-13  1.00E-07
  1.335E+02 7.39426E-18 -9.875E-04  5.689E-10 -2.659E-09 -1.318E-12 -2.579E-13  1.00E-07
  1.340E+02 7.41327E-18 -9.773E-04  5.875E-10 -2.659E-09 -1.305E-12 -2.580E-13  1.00E-07
  1.345E+02 7.43219E-18 -9.670E-04  6.060E-10 -2.658E-09 -1.293E-12 -2.580E-13  1.00E-07
  1.350E+02 7.45102E-18 -9.566E-04  6.242E-10 -2.657E-09 -1.281E-12 -2.578E-13  1.00E-07
  1.355E+02 7.46974E-18 -9.463E-04  6.423E-10 -2.657E-09 -1.268E-12 -2.576E-13  1.00E-07
  1.360E+02 7.48836E-18 -9.358E-04  6.601E-10 -2.656E-09 -1.255E-12 -2.573E-13  1.00E-07
  1.365E+02 7.50687E-18 -9.254E-04  6.776E-10 -2.655E-09 -1.243E-12 -2.569E-13  1.00E-07
  1.370E+02 7.52527E-18 -9.149E-04  6.950E-10 -2.654E-09 -1.230E-12 -2.565E-13  1.00E-07
  1.375E+02 7.54355E-18 -9.044E-04  7.121E-10 -2.653E-09 -1.217E-12 -2.559E-13  1.00E-07
  1.380E+02 7.56172E-18 -8.939E-04  7.290E-10 -2.651E-09 -1.204E-12 -2.553E-13  1.00E-07
  1.385E+02 7.57975E-18 -8.834E-04  7.457E-10 -2.650E-09 -1.192E-12 -2.546E-13  1.00E-07
  1.390E+02 7.59766E-18 -8.728E-04  7.622E-10 -2.649E-09 -1.179E-12 -2.538E-13  1.00E-07
  1.395E+02 7.61543E-18 -8.622E-04  7.784E-10 -2.648E-09 -1.166E-12 -2.529E-13  1.00E-07
  1.400E+02 7.63307E-18 -8.516E-04  7.945E-10 -2.646E-09 -1.153E-12 -2.520E-13  1.00E-07
  1.405E+02 7.65057E-18 -8.409E-04  8.103E-10 -2.645E-09 -1.139E-12 -2.510E-13  1.00E-07
  1.410E+02 7.66793E-18 -8.303E-04  8.259E-10 -2.643E-09 -1.126E-12 -2.499E-13  1.00E-07
  1.415E+02 7.68514E-18 -8.196E-04  8.412E-10 -2.641E-09 -1.113E-12 -2.487E-13  1.00E-07
  1.420E+02 7.70221E-18 -8.089E-04  8.564E-10 -2.640E-09 -1.100E-12 -2.474E-13  1.00E-07
  1.425E+02 7.71911E-18 -7.982E-04  8.713E-10 -2.638E-09 -1.086E-12 -2.461E-13  1.00E-07
  1.430E+02 7.73587E-18 -7.875E-04  8.861E-10 -2.636E-09 -1.073E-12 -2.447E-13  1.00E-07
  1.435E+02 7.75246E-18 -7.768E-04  9.006E-10 -2.635E-09 -1.060E-12 -2.432E-13  1.00E-07
  1.440E+02 7.76889E-18 -7.660E-04  9.149E-10 -2.633E-09 -1.046E-12 -2.417E-13  1.00E-07
  1.445E+02 7.78516E-18 -7.553E-04  9.289E-10 -2.631E-09 -1.033E-12 -2.400E-13  1.00E-07
  1.450E+02 7.80126E-18 -7.445E-04  9.428E-10 -2.629E-09 -1.019E-12 -2.383E-13  1.00E-07
  1.455E+02 7.81719E-18 -7.338E-04  9.565E-10 -2.627E-09 -1.006E-12 -2.366E-13  1.00E-07
  1.460E+02 7.83294E-18 -7.230E-04  9.699E-10 -2.625E-09 -9.919E-13 -2.347E-13  1.00E-07
  1.465E+02 7.84852E-18 -7.122E-04  9.831E-10 -2.623E-09 -9.782E-13 -2.328E-13  1.00E-07
  1.470E+02 7.86392E-18 -7.015E-04  9.961E-10 -2.621E-09 -9.645E-13 -2.309E-13  1.00E-07
  1.475E+02 7.87914E-18 -6.907E-04  1.009E-09 -2.619E-09 -9.507E-13 -2.288E-13  1.00E-07
  1.480E+02 7.89417E-18 -6.799E-04  1.022E-09 -2.617E-09 -9.369E-13 -2.267E-13  1.00E-07
  1.485E+02 7.90902E-18 -6.692E-04  1.034E-09 -2.615E-09 -9.230E-13 -2.246E-13  1.00E-07
  1.490E+02 7.92368E-18 -6.584E-04  1.046E-09 -2.613E-09 -9.091E-13 -2.223E-13  1.00E-07
  1.495E+02 7.93815E-18 -6.476E-04  1.058E-09 -2.611E-09 -8.952E-13 -2.200E-13  1.00E-07
  1.500E+02 7.95242E-18 -6.368E-04  1.070E-09 -2.609E-09 -8.812E-13 -2.177E-13  1.00E-07
  1.505E+02 7.96650E-18 -6.261E-04  1.081E-09 -2.607E-09 -8.672E-13 -2.153E-13  1.00E-07
  1.510E+02 7.98038E-18 -6.153E-04  1.093E-09 -2.605E-09 -8.532E-13 -2.128E-13  1.00E-07
  1.515E+02 7.99405E-18 -6.045E-04  1.104E-09 -2.603E-09 -8.391E-13 -2.103E-13  1.00E-07
  1.520E+02 8.00753E-18 -5.938E-04  1.115E-09 -2.601E-09 -8.250E-13 -2.077E-13  1.00E-07
  1.525E+02 8.02080E-18 -5.830E-04  1.125E-09 -2.599E-09 -8.108E-13 -2.050E-13  1.00E-07
  1.530E+02 8.03387E-18 -5.722E-04  1.136E-09 -2.597E-09 -7.967E-13 -2.023E-13  1.00E-07
  1.535E+02 8.04673E-18 -5.615E-04  1.146E-09 -2.595E-09 -7.824E-13 -1.996E-13  1.00E-07
  1.540E+02 8.05938E-18 -5.507E-04  1.156E-09 -2.593E-09 -7.682E-13 -1.967E-13  1.00E-07
  1.545E+02 8.07181E-18 -5.400E-04  1.166E-09 -2.591E-09 -7.539E-13 -1.939E-13  1.00E-07
  1.550E+02 8.08403E-18 -5.292E-04  1.176E-09 -2.589E-09 -7.396E-13 -1.909E-13  1.00E-07
  1.555E+02 8.09604E-18 -5.185E-04  1.185E-09 -2.587E-09 -7.253E-13 -1.880E-13  1.00E-07
  1.560E+02 8.10783E-18 -5.078E-04  1.195E-09 -2.585E-09 -7.109E-13 -1.849E-13  1.00E-07
  1.565E+02 8.11940E-18 -4.971E-04  1.204E-09 -2.583E-09 -6.965E-13 -1.819E-13  1.00E-07
  1.570E+02 8.13075E-18 -4.863E-04  1.213E-09 -2.581E-09 -6.821E-13 -1.787E-13  1.00E-07
  1.575E+02 8.14188E-18 -4.756E-04  1.221E-09 -2.579E-09 -6.677E-13 -1.756E-13  1.00E-07
  1.580E+02 8.15278E-18 -4.649E-04  1.230E-09 -2.577E-09 -6.532E-13 -1.724E-13  1.00E-07
  1.585E+02 8.16346E-18 -4.542E-04  1.238E-09 -2.575E-09 -6.387E-13 -1.691E-13  1.00E-07
  1.590E+02 8.17391E-18 -4.435E-04  1.246E-09 -2.573E-09 -6.242E-13 -1.658E-13  1.00E-07
  1.595E+02 8.18414E-18 -4.329E-04  1.254E-09 -2.571E-09 -6.097E-13 -1.624E-13  1.00E-07
  1.600E+02 8.19413E-18 -4.222E-04  1.262E-09 -2.569E-09 -5.951E-13 -1.590E-13  1.00E-07
  1.605E+02 8.20390E-18 -4.115E-04  1.269E-09 -2.568E-09 -5.805E-13 -1.556E-13  1.00E-07
  1.610E+02 8.21343E-18 -4.008E-04  1.277E-09 -2.566E-09 -5.659E-13 -1.521E-13  1.00E-07
  1.615E+02 8.22273E-18 -3.902E-04  1.284E-09 -2.564E-09 -5.512E-13 -1.486E-13  1.00E-07
  1.620E+02 8.23180E-18 -3.795E-04  1.291E-09 -2.562E-09 -5.366E-13 -1.451E-13  1.00E-07
  1.625E+02 8.24063E-18 -3.689E-04  1.297E-09 -2.561E-09 -5.219E-13 -1.415E-13  1.00E-07
  1.630E+02 8.24922E-18 -3.583E-04  1.304E-09 -2.559E-09 -5.072E-13 -1.378E-13  1.00E-07
  1.635E+02 8.25758E-18 -3.476E-04  1.310E-09 -2.558E-09 -4.925E-13 -1.342E-13  1.00E-07
  1.640E+02 8.26570E-18 -3.370E-04  1.316E-09 -2.556E-09 -4.778E-13 -1.305E-13  1.00E-07
  1.645E+02 8.27358E-18 -3.264E-04  1.322E-09 -2.554E-09 -4.630E-13 -1.267E-13  1.00E-07
  1.650E+02 8.28121E-18 -3.158E-04  1.328E-09 -2.553E-09 -4.482E-13 -1.230E-13  1.00E-07
  1.655E+02 8.28861E-18 -3.052E-04  1.334E-09 -2.552E-09 -4.335E-13 -1.192E-13  1.00E-07
  1.660E+02 8.29576E-18 -2.946E-04  1.339E-09 -2.550E-09 -4.187E-13 -1.153E-13  1.00E-07
  1.665E+02 8.30267E-18 -2.840E-04  1.344E-09 -2.549E-09 -4.038E-13 -1.115E-13  1.00E-07
  1.670E+02 8.30934E-18 -2.735E-04  1.349E-09 -2.547E-09 -3.890E-13 -1.076E-13  1.00E-07
  1.675E+02 8.31576E-18 -2.629E-04  1.354E-09 -2.546E-09 -3.742E-13 -1.037E-13  1.00E-07
  1.680E+02 8.32194E-18 -2.523E-04  1.358E-09 -2.545E-09 -3.593E-13 -9.974E-14  1.00E-07
  1.685E+02 8.32786E-18 -2.418E-04  1.363E-09 -2.544E-09 -3.444E-13 -9.577E-14  1.00E-07
  1.690E+02 8.33355E-18 -2.312E-04  1.367E-09 -2.543E-09 -3.295E-13 -9.178E-14  1.00E-07
  1.695E+02 8.33898E-18 -2.207E-04  1.371E-09 -2.541E-09 -3.147E-13 -8.777E-14  1.00E-07
  1.700E+02 8.34416E-18 -2.101E-04  1.375E-09 -2.540E-09 -2.997E-13 -8.374E-14  1.00E-07
  1.705E+02 8.34910E-18 -1.996E-04  1.379E-09 -2.539E-09 -2.848E-13 -7.968E-14  1.00E-07
  1.710E+02 8.35379E-18 -1.890E-04  1.382E-09 -2.538E-09 -2.699E-13 -7.561E-14  1.00E-07
  1.715E+02 8.35822E-18 -1.785E-04  1.385E-09 -2.538E-09 -2.550E-13 -7.151E-14  1.00E-07
  1.720E+02 8.36241E-18 -1.680E-04  1.388E-09 -2.537E-09 -2.400E-13 -6.740E-14  1.00E-07
  1.725E+02 8.36634E-18 -1.575E-04  1.391E-09 -2.536E-09 -2.250E-13 -6.327E-14  1.00E-07
  1.730E+02 8.37002E-18 -1.469E-04  1.394E-09 -2.535E-09 -2.101E-13 -5.912E-14  1.00E-07
  1.735E+02 8.37345E-18 -1.364E-04  1.397E-09 -2.534E-09 -1.951E-13 -5.496E-14  1.00E-07
  1.740E+02 8.37663E-18 -1.259E-04  1.399E-09 -2.534E-09 -1.801E-13 -5.078E-14  1.00E-07
  1.745E+02 8.37956E-18 -1.154E-04  1.401E-09 -2.533E-09 -1.651E-13 -4.660E-14  1.00E-07
  1.750E+02 8.38223E-18 -1.049E-04  1.403E-09 -2.533E-09 -1.501E-13 -4.240E-14  1.00E-07
  1.755E+02 8.38465E-18 -9.442E-05  1.405E-09 -2.532E-09 -1.351E-13 -3.819E-14  1.00E-07
  1.760E+02 8.38681E-18 -8.392E-05  1.406E-09 -2.532E-09 -1.201E-13 -3.397E-14  1.00E-07
  1.765E+02 8.38872E-18 -7.343E-05  1.408E-09 -2.531E-09 -1.051E-13 -2.974E-14  1.00E-07
  1.770E+02 8.39038E-18 -6.293E-05  1.409E-09 -2.531E-09 -9.012E-14 -2.551E-14  1.00E-07
  1.775E+02 8.39178E-18 -5.244E-05  1.410E-09 -2.531E-09 -7.510E-14 -2.127E-14  1.00E-07
  1.780E+02 8.39292E-18 -4.195E-05  1.411E-09 -2.530E-09 -6.009E-14 -1.702E-14  1.00E-07
  1.785E+02 8.39382E-18 -3.146E-05  1.411E-09 -2.530E-09 -4.507E-14 -1.277E-14  1.00E-07
  1.790E+02 8.39445E-18 -2.097E-05  1.412E-09 -2.530E-09 -3.005E-14 -8.514E-15  1.00E-07
  1.795E+02 8.39484E-18 -1.049E-05  1.412E-09 -2.530E-09 -1.502E-14 -4.257E-15  1.00E-07
  1.800E+02 8.39496E-18 -1.472E-19  1.412E-09 -2.530E-09 -2.108E-28 -5.975E-29  1.00E-07

  TOTAL ELASTIC CROSS SECTION = 2.662610E-16 cm**2
               FROM DCS TABLE = 2.662560E-16  (REL. DIF. = 1.88E-05)

  1ST TRANSPORT CROSS SECTION = 1.053317E-16 cm**2
               FROM DCS TABLE = 1.053319E-16  (REL. DIF. = 1.44E-06)

  2ND TRANSPORT CROSS SECTION = 1.300091E-16 cm**2

  **** DPWA0 ENDED ************************************************************

