 #  Scattering amplitudes (in cm)      MU=(1-cos(TH))/2
 #  Z =   6,   projectile: electron
 #  Kinetic energy = 6.40000E+01 eV
 #
 # TH (deg)      MU          Re(F)        Im(F)        Re(G)        Im(G)
 #--------------------------------------------------------------------------
  0.000E+00  0.00000E+00  1.38951E-08  1.28997E-08  0.00000E+00  0.00000E+00
  1.000E-04  7.61557E-13  1.38951E-08  1.28997E-08 -1.54104E-18  1.62120E-18
  1.250E-04  1.18994E-12  1.38951E-08  1.28997E-08 -1.92630E-18  2.02650E-18
  1.500E-04  1.71346E-12  1.38951E-08  1.28997E-08 -2.31156E-18  2.43181E-18
  1.750E-04  2.33225E-12  1.38951E-08  1.28997E-08 -2.69682E-18  2.83711E-18
  2.000E-04  3.04617E-12  1.38951E-08  1.28997E-08 -3.08208E-18  3.24241E-18
  2.250E-04  3.85530E-12  1.38951E-08  1.28997E-08 -3.46734E-18  3.64771E-18
  2.500E-04  4.75964E-12  1.38951E-08  1.28997E-08 -3.85260E-18  4.05301E-18
  2.750E-04  5.75917E-12  1.38951E-08  1.28997E-08 -4.23786E-18  4.45831E-18
  3.000E-04  6.85391E-12  1.38951E-08  1.28997E-08 -4.62312E-18  4.86361E-18
  3.250E-04  8.04379E-12  1.38951E-08  1.28997E-08 -5.00838E-18  5.26891E-18
  3.500E-04  9.32893E-12  1.38951E-08  1.28997E-08 -5.39364E-18  5.67421E-18
  3.750E-04  1.07092E-11  1.38951E-08  1.28997E-08 -5.77890E-18  6.07951E-18
  4.000E-04  1.21847E-11  1.38951E-08  1.28997E-08 -6.16416E-18  6.48482E-18
  4.250E-04  1.37554E-11  1.38951E-08  1.28997E-08 -6.54942E-18  6.89012E-18
  4.500E-04  1.54213E-11  1.38951E-08  1.28997E-08 -6.93468E-18  7.29542E-18
  4.750E-04  1.71823E-11  1.38951E-08  1.28997E-08 -7.31994E-18  7.70072E-18
  5.000E-04  1.90386E-11  1.38951E-08  1.28997E-08 -7.70520E-18  8.10602E-18
  5.250E-04  2.09900E-11  1.38951E-08  1.28997E-08 -8.09046E-18  8.51132E-18
  5.500E-04  2.30367E-11  1.38951E-08  1.28997E-08 -8.47572E-18  8.91662E-18
  5.750E-04  2.51785E-11  1.38951E-08  1.28997E-08 -8.86098E-18  9.32192E-18
  6.000E-04  2.74156E-11  1.38951E-08  1.28997E-08 -9.24624E-18  9.72722E-18
  6.250E-04  2.97478E-11  1.38951E-08  1.28997E-08 -9.63150E-18  1.01325E-17
  6.500E-04  3.21752E-11  1.38951E-08  1.28997E-08 -1.00168E-17  1.05378E-17
  6.750E-04  3.46979E-11  1.38951E-08  1.28997E-08 -1.04020E-17  1.09431E-17
  7.000E-04  3.73157E-11  1.38951E-08  1.28997E-08 -1.07873E-17  1.13484E-17
  7.250E-04  4.00286E-11  1.38951E-08  1.28997E-08 -1.11725E-17  1.17537E-17
  7.500E-04  4.28368E-11  1.38951E-08  1.28997E-08 -1.15578E-17  1.21590E-17
  7.750E-04  4.57402E-11  1.38951E-08  1.28997E-08 -1.19431E-17  1.25643E-17
  8.000E-04  4.87388E-11  1.38951E-08  1.28997E-08 -1.23283E-17  1.29696E-17
  8.250E-04  5.18325E-11  1.38951E-08  1.28997E-08 -1.27136E-17  1.33749E-17
  8.500E-04  5.50215E-11  1.38951E-08  1.28997E-08 -1.30988E-17  1.37802E-17
  8.750E-04  5.83057E-11  1.38951E-08  1.28997E-08 -1.34841E-17  1.41855E-17
  9.000E-04  6.16850E-11  1.38951E-08  1.28997E-08 -1.38694E-17  1.45908E-17
  9.250E-04  6.51595E-11  1.38951E-08  1.28997E-08 -1.42546E-17  1.49961E-17
  9.500E-04  6.87293E-11  1.38951E-08  1.28997E-08 -1.46399E-17  1.54014E-17
  9.750E-04  7.23943E-11  1.38951E-08  1.28997E-08 -1.50251E-17  1.58067E-17
  1.000E-03  7.61544E-11  1.38951E-08  1.28997E-08 -1.54104E-17  1.62120E-17
  1.250E-03  1.18991E-10  1.38951E-08  1.28997E-08 -1.92630E-17  2.02650E-17
  1.500E-03  1.71347E-10  1.38951E-08  1.28997E-08 -2.31156E-17  2.43181E-17
  1.750E-03  2.33223E-10  1.38951E-08  1.28997E-08 -2.69682E-17  2.83711E-17
  2.000E-03  3.04617E-10  1.38951E-08  1.28997E-08 -3.08208E-17  3.24241E-17
  2.250E-03  3.85531E-10  1.38951E-08  1.28997E-08 -3.46734E-17  3.64771E-17
  2.500E-03  4.75965E-10  1.38951E-08  1.28997E-08 -3.85260E-17  4.05301E-17
  2.750E-03  5.75917E-10  1.38951E-08  1.28997E-08 -4.23786E-17  4.45831E-17
  3.000E-03  6.85389E-10  1.38951E-08  1.28997E-08 -4.62312E-17  4.86361E-17
  3.250E-03  8.04380E-10  1.38951E-08  1.28997E-08 -5.00838E-17  5.26891E-17
  3.500E-03  9.32891E-10  1.38951E-08  1.28997E-08 -5.39364E-17  5.67421E-17
  3.750E-03  1.07092E-09  1.38951E-08  1.28997E-08 -5.77890E-17  6.07951E-17
  4.000E-03  1.21847E-09  1.38951E-08  1.28997E-08 -6.16416E-17  6.48482E-17
  4.250E-03  1.37554E-09  1.38951E-08  1.28997E-08 -6.54942E-17  6.89012E-17
  4.500E-03  1.54213E-09  1.38951E-08  1.28997E-08 -6.93468E-17  7.29542E-17
  4.750E-03  1.71823E-09  1.38951E-08  1.28997E-08 -7.31994E-17  7.70072E-17
  5.000E-03  1.90386E-09  1.38951E-08  1.28997E-08 -7.70520E-17  8.10602E-17
  5.250E-03  2.09900E-09  1.38951E-08  1.28997E-08 -8.09046E-17  8.51132E-17
  5.500E-03  2.30367E-09  1.38951E-08  1.28997E-08 -8.47572E-17  8.91662E-17
  5.750E-03  2.51785E-09  1.38951E-08  1.28997E-08 -8.86098E-17  9.32192E-17
  6.000E-03  2.74156E-09  1.38951E-08  1.28997E-08 -9.24624E-17  9.72722E-17
  6.250E-03  2.97478E-09  1.38951E-08  1.28997E-08 -9.63150E-17  1.01325E-16
  6.500E-03  3.21752E-09  1.38951E-08  1.28997E-08 -1.00168E-16  1.05378E-16
  6.750E-03  3.46978E-09  1.38951E-08  1.28997E-08 -1.04020E-16  1.09431E-16
  7.000E-03  3.73156E-09  1.38951E-08  1.28997E-08 -1.07873E-16  1.13484E-16
  7.250E-03  4.00286E-09  1.38951E-08  1.28997E-08 -1.11725E-16  1.17537E-16
  7.500E-03  4.28368E-09  1.38951E-08  1.28997E-08 -1.15578E-16  1.21590E-16
  7.750E-03  4.57402E-09  1.38951E-08  1.28997E-08 -1.19431E-16  1.25643E-16
  8.000E-03  4.87388E-09  1.38951E-08  1.28997E-08 -1.23283E-16  1.29696E-16
  8.250E-03  5.18326E-09  1.38951E-08  1.28997E-08 -1.27136E-16  1.33749E-16
  8.500E-03  5.50215E-09  1.38951E-08  1.28997E-08 -1.30988E-16  1.37802E-16
  8.750E-03  5.83057E-09  1.38951E-08  1.28997E-08 -1.34841E-16  1.41855E-16
  9.000E-03  6.16850E-09  1.38951E-08  1.28997E-08 -1.38694E-16  1.45908E-16
  9.250E-03  6.51596E-09  1.38951E-08  1.28997E-08 -1.42546E-16  1.49961E-16
  9.500E-03  6.87293E-09  1.38951E-08  1.28997E-08 -1.46399E-16  1.54014E-16
  9.750E-03  7.23942E-09  1.38951E-08  1.28997E-08 -1.50251E-16  1.58067E-16
  1.000E-02  7.61544E-09  1.38951E-08  1.28997E-08 -1.54104E-16  1.62120E-16
  1.250E-02  1.18991E-08  1.38951E-08  1.28997E-08 -1.92630E-16  2.02650E-16
  1.500E-02  1.71347E-08  1.38951E-08  1.28997E-08 -2.31156E-16  2.43181E-16
  1.750E-02  2.33223E-08  1.38951E-08  1.28997E-08 -2.69682E-16  2.83711E-16
  2.000E-02  3.04617E-08  1.38951E-08  1.28997E-08 -3.08208E-16  3.24241E-16
  2.250E-02  3.85531E-08  1.38951E-08  1.28997E-08 -3.46734E-16  3.64771E-16
  2.500E-02  4.75965E-08  1.38951E-08  1.28997E-08 -3.85260E-16  4.05301E-16
  2.750E-02  5.75917E-08  1.38951E-08  1.28997E-08 -4.23786E-16  4.45831E-16
  3.000E-02  6.85389E-08  1.38951E-08  1.28997E-08 -4.62312E-16  4.86361E-16
  3.250E-02  8.04380E-08  1.38951E-08  1.28997E-08 -5.00838E-16  5.26891E-16
  3.500E-02  9.32891E-08  1.38951E-08  1.28997E-08 -5.39365E-16  5.67421E-16
  3.750E-02  1.07092E-07  1.38951E-08  1.28997E-08 -5.77891E-16  6.07951E-16
  4.000E-02  1.21847E-07  1.38951E-08  1.28997E-08 -6.16417E-16  6.48481E-16
  4.250E-02  1.37554E-07  1.38951E-08  1.28997E-08 -6.54943E-16  6.89011E-16
  4.500E-02  1.54213E-07  1.38951E-08  1.28997E-08 -6.93469E-16  7.29541E-16
  4.750E-02  1.71823E-07  1.38950E-08  1.28997E-08 -7.31996E-16  7.70071E-16
  5.000E-02  1.90386E-07  1.38950E-08  1.28997E-08 -7.70522E-16  8.10601E-16
  5.250E-02  2.09900E-07  1.38950E-08  1.28997E-08 -8.09048E-16  8.51131E-16
  5.500E-02  2.30367E-07  1.38950E-08  1.28997E-08 -8.47575E-16  8.91661E-16
  5.750E-02  2.51785E-07  1.38950E-08  1.28997E-08 -8.86101E-16  9.32191E-16
  6.000E-02  2.74156E-07  1.38950E-08  1.28997E-08 -9.24628E-16  9.72721E-16
  6.250E-02  2.97478E-07  1.38950E-08  1.28997E-08 -9.63154E-16  1.01325E-15
  6.500E-02  3.21752E-07  1.38950E-08  1.28997E-08 -1.00168E-15  1.05378E-15
  6.750E-02  3.46978E-07  1.38950E-08  1.28997E-08 -1.04021E-15  1.09431E-15
  7.000E-02  3.73156E-07  1.38950E-08  1.28997E-08 -1.07873E-15  1.13484E-15
  7.250E-02  4.00286E-07  1.38950E-08  1.28997E-08 -1.11726E-15  1.17537E-15
  7.500E-02  4.28368E-07  1.38950E-08  1.28997E-08 -1.15579E-15  1.21590E-15
  7.750E-02  4.57402E-07  1.38950E-08  1.28997E-08 -1.19431E-15  1.25643E-15
  8.000E-02  4.87388E-07  1.38950E-08  1.28997E-08 -1.23284E-15  1.29696E-15
  8.250E-02  5.18325E-07  1.38950E-08  1.28997E-08 -1.27137E-15  1.33749E-15
  8.500E-02  5.50215E-07  1.38950E-08  1.28997E-08 -1.30990E-15  1.37802E-15
  8.750E-02  5.83057E-07  1.38950E-08  1.28997E-08 -1.34842E-15  1.41855E-15
  9.000E-02  6.16850E-07  1.38950E-08  1.28997E-08 -1.38695E-15  1.45908E-15
  9.250E-02  6.51596E-07  1.38949E-08  1.28997E-08 -1.42548E-15  1.49961E-15
  9.500E-02  6.87293E-07  1.38949E-08  1.28997E-08 -1.46400E-15  1.54014E-15
  9.750E-02  7.23942E-07  1.38949E-08  1.28996E-08 -1.50253E-15  1.58067E-15
  1.000E-01  7.61543E-07  1.38949E-08  1.28996E-08 -1.54106E-15  1.62120E-15
  1.250E-01  1.18991E-06  1.38948E-08  1.28996E-08 -1.92634E-15  2.02649E-15
  1.500E-01  1.71347E-06  1.38947E-08  1.28996E-08 -2.31162E-15  2.43178E-15
  1.750E-01  2.33223E-06  1.38946E-08  1.28996E-08 -2.69692E-15  2.83707E-15
  2.000E-01  3.04617E-06  1.38944E-08  1.28995E-08 -3.08223E-15  3.24236E-15
  2.250E-01  3.85531E-06  1.38943E-08  1.28995E-08 -3.46756E-15  3.64764E-15
  2.500E-01  4.75964E-06  1.38941E-08  1.28994E-08 -3.85290E-15  4.05291E-15
  2.750E-01  5.75916E-06  1.38939E-08  1.28994E-08 -4.23826E-15  4.45818E-15
  3.000E-01  6.85388E-06  1.38936E-08  1.28993E-08 -4.62364E-15  4.86344E-15
  3.250E-01  8.04378E-06  1.38934E-08  1.28992E-08 -5.00904E-15  5.26870E-15
  3.500E-01  9.32888E-06  1.38931E-08  1.28992E-08 -5.39447E-15  5.67395E-15
  3.750E-01  1.07092E-05  1.38928E-08  1.28991E-08 -5.77992E-15  6.07919E-15
  4.000E-01  1.21846E-05  1.38925E-08  1.28990E-08 -6.16540E-15  6.48442E-15
  4.250E-01  1.37553E-05  1.38921E-08  1.28989E-08 -6.55090E-15  6.88964E-15
  4.500E-01  1.54212E-05  1.38918E-08  1.28988E-08 -6.93644E-15  7.29485E-15
  4.750E-01  1.71822E-05  1.38914E-08  1.28987E-08 -7.32201E-15  7.70005E-15
  5.000E-01  1.90385E-05  1.38910E-08  1.28986E-08 -7.70761E-15  8.10524E-15
  5.250E-01  2.09899E-05  1.38906E-08  1.28985E-08 -8.09326E-15  8.51042E-15
  5.500E-01  2.30365E-05  1.38901E-08  1.28984E-08 -8.47893E-15  8.91558E-15
  5.750E-01  2.51783E-05  1.38897E-08  1.28982E-08 -8.86465E-15  9.32074E-15
  6.000E-01  2.74153E-05  1.38892E-08  1.28981E-08 -9.25041E-15  9.72588E-15
  6.250E-01  2.97475E-05  1.38887E-08  1.28980E-08 -9.63622E-15  1.01310E-14
  6.500E-01  3.21749E-05  1.38882E-08  1.28978E-08 -1.00221E-14  1.05361E-14
  6.750E-01  3.46974E-05  1.38876E-08  1.28977E-08 -1.04080E-14  1.09412E-14
  7.000E-01  3.73152E-05  1.38871E-08  1.28975E-08 -1.07939E-14  1.13463E-14
  7.250E-01  4.00281E-05  1.38865E-08  1.28974E-08 -1.11799E-14  1.17514E-14
  7.500E-01  4.28362E-05  1.38859E-08  1.28972E-08 -1.15660E-14  1.21564E-14
  7.750E-01  4.57395E-05  1.38853E-08  1.28970E-08 -1.19521E-14  1.25614E-14
  8.000E-01  4.87380E-05  1.38846E-08  1.28969E-08 -1.23382E-14  1.29664E-14
  8.250E-01  5.18317E-05  1.38840E-08  1.28967E-08 -1.27244E-14  1.33714E-14
  8.500E-01  5.50205E-05  1.38833E-08  1.28965E-08 -1.31107E-14  1.37764E-14
  8.750E-01  5.83045E-05  1.38826E-08  1.28963E-08 -1.34970E-14  1.41814E-14
  9.000E-01  6.16838E-05  1.38819E-08  1.28961E-08 -1.38835E-14  1.45863E-14
  9.250E-01  6.51582E-05  1.38811E-08  1.28959E-08 -1.42699E-14  1.49912E-14
  9.500E-01  6.87277E-05  1.38804E-08  1.28957E-08 -1.46565E-14  1.53961E-14
  9.750E-01  7.23925E-05  1.38796E-08  1.28955E-08 -1.50431E-14  1.58010E-14
  1.000E+00  7.61524E-05  1.38788E-08  1.28953E-08 -1.54297E-14  1.62058E-14
  1.100E+00  9.21439E-05  1.38753E-08  1.28944E-08 -1.69772E-14  1.78249E-14
  1.200E+00  1.09658E-04  1.38716E-08  1.28934E-08 -1.85259E-14  1.94437E-14
  1.300E+00  1.28695E-04  1.38675E-08  1.28923E-08 -2.00760E-14  2.10620E-14
  1.400E+00  1.49255E-04  1.38631E-08  1.28911E-08 -2.16276E-14  2.26798E-14
  1.500E+00  1.71338E-04  1.38584E-08  1.28898E-08 -2.31808E-14  2.42970E-14
  1.600E+00  1.94942E-04  1.38534E-08  1.28884E-08 -2.47358E-14  2.59137E-14
  1.700E+00  2.20070E-04  1.38480E-08  1.28870E-08 -2.62926E-14  2.75298E-14
  1.800E+00  2.46720E-04  1.38423E-08  1.28854E-08 -2.78513E-14  2.91453E-14
  1.900E+00  2.74892E-04  1.38363E-08  1.28838E-08 -2.94122E-14  3.07601E-14
  2.000E+00  3.04586E-04  1.38299E-08  1.28821E-08 -3.09752E-14  3.23742E-14
  2.100E+00  3.35803E-04  1.38233E-08  1.28803E-08 -3.25406E-14  3.39876E-14
  2.200E+00  3.68542E-04  1.38163E-08  1.28784E-08 -3.41083E-14  3.56001E-14
  2.300E+00  4.02802E-04  1.38090E-08  1.28764E-08 -3.56786E-14  3.72119E-14
  2.400E+00  4.38585E-04  1.38014E-08  1.28744E-08 -3.72515E-14  3.88228E-14
  2.500E+00  4.75889E-04  1.37934E-08  1.28722E-08 -3.88272E-14  4.04328E-14
  2.600E+00  5.14715E-04  1.37851E-08  1.28700E-08 -4.04058E-14  4.20418E-14
  2.700E+00  5.55063E-04  1.37766E-08  1.28676E-08 -4.19873E-14  4.36499E-14
  2.800E+00  5.96931E-04  1.37677E-08  1.28652E-08 -4.35719E-14  4.52570E-14
  2.900E+00  6.40321E-04  1.37584E-08  1.28627E-08 -4.51597E-14  4.68630E-14
  3.000E+00  6.85233E-04  1.37489E-08  1.28601E-08 -4.67508E-14  4.84680E-14
  3.100E+00  7.31665E-04  1.37390E-08  1.28575E-08 -4.83454E-14  5.00718E-14
  3.200E+00  7.79618E-04  1.37289E-08  1.28547E-08 -4.99435E-14  5.16745E-14
  3.300E+00  8.29092E-04  1.37184E-08  1.28518E-08 -5.15452E-14  5.32760E-14
  3.400E+00  8.80086E-04  1.37076E-08  1.28489E-08 -5.31507E-14  5.48762E-14
  3.500E+00  9.32601E-04  1.36965E-08  1.28459E-08 -5.47600E-14  5.64752E-14
  3.600E+00  9.86636E-04  1.36851E-08  1.28428E-08 -5.63733E-14  5.80729E-14
  3.700E+00  1.04219E-03  1.36733E-08  1.28396E-08 -5.79907E-14  5.96693E-14
  3.800E+00  1.09927E-03  1.36613E-08  1.28363E-08 -5.96123E-14  6.12643E-14
  3.900E+00  1.15786E-03  1.36489E-08  1.28329E-08 -6.12381E-14  6.28578E-14
  4.000E+00  1.21797E-03  1.36362E-08  1.28294E-08 -6.28683E-14  6.44499E-14
  4.100E+00  1.27961E-03  1.36233E-08  1.28259E-08 -6.45031E-14  6.60406E-14
  4.200E+00  1.34276E-03  1.36100E-08  1.28222E-08 -6.61424E-14  6.76297E-14
  4.300E+00  1.40743E-03  1.35964E-08  1.28185E-08 -6.77865E-14  6.92172E-14
  4.400E+00  1.47362E-03  1.35825E-08  1.28147E-08 -6.94354E-14  7.08032E-14
  4.500E+00  1.54133E-03  1.35683E-08  1.28108E-08 -7.10891E-14  7.23875E-14
  4.600E+00  1.61056E-03  1.35538E-08  1.28068E-08 -7.27480E-14  7.39702E-14
  4.700E+00  1.68131E-03  1.35389E-08  1.28028E-08 -7.44119E-14  7.55511E-14
  4.800E+00  1.75357E-03  1.35238E-08  1.27986E-08 -7.60810E-14  7.71303E-14
  4.900E+00  1.82735E-03  1.35084E-08  1.27944E-08 -7.77555E-14  7.87078E-14
  5.000E+00  1.90265E-03  1.34927E-08  1.27900E-08 -7.94354E-14  8.02834E-14
  5.100E+00  1.97947E-03  1.34767E-08  1.27856E-08 -8.11209E-14  8.18571E-14
  5.200E+00  2.05780E-03  1.34604E-08  1.27811E-08 -8.28119E-14  8.34290E-14
  5.300E+00  2.13765E-03  1.34437E-08  1.27765E-08 -8.45087E-14  8.49990E-14
  5.400E+00  2.21902E-03  1.34268E-08  1.27719E-08 -8.62114E-14  8.65670E-14
  5.500E+00  2.30190E-03  1.34096E-08  1.27671E-08 -8.79199E-14  8.81330E-14
  5.600E+00  2.38630E-03  1.33921E-08  1.27623E-08 -8.96344E-14  8.96970E-14
  5.700E+00  2.47222E-03  1.33743E-08  1.27573E-08 -9.13551E-14  9.12589E-14
  5.800E+00  2.55965E-03  1.33563E-08  1.27523E-08 -9.30820E-14  9.28187E-14
  5.900E+00  2.64859E-03  1.33379E-08  1.27472E-08 -9.48152E-14  9.43764E-14
  6.000E+00  2.73905E-03  1.33192E-08  1.27420E-08 -9.65548E-14  9.59319E-14
  6.100E+00  2.83103E-03  1.33003E-08  1.27368E-08 -9.83008E-14  9.74851E-14
  6.200E+00  2.92452E-03  1.32810E-08  1.27314E-08 -1.00053E-13  9.90362E-14
  6.300E+00  3.01952E-03  1.32615E-08  1.27260E-08 -1.01813E-13  1.00585E-13
  6.400E+00  3.11604E-03  1.32417E-08  1.27204E-08 -1.03579E-13  1.02131E-13
  6.500E+00  3.21407E-03  1.32216E-08  1.27148E-08 -1.05352E-13  1.03676E-13
  6.600E+00  3.31362E-03  1.32012E-08  1.27091E-08 -1.07132E-13  1.05217E-13
  6.700E+00  3.41468E-03  1.31806E-08  1.27034E-08 -1.08919E-13  1.06757E-13
  6.800E+00  3.51725E-03  1.31597E-08  1.26975E-08 -1.10713E-13  1.08293E-13
  6.900E+00  3.62133E-03  1.31385E-08  1.26915E-08 -1.12514E-13  1.09828E-13
  7.000E+00  3.72692E-03  1.31170E-08  1.26855E-08 -1.14323E-13  1.11359E-13
  7.100E+00  3.83403E-03  1.30952E-08  1.26794E-08 -1.16139E-13  1.12889E-13
  7.200E+00  3.94265E-03  1.30732E-08  1.26732E-08 -1.17962E-13  1.14415E-13
  7.300E+00  4.05278E-03  1.30509E-08  1.26669E-08 -1.19793E-13  1.15939E-13
  7.400E+00  4.16442E-03  1.30283E-08  1.26605E-08 -1.21632E-13  1.17461E-13
  7.500E+00  4.27757E-03  1.30055E-08  1.26541E-08 -1.23478E-13  1.18979E-13
  7.600E+00  4.39223E-03  1.29823E-08  1.26475E-08 -1.25332E-13  1.20495E-13
  7.700E+00  4.50840E-03  1.29590E-08  1.26409E-08 -1.27194E-13  1.22008E-13
  7.800E+00  4.62608E-03  1.29353E-08  1.26342E-08 -1.29064E-13  1.23519E-13
  7.900E+00  4.74527E-03  1.29114E-08  1.26274E-08 -1.30942E-13  1.25026E-13
  8.000E+00  4.86597E-03  1.28873E-08  1.26205E-08 -1.32828E-13  1.26531E-13
  8.100E+00  4.98817E-03  1.28628E-08  1.26136E-08 -1.34723E-13  1.28033E-13
  8.200E+00  5.11188E-03  1.28381E-08  1.26065E-08 -1.36625E-13  1.29531E-13
  8.300E+00  5.23711E-03  1.28132E-08  1.25994E-08 -1.38536E-13  1.31027E-13
  8.400E+00  5.36383E-03  1.27880E-08  1.25922E-08 -1.40456E-13  1.32520E-13
  8.500E+00  5.49207E-03  1.27625E-08  1.25849E-08 -1.42383E-13  1.34010E-13
  8.600E+00  5.62181E-03  1.27368E-08  1.25775E-08 -1.44320E-13  1.35496E-13
  8.700E+00  5.75306E-03  1.27109E-08  1.25701E-08 -1.46265E-13  1.36980E-13
  8.800E+00  5.88581E-03  1.26847E-08  1.25625E-08 -1.48219E-13  1.38460E-13
  8.900E+00  6.02007E-03  1.26582E-08  1.25549E-08 -1.50181E-13  1.39938E-13
  9.000E+00  6.15583E-03  1.26315E-08  1.25472E-08 -1.52153E-13  1.41412E-13
  9.100E+00  6.29310E-03  1.26046E-08  1.25394E-08 -1.54133E-13  1.42882E-13
  9.200E+00  6.43187E-03  1.25774E-08  1.25316E-08 -1.56123E-13  1.44350E-13
  9.300E+00  6.57214E-03  1.25499E-08  1.25236E-08 -1.58121E-13  1.45814E-13
  9.400E+00  6.71392E-03  1.25223E-08  1.25156E-08 -1.60129E-13  1.47275E-13
  9.500E+00  6.85720E-03  1.24944E-08  1.25075E-08 -1.62145E-13  1.48732E-13
  9.600E+00  7.00198E-03  1.24662E-08  1.24993E-08 -1.64171E-13  1.50186E-13
  9.700E+00  7.14827E-03  1.24379E-08  1.24910E-08 -1.66206E-13  1.51637E-13
  9.800E+00  7.29605E-03  1.24092E-08  1.24826E-08 -1.68251E-13  1.53084E-13
  9.900E+00  7.44534E-03  1.23804E-08  1.24742E-08 -1.70305E-13  1.54528E-13
  1.000E+01  7.59612E-03  1.23513E-08  1.24657E-08 -1.72369E-13  1.55968E-13
  1.025E+01  7.97965E-03  1.22777E-08  1.24440E-08 -1.77570E-13  1.59552E-13
  1.050E+01  8.37255E-03  1.22026E-08  1.24219E-08 -1.82831E-13  1.63114E-13
  1.075E+01  8.77480E-03  1.21262E-08  1.23992E-08 -1.88154E-13  1.66652E-13
  1.100E+01  9.18641E-03  1.20484E-08  1.23761E-08 -1.93539E-13  1.70166E-13
  1.125E+01  9.60736E-03  1.19693E-08  1.23524E-08 -1.98988E-13  1.73656E-13
  1.150E+01  1.00376E-02  1.18890E-08  1.23283E-08 -2.04500E-13  1.77121E-13
  1.175E+01  1.04773E-02  1.18074E-08  1.23037E-08 -2.10076E-13  1.80561E-13
  1.200E+01  1.09262E-02  1.17245E-08  1.22786E-08 -2.15718E-13  1.83974E-13
  1.225E+01  1.13844E-02  1.16405E-08  1.22530E-08 -2.21426E-13  1.87362E-13
  1.250E+01  1.18520E-02  1.15553E-08  1.22269E-08 -2.27200E-13  1.90723E-13
  1.275E+01  1.23288E-02  1.14690E-08  1.22003E-08 -2.33041E-13  1.94056E-13
  1.300E+01  1.28150E-02  1.13816E-08  1.21733E-08 -2.38949E-13  1.97362E-13
  1.325E+01  1.33104E-02  1.12931E-08  1.21457E-08 -2.44926E-13  2.00640E-13
  1.350E+01  1.38150E-02  1.12035E-08  1.21177E-08 -2.50970E-13  2.03888E-13
  1.375E+01  1.43290E-02  1.11129E-08  1.20893E-08 -2.57084E-13  2.07108E-13
  1.400E+01  1.48521E-02  1.10214E-08  1.20603E-08 -2.63267E-13  2.10299E-13
  1.425E+01  1.53845E-02  1.09288E-08  1.20310E-08 -2.69519E-13  2.13459E-13
  1.450E+01  1.59262E-02  1.08354E-08  1.20011E-08 -2.75841E-13  2.16589E-13
  1.475E+01  1.64770E-02  1.07411E-08  1.19708E-08 -2.82233E-13  2.19688E-13
  1.500E+01  1.70371E-02  1.06459E-08  1.19400E-08 -2.88695E-13  2.22755E-13
  1.525E+01  1.76063E-02  1.05498E-08  1.19088E-08 -2.95227E-13  2.25791E-13
  1.550E+01  1.81848E-02  1.04530E-08  1.18771E-08 -3.01830E-13  2.28795E-13
  1.575E+01  1.87724E-02  1.03553E-08  1.18450E-08 -3.08504E-13  2.31767E-13
  1.600E+01  1.93692E-02  1.02570E-08  1.18125E-08 -3.15248E-13  2.34705E-13
  1.625E+01  1.99751E-02  1.01579E-08  1.17795E-08 -3.22063E-13  2.37610E-13
  1.650E+01  2.05901E-02  1.00581E-08  1.17460E-08 -3.28948E-13  2.40481E-13
  1.675E+01  2.12143E-02  9.95770E-09  1.17122E-08 -3.35905E-13  2.43318E-13
  1.700E+01  2.18476E-02  9.85664E-09  1.16779E-08 -3.42932E-13  2.46121E-13
  1.725E+01  2.24900E-02  9.75499E-09  1.16432E-08 -3.50029E-13  2.48888E-13
  1.750E+01  2.31415E-02  9.65276E-09  1.16080E-08 -3.57197E-13  2.51620E-13
  1.775E+01  2.38021E-02  9.55000E-09  1.15725E-08 -3.64435E-13  2.54317E-13
  1.800E+01  2.44717E-02  9.44673E-09  1.15365E-08 -3.71743E-13  2.56977E-13
  1.825E+01  2.51504E-02  9.34297E-09  1.15001E-08 -3.79121E-13  2.59602E-13
  1.850E+01  2.58382E-02  9.23876E-09  1.14633E-08 -3.86569E-13  2.62189E-13
  1.875E+01  2.65349E-02  9.13412E-09  1.14261E-08 -3.94085E-13  2.64739E-13
  1.900E+01  2.72407E-02  9.02908E-09  1.13885E-08 -4.01671E-13  2.67252E-13
  1.925E+01  2.79555E-02  8.92367E-09  1.13505E-08 -4.09325E-13  2.69727E-13
  1.950E+01  2.86793E-02  8.81792E-09  1.13121E-08 -4.17047E-13  2.72163E-13
  1.975E+01  2.94120E-02  8.71185E-09  1.12733E-08 -4.24837E-13  2.74562E-13
  2.000E+01  3.01537E-02  8.60550E-09  1.12341E-08 -4.32695E-13  2.76921E-13
  2.025E+01  3.09043E-02  8.49887E-09  1.11945E-08 -4.40619E-13  2.79242E-13
  2.050E+01  3.16639E-02  8.39202E-09  1.11546E-08 -4.48610E-13  2.81523E-13
  2.075E+01  3.24324E-02  8.28495E-09  1.11143E-08 -4.56666E-13  2.83764E-13
  2.100E+01  3.32098E-02  8.17769E-09  1.10736E-08 -4.64788E-13  2.85965E-13
  2.125E+01  3.39961E-02  8.07028E-09  1.10325E-08 -4.72975E-13  2.88126E-13
  2.150E+01  3.47912E-02  7.96273E-09  1.09911E-08 -4.81226E-13  2.90246E-13
  2.175E+01  3.55952E-02  7.85507E-09  1.09493E-08 -4.89541E-13  2.92326E-13
  2.200E+01  3.64081E-02  7.74732E-09  1.09072E-08 -4.97918E-13  2.94364E-13
  2.225E+01  3.72297E-02  7.63951E-09  1.08647E-08 -5.06358E-13  2.96361E-13
  2.250E+01  3.80602E-02  7.53167E-09  1.08219E-08 -5.14860E-13  2.98316E-13
  2.275E+01  3.88995E-02  7.42380E-09  1.07787E-08 -5.23423E-13  3.00229E-13
  2.300E+01  3.97476E-02  7.31595E-09  1.07351E-08 -5.32046E-13  3.02100E-13
  2.325E+01  4.06044E-02  7.20813E-09  1.06913E-08 -5.40728E-13  3.03929E-13
  2.350E+01  4.14700E-02  7.10036E-09  1.06471E-08 -5.49470E-13  3.05715E-13
  2.375E+01  4.23443E-02  6.99266E-09  1.06025E-08 -5.58270E-13  3.07458E-13
  2.400E+01  4.32273E-02  6.88506E-09  1.05577E-08 -5.67127E-13  3.09158E-13
  2.425E+01  4.41190E-02  6.77758E-09  1.05125E-08 -5.76040E-13  3.10814E-13
  2.450E+01  4.50194E-02  6.67023E-09  1.04670E-08 -5.85009E-13  3.12427E-13
  2.475E+01  4.59284E-02  6.56304E-09  1.04212E-08 -5.94033E-13  3.13996E-13
  2.500E+01  4.68461E-02  6.45604E-09  1.03751E-08 -6.03112E-13  3.15521E-13
  2.550E+01  4.87074E-02  6.24263E-09  1.02819E-08 -6.21427E-13  3.18439E-13
  2.600E+01  5.06030E-02  6.03017E-09  1.01876E-08 -6.39948E-13  3.21178E-13
  2.650E+01  5.25328E-02  5.81880E-09  1.00921E-08 -6.58668E-13  3.23738E-13
  2.700E+01  5.44967E-02  5.60867E-09  9.99549E-09 -6.77580E-13  3.26117E-13
  2.750E+01  5.64946E-02  5.39990E-09  9.89779E-09 -6.96675E-13  3.28313E-13
  2.800E+01  5.85262E-02  5.19262E-09  9.79904E-09 -7.15948E-13  3.30327E-13
  2.850E+01  6.05914E-02  4.98696E-09  9.69926E-09 -7.35389E-13  3.32156E-13
  2.900E+01  6.26901E-02  4.78303E-09  9.59849E-09 -7.54991E-13  3.33800E-13
  2.950E+01  6.48222E-02  4.58095E-09  9.49677E-09 -7.74746E-13  3.35259E-13
  3.000E+01  6.69873E-02  4.38082E-09  9.39413E-09 -7.94647E-13  3.36530E-13
  3.050E+01  6.91854E-02  4.18274E-09  9.29060E-09 -8.14684E-13  3.37615E-13
  3.100E+01  7.14163E-02  3.98681E-09  9.18621E-09 -8.34851E-13  3.38511E-13
  3.150E+01  7.36799E-02  3.79310E-09  9.08101E-09 -8.55139E-13  3.39220E-13
  3.200E+01  7.59760E-02  3.60171E-09  8.97502E-09 -8.75539E-13  3.39740E-13
  3.250E+01  7.83043E-02  3.41272E-09  8.86828E-09 -8.96044E-13  3.40071E-13
  3.300E+01  8.06647E-02  3.22619E-09  8.76081E-09 -9.16646E-13  3.40214E-13
  3.350E+01  8.30571E-02  3.04220E-09  8.65266E-09 -9.37336E-13  3.40168E-13
  3.400E+01  8.54812E-02  2.86081E-09  8.54386E-09 -9.58107E-13  3.39932E-13
  3.450E+01  8.79369E-02  2.68207E-09  8.43444E-09 -9.78950E-13  3.39509E-13
  3.500E+01  9.04240E-02  2.50605E-09  8.32443E-09 -9.99857E-13  3.38896E-13
  3.550E+01  9.29422E-02  2.33279E-09  8.21387E-09 -1.02082E-12  3.38096E-13
  3.600E+01  9.54915E-02  2.16233E-09  8.10279E-09 -1.04183E-12  3.37108E-13
  3.650E+01  9.80716E-02  1.99472E-09  7.99122E-09 -1.06288E-12  3.35932E-13
  3.700E+01  1.00682E-01  1.82999E-09  7.87919E-09 -1.08397E-12  3.34570E-13
  3.750E+01  1.03323E-01  1.66819E-09  7.76674E-09 -1.10508E-12  3.33023E-13
  3.800E+01  1.05995E-01  1.50933E-09  7.65390E-09 -1.12621E-12  3.31289E-13
  3.850E+01  1.08696E-01  1.35344E-09  7.54069E-09 -1.14734E-12  3.29372E-13
  3.900E+01  1.11427E-01  1.20056E-09  7.42716E-09 -1.16848E-12  3.27271E-13
  3.950E+01  1.14188E-01  1.05068E-09  7.31333E-09 -1.18962E-12  3.24988E-13
  4.000E+01  1.16978E-01  9.03844E-10  7.19923E-09 -1.21074E-12  3.22523E-13
  4.050E+01  1.19797E-01  7.60050E-10  7.08489E-09 -1.23184E-12  3.19878E-13
  4.100E+01  1.22645E-01  6.19313E-10  6.97035E-09 -1.25292E-12  3.17054E-13
  4.150E+01  1.25522E-01  4.81638E-10  6.85564E-09 -1.27396E-12  3.14052E-13
  4.200E+01  1.28428E-01  3.47032E-10  6.74077E-09 -1.29496E-12  3.10874E-13
  4.250E+01  1.31361E-01  2.15496E-10  6.62579E-09 -1.31592E-12  3.07521E-13
  4.300E+01  1.34323E-01  8.70300E-11  6.51072E-09 -1.33682E-12  3.03995E-13
  4.350E+01  1.37313E-01 -3.83680E-11  6.39559E-09 -1.35766E-12  3.00297E-13
  4.400E+01  1.40330E-01 -1.60703E-10  6.28043E-09 -1.37843E-12  2.96429E-13
  4.450E+01  1.43375E-01 -2.79981E-10  6.16527E-09 -1.39914E-12  2.92392E-13
  4.500E+01  1.46447E-01 -3.96212E-10  6.05013E-09 -1.41976E-12  2.88189E-13
  4.550E+01  1.49545E-01 -5.09406E-10  5.93505E-09 -1.44030E-12  2.83821E-13
  4.600E+01  1.52671E-01 -6.19575E-10  5.82004E-09 -1.46074E-12  2.79290E-13
  4.650E+01  1.55823E-01 -7.26734E-10  5.70513E-09 -1.48109E-12  2.74598E-13
  4.700E+01  1.59001E-01 -8.30899E-10  5.59036E-09 -1.50134E-12  2.69748E-13
  4.750E+01  1.62205E-01 -9.32085E-10  5.47574E-09 -1.52148E-12  2.64740E-13
  4.800E+01  1.65435E-01 -1.03031E-09  5.36131E-09 -1.54151E-12  2.59578E-13
  4.850E+01  1.68690E-01 -1.12560E-09  5.24708E-09 -1.56141E-12  2.54264E-13
  4.900E+01  1.71970E-01 -1.21797E-09  5.13308E-09 -1.58120E-12  2.48799E-13
  4.950E+01  1.75276E-01 -1.30745E-09  5.01933E-09 -1.60085E-12  2.43186E-13
  5.000E+01  1.78606E-01 -1.39405E-09  4.90587E-09 -1.62037E-12  2.37427E-13
  5.050E+01  1.81961E-01 -1.47781E-09  4.79271E-09 -1.63975E-12  2.31525E-13
  5.100E+01  1.85340E-01 -1.55875E-09  4.67987E-09 -1.65899E-12  2.25483E-13
  5.150E+01  1.88743E-01 -1.63689E-09  4.56737E-09 -1.67808E-12  2.19302E-13
  5.200E+01  1.92169E-01 -1.71226E-09  4.45525E-09 -1.69702E-12  2.12985E-13
  5.250E+01  1.95619E-01 -1.78489E-09  4.34351E-09 -1.71580E-12  2.06535E-13
  5.300E+01  1.99092E-01 -1.85482E-09  4.23219E-09 -1.73442E-12  1.99954E-13
  5.350E+01  2.02589E-01 -1.92206E-09  4.12129E-09 -1.75288E-12  1.93245E-13
  5.400E+01  2.06107E-01 -1.98664E-09  4.01085E-09 -1.77116E-12  1.86410E-13
  5.450E+01  2.09649E-01 -2.04861E-09  3.90087E-09 -1.78928E-12  1.79453E-13
  5.500E+01  2.13212E-01 -2.10799E-09  3.79139E-09 -1.80721E-12  1.72375E-13
  5.550E+01  2.16797E-01 -2.16481E-09  3.68242E-09 -1.82497E-12  1.65181E-13
  5.600E+01  2.20404E-01 -2.21910E-09  3.57397E-09 -1.84254E-12  1.57871E-13
  5.650E+01  2.24032E-01 -2.27090E-09  3.46607E-09 -1.85992E-12  1.50451E-13
  5.700E+01  2.27680E-01 -2.32024E-09  3.35873E-09 -1.87712E-12  1.42921E-13
  5.750E+01  2.31350E-01 -2.36714E-09  3.25196E-09 -1.89411E-12  1.35285E-13
  5.800E+01  2.35040E-01 -2.41166E-09  3.14580E-09 -1.91091E-12  1.27546E-13
  5.850E+01  2.38751E-01 -2.45381E-09  3.04024E-09 -1.92751E-12  1.19707E-13
  5.900E+01  2.42481E-01 -2.49363E-09  2.93531E-09 -1.94391E-12  1.11771E-13
  5.950E+01  2.46231E-01 -2.53116E-09  2.83103E-09 -1.96010E-12  1.03740E-13
  6.000E+01  2.50000E-01 -2.56643E-09  2.72740E-09 -1.97608E-12  9.56177E-14
  6.050E+01  2.53788E-01 -2.59947E-09  2.62444E-09 -1.99185E-12  8.74071E-14
  6.100E+01  2.57595E-01 -2.63032E-09  2.52216E-09 -2.00741E-12  7.91112E-14
  6.150E+01  2.61421E-01 -2.65901E-09  2.42059E-09 -2.02274E-12  7.07327E-14
  6.200E+01  2.65264E-01 -2.68558E-09  2.31973E-09 -2.03786E-12  6.22749E-14
  6.250E+01  2.69126E-01 -2.71006E-09  2.21959E-09 -2.05276E-12  5.37408E-14
  6.300E+01  2.73005E-01 -2.73248E-09  2.12018E-09 -2.06743E-12  4.51333E-14
  6.350E+01  2.76901E-01 -2.75288E-09  2.02153E-09 -2.08188E-12  3.64555E-14
  6.400E+01  2.80814E-01 -2.77129E-09  1.92363E-09 -2.09610E-12  2.77104E-14
  6.450E+01  2.84744E-01 -2.78775E-09  1.82651E-09 -2.11009E-12  1.89012E-14
  6.500E+01  2.88691E-01 -2.80229E-09  1.73016E-09 -2.12384E-12  1.00309E-14
  6.550E+01  2.92653E-01 -2.81495E-09  1.63460E-09 -2.13737E-12  1.10249E-15
  6.600E+01  2.96632E-01 -2.82575E-09  1.53985E-09 -2.15065E-12 -7.88089E-15
  6.650E+01  3.00625E-01 -2.83473E-09  1.44590E-09 -2.16370E-12 -1.69162E-14
  6.700E+01  3.04634E-01 -2.84193E-09  1.35278E-09 -2.17651E-12 -2.60003E-14
  6.750E+01  3.08658E-01 -2.84737E-09  1.26048E-09 -2.18909E-12 -3.51303E-14
  6.800E+01  3.12697E-01 -2.85110E-09  1.16901E-09 -2.20141E-12 -4.43029E-14
  6.850E+01  3.16749E-01 -2.85314E-09  1.07839E-09 -2.21350E-12 -5.35153E-14
  6.900E+01  3.20816E-01 -2.85352E-09  9.88615E-10 -2.22534E-12 -6.27642E-14
  6.950E+01  3.24896E-01 -2.85229E-09  8.99699E-10 -2.23694E-12 -7.20467E-14
  7.000E+01  3.28990E-01 -2.84946E-09  8.11646E-10 -2.24829E-12 -8.13597E-14
  7.050E+01  3.33097E-01 -2.84508E-09  7.24462E-10 -2.25939E-12 -9.07003E-14
  7.100E+01  3.37216E-01 -2.83917E-09  6.38154E-10 -2.27024E-12 -1.00065E-13
  7.150E+01  3.41348E-01 -2.83177E-09  5.52727E-10 -2.28085E-12 -1.09452E-13
  7.200E+01  3.45492E-01 -2.82290E-09  4.68186E-10 -2.29120E-12 -1.18856E-13
  7.250E+01  3.49647E-01 -2.81260E-09  3.84536E-10 -2.30130E-12 -1.28277E-13
  7.300E+01  3.53814E-01 -2.80090E-09  3.01782E-10 -2.31115E-12 -1.37710E-13
  7.350E+01  3.57992E-01 -2.78782E-09  2.19926E-10 -2.32075E-12 -1.47152E-13
  7.400E+01  3.62181E-01 -2.77341E-09  1.38974E-10 -2.33009E-12 -1.56601E-13
  7.450E+01  3.66381E-01 -2.75768E-09  5.89278E-11 -2.33918E-12 -1.66053E-13
  7.500E+01  3.70590E-01 -2.74068E-09 -2.02083E-11 -2.34802E-12 -1.75506E-13
  7.550E+01  3.74810E-01 -2.72242E-09 -9.84320E-11 -2.35659E-12 -1.84957E-13
  7.600E+01  3.79039E-01 -2.70293E-09 -1.75741E-10 -2.36492E-12 -1.94403E-13
  7.650E+01  3.83277E-01 -2.68225E-09 -2.52132E-10 -2.37299E-12 -2.03840E-13
  7.700E+01  3.87524E-01 -2.66040E-09 -3.27605E-10 -2.38080E-12 -2.13267E-13
  7.750E+01  3.91780E-01 -2.63742E-09 -4.02157E-10 -2.38835E-12 -2.22680E-13
  7.800E+01  3.96044E-01 -2.61332E-09 -4.75787E-10 -2.39565E-12 -2.32077E-13
  7.850E+01  4.00316E-01 -2.58814E-09 -5.48494E-10 -2.40270E-12 -2.41454E-13
  7.900E+01  4.04596E-01 -2.56190E-09 -6.20278E-10 -2.40948E-12 -2.50810E-13
  7.950E+01  4.08882E-01 -2.53463E-09 -6.91137E-10 -2.41601E-12 -2.60140E-13
  8.000E+01  4.13176E-01 -2.50636E-09 -7.61073E-10 -2.42228E-12 -2.69443E-13
  8.050E+01  4.17476E-01 -2.47711E-09 -8.30084E-10 -2.42830E-12 -2.78716E-13
  8.100E+01  4.21783E-01 -2.44691E-09 -8.98172E-10 -2.43405E-12 -2.87956E-13
  8.150E+01  4.26095E-01 -2.41579E-09 -9.65336E-10 -2.43956E-12 -2.97160E-13
  8.200E+01  4.30413E-01 -2.38376E-09 -1.03158E-09 -2.44480E-12 -3.06326E-13
  8.250E+01  4.34737E-01 -2.35086E-09 -1.09690E-09 -2.44979E-12 -3.15452E-13
  8.300E+01  4.39065E-01 -2.31711E-09 -1.16130E-09 -2.45452E-12 -3.24534E-13
  8.350E+01  4.43398E-01 -2.28253E-09 -1.22479E-09 -2.45900E-12 -3.33570E-13
  8.400E+01  4.47736E-01 -2.24715E-09 -1.28735E-09 -2.46323E-12 -3.42557E-13
  8.450E+01  4.52077E-01 -2.21098E-09 -1.34901E-09 -2.46719E-12 -3.51494E-13
  8.500E+01  4.56422E-01 -2.17407E-09 -1.40975E-09 -2.47091E-12 -3.60377E-13
  8.550E+01  4.60770E-01 -2.13642E-09 -1.46958E-09 -2.47437E-12 -3.69204E-13
  8.600E+01  4.65122E-01 -2.09806E-09 -1.52850E-09 -2.47757E-12 -3.77973E-13
  8.650E+01  4.69476E-01 -2.05901E-09 -1.58652E-09 -2.48052E-12 -3.86682E-13
  8.700E+01  4.73832E-01 -2.01930E-09 -1.64364E-09 -2.48323E-12 -3.95327E-13
  8.750E+01  4.78190E-01 -1.97894E-09 -1.69987E-09 -2.48567E-12 -4.03907E-13
  8.800E+01  4.82550E-01 -1.93797E-09 -1.75520E-09 -2.48787E-12 -4.12419E-13
  8.850E+01  4.86912E-01 -1.89639E-09 -1.80964E-09 -2.48982E-12 -4.20862E-13
  8.900E+01  4.91274E-01 -1.85423E-09 -1.86319E-09 -2.49152E-12 -4.29232E-13
  8.950E+01  4.95637E-01 -1.81152E-09 -1.91586E-09 -2.49297E-12 -4.37528E-13
  9.000E+01  5.00000E-01 -1.76826E-09 -1.96765E-09 -2.49417E-12 -4.45748E-13
  9.050E+01  5.04363E-01 -1.72449E-09 -2.01857E-09 -2.49512E-12 -4.53889E-13
  9.100E+01  5.08726E-01 -1.68021E-09 -2.06862E-09 -2.49583E-12 -4.61949E-13
  9.150E+01  5.13088E-01 -1.63546E-09 -2.11781E-09 -2.49629E-12 -4.69927E-13
  9.200E+01  5.17450E-01 -1.59025E-09 -2.16613E-09 -2.49650E-12 -4.77819E-13
  9.250E+01  5.21810E-01 -1.54459E-09 -2.21360E-09 -2.49648E-12 -4.85625E-13
  9.300E+01  5.26168E-01 -1.49852E-09 -2.26023E-09 -2.49621E-12 -4.93342E-13
  9.350E+01  5.30524E-01 -1.45204E-09 -2.30601E-09 -2.49569E-12 -5.00968E-13
  9.400E+01  5.34878E-01 -1.40517E-09 -2.35095E-09 -2.49494E-12 -5.08502E-13
  9.450E+01  5.39230E-01 -1.35793E-09 -2.39505E-09 -2.49394E-12 -5.15941E-13
  9.500E+01  5.43578E-01 -1.31034E-09 -2.43834E-09 -2.49271E-12 -5.23284E-13
  9.550E+01  5.47923E-01 -1.26242E-09 -2.48079E-09 -2.49124E-12 -5.30528E-13
  9.600E+01  5.52264E-01 -1.21418E-09 -2.52244E-09 -2.48953E-12 -5.37673E-13
  9.650E+01  5.56602E-01 -1.16564E-09 -2.56327E-09 -2.48759E-12 -5.44716E-13
  9.700E+01  5.60935E-01 -1.11681E-09 -2.60331E-09 -2.48541E-12 -5.51655E-13
  9.750E+01  5.65263E-01 -1.06772E-09 -2.64254E-09 -2.48300E-12 -5.58490E-13
  9.800E+01  5.69587E-01 -1.01838E-09 -2.68099E-09 -2.48036E-12 -5.65218E-13
  9.850E+01  5.73905E-01 -9.68795E-10 -2.71865E-09 -2.47748E-12 -5.71837E-13
  9.900E+01  5.78217E-01 -9.18992E-10 -2.75553E-09 -2.47438E-12 -5.78347E-13
  9.950E+01  5.82524E-01 -8.68983E-10 -2.79165E-09 -2.47104E-12 -5.84745E-13
  1.000E+02  5.86824E-01 -8.18782E-10 -2.82700E-09 -2.46748E-12 -5.91031E-13
  1.005E+02  5.91118E-01 -7.68404E-10 -2.86159E-09 -2.46370E-12 -5.97202E-13
  1.010E+02  5.95404E-01 -7.17864E-10 -2.89544E-09 -2.45968E-12 -6.03257E-13
  1.015E+02  5.99684E-01 -6.67175E-10 -2.92854E-09 -2.45545E-12 -6.09195E-13
  1.020E+02  6.03956E-01 -6.16352E-10 -2.96091E-09 -2.45099E-12 -6.15015E-13
  1.025E+02  6.08220E-01 -5.65408E-10 -2.99255E-09 -2.44631E-12 -6.20715E-13
  1.030E+02  6.12476E-01 -5.14356E-10 -3.02346E-09 -2.44141E-12 -6.26294E-13
  1.035E+02  6.16723E-01 -4.63209E-10 -3.05367E-09 -2.43630E-12 -6.31750E-13
  1.040E+02  6.20961E-01 -4.11981E-10 -3.08317E-09 -2.43096E-12 -6.37083E-13
  1.045E+02  6.25190E-01 -3.60683E-10 -3.11196E-09 -2.42542E-12 -6.42292E-13
  1.050E+02  6.29410E-01 -3.09329E-10 -3.14007E-09 -2.41965E-12 -6.47374E-13
  1.055E+02  6.33619E-01 -2.57931E-10 -3.16750E-09 -2.41368E-12 -6.52330E-13
  1.060E+02  6.37819E-01 -2.06500E-10 -3.19425E-09 -2.40749E-12 -6.57157E-13
  1.065E+02  6.42008E-01 -1.55048E-10 -3.22033E-09 -2.40109E-12 -6.61855E-13
  1.070E+02  6.46186E-01 -1.03588E-10 -3.24575E-09 -2.39449E-12 -6.66423E-13
  1.075E+02  6.50353E-01 -5.21290E-11 -3.27051E-09 -2.38768E-12 -6.70861E-13
  1.080E+02  6.54508E-01 -6.83841E-13 -3.29463E-09 -2.38066E-12 -6.75166E-13
  1.085E+02  6.58652E-01  5.07372E-11 -3.31812E-09 -2.37344E-12 -6.79338E-13
  1.090E+02  6.62784E-01  1.02123E-10 -3.34097E-09 -2.36601E-12 -6.83377E-13
  1.095E+02  6.66903E-01  1.53464E-10 -3.36321E-09 -2.35839E-12 -6.87281E-13
  1.100E+02  6.71010E-01  2.04749E-10 -3.38483E-09 -2.35056E-12 -6.91049E-13
  1.105E+02  6.75104E-01  2.55968E-10 -3.40585E-09 -2.34254E-12 -6.94682E-13
  1.110E+02  6.79184E-01  3.07112E-10 -3.42626E-09 -2.33432E-12 -6.98177E-13
  1.115E+02  6.83251E-01  3.58170E-10 -3.44609E-09 -2.32590E-12 -7.01535E-13
  1.120E+02  6.87303E-01  4.09133E-10 -3.46534E-09 -2.31730E-12 -7.04755E-13
  1.125E+02  6.91342E-01  4.59992E-10 -3.48401E-09 -2.30850E-12 -7.07836E-13
  1.130E+02  6.95366E-01  5.10738E-10 -3.50212E-09 -2.29951E-12 -7.10778E-13
  1.135E+02  6.99375E-01  5.61361E-10 -3.51967E-09 -2.29033E-12 -7.13580E-13
  1.140E+02  7.03368E-01  6.11854E-10 -3.53667E-09 -2.28096E-12 -7.16241E-13
  1.145E+02  7.07347E-01  6.62207E-10 -3.55314E-09 -2.27141E-12 -7.18761E-13
  1.150E+02  7.11309E-01  7.12411E-10 -3.56906E-09 -2.26167E-12 -7.21140E-13
  1.155E+02  7.15256E-01  7.62460E-10 -3.58447E-09 -2.25175E-12 -7.23377E-13
  1.160E+02  7.19186E-01  8.12344E-10 -3.59935E-09 -2.24165E-12 -7.25471E-13
  1.165E+02  7.23099E-01  8.62056E-10 -3.61373E-09 -2.23137E-12 -7.27423E-13
  1.170E+02  7.26995E-01  9.11587E-10 -3.62761E-09 -2.22091E-12 -7.29233E-13
  1.175E+02  7.30874E-01  9.60932E-10 -3.64099E-09 -2.21028E-12 -7.30899E-13
  1.180E+02  7.34736E-01  1.01008E-09 -3.65389E-09 -2.19947E-12 -7.32421E-13
  1.185E+02  7.38579E-01  1.05903E-09 -3.66631E-09 -2.18849E-12 -7.33800E-13
  1.190E+02  7.42405E-01  1.10777E-09 -3.67827E-09 -2.17734E-12 -7.35034E-13
  1.195E+02  7.46212E-01  1.15629E-09 -3.68976E-09 -2.16601E-12 -7.36125E-13
  1.200E+02  7.50000E-01  1.20459E-09 -3.70080E-09 -2.15452E-12 -7.37072E-13
  1.205E+02  7.53769E-01  1.25266E-09 -3.71140E-09 -2.14286E-12 -7.37874E-13
  1.210E+02  7.57519E-01  1.30049E-09 -3.72156E-09 -2.13104E-12 -7.38532E-13
  1.215E+02  7.61249E-01  1.34808E-09 -3.73129E-09 -2.11905E-12 -7.39046E-13
  1.220E+02  7.64960E-01  1.39542E-09 -3.74060E-09 -2.10690E-12 -7.39415E-13
  1.225E+02  7.68650E-01  1.44251E-09 -3.74950E-09 -2.09459E-12 -7.39639E-13
  1.230E+02  7.72320E-01  1.48934E-09 -3.75799E-09 -2.08212E-12 -7.39720E-13
  1.235E+02  7.75968E-01  1.53590E-09 -3.76609E-09 -2.06949E-12 -7.39656E-13
  1.240E+02  7.79596E-01  1.58219E-09 -3.77379E-09 -2.05671E-12 -7.39448E-13
  1.245E+02  7.83203E-01  1.62820E-09 -3.78112E-09 -2.04377E-12 -7.39096E-13
  1.250E+02  7.86788E-01  1.67393E-09 -3.78807E-09 -2.03069E-12 -7.38600E-13
  1.255E+02  7.90351E-01  1.71937E-09 -3.79466E-09 -2.01745E-12 -7.37961E-13
  1.260E+02  7.93893E-01  1.76451E-09 -3.80088E-09 -2.00406E-12 -7.37178E-13
  1.265E+02  7.97411E-01  1.80936E-09 -3.80676E-09 -1.99052E-12 -7.36252E-13
  1.270E+02  8.00908E-01  1.85391E-09 -3.81229E-09 -1.97684E-12 -7.35183E-13
  1.275E+02  8.04381E-01  1.89815E-09 -3.81749E-09 -1.96301E-12 -7.33972E-13
  1.280E+02  8.07831E-01  1.94207E-09 -3.82236E-09 -1.94904E-12 -7.32619E-13
  1.285E+02  8.11257E-01  1.98568E-09 -3.82691E-09 -1.93493E-12 -7.31124E-13
  1.290E+02  8.14660E-01  2.02897E-09 -3.83114E-09 -1.92068E-12 -7.29487E-13
  1.295E+02  8.18039E-01  2.07193E-09 -3.83507E-09 -1.90629E-12 -7.27709E-13
  1.300E+02  8.21394E-01  2.11456E-09 -3.83871E-09 -1.89176E-12 -7.25791E-13
  1.305E+02  8.24724E-01  2.15686E-09 -3.84205E-09 -1.87710E-12 -7.23733E-13
  1.310E+02  8.28030E-01  2.19882E-09 -3.84510E-09 -1.86230E-12 -7.21536E-13
  1.315E+02  8.31310E-01  2.24044E-09 -3.84788E-09 -1.84738E-12 -7.19199E-13
  1.320E+02  8.34565E-01  2.28171E-09 -3.85039E-09 -1.83232E-12 -7.16725E-13
  1.325E+02  8.37795E-01  2.32264E-09 -3.85264E-09 -1.81713E-12 -7.14112E-13
  1.330E+02  8.40999E-01  2.36321E-09 -3.85464E-09 -1.80182E-12 -7.11362E-13
  1.335E+02  8.44177E-01  2.40342E-09 -3.85638E-09 -1.78638E-12 -7.08476E-13
  1.340E+02  8.47329E-01  2.44328E-09 -3.85788E-09 -1.77082E-12 -7.05453E-13
  1.345E+02  8.50455E-01  2.48277E-09 -3.85915E-09 -1.75513E-12 -7.02296E-13
  1.350E+02  8.53553E-01  2.52190E-09 -3.86019E-09 -1.73932E-12 -6.99004E-13
  1.355E+02  8.56625E-01  2.56065E-09 -3.86101E-09 -1.72340E-12 -6.95578E-13
  1.360E+02  8.59670E-01  2.59904E-09 -3.86162E-09 -1.70735E-12 -6.92019E-13
  1.365E+02  8.62687E-01  2.63705E-09 -3.86202E-09 -1.69119E-12 -6.88328E-13
  1.370E+02  8.65677E-01  2.67468E-09 -3.86222E-09 -1.67492E-12 -6.84506E-13
  1.375E+02  8.68639E-01  2.71193E-09 -3.86222E-09 -1.65853E-12 -6.80553E-13
  1.380E+02  8.71572E-01  2.74880E-09 -3.86204E-09 -1.64202E-12 -6.76471E-13
  1.385E+02  8.74478E-01  2.78528E-09 -3.86167E-09 -1.62541E-12 -6.72260E-13
  1.390E+02  8.77355E-01  2.82137E-09 -3.86113E-09 -1.60869E-12 -6.67921E-13
  1.395E+02  8.80203E-01  2.85707E-09 -3.86042E-09 -1.59186E-12 -6.63455E-13
  1.400E+02  8.83022E-01  2.89238E-09 -3.85955E-09 -1.57493E-12 -6.58863E-13
  1.405E+02  8.85812E-01  2.92729E-09 -3.85852E-09 -1.55789E-12 -6.54145E-13
  1.410E+02  8.88573E-01  2.96181E-09 -3.85735E-09 -1.54075E-12 -6.49304E-13
  1.415E+02  8.91304E-01  2.99592E-09 -3.85602E-09 -1.52350E-12 -6.44340E-13
  1.420E+02  8.94005E-01  3.02963E-09 -3.85456E-09 -1.50616E-12 -6.39254E-13
  1.425E+02  8.96677E-01  3.06294E-09 -3.85297E-09 -1.48872E-12 -6.34047E-13
  1.430E+02  8.99318E-01  3.09584E-09 -3.85125E-09 -1.47118E-12 -6.28720E-13
  1.435E+02  9.01928E-01  3.12833E-09 -3.84941E-09 -1.45354E-12 -6.23275E-13
  1.440E+02  9.04508E-01  3.16041E-09 -3.84746E-09 -1.43582E-12 -6.17711E-13
  1.445E+02  9.07058E-01  3.19208E-09 -3.84539E-09 -1.41799E-12 -6.12032E-13
  1.450E+02  9.09576E-01  3.22334E-09 -3.84322E-09 -1.40008E-12 -6.06237E-13
  1.455E+02  9.12063E-01  3.25418E-09 -3.84096E-09 -1.38208E-12 -6.00327E-13
  1.460E+02  9.14519E-01  3.28461E-09 -3.83860E-09 -1.36399E-12 -5.94305E-13
  1.465E+02  9.16943E-01  3.31461E-09 -3.83615E-09 -1.34581E-12 -5.88171E-13
  1.470E+02  9.19335E-01  3.34420E-09 -3.83362E-09 -1.32755E-12 -5.81927E-13
  1.475E+02  9.21696E-01  3.37336E-09 -3.83102E-09 -1.30920E-12 -5.75573E-13
  1.480E+02  9.24024E-01  3.40210E-09 -3.82834E-09 -1.29077E-12 -5.69112E-13
  1.485E+02  9.26320E-01  3.43042E-09 -3.82560E-09 -1.27225E-12 -5.62543E-13
  1.490E+02  9.28584E-01  3.45831E-09 -3.82279E-09 -1.25366E-12 -5.55870E-13
  1.495E+02  9.30815E-01  3.48578E-09 -3.81993E-09 -1.23499E-12 -5.49092E-13
  1.500E+02  9.33013E-01  3.51281E-09 -3.81702E-09 -1.21624E-12 -5.42211E-13
  1.505E+02  9.35178E-01  3.53942E-09 -3.81406E-09 -1.19742E-12 -5.35229E-13
  1.510E+02  9.37310E-01  3.56560E-09 -3.81105E-09 -1.17852E-12 -5.28148E-13
  1.515E+02  9.39409E-01  3.59134E-09 -3.80801E-09 -1.15955E-12 -5.20967E-13
  1.520E+02  9.41474E-01  3.61665E-09 -3.80494E-09 -1.14051E-12 -5.13689E-13
  1.525E+02  9.43505E-01  3.64153E-09 -3.80183E-09 -1.12140E-12 -5.06316E-13
  1.530E+02  9.45503E-01  3.66598E-09 -3.79871E-09 -1.10222E-12 -4.98848E-13
  1.535E+02  9.47467E-01  3.68999E-09 -3.79556E-09 -1.08297E-12 -4.91287E-13
  1.540E+02  9.49397E-01  3.71356E-09 -3.79239E-09 -1.06365E-12 -4.83635E-13
  1.545E+02  9.51293E-01  3.73669E-09 -3.78922E-09 -1.04427E-12 -4.75893E-13
  1.550E+02  9.53154E-01  3.75939E-09 -3.78604E-09 -1.02483E-12 -4.68063E-13
  1.555E+02  9.54981E-01  3.78165E-09 -3.78285E-09 -1.00532E-12 -4.60145E-13
  1.560E+02  9.56773E-01  3.80346E-09 -3.77967E-09 -9.85754E-13 -4.52142E-13
  1.565E+02  9.58530E-01  3.82484E-09 -3.77649E-09 -9.66128E-13 -4.44055E-13
  1.570E+02  9.60252E-01  3.84578E-09 -3.77331E-09 -9.46443E-13 -4.35886E-13
  1.575E+02  9.61940E-01  3.86627E-09 -3.77015E-09 -9.26701E-13 -4.27636E-13
  1.580E+02  9.63592E-01  3.88632E-09 -3.76701E-09 -9.06904E-13 -4.19307E-13
  1.585E+02  9.65209E-01  3.90593E-09 -3.76388E-09 -8.87053E-13 -4.10900E-13
  1.590E+02  9.66790E-01  3.92509E-09 -3.76078E-09 -8.67148E-13 -4.02417E-13
  1.595E+02  9.68336E-01  3.94381E-09 -3.75771E-09 -8.47192E-13 -3.93859E-13
  1.600E+02  9.69846E-01  3.96209E-09 -3.75466E-09 -8.27186E-13 -3.85229E-13
  1.605E+02  9.71321E-01  3.97991E-09 -3.75164E-09 -8.07130E-13 -3.76528E-13
  1.610E+02  9.72759E-01  3.99730E-09 -3.74867E-09 -7.87027E-13 -3.67757E-13
  1.615E+02  9.74162E-01  4.01423E-09 -3.74573E-09 -7.66877E-13 -3.58918E-13
  1.620E+02  9.75528E-01  4.03072E-09 -3.74283E-09 -7.46681E-13 -3.50013E-13
  1.625E+02  9.76858E-01  4.04677E-09 -3.73998E-09 -7.26442E-13 -3.41043E-13
  1.630E+02  9.78152E-01  4.06236E-09 -3.73717E-09 -7.06160E-13 -3.32010E-13
  1.635E+02  9.79410E-01  4.07751E-09 -3.73442E-09 -6.85837E-13 -3.22917E-13
  1.640E+02  9.80631E-01  4.09220E-09 -3.73172E-09 -6.65473E-13 -3.13763E-13
  1.645E+02  9.81815E-01  4.10645E-09 -3.72907E-09 -6.45070E-13 -3.04552E-13
  1.650E+02  9.82963E-01  4.12025E-09 -3.72648E-09 -6.24630E-13 -2.95285E-13
  1.655E+02  9.84074E-01  4.13360E-09 -3.72396E-09 -6.04153E-13 -2.85964E-13
  1.660E+02  9.85148E-01  4.14650E-09 -3.72150E-09 -5.83642E-13 -2.76590E-13
  1.665E+02  9.86185E-01  4.15895E-09 -3.71910E-09 -5.63096E-13 -2.67165E-13
  1.670E+02  9.87185E-01  4.17095E-09 -3.71677E-09 -5.42517E-13 -2.57691E-13
  1.675E+02  9.88148E-01  4.18250E-09 -3.71451E-09 -5.21907E-13 -2.48169E-13
  1.680E+02  9.89074E-01  4.19360E-09 -3.71232E-09 -5.01267E-13 -2.38602E-13
  1.685E+02  9.89962E-01  4.20424E-09 -3.71021E-09 -4.80598E-13 -2.28992E-13
  1.690E+02  9.90814E-01  4.21444E-09 -3.70817E-09 -4.59901E-13 -2.19339E-13
  1.695E+02  9.91627E-01  4.22418E-09 -3.70621E-09 -4.39177E-13 -2.09646E-13
  1.700E+02  9.92404E-01  4.23347E-09 -3.70434E-09 -4.18428E-13 -1.99914E-13
  1.705E+02  9.93143E-01  4.24231E-09 -3.70254E-09 -3.97655E-13 -1.90146E-13
  1.710E+02  9.93844E-01  4.25069E-09 -3.70082E-09 -3.76859E-13 -1.80343E-13
  1.715E+02  9.94508E-01  4.25863E-09 -3.69919E-09 -3.56042E-13 -1.70506E-13
  1.720E+02  9.95134E-01  4.26611E-09 -3.69764E-09 -3.35204E-13 -1.60639E-13
  1.725E+02  9.95722E-01  4.27314E-09 -3.69618E-09 -3.14346E-13 -1.50742E-13
  1.730E+02  9.96273E-01  4.27971E-09 -3.69481E-09 -2.93471E-13 -1.40817E-13
  1.735E+02  9.96786E-01  4.28584E-09 -3.69353E-09 -2.72579E-13 -1.30867E-13
  1.740E+02  9.97261E-01  4.29151E-09 -3.69234E-09 -2.51671E-13 -1.20893E-13
  1.745E+02  9.97698E-01  4.29672E-09 -3.69124E-09 -2.30749E-13 -1.10896E-13
  1.750E+02  9.98097E-01  4.30149E-09 -3.69023E-09 -2.09814E-13 -1.00880E-13
  1.755E+02  9.98459E-01  4.30580E-09 -3.68932E-09 -1.88867E-13 -9.08443E-14
  1.760E+02  9.98782E-01  4.30965E-09 -3.68850E-09 -1.67909E-13 -8.07924E-14
  1.765E+02  9.99067E-01  4.31306E-09 -3.68778E-09 -1.46941E-13 -7.07258E-14
  1.770E+02  9.99315E-01  4.31601E-09 -3.68715E-09 -1.25965E-13 -6.06461E-14
  1.775E+02  9.99524E-01  4.31850E-09 -3.68661E-09 -1.04982E-13 -5.05554E-14
  1.780E+02  9.99695E-01  4.32054E-09 -3.68618E-09 -8.39927E-14 -4.04554E-14
  1.785E+02  9.99829E-01  4.32213E-09 -3.68584E-09 -6.29987E-14 -3.03481E-14
  1.790E+02  9.99924E-01  4.32327E-09 -3.68559E-09 -4.20011E-14 -2.02351E-14
  1.795E+02  9.99981E-01  4.32395E-09 -3.68545E-09 -2.10012E-14 -1.01185E-14
  1.800E+02  1.00000E+00  4.32417E-09 -3.68540E-09 -2.94721E-28 -1.42001E-28
