

  **** PARTIAL WAVE ANALYSIS (DPWA0) ******************************************


  KINETIC ENERGY = 1.06000E+02 eV

      L       PHASE(SPIN UP)     PHASE(SPIN DOWN)
  -----------------------------------------------
       0      3.69637545E-01      0.00000000E+00
       1     -1.32695671E+00     -1.32500566E+00
       2      6.73932509E-01      6.74208535E-01
       3      2.43265327E-01      2.43331218E-01
       4      9.44148166E-02      9.44364277E-02
       5      3.85430203E-02      3.85511553E-02
       6      1.62463755E-02      1.62496482E-02
       7      6.99781965E-03      6.99918674E-03
       8      3.06140789E-03      3.06199295E-03
       9      1.35499786E-03      1.35525255E-03
      10      6.05120663E-04      6.05232950E-04
      11      2.72127405E-04      2.72177395E-04
      12      1.23049116E-04      1.23071541E-04
      13      5.58801916E-05      5.58903114E-05
      14      2.54635223E-05      2.54681106E-05
      15      1.16346497E-05      1.16367379E-05
      16      5.32747594E-06      5.32842907E-06
      17      2.44362020E-06      2.44405628E-06
      18      1.12238267E-06      1.12258256E-06
      19      5.16090440E-07      5.16182205E-07
      20      2.37517389E-07      2.37559561E-07
      21      1.09389593E-07      1.09408992E-07
      22      5.04091613E-08      5.04180945E-08
      23      2.32406847E-08      2.32448018E-08
      24      1.07190228E-08      1.07209250E-08
      25      4.94535317E-09      4.94622583E-09
      26      2.28220095E-09      2.28260694E-09
      27      1.05342792E-09      1.05361316E-09
      28      4.86316574E-10      4.86401906E-10
      29      2.24509980E-10      2.24547115E-10


  *** SCATTERING AMPLITUDES AND DIFFERENTIAL CROSS SECTION ***

    ANGLE      DCS       ASYMMETRY    DIRECT AMPLITUDE       SPIN-FLIP AMPLITUDE     ERROR
    (deg)   (cm**2/sr)                      (cm)                    (cm)
  -------------------------------------------------------------------------------------------
  0.000E+00 2.09755E-16  0.000E+00  1.023E-08  1.026E-08  0.000E+00  0.000E+00  1.00E-07
  1.000E-04 2.09755E-16  2.687E-10  1.023E-08  1.026E-08 -2.326E-18  4.230E-19  1.00E-07
  1.250E-04 2.09755E-16  3.358E-10  1.023E-08  1.026E-08 -2.907E-18  5.287E-19  1.00E-07
  1.500E-04 2.09755E-16  4.030E-10  1.023E-08  1.026E-08 -3.489E-18  6.345E-19  1.00E-07
  1.750E-04 2.09755E-16  4.702E-10  1.023E-08  1.026E-08 -4.070E-18  7.402E-19  1.00E-07
  2.000E-04 2.09755E-16  5.373E-10  1.023E-08  1.026E-08 -4.652E-18  8.460E-19  1.00E-07
  2.250E-04 2.09755E-16  6.045E-10  1.023E-08  1.026E-08 -5.233E-18  9.517E-19  1.00E-07
  2.500E-04 2.09755E-16  6.717E-10  1.023E-08  1.026E-08 -5.815E-18  1.057E-18  1.00E-07
  2.750E-04 2.09755E-16  7.389E-10  1.023E-08  1.026E-08 -6.396E-18  1.163E-18  1.00E-07
  3.000E-04 2.09755E-16  8.060E-10  1.023E-08  1.026E-08 -6.978E-18  1.269E-18  1.00E-07
  3.250E-04 2.09755E-16  8.732E-10  1.023E-08  1.026E-08 -7.559E-18  1.375E-18  1.00E-07
  3.500E-04 2.09755E-16  9.404E-10  1.023E-08  1.026E-08 -8.141E-18  1.480E-18  1.00E-07
  3.750E-04 2.09755E-16  1.008E-09  1.023E-08  1.026E-08 -8.722E-18  1.586E-18  1.00E-07
  4.000E-04 2.09755E-16  1.075E-09  1.023E-08  1.026E-08 -9.303E-18  1.692E-18  1.00E-07
  4.250E-04 2.09755E-16  1.142E-09  1.023E-08  1.026E-08 -9.885E-18  1.798E-18  1.00E-07
  4.500E-04 2.09755E-16  1.209E-09  1.023E-08  1.026E-08 -1.047E-17  1.903E-18  1.00E-07
  4.750E-04 2.09755E-16  1.276E-09  1.023E-08  1.026E-08 -1.105E-17  2.009E-18  1.00E-07
  5.000E-04 2.09755E-16  1.343E-09  1.023E-08  1.026E-08 -1.163E-17  2.115E-18  1.00E-07
  5.250E-04 2.09755E-16  1.411E-09  1.023E-08  1.026E-08 -1.221E-17  2.221E-18  1.00E-07
  5.500E-04 2.09755E-16  1.478E-09  1.023E-08  1.026E-08 -1.279E-17  2.326E-18  1.00E-07
  5.750E-04 2.09755E-16  1.545E-09  1.023E-08  1.026E-08 -1.337E-17  2.432E-18  1.00E-07
  6.000E-04 2.09755E-16  1.612E-09  1.023E-08  1.026E-08 -1.396E-17  2.538E-18  1.00E-07
  6.250E-04 2.09755E-16  1.679E-09  1.023E-08  1.026E-08 -1.454E-17  2.644E-18  1.00E-07
  6.500E-04 2.09755E-16  1.746E-09  1.023E-08  1.026E-08 -1.512E-17  2.749E-18  1.00E-07
  6.750E-04 2.09755E-16  1.814E-09  1.023E-08  1.026E-08 -1.570E-17  2.855E-18  1.00E-07
  7.000E-04 2.09755E-16  1.881E-09  1.023E-08  1.026E-08 -1.628E-17  2.961E-18  1.00E-07
  7.250E-04 2.09755E-16  1.948E-09  1.023E-08  1.026E-08 -1.686E-17  3.067E-18  1.00E-07
  7.500E-04 2.09755E-16  2.015E-09  1.023E-08  1.026E-08 -1.744E-17  3.172E-18  1.00E-07
  7.750E-04 2.09755E-16  2.082E-09  1.023E-08  1.026E-08 -1.803E-17  3.278E-18  1.00E-07
  8.000E-04 2.09755E-16  2.149E-09  1.023E-08  1.026E-08 -1.861E-17  3.384E-18  1.00E-07
  8.250E-04 2.09755E-16  2.217E-09  1.023E-08  1.026E-08 -1.919E-17  3.490E-18  1.00E-07
  8.500E-04 2.09755E-16  2.284E-09  1.023E-08  1.026E-08 -1.977E-17  3.595E-18  1.00E-07
  8.750E-04 2.09755E-16  2.351E-09  1.023E-08  1.026E-08 -2.035E-17  3.701E-18  1.00E-07
  9.000E-04 2.09755E-16  2.418E-09  1.023E-08  1.026E-08 -2.093E-17  3.807E-18  1.00E-07
  9.250E-04 2.09755E-16  2.485E-09  1.023E-08  1.026E-08 -2.151E-17  3.913E-18  1.00E-07
  9.500E-04 2.09755E-16  2.552E-09  1.023E-08  1.026E-08 -2.210E-17  4.018E-18  1.00E-07
  9.750E-04 2.09755E-16  2.620E-09  1.023E-08  1.026E-08 -2.268E-17  4.124E-18  1.00E-07
  1.000E-03 2.09755E-16  2.687E-09  1.023E-08  1.026E-08 -2.326E-17  4.230E-18  1.00E-07
  1.250E-03 2.09755E-16  3.358E-09  1.023E-08  1.026E-08 -2.907E-17  5.287E-18  1.00E-07
  1.500E-03 2.09755E-16  4.030E-09  1.023E-08  1.026E-08 -3.489E-17  6.345E-18  1.00E-07
  1.750E-03 2.09755E-16  4.702E-09  1.023E-08  1.026E-08 -4.070E-17  7.402E-18  1.00E-07
  2.000E-03 2.09755E-16  5.373E-09  1.023E-08  1.026E-08 -4.652E-17  8.460E-18  1.00E-07
  2.250E-03 2.09755E-16  6.045E-09  1.023E-08  1.026E-08 -5.233E-17  9.517E-18  1.00E-07
  2.500E-03 2.09755E-16  6.717E-09  1.023E-08  1.026E-08 -5.815E-17  1.057E-17  1.00E-07
  2.750E-03 2.09755E-16  7.389E-09  1.023E-08  1.026E-08 -6.396E-17  1.163E-17  1.00E-07
  3.000E-03 2.09755E-16  8.060E-09  1.023E-08  1.026E-08 -6.978E-17  1.269E-17  1.00E-07
  3.250E-03 2.09755E-16  8.732E-09  1.023E-08  1.026E-08 -7.559E-17  1.375E-17  1.00E-07
  3.500E-03 2.09755E-16  9.404E-09  1.023E-08  1.026E-08 -8.141E-17  1.480E-17  1.00E-07
  3.750E-03 2.09755E-16  1.008E-08  1.023E-08  1.026E-08 -8.722E-17  1.586E-17  1.00E-07
  4.000E-03 2.09755E-16  1.075E-08  1.023E-08  1.026E-08 -9.303E-17  1.692E-17  1.00E-07
  4.250E-03 2.09755E-16  1.142E-08  1.023E-08  1.026E-08 -9.885E-17  1.798E-17  1.00E-07
  4.500E-03 2.09755E-16  1.209E-08  1.023E-08  1.026E-08 -1.047E-16  1.903E-17  1.00E-07
  4.750E-03 2.09755E-16  1.276E-08  1.023E-08  1.026E-08 -1.105E-16  2.009E-17  1.00E-07
  5.000E-03 2.09755E-16  1.343E-08  1.023E-08  1.026E-08 -1.163E-16  2.115E-17  1.00E-07
  5.250E-03 2.09755E-16  1.411E-08  1.023E-08  1.026E-08 -1.221E-16  2.221E-17  1.00E-07
  5.500E-03 2.09755E-16  1.478E-08  1.023E-08  1.026E-08 -1.279E-16  2.326E-17  1.00E-07
  5.750E-03 2.09755E-16  1.545E-08  1.023E-08  1.026E-08 -1.337E-16  2.432E-17  1.00E-07
  6.000E-03 2.09755E-16  1.612E-08  1.023E-08  1.026E-08 -1.396E-16  2.538E-17  1.00E-07
  6.250E-03 2.09755E-16  1.679E-08  1.023E-08  1.026E-08 -1.454E-16  2.644E-17  1.00E-07
  6.500E-03 2.09755E-16  1.746E-08  1.023E-08  1.026E-08 -1.512E-16  2.749E-17  1.00E-07
  6.750E-03 2.09755E-16  1.814E-08  1.023E-08  1.026E-08 -1.570E-16  2.855E-17  1.00E-07
  7.000E-03 2.09755E-16  1.881E-08  1.023E-08  1.026E-08 -1.628E-16  2.961E-17  1.00E-07
  7.250E-03 2.09755E-16  1.948E-08  1.023E-08  1.026E-08 -1.686E-16  3.067E-17  1.00E-07
  7.500E-03 2.09755E-16  2.015E-08  1.023E-08  1.026E-08 -1.744E-16  3.172E-17  1.00E-07
  7.750E-03 2.09755E-16  2.082E-08  1.023E-08  1.026E-08 -1.803E-16  3.278E-17  1.00E-07
  8.000E-03 2.09755E-16  2.149E-08  1.023E-08  1.026E-08 -1.861E-16  3.384E-17  1.00E-07
  8.250E-03 2.09755E-16  2.217E-08  1.023E-08  1.026E-08 -1.919E-16  3.490E-17  1.00E-07
  8.500E-03 2.09755E-16  2.284E-08  1.023E-08  1.026E-08 -1.977E-16  3.595E-17  1.00E-07
  8.750E-03 2.09755E-16  2.351E-08  1.023E-08  1.026E-08 -2.035E-16  3.701E-17  1.00E-07
  9.000E-03 2.09755E-16  2.418E-08  1.023E-08  1.026E-08 -2.093E-16  3.807E-17  1.00E-07
  9.250E-03 2.09755E-16  2.485E-08  1.023E-08  1.026E-08 -2.151E-16  3.913E-17  1.00E-07
  9.500E-03 2.09755E-16  2.552E-08  1.023E-08  1.026E-08 -2.210E-16  4.018E-17  1.00E-07
  9.750E-03 2.09755E-16  2.620E-08  1.023E-08  1.026E-08 -2.268E-16  4.124E-17  1.00E-07
  1.000E-02 2.09755E-16  2.687E-08  1.023E-08  1.026E-08 -2.326E-16  4.230E-17  1.00E-07
  1.250E-02 2.09755E-16  3.358E-08  1.023E-08  1.026E-08 -2.907E-16  5.287E-17  1.00E-07
  1.500E-02 2.09755E-16  4.030E-08  1.023E-08  1.026E-08 -3.489E-16  6.345E-17  1.00E-07
  1.750E-02 2.09755E-16  4.702E-08  1.023E-08  1.026E-08 -4.070E-16  7.402E-17  1.00E-07
  2.000E-02 2.09755E-16  5.373E-08  1.023E-08  1.026E-08 -4.652E-16  8.460E-17  1.00E-07
  2.250E-02 2.09755E-16  6.045E-08  1.023E-08  1.026E-08 -5.233E-16  9.517E-17  1.00E-07
  2.500E-02 2.09755E-16  6.717E-08  1.023E-08  1.026E-08 -5.815E-16  1.057E-16  1.00E-07
  2.750E-02 2.09755E-16  7.389E-08  1.023E-08  1.026E-08 -6.396E-16  1.163E-16  1.00E-07
  3.000E-02 2.09755E-16  8.060E-08  1.023E-08  1.026E-08 -6.978E-16  1.269E-16  1.00E-07
  3.250E-02 2.09755E-16  8.732E-08  1.023E-08  1.026E-08 -7.559E-16  1.375E-16  1.00E-07
  3.500E-02 2.09755E-16  9.404E-08  1.023E-08  1.026E-08 -8.141E-16  1.480E-16  1.00E-07
  3.750E-02 2.09754E-16  1.008E-07  1.023E-08  1.026E-08 -8.722E-16  1.586E-16  1.00E-07
  4.000E-02 2.09754E-16  1.075E-07  1.023E-08  1.026E-08 -9.303E-16  1.692E-16  1.00E-07
  4.250E-02 2.09754E-16  1.142E-07  1.023E-08  1.026E-08 -9.885E-16  1.798E-16  1.00E-07
  4.500E-02 2.09754E-16  1.209E-07  1.023E-08  1.026E-08 -1.047E-15  1.903E-16  1.00E-07
  4.750E-02 2.09754E-16  1.276E-07  1.023E-08  1.026E-08 -1.105E-15  2.009E-16  1.00E-07
  5.000E-02 2.09754E-16  1.343E-07  1.023E-08  1.026E-08 -1.163E-15  2.115E-16  1.00E-07
  5.250E-02 2.09754E-16  1.411E-07  1.023E-08  1.026E-08 -1.221E-15  2.221E-16  1.00E-07
  5.500E-02 2.09754E-16  1.478E-07  1.023E-08  1.026E-08 -1.279E-15  2.326E-16  1.00E-07
  5.750E-02 2.09754E-16  1.545E-07  1.023E-08  1.026E-08 -1.337E-15  2.432E-16  1.00E-07
  6.000E-02 2.09754E-16  1.612E-07  1.023E-08  1.026E-08 -1.396E-15  2.538E-16  1.00E-07
  6.250E-02 2.09754E-16  1.679E-07  1.023E-08  1.026E-08 -1.454E-15  2.644E-16  1.00E-07
  6.500E-02 2.09754E-16  1.746E-07  1.023E-08  1.026E-08 -1.512E-15  2.749E-16  1.00E-07
  6.750E-02 2.09753E-16  1.814E-07  1.023E-08  1.026E-08 -1.570E-15  2.855E-16  1.00E-07
  7.000E-02 2.09753E-16  1.881E-07  1.023E-08  1.026E-08 -1.628E-15  2.961E-16  1.00E-07
  7.250E-02 2.09753E-16  1.948E-07  1.023E-08  1.026E-08 -1.686E-15  3.067E-16  1.00E-07
  7.500E-02 2.09753E-16  2.015E-07  1.023E-08  1.026E-08 -1.744E-15  3.172E-16  1.00E-07
  7.750E-02 2.09753E-16  2.082E-07  1.023E-08  1.026E-08 -1.803E-15  3.278E-16  1.00E-07
  8.000E-02 2.09753E-16  2.149E-07  1.023E-08  1.026E-08 -1.861E-15  3.384E-16  1.00E-07
  8.250E-02 2.09753E-16  2.217E-07  1.023E-08  1.026E-08 -1.919E-15  3.490E-16  1.00E-07
  8.500E-02 2.09753E-16  2.284E-07  1.023E-08  1.026E-08 -1.977E-15  3.595E-16  1.00E-07
  8.750E-02 2.09752E-16  2.351E-07  1.023E-08  1.026E-08 -2.035E-15  3.701E-16  1.00E-07
  9.000E-02 2.09752E-16  2.418E-07  1.023E-08  1.026E-08 -2.093E-15  3.807E-16  1.00E-07
  9.250E-02 2.09752E-16  2.485E-07  1.023E-08  1.026E-08 -2.151E-15  3.912E-16  1.00E-07
  9.500E-02 2.09752E-16  2.552E-07  1.023E-08  1.026E-08 -2.210E-15  4.018E-16  1.00E-07
  9.750E-02 2.09752E-16  2.620E-07  1.023E-08  1.026E-08 -2.268E-15  4.124E-16  1.00E-07
  1.000E-01 2.09752E-16  2.687E-07  1.023E-08  1.026E-08 -2.326E-15  4.230E-16  1.00E-07
  1.250E-01 2.09750E-16  3.359E-07  1.023E-08  1.026E-08 -2.907E-15  5.287E-16  1.00E-07
  1.500E-01 2.09748E-16  4.030E-07  1.023E-08  1.026E-08 -3.489E-15  6.344E-16  1.00E-07
  1.750E-01 2.09745E-16  4.702E-07  1.023E-08  1.026E-08 -4.070E-15  7.402E-16  1.00E-07
  2.000E-01 2.09742E-16  5.374E-07  1.023E-08  1.026E-08 -4.652E-15  8.459E-16  1.00E-07
  2.250E-01 2.09738E-16  6.046E-07  1.023E-08  1.025E-08 -5.233E-15  9.516E-16  1.00E-07
  2.500E-01 2.09734E-16  6.718E-07  1.023E-08  1.025E-08 -5.815E-15  1.057E-15  1.00E-07
  2.750E-01 2.09730E-16  7.389E-07  1.023E-08  1.025E-08 -6.397E-15  1.163E-15  1.00E-07
  3.000E-01 2.09725E-16  8.061E-07  1.023E-08  1.025E-08 -6.978E-15  1.269E-15  1.00E-07
  3.250E-01 2.09720E-16  8.733E-07  1.023E-08  1.025E-08 -7.560E-15  1.374E-15  1.00E-07
  3.500E-01 2.09715E-16  9.406E-07  1.023E-08  1.025E-08 -8.142E-15  1.480E-15  1.00E-07
  3.750E-01 2.09709E-16  1.008E-06  1.022E-08  1.025E-08 -8.723E-15  1.586E-15  1.00E-07
  4.000E-01 2.09702E-16  1.075E-06  1.022E-08  1.025E-08 -9.305E-15  1.691E-15  1.00E-07
  4.250E-01 2.09696E-16  1.142E-06  1.022E-08  1.025E-08 -9.887E-15  1.797E-15  1.00E-07
  4.500E-01 2.09688E-16  1.209E-06  1.022E-08  1.025E-08 -1.047E-14  1.903E-15  1.00E-07
  4.750E-01 2.09681E-16  1.277E-06  1.022E-08  1.025E-08 -1.105E-14  2.008E-15  1.00E-07
  5.000E-01 2.09673E-16  1.344E-06  1.022E-08  1.025E-08 -1.163E-14  2.114E-15  1.00E-07
  5.250E-01 2.09664E-16  1.411E-06  1.022E-08  1.025E-08 -1.221E-14  2.219E-15  1.00E-07
  5.500E-01 2.09656E-16  1.478E-06  1.022E-08  1.025E-08 -1.280E-14  2.325E-15  1.00E-07
  5.750E-01 2.09646E-16  1.546E-06  1.022E-08  1.025E-08 -1.338E-14  2.431E-15  1.00E-07
  6.000E-01 2.09637E-16  1.613E-06  1.022E-08  1.025E-08 -1.396E-14  2.536E-15  1.00E-07
  6.250E-01 2.09627E-16  1.680E-06  1.022E-08  1.025E-08 -1.454E-14  2.642E-15  1.00E-07
  6.500E-01 2.09616E-16  1.748E-06  1.022E-08  1.025E-08 -1.512E-14  2.747E-15  1.00E-07
  6.750E-01 2.09605E-16  1.815E-06  1.022E-08  1.025E-08 -1.571E-14  2.853E-15  1.00E-07
  7.000E-01 2.09594E-16  1.882E-06  1.022E-08  1.025E-08 -1.629E-14  2.958E-15  1.00E-07
  7.250E-01 2.09582E-16  1.950E-06  1.022E-08  1.025E-08 -1.687E-14  3.064E-15  1.00E-07
  7.500E-01 2.09570E-16  2.017E-06  1.022E-08  1.025E-08 -1.745E-14  3.169E-15  1.00E-07
  7.750E-01 2.09558E-16  2.084E-06  1.022E-08  1.025E-08 -1.804E-14  3.274E-15  1.00E-07
  8.000E-01 2.09545E-16  2.152E-06  1.022E-08  1.025E-08 -1.862E-14  3.380E-15  1.00E-07
  8.250E-01 2.09532E-16  2.219E-06  1.022E-08  1.025E-08 -1.920E-14  3.485E-15  1.00E-07
  8.500E-01 2.09518E-16  2.287E-06  1.022E-08  1.025E-08 -1.978E-14  3.590E-15  1.00E-07
  8.750E-01 2.09504E-16  2.354E-06  1.022E-08  1.025E-08 -2.037E-14  3.696E-15  1.00E-07
  9.000E-01 2.09489E-16  2.421E-06  1.022E-08  1.025E-08 -2.095E-14  3.801E-15  1.00E-07
  9.250E-01 2.09474E-16  2.489E-06  1.022E-08  1.025E-08 -2.153E-14  3.906E-15  1.00E-07
  9.500E-01 2.09459E-16  2.556E-06  1.022E-08  1.025E-08 -2.212E-14  4.011E-15  1.00E-07
  9.750E-01 2.09443E-16  2.624E-06  1.021E-08  1.025E-08 -2.270E-14  4.117E-15  1.00E-07
  1.000E+00 2.09427E-16  2.691E-06  1.021E-08  1.025E-08 -2.328E-14  4.222E-15  1.00E-07
  1.100E+00 2.09358E-16  2.961E-06  1.021E-08  1.025E-08 -2.562E-14  4.642E-15  1.00E-07
  1.200E+00 2.09283E-16  3.232E-06  1.021E-08  1.025E-08 -2.795E-14  5.062E-15  1.00E-07
  1.300E+00 2.09201E-16  3.503E-06  1.021E-08  1.025E-08 -3.029E-14  5.481E-15  1.00E-07
  1.400E+00 2.09113E-16  3.774E-06  1.020E-08  1.025E-08 -3.263E-14  5.900E-15  1.00E-07
  1.500E+00 2.09018E-16  4.045E-06  1.020E-08  1.025E-08 -3.497E-14  6.318E-15  1.00E-07
  1.600E+00 2.08917E-16  4.317E-06  1.019E-08  1.025E-08 -3.731E-14  6.735E-15  1.00E-07
  1.700E+00 2.08809E-16  4.590E-06  1.019E-08  1.024E-08 -3.966E-14  7.151E-15  1.00E-07
  1.800E+00 2.08695E-16  4.863E-06  1.019E-08  1.024E-08 -4.201E-14  7.567E-15  1.00E-07
  1.900E+00 2.08574E-16  5.136E-06  1.018E-08  1.024E-08 -4.436E-14  7.981E-15  1.00E-07
  2.000E+00 2.08447E-16  5.410E-06  1.018E-08  1.024E-08 -4.671E-14  8.395E-15  1.00E-07
  2.100E+00 2.08314E-16  5.684E-06  1.017E-08  1.024E-08 -4.907E-14  8.808E-15  1.00E-07
  2.200E+00 2.08174E-16  5.959E-06  1.017E-08  1.024E-08 -5.143E-14  9.220E-15  1.00E-07
  2.300E+00 2.08027E-16  6.235E-06  1.016E-08  1.024E-08 -5.379E-14  9.631E-15  1.00E-07
  2.400E+00 2.07875E-16  6.511E-06  1.015E-08  1.023E-08 -5.616E-14  1.004E-14  1.00E-07
  2.500E+00 2.07716E-16  6.788E-06  1.015E-08  1.023E-08 -5.853E-14  1.045E-14  1.00E-07
  2.600E+00 2.07551E-16  7.066E-06  1.014E-08  1.023E-08 -6.090E-14  1.086E-14  1.00E-07
  2.700E+00 2.07379E-16  7.344E-06  1.014E-08  1.023E-08 -6.328E-14  1.126E-14  1.00E-07
  2.800E+00 2.07201E-16  7.623E-06  1.013E-08  1.023E-08 -6.566E-14  1.167E-14  1.00E-07
  2.900E+00 2.07017E-16  7.903E-06  1.012E-08  1.023E-08 -6.805E-14  1.207E-14  1.00E-07
  3.000E+00 2.06827E-16  8.183E-06  1.011E-08  1.022E-08 -7.044E-14  1.247E-14  1.00E-07
  3.100E+00 2.06630E-16  8.465E-06  1.011E-08  1.022E-08 -7.283E-14  1.287E-14  1.00E-07
  3.200E+00 2.06427E-16  8.747E-06  1.010E-08  1.022E-08 -7.523E-14  1.327E-14  1.00E-07
  3.300E+00 2.06218E-16  9.030E-06  1.009E-08  1.022E-08 -7.763E-14  1.367E-14  1.00E-07
  3.400E+00 2.06003E-16  9.315E-06  1.008E-08  1.021E-08 -8.004E-14  1.407E-14  1.00E-07
  3.500E+00 2.05782E-16  9.600E-06  1.007E-08  1.021E-08 -8.246E-14  1.446E-14  1.00E-07
  3.600E+00 2.05555E-16  9.886E-06  1.007E-08  1.021E-08 -8.487E-14  1.485E-14  1.00E-07
  3.700E+00 2.05322E-16  1.017E-05  1.006E-08  1.021E-08 -8.730E-14  1.524E-14  1.00E-07
  3.800E+00 2.05082E-16  1.046E-05  1.005E-08  1.020E-08 -8.973E-14  1.563E-14  1.00E-07
  3.900E+00 2.04837E-16  1.075E-05  1.004E-08  1.020E-08 -9.216E-14  1.602E-14  1.00E-07
  4.000E+00 2.04585E-16  1.104E-05  1.003E-08  1.020E-08 -9.460E-14  1.641E-14  1.00E-07
  4.100E+00 2.04328E-16  1.133E-05  1.002E-08  1.020E-08 -9.704E-14  1.679E-14  1.00E-07
  4.200E+00 2.04065E-16  1.162E-05  1.001E-08  1.019E-08 -9.950E-14  1.717E-14  1.00E-07
  4.300E+00 2.03795E-16  1.192E-05  9.998E-09  1.019E-08 -1.020E-13  1.755E-14  1.00E-07
  4.400E+00 2.03520E-16  1.221E-05  9.987E-09  1.019E-08 -1.044E-13  1.793E-14  1.00E-07
  4.500E+00 2.03239E-16  1.251E-05  9.977E-09  1.018E-08 -1.069E-13  1.830E-14  1.00E-07
  4.600E+00 2.02953E-16  1.281E-05  9.965E-09  1.018E-08 -1.094E-13  1.868E-14  1.00E-07
  4.700E+00 2.02660E-16  1.310E-05  9.954E-09  1.018E-08 -1.118E-13  1.905E-14  1.00E-07
  4.800E+00 2.02362E-16  1.340E-05  9.942E-09  1.017E-08 -1.143E-13  1.942E-14  1.00E-07
  4.900E+00 2.02058E-16  1.371E-05  9.931E-09  1.017E-08 -1.168E-13  1.978E-14  1.00E-07
  5.000E+00 2.01748E-16  1.401E-05  9.919E-09  1.017E-08 -1.193E-13  2.015E-14  1.00E-07
  5.100E+00 2.01433E-16  1.431E-05  9.906E-09  1.016E-08 -1.218E-13  2.051E-14  1.00E-07
  5.200E+00 2.01112E-16  1.462E-05  9.894E-09  1.016E-08 -1.244E-13  2.087E-14  1.00E-07
  5.300E+00 2.00786E-16  1.493E-05  9.881E-09  1.016E-08 -1.269E-13  2.123E-14  1.00E-07
  5.400E+00 2.00454E-16  1.523E-05  9.868E-09  1.015E-08 -1.294E-13  2.158E-14  1.00E-07
  5.500E+00 2.00117E-16  1.554E-05  9.855E-09  1.015E-08 -1.320E-13  2.193E-14  1.00E-07
  5.600E+00 1.99774E-16  1.586E-05  9.842E-09  1.014E-08 -1.345E-13  2.228E-14  1.00E-07
  5.700E+00 1.99426E-16  1.617E-05  9.828E-09  1.014E-08 -1.371E-13  2.263E-14  1.00E-07
  5.800E+00 1.99072E-16  1.648E-05  9.814E-09  1.014E-08 -1.396E-13  2.297E-14  1.00E-07
  5.900E+00 1.98713E-16  1.680E-05  9.800E-09  1.013E-08 -1.422E-13  2.331E-14  1.00E-07
  6.000E+00 1.98349E-16  1.712E-05  9.786E-09  1.013E-08 -1.448E-13  2.365E-14  1.00E-07
  6.100E+00 1.97980E-16  1.744E-05  9.771E-09  1.012E-08 -1.474E-13  2.399E-14  1.00E-07
  6.200E+00 1.97605E-16  1.776E-05  9.757E-09  1.012E-08 -1.500E-13  2.432E-14  1.00E-07
  6.300E+00 1.97225E-16  1.808E-05  9.742E-09  1.012E-08 -1.526E-13  2.465E-14  1.00E-07
  6.400E+00 1.96840E-16  1.841E-05  9.727E-09  1.011E-08 -1.552E-13  2.498E-14  1.00E-07
  6.500E+00 1.96450E-16  1.874E-05  9.711E-09  1.011E-08 -1.578E-13  2.530E-14  1.00E-07
  6.600E+00 1.96055E-16  1.907E-05  9.696E-09  1.010E-08 -1.604E-13  2.562E-14  1.00E-07
  6.700E+00 1.95655E-16  1.940E-05  9.680E-09  1.010E-08 -1.631E-13  2.594E-14  1.00E-07
  6.800E+00 1.95250E-16  1.973E-05  9.664E-09  1.009E-08 -1.657E-13  2.625E-14  1.00E-07
  6.900E+00 1.94840E-16  2.007E-05  9.648E-09  1.009E-08 -1.684E-13  2.656E-14  1.00E-07
  7.000E+00 1.94425E-16  2.040E-05  9.631E-09  1.008E-08 -1.710E-13  2.687E-14  1.00E-07
  7.100E+00 1.94005E-16  2.074E-05  9.614E-09  1.008E-08 -1.737E-13  2.718E-14  1.00E-07
  7.200E+00 1.93581E-16  2.108E-05  9.598E-09  1.007E-08 -1.764E-13  2.748E-14  1.00E-07
  7.300E+00 1.93152E-16  2.143E-05  9.580E-09  1.007E-08 -1.791E-13  2.778E-14  1.00E-07
  7.400E+00 1.92718E-16  2.177E-05  9.563E-09  1.006E-08 -1.818E-13  2.807E-14  1.00E-07
  7.500E+00 1.92280E-16  2.212E-05  9.546E-09  1.006E-08 -1.845E-13  2.836E-14  1.00E-07
  7.600E+00 1.91836E-16  2.247E-05  9.528E-09  1.005E-08 -1.872E-13  2.865E-14  1.00E-07
  7.700E+00 1.91389E-16  2.282E-05  9.510E-09  1.005E-08 -1.900E-13  2.893E-14  1.00E-07
  7.800E+00 1.90937E-16  2.318E-05  9.492E-09  1.004E-08 -1.927E-13  2.921E-14  1.00E-07
  7.900E+00 1.90480E-16  2.353E-05  9.474E-09  1.004E-08 -1.955E-13  2.949E-14  1.00E-07
  8.000E+00 1.90019E-16  2.389E-05  9.455E-09  1.003E-08 -1.982E-13  2.976E-14  1.00E-07
  8.100E+00 1.89554E-16  2.425E-05  9.437E-09  1.003E-08 -2.010E-13  3.003E-14  1.00E-07
  8.200E+00 1.89084E-16  2.462E-05  9.418E-09  1.002E-08 -2.038E-13  3.030E-14  1.00E-07
  8.300E+00 1.88611E-16  2.498E-05  9.399E-09  1.001E-08 -2.066E-13  3.056E-14  1.00E-07
  8.400E+00 1.88133E-16  2.535E-05  9.379E-09  1.001E-08 -2.094E-13  3.082E-14  1.00E-07
  8.500E+00 1.87650E-16  2.572E-05  9.360E-09  1.000E-08 -2.122E-13  3.107E-14  1.00E-07
  8.600E+00 1.87164E-16  2.610E-05  9.340E-09  9.996E-09 -2.151E-13  3.132E-14  1.00E-07
  8.700E+00 1.86674E-16  2.647E-05  9.320E-09  9.990E-09 -2.179E-13  3.157E-14  1.00E-07
  8.800E+00 1.86179E-16  2.685E-05  9.300E-09  9.984E-09 -2.207E-13  3.181E-14  1.00E-07
  8.900E+00 1.85681E-16  2.724E-05  9.280E-09  9.978E-09 -2.236E-13  3.205E-14  1.00E-07
  9.000E+00 1.85179E-16  2.762E-05  9.260E-09  9.972E-09 -2.265E-13  3.228E-14  1.00E-07
  9.100E+00 1.84673E-16  2.801E-05  9.239E-09  9.966E-09 -2.294E-13  3.251E-14  1.00E-07
  9.200E+00 1.84163E-16  2.840E-05  9.218E-09  9.959E-09 -2.323E-13  3.273E-14  1.00E-07
  9.300E+00 1.83649E-16  2.879E-05  9.197E-09  9.953E-09 -2.352E-13  3.296E-14  1.00E-07
  9.400E+00 1.83132E-16  2.919E-05  9.176E-09  9.946E-09 -2.381E-13  3.317E-14  1.00E-07
  9.500E+00 1.82611E-16  2.959E-05  9.155E-09  9.940E-09 -2.410E-13  3.338E-14  1.00E-07
  9.600E+00 1.82086E-16  2.999E-05  9.133E-09  9.933E-09 -2.440E-13  3.359E-14  1.00E-07
  9.700E+00 1.81558E-16  3.039E-05  9.112E-09  9.927E-09 -2.469E-13  3.380E-14  1.00E-07
  9.800E+00 1.81027E-16  3.080E-05  9.090E-09  9.920E-09 -2.499E-13  3.399E-14  1.00E-07
  9.900E+00 1.80492E-16  3.121E-05  9.068E-09  9.913E-09 -2.529E-13  3.419E-14  1.00E-07
  1.000E+01 1.79953E-16  3.163E-05  9.045E-09  9.906E-09 -2.559E-13  3.438E-14  1.00E-07
  1.025E+01 1.78593E-16  3.268E-05  8.989E-09  9.889E-09 -2.634E-13  3.483E-14  1.00E-07
  1.050E+01 1.77212E-16  3.375E-05  8.932E-09  9.871E-09 -2.710E-13  3.526E-14  1.00E-07
  1.075E+01 1.75813E-16  3.484E-05  8.873E-09  9.853E-09 -2.787E-13  3.565E-14  1.00E-07
  1.100E+01 1.74394E-16  3.595E-05  8.814E-09  9.834E-09 -2.865E-13  3.602E-14  1.00E-07
  1.125E+01 1.72959E-16  3.708E-05  8.753E-09  9.815E-09 -2.943E-13  3.635E-14  1.00E-07
  1.150E+01 1.71506E-16  3.824E-05  8.692E-09  9.796E-09 -3.022E-13  3.665E-14  1.00E-07
  1.175E+01 1.70038E-16  3.942E-05  8.629E-09  9.776E-09 -3.103E-13  3.692E-14  1.00E-07
  1.200E+01 1.68555E-16  4.063E-05  8.566E-09  9.756E-09 -3.184E-13  3.716E-14  1.00E-07
  1.225E+01 1.67057E-16  4.186E-05  8.502E-09  9.735E-09 -3.265E-13  3.736E-14  1.00E-07
  1.250E+01 1.65546E-16  4.312E-05  8.437E-09  9.714E-09 -3.348E-13  3.753E-14  1.00E-07
  1.275E+01 1.64023E-16  4.440E-05  8.371E-09  9.693E-09 -3.431E-13  3.766E-14  1.00E-07
  1.300E+01 1.62488E-16  4.571E-05  8.304E-09  9.671E-09 -3.516E-13  3.776E-14  1.00E-07
  1.325E+01 1.60941E-16  4.705E-05  8.236E-09  9.649E-09 -3.601E-13  3.782E-14  1.00E-07
  1.350E+01 1.59385E-16  4.842E-05  8.168E-09  9.627E-09 -3.687E-13  3.784E-14  1.00E-07
  1.375E+01 1.57819E-16  4.981E-05  8.099E-09  9.604E-09 -3.774E-13  3.783E-14  1.00E-07
  1.400E+01 1.56244E-16  5.124E-05  8.029E-09  9.580E-09 -3.862E-13  3.778E-14  1.00E-07
  1.425E+01 1.54662E-16  5.270E-05  7.958E-09  9.557E-09 -3.951E-13  3.769E-14  1.00E-07
  1.450E+01 1.53073E-16  5.419E-05  7.887E-09  9.533E-09 -4.040E-13  3.756E-14  1.00E-07
  1.475E+01 1.51477E-16  5.571E-05  7.815E-09  9.508E-09 -4.131E-13  3.739E-14  1.00E-07
  1.500E+01 1.49876E-16  5.727E-05  7.742E-09  9.484E-09 -4.222E-13  3.718E-14  1.00E-07
  1.525E+01 1.48270E-16  5.886E-05  7.668E-09  9.459E-09 -4.314E-13  3.693E-14  1.00E-07
  1.550E+01 1.46660E-16  6.049E-05  7.594E-09  9.433E-09 -4.407E-13  3.664E-14  1.00E-07
  1.575E+01 1.45047E-16  6.216E-05  7.520E-09  9.407E-09 -4.502E-13  3.631E-14  1.00E-07
  1.600E+01 1.43431E-16  6.386E-05  7.445E-09  9.381E-09 -4.597E-13  3.594E-14  1.00E-07
  1.625E+01 1.41813E-16  6.560E-05  7.369E-09  9.355E-09 -4.692E-13  3.552E-14  1.00E-07
  1.650E+01 1.40194E-16  6.738E-05  7.293E-09  9.328E-09 -4.789E-13  3.506E-14  1.00E-07
  1.675E+01 1.38574E-16  6.920E-05  7.216E-09  9.300E-09 -4.887E-13  3.456E-14  1.00E-07
  1.700E+01 1.36954E-16  7.106E-05  7.139E-09  9.273E-09 -4.985E-13  3.401E-14  1.00E-07
  1.725E+01 1.35335E-16  7.296E-05  7.062E-09  9.245E-09 -5.085E-13  3.342E-14  1.00E-07
  1.750E+01 1.33718E-16  7.490E-05  6.984E-09  9.217E-09 -5.185E-13  3.278E-14  1.00E-07
  1.775E+01 1.32102E-16  7.689E-05  6.905E-09  9.188E-09 -5.287E-13  3.210E-14  1.00E-07
  1.800E+01 1.30489E-16  7.893E-05  6.826E-09  9.159E-09 -5.389E-13  3.137E-14  1.00E-07
  1.825E+01 1.28879E-16  8.101E-05  6.747E-09  9.130E-09 -5.492E-13  3.059E-14  1.00E-07
  1.850E+01 1.27272E-16  8.314E-05  6.668E-09  9.100E-09 -5.596E-13  2.977E-14  1.00E-07
  1.875E+01 1.25670E-16  8.532E-05  6.588E-09  9.070E-09 -5.700E-13  2.890E-14  1.00E-07
  1.900E+01 1.24073E-16  8.754E-05  6.508E-09  9.040E-09 -5.806E-13  2.798E-14  1.00E-07
  1.925E+01 1.22481E-16  8.982E-05  6.427E-09  9.010E-09 -5.913E-13  2.702E-14  1.00E-07
  1.950E+01 1.20895E-16  9.215E-05  6.346E-09  8.979E-09 -6.020E-13  2.600E-14  1.00E-07
  1.975E+01 1.19315E-16  9.453E-05  6.266E-09  8.948E-09 -6.128E-13  2.494E-14  1.00E-07
  2.000E+01 1.17742E-16  9.697E-05  6.184E-09  8.916E-09 -6.237E-13  2.382E-14  1.00E-07
  2.025E+01 1.16177E-16  9.946E-05  6.103E-09  8.884E-09 -6.347E-13  2.266E-14  1.00E-07
  2.050E+01 1.14619E-16  1.020E-04  6.022E-09  8.852E-09 -6.458E-13  2.145E-14  1.00E-07
  2.075E+01 1.13069E-16  1.046E-04  5.940E-09  8.820E-09 -6.570E-13  2.018E-14  1.00E-07
  2.100E+01 1.11528E-16  1.073E-04  5.858E-09  8.787E-09 -6.682E-13  1.887E-14  1.00E-07
  2.125E+01 1.09996E-16  1.100E-04  5.776E-09  8.754E-09 -6.796E-13  1.750E-14  1.00E-07
  2.150E+01 1.08473E-16  1.128E-04  5.694E-09  8.721E-09 -6.910E-13  1.609E-14  1.00E-07
  2.175E+01 1.06960E-16  1.156E-04  5.612E-09  8.687E-09 -7.025E-13  1.462E-14  1.00E-07
  2.200E+01 1.05457E-16  1.186E-04  5.530E-09  8.653E-09 -7.141E-13  1.309E-14  1.00E-07
  2.225E+01 1.03964E-16  1.215E-04  5.448E-09  8.619E-09 -7.257E-13  1.152E-14  1.00E-07
  2.250E+01 1.02483E-16  1.246E-04  5.366E-09  8.584E-09 -7.374E-13  9.892E-15  1.00E-07
  2.275E+01 1.01012E-16  1.277E-04  5.283E-09  8.550E-09 -7.492E-13  8.211E-15  1.00E-07
  2.300E+01 9.95525E-17  1.309E-04  5.201E-09  8.515E-09 -7.611E-13  6.477E-15  1.00E-07
  2.325E+01 9.81048E-17  1.341E-04  5.119E-09  8.479E-09 -7.731E-13  4.688E-15  1.00E-07
  2.350E+01 9.66691E-17  1.375E-04  5.037E-09  8.444E-09 -7.851E-13  2.846E-15  1.00E-07
  2.375E+01 9.52455E-17  1.409E-04  4.955E-09  8.408E-09 -7.972E-13  9.492E-16  1.00E-07
  2.400E+01 9.38344E-17  1.443E-04  4.873E-09  8.372E-09 -8.094E-13 -1.002E-15  1.00E-07
  2.425E+01 9.24359E-17  1.479E-04  4.791E-09  8.336E-09 -8.217E-13 -3.009E-15  1.00E-07
  2.450E+01 9.10502E-17  1.515E-04  4.709E-09  8.299E-09 -8.340E-13 -5.070E-15  1.00E-07
  2.475E+01 8.96776E-17  1.552E-04  4.628E-09  8.262E-09 -8.464E-13 -7.187E-15  1.00E-07
  2.500E+01 8.83183E-17  1.590E-04  4.546E-09  8.225E-09 -8.589E-13 -9.360E-15  1.00E-07
  2.550E+01 8.56400E-17  1.668E-04  4.384E-09  8.150E-09 -8.840E-13 -1.387E-14  1.00E-07
  2.600E+01 8.30166E-17  1.750E-04  4.222E-09  8.074E-09 -9.094E-13 -1.861E-14  1.00E-07
  2.650E+01 8.04491E-17  1.835E-04  4.061E-09  7.997E-09 -9.350E-13 -2.358E-14  1.00E-07
  2.700E+01 7.79384E-17  1.924E-04  3.901E-09  7.920E-09 -9.609E-13 -2.877E-14  1.00E-07
  2.750E+01 7.54853E-17  2.017E-04  3.742E-09  7.841E-09 -9.870E-13 -3.419E-14  1.00E-07
  2.800E+01 7.30901E-17  2.113E-04  3.585E-09  7.762E-09 -1.013E-12 -3.984E-14  1.00E-07
  2.850E+01 7.07533E-17  2.214E-04  3.428E-09  7.681E-09 -1.040E-12 -4.573E-14  1.00E-07
  2.900E+01 6.84751E-17  2.318E-04  3.273E-09  7.600E-09 -1.067E-12 -5.184E-14  1.00E-07
  2.950E+01 6.62555E-17  2.427E-04  3.119E-09  7.518E-09 -1.094E-12 -5.819E-14  1.00E-07
  3.000E+01 6.40945E-17  2.541E-04  2.967E-09  7.436E-09 -1.121E-12 -6.478E-14  1.00E-07
  3.050E+01 6.19919E-17  2.658E-04  2.817E-09  7.352E-09 -1.148E-12 -7.159E-14  1.00E-07
  3.100E+01 5.99474E-17  2.781E-04  2.668E-09  7.268E-09 -1.176E-12 -7.865E-14  1.00E-07
  3.150E+01 5.79606E-17  2.908E-04  2.521E-09  7.184E-09 -1.203E-12 -8.593E-14  1.00E-07
  3.200E+01 5.60310E-17  3.040E-04  2.375E-09  7.098E-09 -1.231E-12 -9.345E-14  1.00E-07
  3.250E+01 5.41580E-17  3.177E-04  2.232E-09  7.013E-09 -1.259E-12 -1.012E-13  1.00E-07
  3.300E+01 5.23409E-17  3.319E-04  2.090E-09  6.926E-09 -1.287E-12 -1.092E-13  1.00E-07
  3.350E+01 5.05790E-17  3.466E-04  1.951E-09  6.839E-09 -1.315E-12 -1.174E-13  1.00E-07
  3.400E+01 4.88714E-17  3.618E-04  1.813E-09  6.752E-09 -1.343E-12 -1.259E-13  1.00E-07
  3.450E+01 4.72173E-17  3.776E-04  1.678E-09  6.664E-09 -1.372E-12 -1.346E-13  1.00E-07
  3.500E+01 4.56158E-17  3.939E-04  1.544E-09  6.575E-09 -1.400E-12 -1.435E-13  1.00E-07
  3.550E+01 4.40659E-17  4.107E-04  1.413E-09  6.486E-09 -1.428E-12 -1.526E-13  1.00E-07
  3.600E+01 4.25665E-17  4.281E-04  1.284E-09  6.397E-09 -1.457E-12 -1.620E-13  1.00E-07
  3.650E+01 4.11166E-17  4.461E-04  1.157E-09  6.307E-09 -1.486E-12 -1.716E-13  1.00E-07
  3.700E+01 3.97151E-17  4.646E-04  1.032E-09  6.217E-09 -1.514E-12 -1.815E-13  1.00E-07
  3.750E+01 3.83609E-17  4.837E-04  9.101E-10  6.126E-09 -1.543E-12 -1.915E-13  1.00E-07
  3.800E+01 3.70529E-17  5.033E-04  7.900E-10  6.036E-09 -1.571E-12 -2.018E-13  1.00E-07
  3.850E+01 3.57899E-17  5.236E-04  6.723E-10  5.945E-09 -1.600E-12 -2.124E-13  1.00E-07
  3.900E+01 3.45708E-17  5.444E-04  5.569E-10  5.853E-09 -1.629E-12 -2.231E-13  1.00E-07
  3.950E+01 3.33943E-17  5.657E-04  4.438E-10  5.762E-09 -1.657E-12 -2.340E-13  1.00E-07
  4.000E+01 3.22595E-17  5.876E-04  3.331E-10  5.670E-09 -1.686E-12 -2.452E-13  1.00E-07
  4.050E+01 3.11650E-17  6.101E-04  2.248E-10  5.578E-09 -1.715E-12 -2.566E-13  1.00E-07
  4.100E+01 3.01096E-17  6.331E-04  1.189E-10  5.486E-09 -1.743E-12 -2.682E-13  1.00E-07
  4.150E+01 2.90924E-17  6.567E-04  1.531E-11  5.394E-09 -1.772E-12 -2.800E-13  1.00E-07
  4.200E+01 2.81120E-17  6.807E-04 -8.585E-11  5.301E-09 -1.800E-12 -2.921E-13  1.00E-07
  4.250E+01 2.71673E-17  7.053E-04 -1.846E-10  5.209E-09 -1.829E-12 -3.043E-13  1.00E-07
  4.300E+01 2.62573E-17  7.304E-04 -2.809E-10  5.116E-09 -1.857E-12 -3.167E-13  1.00E-07
  4.350E+01 2.53807E-17  7.560E-04 -3.749E-10  5.024E-09 -1.885E-12 -3.294E-13  1.00E-07
  4.400E+01 2.45366E-17  7.821E-04 -4.664E-10  4.931E-09 -1.913E-12 -3.422E-13  1.00E-07
  4.450E+01 2.37237E-17  8.086E-04 -5.556E-10  4.839E-09 -1.941E-12 -3.552E-13  1.00E-07
  4.500E+01 2.29411E-17  8.355E-04 -6.424E-10  4.746E-09 -1.969E-12 -3.685E-13  1.00E-07
  4.550E+01 2.21878E-17  8.628E-04 -7.267E-10  4.654E-09 -1.997E-12 -3.819E-13  1.00E-07
  4.600E+01 2.14625E-17  8.905E-04 -8.087E-10  4.562E-09 -2.025E-12 -3.955E-13  1.00E-07
  4.650E+01 2.07645E-17  9.185E-04 -8.884E-10  4.469E-09 -2.052E-12 -4.093E-13  1.00E-07
  4.700E+01 2.00927E-17  9.468E-04 -9.657E-10  4.377E-09 -2.080E-12 -4.232E-13  1.00E-07
  4.750E+01 1.94462E-17  9.754E-04 -1.041E-09  4.285E-09 -2.107E-12 -4.374E-13  1.00E-07
  4.800E+01 1.88239E-17  1.004E-03 -1.113E-09  4.193E-09 -2.134E-12 -4.517E-13  1.00E-07
  4.850E+01 1.82251E-17  1.033E-03 -1.183E-09  4.102E-09 -2.161E-12 -4.662E-13  1.00E-07
  4.900E+01 1.76489E-17  1.062E-03 -1.251E-09  4.010E-09 -2.188E-12 -4.809E-13  1.00E-07
  4.950E+01 1.70943E-17  1.092E-03 -1.317E-09  3.919E-09 -2.214E-12 -4.957E-13  1.00E-07
  5.000E+01 1.65607E-17  1.121E-03 -1.381E-09  3.828E-09 -2.241E-12 -5.106E-13  1.00E-07
  5.050E+01 1.60470E-17  1.150E-03 -1.442E-09  3.737E-09 -2.267E-12 -5.258E-13  1.00E-07
  5.100E+01 1.55527E-17  1.180E-03 -1.501E-09  3.647E-09 -2.293E-12 -5.411E-13  1.00E-07
  5.150E+01 1.50770E-17  1.209E-03 -1.557E-09  3.557E-09 -2.319E-12 -5.565E-13  1.00E-07
  5.200E+01 1.46190E-17  1.238E-03 -1.612E-09  3.467E-09 -2.344E-12 -5.721E-13  1.00E-07
  5.250E+01 1.41781E-17  1.267E-03 -1.664E-09  3.378E-09 -2.370E-12 -5.878E-13  1.00E-07
  5.300E+01 1.37537E-17  1.296E-03 -1.715E-09  3.288E-09 -2.395E-12 -6.036E-13  1.00E-07
  5.350E+01 1.33451E-17  1.324E-03 -1.763E-09  3.200E-09 -2.420E-12 -6.196E-13  1.00E-07
  5.400E+01 1.29516E-17  1.352E-03 -1.809E-09  3.111E-09 -2.445E-12 -6.357E-13  1.00E-07
  5.450E+01 1.25727E-17  1.380E-03 -1.852E-09  3.023E-09 -2.469E-12 -6.519E-13  1.00E-07
  5.500E+01 1.22078E-17  1.407E-03 -1.894E-09  2.936E-09 -2.493E-12 -6.683E-13  1.00E-07
  5.550E+01 1.18562E-17  1.433E-03 -1.934E-09  2.849E-09 -2.517E-12 -6.847E-13  1.00E-07
  5.600E+01 1.15176E-17  1.459E-03 -1.972E-09  2.762E-09 -2.541E-12 -7.013E-13  1.00E-07
  5.650E+01 1.11913E-17  1.484E-03 -2.007E-09  2.676E-09 -2.565E-12 -7.180E-13  1.00E-07
  5.700E+01 1.08768E-17  1.508E-03 -2.041E-09  2.590E-09 -2.588E-12 -7.348E-13  1.00E-07
  5.750E+01 1.05738E-17  1.532E-03 -2.073E-09  2.505E-09 -2.611E-12 -7.516E-13  1.00E-07
  5.800E+01 1.02816E-17  1.554E-03 -2.103E-09  2.421E-09 -2.633E-12 -7.686E-13  1.00E-07
  5.850E+01 1.00000E-17  1.576E-03 -2.131E-09  2.336E-09 -2.656E-12 -7.856E-13  1.00E-07
  5.900E+01 9.72850E-18  1.596E-03 -2.157E-09  2.253E-09 -2.678E-12 -8.028E-13  1.00E-07
  5.950E+01 9.46667E-18  1.615E-03 -2.181E-09  2.170E-09 -2.700E-12 -8.200E-13  1.00E-07
  6.000E+01 9.21415E-18  1.633E-03 -2.204E-09  2.087E-09 -2.721E-12 -8.372E-13  1.00E-07
  6.050E+01 8.97058E-18  1.650E-03 -2.225E-09  2.005E-09 -2.743E-12 -8.546E-13  1.00E-07
  6.100E+01 8.73562E-18  1.665E-03 -2.244E-09  1.924E-09 -2.764E-12 -8.720E-13  1.00E-07
  6.150E+01 8.50894E-18  1.679E-03 -2.261E-09  1.843E-09 -2.784E-12 -8.895E-13  1.00E-07
  6.200E+01 8.29022E-18  1.691E-03 -2.276E-09  1.763E-09 -2.805E-12 -9.070E-13  1.00E-07
  6.250E+01 8.07918E-18  1.701E-03 -2.290E-09  1.684E-09 -2.825E-12 -9.245E-13  1.00E-07
  6.300E+01 7.87552E-18  1.710E-03 -2.302E-09  1.605E-09 -2.844E-12 -9.421E-13  1.00E-07
  6.350E+01 7.67898E-18  1.717E-03 -2.313E-09  1.527E-09 -2.864E-12 -9.598E-13  1.00E-07
  6.400E+01 7.48930E-18  1.722E-03 -2.321E-09  1.449E-09 -2.883E-12 -9.775E-13  1.00E-07
  6.450E+01 7.30624E-18  1.724E-03 -2.329E-09  1.372E-09 -2.902E-12 -9.952E-13  1.00E-07
  6.500E+01 7.12958E-18  1.725E-03 -2.334E-09  1.296E-09 -2.920E-12 -1.013E-12  1.00E-07
  6.550E+01 6.95908E-18  1.724E-03 -2.339E-09  1.221E-09 -2.938E-12 -1.031E-12  1.00E-07
  6.600E+01 6.79456E-18  1.720E-03 -2.341E-09  1.146E-09 -2.956E-12 -1.048E-12  1.00E-07
  6.650E+01 6.63580E-18  1.713E-03 -2.343E-09  1.072E-09 -2.974E-12 -1.066E-12  1.00E-07
  6.700E+01 6.48264E-18  1.704E-03 -2.342E-09  9.982E-10 -2.991E-12 -1.084E-12  1.00E-07
  6.750E+01 6.33488E-18  1.693E-03 -2.341E-09  9.255E-10 -3.008E-12 -1.102E-12  1.00E-07
  6.800E+01 6.19238E-18  1.679E-03 -2.338E-09  8.535E-10 -3.024E-12 -1.120E-12  1.00E-07
  6.850E+01 6.05497E-18  1.662E-03 -2.333E-09  7.822E-10 -3.041E-12 -1.137E-12  1.00E-07
  6.900E+01 5.92251E-18  1.642E-03 -2.327E-09  7.117E-10 -3.056E-12 -1.155E-12  1.00E-07
  6.950E+01 5.79485E-18  1.620E-03 -2.320E-09  6.419E-10 -3.072E-12 -1.173E-12  1.00E-07
  7.000E+01 5.67188E-18  1.594E-03 -2.312E-09  5.728E-10 -3.087E-12 -1.191E-12  1.00E-07
  7.050E+01 5.55346E-18  1.565E-03 -2.302E-09  5.046E-10 -3.102E-12 -1.208E-12  1.00E-07
  7.100E+01 5.43949E-18  1.533E-03 -2.291E-09  4.370E-10 -3.116E-12 -1.226E-12  1.00E-07
  7.150E+01 5.32985E-18  1.498E-03 -2.279E-09  3.702E-10 -3.131E-12 -1.243E-12  1.00E-07
  7.200E+01 5.22445E-18  1.460E-03 -2.265E-09  3.042E-10 -3.144E-12 -1.261E-12  1.00E-07
  7.250E+01 5.12319E-18  1.418E-03 -2.251E-09  2.390E-10 -3.158E-12 -1.279E-12  1.00E-07
  7.300E+01 5.02597E-18  1.373E-03 -2.235E-09  1.745E-10 -3.171E-12 -1.296E-12  1.00E-07
  7.350E+01 4.93273E-18  1.324E-03 -2.218E-09  1.109E-10 -3.184E-12 -1.313E-12  1.00E-07
  7.400E+01 4.84337E-18  1.272E-03 -2.200E-09  4.797E-11 -3.196E-12 -1.331E-12  1.00E-07
  7.450E+01 4.75783E-18  1.217E-03 -2.181E-09 -1.415E-11 -3.208E-12 -1.348E-12  1.00E-07
  7.500E+01 4.67604E-18  1.158E-03 -2.161E-09 -7.547E-11 -3.220E-12 -1.365E-12  1.00E-07
  7.550E+01 4.59794E-18  1.096E-03 -2.140E-09 -1.360E-10 -3.231E-12 -1.382E-12  1.00E-07
  7.600E+01 4.52346E-18  1.030E-03 -2.118E-09 -1.957E-10 -3.242E-12 -1.399E-12  1.00E-07
  7.650E+01 4.45256E-18  9.605E-04 -2.095E-09 -2.547E-10 -3.253E-12 -1.416E-12  1.00E-07
  7.700E+01 4.38518E-18  8.878E-04 -2.071E-09 -3.128E-10 -3.263E-12 -1.433E-12  1.00E-07
  7.750E+01 4.32127E-18  8.119E-04 -2.046E-09 -3.702E-10 -3.273E-12 -1.450E-12  1.00E-07
  7.800E+01 4.26079E-18  7.328E-04 -2.020E-09 -4.267E-10 -3.282E-12 -1.467E-12  1.00E-07
  7.850E+01 4.20369E-18  6.506E-04 -1.993E-09 -4.824E-10 -3.292E-12 -1.483E-12  1.00E-07
  7.900E+01 4.14995E-18  5.653E-04 -1.965E-09 -5.374E-10 -3.300E-12 -1.500E-12  1.00E-07
  7.950E+01 4.09952E-18  4.771E-04 -1.936E-09 -5.915E-10 -3.309E-12 -1.516E-12  1.00E-07
  8.000E+01 4.05238E-18  3.863E-04 -1.907E-09 -6.448E-10 -3.317E-12 -1.532E-12  1.00E-07
  8.050E+01 4.00849E-18  2.928E-04 -1.877E-09 -6.974E-10 -3.325E-12 -1.548E-12  1.00E-07
  8.100E+01 3.96781E-18  1.970E-04 -1.846E-09 -7.491E-10 -3.332E-12 -1.564E-12  1.00E-07
  8.150E+01 3.93034E-18  9.895E-05 -1.814E-09 -8.000E-10 -3.339E-12 -1.580E-12  1.00E-07
  8.200E+01 3.89604E-18  0.000E+00 -1.781E-09 -8.501E-10 -3.346E-12 -1.596E-12  1.00E-07
  8.250E+01 3.86489E-18 -1.028E-04 -1.748E-09 -8.994E-10 -3.352E-12 -1.611E-12  1.00E-07
  8.300E+01 3.83687E-18 -2.060E-04 -1.714E-09 -9.479E-10 -3.358E-12 -1.627E-12  1.00E-07
  8.350E+01 3.81196E-18 -3.105E-04 -1.679E-09 -9.956E-10 -3.364E-12 -1.642E-12  1.00E-07
  8.400E+01 3.79014E-18 -4.160E-04 -1.644E-09 -1.043E-09 -3.369E-12 -1.657E-12  1.00E-07
  8.450E+01 3.77140E-18 -5.222E-04 -1.608E-09 -1.089E-09 -3.374E-12 -1.672E-12  1.00E-07
  8.500E+01 3.75572E-18 -6.288E-04 -1.572E-09 -1.134E-09 -3.379E-12 -1.687E-12  1.00E-07
  8.550E+01 3.74308E-18 -7.355E-04 -1.534E-09 -1.179E-09 -3.383E-12 -1.701E-12  1.00E-07
  8.600E+01 3.73348E-18 -8.421E-04 -1.497E-09 -1.222E-09 -3.387E-12 -1.716E-12  1.00E-07
  8.650E+01 3.72689E-18 -9.482E-04 -1.458E-09 -1.265E-09 -3.391E-12 -1.730E-12  1.00E-07
  8.700E+01 3.72331E-18 -1.054E-03 -1.419E-09 -1.307E-09 -3.394E-12 -1.744E-12  1.00E-07
  8.750E+01 3.72272E-18 -1.158E-03 -1.380E-09 -1.349E-09 -3.397E-12 -1.758E-12  1.00E-07
  8.800E+01 3.72512E-18 -1.261E-03 -1.340E-09 -1.389E-09 -3.399E-12 -1.772E-12  1.00E-07
  8.850E+01 3.73049E-18 -1.362E-03 -1.299E-09 -1.429E-09 -3.401E-12 -1.785E-12  1.00E-07
  8.900E+01 3.73882E-18 -1.462E-03 -1.258E-09 -1.468E-09 -3.403E-12 -1.799E-12  1.00E-07
  8.950E+01 3.75010E-18 -1.559E-03 -1.217E-09 -1.506E-09 -3.405E-12 -1.812E-12  1.00E-07
  9.000E+01 3.76433E-18 -1.654E-03 -1.175E-09 -1.544E-09 -3.406E-12 -1.825E-12  1.00E-07
  9.050E+01 3.78149E-18 -1.747E-03 -1.133E-09 -1.581E-09 -3.406E-12 -1.838E-12  1.00E-07
  9.100E+01 3.80156E-18 -1.837E-03 -1.090E-09 -1.617E-09 -3.407E-12 -1.850E-12  1.00E-07
  9.150E+01 3.82456E-18 -1.923E-03 -1.047E-09 -1.652E-09 -3.407E-12 -1.863E-12  1.00E-07
  9.200E+01 3.85045E-18 -2.007E-03 -1.003E-09 -1.686E-09 -3.407E-12 -1.875E-12  1.00E-07
  9.250E+01 3.87924E-18 -2.087E-03 -9.594E-10 -1.720E-09 -3.406E-12 -1.887E-12  1.00E-07
  9.300E+01 3.91091E-18 -2.164E-03 -9.152E-10 -1.753E-09 -3.405E-12 -1.899E-12  1.00E-07
  9.350E+01 3.94546E-18 -2.238E-03 -8.706E-10 -1.785E-09 -3.404E-12 -1.910E-12  1.00E-07
  9.400E+01 3.98286E-18 -2.308E-03 -8.257E-10 -1.817E-09 -3.402E-12 -1.921E-12  1.00E-07
  9.450E+01 4.02312E-18 -2.374E-03 -7.805E-10 -1.848E-09 -3.401E-12 -1.932E-12  1.00E-07
  9.500E+01 4.06622E-18 -2.436E-03 -7.351E-10 -1.878E-09 -3.398E-12 -1.943E-12  1.00E-07
  9.550E+01 4.11215E-18 -2.495E-03 -6.893E-10 -1.907E-09 -3.396E-12 -1.954E-12  1.00E-07
  9.600E+01 4.16090E-18 -2.550E-03 -6.433E-10 -1.936E-09 -3.393E-12 -1.964E-12  1.00E-07
  9.650E+01 4.21246E-18 -2.601E-03 -5.970E-10 -1.964E-09 -3.390E-12 -1.974E-12  1.00E-07
  9.700E+01 4.26680E-18 -2.648E-03 -5.506E-10 -1.991E-09 -3.386E-12 -1.984E-12  1.00E-07
  9.750E+01 4.32393E-18 -2.692E-03 -5.039E-10 -2.017E-09 -3.382E-12 -1.994E-12  1.00E-07
  9.800E+01 4.38382E-18 -2.732E-03 -4.569E-10 -2.043E-09 -3.378E-12 -2.003E-12  1.00E-07
  9.850E+01 4.44647E-18 -2.768E-03 -4.098E-10 -2.068E-09 -3.374E-12 -2.012E-12  1.00E-07
  9.900E+01 4.51185E-18 -2.801E-03 -3.626E-10 -2.093E-09 -3.369E-12 -2.021E-12  1.00E-07
  9.950E+01 4.57996E-18 -2.830E-03 -3.151E-10 -2.117E-09 -3.364E-12 -2.030E-12  1.00E-07
  1.000E+02 4.65077E-18 -2.856E-03 -2.675E-10 -2.140E-09 -3.358E-12 -2.038E-12  1.00E-07
  1.005E+02 4.72427E-18 -2.879E-03 -2.198E-10 -2.162E-09 -3.353E-12 -2.046E-12  1.00E-07
  1.010E+02 4.80045E-18 -2.898E-03 -1.719E-10 -2.184E-09 -3.347E-12 -2.054E-12  1.00E-07
  1.015E+02 4.87928E-18 -2.915E-03 -1.239E-10 -2.205E-09 -3.340E-12 -2.062E-12  1.00E-07
  1.020E+02 4.96075E-18 -2.928E-03 -7.584E-11 -2.226E-09 -3.334E-12 -2.069E-12  1.00E-07
  1.025E+02 5.04483E-18 -2.939E-03 -2.767E-11 -2.246E-09 -3.327E-12 -2.076E-12  1.00E-07
  1.030E+02 5.13152E-18 -2.947E-03  2.059E-11 -2.265E-09 -3.319E-12 -2.083E-12  1.00E-07
  1.035E+02 5.22078E-18 -2.953E-03  6.891E-11 -2.284E-09 -3.312E-12 -2.089E-12  1.00E-07
  1.040E+02 5.31259E-18 -2.956E-03  1.173E-10 -2.302E-09 -3.304E-12 -2.096E-12  1.00E-07
  1.045E+02 5.40695E-18 -2.956E-03  1.657E-10 -2.319E-09 -3.296E-12 -2.101E-12  1.00E-07
  1.050E+02 5.50381E-18 -2.955E-03  2.142E-10 -2.336E-09 -3.287E-12 -2.107E-12  1.00E-07
  1.055E+02 5.60316E-18 -2.951E-03  2.627E-10 -2.352E-09 -3.279E-12 -2.113E-12  1.00E-07
  1.060E+02 5.70498E-18 -2.946E-03  3.112E-10 -2.368E-09 -3.270E-12 -2.118E-12  1.00E-07
  1.065E+02 5.80924E-18 -2.938E-03  3.597E-10 -2.383E-09 -3.261E-12 -2.123E-12  1.00E-07
  1.070E+02 5.91591E-18 -2.929E-03  4.082E-10 -2.398E-09 -3.251E-12 -2.127E-12  1.00E-07
  1.075E+02 6.02497E-18 -2.918E-03  4.566E-10 -2.412E-09 -3.241E-12 -2.131E-12  1.00E-07
  1.080E+02 6.13640E-18 -2.905E-03  5.051E-10 -2.425E-09 -3.231E-12 -2.135E-12  1.00E-07
  1.085E+02 6.25016E-18 -2.891E-03  5.535E-10 -2.438E-09 -3.221E-12 -2.139E-12  1.00E-07
  1.090E+02 6.36622E-18 -2.876E-03  6.019E-10 -2.450E-09 -3.210E-12 -2.142E-12  1.00E-07
  1.095E+02 6.48456E-18 -2.859E-03  6.502E-10 -2.462E-09 -3.199E-12 -2.146E-12  1.00E-07
  1.100E+02 6.60514E-18 -2.842E-03  6.984E-10 -2.473E-09 -3.188E-12 -2.148E-12  1.00E-07
  1.105E+02 6.72795E-18 -2.823E-03  7.466E-10 -2.484E-09 -3.176E-12 -2.151E-12  1.00E-07
  1.110E+02 6.85294E-18 -2.803E-03  7.947E-10 -2.494E-09 -3.165E-12 -2.153E-12  1.00E-07
  1.115E+02 6.98008E-18 -2.782E-03  8.427E-10 -2.504E-09 -3.153E-12 -2.155E-12  1.00E-07
  1.120E+02 7.10934E-18 -2.761E-03  8.906E-10 -2.513E-09 -3.140E-12 -2.157E-12  1.00E-07
  1.125E+02 7.24069E-18 -2.738E-03  9.384E-10 -2.522E-09 -3.128E-12 -2.158E-12  1.00E-07
  1.130E+02 7.37409E-18 -2.715E-03  9.861E-10 -2.530E-09 -3.115E-12 -2.159E-12  1.00E-07
  1.135E+02 7.50951E-18 -2.691E-03  1.034E-09 -2.538E-09 -3.102E-12 -2.160E-12  1.00E-07
  1.140E+02 7.64691E-18 -2.667E-03  1.081E-09 -2.545E-09 -3.089E-12 -2.160E-12  1.00E-07
  1.145E+02 7.78626E-18 -2.642E-03  1.128E-09 -2.552E-09 -3.075E-12 -2.160E-12  1.00E-07
  1.150E+02 7.92752E-18 -2.617E-03  1.176E-09 -2.558E-09 -3.062E-12 -2.160E-12  1.00E-07
  1.155E+02 8.07065E-18 -2.591E-03  1.223E-09 -2.564E-09 -3.048E-12 -2.160E-12  1.00E-07
  1.160E+02 8.21562E-18 -2.565E-03  1.269E-09 -2.570E-09 -3.033E-12 -2.159E-12  1.00E-07
  1.165E+02 8.36238E-18 -2.538E-03  1.316E-09 -2.575E-09 -3.019E-12 -2.158E-12  1.00E-07
  1.170E+02 8.51090E-18 -2.512E-03  1.363E-09 -2.580E-09 -3.004E-12 -2.157E-12  1.00E-07
  1.175E+02 8.66113E-18 -2.485E-03  1.409E-09 -2.584E-09 -2.989E-12 -2.155E-12  1.00E-07
  1.180E+02 8.81305E-18 -2.457E-03  1.455E-09 -2.588E-09 -2.974E-12 -2.153E-12  1.00E-07
  1.185E+02 8.96659E-18 -2.430E-03  1.501E-09 -2.591E-09 -2.959E-12 -2.151E-12  1.00E-07
  1.190E+02 9.12173E-18 -2.402E-03  1.547E-09 -2.594E-09 -2.943E-12 -2.148E-12  1.00E-07
  1.195E+02 9.27842E-18 -2.375E-03  1.592E-09 -2.597E-09 -2.927E-12 -2.145E-12  1.00E-07
  1.200E+02 9.43662E-18 -2.347E-03  1.637E-09 -2.599E-09 -2.911E-12 -2.142E-12  1.00E-07
  1.205E+02 9.59628E-18 -2.319E-03  1.683E-09 -2.601E-09 -2.895E-12 -2.139E-12  1.00E-07
  1.210E+02 9.75736E-18 -2.291E-03  1.727E-09 -2.603E-09 -2.878E-12 -2.135E-12  1.00E-07
  1.215E+02 9.91981E-18 -2.263E-03  1.772E-09 -2.604E-09 -2.861E-12 -2.131E-12  1.00E-07
  1.220E+02 1.00836E-17 -2.236E-03  1.816E-09 -2.605E-09 -2.844E-12 -2.126E-12  1.00E-07
  1.225E+02 1.02487E-17 -2.208E-03  1.861E-09 -2.605E-09 -2.827E-12 -2.122E-12  1.00E-07
  1.230E+02 1.04150E-17 -2.180E-03  1.905E-09 -2.605E-09 -2.810E-12 -2.117E-12  1.00E-07
  1.235E+02 1.05825E-17 -2.152E-03  1.948E-09 -2.605E-09 -2.792E-12 -2.112E-12  1.00E-07
  1.240E+02 1.07511E-17 -2.125E-03  1.992E-09 -2.605E-09 -2.775E-12 -2.106E-12  1.00E-07
  1.245E+02 1.09209E-17 -2.097E-03  2.035E-09 -2.604E-09 -2.757E-12 -2.100E-12  1.00E-07
  1.250E+02 1.10917E-17 -2.070E-03  2.078E-09 -2.603E-09 -2.738E-12 -2.094E-12  1.00E-07
  1.255E+02 1.12635E-17 -2.042E-03  2.120E-09 -2.602E-09 -2.720E-12 -2.087E-12  1.00E-07
  1.260E+02 1.14362E-17 -2.015E-03  2.162E-09 -2.600E-09 -2.701E-12 -2.081E-12  1.00E-07
  1.265E+02 1.16099E-17 -1.988E-03  2.205E-09 -2.598E-09 -2.683E-12 -2.073E-12  1.00E-07
  1.270E+02 1.17844E-17 -1.961E-03  2.246E-09 -2.596E-09 -2.664E-12 -2.066E-12  1.00E-07
  1.275E+02 1.19597E-17 -1.934E-03  2.288E-09 -2.593E-09 -2.645E-12 -2.058E-12  1.00E-07
  1.280E+02 1.21358E-17 -1.908E-03  2.329E-09 -2.591E-09 -2.625E-12 -2.050E-12  1.00E-07
  1.285E+02 1.23126E-17 -1.881E-03  2.370E-09 -2.588E-09 -2.606E-12 -2.042E-12  1.00E-07
  1.290E+02 1.24900E-17 -1.855E-03  2.410E-09 -2.585E-09 -2.586E-12 -2.034E-12  1.00E-07
  1.295E+02 1.26680E-17 -1.829E-03  2.451E-09 -2.581E-09 -2.566E-12 -2.025E-12  1.00E-07
  1.300E+02 1.28466E-17 -1.803E-03  2.491E-09 -2.578E-09 -2.546E-12 -2.016E-12  1.00E-07
  1.305E+02 1.30257E-17 -1.778E-03  2.530E-09 -2.574E-09 -2.526E-12 -2.006E-12  1.00E-07
  1.310E+02 1.32052E-17 -1.752E-03  2.569E-09 -2.570E-09 -2.506E-12 -1.996E-12  1.00E-07
  1.315E+02 1.33852E-17 -1.727E-03  2.608E-09 -2.565E-09 -2.485E-12 -1.986E-12  1.00E-07
  1.320E+02 1.35654E-17 -1.702E-03  2.647E-09 -2.561E-09 -2.464E-12 -1.976E-12  1.00E-07
  1.325E+02 1.37460E-17 -1.677E-03  2.685E-09 -2.556E-09 -2.444E-12 -1.965E-12  1.00E-07
  1.330E+02 1.39268E-17 -1.652E-03  2.724E-09 -2.551E-09 -2.423E-12 -1.955E-12  1.00E-07
  1.335E+02 1.41078E-17 -1.628E-03  2.761E-09 -2.546E-09 -2.401E-12 -1.943E-12  1.00E-07
  1.340E+02 1.42889E-17 -1.603E-03  2.799E-09 -2.541E-09 -2.380E-12 -1.932E-12  1.00E-07
  1.345E+02 1.44701E-17 -1.579E-03  2.836E-09 -2.536E-09 -2.358E-12 -1.920E-12  1.00E-07
  1.350E+02 1.46514E-17 -1.555E-03  2.872E-09 -2.530E-09 -2.337E-12 -1.908E-12  1.00E-07
  1.355E+02 1.48326E-17 -1.532E-03  2.908E-09 -2.525E-09 -2.315E-12 -1.896E-12  1.00E-07
  1.360E+02 1.50137E-17 -1.508E-03  2.944E-09 -2.519E-09 -2.293E-12 -1.883E-12  1.00E-07
  1.365E+02 1.51947E-17 -1.485E-03  2.980E-09 -2.513E-09 -2.271E-12 -1.871E-12  1.00E-07
  1.370E+02 1.53755E-17 -1.462E-03  3.015E-09 -2.507E-09 -2.249E-12 -1.858E-12  1.00E-07
  1.375E+02 1.55561E-17 -1.439E-03  3.050E-09 -2.500E-09 -2.226E-12 -1.844E-12  1.00E-07
  1.380E+02 1.57363E-17 -1.416E-03  3.085E-09 -2.494E-09 -2.204E-12 -1.831E-12  1.00E-07
  1.385E+02 1.59163E-17 -1.394E-03  3.119E-09 -2.488E-09 -2.181E-12 -1.817E-12  1.00E-07
  1.390E+02 1.60958E-17 -1.372E-03  3.153E-09 -2.481E-09 -2.158E-12 -1.802E-12  1.00E-07
  1.395E+02 1.62749E-17 -1.349E-03  3.186E-09 -2.475E-09 -2.135E-12 -1.788E-12  1.00E-07
  1.400E+02 1.64535E-17 -1.328E-03  3.219E-09 -2.468E-09 -2.112E-12 -1.773E-12  1.00E-07
  1.405E+02 1.66315E-17 -1.306E-03  3.252E-09 -2.461E-09 -2.089E-12 -1.758E-12  1.00E-07
  1.410E+02 1.68089E-17 -1.284E-03  3.284E-09 -2.454E-09 -2.066E-12 -1.743E-12  1.00E-07
  1.415E+02 1.69856E-17 -1.263E-03  3.316E-09 -2.447E-09 -2.042E-12 -1.728E-12  1.00E-07
  1.420E+02 1.71616E-17 -1.242E-03  3.348E-09 -2.440E-09 -2.019E-12 -1.712E-12  1.00E-07
  1.425E+02 1.73369E-17 -1.221E-03  3.379E-09 -2.433E-09 -1.995E-12 -1.696E-12  1.00E-07
  1.430E+02 1.75113E-17 -1.200E-03  3.410E-09 -2.426E-09 -1.971E-12 -1.680E-12  1.00E-07
  1.435E+02 1.76849E-17 -1.180E-03  3.440E-09 -2.419E-09 -1.947E-12 -1.663E-12  1.00E-07
  1.440E+02 1.78575E-17 -1.159E-03  3.470E-09 -2.411E-09 -1.923E-12 -1.647E-12  1.00E-07
  1.445E+02 1.80292E-17 -1.139E-03  3.500E-09 -2.404E-09 -1.899E-12 -1.630E-12  1.00E-07
  1.450E+02 1.81998E-17 -1.119E-03  3.529E-09 -2.397E-09 -1.875E-12 -1.613E-12  1.00E-07
  1.455E+02 1.83693E-17 -1.099E-03  3.558E-09 -2.389E-09 -1.850E-12 -1.595E-12  1.00E-07
  1.460E+02 1.85377E-17 -1.080E-03  3.587E-09 -2.382E-09 -1.826E-12 -1.578E-12  1.00E-07
  1.465E+02 1.87049E-17 -1.060E-03  3.615E-09 -2.375E-09 -1.801E-12 -1.560E-12  1.00E-07
  1.470E+02 1.88709E-17 -1.041E-03  3.642E-09 -2.367E-09 -1.777E-12 -1.542E-12  1.00E-07
  1.475E+02 1.90356E-17 -1.022E-03  3.670E-09 -2.360E-09 -1.752E-12 -1.523E-12  1.00E-07
  1.480E+02 1.91990E-17 -1.003E-03  3.697E-09 -2.353E-09 -1.727E-12 -1.505E-12  1.00E-07
  1.485E+02 1.93610E-17 -9.839E-04  3.723E-09 -2.345E-09 -1.702E-12 -1.486E-12  1.00E-07
  1.490E+02 1.95216E-17 -9.652E-04  3.749E-09 -2.338E-09 -1.677E-12 -1.467E-12  1.00E-07
  1.495E+02 1.96806E-17 -9.466E-04  3.775E-09 -2.330E-09 -1.652E-12 -1.448E-12  1.00E-07
  1.500E+02 1.98382E-17 -9.282E-04  3.800E-09 -2.323E-09 -1.626E-12 -1.429E-12  1.00E-07
  1.505E+02 1.99942E-17 -9.100E-04  3.825E-09 -2.316E-09 -1.601E-12 -1.409E-12  1.00E-07
  1.510E+02 2.01485E-17 -8.919E-04  3.850E-09 -2.308E-09 -1.575E-12 -1.389E-12  1.00E-07
  1.515E+02 2.03012E-17 -8.739E-04  3.874E-09 -2.301E-09 -1.550E-12 -1.369E-12  1.00E-07
  1.520E+02 2.04522E-17 -8.561E-04  3.897E-09 -2.294E-09 -1.524E-12 -1.349E-12  1.00E-07
  1.525E+02 2.06014E-17 -8.384E-04  3.921E-09 -2.287E-09 -1.498E-12 -1.329E-12  1.00E-07
  1.530E+02 2.07488E-17 -8.208E-04  3.944E-09 -2.280E-09 -1.473E-12 -1.308E-12  1.00E-07
  1.535E+02 2.08943E-17 -8.034E-04  3.966E-09 -2.272E-09 -1.447E-12 -1.287E-12  1.00E-07
  1.540E+02 2.10380E-17 -7.861E-04  3.988E-09 -2.265E-09 -1.421E-12 -1.266E-12  1.00E-07
  1.545E+02 2.11797E-17 -7.689E-04  4.010E-09 -2.258E-09 -1.395E-12 -1.245E-12  1.00E-07
  1.550E+02 2.13194E-17 -7.519E-04  4.031E-09 -2.252E-09 -1.369E-12 -1.224E-12  1.00E-07
  1.555E+02 2.14571E-17 -7.349E-04  4.052E-09 -2.245E-09 -1.342E-12 -1.202E-12  1.00E-07
  1.560E+02 2.15928E-17 -7.181E-04  4.072E-09 -2.238E-09 -1.316E-12 -1.181E-12  1.00E-07
  1.565E+02 2.17263E-17 -7.014E-04  4.092E-09 -2.231E-09 -1.290E-12 -1.159E-12  1.00E-07
  1.570E+02 2.18577E-17 -6.848E-04  4.112E-09 -2.225E-09 -1.263E-12 -1.137E-12  1.00E-07
  1.575E+02 2.19868E-17 -6.684E-04  4.131E-09 -2.218E-09 -1.237E-12 -1.115E-12  1.00E-07
  1.580E+02 2.21138E-17 -6.520E-04  4.150E-09 -2.212E-09 -1.210E-12 -1.092E-12  1.00E-07
  1.585E+02 2.22385E-17 -6.357E-04  4.168E-09 -2.205E-09 -1.184E-12 -1.070E-12  1.00E-07
  1.590E+02 2.23608E-17 -6.196E-04  4.186E-09 -2.199E-09 -1.157E-12 -1.047E-12  1.00E-07
  1.595E+02 2.24809E-17 -6.035E-04  4.204E-09 -2.193E-09 -1.130E-12 -1.024E-12  1.00E-07
  1.600E+02 2.25985E-17 -5.875E-04  4.221E-09 -2.187E-09 -1.103E-12 -1.001E-12  1.00E-07
  1.605E+02 2.27138E-17 -5.717E-04  4.238E-09 -2.181E-09 -1.077E-12 -9.780E-13  1.00E-07
  1.610E+02 2.28265E-17 -5.559E-04  4.254E-09 -2.175E-09 -1.050E-12 -9.548E-13  1.00E-07
  1.615E+02 2.29368E-17 -5.402E-04  4.270E-09 -2.169E-09 -1.023E-12 -9.314E-13  1.00E-07
  1.620E+02 2.30446E-17 -5.246E-04  4.285E-09 -2.164E-09 -9.956E-13 -9.078E-13  1.00E-07
  1.625E+02 2.31498E-17 -5.091E-04  4.300E-09 -2.158E-09 -9.685E-13 -8.841E-13  1.00E-07
  1.630E+02 2.32525E-17 -4.936E-04  4.315E-09 -2.153E-09 -9.414E-13 -8.603E-13  1.00E-07
  1.635E+02 2.33525E-17 -4.783E-04  4.329E-09 -2.148E-09 -9.142E-13 -8.364E-13  1.00E-07
  1.640E+02 2.34499E-17 -4.630E-04  4.343E-09 -2.143E-09 -8.870E-13 -8.124E-13  1.00E-07
  1.645E+02 2.35445E-17 -4.478E-04  4.356E-09 -2.138E-09 -8.598E-13 -7.882E-13  1.00E-07
  1.650E+02 2.36365E-17 -4.326E-04  4.369E-09 -2.133E-09 -8.325E-13 -7.639E-13  1.00E-07
  1.655E+02 2.37258E-17 -4.176E-04  4.381E-09 -2.128E-09 -8.051E-13 -7.395E-13  1.00E-07
  1.660E+02 2.38122E-17 -4.026E-04  4.394E-09 -2.123E-09 -7.777E-13 -7.150E-13  1.00E-07
  1.665E+02 2.38959E-17 -3.876E-04  4.405E-09 -2.119E-09 -7.503E-13 -6.904E-13  1.00E-07
  1.670E+02 2.39768E-17 -3.727E-04  4.416E-09 -2.115E-09 -7.228E-13 -6.657E-13  1.00E-07
  1.675E+02 2.40549E-17 -3.579E-04  4.427E-09 -2.111E-09 -6.953E-13 -6.409E-13  1.00E-07
  1.680E+02 2.41300E-17 -3.432E-04  4.438E-09 -2.107E-09 -6.678E-13 -6.160E-13  1.00E-07
  1.685E+02 2.42023E-17 -3.285E-04  4.448E-09 -2.103E-09 -6.402E-13 -5.910E-13  1.00E-07
  1.690E+02 2.42717E-17 -3.138E-04  4.457E-09 -2.099E-09 -6.126E-13 -5.659E-13  1.00E-07
  1.695E+02 2.43381E-17 -2.992E-04  4.466E-09 -2.095E-09 -5.850E-13 -5.408E-13  1.00E-07
  1.700E+02 2.44016E-17 -2.846E-04  4.475E-09 -2.092E-09 -5.573E-13 -5.155E-13  1.00E-07
  1.705E+02 2.44621E-17 -2.701E-04  4.483E-09 -2.089E-09 -5.296E-13 -4.902E-13  1.00E-07
  1.710E+02 2.45197E-17 -2.557E-04  4.491E-09 -2.086E-09 -5.019E-13 -4.648E-13  1.00E-07
  1.715E+02 2.45742E-17 -2.412E-04  4.499E-09 -2.083E-09 -4.741E-13 -4.394E-13  1.00E-07
  1.720E+02 2.46257E-17 -2.268E-04  4.506E-09 -2.080E-09 -4.464E-13 -4.139E-13  1.00E-07
  1.725E+02 2.46741E-17 -2.125E-04  4.512E-09 -2.077E-09 -4.186E-13 -3.883E-13  1.00E-07
  1.730E+02 2.47195E-17 -1.982E-04  4.518E-09 -2.075E-09 -3.908E-13 -3.627E-13  1.00E-07
  1.735E+02 2.47618E-17 -1.839E-04  4.524E-09 -2.073E-09 -3.629E-13 -3.370E-13  1.00E-07
  1.740E+02 2.48011E-17 -1.696E-04  4.529E-09 -2.070E-09 -3.351E-13 -3.113E-13  1.00E-07
  1.745E+02 2.48372E-17 -1.554E-04  4.534E-09 -2.068E-09 -3.072E-13 -2.855E-13  1.00E-07
  1.750E+02 2.48703E-17 -1.412E-04  4.539E-09 -2.067E-09 -2.793E-13 -2.597E-13  1.00E-07
  1.755E+02 2.49002E-17 -1.270E-04  4.543E-09 -2.065E-09 -2.514E-13 -2.338E-13  1.00E-07
  1.760E+02 2.49270E-17 -1.128E-04  4.546E-09 -2.064E-09 -2.235E-13 -2.079E-13  1.00E-07
  1.765E+02 2.49507E-17 -9.870E-05  4.549E-09 -2.062E-09 -1.956E-13 -1.820E-13  1.00E-07
  1.770E+02 2.49712E-17 -8.457E-05  4.552E-09 -2.061E-09 -1.677E-13 -1.560E-13  1.00E-07
  1.775E+02 2.49886E-17 -7.046E-05  4.555E-09 -2.060E-09 -1.398E-13 -1.301E-13  1.00E-07
  1.780E+02 2.50028E-17 -5.635E-05  4.556E-09 -2.059E-09 -1.118E-13 -1.041E-13  1.00E-07
  1.785E+02 2.50139E-17 -4.226E-05  4.558E-09 -2.059E-09 -8.386E-14 -7.807E-14  1.00E-07
  1.790E+02 2.50218E-17 -2.817E-05  4.559E-09 -2.058E-09 -5.591E-14 -5.205E-14  1.00E-07
  1.795E+02 2.50266E-17 -1.408E-05  4.560E-09 -2.058E-09 -2.796E-14 -2.603E-14  1.00E-07
  1.800E+02 2.50281E-17 -1.976E-19  4.560E-09 -2.058E-09 -3.923E-28 -3.653E-28  1.00E-07

  TOTAL ELASTIC CROSS SECTION = 2.443086E-16 cm**2
               FROM DCS TABLE = 2.443044E-16  (REL. DIF. = 1.69E-05)

  1ST TRANSPORT CROSS SECTION = 1.475883E-16 cm**2
               FROM DCS TABLE = 1.475886E-16  (REL. DIF. = 1.78E-06)

  2ND TRANSPORT CROSS SECTION = 1.278110E-16 cm**2

  **** DPWA0 ENDED ************************************************************

