

  **** PARTIAL WAVE ANALYSIS (DPWA0) ******************************************


  KINETIC ENERGY = 2.62000E+02 eV

      L       PHASE(SPIN UP)     PHASE(SPIN DOWN)
  -----------------------------------------------
       0      4.76294928E-01      0.00000000E+00
       1      2.50813641E-01      2.50912670E-01
       2      1.49394659E-01      1.49438150E-01
       3      9.27431580E-02      9.27672534E-02
       4      5.86829701E-02      5.86974021E-02
       5      3.75120693E-02      3.75210243E-02
       6      2.41202745E-02      2.41259348E-02
       7      1.55637224E-02      1.55673380E-02
       8      1.00635448E-02      1.00658687E-02
       9      6.51495526E-03      6.51645460E-03
      10      4.22034545E-03      4.22131495E-03
      11      2.73463252E-03      2.73526023E-03
      12      1.77197536E-03      1.77238205E-03
      13      1.14803167E-03      1.14829524E-03
      14      7.43604157E-04      7.43774977E-04
      15      4.81495711E-04      4.81606404E-04
      16      3.11664996E-04      3.11736707E-04
      17      2.01659525E-04      2.01705968E-04
      18      1.30430756E-04      1.30460823E-04
      19      8.43278307E-05      8.43472884E-05
      20      5.44995621E-05      5.45121491E-05
      21      3.52086531E-05      3.52167922E-05
      22      2.27375837E-05      2.27428446E-05
      23      1.46785290E-05      1.46819282E-05
      24      9.47260169E-06      9.47479716E-06
      25      6.11096629E-06      6.11238377E-06
      26      3.94103012E-06      3.94194498E-06
      27      2.54082189E-06      2.54141215E-06
      28      1.63760250E-06      1.63798321E-06
      29      1.05515829E-06      1.05540376E-06
      30      6.79683183E-07      6.79841411E-07
      31      4.37703311E-07      4.37805271E-07
      32      2.81800652E-07      2.81866333E-07
      33      1.81383382E-07      1.81425683E-07
      34      1.16721353E-07      1.16748591E-07
      35      7.50937957E-08      7.51113257E-08
      36      4.83017086E-08      4.83129933E-08
      37      3.10620323E-08      3.10692919E-08
      38      1.99713926E-08      1.99760614E-08
      39      1.28380814E-08      1.28410803E-08
      40      8.25108028E-09      8.25301325E-09
      41      5.30204645E-09      5.30329278E-09
      42      3.40637509E-09      3.40717511E-09
      43      2.18807255E-09      2.18858584E-09
      44      1.40530925E-09      1.40563823E-09
      45      9.02428075E-10      9.02643625E-10
      46      5.79398437E-10      5.79530976E-10


  *** SCATTERING AMPLITUDES AND DIFFERENTIAL CROSS SECTION ***

    ANGLE      DCS       ASYMMETRY    DIRECT AMPLITUDE       SPIN-FLIP AMPLITUDE     ERROR
    (deg)   (cm**2/sr)                      (cm)                    (cm)
  -------------------------------------------------------------------------------------------
  0.000E+00 3.11619E-17  0.000E+00  5.531E-09  7.557E-10  0.000E+00  0.000E+00  1.00E-07
  1.000E-04 3.11619E-17 -1.078E-11  5.531E-09  7.557E-10  2.564E-18  3.199E-19  1.00E-07
  1.250E-04 3.11619E-17 -1.348E-11  5.531E-09  7.557E-10  3.205E-18  3.999E-19  1.00E-07
  1.500E-04 3.11619E-17 -1.617E-11  5.531E-09  7.557E-10  3.845E-18  4.799E-19  1.00E-07
  1.750E-04 3.11619E-17 -1.887E-11  5.531E-09  7.557E-10  4.486E-18  5.598E-19  1.00E-07
  2.000E-04 3.11619E-17 -2.156E-11  5.531E-09  7.557E-10  5.127E-18  6.398E-19  1.00E-07
  2.250E-04 3.11619E-17 -2.426E-11  5.531E-09  7.557E-10  5.768E-18  7.198E-19  1.00E-07
  2.500E-04 3.11619E-17 -2.695E-11  5.531E-09  7.557E-10  6.409E-18  7.998E-19  1.00E-07
  2.750E-04 3.11619E-17 -2.965E-11  5.531E-09  7.557E-10  7.050E-18  8.798E-19  1.00E-07
  3.000E-04 3.11619E-17 -3.234E-11  5.531E-09  7.557E-10  7.691E-18  9.597E-19  1.00E-07
  3.250E-04 3.11619E-17 -3.504E-11  5.531E-09  7.557E-10  8.332E-18  1.040E-18  1.00E-07
  3.500E-04 3.11619E-17 -3.773E-11  5.531E-09  7.557E-10  8.973E-18  1.120E-18  1.00E-07
  3.750E-04 3.11619E-17 -4.043E-11  5.531E-09  7.557E-10  9.614E-18  1.200E-18  1.00E-07
  4.000E-04 3.11619E-17 -4.313E-11  5.531E-09  7.557E-10  1.025E-17  1.280E-18  1.00E-07
  4.250E-04 3.11619E-17 -4.582E-11  5.531E-09  7.557E-10  1.090E-17  1.360E-18  1.00E-07
  4.500E-04 3.11619E-17 -4.852E-11  5.531E-09  7.557E-10  1.154E-17  1.440E-18  1.00E-07
  4.750E-04 3.11619E-17 -5.121E-11  5.531E-09  7.557E-10  1.218E-17  1.520E-18  1.00E-07
  5.000E-04 3.11619E-17 -5.391E-11  5.531E-09  7.557E-10  1.282E-17  1.600E-18  1.00E-07
  5.250E-04 3.11619E-17 -5.660E-11  5.531E-09  7.557E-10  1.346E-17  1.680E-18  1.00E-07
  5.500E-04 3.11619E-17 -5.930E-11  5.531E-09  7.557E-10  1.410E-17  1.760E-18  1.00E-07
  5.750E-04 3.11619E-17 -6.199E-11  5.531E-09  7.557E-10  1.474E-17  1.839E-18  1.00E-07
  6.000E-04 3.11619E-17 -6.469E-11  5.531E-09  7.557E-10  1.538E-17  1.919E-18  1.00E-07
  6.250E-04 3.11619E-17 -6.738E-11  5.531E-09  7.557E-10  1.602E-17  1.999E-18  1.00E-07
  6.500E-04 3.11619E-17 -7.008E-11  5.531E-09  7.557E-10  1.666E-17  2.079E-18  1.00E-07
  6.750E-04 3.11619E-17 -7.277E-11  5.531E-09  7.557E-10  1.730E-17  2.159E-18  1.00E-07
  7.000E-04 3.11619E-17 -7.547E-11  5.531E-09  7.557E-10  1.795E-17  2.239E-18  1.00E-07
  7.250E-04 3.11619E-17 -7.816E-11  5.531E-09  7.557E-10  1.859E-17  2.319E-18  1.00E-07
  7.500E-04 3.11619E-17 -8.086E-11  5.531E-09  7.557E-10  1.923E-17  2.399E-18  1.00E-07
  7.750E-04 3.11619E-17 -8.356E-11  5.531E-09  7.557E-10  1.987E-17  2.479E-18  1.00E-07
  8.000E-04 3.11619E-17 -8.625E-11  5.531E-09  7.557E-10  2.051E-17  2.559E-18  1.00E-07
  8.250E-04 3.11619E-17 -8.895E-11  5.531E-09  7.557E-10  2.115E-17  2.639E-18  1.00E-07
  8.500E-04 3.11619E-17 -9.164E-11  5.531E-09  7.557E-10  2.179E-17  2.719E-18  1.00E-07
  8.750E-04 3.11619E-17 -9.434E-11  5.531E-09  7.557E-10  2.243E-17  2.799E-18  1.00E-07
  9.000E-04 3.11619E-17 -9.703E-11  5.531E-09  7.557E-10  2.307E-17  2.879E-18  1.00E-07
  9.250E-04 3.11619E-17 -9.973E-11  5.531E-09  7.557E-10  2.371E-17  2.959E-18  1.00E-07
  9.500E-04 3.11619E-17 -1.024E-10  5.531E-09  7.557E-10  2.435E-17  3.039E-18  1.00E-07
  9.750E-04 3.11619E-17 -1.051E-10  5.531E-09  7.557E-10  2.500E-17  3.119E-18  1.00E-07
  1.000E-03 3.11619E-17 -1.078E-10  5.531E-09  7.557E-10  2.564E-17  3.199E-18  1.00E-07
  1.250E-03 3.11619E-17 -1.348E-10  5.531E-09  7.557E-10  3.205E-17  3.999E-18  1.00E-07
  1.500E-03 3.11619E-17 -1.617E-10  5.531E-09  7.557E-10  3.845E-17  4.799E-18  1.00E-07
  1.750E-03 3.11619E-17 -1.887E-10  5.531E-09  7.557E-10  4.486E-17  5.598E-18  1.00E-07
  2.000E-03 3.11619E-17 -2.156E-10  5.531E-09  7.557E-10  5.127E-17  6.398E-18  1.00E-07
  2.250E-03 3.11619E-17 -2.426E-10  5.531E-09  7.557E-10  5.768E-17  7.198E-18  1.00E-07
  2.500E-03 3.11619E-17 -2.695E-10  5.531E-09  7.557E-10  6.409E-17  7.998E-18  1.00E-07
  2.750E-03 3.11619E-17 -2.965E-10  5.531E-09  7.557E-10  7.050E-17  8.798E-18  1.00E-07
  3.000E-03 3.11619E-17 -3.234E-10  5.531E-09  7.557E-10  7.691E-17  9.597E-18  1.00E-07
  3.250E-03 3.11619E-17 -3.504E-10  5.531E-09  7.557E-10  8.332E-17  1.040E-17  1.00E-07
  3.500E-03 3.11619E-17 -3.773E-10  5.531E-09  7.557E-10  8.973E-17  1.120E-17  1.00E-07
  3.750E-03 3.11619E-17 -4.043E-10  5.531E-09  7.557E-10  9.614E-17  1.200E-17  1.00E-07
  4.000E-03 3.11619E-17 -4.313E-10  5.531E-09  7.557E-10  1.025E-16  1.280E-17  1.00E-07
  4.250E-03 3.11619E-17 -4.582E-10  5.531E-09  7.557E-10  1.090E-16  1.360E-17  1.00E-07
  4.500E-03 3.11619E-17 -4.852E-10  5.531E-09  7.557E-10  1.154E-16  1.440E-17  1.00E-07
  4.750E-03 3.11619E-17 -5.121E-10  5.531E-09  7.557E-10  1.218E-16  1.520E-17  1.00E-07
  5.000E-03 3.11619E-17 -5.391E-10  5.531E-09  7.557E-10  1.282E-16  1.600E-17  1.00E-07
  5.250E-03 3.11619E-17 -5.660E-10  5.531E-09  7.557E-10  1.346E-16  1.680E-17  1.00E-07
  5.500E-03 3.11619E-17 -5.930E-10  5.531E-09  7.557E-10  1.410E-16  1.760E-17  1.00E-07
  5.750E-03 3.11619E-17 -6.199E-10  5.531E-09  7.557E-10  1.474E-16  1.839E-17  1.00E-07
  6.000E-03 3.11619E-17 -6.469E-10  5.531E-09  7.557E-10  1.538E-16  1.919E-17  1.00E-07
  6.250E-03 3.11619E-17 -6.738E-10  5.531E-09  7.557E-10  1.602E-16  1.999E-17  1.00E-07
  6.500E-03 3.11619E-17 -7.008E-10  5.531E-09  7.557E-10  1.666E-16  2.079E-17  1.00E-07
  6.750E-03 3.11619E-17 -7.277E-10  5.531E-09  7.557E-10  1.730E-16  2.159E-17  1.00E-07
  7.000E-03 3.11619E-17 -7.547E-10  5.531E-09  7.557E-10  1.795E-16  2.239E-17  1.00E-07
  7.250E-03 3.11619E-17 -7.816E-10  5.531E-09  7.557E-10  1.859E-16  2.319E-17  1.00E-07
  7.500E-03 3.11619E-17 -8.086E-10  5.531E-09  7.557E-10  1.923E-16  2.399E-17  1.00E-07
  7.750E-03 3.11619E-17 -8.356E-10  5.531E-09  7.557E-10  1.987E-16  2.479E-17  1.00E-07
  8.000E-03 3.11619E-17 -8.625E-10  5.531E-09  7.557E-10  2.051E-16  2.559E-17  1.00E-07
  8.250E-03 3.11619E-17 -8.895E-10  5.531E-09  7.557E-10  2.115E-16  2.639E-17  1.00E-07
  8.500E-03 3.11619E-17 -9.164E-10  5.531E-09  7.557E-10  2.179E-16  2.719E-17  1.00E-07
  8.750E-03 3.11619E-17 -9.434E-10  5.531E-09  7.557E-10  2.243E-16  2.799E-17  1.00E-07
  9.000E-03 3.11619E-17 -9.703E-10  5.531E-09  7.557E-10  2.307E-16  2.879E-17  1.00E-07
  9.250E-03 3.11619E-17 -9.973E-10  5.531E-09  7.557E-10  2.371E-16  2.959E-17  1.00E-07
  9.500E-03 3.11619E-17 -1.024E-09  5.531E-09  7.557E-10  2.435E-16  3.039E-17  1.00E-07
  9.750E-03 3.11619E-17 -1.051E-09  5.531E-09  7.557E-10  2.500E-16  3.119E-17  1.00E-07
  1.000E-02 3.11619E-17 -1.078E-09  5.531E-09  7.557E-10  2.564E-16  3.199E-17  1.00E-07
  1.250E-02 3.11619E-17 -1.348E-09  5.531E-09  7.557E-10  3.205E-16  3.999E-17  1.00E-07
  1.500E-02 3.11619E-17 -1.617E-09  5.531E-09  7.557E-10  3.845E-16  4.799E-17  1.00E-07
  1.750E-02 3.11619E-17 -1.887E-09  5.531E-09  7.557E-10  4.486E-16  5.598E-17  1.00E-07
  2.000E-02 3.11618E-17 -2.156E-09  5.531E-09  7.557E-10  5.127E-16  6.398E-17  1.00E-07
  2.250E-02 3.11618E-17 -2.426E-09  5.531E-09  7.557E-10  5.768E-16  7.198E-17  1.00E-07
  2.500E-02 3.11618E-17 -2.695E-09  5.531E-09  7.557E-10  6.409E-16  7.998E-17  1.00E-07
  2.750E-02 3.11618E-17 -2.965E-09  5.531E-09  7.557E-10  7.050E-16  8.798E-17  1.00E-07
  3.000E-02 3.11618E-17 -3.234E-09  5.531E-09  7.557E-10  7.691E-16  9.597E-17  1.00E-07
  3.250E-02 3.11618E-17 -3.504E-09  5.531E-09  7.557E-10  8.332E-16  1.040E-16  1.00E-07
  3.500E-02 3.11617E-17 -3.773E-09  5.531E-09  7.557E-10  8.973E-16  1.120E-16  1.00E-07
  3.750E-02 3.11617E-17 -4.043E-09  5.531E-09  7.557E-10  9.614E-16  1.200E-16  1.00E-07
  4.000E-02 3.11617E-17 -4.313E-09  5.531E-09  7.557E-10  1.025E-15  1.280E-16  1.00E-07
  4.250E-02 3.11616E-17 -4.582E-09  5.531E-09  7.557E-10  1.090E-15  1.360E-16  1.00E-07
  4.500E-02 3.11616E-17 -4.852E-09  5.531E-09  7.557E-10  1.154E-15  1.440E-16  1.00E-07
  4.750E-02 3.11616E-17 -5.121E-09  5.531E-09  7.557E-10  1.218E-15  1.520E-16  1.00E-07
  5.000E-02 3.11616E-17 -5.391E-09  5.531E-09  7.557E-10  1.282E-15  1.600E-16  1.00E-07
  5.250E-02 3.11615E-17 -5.660E-09  5.531E-09  7.557E-10  1.346E-15  1.680E-16  1.00E-07
  5.500E-02 3.11615E-17 -5.930E-09  5.531E-09  7.557E-10  1.410E-15  1.760E-16  1.00E-07
  5.750E-02 3.11614E-17 -6.199E-09  5.531E-09  7.557E-10  1.474E-15  1.839E-16  1.00E-07
  6.000E-02 3.11614E-17 -6.469E-09  5.531E-09  7.557E-10  1.538E-15  1.919E-16  1.00E-07
  6.250E-02 3.11614E-17 -6.738E-09  5.531E-09  7.557E-10  1.602E-15  1.999E-16  1.00E-07
  6.500E-02 3.11613E-17 -7.008E-09  5.531E-09  7.557E-10  1.666E-15  2.079E-16  1.00E-07
  6.750E-02 3.11613E-17 -7.277E-09  5.531E-09  7.557E-10  1.730E-15  2.159E-16  1.00E-07
  7.000E-02 3.11612E-17 -7.547E-09  5.531E-09  7.557E-10  1.795E-15  2.239E-16  1.00E-07
  7.250E-02 3.11612E-17 -7.817E-09  5.531E-09  7.557E-10  1.859E-15  2.319E-16  1.00E-07
  7.500E-02 3.11611E-17 -8.086E-09  5.531E-09  7.557E-10  1.923E-15  2.399E-16  1.00E-07
  7.750E-02 3.11611E-17 -8.356E-09  5.531E-09  7.557E-10  1.987E-15  2.479E-16  1.00E-07
  8.000E-02 3.11610E-17 -8.625E-09  5.531E-09  7.557E-10  2.051E-15  2.559E-16  1.00E-07
  8.250E-02 3.11610E-17 -8.895E-09  5.531E-09  7.557E-10  2.115E-15  2.639E-16  1.00E-07
  8.500E-02 3.11609E-17 -9.164E-09  5.531E-09  7.557E-10  2.179E-15  2.719E-16  1.00E-07
  8.750E-02 3.11608E-17 -9.434E-09  5.531E-09  7.557E-10  2.243E-15  2.799E-16  1.00E-07
  9.000E-02 3.11608E-17 -9.703E-09  5.531E-09  7.557E-10  2.307E-15  2.879E-16  1.00E-07
  9.250E-02 3.11607E-17 -9.973E-09  5.531E-09  7.557E-10  2.371E-15  2.959E-16  1.00E-07
  9.500E-02 3.11606E-17 -1.024E-08  5.531E-09  7.557E-10  2.435E-15  3.039E-16  1.00E-07
  9.750E-02 3.11606E-17 -1.051E-08  5.531E-09  7.557E-10  2.500E-15  3.119E-16  1.00E-07
  1.000E-01 3.11605E-17 -1.078E-08  5.531E-09  7.557E-10  2.564E-15  3.199E-16  1.00E-07
  1.250E-01 3.11597E-17 -1.348E-08  5.531E-09  7.557E-10  3.204E-15  3.999E-16  1.00E-07
  1.500E-01 3.11588E-17 -1.617E-08  5.531E-09  7.557E-10  3.845E-15  4.799E-16  1.00E-07
  1.750E-01 3.11576E-17 -1.887E-08  5.531E-09  7.557E-10  4.486E-15  5.598E-16  1.00E-07
  2.000E-01 3.11563E-17 -2.156E-08  5.530E-09  7.557E-10  5.127E-15  6.398E-16  1.00E-07
  2.250E-01 3.11549E-17 -2.426E-08  5.530E-09  7.557E-10  5.768E-15  7.198E-16  1.00E-07
  2.500E-01 3.11532E-17 -2.696E-08  5.530E-09  7.557E-10  6.408E-15  7.998E-16  1.00E-07
  2.750E-01 3.11514E-17 -2.965E-08  5.530E-09  7.557E-10  7.049E-15  8.797E-16  1.00E-07
  3.000E-01 3.11494E-17 -3.235E-08  5.530E-09  7.557E-10  7.689E-15  9.597E-16  1.00E-07
  3.250E-01 3.11472E-17 -3.505E-08  5.530E-09  7.557E-10  8.330E-15  1.040E-15  1.00E-07
  3.500E-01 3.11449E-17 -3.775E-08  5.529E-09  7.557E-10  8.970E-15  1.120E-15  1.00E-07
  3.750E-01 3.11424E-17 -4.044E-08  5.529E-09  7.557E-10  9.611E-15  1.200E-15  1.00E-07
  4.000E-01 3.11397E-17 -4.314E-08  5.529E-09  7.557E-10  1.025E-14  1.280E-15  1.00E-07
  4.250E-01 3.11368E-17 -4.584E-08  5.529E-09  7.556E-10  1.089E-14  1.360E-15  1.00E-07
  4.500E-01 3.11338E-17 -4.854E-08  5.528E-09  7.556E-10  1.153E-14  1.439E-15  1.00E-07
  4.750E-01 3.11306E-17 -5.124E-08  5.528E-09  7.556E-10  1.217E-14  1.519E-15  1.00E-07
  5.000E-01 3.11272E-17 -5.394E-08  5.528E-09  7.556E-10  1.281E-14  1.599E-15  1.00E-07
  5.250E-01 3.11236E-17 -5.664E-08  5.527E-09  7.556E-10  1.345E-14  1.679E-15  1.00E-07
  5.500E-01 3.11199E-17 -5.934E-08  5.527E-09  7.556E-10  1.409E-14  1.759E-15  1.00E-07
  5.750E-01 3.11160E-17 -6.204E-08  5.527E-09  7.556E-10  1.473E-14  1.839E-15  1.00E-07
  6.000E-01 3.11119E-17 -6.474E-08  5.526E-09  7.556E-10  1.537E-14  1.919E-15  1.00E-07
  6.250E-01 3.11077E-17 -6.745E-08  5.526E-09  7.556E-10  1.601E-14  1.999E-15  1.00E-07
  6.500E-01 3.11033E-17 -7.015E-08  5.526E-09  7.556E-10  1.665E-14  2.079E-15  1.00E-07
  6.750E-01 3.10987E-17 -7.285E-08  5.525E-09  7.556E-10  1.729E-14  2.159E-15  1.00E-07
  7.000E-01 3.10939E-17 -7.556E-08  5.525E-09  7.555E-10  1.793E-14  2.239E-15  1.00E-07
  7.250E-01 3.10890E-17 -7.826E-08  5.524E-09  7.555E-10  1.856E-14  2.319E-15  1.00E-07
  7.500E-01 3.10839E-17 -8.097E-08  5.524E-09  7.555E-10  1.920E-14  2.399E-15  1.00E-07
  7.750E-01 3.10786E-17 -8.368E-08  5.523E-09  7.555E-10  1.984E-14  2.479E-15  1.00E-07
  8.000E-01 3.10731E-17 -8.638E-08  5.523E-09  7.555E-10  2.048E-14  2.558E-15  1.00E-07
  8.250E-01 3.10675E-17 -8.909E-08  5.522E-09  7.555E-10  2.112E-14  2.638E-15  1.00E-07
  8.500E-01 3.10617E-17 -9.180E-08  5.522E-09  7.555E-10  2.176E-14  2.718E-15  1.00E-07
  8.750E-01 3.10558E-17 -9.451E-08  5.521E-09  7.554E-10  2.239E-14  2.798E-15  1.00E-07
  9.000E-01 3.10496E-17 -9.722E-08  5.521E-09  7.554E-10  2.303E-14  2.878E-15  1.00E-07
  9.250E-01 3.10433E-17 -9.993E-08  5.520E-09  7.554E-10  2.367E-14  2.958E-15  1.00E-07
  9.500E-01 3.10368E-17 -1.026E-07  5.520E-09  7.554E-10  2.431E-14  3.038E-15  1.00E-07
  9.750E-01 3.10302E-17 -1.054E-07  5.519E-09  7.554E-10  2.494E-14  3.118E-15  1.00E-07
  1.000E+00 3.10234E-17 -1.081E-07  5.518E-09  7.554E-10  2.558E-14  3.198E-15  1.00E-07
  1.100E+00 3.09944E-17 -1.189E-07  5.516E-09  7.553E-10  2.812E-14  3.517E-15  1.00E-07
  1.200E+00 3.09627E-17 -1.298E-07  5.513E-09  7.552E-10  3.066E-14  3.836E-15  1.00E-07
  1.300E+00 3.09283E-17 -1.407E-07  5.510E-09  7.551E-10  3.320E-14  4.155E-15  1.00E-07
  1.400E+00 3.08912E-17 -1.516E-07  5.506E-09  7.551E-10  3.573E-14  4.475E-15  1.00E-07
  1.500E+00 3.08514E-17 -1.626E-07  5.503E-09  7.550E-10  3.826E-14  4.793E-15  1.00E-07
  1.600E+00 3.08090E-17 -1.736E-07  5.499E-09  7.548E-10  4.078E-14  5.112E-15  1.00E-07
  1.700E+00 3.07639E-17 -1.845E-07  5.495E-09  7.547E-10  4.330E-14  5.431E-15  1.00E-07
  1.800E+00 3.07161E-17 -1.956E-07  5.491E-09  7.546E-10  4.581E-14  5.749E-15  1.00E-07
  1.900E+00 3.06658E-17 -2.066E-07  5.486E-09  7.545E-10  4.832E-14  6.068E-15  1.00E-07
  2.000E+00 3.06129E-17 -2.177E-07  5.481E-09  7.544E-10  5.082E-14  6.386E-15  1.00E-07
  2.100E+00 3.05574E-17 -2.288E-07  5.476E-09  7.542E-10  5.331E-14  6.704E-15  1.00E-07
  2.200E+00 3.04993E-17 -2.399E-07  5.471E-09  7.541E-10  5.579E-14  7.022E-15  1.00E-07
  2.300E+00 3.04387E-17 -2.511E-07  5.465E-09  7.539E-10  5.827E-14  7.339E-15  1.00E-07
  2.400E+00 3.03756E-17 -2.623E-07  5.460E-09  7.538E-10  6.074E-14  7.657E-15  1.00E-07
  2.500E+00 3.03100E-17 -2.736E-07  5.454E-09  7.536E-10  6.320E-14  7.974E-15  1.00E-07
  2.600E+00 3.02419E-17 -2.848E-07  5.447E-09  7.534E-10  6.566E-14  8.291E-15  1.00E-07
  2.700E+00 3.01714E-17 -2.962E-07  5.441E-09  7.533E-10  6.810E-14  8.607E-15  1.00E-07
  2.800E+00 3.00984E-17 -3.075E-07  5.434E-09  7.531E-10  7.054E-14  8.924E-15  1.00E-07
  2.900E+00 3.00231E-17 -3.190E-07  5.427E-09  7.529E-10  7.297E-14  9.240E-15  1.00E-07
  3.000E+00 2.99454E-17 -3.304E-07  5.420E-09  7.527E-10  7.538E-14  9.556E-15  1.00E-07
  3.100E+00 2.98654E-17 -3.419E-07  5.413E-09  7.525E-10  7.779E-14  9.872E-15  1.00E-07
  3.200E+00 2.97830E-17 -3.535E-07  5.405E-09  7.523E-10  8.019E-14  1.019E-14  1.00E-07
  3.300E+00 2.96984E-17 -3.651E-07  5.397E-09  7.521E-10  8.258E-14  1.050E-14  1.00E-07
  3.400E+00 2.96115E-17 -3.767E-07  5.389E-09  7.519E-10  8.496E-14  1.082E-14  1.00E-07
  3.500E+00 2.95224E-17 -3.884E-07  5.381E-09  7.516E-10  8.732E-14  1.113E-14  1.00E-07
  3.600E+00 2.94311E-17 -4.002E-07  5.373E-09  7.514E-10  8.968E-14  1.145E-14  1.00E-07
  3.700E+00 2.93377E-17 -4.120E-07  5.364E-09  7.512E-10  9.202E-14  1.176E-14  1.00E-07
  3.800E+00 2.92421E-17 -4.239E-07  5.355E-09  7.509E-10  9.435E-14  1.207E-14  1.00E-07
  3.900E+00 2.91444E-17 -4.358E-07  5.346E-09  7.506E-10  9.667E-14  1.239E-14  1.00E-07
  4.000E+00 2.90447E-17 -4.478E-07  5.337E-09  7.504E-10  9.898E-14  1.270E-14  1.00E-07
  4.100E+00 2.89429E-17 -4.599E-07  5.327E-09  7.501E-10  1.013E-13  1.301E-14  1.00E-07
  4.200E+00 2.88391E-17 -4.720E-07  5.318E-09  7.498E-10  1.036E-13  1.332E-14  1.00E-07
  4.300E+00 2.87334E-17 -4.842E-07  5.308E-09  7.496E-10  1.058E-13  1.363E-14  1.00E-07
  4.400E+00 2.86257E-17 -4.964E-07  5.298E-09  7.493E-10  1.081E-13  1.395E-14  1.00E-07
  4.500E+00 2.85162E-17 -5.088E-07  5.287E-09  7.490E-10  1.103E-13  1.426E-14  1.00E-07
  4.600E+00 2.84048E-17 -5.212E-07  5.277E-09  7.487E-10  1.126E-13  1.457E-14  1.00E-07
  4.700E+00 2.82916E-17 -5.336E-07  5.266E-09  7.484E-10  1.148E-13  1.488E-14  1.00E-07
  4.800E+00 2.81765E-17 -5.462E-07  5.255E-09  7.481E-10  1.170E-13  1.519E-14  1.00E-07
  4.900E+00 2.80598E-17 -5.588E-07  5.244E-09  7.478E-10  1.192E-13  1.550E-14  1.00E-07
  5.000E+00 2.79413E-17 -5.715E-07  5.233E-09  7.474E-10  1.213E-13  1.581E-14  1.00E-07
  5.100E+00 2.78212E-17 -5.843E-07  5.221E-09  7.471E-10  1.235E-13  1.611E-14  1.00E-07
  5.200E+00 2.76994E-17 -5.971E-07  5.210E-09  7.468E-10  1.256E-13  1.642E-14  1.00E-07
  5.300E+00 2.75760E-17 -6.101E-07  5.198E-09  7.464E-10  1.278E-13  1.673E-14  1.00E-07
  5.400E+00 2.74511E-17 -6.231E-07  5.186E-09  7.461E-10  1.299E-13  1.704E-14  1.00E-07
  5.500E+00 2.73246E-17 -6.362E-07  5.174E-09  7.457E-10  1.320E-13  1.734E-14  1.00E-07
  5.600E+00 2.71967E-17 -6.494E-07  5.162E-09  7.454E-10  1.341E-13  1.765E-14  1.00E-07
  5.700E+00 2.70673E-17 -6.627E-07  5.149E-09  7.450E-10  1.361E-13  1.795E-14  1.00E-07
  5.800E+00 2.69365E-17 -6.761E-07  5.136E-09  7.446E-10  1.382E-13  1.826E-14  1.00E-07
  5.900E+00 2.68044E-17 -6.896E-07  5.124E-09  7.442E-10  1.402E-13  1.856E-14  1.00E-07
  6.000E+00 2.66709E-17 -7.031E-07  5.111E-09  7.439E-10  1.422E-13  1.887E-14  1.00E-07
  6.100E+00 2.65361E-17 -7.168E-07  5.097E-09  7.435E-10  1.442E-13  1.917E-14  1.00E-07
  6.200E+00 2.64001E-17 -7.305E-07  5.084E-09  7.431E-10  1.462E-13  1.947E-14  1.00E-07
  6.300E+00 2.62628E-17 -7.444E-07  5.071E-09  7.427E-10  1.482E-13  1.978E-14  1.00E-07
  6.400E+00 2.61244E-17 -7.584E-07  5.057E-09  7.423E-10  1.501E-13  2.008E-14  1.00E-07
  6.500E+00 2.59849E-17 -7.724E-07  5.043E-09  7.418E-10  1.521E-13  2.038E-14  1.00E-07
  6.600E+00 2.58442E-17 -7.866E-07  5.029E-09  7.414E-10  1.540E-13  2.068E-14  1.00E-07
  6.700E+00 2.57025E-17 -8.009E-07  5.015E-09  7.410E-10  1.559E-13  2.098E-14  1.00E-07
  6.800E+00 2.55598E-17 -8.153E-07  5.001E-09  7.406E-10  1.578E-13  2.128E-14  1.00E-07
  6.900E+00 2.54161E-17 -8.297E-07  4.987E-09  7.401E-10  1.596E-13  2.158E-14  1.00E-07
  7.000E+00 2.52714E-17 -8.444E-07  4.972E-09  7.397E-10  1.615E-13  2.188E-14  1.00E-07
  7.100E+00 2.51259E-17 -8.591E-07  4.958E-09  7.392E-10  1.633E-13  2.218E-14  1.00E-07
  7.200E+00 2.49795E-17 -8.739E-07  4.943E-09  7.388E-10  1.651E-13  2.247E-14  1.00E-07
  7.300E+00 2.48322E-17 -8.889E-07  4.928E-09  7.383E-10  1.669E-13  2.277E-14  1.00E-07
  7.400E+00 2.46842E-17 -9.039E-07  4.913E-09  7.378E-10  1.687E-13  2.307E-14  1.00E-07
  7.500E+00 2.45354E-17 -9.191E-07  4.898E-09  7.374E-10  1.705E-13  2.336E-14  1.00E-07
  7.600E+00 2.43859E-17 -9.344E-07  4.883E-09  7.369E-10  1.722E-13  2.366E-14  1.00E-07
  7.700E+00 2.42357E-17 -9.499E-07  4.868E-09  7.364E-10  1.739E-13  2.395E-14  1.00E-07
  7.800E+00 2.40849E-17 -9.654E-07  4.852E-09  7.359E-10  1.756E-13  2.424E-14  1.00E-07
  7.900E+00 2.39335E-17 -9.811E-07  4.837E-09  7.354E-10  1.773E-13  2.454E-14  1.00E-07
  8.000E+00 2.37815E-17 -9.969E-07  4.821E-09  7.349E-10  1.790E-13  2.483E-14  1.00E-07
  8.100E+00 2.36289E-17 -1.013E-06  4.805E-09  7.344E-10  1.806E-13  2.512E-14  1.00E-07
  8.200E+00 2.34759E-17 -1.029E-06  4.789E-09  7.339E-10  1.823E-13  2.541E-14  1.00E-07
  8.300E+00 2.33224E-17 -1.045E-06  4.773E-09  7.334E-10  1.839E-13  2.570E-14  1.00E-07
  8.400E+00 2.31685E-17 -1.062E-06  4.757E-09  7.328E-10  1.855E-13  2.599E-14  1.00E-07
  8.500E+00 2.30142E-17 -1.078E-06  4.741E-09  7.323E-10  1.871E-13  2.628E-14  1.00E-07
  8.600E+00 2.28595E-17 -1.095E-06  4.725E-09  7.318E-10  1.886E-13  2.657E-14  1.00E-07
  8.700E+00 2.27045E-17 -1.111E-06  4.708E-09  7.312E-10  1.902E-13  2.685E-14  1.00E-07
  8.800E+00 2.25492E-17 -1.128E-06  4.692E-09  7.307E-10  1.917E-13  2.714E-14  1.00E-07
  8.900E+00 2.23937E-17 -1.145E-06  4.676E-09  7.301E-10  1.932E-13  2.743E-14  1.00E-07
  9.000E+00 2.22379E-17 -1.163E-06  4.659E-09  7.296E-10  1.947E-13  2.771E-14  1.00E-07
  9.100E+00 2.20819E-17 -1.180E-06  4.642E-09  7.290E-10  1.961E-13  2.799E-14  1.00E-07
  9.200E+00 2.19258E-17 -1.198E-06  4.625E-09  7.285E-10  1.976E-13  2.828E-14  1.00E-07
  9.300E+00 2.17695E-17 -1.215E-06  4.609E-09  7.279E-10  1.990E-13  2.856E-14  1.00E-07
  9.400E+00 2.16132E-17 -1.233E-06  4.592E-09  7.273E-10  2.004E-13  2.884E-14  1.00E-07
  9.500E+00 2.14567E-17 -1.251E-06  4.575E-09  7.267E-10  2.018E-13  2.912E-14  1.00E-07
  9.600E+00 2.13002E-17 -1.269E-06  4.558E-09  7.261E-10  2.032E-13  2.941E-14  1.00E-07
  9.700E+00 2.11438E-17 -1.287E-06  4.541E-09  7.255E-10  2.045E-13  2.969E-14  1.00E-07
  9.800E+00 2.09873E-17 -1.306E-06  4.523E-09  7.249E-10  2.059E-13  2.996E-14  1.00E-07
  9.900E+00 2.08309E-17 -1.325E-06  4.506E-09  7.243E-10  2.072E-13  3.024E-14  1.00E-07
  1.000E+01 2.06745E-17 -1.343E-06  4.489E-09  7.237E-10  2.085E-13  3.052E-14  1.00E-07
  1.025E+01 2.02842E-17 -1.391E-06  4.446E-09  7.222E-10  2.117E-13  3.121E-14  1.00E-07
  1.050E+01 1.98949E-17 -1.440E-06  4.402E-09  7.206E-10  2.147E-13  3.190E-14  1.00E-07
  1.075E+01 1.95070E-17 -1.490E-06  4.358E-09  7.190E-10  2.176E-13  3.258E-14  1.00E-07
  1.100E+01 1.91210E-17 -1.541E-06  4.314E-09  7.174E-10  2.205E-13  3.325E-14  1.00E-07
  1.125E+01 1.87372E-17 -1.593E-06  4.269E-09  7.157E-10  2.232E-13  3.392E-14  1.00E-07
  1.150E+01 1.83560E-17 -1.647E-06  4.224E-09  7.140E-10  2.258E-13  3.458E-14  1.00E-07
  1.175E+01 1.79776E-17 -1.701E-06  4.180E-09  7.123E-10  2.283E-13  3.524E-14  1.00E-07
  1.200E+01 1.76023E-17 -1.757E-06  4.135E-09  7.106E-10  2.307E-13  3.590E-14  1.00E-07
  1.225E+01 1.72305E-17 -1.815E-06  4.090E-09  7.088E-10  2.329E-13  3.654E-14  1.00E-07
  1.250E+01 1.68623E-17 -1.873E-06  4.045E-09  7.070E-10  2.351E-13  3.719E-14  1.00E-07
  1.275E+01 1.64982E-17 -1.933E-06  4.000E-09  7.051E-10  2.372E-13  3.782E-14  1.00E-07
  1.300E+01 1.61381E-17 -1.995E-06  3.955E-09  7.033E-10  2.391E-13  3.845E-14  1.00E-07
  1.325E+01 1.57825E-17 -2.057E-06  3.910E-09  7.014E-10  2.410E-13  3.908E-14  1.00E-07
  1.350E+01 1.54314E-17 -2.122E-06  3.866E-09  6.995E-10  2.428E-13  3.970E-14  1.00E-07
  1.375E+01 1.50850E-17 -2.187E-06  3.821E-09  6.976E-10  2.444E-13  4.031E-14  1.00E-07
  1.400E+01 1.47436E-17 -2.255E-06  3.776E-09  6.956E-10  2.460E-13  4.092E-14  1.00E-07
  1.425E+01 1.44071E-17 -2.323E-06  3.732E-09  6.936E-10  2.475E-13  4.152E-14  1.00E-07
  1.450E+01 1.40758E-17 -2.394E-06  3.687E-09  6.916E-10  2.489E-13  4.211E-14  1.00E-07
  1.475E+01 1.37498E-17 -2.466E-06  3.643E-09  6.896E-10  2.502E-13  4.270E-14  1.00E-07
  1.500E+01 1.34291E-17 -2.539E-06  3.599E-09  6.876E-10  2.514E-13  4.328E-14  1.00E-07
  1.525E+01 1.31138E-17 -2.615E-06  3.556E-09  6.855E-10  2.525E-13  4.386E-14  1.00E-07
  1.550E+01 1.28040E-17 -2.692E-06  3.512E-09  6.834E-10  2.536E-13  4.443E-14  1.00E-07
  1.575E+01 1.24998E-17 -2.771E-06  3.469E-09  6.813E-10  2.545E-13  4.499E-14  1.00E-07
  1.600E+01 1.22011E-17 -2.851E-06  3.426E-09  6.792E-10  2.554E-13  4.555E-14  1.00E-07
  1.625E+01 1.19081E-17 -2.934E-06  3.384E-09  6.771E-10  2.562E-13  4.610E-14  1.00E-07
  1.650E+01 1.16207E-17 -3.018E-06  3.341E-09  6.749E-10  2.569E-13  4.665E-14  1.00E-07
  1.675E+01 1.13390E-17 -3.104E-06  3.299E-09  6.727E-10  2.576E-13  4.718E-14  1.00E-07
  1.700E+01 1.10629E-17 -3.192E-06  3.258E-09  6.705E-10  2.582E-13  4.772E-14  1.00E-07
  1.725E+01 1.07925E-17 -3.282E-06  3.216E-09  6.683E-10  2.587E-13  4.824E-14  1.00E-07
  1.750E+01 1.05277E-17 -3.374E-06  3.176E-09  6.661E-10  2.591E-13  4.876E-14  1.00E-07
  1.775E+01 1.02685E-17 -3.468E-06  3.135E-09  6.638E-10  2.595E-13  4.927E-14  1.00E-07
  1.800E+01 1.00148E-17 -3.564E-06  3.095E-09  6.616E-10  2.598E-13  4.978E-14  1.00E-07
  1.825E+01 9.76675E-18 -3.662E-06  3.055E-09  6.593E-10  2.601E-13  5.028E-14  1.00E-07
  1.850E+01 9.52415E-18 -3.762E-06  3.015E-09  6.570E-10  2.603E-13  5.077E-14  1.00E-07
  1.875E+01 9.28699E-18 -3.864E-06  2.976E-09  6.547E-10  2.604E-13  5.126E-14  1.00E-07
  1.900E+01 9.05521E-18 -3.969E-06  2.938E-09  6.524E-10  2.605E-13  5.174E-14  1.00E-07
  1.925E+01 8.82876E-18 -4.075E-06  2.899E-09  6.501E-10  2.606E-13  5.221E-14  1.00E-07
  1.950E+01 8.60758E-18 -4.184E-06  2.861E-09  6.477E-10  2.605E-13  5.268E-14  1.00E-07
  1.975E+01 8.39159E-18 -4.295E-06  2.824E-09  6.454E-10  2.605E-13  5.314E-14  1.00E-07
  2.000E+01 8.18072E-18 -4.408E-06  2.787E-09  6.430E-10  2.604E-13  5.360E-14  1.00E-07
  2.025E+01 7.97491E-18 -4.524E-06  2.750E-09  6.406E-10  2.602E-13  5.404E-14  1.00E-07
  2.050E+01 7.77407E-18 -4.642E-06  2.714E-09  6.382E-10  2.600E-13  5.449E-14  1.00E-07
  2.075E+01 7.57813E-18 -4.762E-06  2.678E-09  6.358E-10  2.597E-13  5.492E-14  1.00E-07
  2.100E+01 7.38700E-18 -4.885E-06  2.643E-09  6.334E-10  2.594E-13  5.535E-14  1.00E-07
  2.125E+01 7.20060E-18 -5.010E-06  2.608E-09  6.310E-10  2.591E-13  5.577E-14  1.00E-07
  2.150E+01 7.01885E-18 -5.138E-06  2.574E-09  6.286E-10  2.587E-13  5.619E-14  1.00E-07
  2.175E+01 6.84166E-18 -5.268E-06  2.540E-09  6.262E-10  2.583E-13  5.660E-14  1.00E-07
  2.200E+01 6.66894E-18 -5.400E-06  2.506E-09  6.237E-10  2.579E-13  5.700E-14  1.00E-07
  2.225E+01 6.50061E-18 -5.536E-06  2.473E-09  6.213E-10  2.574E-13  5.739E-14  1.00E-07
  2.250E+01 6.33658E-18 -5.673E-06  2.440E-09  6.188E-10  2.569E-13  5.778E-14  1.00E-07
  2.275E+01 6.17676E-18 -5.813E-06  2.408E-09  6.164E-10  2.563E-13  5.817E-14  1.00E-07
  2.300E+01 6.02107E-18 -5.956E-06  2.376E-09  6.139E-10  2.558E-13  5.855E-14  1.00E-07
  2.325E+01 5.86941E-18 -6.102E-06  2.344E-09  6.114E-10  2.552E-13  5.892E-14  1.00E-07
  2.350E+01 5.72170E-18 -6.250E-06  2.313E-09  6.090E-10  2.545E-13  5.928E-14  1.00E-07
  2.375E+01 5.57785E-18 -6.400E-06  2.283E-09  6.065E-10  2.539E-13  5.964E-14  1.00E-07
  2.400E+01 5.43777E-18 -6.554E-06  2.252E-09  6.040E-10  2.532E-13  5.999E-14  1.00E-07
  2.425E+01 5.30137E-18 -6.710E-06  2.223E-09  6.015E-10  2.525E-13  6.034E-14  1.00E-07
  2.450E+01 5.16858E-18 -6.869E-06  2.193E-09  5.990E-10  2.518E-13  6.068E-14  1.00E-07
  2.475E+01 5.03930E-18 -7.031E-06  2.164E-09  5.965E-10  2.510E-13  6.101E-14  1.00E-07
  2.500E+01 4.91345E-18 -7.195E-06  2.136E-09  5.940E-10  2.503E-13  6.134E-14  1.00E-07
  2.550E+01 4.67172E-18 -7.532E-06  2.080E-09  5.890E-10  2.487E-13  6.198E-14  1.00E-07
  2.600E+01 4.44273E-18 -7.881E-06  2.025E-09  5.840E-10  2.470E-13  6.259E-14  1.00E-07
  2.650E+01 4.22585E-18 -8.241E-06  1.972E-09  5.790E-10  2.453E-13  6.318E-14  1.00E-07
  2.700E+01 4.02048E-18 -8.613E-06  1.921E-09  5.740E-10  2.435E-13  6.374E-14  1.00E-07
  2.750E+01 3.82601E-18 -8.997E-06  1.871E-09  5.690E-10  2.417E-13  6.429E-14  1.00E-07
  2.800E+01 3.64189E-18 -9.392E-06  1.823E-09  5.640E-10  2.398E-13  6.481E-14  1.00E-07
  2.850E+01 3.46756E-18 -9.799E-06  1.776E-09  5.591E-10  2.379E-13  6.531E-14  1.00E-07
  2.900E+01 3.30252E-18 -1.022E-05  1.731E-09  5.541E-10  2.359E-13  6.578E-14  1.00E-07
  2.950E+01 3.14625E-18 -1.065E-05  1.687E-09  5.491E-10  2.340E-13  6.624E-14  1.00E-07
  3.000E+01 2.99830E-18 -1.109E-05  1.644E-09  5.442E-10  2.320E-13  6.667E-14  1.00E-07
  3.050E+01 2.85819E-18 -1.155E-05  1.602E-09  5.392E-10  2.299E-13  6.708E-14  1.00E-07
  3.100E+01 2.72551E-18 -1.202E-05  1.562E-09  5.343E-10  2.279E-13  6.747E-14  1.00E-07
  3.150E+01 2.59984E-18 -1.250E-05  1.523E-09  5.294E-10  2.259E-13  6.785E-14  1.00E-07
  3.200E+01 2.48079E-18 -1.299E-05  1.485E-09  5.246E-10  2.238E-13  6.820E-14  1.00E-07
  3.250E+01 2.36801E-18 -1.350E-05  1.448E-09  5.197E-10  2.217E-13  6.853E-14  1.00E-07
  3.300E+01 2.26113E-18 -1.402E-05  1.413E-09  5.149E-10  2.197E-13  6.885E-14  1.00E-07
  3.350E+01 2.15984E-18 -1.455E-05  1.378E-09  5.101E-10  2.176E-13  6.914E-14  1.00E-07
  3.400E+01 2.06381E-18 -1.509E-05  1.345E-09  5.053E-10  2.155E-13  6.942E-14  1.00E-07
  3.450E+01 1.97276E-18 -1.564E-05  1.312E-09  5.006E-10  2.135E-13  6.968E-14  1.00E-07
  3.500E+01 1.88640E-18 -1.621E-05  1.281E-09  4.959E-10  2.114E-13  6.992E-14  1.00E-07
  3.550E+01 1.80448E-18 -1.679E-05  1.250E-09  4.912E-10  2.094E-13  7.014E-14  1.00E-07
  3.600E+01 1.72674E-18 -1.738E-05  1.221E-09  4.866E-10  2.073E-13  7.035E-14  1.00E-07
  3.650E+01 1.65295E-18 -1.799E-05  1.192E-09  4.820E-10  2.053E-13  7.055E-14  1.00E-07
  3.700E+01 1.58290E-18 -1.860E-05  1.164E-09  4.774E-10  2.033E-13  7.072E-14  1.00E-07
  3.750E+01 1.51637E-18 -1.923E-05  1.137E-09  4.729E-10  2.013E-13  7.088E-14  1.00E-07
  3.800E+01 1.45317E-18 -1.987E-05  1.111E-09  4.684E-10  1.993E-13  7.103E-14  1.00E-07
  3.850E+01 1.39311E-18 -2.052E-05  1.085E-09  4.639E-10  1.973E-13  7.116E-14  1.00E-07
  3.900E+01 1.33602E-18 -2.118E-05  1.061E-09  4.595E-10  1.953E-13  7.128E-14  1.00E-07
  3.950E+01 1.28174E-18 -2.186E-05  1.037E-09  4.551E-10  1.934E-13  7.138E-14  1.00E-07
  4.000E+01 1.23012E-18 -2.255E-05  1.013E-09  4.508E-10  1.914E-13  7.147E-14  1.00E-07
  4.050E+01 1.18099E-18 -2.324E-05  9.908E-10  4.465E-10  1.895E-13  7.155E-14  1.00E-07
  4.100E+01 1.13424E-18 -2.395E-05  9.689E-10  4.422E-10  1.876E-13  7.161E-14  1.00E-07
  4.150E+01 1.08974E-18 -2.467E-05  9.476E-10  4.380E-10  1.857E-13  7.166E-14  1.00E-07
  4.200E+01 1.04735E-18 -2.540E-05  9.269E-10  4.338E-10  1.839E-13  7.170E-14  1.00E-07
  4.250E+01 1.00697E-18 -2.614E-05  9.068E-10  4.296E-10  1.820E-13  7.173E-14  1.00E-07
  4.300E+01 9.68484E-19 -2.690E-05  8.874E-10  4.255E-10  1.802E-13  7.174E-14  1.00E-07
  4.350E+01 9.31799E-19 -2.766E-05  8.684E-10  4.215E-10  1.784E-13  7.175E-14  1.00E-07
  4.400E+01 8.96816E-19 -2.843E-05  8.500E-10  4.175E-10  1.766E-13  7.174E-14  1.00E-07
  4.450E+01 8.63445E-19 -2.921E-05  8.321E-10  4.135E-10  1.748E-13  7.173E-14  1.00E-07
  4.500E+01 8.31601E-19 -3.001E-05  8.148E-10  4.096E-10  1.731E-13  7.170E-14  1.00E-07
  4.550E+01 8.01205E-19 -3.081E-05  7.979E-10  4.057E-10  1.714E-13  7.166E-14  1.00E-07
  4.600E+01 7.72180E-19 -3.162E-05  7.815E-10  4.018E-10  1.696E-13  7.161E-14  1.00E-07
  4.650E+01 7.44456E-19 -3.244E-05  7.655E-10  3.980E-10  1.680E-13  7.156E-14  1.00E-07
  4.700E+01 7.17966E-19 -3.327E-05  7.500E-10  3.943E-10  1.663E-13  7.149E-14  1.00E-07
  4.750E+01 6.92646E-19 -3.411E-05  7.349E-10  3.906E-10  1.646E-13  7.142E-14  1.00E-07
  4.800E+01 6.68438E-19 -3.495E-05  7.202E-10  3.869E-10  1.630E-13  7.134E-14  1.00E-07
  4.850E+01 6.45284E-19 -3.581E-05  7.060E-10  3.833E-10  1.614E-13  7.125E-14  1.00E-07
  4.900E+01 6.23132E-19 -3.667E-05  6.921E-10  3.797E-10  1.598E-13  7.115E-14  1.00E-07
  4.950E+01 6.01931E-19 -3.754E-05  6.786E-10  3.761E-10  1.582E-13  7.104E-14  1.00E-07
  5.000E+01 5.81634E-19 -3.842E-05  6.654E-10  3.726E-10  1.566E-13  7.093E-14  1.00E-07
  5.050E+01 5.62196E-19 -3.931E-05  6.526E-10  3.692E-10  1.551E-13  7.081E-14  1.00E-07
  5.100E+01 5.43576E-19 -4.020E-05  6.402E-10  3.657E-10  1.536E-13  7.068E-14  1.00E-07
  5.150E+01 5.25732E-19 -4.110E-05  6.280E-10  3.624E-10  1.521E-13  7.054E-14  1.00E-07
  5.200E+01 5.08628E-19 -4.201E-05  6.162E-10  3.590E-10  1.506E-13  7.040E-14  1.00E-07
  5.250E+01 4.92227E-19 -4.292E-05  6.047E-10  3.557E-10  1.491E-13  7.025E-14  1.00E-07
  5.300E+01 4.76496E-19 -4.384E-05  5.935E-10  3.525E-10  1.477E-13  7.010E-14  1.00E-07
  5.350E+01 4.61403E-19 -4.477E-05  5.826E-10  3.492E-10  1.462E-13  6.994E-14  1.00E-07
  5.400E+01 4.46917E-19 -4.570E-05  5.720E-10  3.461E-10  1.448E-13  6.977E-14  1.00E-07
  5.450E+01 4.33011E-19 -4.663E-05  5.616E-10  3.429E-10  1.434E-13  6.960E-14  1.00E-07
  5.500E+01 4.19656E-19 -4.757E-05  5.515E-10  3.398E-10  1.421E-13  6.943E-14  1.00E-07
  5.550E+01 4.06827E-19 -4.852E-05  5.417E-10  3.368E-10  1.407E-13  6.924E-14  1.00E-07
  5.600E+01 3.94500E-19 -4.947E-05  5.321E-10  3.337E-10  1.393E-13  6.906E-14  1.00E-07
  5.650E+01 3.82651E-19 -5.043E-05  5.227E-10  3.307E-10  1.380E-13  6.886E-14  1.00E-07
  5.700E+01 3.71260E-19 -5.139E-05  5.136E-10  3.278E-10  1.367E-13  6.867E-14  1.00E-07
  5.750E+01 3.60304E-19 -5.235E-05  5.047E-10  3.249E-10  1.354E-13  6.847E-14  1.00E-07
  5.800E+01 3.49765E-19 -5.332E-05  4.961E-10  3.220E-10  1.341E-13  6.826E-14  1.00E-07
  5.850E+01 3.39623E-19 -5.429E-05  4.876E-10  3.192E-10  1.328E-13  6.805E-14  1.00E-07
  5.900E+01 3.29862E-19 -5.526E-05  4.793E-10  3.164E-10  1.316E-13  6.784E-14  1.00E-07
  5.950E+01 3.20464E-19 -5.624E-05  4.713E-10  3.136E-10  1.304E-13  6.762E-14  1.00E-07
  6.000E+01 3.11412E-19 -5.722E-05  4.634E-10  3.109E-10  1.291E-13  6.740E-14  1.00E-07
  6.050E+01 3.02693E-19 -5.820E-05  4.558E-10  3.082E-10  1.279E-13  6.717E-14  1.00E-07
  6.100E+01 2.94292E-19 -5.918E-05  4.483E-10  3.055E-10  1.267E-13  6.694E-14  1.00E-07
  6.150E+01 2.86194E-19 -6.017E-05  4.410E-10  3.029E-10  1.255E-13  6.671E-14  1.00E-07
  6.200E+01 2.78388E-19 -6.115E-05  4.338E-10  3.003E-10  1.244E-13  6.648E-14  1.00E-07
  6.250E+01 2.70860E-19 -6.214E-05  4.269E-10  2.978E-10  1.232E-13  6.624E-14  1.00E-07
  6.300E+01 2.63598E-19 -6.313E-05  4.200E-10  2.952E-10  1.221E-13  6.600E-14  1.00E-07
  6.350E+01 2.56592E-19 -6.412E-05  4.134E-10  2.927E-10  1.210E-13  6.575E-14  1.00E-07
  6.400E+01 2.49831E-19 -6.511E-05  4.069E-10  2.903E-10  1.198E-13  6.551E-14  1.00E-07
  6.450E+01 2.43304E-19 -6.610E-05  4.006E-10  2.879E-10  1.187E-13  6.526E-14  1.00E-07
  6.500E+01 2.37002E-19 -6.709E-05  3.944E-10  2.855E-10  1.177E-13  6.500E-14  1.00E-07
  6.550E+01 2.30916E-19 -6.808E-05  3.883E-10  2.831E-10  1.166E-13  6.475E-14  1.00E-07
  6.600E+01 2.25037E-19 -6.907E-05  3.824E-10  2.808E-10  1.155E-13  6.449E-14  1.00E-07
  6.650E+01 2.19356E-19 -7.006E-05  3.766E-10  2.785E-10  1.145E-13  6.423E-14  1.00E-07
  6.700E+01 2.13866E-19 -7.104E-05  3.709E-10  2.762E-10  1.134E-13  6.397E-14  1.00E-07
  6.750E+01 2.08559E-19 -7.203E-05  3.654E-10  2.739E-10  1.124E-13  6.371E-14  1.00E-07
  6.800E+01 2.03427E-19 -7.301E-05  3.600E-10  2.717E-10  1.114E-13  6.344E-14  1.00E-07
  6.850E+01 1.98464E-19 -7.399E-05  3.547E-10  2.695E-10  1.104E-13  6.317E-14  1.00E-07
  6.900E+01 1.93663E-19 -7.497E-05  3.495E-10  2.674E-10  1.094E-13  6.290E-14  1.00E-07
  6.950E+01 1.89018E-19 -7.595E-05  3.445E-10  2.653E-10  1.084E-13  6.263E-14  1.00E-07
  7.000E+01 1.84523E-19 -7.693E-05  3.395E-10  2.632E-10  1.074E-13  6.236E-14  1.00E-07
  7.050E+01 1.80171E-19 -7.790E-05  3.347E-10  2.611E-10  1.065E-13  6.208E-14  1.00E-07
  7.100E+01 1.75958E-19 -7.887E-05  3.299E-10  2.590E-10  1.055E-13  6.181E-14  1.00E-07
  7.150E+01 1.71878E-19 -7.983E-05  3.253E-10  2.570E-10  1.046E-13  6.153E-14  1.00E-07
  7.200E+01 1.67926E-19 -8.079E-05  3.207E-10  2.550E-10  1.036E-13  6.125E-14  1.00E-07
  7.250E+01 1.64097E-19 -8.175E-05  3.163E-10  2.531E-10  1.027E-13  6.097E-14  1.00E-07
  7.300E+01 1.60387E-19 -8.270E-05  3.120E-10  2.511E-10  1.018E-13  6.069E-14  1.00E-07
  7.350E+01 1.56791E-19 -8.365E-05  3.077E-10  2.492E-10  1.009E-13  6.040E-14  1.00E-07
  7.400E+01 1.53305E-19 -8.460E-05  3.035E-10  2.473E-10  9.999E-14  6.012E-14  1.00E-07
  7.450E+01 1.49925E-19 -8.553E-05  2.994E-10  2.455E-10  9.911E-14  5.983E-14  1.00E-07
  7.500E+01 1.46647E-19 -8.647E-05  2.955E-10  2.436E-10  9.824E-14  5.955E-14  1.00E-07
  7.550E+01 1.43468E-19 -8.740E-05  2.915E-10  2.418E-10  9.737E-14  5.926E-14  1.00E-07
  7.600E+01 1.40383E-19 -8.832E-05  2.877E-10  2.400E-10  9.651E-14  5.897E-14  1.00E-07
  7.650E+01 1.37390E-19 -8.924E-05  2.839E-10  2.383E-10  9.566E-14  5.868E-14  1.00E-07
  7.700E+01 1.34485E-19 -9.015E-05  2.803E-10  2.365E-10  9.482E-14  5.839E-14  1.00E-07
  7.750E+01 1.31665E-19 -9.105E-05  2.767E-10  2.348E-10  9.399E-14  5.810E-14  1.00E-07
  7.800E+01 1.28927E-19 -9.195E-05  2.731E-10  2.331E-10  9.317E-14  5.781E-14  1.00E-07
  7.850E+01 1.26269E-19 -9.284E-05  2.697E-10  2.314E-10  9.235E-14  5.751E-14  1.00E-07
  7.900E+01 1.23687E-19 -9.372E-05  2.663E-10  2.298E-10  9.154E-14  5.722E-14  1.00E-07
  7.950E+01 1.21178E-19 -9.460E-05  2.629E-10  2.281E-10  9.074E-14  5.693E-14  1.00E-07
  8.000E+01 1.18741E-19 -9.547E-05  2.597E-10  2.265E-10  8.995E-14  5.663E-14  1.00E-07
  8.050E+01 1.16373E-19 -9.633E-05  2.565E-10  2.249E-10  8.917E-14  5.634E-14  1.00E-07
  8.100E+01 1.14071E-19 -9.719E-05  2.534E-10  2.233E-10  8.839E-14  5.604E-14  1.00E-07
  8.150E+01 1.11833E-19 -9.803E-05  2.503E-10  2.218E-10  8.762E-14  5.574E-14  1.00E-07
  8.200E+01 1.09658E-19 -9.887E-05  2.473E-10  2.203E-10  8.686E-14  5.545E-14  1.00E-07
  8.250E+01 1.07542E-19 -9.970E-05  2.443E-10  2.188E-10  8.610E-14  5.515E-14  1.00E-07
  8.300E+01 1.05485E-19 -1.005E-04  2.414E-10  2.173E-10  8.535E-14  5.485E-14  1.00E-07
  8.350E+01 1.03483E-19 -1.013E-04  2.386E-10  2.158E-10  8.461E-14  5.455E-14  1.00E-07
  8.400E+01 1.01536E-19 -1.021E-04  2.358E-10  2.143E-10  8.388E-14  5.426E-14  1.00E-07
  8.450E+01 9.96413E-20 -1.029E-04  2.331E-10  2.129E-10  8.315E-14  5.396E-14  1.00E-07
  8.500E+01 9.77973E-20 -1.037E-04  2.304E-10  2.115E-10  8.243E-14  5.366E-14  1.00E-07
  8.550E+01 9.60024E-20 -1.045E-04  2.277E-10  2.101E-10  8.171E-14  5.336E-14  1.00E-07
  8.600E+01 9.42550E-20 -1.052E-04  2.252E-10  2.087E-10  8.100E-14  5.306E-14  1.00E-07
  8.650E+01 9.25537E-20 -1.060E-04  2.226E-10  2.073E-10  8.030E-14  5.276E-14  1.00E-07
  8.700E+01 9.08969E-20 -1.067E-04  2.201E-10  2.060E-10  7.961E-14  5.246E-14  1.00E-07
  8.750E+01 8.92833E-20 -1.075E-04  2.177E-10  2.047E-10  7.892E-14  5.216E-14  1.00E-07
  8.800E+01 8.77114E-20 -1.082E-04  2.153E-10  2.034E-10  7.823E-14  5.186E-14  1.00E-07
  8.850E+01 8.61801E-20 -1.089E-04  2.129E-10  2.021E-10  7.755E-14  5.156E-14  1.00E-07
  8.900E+01 8.46880E-20 -1.096E-04  2.106E-10  2.008E-10  7.688E-14  5.126E-14  1.00E-07
  8.950E+01 8.32339E-20 -1.103E-04  2.084E-10  1.995E-10  7.622E-14  5.096E-14  1.00E-07
  9.000E+01 8.18167E-20 -1.110E-04  2.061E-10  1.983E-10  7.555E-14  5.066E-14  1.00E-07
  9.050E+01 8.04352E-20 -1.116E-04  2.040E-10  1.971E-10  7.490E-14  5.036E-14  1.00E-07
  9.100E+01 7.90883E-20 -1.123E-04  2.018E-10  1.959E-10  7.425E-14  5.006E-14  1.00E-07
  9.150E+01 7.77751E-20 -1.129E-04  1.997E-10  1.947E-10  7.360E-14  4.976E-14  1.00E-07
  9.200E+01 7.64944E-20 -1.136E-04  1.976E-10  1.935E-10  7.297E-14  4.945E-14  1.00E-07
  9.250E+01 7.52453E-20 -1.142E-04  1.956E-10  1.923E-10  7.233E-14  4.915E-14  1.00E-07
  9.300E+01 7.40269E-20 -1.148E-04  1.936E-10  1.912E-10  7.170E-14  4.885E-14  1.00E-07
  9.350E+01 7.28383E-20 -1.154E-04  1.916E-10  1.900E-10  7.108E-14  4.855E-14  1.00E-07
  9.400E+01 7.16786E-20 -1.159E-04  1.897E-10  1.889E-10  7.046E-14  4.825E-14  1.00E-07
  9.450E+01 7.05469E-20 -1.165E-04  1.878E-10  1.878E-10  6.984E-14  4.795E-14  1.00E-07
  9.500E+01 6.94424E-20 -1.171E-04  1.860E-10  1.867E-10  6.924E-14  4.765E-14  1.00E-07
  9.550E+01 6.83644E-20 -1.176E-04  1.841E-10  1.856E-10  6.863E-14  4.735E-14  1.00E-07
  9.600E+01 6.73120E-20 -1.181E-04  1.824E-10  1.846E-10  6.803E-14  4.705E-14  1.00E-07
  9.650E+01 6.62846E-20 -1.186E-04  1.806E-10  1.835E-10  6.744E-14  4.675E-14  1.00E-07
  9.700E+01 6.52815E-20 -1.191E-04  1.789E-10  1.825E-10  6.684E-14  4.645E-14  1.00E-07
  9.750E+01 6.43018E-20 -1.196E-04  1.772E-10  1.814E-10  6.626E-14  4.615E-14  1.00E-07
  9.800E+01 6.33451E-20 -1.201E-04  1.755E-10  1.804E-10  6.568E-14  4.585E-14  1.00E-07
  9.850E+01 6.24106E-20 -1.206E-04  1.738E-10  1.794E-10  6.510E-14  4.555E-14  1.00E-07
  9.900E+01 6.14977E-20 -1.210E-04  1.722E-10  1.784E-10  6.453E-14  4.525E-14  1.00E-07
  9.950E+01 6.06059E-20 -1.214E-04  1.706E-10  1.775E-10  6.396E-14  4.495E-14  1.00E-07
  1.000E+02 5.97345E-20 -1.218E-04  1.691E-10  1.765E-10  6.339E-14  4.465E-14  1.00E-07
  1.005E+02 5.88830E-20 -1.222E-04  1.675E-10  1.755E-10  6.283E-14  4.435E-14  1.00E-07
  1.010E+02 5.80508E-20 -1.226E-04  1.660E-10  1.746E-10  6.227E-14  4.405E-14  1.00E-07
  1.015E+02 5.72374E-20 -1.230E-04  1.645E-10  1.737E-10  6.172E-14  4.376E-14  1.00E-07
  1.020E+02 5.64424E-20 -1.233E-04  1.631E-10  1.728E-10  6.117E-14  4.346E-14  1.00E-07
  1.025E+02 5.56651E-20 -1.237E-04  1.616E-10  1.719E-10  6.062E-14  4.316E-14  1.00E-07
  1.030E+02 5.49053E-20 -1.240E-04  1.602E-10  1.710E-10  6.008E-14  4.286E-14  1.00E-07
  1.035E+02 5.41622E-20 -1.243E-04  1.588E-10  1.701E-10  5.955E-14  4.256E-14  1.00E-07
  1.040E+02 5.34356E-20 -1.246E-04  1.575E-10  1.692E-10  5.901E-14  4.227E-14  1.00E-07
  1.045E+02 5.27251E-20 -1.249E-04  1.561E-10  1.684E-10  5.848E-14  4.197E-14  1.00E-07
  1.050E+02 5.20301E-20 -1.252E-04  1.548E-10  1.675E-10  5.795E-14  4.167E-14  1.00E-07
  1.055E+02 5.13502E-20 -1.254E-04  1.535E-10  1.667E-10  5.743E-14  4.138E-14  1.00E-07
  1.060E+02 5.06852E-20 -1.256E-04  1.522E-10  1.659E-10  5.691E-14  4.108E-14  1.00E-07
  1.065E+02 5.00346E-20 -1.259E-04  1.510E-10  1.650E-10  5.639E-14  4.078E-14  1.00E-07
  1.070E+02 4.93980E-20 -1.261E-04  1.498E-10  1.642E-10  5.588E-14  4.049E-14  1.00E-07
  1.075E+02 4.87750E-20 -1.263E-04  1.485E-10  1.634E-10  5.537E-14  4.019E-14  1.00E-07
  1.080E+02 4.81655E-20 -1.264E-04  1.473E-10  1.626E-10  5.486E-14  3.990E-14  1.00E-07
  1.085E+02 4.75689E-20 -1.266E-04  1.462E-10  1.619E-10  5.436E-14  3.960E-14  1.00E-07
  1.090E+02 4.69849E-20 -1.267E-04  1.450E-10  1.611E-10  5.386E-14  3.931E-14  1.00E-07
  1.095E+02 4.64134E-20 -1.268E-04  1.439E-10  1.604E-10  5.336E-14  3.901E-14  1.00E-07
  1.100E+02 4.58538E-20 -1.269E-04  1.428E-10  1.596E-10  5.287E-14  3.872E-14  1.00E-07
  1.105E+02 4.53060E-20 -1.270E-04  1.417E-10  1.589E-10  5.238E-14  3.843E-14  1.00E-07
  1.110E+02 4.47697E-20 -1.271E-04  1.406E-10  1.581E-10  5.189E-14  3.813E-14  1.00E-07
  1.115E+02 4.42446E-20 -1.272E-04  1.395E-10  1.574E-10  5.140E-14  3.784E-14  1.00E-07
  1.120E+02 4.37304E-20 -1.272E-04  1.385E-10  1.567E-10  5.092E-14  3.755E-14  1.00E-07
  1.125E+02 4.32268E-20 -1.272E-04  1.374E-10  1.560E-10  5.044E-14  3.725E-14  1.00E-07
  1.130E+02 4.27336E-20 -1.272E-04  1.364E-10  1.553E-10  4.996E-14  3.696E-14  1.00E-07
  1.135E+02 4.22506E-20 -1.272E-04  1.354E-10  1.546E-10  4.949E-14  3.667E-14  1.00E-07
  1.140E+02 4.17774E-20 -1.272E-04  1.344E-10  1.540E-10  4.902E-14  3.638E-14  1.00E-07
  1.145E+02 4.13139E-20 -1.271E-04  1.335E-10  1.533E-10  4.855E-14  3.609E-14  1.00E-07
  1.150E+02 4.08599E-20 -1.271E-04  1.325E-10  1.526E-10  4.808E-14  3.579E-14  1.00E-07
  1.155E+02 4.04151E-20 -1.270E-04  1.316E-10  1.520E-10  4.762E-14  3.550E-14  1.00E-07
  1.160E+02 3.99792E-20 -1.269E-04  1.307E-10  1.514E-10  4.716E-14  3.521E-14  1.00E-07
  1.165E+02 3.95522E-20 -1.268E-04  1.297E-10  1.507E-10  4.670E-14  3.492E-14  1.00E-07
  1.170E+02 3.91338E-20 -1.267E-04  1.289E-10  1.501E-10  4.624E-14  3.463E-14  1.00E-07
  1.175E+02 3.87238E-20 -1.265E-04  1.280E-10  1.495E-10  4.579E-14  3.434E-14  1.00E-07
  1.180E+02 3.83219E-20 -1.264E-04  1.271E-10  1.489E-10  4.534E-14  3.405E-14  1.00E-07
  1.185E+02 3.79281E-20 -1.262E-04  1.263E-10  1.483E-10  4.489E-14  3.377E-14  1.00E-07
  1.190E+02 3.75422E-20 -1.260E-04  1.254E-10  1.477E-10  4.444E-14  3.348E-14  1.00E-07
  1.195E+02 3.71639E-20 -1.258E-04  1.246E-10  1.471E-10  4.400E-14  3.319E-14  1.00E-07
  1.200E+02 3.67930E-20 -1.256E-04  1.238E-10  1.465E-10  4.356E-14  3.290E-14  1.00E-07
  1.205E+02 3.64296E-20 -1.253E-04  1.230E-10  1.460E-10  4.312E-14  3.261E-14  1.00E-07
  1.210E+02 3.60732E-20 -1.251E-04  1.222E-10  1.454E-10  4.268E-14  3.232E-14  1.00E-07
  1.215E+02 3.57239E-20 -1.248E-04  1.214E-10  1.448E-10  4.225E-14  3.204E-14  1.00E-07
  1.220E+02 3.53815E-20 -1.245E-04  1.207E-10  1.443E-10  4.181E-14  3.175E-14  1.00E-07
  1.225E+02 3.50457E-20 -1.242E-04  1.199E-10  1.438E-10  4.138E-14  3.146E-14  1.00E-07
  1.230E+02 3.47166E-20 -1.239E-04  1.192E-10  1.432E-10  4.095E-14  3.118E-14  1.00E-07
  1.235E+02 3.43938E-20 -1.235E-04  1.185E-10  1.427E-10  4.053E-14  3.089E-14  1.00E-07
  1.240E+02 3.40773E-20 -1.232E-04  1.177E-10  1.422E-10  4.010E-14  3.061E-14  1.00E-07
  1.245E+02 3.37670E-20 -1.228E-04  1.170E-10  1.417E-10  3.968E-14  3.032E-14  1.00E-07
  1.250E+02 3.34627E-20 -1.224E-04  1.163E-10  1.412E-10  3.926E-14  3.004E-14  1.00E-07
  1.255E+02 3.31644E-20 -1.220E-04  1.157E-10  1.407E-10  3.884E-14  2.975E-14  1.00E-07
  1.260E+02 3.28717E-20 -1.215E-04  1.150E-10  1.402E-10  3.842E-14  2.947E-14  1.00E-07
  1.265E+02 3.25848E-20 -1.211E-04  1.143E-10  1.397E-10  3.801E-14  2.918E-14  1.00E-07
  1.270E+02 3.23034E-20 -1.206E-04  1.137E-10  1.392E-10  3.760E-14  2.890E-14  1.00E-07
  1.275E+02 3.20274E-20 -1.202E-04  1.130E-10  1.387E-10  3.718E-14  2.862E-14  1.00E-07
  1.280E+02 3.17567E-20 -1.197E-04  1.124E-10  1.383E-10  3.678E-14  2.833E-14  1.00E-07
  1.285E+02 3.14913E-20 -1.192E-04  1.118E-10  1.378E-10  3.637E-14  2.805E-14  1.00E-07
  1.290E+02 3.12309E-20 -1.186E-04  1.112E-10  1.374E-10  3.596E-14  2.777E-14  1.00E-07
  1.295E+02 3.09756E-20 -1.181E-04  1.106E-10  1.369E-10  3.556E-14  2.748E-14  1.00E-07
  1.300E+02 3.07252E-20 -1.175E-04  1.100E-10  1.365E-10  3.515E-14  2.720E-14  1.00E-07
  1.305E+02 3.04795E-20 -1.169E-04  1.094E-10  1.360E-10  3.475E-14  2.692E-14  1.00E-07
  1.310E+02 3.02386E-20 -1.164E-04  1.089E-10  1.356E-10  3.435E-14  2.664E-14  1.00E-07
  1.315E+02 3.00023E-20 -1.157E-04  1.083E-10  1.352E-10  3.396E-14  2.636E-14  1.00E-07
  1.320E+02 2.97706E-20 -1.151E-04  1.077E-10  1.348E-10  3.356E-14  2.608E-14  1.00E-07
  1.325E+02 2.95433E-20 -1.145E-04  1.072E-10  1.344E-10  3.317E-14  2.580E-14  1.03E-07
  1.330E+02 2.93204E-20 -1.138E-04  1.067E-10  1.340E-10  3.277E-14  2.551E-14  1.00E-07
  1.335E+02 2.91017E-20 -1.132E-04  1.061E-10  1.336E-10  3.238E-14  2.523E-14  1.00E-07
  1.340E+02 2.88873E-20 -1.125E-04  1.056E-10  1.332E-10  3.199E-14  2.495E-14  1.00E-07
  1.345E+02 2.86770E-20 -1.118E-04  1.051E-10  1.328E-10  3.160E-14  2.467E-14  1.00E-07
  1.350E+02 2.84707E-20 -1.111E-04  1.046E-10  1.324E-10  3.122E-14  2.440E-14  1.00E-07
  1.355E+02 2.82684E-20 -1.103E-04  1.041E-10  1.320E-10  3.083E-14  2.412E-14  1.00E-07
  1.360E+02 2.80700E-20 -1.096E-04  1.036E-10  1.316E-10  3.045E-14  2.384E-14  1.02E-07
  1.365E+02 2.78755E-20 -1.088E-04  1.032E-10  1.313E-10  3.006E-14  2.356E-14  1.10E-07
  1.370E+02 2.76847E-20 -1.080E-04  1.027E-10  1.309E-10  2.968E-14  2.328E-14  1.00E-07
  1.375E+02 2.74976E-20 -1.072E-04  1.022E-10  1.306E-10  2.930E-14  2.300E-14  1.00E-07
  1.380E+02 2.73141E-20 -1.064E-04  1.018E-10  1.302E-10  2.892E-14  2.272E-14  1.00E-07
  1.385E+02 2.71342E-20 -1.056E-04  1.013E-10  1.299E-10  2.855E-14  2.245E-14  1.00E-07
  1.390E+02 2.69578E-20 -1.048E-04  1.009E-10  1.295E-10  2.817E-14  2.217E-14  1.00E-07
  1.395E+02 2.67849E-20 -1.039E-04  1.005E-10  1.292E-10  2.780E-14  2.189E-14  1.00E-07
  1.400E+02 2.66153E-20 -1.030E-04  1.000E-10  1.289E-10  2.742E-14  2.162E-14  1.12E-07
  1.405E+02 2.64491E-20 -1.022E-04  9.963E-11  1.285E-10  2.705E-14  2.134E-14  1.16E-07
  1.410E+02 2.62862E-20 -1.013E-04  9.922E-11  1.282E-10  2.668E-14  2.106E-14  1.01E-07
  1.415E+02 2.61264E-20 -1.004E-04  9.882E-11  1.279E-10  2.631E-14  2.079E-14  1.00E-07
  1.420E+02 2.59699E-20 -9.944E-05  9.842E-11  1.276E-10  2.594E-14  2.051E-14  1.00E-07
  1.425E+02 2.58164E-20 -9.850E-05  9.804E-11  1.273E-10  2.557E-14  2.023E-14  1.00E-07
  1.430E+02 2.56660E-20 -9.755E-05  9.766E-11  1.270E-10  2.520E-14  1.996E-14  1.00E-07
  1.435E+02 2.55187E-20 -9.658E-05  9.728E-11  1.267E-10  2.484E-14  1.968E-14  1.05E-07
  1.440E+02 2.53743E-20 -9.560E-05  9.692E-11  1.264E-10  2.447E-14  1.941E-14  1.23E-07
  1.445E+02 2.52328E-20 -9.461E-05  9.656E-11  1.261E-10  2.411E-14  1.913E-14  1.22E-07
  1.450E+02 2.50942E-20 -9.360E-05  9.620E-11  1.259E-10  2.375E-14  1.886E-14  1.00E-07
  1.455E+02 2.49584E-20 -9.258E-05  9.586E-11  1.256E-10  2.339E-14  1.859E-14  1.00E-07
  1.460E+02 2.48254E-20 -9.155E-05  9.552E-11  1.253E-10  2.303E-14  1.831E-14  1.00E-07
  1.465E+02 2.46952E-20 -9.051E-05  9.518E-11  1.250E-10  2.267E-14  1.804E-14  1.00E-07
  1.470E+02 2.45677E-20 -8.945E-05  9.485E-11  1.248E-10  2.231E-14  1.776E-14  1.00E-07
  1.475E+02 2.44428E-20 -8.838E-05  9.453E-11  1.245E-10  2.195E-14  1.749E-14  1.19E-07
  1.480E+02 2.43206E-20 -8.730E-05  9.422E-11  1.243E-10  2.159E-14  1.722E-14  1.34E-07
  1.485E+02 2.42009E-20 -8.620E-05  9.391E-11  1.240E-10  2.124E-14  1.694E-14  1.27E-07
  1.490E+02 2.40838E-20 -8.509E-05  9.360E-11  1.238E-10  2.088E-14  1.667E-14  1.00E-07
  1.495E+02 2.39693E-20 -8.397E-05  9.330E-11  1.235E-10  2.053E-14  1.640E-14  1.00E-07
  1.500E+02 2.38572E-20 -8.284E-05  9.301E-11  1.233E-10  2.018E-14  1.613E-14  1.00E-07
  1.505E+02 2.37475E-20 -8.170E-05  9.273E-11  1.231E-10  1.982E-14  1.585E-14  1.00E-07
  1.510E+02 2.36403E-20 -8.055E-05  9.245E-11  1.229E-10  1.947E-14  1.558E-14  1.03E-07
  1.515E+02 2.35354E-20 -7.938E-05  9.217E-11  1.226E-10  1.912E-14  1.531E-14  1.35E-07
  1.520E+02 2.34329E-20 -7.820E-05  9.190E-11  1.224E-10  1.877E-14  1.504E-14  1.45E-07
  1.525E+02 2.33327E-20 -7.702E-05  9.164E-11  1.222E-10  1.842E-14  1.477E-14  1.31E-07
  1.530E+02 2.32348E-20 -7.582E-05  9.138E-11  1.220E-10  1.808E-14  1.449E-14  1.00E-07
  1.535E+02 2.31392E-20 -7.461E-05  9.113E-11  1.218E-10  1.773E-14  1.422E-14  1.00E-07
  1.540E+02 2.30458E-20 -7.339E-05  9.089E-11  1.216E-10  1.738E-14  1.395E-14  1.00E-07
  1.545E+02 2.29546E-20 -7.216E-05  9.064E-11  1.214E-10  1.704E-14  1.368E-14  1.00E-07
  1.550E+02 2.28656E-20 -7.091E-05  9.041E-11  1.212E-10  1.669E-14  1.341E-14  1.23E-07
  1.555E+02 2.27787E-20 -6.966E-05  9.018E-11  1.210E-10  1.635E-14  1.314E-14  1.52E-07
  1.560E+02 2.26939E-20 -6.840E-05  8.995E-11  1.208E-10  1.600E-14  1.287E-14  1.56E-07
  1.565E+02 2.26113E-20 -6.713E-05  8.973E-11  1.207E-10  1.566E-14  1.260E-14  1.35E-07
  1.570E+02 2.25307E-20 -6.585E-05  8.952E-11  1.205E-10  1.532E-14  1.233E-14  1.00E-07
  1.575E+02 2.24522E-20 -6.456E-05  8.931E-11  1.203E-10  1.497E-14  1.206E-14  1.00E-07
  1.580E+02 2.23757E-20 -6.326E-05  8.911E-11  1.201E-10  1.463E-14  1.179E-14  1.00E-07
  1.585E+02 2.23013E-20 -6.196E-05  8.891E-11  1.200E-10  1.429E-14  1.152E-14  1.00E-07
  1.590E+02 2.22288E-20 -6.064E-05  8.871E-11  1.198E-10  1.395E-14  1.125E-14  1.46E-07
  1.595E+02 2.21583E-20 -5.931E-05  8.852E-11  1.197E-10  1.361E-14  1.098E-14  1.71E-07
  1.600E+02 2.20897E-20 -5.798E-05  8.834E-11  1.195E-10  1.327E-14  1.071E-14  1.69E-07
  1.605E+02 2.20231E-20 -5.664E-05  8.816E-11  1.194E-10  1.293E-14  1.044E-14  1.38E-07
  1.610E+02 2.19584E-20 -5.529E-05  8.799E-11  1.192E-10  1.260E-14  1.017E-14  1.00E-07
  1.615E+02 2.18956E-20 -5.393E-05  8.782E-11  1.191E-10  1.226E-14  9.901E-15  1.00E-07
  1.620E+02 2.18346E-20 -5.257E-05  8.765E-11  1.190E-10  1.192E-14  9.632E-15  1.00E-07
  1.625E+02 2.17755E-20 -5.119E-05  8.750E-11  1.188E-10  1.158E-14  9.363E-15  1.25E-07
  1.630E+02 2.17183E-20 -4.981E-05  8.734E-11  1.187E-10  1.125E-14  9.094E-15  1.73E-07
  1.635E+02 2.16629E-20 -4.843E-05  8.719E-11  1.186E-10  1.091E-14  8.826E-15  1.94E-07
  1.640E+02 2.16093E-20 -4.703E-05  8.705E-11  1.185E-10  1.058E-14  8.557E-15  1.83E-07
  1.645E+02 2.15575E-20 -4.563E-05  8.691E-11  1.183E-10  1.024E-14  8.289E-15  1.42E-07
  1.650E+02 2.15074E-20 -4.422E-05  8.677E-11  1.182E-10  9.909E-15  8.020E-15  1.00E-07
  1.655E+02 2.14592E-20 -4.281E-05  8.664E-11  1.181E-10  9.575E-15  7.752E-15  1.00E-07
  1.660E+02 2.14127E-20 -4.139E-05  8.651E-11  1.180E-10  9.241E-15  7.484E-15  1.00E-07
  1.665E+02 2.13679E-20 -3.997E-05  8.639E-11  1.179E-10  8.908E-15  7.216E-15  1.60E-07
  1.670E+02 2.13249E-20 -3.853E-05  8.627E-11  1.178E-10  8.575E-15  6.948E-15  2.08E-07
  1.675E+02 2.12836E-20 -3.710E-05  8.616E-11  1.177E-10  8.242E-15  6.680E-15  2.23E-07
  1.680E+02 2.12440E-20 -3.565E-05  8.605E-11  1.176E-10  7.910E-15  6.412E-15  2.02E-07
  1.685E+02 2.12061E-20 -3.421E-05  8.595E-11  1.176E-10  7.578E-15  6.145E-15  1.47E-07
  1.690E+02 2.11698E-20 -3.276E-05  8.585E-11  1.175E-10  7.247E-15  5.877E-15  1.00E-07
  1.695E+02 2.11353E-20 -3.130E-05  8.576E-11  1.174E-10  6.915E-15  5.609E-15  1.00E-07
  1.700E+02 2.11024E-20 -2.984E-05  8.567E-11  1.173E-10  6.584E-15  5.342E-15  1.29E-07
  1.705E+02 2.10712E-20 -2.837E-05  8.558E-11  1.172E-10  6.253E-15  5.074E-15  2.09E-07
  1.710E+02 2.10416E-20 -2.690E-05  8.550E-11  1.172E-10  5.923E-15  4.807E-15  2.58E-07
  1.715E+02 2.10137E-20 -2.543E-05  8.542E-11  1.171E-10  5.592E-15  4.539E-15  2.68E-07
  1.720E+02 2.09874E-20 -2.395E-05  8.535E-11  1.171E-10  5.262E-15  4.272E-15  2.33E-07
  1.725E+02 2.09627E-20 -2.247E-05  8.529E-11  1.170E-10  4.932E-15  4.005E-15  1.56E-07
  1.730E+02 2.09397E-20 -2.099E-05  8.522E-11  1.169E-10  4.603E-15  3.738E-15  1.00E-07
  1.735E+02 2.09183E-20 -1.950E-05  8.516E-11  1.169E-10  4.273E-15  3.471E-15  1.00E-07
  1.740E+02 2.08985E-20 -1.801E-05  8.511E-11  1.169E-10  3.944E-15  3.203E-15  1.97E-07
  1.745E+02 2.08803E-20 -1.652E-05  8.506E-11  1.168E-10  3.615E-15  2.936E-15  2.96E-07
  1.750E+02 2.08636E-20 -1.503E-05  8.501E-11  1.168E-10  3.286E-15  2.669E-15  3.54E-07
  1.755E+02 2.08486E-20 -1.353E-05  8.497E-11  1.167E-10  2.957E-15  2.402E-15  3.57E-07
  1.760E+02 2.08352E-20 -1.203E-05  8.494E-11  1.167E-10  2.628E-15  2.135E-15  2.99E-07
  1.765E+02 2.08234E-20 -1.053E-05  8.490E-11  1.167E-10  2.299E-15  1.868E-15  1.81E-07
  1.770E+02 2.08131E-20 -9.029E-06  8.487E-11  1.167E-10  1.971E-15  1.601E-15  1.00E-07
  1.775E+02 2.08044E-20 -7.526E-06  8.485E-11  1.166E-10  1.642E-15  1.334E-15  1.87E-07
  1.780E+02 2.07974E-20 -6.022E-06  8.483E-11  1.166E-10  1.314E-15  1.068E-15  3.98E-07
  1.785E+02 2.07918E-20 -4.518E-06  8.482E-11  1.166E-10  9.851E-16  8.006E-16  5.97E-07
  1.790E+02 2.07879E-20 -3.012E-06  8.481E-11  1.166E-10  6.567E-16  5.338E-16  7.59E-07
  1.795E+02 2.07856E-20 -1.506E-06  8.480E-11  1.166E-10  3.283E-16  2.669E-16  8.65E-07
  1.800E+02 2.07848E-20 -2.114E-20  8.480E-11  1.166E-10  4.608E-30  3.745E-30  9.01E-07

  TOTAL ELASTIC CROSS SECTION = 1.145032E-17 cm**2
               FROM DCS TABLE = 1.144998E-17  (REL. DIF. = 2.97E-05)

  1ST TRANSPORT CROSS SECTION = 1.626358E-18 cm**2
               FROM DCS TABLE = 1.626335E-18  (REL. DIF. = 1.45E-05)

  2ND TRANSPORT CROSS SECTION = 3.439645E-18 cm**2

  **** DPWA0 ENDED ************************************************************

