

  **** PARTIAL WAVE ANALYSIS (DPWA0) ******************************************


  KINETIC ENERGY = 2.18000E+02 eV

      L       PHASE(SPIN UP)     PHASE(SPIN DOWN)
  -----------------------------------------------
       0     -1.24219805E-01      0.00000000E+00
       1     -1.52820189E+00     -1.52616492E+00
       2      7.89292750E-01      7.89720325E-01
       3      3.88206550E-01      3.88358282E-01
       4      1.95329762E-01      1.95395465E-01
       5      1.00823240E-01      1.00854440E-01
       6      5.31708038E-02      5.31864180E-02
       7      2.85184868E-02      2.85265660E-02
       8      1.55009272E-02      1.55052043E-02
       9      8.51545708E-03      8.51775929E-03
      10      4.71859208E-03      4.71984716E-03
      11      2.63334983E-03      2.63404099E-03
      12      1.47833997E-03      1.47872371E-03
      13      8.34043394E-04      8.34257891E-04
      14      4.72504621E-04      4.72625194E-04
      15      2.68621002E-04      2.68689099E-04
      16      1.53162014E-04      1.53200626E-04
      17      8.75465198E-05      8.75684866E-05
      18      5.01458721E-05      5.01584046E-05
      19      2.87739012E-05      2.87810682E-05
      20      1.65352587E-05      1.65393656E-05
      21      9.51420243E-06      9.51655976E-06
      22      5.48023737E-06      5.48159242E-06
      23      3.15952480E-06      3.16030466E-06
      24      1.82297457E-06      1.82342387E-06
      25      1.05251027E-06      1.05276934E-06
      26      6.08019063E-07      6.08168555E-07
      27      3.51413073E-07      3.51499395E-07
      28      2.03188387E-07      2.03238256E-07
      29      1.17526248E-07      1.17555078E-07
      30      6.79992568E-08      6.80159295E-08
      31      3.93540160E-08      3.93636586E-08
      32      2.27810846E-08      2.27866649E-08
      33      1.31900447E-08      1.31932720E-08
      34      7.63820174E-09      7.64007321E-09
      35      4.42386245E-09      4.42494129E-09
      36      2.56254814E-09      2.56317666E-09
      37      1.48452124E-09      1.48488188E-09
      38      8.60049078E-10      8.60256955E-10
      39      4.98303401E-10      4.98423384E-10


  *** SCATTERING AMPLITUDES AND DIFFERENTIAL CROSS SECTION ***

    ANGLE      DCS       ASYMMETRY    DIRECT AMPLITUDE       SPIN-FLIP AMPLITUDE     ERROR
    (deg)   (cm**2/sr)                      (cm)                    (cm)
  -------------------------------------------------------------------------------------------
  0.000E+00 2.38115E-16  0.000E+00  1.231E-08  9.305E-09  0.000E+00  0.000E+00  1.00E-07
  1.000E-04 2.38115E-16  3.877E-10  1.231E-08  9.305E-09  1.579E-18  4.943E-18  1.00E-07
  1.250E-04 2.38115E-16  4.846E-10  1.231E-08  9.305E-09  1.974E-18  6.179E-18  1.00E-07
  1.500E-04 2.38115E-16  5.815E-10  1.231E-08  9.305E-09  2.368E-18  7.414E-18  1.00E-07
  1.750E-04 2.38115E-16  6.784E-10  1.231E-08  9.305E-09  2.763E-18  8.650E-18  1.00E-07
  2.000E-04 2.38115E-16  7.754E-10  1.231E-08  9.305E-09  3.158E-18  9.886E-18  1.00E-07
  2.250E-04 2.38115E-16  8.723E-10  1.231E-08  9.305E-09  3.553E-18  1.112E-17  1.00E-07
  2.500E-04 2.38115E-16  9.692E-10  1.231E-08  9.305E-09  3.947E-18  1.236E-17  1.00E-07
  2.750E-04 2.38115E-16  1.066E-09  1.231E-08  9.305E-09  4.342E-18  1.359E-17  1.00E-07
  3.000E-04 2.38115E-16  1.163E-09  1.231E-08  9.305E-09  4.737E-18  1.483E-17  1.00E-07
  3.250E-04 2.38115E-16  1.260E-09  1.231E-08  9.305E-09  5.132E-18  1.606E-17  1.00E-07
  3.500E-04 2.38115E-16  1.357E-09  1.231E-08  9.305E-09  5.526E-18  1.730E-17  1.00E-07
  3.750E-04 2.38115E-16  1.454E-09  1.231E-08  9.305E-09  5.921E-18  1.854E-17  1.00E-07
  4.000E-04 2.38115E-16  1.551E-09  1.231E-08  9.305E-09  6.316E-18  1.977E-17  1.00E-07
  4.250E-04 2.38115E-16  1.648E-09  1.231E-08  9.305E-09  6.711E-18  2.101E-17  1.00E-07
  4.500E-04 2.38115E-16  1.745E-09  1.231E-08  9.305E-09  7.105E-18  2.224E-17  1.00E-07
  4.750E-04 2.38115E-16  1.841E-09  1.231E-08  9.305E-09  7.500E-18  2.348E-17  1.00E-07
  5.000E-04 2.38115E-16  1.938E-09  1.231E-08  9.305E-09  7.895E-18  2.471E-17  1.00E-07
  5.250E-04 2.38115E-16  2.035E-09  1.231E-08  9.305E-09  8.290E-18  2.595E-17  1.00E-07
  5.500E-04 2.38115E-16  2.132E-09  1.231E-08  9.305E-09  8.684E-18  2.719E-17  1.00E-07
  5.750E-04 2.38115E-16  2.229E-09  1.231E-08  9.305E-09  9.079E-18  2.842E-17  1.00E-07
  6.000E-04 2.38115E-16  2.326E-09  1.231E-08  9.305E-09  9.474E-18  2.966E-17  1.00E-07
  6.250E-04 2.38115E-16  2.423E-09  1.231E-08  9.305E-09  9.869E-18  3.089E-17  1.00E-07
  6.500E-04 2.38115E-16  2.520E-09  1.231E-08  9.305E-09  1.026E-17  3.213E-17  1.00E-07
  6.750E-04 2.38115E-16  2.617E-09  1.231E-08  9.305E-09  1.066E-17  3.337E-17  1.00E-07
  7.000E-04 2.38115E-16  2.714E-09  1.231E-08  9.305E-09  1.105E-17  3.460E-17  1.00E-07
  7.250E-04 2.38115E-16  2.811E-09  1.231E-08  9.305E-09  1.145E-17  3.584E-17  1.00E-07
  7.500E-04 2.38115E-16  2.908E-09  1.231E-08  9.305E-09  1.184E-17  3.707E-17  1.00E-07
  7.750E-04 2.38115E-16  3.005E-09  1.231E-08  9.305E-09  1.224E-17  3.831E-17  1.00E-07
  8.000E-04 2.38115E-16  3.101E-09  1.231E-08  9.305E-09  1.263E-17  3.954E-17  1.00E-07
  8.250E-04 2.38115E-16  3.198E-09  1.231E-08  9.305E-09  1.303E-17  4.078E-17  1.00E-07
  8.500E-04 2.38115E-16  3.295E-09  1.231E-08  9.305E-09  1.342E-17  4.202E-17  1.00E-07
  8.750E-04 2.38115E-16  3.392E-09  1.231E-08  9.305E-09  1.382E-17  4.325E-17  1.00E-07
  9.000E-04 2.38115E-16  3.489E-09  1.231E-08  9.305E-09  1.421E-17  4.449E-17  1.00E-07
  9.250E-04 2.38115E-16  3.586E-09  1.231E-08  9.305E-09  1.461E-17  4.572E-17  1.00E-07
  9.500E-04 2.38115E-16  3.683E-09  1.231E-08  9.305E-09  1.500E-17  4.696E-17  1.00E-07
  9.750E-04 2.38115E-16  3.780E-09  1.231E-08  9.305E-09  1.539E-17  4.819E-17  1.00E-07
  1.000E-03 2.38115E-16  3.877E-09  1.231E-08  9.305E-09  1.579E-17  4.943E-17  1.00E-07
  1.250E-03 2.38115E-16  4.846E-09  1.231E-08  9.305E-09  1.974E-17  6.179E-17  1.00E-07
  1.500E-03 2.38115E-16  5.815E-09  1.231E-08  9.305E-09  2.368E-17  7.414E-17  1.00E-07
  1.750E-03 2.38115E-16  6.784E-09  1.231E-08  9.305E-09  2.763E-17  8.650E-17  1.00E-07
  2.000E-03 2.38115E-16  7.754E-09  1.231E-08  9.305E-09  3.158E-17  9.886E-17  1.00E-07
  2.250E-03 2.38115E-16  8.723E-09  1.231E-08  9.305E-09  3.553E-17  1.112E-16  1.00E-07
  2.500E-03 2.38115E-16  9.692E-09  1.231E-08  9.305E-09  3.947E-17  1.236E-16  1.00E-07
  2.750E-03 2.38115E-16  1.066E-08  1.231E-08  9.305E-09  4.342E-17  1.359E-16  1.00E-07
  3.000E-03 2.38115E-16  1.163E-08  1.231E-08  9.305E-09  4.737E-17  1.483E-16  1.00E-07
  3.250E-03 2.38115E-16  1.260E-08  1.231E-08  9.305E-09  5.132E-17  1.606E-16  1.00E-07
  3.500E-03 2.38115E-16  1.357E-08  1.231E-08  9.305E-09  5.526E-17  1.730E-16  1.00E-07
  3.750E-03 2.38115E-16  1.454E-08  1.231E-08  9.305E-09  5.921E-17  1.854E-16  1.00E-07
  4.000E-03 2.38115E-16  1.551E-08  1.231E-08  9.305E-09  6.316E-17  1.977E-16  1.00E-07
  4.250E-03 2.38115E-16  1.648E-08  1.231E-08  9.305E-09  6.711E-17  2.101E-16  1.00E-07
  4.500E-03 2.38115E-16  1.745E-08  1.231E-08  9.305E-09  7.105E-17  2.224E-16  1.00E-07
  4.750E-03 2.38115E-16  1.841E-08  1.231E-08  9.305E-09  7.500E-17  2.348E-16  1.00E-07
  5.000E-03 2.38115E-16  1.938E-08  1.231E-08  9.305E-09  7.895E-17  2.471E-16  1.00E-07
  5.250E-03 2.38115E-16  2.035E-08  1.231E-08  9.305E-09  8.290E-17  2.595E-16  1.00E-07
  5.500E-03 2.38115E-16  2.132E-08  1.231E-08  9.305E-09  8.684E-17  2.719E-16  1.00E-07
  5.750E-03 2.38115E-16  2.229E-08  1.231E-08  9.305E-09  9.079E-17  2.842E-16  1.00E-07
  6.000E-03 2.38115E-16  2.326E-08  1.231E-08  9.305E-09  9.474E-17  2.966E-16  1.00E-07
  6.250E-03 2.38115E-16  2.423E-08  1.231E-08  9.305E-09  9.869E-17  3.089E-16  1.00E-07
  6.500E-03 2.38115E-16  2.520E-08  1.231E-08  9.305E-09  1.026E-16  3.213E-16  1.00E-07
  6.750E-03 2.38115E-16  2.617E-08  1.231E-08  9.305E-09  1.066E-16  3.337E-16  1.00E-07
  7.000E-03 2.38115E-16  2.714E-08  1.231E-08  9.305E-09  1.105E-16  3.460E-16  1.00E-07
  7.250E-03 2.38115E-16  2.811E-08  1.231E-08  9.305E-09  1.145E-16  3.584E-16  1.00E-07
  7.500E-03 2.38115E-16  2.908E-08  1.231E-08  9.305E-09  1.184E-16  3.707E-16  1.00E-07
  7.750E-03 2.38115E-16  3.005E-08  1.231E-08  9.305E-09  1.224E-16  3.831E-16  1.00E-07
  8.000E-03 2.38115E-16  3.101E-08  1.231E-08  9.305E-09  1.263E-16  3.954E-16  1.00E-07
  8.250E-03 2.38115E-16  3.198E-08  1.231E-08  9.305E-09  1.303E-16  4.078E-16  1.00E-07
  8.500E-03 2.38115E-16  3.295E-08  1.231E-08  9.305E-09  1.342E-16  4.202E-16  1.00E-07
  8.750E-03 2.38115E-16  3.392E-08  1.231E-08  9.305E-09  1.382E-16  4.325E-16  1.00E-07
  9.000E-03 2.38115E-16  3.489E-08  1.231E-08  9.305E-09  1.421E-16  4.449E-16  1.00E-07
  9.250E-03 2.38115E-16  3.586E-08  1.231E-08  9.305E-09  1.461E-16  4.572E-16  1.00E-07
  9.500E-03 2.38115E-16  3.683E-08  1.231E-08  9.305E-09  1.500E-16  4.696E-16  1.00E-07
  9.750E-03 2.38115E-16  3.780E-08  1.231E-08  9.305E-09  1.539E-16  4.819E-16  1.00E-07
  1.000E-02 2.38115E-16  3.877E-08  1.231E-08  9.305E-09  1.579E-16  4.943E-16  1.00E-07
  1.250E-02 2.38115E-16  4.846E-08  1.231E-08  9.305E-09  1.974E-16  6.179E-16  1.00E-07
  1.500E-02 2.38115E-16  5.815E-08  1.231E-08  9.305E-09  2.368E-16  7.414E-16  1.00E-07
  1.750E-02 2.38115E-16  6.784E-08  1.231E-08  9.305E-09  2.763E-16  8.650E-16  1.00E-07
  2.000E-02 2.38115E-16  7.754E-08  1.231E-08  9.305E-09  3.158E-16  9.886E-16  1.00E-07
  2.250E-02 2.38115E-16  8.723E-08  1.231E-08  9.305E-09  3.553E-16  1.112E-15  1.00E-07
  2.500E-02 2.38115E-16  9.692E-08  1.231E-08  9.305E-09  3.947E-16  1.236E-15  1.00E-07
  2.750E-02 2.38114E-16  1.066E-07  1.231E-08  9.305E-09  4.342E-16  1.359E-15  1.00E-07
  3.000E-02 2.38114E-16  1.163E-07  1.231E-08  9.305E-09  4.737E-16  1.483E-15  1.00E-07
  3.250E-02 2.38114E-16  1.260E-07  1.231E-08  9.305E-09  5.132E-16  1.606E-15  1.00E-07
  3.500E-02 2.38114E-16  1.357E-07  1.231E-08  9.305E-09  5.526E-16  1.730E-15  1.00E-07
  3.750E-02 2.38114E-16  1.454E-07  1.231E-08  9.305E-09  5.921E-16  1.854E-15  1.00E-07
  4.000E-02 2.38114E-16  1.551E-07  1.231E-08  9.305E-09  6.316E-16  1.977E-15  1.00E-07
  4.250E-02 2.38114E-16  1.648E-07  1.231E-08  9.305E-09  6.711E-16  2.101E-15  1.00E-07
  4.500E-02 2.38114E-16  1.745E-07  1.231E-08  9.305E-09  7.105E-16  2.224E-15  1.00E-07
  4.750E-02 2.38113E-16  1.841E-07  1.231E-08  9.305E-09  7.500E-16  2.348E-15  1.00E-07
  5.000E-02 2.38113E-16  1.938E-07  1.231E-08  9.305E-09  7.895E-16  2.471E-15  1.00E-07
  5.250E-02 2.38113E-16  2.035E-07  1.231E-08  9.305E-09  8.289E-16  2.595E-15  1.00E-07
  5.500E-02 2.38113E-16  2.132E-07  1.231E-08  9.305E-09  8.684E-16  2.719E-15  1.00E-07
  5.750E-02 2.38113E-16  2.229E-07  1.231E-08  9.305E-09  9.079E-16  2.842E-15  1.00E-07
  6.000E-02 2.38113E-16  2.326E-07  1.231E-08  9.305E-09  9.474E-16  2.966E-15  1.00E-07
  6.250E-02 2.38112E-16  2.423E-07  1.231E-08  9.305E-09  9.868E-16  3.089E-15  1.00E-07
  6.500E-02 2.38112E-16  2.520E-07  1.231E-08  9.305E-09  1.026E-15  3.213E-15  1.00E-07
  6.750E-02 2.38112E-16  2.617E-07  1.231E-08  9.305E-09  1.066E-15  3.336E-15  1.00E-07
  7.000E-02 2.38112E-16  2.714E-07  1.231E-08  9.305E-09  1.105E-15  3.460E-15  1.00E-07
  7.250E-02 2.38111E-16  2.811E-07  1.231E-08  9.305E-09  1.145E-15  3.584E-15  1.00E-07
  7.500E-02 2.38111E-16  2.908E-07  1.231E-08  9.305E-09  1.184E-15  3.707E-15  1.00E-07
  7.750E-02 2.38111E-16  3.005E-07  1.231E-08  9.305E-09  1.224E-15  3.831E-15  1.00E-07
  8.000E-02 2.38111E-16  3.101E-07  1.231E-08  9.305E-09  1.263E-15  3.954E-15  1.00E-07
  8.250E-02 2.38110E-16  3.198E-07  1.231E-08  9.305E-09  1.303E-15  4.078E-15  1.00E-07
  8.500E-02 2.38110E-16  3.295E-07  1.231E-08  9.305E-09  1.342E-15  4.202E-15  1.00E-07
  8.750E-02 2.38110E-16  3.392E-07  1.231E-08  9.305E-09  1.382E-15  4.325E-15  1.00E-07
  9.000E-02 2.38110E-16  3.489E-07  1.231E-08  9.305E-09  1.421E-15  4.449E-15  1.00E-07
  9.250E-02 2.38109E-16  3.586E-07  1.231E-08  9.305E-09  1.460E-15  4.572E-15  1.00E-07
  9.500E-02 2.38109E-16  3.683E-07  1.231E-08  9.305E-09  1.500E-15  4.696E-15  1.00E-07
  9.750E-02 2.38109E-16  3.780E-07  1.231E-08  9.305E-09  1.539E-15  4.819E-15  1.00E-07
  1.000E-01 2.38108E-16  3.877E-07  1.231E-08  9.305E-09  1.579E-15  4.943E-15  1.00E-07
  1.250E-01 2.38105E-16  4.846E-07  1.231E-08  9.305E-09  1.974E-15  6.179E-15  1.00E-07
  1.500E-01 2.38100E-16  5.815E-07  1.231E-08  9.305E-09  2.368E-15  7.414E-15  1.00E-07
  1.750E-01 2.38094E-16  6.785E-07  1.231E-08  9.305E-09  2.763E-15  8.650E-15  1.00E-07
  2.000E-01 2.38088E-16  7.754E-07  1.231E-08  9.305E-09  3.157E-15  9.886E-15  1.00E-07
  2.250E-01 2.38081E-16  8.724E-07  1.231E-08  9.304E-09  3.552E-15  1.112E-14  1.00E-07
  2.500E-01 2.38073E-16  9.693E-07  1.231E-08  9.304E-09  3.946E-15  1.236E-14  1.00E-07
  2.750E-01 2.38064E-16  1.066E-06  1.231E-08  9.304E-09  4.340E-15  1.359E-14  1.00E-07
  3.000E-01 2.38055E-16  1.163E-06  1.231E-08  9.304E-09  4.734E-15  1.483E-14  1.00E-07
  3.250E-01 2.38044E-16  1.260E-06  1.231E-08  9.304E-09  5.128E-15  1.606E-14  1.00E-07
  3.500E-01 2.38033E-16  1.357E-06  1.231E-08  9.304E-09  5.522E-15  1.730E-14  1.00E-07
  3.750E-01 2.38021E-16  1.454E-06  1.231E-08  9.304E-09  5.916E-15  1.854E-14  1.00E-07
  4.000E-01 2.38008E-16  1.551E-06  1.231E-08  9.304E-09  6.310E-15  1.977E-14  1.00E-07
  4.250E-01 2.37994E-16  1.648E-06  1.231E-08  9.304E-09  6.703E-15  2.101E-14  1.00E-07
  4.500E-01 2.37979E-16  1.745E-06  1.231E-08  9.304E-09  7.097E-15  2.224E-14  1.00E-07
  4.750E-01 2.37964E-16  1.842E-06  1.230E-08  9.304E-09  7.490E-15  2.348E-14  1.00E-07
  5.000E-01 2.37947E-16  1.939E-06  1.230E-08  9.304E-09  7.883E-15  2.471E-14  1.00E-07
  5.250E-01 2.37930E-16  2.036E-06  1.230E-08  9.303E-09  8.276E-15  2.595E-14  1.00E-07
  5.500E-01 2.37912E-16  2.133E-06  1.230E-08  9.303E-09  8.669E-15  2.718E-14  1.00E-07
  5.750E-01 2.37893E-16  2.230E-06  1.230E-08  9.303E-09  9.061E-15  2.842E-14  1.00E-07
  6.000E-01 2.37874E-16  2.328E-06  1.230E-08  9.303E-09  9.453E-15  2.965E-14  1.00E-07
  6.250E-01 2.37853E-16  2.425E-06  1.230E-08  9.303E-09  9.846E-15  3.089E-14  1.00E-07
  6.500E-01 2.37832E-16  2.522E-06  1.230E-08  9.303E-09  1.024E-14  3.212E-14  1.00E-07
  6.750E-01 2.37810E-16  2.619E-06  1.230E-08  9.303E-09  1.063E-14  3.336E-14  1.00E-07
  7.000E-01 2.37787E-16  2.716E-06  1.230E-08  9.302E-09  1.102E-14  3.459E-14  1.00E-07
  7.250E-01 2.37763E-16  2.813E-06  1.230E-08  9.302E-09  1.141E-14  3.583E-14  1.00E-07
  7.500E-01 2.37738E-16  2.910E-06  1.230E-08  9.302E-09  1.180E-14  3.706E-14  1.00E-07
  7.750E-01 2.37713E-16  3.008E-06  1.230E-08  9.302E-09  1.219E-14  3.830E-14  1.00E-07
  8.000E-01 2.37686E-16  3.105E-06  1.229E-08  9.302E-09  1.258E-14  3.953E-14  1.00E-07
  8.250E-01 2.37659E-16  3.202E-06  1.229E-08  9.302E-09  1.297E-14  4.077E-14  1.00E-07
  8.500E-01 2.37631E-16  3.299E-06  1.229E-08  9.301E-09  1.336E-14  4.200E-14  1.00E-07
  8.750E-01 2.37602E-16  3.397E-06  1.229E-08  9.301E-09  1.375E-14  4.324E-14  1.00E-07
  9.000E-01 2.37573E-16  3.494E-06  1.229E-08  9.301E-09  1.414E-14  4.447E-14  1.00E-07
  9.250E-01 2.37542E-16  3.591E-06  1.229E-08  9.301E-09  1.453E-14  4.571E-14  1.00E-07
  9.500E-01 2.37511E-16  3.689E-06  1.229E-08  9.301E-09  1.492E-14  4.694E-14  1.00E-07
  9.750E-01 2.37479E-16  3.786E-06  1.229E-08  9.300E-09  1.531E-14  4.817E-14  1.00E-07
  1.000E+00 2.37446E-16  3.884E-06  1.229E-08  9.300E-09  1.570E-14  4.941E-14  1.00E-07
  1.100E+00 2.37305E-16  4.274E-06  1.228E-08  9.299E-09  1.724E-14  5.434E-14  1.00E-07
  1.200E+00 2.37152E-16  4.664E-06  1.228E-08  9.298E-09  1.879E-14  5.928E-14  1.00E-07
  1.300E+00 2.36985E-16  5.055E-06  1.227E-08  9.297E-09  2.032E-14  6.421E-14  1.00E-07
  1.400E+00 2.36805E-16  5.446E-06  1.226E-08  9.296E-09  2.185E-14  6.914E-14  1.00E-07
  1.500E+00 2.36612E-16  5.838E-06  1.226E-08  9.294E-09  2.337E-14  7.407E-14  1.00E-07
  1.600E+00 2.36406E-16  6.231E-06  1.225E-08  9.293E-09  2.488E-14  7.900E-14  1.00E-07
  1.700E+00 2.36187E-16  6.624E-06  1.224E-08  9.291E-09  2.638E-14  8.393E-14  1.00E-07
  1.800E+00 2.35955E-16  7.018E-06  1.223E-08  9.290E-09  2.787E-14  8.885E-14  1.00E-07
  1.900E+00 2.35710E-16  7.413E-06  1.222E-08  9.288E-09  2.936E-14  9.377E-14  1.00E-07
  2.000E+00 2.35452E-16  7.808E-06  1.222E-08  9.286E-09  3.083E-14  9.869E-14  1.00E-07
  2.100E+00 2.35182E-16  8.205E-06  1.221E-08  9.284E-09  3.229E-14  1.036E-13  1.00E-07
  2.200E+00 2.34898E-16  8.602E-06  1.220E-08  9.282E-09  3.374E-14  1.085E-13  1.00E-07
  2.300E+00 2.34602E-16  9.000E-06  1.219E-08  9.280E-09  3.518E-14  1.134E-13  1.00E-07
  2.400E+00 2.34293E-16  9.399E-06  1.217E-08  9.278E-09  3.660E-14  1.183E-13  1.00E-07
  2.500E+00 2.33972E-16  9.799E-06  1.216E-08  9.276E-09  3.801E-14  1.232E-13  1.00E-07
  2.600E+00 2.33638E-16  1.020E-05  1.215E-08  9.273E-09  3.941E-14  1.281E-13  1.00E-07
  2.700E+00 2.33292E-16  1.060E-05  1.214E-08  9.271E-09  4.079E-14  1.330E-13  1.00E-07
  2.800E+00 2.32933E-16  1.101E-05  1.213E-08  9.268E-09  4.216E-14  1.379E-13  1.00E-07
  2.900E+00 2.32562E-16  1.141E-05  1.211E-08  9.266E-09  4.351E-14  1.428E-13  1.00E-07
  3.000E+00 2.32179E-16  1.182E-05  1.210E-08  9.263E-09  4.485E-14  1.477E-13  1.00E-07
  3.100E+00 2.31784E-16  1.222E-05  1.208E-08  9.260E-09  4.617E-14  1.526E-13  1.00E-07
  3.200E+00 2.31377E-16  1.263E-05  1.207E-08  9.257E-09  4.748E-14  1.575E-13  1.00E-07
  3.300E+00 2.30958E-16  1.304E-05  1.205E-08  9.254E-09  4.876E-14  1.624E-13  1.00E-07
  3.400E+00 2.30527E-16  1.345E-05  1.204E-08  9.251E-09  5.003E-14  1.672E-13  1.00E-07
  3.500E+00 2.30084E-16  1.386E-05  1.202E-08  9.248E-09  5.128E-14  1.721E-13  1.00E-07
  3.600E+00 2.29630E-16  1.428E-05  1.201E-08  9.245E-09  5.251E-14  1.770E-13  1.00E-07
  3.700E+00 2.29164E-16  1.469E-05  1.199E-08  9.242E-09  5.372E-14  1.818E-13  1.00E-07
  3.800E+00 2.28686E-16  1.511E-05  1.197E-08  9.238E-09  5.491E-14  1.867E-13  1.00E-07
  3.900E+00 2.28197E-16  1.553E-05  1.195E-08  9.235E-09  5.609E-14  1.915E-13  1.00E-07
  4.000E+00 2.27697E-16  1.595E-05  1.194E-08  9.231E-09  5.724E-14  1.964E-13  1.00E-07
  4.100E+00 2.27186E-16  1.637E-05  1.192E-08  9.227E-09  5.837E-14  2.012E-13  1.00E-07
  4.200E+00 2.26664E-16  1.679E-05  1.190E-08  9.223E-09  5.947E-14  2.060E-13  1.00E-07
  4.300E+00 2.26131E-16  1.722E-05  1.188E-08  9.219E-09  6.056E-14  2.109E-13  1.00E-07
  4.400E+00 2.25587E-16  1.764E-05  1.186E-08  9.215E-09  6.162E-14  2.157E-13  1.00E-07
  4.500E+00 2.25032E-16  1.807E-05  1.184E-08  9.211E-09  6.266E-14  2.205E-13  1.00E-07
  4.600E+00 2.24467E-16  1.850E-05  1.182E-08  9.207E-09  6.368E-14  2.253E-13  1.00E-07
  4.700E+00 2.23891E-16  1.894E-05  1.180E-08  9.203E-09  6.467E-14  2.301E-13  1.00E-07
  4.800E+00 2.23305E-16  1.937E-05  1.178E-08  9.199E-09  6.563E-14  2.349E-13  1.00E-07
  4.900E+00 2.22708E-16  1.981E-05  1.175E-08  9.194E-09  6.658E-14  2.397E-13  1.00E-07
  5.000E+00 2.22102E-16  2.025E-05  1.173E-08  9.190E-09  6.749E-14  2.445E-13  1.00E-07
  5.100E+00 2.21485E-16  2.069E-05  1.171E-08  9.185E-09  6.838E-14  2.493E-13  1.00E-07
  5.200E+00 2.20859E-16  2.113E-05  1.169E-08  9.180E-09  6.925E-14  2.541E-13  1.00E-07
  5.300E+00 2.20222E-16  2.158E-05  1.166E-08  9.176E-09  7.009E-14  2.588E-13  1.00E-07
  5.400E+00 2.19577E-16  2.202E-05  1.164E-08  9.171E-09  7.090E-14  2.636E-13  1.00E-07
  5.500E+00 2.18921E-16  2.247E-05  1.162E-08  9.166E-09  7.168E-14  2.684E-13  1.00E-07
  5.600E+00 2.18257E-16  2.293E-05  1.159E-08  9.161E-09  7.244E-14  2.731E-13  1.00E-07
  5.700E+00 2.17583E-16  2.338E-05  1.157E-08  9.155E-09  7.316E-14  2.778E-13  1.00E-07
  5.800E+00 2.16900E-16  2.384E-05  1.154E-08  9.150E-09  7.386E-14  2.826E-13  1.00E-07
  5.900E+00 2.16208E-16  2.430E-05  1.151E-08  9.145E-09  7.453E-14  2.873E-13  1.00E-07
  6.000E+00 2.15507E-16  2.476E-05  1.149E-08  9.139E-09  7.517E-14  2.920E-13  1.00E-07
  6.100E+00 2.14797E-16  2.522E-05  1.146E-08  9.134E-09  7.578E-14  2.967E-13  1.00E-07
  6.200E+00 2.14079E-16  2.569E-05  1.143E-08  9.128E-09  7.636E-14  3.014E-13  1.00E-07
  6.300E+00 2.13353E-16  2.616E-05  1.141E-08  9.123E-09  7.691E-14  3.061E-13  1.00E-07
  6.400E+00 2.12618E-16  2.663E-05  1.138E-08  9.117E-09  7.743E-14  3.108E-13  1.00E-07
  6.500E+00 2.11875E-16  2.711E-05  1.135E-08  9.111E-09  7.792E-14  3.155E-13  1.00E-07
  6.600E+00 2.11124E-16  2.759E-05  1.132E-08  9.105E-09  7.837E-14  3.202E-13  1.00E-07
  6.700E+00 2.10365E-16  2.807E-05  1.129E-08  9.099E-09  7.880E-14  3.248E-13  1.00E-07
  6.800E+00 2.09599E-16  2.855E-05  1.127E-08  9.093E-09  7.919E-14  3.295E-13  1.00E-07
  6.900E+00 2.08825E-16  2.904E-05  1.124E-08  9.087E-09  7.955E-14  3.342E-13  1.00E-07
  7.000E+00 2.08043E-16  2.953E-05  1.121E-08  9.080E-09  7.988E-14  3.388E-13  1.00E-07
  7.100E+00 2.07254E-16  3.002E-05  1.118E-08  9.074E-09  8.017E-14  3.434E-13  1.00E-07
  7.200E+00 2.06458E-16  3.052E-05  1.115E-08  9.068E-09  8.043E-14  3.481E-13  1.00E-07
  7.300E+00 2.05655E-16  3.101E-05  1.112E-08  9.061E-09  8.066E-14  3.527E-13  1.00E-07
  7.400E+00 2.04845E-16  3.152E-05  1.108E-08  9.054E-09  8.085E-14  3.573E-13  1.00E-07
  7.500E+00 2.04029E-16  3.202E-05  1.105E-08  9.048E-09  8.101E-14  3.619E-13  1.00E-07
  7.600E+00 2.03206E-16  3.253E-05  1.102E-08  9.041E-09  8.113E-14  3.665E-13  1.00E-07
  7.700E+00 2.02376E-16  3.304E-05  1.099E-08  9.034E-09  8.122E-14  3.710E-13  1.00E-07
  7.800E+00 2.01540E-16  3.356E-05  1.096E-08  9.027E-09  8.127E-14  3.756E-13  1.00E-07
  7.900E+00 2.00698E-16  3.408E-05  1.092E-08  9.020E-09  8.129E-14  3.802E-13  1.00E-07
  8.000E+00 1.99850E-16  3.460E-05  1.089E-08  9.013E-09  8.127E-14  3.847E-13  1.00E-07
  8.100E+00 1.98996E-16  3.513E-05  1.086E-08  9.006E-09  8.122E-14  3.892E-13  1.00E-07
  8.200E+00 1.98137E-16  3.566E-05  1.082E-08  8.998E-09  8.112E-14  3.938E-13  1.00E-07
  8.300E+00 1.97272E-16  3.619E-05  1.079E-08  8.991E-09  8.100E-14  3.983E-13  1.00E-07
  8.400E+00 1.96401E-16  3.673E-05  1.076E-08  8.984E-09  8.083E-14  4.028E-13  1.00E-07
  8.500E+00 1.95526E-16  3.727E-05  1.072E-08  8.976E-09  8.063E-14  4.073E-13  1.00E-07
  8.600E+00 1.94645E-16  3.781E-05  1.069E-08  8.968E-09  8.040E-14  4.118E-13  1.00E-07
  8.700E+00 1.93759E-16  3.836E-05  1.065E-08  8.961E-09  8.012E-14  4.163E-13  1.00E-07
  8.800E+00 1.92868E-16  3.891E-05  1.062E-08  8.953E-09  7.981E-14  4.207E-13  1.00E-07
  8.900E+00 1.91973E-16  3.947E-05  1.058E-08  8.945E-09  7.946E-14  4.252E-13  1.00E-07
  9.000E+00 1.91073E-16  4.003E-05  1.055E-08  8.937E-09  7.907E-14  4.296E-13  1.00E-07
  9.100E+00 1.90169E-16  4.059E-05  1.051E-08  8.929E-09  7.864E-14  4.341E-13  1.00E-07
  9.200E+00 1.89261E-16  4.116E-05  1.047E-08  8.921E-09  7.818E-14  4.385E-13  1.00E-07
  9.300E+00 1.88348E-16  4.173E-05  1.044E-08  8.913E-09  7.767E-14  4.429E-13  1.00E-07
  9.400E+00 1.87432E-16  4.231E-05  1.040E-08  8.904E-09  7.713E-14  4.473E-13  1.00E-07
  9.500E+00 1.86511E-16  4.289E-05  1.036E-08  8.896E-09  7.655E-14  4.517E-13  1.00E-07
  9.600E+00 1.85587E-16  4.348E-05  1.032E-08  8.887E-09  7.593E-14  4.561E-13  1.00E-07
  9.700E+00 1.84660E-16  4.407E-05  1.029E-08  8.879E-09  7.527E-14  4.605E-13  1.00E-07
  9.800E+00 1.83729E-16  4.466E-05  1.025E-08  8.870E-09  7.457E-14  4.648E-13  1.00E-07
  9.900E+00 1.82795E-16  4.526E-05  1.021E-08  8.862E-09  7.383E-14  4.692E-13  1.00E-07
  1.000E+01 1.81858E-16  4.586E-05  1.017E-08  8.853E-09  7.305E-14  4.735E-13  1.00E-07
  1.025E+01 1.79502E-16  4.739E-05  1.008E-08  8.831E-09  7.094E-14  4.843E-13  1.00E-07
  1.050E+01 1.77130E-16  4.895E-05  9.978E-09  8.808E-09  6.857E-14  4.950E-13  1.00E-07
  1.075E+01 1.74743E-16  5.054E-05  9.878E-09  8.784E-09  6.595E-14  5.056E-13  1.00E-07
  1.100E+01 1.72345E-16  5.216E-05  9.777E-09  8.761E-09  6.307E-14  5.162E-13  1.00E-07
  1.125E+01 1.69936E-16  5.381E-05  9.675E-09  8.736E-09  5.994E-14  5.267E-13  1.00E-07
  1.150E+01 1.67519E-16  5.549E-05  9.572E-09  8.712E-09  5.656E-14  5.370E-13  1.00E-07
  1.175E+01 1.65095E-16  5.721E-05  9.468E-09  8.687E-09  5.292E-14  5.474E-13  1.00E-07
  1.200E+01 1.62668E-16  5.896E-05  9.363E-09  8.661E-09  4.902E-14  5.576E-13  1.00E-07
  1.225E+01 1.60237E-16  6.075E-05  9.256E-09  8.635E-09  4.487E-14  5.677E-13  1.00E-07
  1.250E+01 1.57807E-16  6.258E-05  9.149E-09  8.608E-09  4.046E-14  5.778E-13  1.00E-07
  1.275E+01 1.55377E-16  6.444E-05  9.041E-09  8.581E-09  3.579E-14  5.877E-13  1.00E-07
  1.300E+01 1.52950E-16  6.635E-05  8.932E-09  8.554E-09  3.087E-14  5.976E-13  1.00E-07
  1.325E+01 1.50527E-16  6.829E-05  8.823E-09  8.526E-09  2.569E-14  6.074E-13  1.00E-07
  1.350E+01 1.48110E-16  7.027E-05  8.712E-09  8.497E-09  2.025E-14  6.171E-13  1.00E-07
  1.375E+01 1.45701E-16  7.230E-05  8.602E-09  8.468E-09  1.456E-14  6.267E-13  1.00E-07
  1.400E+01 1.43301E-16  7.437E-05  8.490E-09  8.439E-09  8.617E-15  6.362E-13  1.00E-07
  1.425E+01 1.40911E-16  7.648E-05  8.378E-09  8.410E-09  2.420E-15  6.456E-13  1.00E-07
  1.450E+01 1.38533E-16  7.863E-05  8.265E-09  8.379E-09 -4.029E-15  6.549E-13  1.00E-07
  1.475E+01 1.36168E-16  8.083E-05  8.153E-09  8.349E-09 -1.073E-14  6.641E-13  1.00E-07
  1.500E+01 1.33818E-16  8.308E-05  8.039E-09  8.318E-09 -1.767E-14  6.732E-13  1.00E-07
  1.525E+01 1.31483E-16  8.538E-05  7.926E-09  8.287E-09 -2.487E-14  6.822E-13  1.00E-07
  1.550E+01 1.29165E-16  8.772E-05  7.812E-09  8.255E-09 -3.230E-14  6.911E-13  1.00E-07
  1.575E+01 1.26864E-16  9.011E-05  7.697E-09  8.223E-09 -3.998E-14  6.999E-13  1.00E-07
  1.600E+01 1.24582E-16  9.256E-05  7.583E-09  8.190E-09 -4.790E-14  7.086E-13  1.00E-07
  1.625E+01 1.22320E-16  9.505E-05  7.468E-09  8.157E-09 -5.606E-14  7.172E-13  1.00E-07
  1.650E+01 1.20079E-16  9.760E-05  7.354E-09  8.124E-09 -6.446E-14  7.257E-13  1.00E-07
  1.675E+01 1.17859E-16  1.002E-04  7.239E-09  8.090E-09 -7.308E-14  7.340E-13  1.00E-07
  1.700E+01 1.15662E-16  1.029E-04  7.124E-09  8.056E-09 -8.194E-14  7.423E-13  1.00E-07
  1.725E+01 1.13487E-16  1.056E-04  7.010E-09  8.022E-09 -9.102E-14  7.505E-13  1.00E-07
  1.750E+01 1.11337E-16  1.083E-04  6.895E-09  7.987E-09 -1.003E-13  7.585E-13  1.00E-07
  1.775E+01 1.09210E-16  1.112E-04  6.781E-09  7.952E-09 -1.099E-13  7.664E-13  1.00E-07
  1.800E+01 1.07109E-16  1.141E-04  6.666E-09  7.917E-09 -1.196E-13  7.743E-13  1.00E-07
  1.825E+01 1.05033E-16  1.170E-04  6.552E-09  7.881E-09 -1.296E-13  7.820E-13  1.00E-07
  1.850E+01 1.02984E-16  1.200E-04  6.438E-09  7.845E-09 -1.398E-13  7.896E-13  1.00E-07
  1.875E+01 1.00961E-16  1.231E-04  6.324E-09  7.808E-09 -1.501E-13  7.970E-13  1.00E-07
  1.900E+01 9.89645E-17  1.262E-04  6.211E-09  7.771E-09 -1.607E-13  8.044E-13  1.00E-07
  1.925E+01 9.69956E-17  1.294E-04  6.097E-09  7.734E-09 -1.715E-13  8.117E-13  1.00E-07
  1.950E+01 9.50543E-17  1.327E-04  5.985E-09  7.697E-09 -1.825E-13  8.188E-13  1.00E-07
  1.975E+01 9.31409E-17  1.360E-04  5.872E-09  7.659E-09 -1.937E-13  8.258E-13  1.00E-07
  2.000E+01 9.12557E-17  1.394E-04  5.760E-09  7.621E-09 -2.051E-13  8.327E-13  1.00E-07
  2.025E+01 8.93989E-17  1.428E-04  5.648E-09  7.582E-09 -2.167E-13  8.395E-13  1.00E-07
  2.050E+01 8.75706E-17  1.464E-04  5.537E-09  7.544E-09 -2.284E-13  8.462E-13  1.00E-07
  2.075E+01 8.57709E-17  1.500E-04  5.427E-09  7.505E-09 -2.404E-13  8.527E-13  1.00E-07
  2.100E+01 8.40001E-17  1.536E-04  5.316E-09  7.466E-09 -2.525E-13  8.591E-13  1.00E-07
  2.125E+01 8.22580E-17  1.574E-04  5.207E-09  7.426E-09 -2.648E-13  8.654E-13  1.00E-07
  2.150E+01 8.05449E-17  1.612E-04  5.098E-09  7.386E-09 -2.773E-13  8.716E-13  1.00E-07
  2.175E+01 7.88607E-17  1.651E-04  4.989E-09  7.346E-09 -2.899E-13  8.776E-13  1.00E-07
  2.200E+01 7.72053E-17  1.690E-04  4.881E-09  7.306E-09 -3.027E-13  8.836E-13  1.00E-07
  2.225E+01 7.55788E-17  1.730E-04  4.774E-09  7.265E-09 -3.156E-13  8.894E-13  1.00E-07
  2.250E+01 7.39810E-17  1.771E-04  4.668E-09  7.225E-09 -3.287E-13  8.951E-13  1.00E-07
  2.275E+01 7.24119E-17  1.813E-04  4.562E-09  7.184E-09 -3.420E-13  9.006E-13  1.00E-07
  2.300E+01 7.08714E-17  1.856E-04  4.456E-09  7.142E-09 -3.554E-13  9.061E-13  1.00E-07
  2.325E+01 6.93593E-17  1.899E-04  4.352E-09  7.101E-09 -3.690E-13  9.114E-13  1.00E-07
  2.350E+01 6.78754E-17  1.943E-04  4.248E-09  7.059E-09 -3.826E-13  9.166E-13  1.00E-07
  2.375E+01 6.64196E-17  1.988E-04  4.145E-09  7.017E-09 -3.965E-13  9.216E-13  1.00E-07
  2.400E+01 6.49916E-17  2.034E-04  4.043E-09  6.975E-09 -4.104E-13  9.266E-13  1.00E-07
  2.425E+01 6.35913E-17  2.080E-04  3.941E-09  6.932E-09 -4.245E-13  9.314E-13  1.00E-07
  2.450E+01 6.22185E-17  2.127E-04  3.841E-09  6.890E-09 -4.387E-13  9.361E-13  1.00E-07
  2.475E+01 6.08728E-17  2.175E-04  3.741E-09  6.847E-09 -4.531E-13  9.406E-13  1.00E-07
  2.500E+01 5.95540E-17  2.224E-04  3.641E-09  6.804E-09 -4.675E-13  9.451E-13  1.00E-07
  2.550E+01 5.69961E-17  2.324E-04  3.446E-09  6.717E-09 -4.968E-13  9.536E-13  1.00E-07
  2.600E+01 5.45425E-17  2.427E-04  3.253E-09  6.630E-09 -5.265E-13  9.616E-13  1.00E-07
  2.650E+01 5.21906E-17  2.533E-04  3.064E-09  6.542E-09 -5.565E-13  9.690E-13  1.00E-07
  2.700E+01 4.99378E-17  2.643E-04  2.879E-09  6.454E-09 -5.870E-13  9.760E-13  1.00E-07
  2.750E+01 4.77815E-17  2.755E-04  2.697E-09  6.365E-09 -6.178E-13  9.825E-13  1.00E-07
  2.800E+01 4.57188E-17  2.870E-04  2.519E-09  6.275E-09 -6.489E-13  9.884E-13  1.00E-07
  2.850E+01 4.37467E-17  2.989E-04  2.344E-09  6.185E-09 -6.803E-13  9.939E-13  1.00E-07
  2.900E+01 4.18625E-17  3.110E-04  2.173E-09  6.094E-09 -7.119E-13  9.988E-13  1.00E-07
  2.950E+01 4.00631E-17  3.234E-04  2.006E-09  6.003E-09 -7.438E-13  1.003E-12  1.00E-07
  3.000E+01 3.83456E-17  3.361E-04  1.843E-09  5.912E-09 -7.759E-13  1.007E-12  1.00E-07
  3.050E+01 3.67070E-17  3.490E-04  1.683E-09  5.820E-09 -8.082E-13  1.011E-12  1.00E-07
  3.100E+01 3.51443E-17  3.621E-04  1.527E-09  5.728E-09 -8.406E-13  1.014E-12  1.00E-07
  3.150E+01 3.36547E-17  3.755E-04  1.375E-09  5.636E-09 -8.732E-13  1.016E-12  1.00E-07
  3.200E+01 3.22353E-17  3.891E-04  1.227E-09  5.543E-09 -9.059E-13  1.018E-12  1.00E-07
  3.250E+01 3.08833E-17  4.028E-04  1.082E-09  5.451E-09 -9.386E-13  1.019E-12  1.00E-07
  3.300E+01 2.95958E-17  4.167E-04  9.414E-10  5.358E-09 -9.715E-13  1.020E-12  1.00E-07
  3.350E+01 2.83701E-17  4.307E-04  8.043E-10  5.265E-09 -1.004E-12  1.021E-12  1.00E-07
  3.400E+01 2.72036E-17  4.448E-04  6.708E-10  5.172E-09 -1.037E-12  1.021E-12  1.00E-07
  3.450E+01 2.60937E-17  4.590E-04  5.410E-10  5.079E-09 -1.070E-12  1.021E-12  1.00E-07
  3.500E+01 2.50379E-17  4.732E-04  4.148E-10  4.987E-09 -1.103E-12  1.020E-12  1.00E-07
  3.550E+01 2.40336E-17  4.874E-04  2.923E-10  4.894E-09 -1.136E-12  1.018E-12  1.00E-07
  3.600E+01 2.30786E-17  5.015E-04  1.733E-10  4.801E-09 -1.169E-12  1.016E-12  1.00E-07
  3.650E+01 2.21706E-17  5.156E-04  5.784E-11  4.708E-09 -1.201E-12  1.014E-12  1.00E-07
  3.700E+01 2.13073E-17  5.295E-04 -5.411E-11  4.616E-09 -1.234E-12  1.011E-12  1.00E-07
  3.750E+01 2.04866E-17  5.433E-04 -1.626E-10  4.523E-09 -1.267E-12  1.008E-12  1.00E-07
  3.800E+01 1.97065E-17  5.569E-04 -2.677E-10  4.431E-09 -1.299E-12  1.005E-12  1.00E-07
  3.850E+01 1.89650E-17  5.703E-04 -3.694E-10  4.339E-09 -1.331E-12  1.001E-12  1.00E-07
  3.900E+01 1.82602E-17  5.833E-04 -4.678E-10  4.248E-09 -1.364E-12  9.961E-13  1.00E-07
  3.950E+01 1.75902E-17  5.960E-04 -5.630E-10  4.156E-09 -1.396E-12  9.912E-13  1.00E-07
  4.000E+01 1.69534E-17  6.083E-04 -6.549E-10  4.065E-09 -1.427E-12  9.859E-13  1.00E-07
  4.050E+01 1.63480E-17  6.202E-04 -7.436E-10  3.974E-09 -1.459E-12  9.802E-13  1.00E-07
  4.100E+01 1.57726E-17  6.316E-04 -8.292E-10  3.884E-09 -1.490E-12  9.740E-13  1.00E-07
  4.150E+01 1.52255E-17  6.424E-04 -9.118E-10  3.794E-09 -1.522E-12  9.675E-13  1.00E-07
  4.200E+01 1.47053E-17  6.527E-04 -9.913E-10  3.704E-09 -1.553E-12  9.606E-13  1.00E-07
  4.250E+01 1.42106E-17  6.623E-04 -1.068E-09  3.615E-09 -1.583E-12  9.534E-13  1.00E-07
  4.300E+01 1.37401E-17  6.713E-04 -1.141E-09  3.527E-09 -1.614E-12  9.457E-13  1.00E-07
  4.350E+01 1.32926E-17  6.795E-04 -1.212E-09  3.438E-09 -1.644E-12  9.377E-13  1.00E-07
  4.400E+01 1.28668E-17  6.870E-04 -1.280E-09  3.351E-09 -1.674E-12  9.293E-13  1.00E-07
  4.450E+01 1.24616E-17  6.936E-04 -1.345E-09  3.264E-09 -1.704E-12  9.206E-13  1.00E-07
  4.500E+01 1.20759E-17  6.994E-04 -1.408E-09  3.177E-09 -1.733E-12  9.115E-13  1.00E-07
  4.550E+01 1.17088E-17  7.043E-04 -1.468E-09  3.091E-09 -1.762E-12  9.021E-13  1.00E-07
  4.600E+01 1.13592E-17  7.082E-04 -1.525E-09  3.006E-09 -1.791E-12  8.923E-13  1.00E-07
  4.650E+01 1.10261E-17  7.112E-04 -1.580E-09  2.921E-09 -1.819E-12  8.823E-13  1.00E-07
  4.700E+01 1.07088E-17  7.131E-04 -1.632E-09  2.837E-09 -1.848E-12  8.719E-13  1.00E-07
  4.750E+01 1.04064E-17  7.140E-04 -1.681E-09  2.753E-09 -1.875E-12  8.612E-13  1.00E-07
  4.800E+01 1.01182E-17  7.138E-04 -1.729E-09  2.670E-09 -1.903E-12  8.502E-13  1.00E-07
  4.850E+01 9.84326E-18  7.125E-04 -1.774E-09  2.588E-09 -1.930E-12  8.389E-13  1.00E-07
  4.900E+01 9.58101E-18  7.101E-04 -1.816E-09  2.506E-09 -1.957E-12  8.273E-13  1.00E-07
  4.950E+01 9.33075E-18  7.065E-04 -1.857E-09  2.425E-09 -1.983E-12  8.155E-13  1.00E-07
  5.000E+01 9.09187E-18  7.017E-04 -1.895E-09  2.345E-09 -2.009E-12  8.034E-13  1.00E-07
  5.050E+01 8.86375E-18  6.958E-04 -1.931E-09  2.266E-09 -2.035E-12  7.910E-13  1.00E-07
  5.100E+01 8.64584E-18  6.886E-04 -1.965E-09  2.187E-09 -2.061E-12  7.784E-13  1.00E-07
  5.150E+01 8.43760E-18  6.802E-04 -1.997E-09  2.109E-09 -2.086E-12  7.655E-13  1.00E-07
  5.200E+01 8.23853E-18  6.705E-04 -2.027E-09  2.032E-09 -2.110E-12  7.524E-13  1.00E-07
  5.250E+01 8.04815E-18  6.597E-04 -2.055E-09  1.955E-09 -2.135E-12  7.391E-13  1.00E-07
  5.300E+01 7.86603E-18  6.475E-04 -2.082E-09  1.880E-09 -2.158E-12  7.255E-13  1.00E-07
  5.350E+01 7.69172E-18  6.341E-04 -2.106E-09  1.805E-09 -2.182E-12  7.117E-13  1.00E-07
  5.400E+01 7.52484E-18  6.195E-04 -2.128E-09  1.731E-09 -2.205E-12  6.977E-13  1.00E-07
  5.450E+01 7.36501E-18  6.036E-04 -2.149E-09  1.657E-09 -2.228E-12  6.835E-13  1.00E-07
  5.500E+01 7.21187E-18  5.865E-04 -2.168E-09  1.585E-09 -2.250E-12  6.691E-13  1.00E-07
  5.550E+01 7.06508E-18  5.681E-04 -2.185E-09  1.513E-09 -2.272E-12  6.546E-13  1.00E-07
  5.600E+01 6.92433E-18  5.485E-04 -2.201E-09  1.442E-09 -2.293E-12  6.398E-13  1.00E-07
  5.650E+01 6.78932E-18  5.276E-04 -2.215E-09  1.372E-09 -2.314E-12  6.249E-13  1.00E-07
  5.700E+01 6.65978E-18  5.056E-04 -2.228E-09  1.303E-09 -2.335E-12  6.098E-13  1.00E-07
  5.750E+01 6.53542E-18  4.823E-04 -2.239E-09  1.234E-09 -2.355E-12  5.946E-13  1.00E-07
  5.800E+01 6.41601E-18  4.579E-04 -2.248E-09  1.167E-09 -2.375E-12  5.792E-13  1.00E-07
  5.850E+01 6.30130E-18  4.323E-04 -2.256E-09  1.100E-09 -2.395E-12  5.637E-13  1.00E-07
  5.900E+01 6.19108E-18  4.056E-04 -2.263E-09  1.034E-09 -2.414E-12  5.480E-13  1.00E-07
  5.950E+01 6.08513E-18  3.778E-04 -2.269E-09  9.689E-10 -2.433E-12  5.323E-13  1.00E-07
  6.000E+01 5.98325E-18  3.489E-04 -2.273E-09  9.047E-10 -2.451E-12  5.164E-13  1.00E-07
  6.050E+01 5.88527E-18  3.189E-04 -2.275E-09  8.413E-10 -2.469E-12  5.004E-13  1.00E-07
  6.100E+01 5.79099E-18  2.879E-04 -2.277E-09  7.788E-10 -2.486E-12  4.842E-13  1.00E-07
  6.150E+01 5.70027E-18  2.558E-04 -2.277E-09  7.171E-10 -2.503E-12  4.680E-13  1.00E-07
  6.200E+01 5.61293E-18  2.228E-04 -2.276E-09  6.563E-10 -2.520E-12  4.517E-13  1.00E-07
  6.250E+01 5.52883E-18  1.888E-04 -2.274E-09  5.963E-10 -2.536E-12  4.353E-13  1.00E-07
  6.300E+01 5.44783E-18  1.539E-04 -2.271E-09  5.372E-10 -2.552E-12  4.189E-13  1.00E-07
  6.350E+01 5.36980E-18  1.181E-04 -2.267E-09  4.789E-10 -2.567E-12  4.023E-13  1.00E-07
  6.400E+01 5.29461E-18  8.150E-05 -2.262E-09  4.215E-10 -2.582E-12  3.857E-13  1.00E-07
  6.450E+01 5.22215E-18  4.403E-05 -2.256E-09  3.649E-10 -2.597E-12  3.691E-13  1.00E-07
  6.500E+01 5.15230E-18  5.775E-06 -2.249E-09  3.092E-10 -2.611E-12  3.523E-13  1.00E-07
  6.550E+01 5.08496E-18 -3.323E-05 -2.241E-09  2.543E-10 -2.625E-12  3.356E-13  1.00E-07
  6.600E+01 5.02003E-18 -7.296E-05 -2.232E-09  2.003E-10 -2.638E-12  3.188E-13  1.00E-07
  6.650E+01 4.95742E-18 -1.134E-04 -2.222E-09  1.471E-10 -2.651E-12  3.020E-13  1.00E-07
  6.700E+01 4.89703E-18 -1.544E-04 -2.211E-09  9.473E-11 -2.663E-12  2.851E-13  1.00E-07
  6.750E+01 4.83878E-18 -1.960E-04 -2.199E-09  4.321E-11 -2.675E-12  2.682E-13  1.00E-07
  6.800E+01 4.78259E-18 -2.382E-04 -2.187E-09 -7.467E-12 -2.687E-12  2.513E-13  1.00E-07
  6.850E+01 4.72839E-18 -2.810E-04 -2.174E-09 -5.732E-11 -2.698E-12  2.344E-13  1.00E-07
  6.900E+01 4.67610E-18 -3.242E-04 -2.160E-09 -1.063E-10 -2.709E-12  2.175E-13  1.00E-07
  6.950E+01 4.62565E-18 -3.678E-04 -2.145E-09 -1.545E-10 -2.720E-12  2.006E-13  1.00E-07
  7.000E+01 4.57699E-18 -4.119E-04 -2.130E-09 -2.019E-10 -2.730E-12  1.837E-13  1.00E-07
  7.050E+01 4.53005E-18 -4.563E-04 -2.114E-09 -2.485E-10 -2.740E-12  1.669E-13  1.00E-07
  7.100E+01 4.48476E-18 -5.010E-04 -2.097E-09 -2.942E-10 -2.749E-12  1.500E-13  1.00E-07
  7.150E+01 4.44108E-18 -5.460E-04 -2.080E-09 -3.392E-10 -2.758E-12  1.332E-13  1.00E-07
  7.200E+01 4.39895E-18 -5.913E-04 -2.062E-09 -3.833E-10 -2.767E-12  1.164E-13  1.00E-07
  7.250E+01 4.35833E-18 -6.367E-04 -2.044E-09 -4.267E-10 -2.775E-12  9.961E-14  1.00E-07
  7.300E+01 4.31915E-18 -6.823E-04 -2.025E-09 -4.692E-10 -2.783E-12  8.289E-14  1.00E-07
  7.350E+01 4.28139E-18 -7.280E-04 -2.005E-09 -5.110E-10 -2.790E-12  6.621E-14  1.00E-07
  7.400E+01 4.24499E-18 -7.738E-04 -1.985E-09 -5.520E-10 -2.797E-12  4.957E-14  1.00E-07
  7.450E+01 4.20991E-18 -8.196E-04 -1.964E-09 -5.922E-10 -2.804E-12  3.300E-14  1.00E-07
  7.500E+01 4.17612E-18 -8.654E-04 -1.943E-09 -6.317E-10 -2.810E-12  1.648E-14  1.00E-07
  7.550E+01 4.14356E-18 -9.112E-04 -1.922E-09 -6.704E-10 -2.816E-12  3.175E-17  1.00E-07
  7.600E+01 4.11222E-18 -9.569E-04 -1.900E-09 -7.083E-10 -2.821E-12 -1.635E-14  1.00E-07
  7.650E+01 4.08205E-18 -1.002E-03 -1.878E-09 -7.455E-10 -2.827E-12 -3.266E-14  1.00E-07
  7.700E+01 4.05302E-18 -1.048E-03 -1.855E-09 -7.819E-10 -2.831E-12 -4.889E-14  1.00E-07
  7.750E+01 4.02510E-18 -1.093E-03 -1.832E-09 -8.176E-10 -2.836E-12 -6.504E-14  1.00E-07
  7.800E+01 3.99826E-18 -1.138E-03 -1.809E-09 -8.526E-10 -2.840E-12 -8.110E-14  1.00E-07
  7.850E+01 3.97246E-18 -1.183E-03 -1.785E-09 -8.869E-10 -2.844E-12 -9.707E-14  1.00E-07
  7.900E+01 3.94769E-18 -1.227E-03 -1.761E-09 -9.204E-10 -2.847E-12 -1.129E-13  1.00E-07
  7.950E+01 3.92390E-18 -1.271E-03 -1.736E-09 -9.532E-10 -2.850E-12 -1.287E-13  1.00E-07
  8.000E+01 3.90108E-18 -1.314E-03 -1.712E-09 -9.853E-10 -2.853E-12 -1.444E-13  1.00E-07
  8.050E+01 3.87920E-18 -1.358E-03 -1.687E-09 -1.017E-09 -2.855E-12 -1.600E-13  1.00E-07
  8.100E+01 3.85824E-18 -1.400E-03 -1.662E-09 -1.047E-09 -2.857E-12 -1.754E-13  1.00E-07
  8.150E+01 3.83817E-18 -1.443E-03 -1.636E-09 -1.078E-09 -2.859E-12 -1.908E-13  1.00E-07
  8.200E+01 3.81896E-18 -1.484E-03 -1.610E-09 -1.107E-09 -2.860E-12 -2.060E-13  1.00E-07
  8.250E+01 3.80061E-18 -1.526E-03 -1.585E-09 -1.136E-09 -2.861E-12 -2.211E-13  1.00E-07
  8.300E+01 3.78308E-18 -1.566E-03 -1.559E-09 -1.164E-09 -2.862E-12 -2.361E-13  1.00E-07
  8.350E+01 3.76635E-18 -1.606E-03 -1.532E-09 -1.191E-09 -2.862E-12 -2.509E-13  1.00E-07
  8.400E+01 3.75042E-18 -1.646E-03 -1.506E-09 -1.218E-09 -2.862E-12 -2.657E-13  1.00E-07
  8.450E+01 3.73524E-18 -1.684E-03 -1.479E-09 -1.244E-09 -2.862E-12 -2.803E-13  1.00E-07
  8.500E+01 3.72082E-18 -1.722E-03 -1.452E-09 -1.269E-09 -2.862E-12 -2.947E-13  1.00E-07
  8.550E+01 3.70712E-18 -1.760E-03 -1.425E-09 -1.294E-09 -2.861E-12 -3.090E-13  1.00E-07
  8.600E+01 3.69413E-18 -1.796E-03 -1.398E-09 -1.318E-09 -2.859E-12 -3.232E-13  1.00E-07
  8.650E+01 3.68184E-18 -1.832E-03 -1.371E-09 -1.342E-09 -2.858E-12 -3.372E-13  1.00E-07
  8.700E+01 3.67023E-18 -1.867E-03 -1.344E-09 -1.365E-09 -2.856E-12 -3.511E-13  1.00E-07
  8.750E+01 3.65927E-18 -1.902E-03 -1.317E-09 -1.388E-09 -2.854E-12 -3.648E-13  1.00E-07
  8.800E+01 3.64897E-18 -1.935E-03 -1.289E-09 -1.409E-09 -2.851E-12 -3.784E-13  1.00E-07
  8.850E+01 3.63929E-18 -1.968E-03 -1.262E-09 -1.431E-09 -2.849E-12 -3.918E-13  1.00E-07
  8.900E+01 3.63022E-18 -2.000E-03 -1.234E-09 -1.451E-09 -2.846E-12 -4.051E-13  1.00E-07
  8.950E+01 3.62176E-18 -2.031E-03 -1.207E-09 -1.472E-09 -2.842E-12 -4.182E-13  1.00E-07
  9.000E+01 3.61388E-18 -2.061E-03 -1.179E-09 -1.491E-09 -2.839E-12 -4.311E-13  1.00E-07
  9.050E+01 3.60657E-18 -2.091E-03 -1.151E-09 -1.510E-09 -2.835E-12 -4.439E-13  1.00E-07
  9.100E+01 3.59982E-18 -2.119E-03 -1.124E-09 -1.529E-09 -2.831E-12 -4.565E-13  1.00E-07
  9.150E+01 3.59362E-18 -2.147E-03 -1.096E-09 -1.547E-09 -2.826E-12 -4.690E-13  1.00E-07
  9.200E+01 3.58794E-18 -2.174E-03 -1.068E-09 -1.564E-09 -2.822E-12 -4.812E-13  1.00E-07
  9.250E+01 3.58279E-18 -2.200E-03 -1.041E-09 -1.581E-09 -2.817E-12 -4.933E-13  1.00E-07
  9.300E+01 3.57814E-18 -2.225E-03 -1.013E-09 -1.598E-09 -2.812E-12 -5.052E-13  1.00E-07
  9.350E+01 3.57398E-18 -2.249E-03 -9.852E-10 -1.613E-09 -2.806E-12 -5.170E-13  1.00E-07
  9.400E+01 3.57031E-18 -2.272E-03 -9.576E-10 -1.629E-09 -2.800E-12 -5.285E-13  1.00E-07
  9.450E+01 3.56711E-18 -2.294E-03 -9.300E-10 -1.644E-09 -2.794E-12 -5.399E-13  1.00E-07
  9.500E+01 3.56436E-18 -2.315E-03 -9.024E-10 -1.658E-09 -2.788E-12 -5.511E-13  1.00E-07
  9.550E+01 3.56207E-18 -2.336E-03 -8.749E-10 -1.672E-09 -2.782E-12 -5.621E-13  1.00E-07
  9.600E+01 3.56021E-18 -2.355E-03 -8.474E-10 -1.686E-09 -2.775E-12 -5.730E-13  1.00E-07
  9.650E+01 3.55878E-18 -2.374E-03 -8.200E-10 -1.699E-09 -2.768E-12 -5.836E-13  1.00E-07
  9.700E+01 3.55776E-18 -2.392E-03 -7.926E-10 -1.712E-09 -2.761E-12 -5.941E-13  1.00E-07
  9.750E+01 3.55715E-18 -2.408E-03 -7.654E-10 -1.724E-09 -2.753E-12 -6.043E-13  1.00E-07
  9.800E+01 3.55693E-18 -2.424E-03 -7.382E-10 -1.736E-09 -2.746E-12 -6.144E-13  1.00E-07
  9.850E+01 3.55710E-18 -2.439E-03 -7.111E-10 -1.747E-09 -2.738E-12 -6.243E-13  1.00E-07
  9.900E+01 3.55764E-18 -2.454E-03 -6.840E-10 -1.758E-09 -2.730E-12 -6.340E-13  1.00E-07
  9.950E+01 3.55855E-18 -2.467E-03 -6.571E-10 -1.768E-09 -2.721E-12 -6.435E-13  1.00E-07
  1.000E+02 3.55981E-18 -2.479E-03 -6.303E-10 -1.778E-09 -2.713E-12 -6.528E-13  1.00E-07
  1.005E+02 3.56142E-18 -2.491E-03 -6.036E-10 -1.788E-09 -2.704E-12 -6.619E-13  1.00E-07
  1.010E+02 3.56337E-18 -2.501E-03 -5.770E-10 -1.797E-09 -2.695E-12 -6.708E-13  1.00E-07
  1.015E+02 3.56564E-18 -2.511E-03 -5.505E-10 -1.806E-09 -2.686E-12 -6.795E-13  1.00E-07
  1.020E+02 3.56824E-18 -2.520E-03 -5.241E-10 -1.815E-09 -2.676E-12 -6.881E-13  1.00E-07
  1.025E+02 3.57114E-18 -2.528E-03 -4.978E-10 -1.823E-09 -2.667E-12 -6.964E-13  1.00E-07
  1.030E+02 3.57435E-18 -2.536E-03 -4.717E-10 -1.831E-09 -2.657E-12 -7.045E-13  1.00E-07
  1.035E+02 3.57785E-18 -2.542E-03 -4.457E-10 -1.838E-09 -2.647E-12 -7.124E-13  1.00E-07
  1.040E+02 3.58164E-18 -2.548E-03 -4.199E-10 -1.845E-09 -2.636E-12 -7.202E-13  1.00E-07
  1.045E+02 3.58571E-18 -2.553E-03 -3.941E-10 -1.852E-09 -2.626E-12 -7.277E-13  1.00E-07
  1.050E+02 3.59005E-18 -2.557E-03 -3.686E-10 -1.859E-09 -2.615E-12 -7.350E-13  1.00E-07
  1.055E+02 3.59465E-18 -2.561E-03 -3.431E-10 -1.865E-09 -2.605E-12 -7.421E-13  1.00E-07
  1.060E+02 3.59950E-18 -2.563E-03 -3.178E-10 -1.870E-09 -2.594E-12 -7.491E-13  1.00E-07
  1.065E+02 3.60460E-18 -2.565E-03 -2.927E-10 -1.876E-09 -2.582E-12 -7.558E-13  1.00E-07
  1.070E+02 3.60994E-18 -2.566E-03 -2.677E-10 -1.881E-09 -2.571E-12 -7.623E-13  1.00E-07
  1.075E+02 3.61551E-18 -2.567E-03 -2.429E-10 -1.886E-09 -2.560E-12 -7.686E-13  1.00E-07
  1.080E+02 3.62131E-18 -2.567E-03 -2.183E-10 -1.890E-09 -2.548E-12 -7.747E-13  1.00E-07
  1.085E+02 3.62733E-18 -2.566E-03 -1.938E-10 -1.895E-09 -2.536E-12 -7.806E-13  1.00E-07
  1.090E+02 3.63355E-18 -2.564E-03 -1.694E-10 -1.899E-09 -2.524E-12 -7.864E-13  1.00E-07
  1.095E+02 3.63998E-18 -2.562E-03 -1.453E-10 -1.902E-09 -2.512E-12 -7.919E-13  1.00E-07
  1.100E+02 3.64661E-18 -2.559E-03 -1.213E-10 -1.906E-09 -2.499E-12 -7.972E-13  1.00E-07
  1.105E+02 3.65343E-18 -2.556E-03 -9.744E-11 -1.909E-09 -2.487E-12 -8.023E-13  1.00E-07
  1.110E+02 3.66043E-18 -2.552E-03 -7.379E-11 -1.912E-09 -2.474E-12 -8.072E-13  1.00E-07
  1.115E+02 3.66761E-18 -2.547E-03 -5.032E-11 -1.914E-09 -2.461E-12 -8.119E-13  1.00E-07
  1.120E+02 3.67497E-18 -2.542E-03 -2.702E-11 -1.917E-09 -2.448E-12 -8.164E-13  1.00E-07
  1.125E+02 3.68248E-18 -2.536E-03 -3.907E-12 -1.919E-09 -2.435E-12 -8.206E-13  1.00E-07
  1.130E+02 3.69016E-18 -2.530E-03  1.903E-11 -1.921E-09 -2.422E-12 -8.247E-13  1.00E-07
  1.135E+02 3.69799E-18 -2.523E-03  4.178E-11 -1.923E-09 -2.408E-12 -8.286E-13  1.00E-07
  1.140E+02 3.70597E-18 -2.516E-03  6.434E-11 -1.924E-09 -2.395E-12 -8.323E-13  1.00E-07
  1.145E+02 3.71409E-18 -2.508E-03  8.672E-11 -1.925E-09 -2.381E-12 -8.358E-13  1.00E-07
  1.150E+02 3.72235E-18 -2.499E-03  1.089E-10 -1.926E-09 -2.367E-12 -8.391E-13  1.00E-07
  1.155E+02 3.73073E-18 -2.490E-03  1.309E-10 -1.927E-09 -2.353E-12 -8.422E-13  1.00E-07
  1.160E+02 3.73924E-18 -2.481E-03  1.527E-10 -1.928E-09 -2.339E-12 -8.451E-13  1.00E-07
  1.165E+02 3.74787E-18 -2.471E-03  1.744E-10 -1.928E-09 -2.325E-12 -8.478E-13  1.00E-07
  1.170E+02 3.75661E-18 -2.461E-03  1.958E-10 -1.928E-09 -2.310E-12 -8.503E-13  1.00E-07
  1.175E+02 3.76547E-18 -2.450E-03  2.170E-10 -1.928E-09 -2.296E-12 -8.525E-13  1.00E-07
  1.180E+02 3.77442E-18 -2.439E-03  2.381E-10 -1.928E-09 -2.281E-12 -8.546E-13  1.00E-07
  1.185E+02 3.78348E-18 -2.427E-03  2.589E-10 -1.928E-09 -2.267E-12 -8.565E-13  1.00E-07
  1.190E+02 3.79262E-18 -2.415E-03  2.796E-10 -1.927E-09 -2.252E-12 -8.583E-13  1.00E-07
  1.195E+02 3.80186E-18 -2.403E-03  3.001E-10 -1.927E-09 -2.237E-12 -8.598E-13  1.00E-07
  1.200E+02 3.81118E-18 -2.390E-03  3.203E-10 -1.926E-09 -2.222E-12 -8.611E-13  1.00E-07
  1.205E+02 3.82058E-18 -2.377E-03  3.404E-10 -1.925E-09 -2.206E-12 -8.622E-13  1.00E-07
  1.210E+02 3.83005E-18 -2.363E-03  3.603E-10 -1.924E-09 -2.191E-12 -8.631E-13  1.00E-07
  1.215E+02 3.83959E-18 -2.349E-03  3.800E-10 -1.922E-09 -2.176E-12 -8.639E-13  1.00E-07
  1.220E+02 3.84920E-18 -2.335E-03  3.995E-10 -1.921E-09 -2.160E-12 -8.644E-13  1.00E-07
  1.225E+02 3.85886E-18 -2.321E-03  4.188E-10 -1.919E-09 -2.144E-12 -8.648E-13  1.00E-07
  1.230E+02 3.86858E-18 -2.306E-03  4.378E-10 -1.918E-09 -2.129E-12 -8.650E-13  1.00E-07
  1.235E+02 3.87836E-18 -2.291E-03  4.567E-10 -1.916E-09 -2.113E-12 -8.649E-13  1.00E-07
  1.240E+02 3.88818E-18 -2.275E-03  4.754E-10 -1.914E-09 -2.097E-12 -8.647E-13  1.00E-07
  1.245E+02 3.89804E-18 -2.260E-03  4.939E-10 -1.912E-09 -2.081E-12 -8.643E-13  1.00E-07
  1.250E+02 3.90795E-18 -2.244E-03  5.122E-10 -1.909E-09 -2.065E-12 -8.638E-13  1.00E-07
  1.255E+02 3.91788E-18 -2.228E-03  5.303E-10 -1.907E-09 -2.048E-12 -8.630E-13  1.00E-07
  1.260E+02 3.92785E-18 -2.211E-03  5.482E-10 -1.905E-09 -2.032E-12 -8.621E-13  1.00E-07
  1.265E+02 3.93785E-18 -2.194E-03  5.659E-10 -1.902E-09 -2.016E-12 -8.609E-13  1.00E-07
  1.270E+02 3.94787E-18 -2.178E-03  5.834E-10 -1.899E-09 -1.999E-12 -8.596E-13  1.00E-07
  1.275E+02 3.95791E-18 -2.160E-03  6.007E-10 -1.897E-09 -1.982E-12 -8.581E-13  1.00E-07
  1.280E+02 3.96796E-18 -2.143E-03  6.178E-10 -1.894E-09 -1.966E-12 -8.565E-13  1.00E-07
  1.285E+02 3.97803E-18 -2.125E-03  6.348E-10 -1.891E-09 -1.949E-12 -8.546E-13  1.00E-07
  1.290E+02 3.98810E-18 -2.108E-03  6.515E-10 -1.888E-09 -1.932E-12 -8.526E-13  1.00E-07
  1.295E+02 3.99818E-18 -2.090E-03  6.680E-10 -1.885E-09 -1.915E-12 -8.504E-13  1.00E-07
  1.300E+02 4.00826E-18 -2.072E-03  6.843E-10 -1.881E-09 -1.898E-12 -8.480E-13  1.00E-07
  1.305E+02 4.01834E-18 -2.053E-03  7.005E-10 -1.878E-09 -1.881E-12 -8.455E-13  1.00E-07
  1.310E+02 4.02841E-18 -2.035E-03  7.164E-10 -1.875E-09 -1.864E-12 -8.428E-13  1.00E-07
  1.315E+02 4.03847E-18 -2.016E-03  7.321E-10 -1.871E-09 -1.847E-12 -8.399E-13  1.00E-07
  1.320E+02 4.04852E-18 -1.997E-03  7.477E-10 -1.868E-09 -1.829E-12 -8.369E-13  1.00E-07
  1.325E+02 4.05856E-18 -1.978E-03  7.630E-10 -1.864E-09 -1.812E-12 -8.336E-13  1.00E-07
  1.330E+02 4.06857E-18 -1.959E-03  7.782E-10 -1.861E-09 -1.795E-12 -8.303E-13  1.00E-07
  1.335E+02 4.07857E-18 -1.940E-03  7.931E-10 -1.857E-09 -1.777E-12 -8.267E-13  1.00E-07
  1.340E+02 4.08854E-18 -1.921E-03  8.079E-10 -1.854E-09 -1.760E-12 -8.230E-13  1.00E-07
  1.345E+02 4.09848E-18 -1.901E-03  8.225E-10 -1.850E-09 -1.742E-12 -8.191E-13  1.00E-07
  1.350E+02 4.10839E-18 -1.882E-03  8.369E-10 -1.846E-09 -1.724E-12 -8.151E-13  1.00E-07
  1.355E+02 4.11827E-18 -1.862E-03  8.511E-10 -1.842E-09 -1.706E-12 -8.109E-13  1.00E-07
  1.360E+02 4.12811E-18 -1.842E-03  8.651E-10 -1.838E-09 -1.689E-12 -8.065E-13  1.00E-07
  1.365E+02 4.13792E-18 -1.822E-03  8.789E-10 -1.835E-09 -1.671E-12 -8.020E-13  1.00E-07
  1.370E+02 4.14768E-18 -1.802E-03  8.926E-10 -1.831E-09 -1.653E-12 -7.974E-13  1.00E-07
  1.375E+02 4.15740E-18 -1.782E-03  9.060E-10 -1.827E-09 -1.635E-12 -7.925E-13  1.00E-07
  1.380E+02 4.16706E-18 -1.762E-03  9.193E-10 -1.823E-09 -1.617E-12 -7.876E-13  1.00E-07
  1.385E+02 4.17668E-18 -1.742E-03  9.323E-10 -1.819E-09 -1.599E-12 -7.825E-13  1.00E-07
  1.390E+02 4.18625E-18 -1.721E-03  9.452E-10 -1.815E-09 -1.581E-12 -7.772E-13  1.00E-07
  1.395E+02 4.19576E-18 -1.701E-03  9.579E-10 -1.811E-09 -1.562E-12 -7.718E-13  1.00E-07
  1.400E+02 4.20522E-18 -1.680E-03  9.705E-10 -1.806E-09 -1.544E-12 -7.662E-13  1.00E-07
  1.405E+02 4.21461E-18 -1.660E-03  9.828E-10 -1.802E-09 -1.526E-12 -7.605E-13  1.00E-07
  1.410E+02 4.22394E-18 -1.639E-03  9.950E-10 -1.798E-09 -1.508E-12 -7.547E-13  1.00E-07
  1.415E+02 4.23321E-18 -1.619E-03  1.007E-09 -1.794E-09 -1.489E-12 -7.487E-13  1.00E-07
  1.420E+02 4.24241E-18 -1.598E-03  1.019E-09 -1.790E-09 -1.471E-12 -7.425E-13  1.00E-07
  1.425E+02 4.25154E-18 -1.577E-03  1.030E-09 -1.786E-09 -1.452E-12 -7.363E-13  1.00E-07
  1.430E+02 4.26061E-18 -1.556E-03  1.042E-09 -1.782E-09 -1.434E-12 -7.299E-13  1.00E-07
  1.435E+02 4.26959E-18 -1.535E-03  1.053E-09 -1.778E-09 -1.415E-12 -7.233E-13  1.00E-07
  1.440E+02 4.27850E-18 -1.514E-03  1.064E-09 -1.774E-09 -1.397E-12 -7.167E-13  1.00E-07
  1.445E+02 4.28734E-18 -1.494E-03  1.075E-09 -1.770E-09 -1.378E-12 -7.099E-13  1.00E-07
  1.450E+02 4.29609E-18 -1.473E-03  1.086E-09 -1.766E-09 -1.359E-12 -7.029E-13  1.00E-07
  1.455E+02 4.30477E-18 -1.452E-03  1.096E-09 -1.762E-09 -1.341E-12 -6.959E-13  1.00E-07
  1.460E+02 4.31336E-18 -1.431E-03  1.107E-09 -1.757E-09 -1.322E-12 -6.887E-13  1.00E-07
  1.465E+02 4.32186E-18 -1.409E-03  1.117E-09 -1.753E-09 -1.303E-12 -6.814E-13  1.00E-07
  1.470E+02 4.33028E-18 -1.388E-03  1.127E-09 -1.749E-09 -1.284E-12 -6.739E-13  1.00E-07
  1.475E+02 4.33860E-18 -1.367E-03  1.137E-09 -1.745E-09 -1.265E-12 -6.664E-13  1.00E-07
  1.480E+02 4.34684E-18 -1.346E-03  1.146E-09 -1.741E-09 -1.247E-12 -6.587E-13  1.00E-07
  1.485E+02 4.35498E-18 -1.325E-03  1.156E-09 -1.737E-09 -1.228E-12 -6.509E-13  1.00E-07
  1.490E+02 4.36303E-18 -1.304E-03  1.165E-09 -1.734E-09 -1.209E-12 -6.430E-13  1.00E-07
  1.495E+02 4.37098E-18 -1.283E-03  1.174E-09 -1.730E-09 -1.190E-12 -6.349E-13  1.00E-07
  1.500E+02 4.37884E-18 -1.262E-03  1.184E-09 -1.726E-09 -1.171E-12 -6.268E-13  1.00E-07
  1.505E+02 4.38659E-18 -1.240E-03  1.192E-09 -1.722E-09 -1.152E-12 -6.186E-13  1.00E-07
  1.510E+02 4.39424E-18 -1.219E-03  1.201E-09 -1.718E-09 -1.133E-12 -6.102E-13  1.00E-07
  1.515E+02 4.40179E-18 -1.198E-03  1.210E-09 -1.714E-09 -1.114E-12 -6.017E-13  1.00E-07
  1.520E+02 4.40924E-18 -1.177E-03  1.218E-09 -1.711E-09 -1.094E-12 -5.932E-13  1.00E-07
  1.525E+02 4.41658E-18 -1.156E-03  1.226E-09 -1.707E-09 -1.075E-12 -5.845E-13  1.00E-07
  1.530E+02 4.42381E-18 -1.134E-03  1.234E-09 -1.703E-09 -1.056E-12 -5.757E-13  1.00E-07
  1.535E+02 4.43094E-18 -1.113E-03  1.242E-09 -1.700E-09 -1.037E-12 -5.668E-13  1.00E-07
  1.540E+02 4.43795E-18 -1.092E-03  1.250E-09 -1.696E-09 -1.018E-12 -5.578E-13  1.00E-07
  1.545E+02 4.44486E-18 -1.071E-03  1.257E-09 -1.692E-09 -9.985E-13 -5.488E-13  1.00E-07
  1.550E+02 4.45165E-18 -1.050E-03  1.265E-09 -1.689E-09 -9.792E-13 -5.396E-13  1.00E-07
  1.555E+02 4.45832E-18 -1.028E-03  1.272E-09 -1.685E-09 -9.599E-13 -5.303E-13  1.00E-07
  1.560E+02 4.46488E-18 -1.007E-03  1.279E-09 -1.682E-09 -9.406E-13 -5.210E-13  1.00E-07
  1.565E+02 4.47133E-18 -9.860E-04  1.286E-09 -1.679E-09 -9.213E-13 -5.115E-13  1.00E-07
  1.570E+02 4.47765E-18 -9.648E-04  1.293E-09 -1.675E-09 -9.020E-13 -5.020E-13  1.00E-07
  1.575E+02 4.48386E-18 -9.436E-04  1.299E-09 -1.672E-09 -8.826E-13 -4.923E-13  1.00E-07
  1.580E+02 4.48995E-18 -9.224E-04  1.306E-09 -1.669E-09 -8.633E-13 -4.826E-13  1.00E-07
  1.585E+02 4.49591E-18 -9.013E-04  1.312E-09 -1.666E-09 -8.439E-13 -4.728E-13  1.00E-07
  1.590E+02 4.50176E-18 -8.801E-04  1.318E-09 -1.663E-09 -8.245E-13 -4.630E-13  1.00E-07
  1.595E+02 4.50748E-18 -8.590E-04  1.324E-09 -1.660E-09 -8.050E-13 -4.530E-13  1.00E-07
  1.600E+02 4.51307E-18 -8.378E-04  1.330E-09 -1.657E-09 -7.856E-13 -4.430E-13  1.00E-07
  1.605E+02 4.51854E-18 -8.167E-04  1.335E-09 -1.654E-09 -7.661E-13 -4.329E-13  1.00E-07
  1.610E+02 4.52389E-18 -7.956E-04  1.341E-09 -1.651E-09 -7.467E-13 -4.227E-13  1.00E-07
  1.615E+02 4.52911E-18 -7.745E-04  1.346E-09 -1.648E-09 -7.272E-13 -4.125E-13  1.00E-07
  1.620E+02 4.53419E-18 -7.534E-04  1.352E-09 -1.645E-09 -7.077E-13 -4.022E-13  1.00E-07
  1.625E+02 4.53915E-18 -7.323E-04  1.357E-09 -1.643E-09 -6.882E-13 -3.918E-13  1.00E-07
  1.630E+02 4.54398E-18 -7.112E-04  1.361E-09 -1.640E-09 -6.686E-13 -3.813E-13  1.00E-07
  1.635E+02 4.54868E-18 -6.901E-04  1.366E-09 -1.638E-09 -6.491E-13 -3.708E-13  1.00E-07
  1.640E+02 4.55325E-18 -6.691E-04  1.371E-09 -1.635E-09 -6.295E-13 -3.602E-13  1.00E-07
  1.645E+02 4.55768E-18 -6.480E-04  1.375E-09 -1.633E-09 -6.100E-13 -3.496E-13  1.00E-07
  1.650E+02 4.56198E-18 -6.270E-04  1.380E-09 -1.631E-09 -5.904E-13 -3.389E-13  1.00E-07
  1.655E+02 4.56615E-18 -6.060E-04  1.384E-09 -1.628E-09 -5.708E-13 -3.281E-13  1.00E-07
  1.660E+02 4.57018E-18 -5.850E-04  1.388E-09 -1.626E-09 -5.512E-13 -3.173E-13  1.00E-07
  1.665E+02 4.57408E-18 -5.640E-04  1.392E-09 -1.624E-09 -5.316E-13 -3.065E-13  1.00E-07
  1.670E+02 4.57784E-18 -5.430E-04  1.395E-09 -1.622E-09 -5.120E-13 -2.955E-13  1.00E-07
  1.675E+02 4.58146E-18 -5.220E-04  1.399E-09 -1.620E-09 -4.924E-13 -2.846E-13  1.00E-07
  1.680E+02 4.58495E-18 -5.010E-04  1.403E-09 -1.618E-09 -4.728E-13 -2.736E-13  1.00E-07
  1.685E+02 4.58829E-18 -4.801E-04  1.406E-09 -1.616E-09 -4.531E-13 -2.625E-13  1.00E-07
  1.690E+02 4.59150E-18 -4.591E-04  1.409E-09 -1.614E-09 -4.335E-13 -2.514E-13  1.00E-07
  1.695E+02 4.59458E-18 -4.382E-04  1.412E-09 -1.613E-09 -4.138E-13 -2.403E-13  1.00E-07
  1.700E+02 4.59751E-18 -4.173E-04  1.415E-09 -1.611E-09 -3.942E-13 -2.291E-13  1.00E-07
  1.705E+02 4.60030E-18 -3.963E-04  1.418E-09 -1.610E-09 -3.745E-13 -2.179E-13  1.00E-07
  1.710E+02 4.60295E-18 -3.754E-04  1.420E-09 -1.608E-09 -3.548E-13 -2.066E-13  1.00E-07
  1.715E+02 4.60546E-18 -3.545E-04  1.423E-09 -1.607E-09 -3.351E-13 -1.953E-13  1.00E-07
  1.720E+02 4.60783E-18 -3.336E-04  1.425E-09 -1.605E-09 -3.154E-13 -1.840E-13  1.00E-07
  1.725E+02 4.61006E-18 -3.127E-04  1.427E-09 -1.604E-09 -2.958E-13 -1.727E-13  1.00E-07
  1.730E+02 4.61214E-18 -2.918E-04  1.429E-09 -1.603E-09 -2.761E-13 -1.613E-13  1.00E-07
  1.735E+02 4.61409E-18 -2.710E-04  1.431E-09 -1.602E-09 -2.564E-13 -1.499E-13  1.00E-07
  1.740E+02 4.61589E-18 -2.501E-04  1.433E-09 -1.601E-09 -2.367E-13 -1.384E-13  1.00E-07
  1.745E+02 4.61754E-18 -2.292E-04  1.434E-09 -1.600E-09 -2.169E-13 -1.270E-13  1.00E-07
  1.750E+02 4.61906E-18 -2.084E-04  1.436E-09 -1.599E-09 -1.972E-13 -1.155E-13  1.00E-07
  1.755E+02 4.62043E-18 -1.875E-04  1.437E-09 -1.598E-09 -1.775E-13 -1.040E-13  1.00E-07
  1.760E+02 4.62166E-18 -1.667E-04  1.438E-09 -1.598E-09 -1.578E-13 -9.249E-14  1.00E-07
  1.765E+02 4.62274E-18 -1.458E-04  1.439E-09 -1.597E-09 -1.381E-13 -8.096E-14  1.00E-07
  1.770E+02 4.62368E-18 -1.250E-04  1.440E-09 -1.597E-09 -1.184E-13 -6.942E-14  1.00E-07
  1.775E+02 4.62447E-18 -1.042E-04  1.441E-09 -1.596E-09 -9.864E-14 -5.787E-14  1.00E-07
  1.780E+02 4.62512E-18 -8.332E-05  1.442E-09 -1.596E-09 -7.891E-14 -4.631E-14  1.00E-07
  1.785E+02 4.62563E-18 -6.249E-05  1.442E-09 -1.596E-09 -5.919E-14 -3.474E-14  1.00E-07
  1.790E+02 4.62599E-18 -4.166E-05  1.443E-09 -1.595E-09 -3.946E-14 -2.316E-14  1.00E-07
  1.795E+02 4.62621E-18 -2.083E-05  1.443E-09 -1.595E-09 -1.973E-14 -1.158E-14  1.00E-07
  1.800E+02 4.62628E-18 -2.923E-19  1.443E-09 -1.595E-09 -2.769E-28 -1.625E-28  1.00E-07

  TOTAL ELASTIC CROSS SECTION = 1.545609E-16 cm**2
               FROM DCS TABLE = 1.545581E-16  (REL. DIF. = 1.80E-05)

  1ST TRANSPORT CROSS SECTION = 5.971345E-17 cm**2
               FROM DCS TABLE = 5.971356E-17  (REL. DIF. = 1.80E-06)

  2ND TRANSPORT CROSS SECTION = 7.495842E-17 cm**2

  **** DPWA0 ENDED ************************************************************

