

  **** PARTIAL WAVE ANALYSIS (DPWA0) ******************************************


  KINETIC ENERGY = 1.24000E+02 eV

      L       PHASE(SPIN UP)     PHASE(SPIN DOWN)
  -----------------------------------------------
       0      5.94048050E-01      0.00000000E+00
       1      2.68832719E-01      2.68901588E-01
       2      1.35026804E-01      1.35052737E-01
       3      7.02029739E-02      7.02152169E-02
       4      3.70751802E-02      3.70813823E-02
       5      1.97344210E-02      1.97376579E-02
       6      1.05456804E-02      1.05473940E-02
       7      5.64540796E-03      5.64632151E-03
       8      3.02380157E-03      3.02429023E-03
       9      1.61936765E-03      1.61962938E-03
      10      8.66769782E-04      8.66910002E-04
      11      4.63596337E-04      4.63671433E-04
      12      2.47749712E-04      2.47789903E-04
      13      1.32284763E-04      1.32306256E-04
      14      7.05719868E-05      7.05834707E-05
      15      3.76176595E-05      3.76237900E-05
      16      2.00356591E-05      2.00389290E-05
      17      1.06631484E-05      1.06648910E-05
      18      5.67094335E-06      5.67187127E-06
      19      3.01391504E-06      3.01440878E-06
      20      1.60077254E-06      1.60103508E-06
      21      8.49703414E-07      8.49842917E-07
      22      4.50774547E-07      4.50848628E-07
      23      2.39011997E-07      2.39051315E-07
      24      1.26666438E-07      1.26687293E-07
      25      6.70960973E-08      6.71071518E-08
      26      3.55252589E-08      3.55311179E-08
      27      1.88014822E-08      1.88045871E-08
      28      9.94657221E-09      9.94821569E-09
      29      5.26003494E-09      5.26090691E-09
      30      2.78060759E-09      2.78106799E-09
      31      1.46937064E-09      1.46961897E-09
      32      7.76230017E-10      7.76359766E-10
      33      4.09939029E-10      4.10006187E-10


  *** SCATTERING AMPLITUDES AND DIFFERENTIAL CROSS SECTION ***

    ANGLE      DCS       ASYMMETRY    DIRECT AMPLITUDE       SPIN-FLIP AMPLITUDE     ERROR
    (deg)   (cm**2/sr)                      (cm)                    (cm)
  -------------------------------------------------------------------------------------------
  0.000E+00 3.45611E-17  0.000E+00  5.761E-09  1.172E-09  0.000E+00  0.000E+00  1.00E-07
  1.000E-04 3.45611E-17 -1.352E-11  5.761E-09  1.172E-09  1.312E-18  2.265E-19  1.00E-07
  1.250E-04 3.45611E-17 -1.690E-11  5.761E-09  1.172E-09  1.640E-18  2.831E-19  1.00E-07
  1.500E-04 3.45611E-17 -2.028E-11  5.761E-09  1.172E-09  1.968E-18  3.397E-19  1.00E-07
  1.750E-04 3.45611E-17 -2.366E-11  5.761E-09  1.172E-09  2.296E-18  3.964E-19  1.00E-07
  2.000E-04 3.45611E-17 -2.703E-11  5.761E-09  1.172E-09  2.624E-18  4.530E-19  1.00E-07
  2.250E-04 3.45611E-17 -3.041E-11  5.761E-09  1.172E-09  2.953E-18  5.096E-19  1.00E-07
  2.500E-04 3.45611E-17 -3.379E-11  5.761E-09  1.172E-09  3.281E-18  5.662E-19  1.00E-07
  2.750E-04 3.45611E-17 -3.717E-11  5.761E-09  1.172E-09  3.609E-18  6.228E-19  1.00E-07
  3.000E-04 3.45611E-17 -4.055E-11  5.761E-09  1.172E-09  3.937E-18  6.795E-19  1.00E-07
  3.250E-04 3.45611E-17 -4.393E-11  5.761E-09  1.172E-09  4.265E-18  7.361E-19  1.00E-07
  3.500E-04 3.45611E-17 -4.731E-11  5.761E-09  1.172E-09  4.593E-18  7.927E-19  1.00E-07
  3.750E-04 3.45611E-17 -5.069E-11  5.761E-09  1.172E-09  4.921E-18  8.493E-19  1.00E-07
  4.000E-04 3.45611E-17 -5.407E-11  5.761E-09  1.172E-09  5.249E-18  9.060E-19  1.00E-07
  4.250E-04 3.45611E-17 -5.745E-11  5.761E-09  1.172E-09  5.577E-18  9.626E-19  1.00E-07
  4.500E-04 3.45611E-17 -6.083E-11  5.761E-09  1.172E-09  5.905E-18  1.019E-18  1.00E-07
  4.750E-04 3.45611E-17 -6.421E-11  5.761E-09  1.172E-09  6.233E-18  1.076E-18  1.00E-07
  5.000E-04 3.45611E-17 -6.759E-11  5.761E-09  1.172E-09  6.561E-18  1.132E-18  1.00E-07
  5.250E-04 3.45611E-17 -7.097E-11  5.761E-09  1.172E-09  6.889E-18  1.189E-18  1.00E-07
  5.500E-04 3.45611E-17 -7.434E-11  5.761E-09  1.172E-09  7.217E-18  1.246E-18  1.00E-07
  5.750E-04 3.45611E-17 -7.772E-11  5.761E-09  1.172E-09  7.545E-18  1.302E-18  1.00E-07
  6.000E-04 3.45611E-17 -8.110E-11  5.761E-09  1.172E-09  7.873E-18  1.359E-18  1.00E-07
  6.250E-04 3.45611E-17 -8.448E-11  5.761E-09  1.172E-09  8.201E-18  1.416E-18  1.00E-07
  6.500E-04 3.45611E-17 -8.786E-11  5.761E-09  1.172E-09  8.529E-18  1.472E-18  1.00E-07
  6.750E-04 3.45611E-17 -9.124E-11  5.761E-09  1.172E-09  8.858E-18  1.529E-18  1.00E-07
  7.000E-04 3.45611E-17 -9.462E-11  5.761E-09  1.172E-09  9.186E-18  1.585E-18  1.00E-07
  7.250E-04 3.45611E-17 -9.800E-11  5.761E-09  1.172E-09  9.514E-18  1.642E-18  1.00E-07
  7.500E-04 3.45611E-17 -1.014E-10  5.761E-09  1.172E-09  9.842E-18  1.699E-18  1.00E-07
  7.750E-04 3.45611E-17 -1.048E-10  5.761E-09  1.172E-09  1.017E-17  1.755E-18  1.00E-07
  8.000E-04 3.45611E-17 -1.081E-10  5.761E-09  1.172E-09  1.050E-17  1.812E-18  1.00E-07
  8.250E-04 3.45611E-17 -1.115E-10  5.761E-09  1.172E-09  1.083E-17  1.869E-18  1.00E-07
  8.500E-04 3.45611E-17 -1.149E-10  5.761E-09  1.172E-09  1.115E-17  1.925E-18  1.00E-07
  8.750E-04 3.45611E-17 -1.183E-10  5.761E-09  1.172E-09  1.148E-17  1.982E-18  1.00E-07
  9.000E-04 3.45611E-17 -1.217E-10  5.761E-09  1.172E-09  1.181E-17  2.038E-18  1.00E-07
  9.250E-04 3.45611E-17 -1.250E-10  5.761E-09  1.172E-09  1.214E-17  2.095E-18  1.00E-07
  9.500E-04 3.45611E-17 -1.284E-10  5.761E-09  1.172E-09  1.247E-17  2.152E-18  1.00E-07
  9.750E-04 3.45611E-17 -1.318E-10  5.761E-09  1.172E-09  1.279E-17  2.208E-18  1.00E-07
  1.000E-03 3.45611E-17 -1.352E-10  5.761E-09  1.172E-09  1.312E-17  2.265E-18  1.00E-07
  1.250E-03 3.45611E-17 -1.690E-10  5.761E-09  1.172E-09  1.640E-17  2.831E-18  1.00E-07
  1.500E-03 3.45611E-17 -2.028E-10  5.761E-09  1.172E-09  1.968E-17  3.397E-18  1.00E-07
  1.750E-03 3.45611E-17 -2.366E-10  5.761E-09  1.172E-09  2.296E-17  3.964E-18  1.00E-07
  2.000E-03 3.45611E-17 -2.703E-10  5.761E-09  1.172E-09  2.624E-17  4.530E-18  1.00E-07
  2.250E-03 3.45611E-17 -3.041E-10  5.761E-09  1.172E-09  2.953E-17  5.096E-18  1.00E-07
  2.500E-03 3.45611E-17 -3.379E-10  5.761E-09  1.172E-09  3.281E-17  5.662E-18  1.00E-07
  2.750E-03 3.45611E-17 -3.717E-10  5.761E-09  1.172E-09  3.609E-17  6.228E-18  1.00E-07
  3.000E-03 3.45611E-17 -4.055E-10  5.761E-09  1.172E-09  3.937E-17  6.795E-18  1.00E-07
  3.250E-03 3.45611E-17 -4.393E-10  5.761E-09  1.172E-09  4.265E-17  7.361E-18  1.00E-07
  3.500E-03 3.45611E-17 -4.731E-10  5.761E-09  1.172E-09  4.593E-17  7.927E-18  1.00E-07
  3.750E-03 3.45611E-17 -5.069E-10  5.761E-09  1.172E-09  4.921E-17  8.493E-18  1.00E-07
  4.000E-03 3.45611E-17 -5.407E-10  5.761E-09  1.172E-09  5.249E-17  9.060E-18  1.00E-07
  4.250E-03 3.45611E-17 -5.745E-10  5.761E-09  1.172E-09  5.577E-17  9.626E-18  1.00E-07
  4.500E-03 3.45611E-17 -6.083E-10  5.761E-09  1.172E-09  5.905E-17  1.019E-17  1.00E-07
  4.750E-03 3.45611E-17 -6.421E-10  5.761E-09  1.172E-09  6.233E-17  1.076E-17  1.00E-07
  5.000E-03 3.45611E-17 -6.759E-10  5.761E-09  1.172E-09  6.561E-17  1.132E-17  1.00E-07
  5.250E-03 3.45611E-17 -7.097E-10  5.761E-09  1.172E-09  6.889E-17  1.189E-17  1.00E-07
  5.500E-03 3.45611E-17 -7.434E-10  5.761E-09  1.172E-09  7.217E-17  1.246E-17  1.00E-07
  5.750E-03 3.45611E-17 -7.772E-10  5.761E-09  1.172E-09  7.545E-17  1.302E-17  1.00E-07
  6.000E-03 3.45611E-17 -8.110E-10  5.761E-09  1.172E-09  7.873E-17  1.359E-17  1.00E-07
  6.250E-03 3.45611E-17 -8.448E-10  5.761E-09  1.172E-09  8.201E-17  1.416E-17  1.00E-07
  6.500E-03 3.45611E-17 -8.786E-10  5.761E-09  1.172E-09  8.529E-17  1.472E-17  1.00E-07
  6.750E-03 3.45611E-17 -9.124E-10  5.761E-09  1.172E-09  8.858E-17  1.529E-17  1.00E-07
  7.000E-03 3.45611E-17 -9.462E-10  5.761E-09  1.172E-09  9.186E-17  1.585E-17  1.00E-07
  7.250E-03 3.45611E-17 -9.800E-10  5.761E-09  1.172E-09  9.514E-17  1.642E-17  1.00E-07
  7.500E-03 3.45611E-17 -1.014E-09  5.761E-09  1.172E-09  9.842E-17  1.699E-17  1.00E-07
  7.750E-03 3.45611E-17 -1.048E-09  5.761E-09  1.172E-09  1.017E-16  1.755E-17  1.00E-07
  8.000E-03 3.45611E-17 -1.081E-09  5.761E-09  1.172E-09  1.050E-16  1.812E-17  1.00E-07
  8.250E-03 3.45611E-17 -1.115E-09  5.761E-09  1.172E-09  1.083E-16  1.869E-17  1.00E-07
  8.500E-03 3.45611E-17 -1.149E-09  5.761E-09  1.172E-09  1.115E-16  1.925E-17  1.00E-07
  8.750E-03 3.45611E-17 -1.183E-09  5.761E-09  1.172E-09  1.148E-16  1.982E-17  1.00E-07
  9.000E-03 3.45611E-17 -1.217E-09  5.761E-09  1.172E-09  1.181E-16  2.038E-17  1.00E-07
  9.250E-03 3.45611E-17 -1.250E-09  5.761E-09  1.172E-09  1.214E-16  2.095E-17  1.00E-07
  9.500E-03 3.45611E-17 -1.284E-09  5.761E-09  1.172E-09  1.247E-16  2.152E-17  1.00E-07
  9.750E-03 3.45611E-17 -1.318E-09  5.761E-09  1.172E-09  1.279E-16  2.208E-17  1.00E-07
  1.000E-02 3.45611E-17 -1.352E-09  5.761E-09  1.172E-09  1.312E-16  2.265E-17  1.00E-07
  1.250E-02 3.45611E-17 -1.690E-09  5.761E-09  1.172E-09  1.640E-16  2.831E-17  1.00E-07
  1.500E-02 3.45611E-17 -2.028E-09  5.761E-09  1.172E-09  1.968E-16  3.397E-17  1.00E-07
  1.750E-02 3.45611E-17 -2.366E-09  5.761E-09  1.172E-09  2.296E-16  3.964E-17  1.00E-07
  2.000E-02 3.45611E-17 -2.703E-09  5.761E-09  1.172E-09  2.624E-16  4.530E-17  1.00E-07
  2.250E-02 3.45611E-17 -3.041E-09  5.761E-09  1.172E-09  2.953E-16  5.096E-17  1.00E-07
  2.500E-02 3.45611E-17 -3.379E-09  5.761E-09  1.172E-09  3.281E-16  5.662E-17  1.00E-07
  2.750E-02 3.45611E-17 -3.717E-09  5.761E-09  1.172E-09  3.609E-16  6.228E-17  1.00E-07
  3.000E-02 3.45610E-17 -4.055E-09  5.761E-09  1.172E-09  3.937E-16  6.795E-17  1.00E-07
  3.250E-02 3.45610E-17 -4.393E-09  5.761E-09  1.172E-09  4.265E-16  7.361E-17  1.00E-07
  3.500E-02 3.45610E-17 -4.731E-09  5.761E-09  1.172E-09  4.593E-16  7.927E-17  1.00E-07
  3.750E-02 3.45610E-17 -5.069E-09  5.761E-09  1.172E-09  4.921E-16  8.493E-17  1.00E-07
  4.000E-02 3.45610E-17 -5.407E-09  5.761E-09  1.172E-09  5.249E-16  9.060E-17  1.00E-07
  4.250E-02 3.45610E-17 -5.745E-09  5.761E-09  1.172E-09  5.577E-16  9.626E-17  1.00E-07
  4.500E-02 3.45610E-17 -6.083E-09  5.761E-09  1.172E-09  5.905E-16  1.019E-16  1.00E-07
  4.750E-02 3.45609E-17 -6.421E-09  5.761E-09  1.172E-09  6.233E-16  1.076E-16  1.00E-07
  5.000E-02 3.45609E-17 -6.759E-09  5.761E-09  1.172E-09  6.561E-16  1.132E-16  1.00E-07
  5.250E-02 3.45609E-17 -7.097E-09  5.761E-09  1.172E-09  6.889E-16  1.189E-16  1.00E-07
  5.500E-02 3.45609E-17 -7.435E-09  5.761E-09  1.172E-09  7.217E-16  1.246E-16  1.00E-07
  5.750E-02 3.45609E-17 -7.772E-09  5.761E-09  1.172E-09  7.545E-16  1.302E-16  1.00E-07
  6.000E-02 3.45608E-17 -8.110E-09  5.761E-09  1.172E-09  7.873E-16  1.359E-16  1.00E-07
  6.250E-02 3.45608E-17 -8.448E-09  5.761E-09  1.172E-09  8.201E-16  1.416E-16  1.00E-07
  6.500E-02 3.45608E-17 -8.786E-09  5.761E-09  1.172E-09  8.529E-16  1.472E-16  1.00E-07
  6.750E-02 3.45608E-17 -9.124E-09  5.761E-09  1.172E-09  8.857E-16  1.529E-16  1.00E-07
  7.000E-02 3.45607E-17 -9.462E-09  5.761E-09  1.172E-09  9.186E-16  1.585E-16  1.00E-07
  7.250E-02 3.45607E-17 -9.800E-09  5.761E-09  1.172E-09  9.514E-16  1.642E-16  1.00E-07
  7.500E-02 3.45607E-17 -1.014E-08  5.761E-09  1.172E-09  9.842E-16  1.699E-16  1.00E-07
  7.750E-02 3.45607E-17 -1.048E-08  5.761E-09  1.172E-09  1.017E-15  1.755E-16  1.00E-07
  8.000E-02 3.45606E-17 -1.081E-08  5.761E-09  1.172E-09  1.050E-15  1.812E-16  1.00E-07
  8.250E-02 3.45606E-17 -1.115E-08  5.761E-09  1.172E-09  1.083E-15  1.869E-16  1.00E-07
  8.500E-02 3.45606E-17 -1.149E-08  5.761E-09  1.172E-09  1.115E-15  1.925E-16  1.00E-07
  8.750E-02 3.45605E-17 -1.183E-08  5.761E-09  1.172E-09  1.148E-15  1.982E-16  1.00E-07
  9.000E-02 3.45605E-17 -1.217E-08  5.761E-09  1.172E-09  1.181E-15  2.038E-16  1.00E-07
  9.250E-02 3.45605E-17 -1.250E-08  5.761E-09  1.172E-09  1.214E-15  2.095E-16  1.00E-07
  9.500E-02 3.45604E-17 -1.284E-08  5.761E-09  1.172E-09  1.247E-15  2.152E-16  1.00E-07
  9.750E-02 3.45604E-17 -1.318E-08  5.761E-09  1.172E-09  1.279E-15  2.208E-16  1.00E-07
  1.000E-01 3.45604E-17 -1.352E-08  5.761E-09  1.172E-09  1.312E-15  2.265E-16  1.00E-07
  1.250E-01 3.45599E-17 -1.690E-08  5.761E-09  1.172E-09  1.640E-15  2.831E-16  1.00E-07
  1.500E-01 3.45594E-17 -2.028E-08  5.761E-09  1.172E-09  1.968E-15  3.397E-16  1.00E-07
  1.750E-01 3.45588E-17 -2.366E-08  5.761E-09  1.172E-09  2.296E-15  3.964E-16  1.00E-07
  2.000E-01 3.45581E-17 -2.704E-08  5.761E-09  1.172E-09  2.624E-15  4.530E-16  1.00E-07
  2.250E-01 3.45574E-17 -3.042E-08  5.760E-09  1.172E-09  2.952E-15  5.096E-16  1.00E-07
  2.500E-01 3.45565E-17 -3.380E-08  5.760E-09  1.172E-09  3.280E-15  5.662E-16  1.00E-07
  2.750E-01 3.45555E-17 -3.718E-08  5.760E-09  1.172E-09  3.608E-15  6.228E-16  1.00E-07
  3.000E-01 3.45544E-17 -4.056E-08  5.760E-09  1.172E-09  3.936E-15  6.795E-16  1.00E-07
  3.250E-01 3.45533E-17 -4.394E-08  5.760E-09  1.172E-09  4.264E-15  7.361E-16  1.00E-07
  3.500E-01 3.45520E-17 -4.732E-08  5.760E-09  1.172E-09  4.592E-15  7.927E-16  1.00E-07
  3.750E-01 3.45507E-17 -5.070E-08  5.760E-09  1.172E-09  4.920E-15  8.493E-16  1.00E-07
  4.000E-01 3.45493E-17 -5.408E-08  5.760E-09  1.172E-09  5.248E-15  9.059E-16  1.00E-07
  4.250E-01 3.45477E-17 -5.746E-08  5.760E-09  1.172E-09  5.576E-15  9.625E-16  1.00E-07
  4.500E-01 3.45461E-17 -6.084E-08  5.760E-09  1.172E-09  5.904E-15  1.019E-15  1.00E-07
  4.750E-01 3.45444E-17 -6.422E-08  5.759E-09  1.172E-09  6.232E-15  1.076E-15  1.00E-07
  5.000E-01 3.45426E-17 -6.761E-08  5.759E-09  1.172E-09  6.559E-15  1.132E-15  1.00E-07
  5.250E-01 3.45407E-17 -7.099E-08  5.759E-09  1.172E-09  6.887E-15  1.189E-15  1.00E-07
  5.500E-01 3.45387E-17 -7.437E-08  5.759E-09  1.172E-09  7.215E-15  1.246E-15  1.00E-07
  5.750E-01 3.45366E-17 -7.775E-08  5.759E-09  1.172E-09  7.543E-15  1.302E-15  1.00E-07
  6.000E-01 3.45345E-17 -8.114E-08  5.759E-09  1.172E-09  7.870E-15  1.359E-15  1.00E-07
  6.250E-01 3.45322E-17 -8.452E-08  5.758E-09  1.172E-09  8.198E-15  1.415E-15  1.00E-07
  6.500E-01 3.45298E-17 -8.790E-08  5.758E-09  1.172E-09  8.526E-15  1.472E-15  1.00E-07
  6.750E-01 3.45274E-17 -9.129E-08  5.758E-09  1.172E-09  8.853E-15  1.529E-15  1.00E-07
  7.000E-01 3.45248E-17 -9.467E-08  5.758E-09  1.172E-09  9.181E-15  1.585E-15  1.00E-07
  7.250E-01 3.45222E-17 -9.806E-08  5.757E-09  1.172E-09  9.508E-15  1.642E-15  1.00E-07
  7.500E-01 3.45195E-17 -1.014E-07  5.757E-09  1.172E-09  9.836E-15  1.698E-15  1.00E-07
  7.750E-01 3.45167E-17 -1.048E-07  5.757E-09  1.172E-09  1.016E-14  1.755E-15  1.00E-07
  8.000E-01 3.45137E-17 -1.082E-07  5.757E-09  1.172E-09  1.049E-14  1.812E-15  1.00E-07
  8.250E-01 3.45107E-17 -1.116E-07  5.756E-09  1.172E-09  1.082E-14  1.868E-15  1.00E-07
  8.500E-01 3.45077E-17 -1.150E-07  5.756E-09  1.172E-09  1.115E-14  1.925E-15  1.00E-07
  8.750E-01 3.45045E-17 -1.184E-07  5.756E-09  1.172E-09  1.147E-14  1.981E-15  1.00E-07
  9.000E-01 3.45012E-17 -1.218E-07  5.756E-09  1.172E-09  1.180E-14  2.038E-15  1.00E-07
  9.250E-01 3.44978E-17 -1.252E-07  5.755E-09  1.172E-09  1.213E-14  2.095E-15  1.00E-07
  9.500E-01 3.44944E-17 -1.285E-07  5.755E-09  1.172E-09  1.245E-14  2.151E-15  1.00E-07
  9.750E-01 3.44908E-17 -1.319E-07  5.755E-09  1.172E-09  1.278E-14  2.208E-15  1.00E-07
  1.000E+00 3.44871E-17 -1.353E-07  5.754E-09  1.172E-09  1.311E-14  2.264E-15  1.00E-07
  1.100E+00 3.44716E-17 -1.489E-07  5.753E-09  1.172E-09  1.442E-14  2.491E-15  1.00E-07
  1.200E+00 3.44547E-17 -1.625E-07  5.752E-09  1.172E-09  1.572E-14  2.717E-15  1.00E-07
  1.300E+00 3.44362E-17 -1.761E-07  5.750E-09  1.172E-09  1.703E-14  2.943E-15  1.00E-07
  1.400E+00 3.44164E-17 -1.897E-07  5.748E-09  1.172E-09  1.833E-14  3.169E-15  1.00E-07
  1.500E+00 3.43950E-17 -2.033E-07  5.746E-09  1.172E-09  1.964E-14  3.395E-15  1.00E-07
  1.600E+00 3.43722E-17 -2.169E-07  5.745E-09  1.172E-09  2.094E-14  3.622E-15  1.00E-07
  1.700E+00 3.43480E-17 -2.306E-07  5.742E-09  1.172E-09  2.224E-14  3.848E-15  1.00E-07
  1.800E+00 3.43223E-17 -2.442E-07  5.740E-09  1.172E-09  2.354E-14  4.074E-15  1.00E-07
  1.900E+00 3.42952E-17 -2.579E-07  5.738E-09  1.171E-09  2.483E-14  4.299E-15  1.00E-07
  2.000E+00 3.42666E-17 -2.716E-07  5.735E-09  1.171E-09  2.613E-14  4.525E-15  1.00E-07
  2.100E+00 3.42366E-17 -2.853E-07  5.733E-09  1.171E-09  2.743E-14  4.751E-15  1.00E-07
  2.200E+00 3.42052E-17 -2.990E-07  5.730E-09  1.171E-09  2.872E-14  4.977E-15  1.00E-07
  2.300E+00 3.41724E-17 -3.128E-07  5.727E-09  1.171E-09  3.001E-14  5.202E-15  1.00E-07
  2.400E+00 3.41381E-17 -3.266E-07  5.724E-09  1.171E-09  3.130E-14  5.428E-15  1.00E-07
  2.500E+00 3.41025E-17 -3.404E-07  5.721E-09  1.171E-09  3.258E-14  5.653E-15  1.00E-07
  2.600E+00 3.40654E-17 -3.542E-07  5.718E-09  1.171E-09  3.387E-14  5.879E-15  1.00E-07
  2.700E+00 3.40270E-17 -3.680E-07  5.715E-09  1.171E-09  3.515E-14  6.104E-15  1.00E-07
  2.800E+00 3.39872E-17 -3.819E-07  5.711E-09  1.170E-09  3.643E-14  6.329E-15  1.00E-07
  2.900E+00 3.39460E-17 -3.958E-07  5.708E-09  1.170E-09  3.771E-14  6.555E-15  1.00E-07
  3.000E+00 3.39034E-17 -4.097E-07  5.704E-09  1.170E-09  3.898E-14  6.780E-15  1.00E-07
  3.100E+00 3.38595E-17 -4.237E-07  5.700E-09  1.170E-09  4.026E-14  7.005E-15  1.00E-07
  3.200E+00 3.38142E-17 -4.376E-07  5.696E-09  1.170E-09  4.153E-14  7.229E-15  1.00E-07
  3.300E+00 3.37675E-17 -4.517E-07  5.692E-09  1.170E-09  4.280E-14  7.454E-15  1.00E-07
  3.400E+00 3.37195E-17 -4.657E-07  5.688E-09  1.169E-09  4.406E-14  7.679E-15  1.00E-07
  3.500E+00 3.36702E-17 -4.798E-07  5.684E-09  1.169E-09  4.532E-14  7.903E-15  1.00E-07
  3.600E+00 3.36196E-17 -4.939E-07  5.679E-09  1.169E-09  4.658E-14  8.128E-15  1.00E-07
  3.700E+00 3.35676E-17 -5.080E-07  5.675E-09  1.169E-09  4.784E-14  8.352E-15  1.00E-07
  3.800E+00 3.35144E-17 -5.222E-07  5.670E-09  1.169E-09  4.909E-14  8.576E-15  1.00E-07
  3.900E+00 3.34598E-17 -5.364E-07  5.665E-09  1.169E-09  5.034E-14  8.800E-15  1.00E-07
  4.000E+00 3.34040E-17 -5.506E-07  5.660E-09  1.168E-09  5.159E-14  9.024E-15  1.00E-07
  4.100E+00 3.33468E-17 -5.649E-07  5.655E-09  1.168E-09  5.283E-14  9.248E-15  1.00E-07
  4.200E+00 3.32884E-17 -5.793E-07  5.650E-09  1.168E-09  5.407E-14  9.471E-15  1.00E-07
  4.300E+00 3.32288E-17 -5.936E-07  5.645E-09  1.168E-09  5.531E-14  9.695E-15  1.00E-07
  4.400E+00 3.31679E-17 -6.080E-07  5.640E-09  1.168E-09  5.654E-14  9.918E-15  1.00E-07
  4.500E+00 3.31057E-17 -6.225E-07  5.634E-09  1.167E-09  5.777E-14  1.014E-14  1.00E-07
  4.600E+00 3.30424E-17 -6.370E-07  5.629E-09  1.167E-09  5.900E-14  1.036E-14  1.00E-07
  4.700E+00 3.29778E-17 -6.515E-07  5.623E-09  1.167E-09  6.022E-14  1.059E-14  1.00E-07
  4.800E+00 3.29120E-17 -6.661E-07  5.617E-09  1.167E-09  6.144E-14  1.081E-14  1.00E-07
  4.900E+00 3.28450E-17 -6.807E-07  5.611E-09  1.166E-09  6.266E-14  1.103E-14  1.00E-07
  5.000E+00 3.27769E-17 -6.953E-07  5.605E-09  1.166E-09  6.387E-14  1.125E-14  1.00E-07
  5.100E+00 3.27075E-17 -7.101E-07  5.599E-09  1.166E-09  6.508E-14  1.148E-14  1.00E-07
  5.200E+00 3.26370E-17 -7.248E-07  5.593E-09  1.166E-09  6.628E-14  1.170E-14  1.00E-07
  5.300E+00 3.25654E-17 -7.396E-07  5.586E-09  1.165E-09  6.748E-14  1.192E-14  1.00E-07
  5.400E+00 3.24926E-17 -7.545E-07  5.580E-09  1.165E-09  6.867E-14  1.214E-14  1.00E-07
  5.500E+00 3.24187E-17 -7.694E-07  5.573E-09  1.165E-09  6.987E-14  1.236E-14  1.00E-07
  5.600E+00 3.23437E-17 -7.844E-07  5.567E-09  1.165E-09  7.105E-14  1.259E-14  1.00E-07
  5.700E+00 3.22675E-17 -7.994E-07  5.560E-09  1.164E-09  7.223E-14  1.281E-14  1.00E-07
  5.800E+00 3.21903E-17 -8.144E-07  5.553E-09  1.164E-09  7.341E-14  1.303E-14  1.00E-07
  5.900E+00 3.21120E-17 -8.296E-07  5.546E-09  1.164E-09  7.459E-14  1.325E-14  1.00E-07
  6.000E+00 3.20327E-17 -8.447E-07  5.539E-09  1.163E-09  7.575E-14  1.347E-14  1.00E-07
  6.100E+00 3.19523E-17 -8.600E-07  5.532E-09  1.163E-09  7.692E-14  1.369E-14  1.00E-07
  6.200E+00 3.18708E-17 -8.753E-07  5.524E-09  1.163E-09  7.808E-14  1.391E-14  1.00E-07
  6.300E+00 3.17884E-17 -8.906E-07  5.517E-09  1.163E-09  7.923E-14  1.413E-14  1.00E-07
  6.400E+00 3.17049E-17 -9.060E-07  5.509E-09  1.162E-09  8.038E-14  1.435E-14  1.00E-07
  6.500E+00 3.16204E-17 -9.215E-07  5.502E-09  1.162E-09  8.153E-14  1.457E-14  1.00E-07
  6.600E+00 3.15349E-17 -9.371E-07  5.494E-09  1.162E-09  8.267E-14  1.479E-14  1.00E-07
  6.700E+00 3.14485E-17 -9.527E-07  5.486E-09  1.161E-09  8.380E-14  1.501E-14  1.00E-07
  6.800E+00 3.13611E-17 -9.683E-07  5.478E-09  1.161E-09  8.494E-14  1.523E-14  1.00E-07
  6.900E+00 3.12727E-17 -9.840E-07  5.470E-09  1.161E-09  8.606E-14  1.545E-14  1.00E-07
  7.000E+00 3.11835E-17 -9.998E-07  5.462E-09  1.160E-09  8.718E-14  1.566E-14  1.00E-07
  7.100E+00 3.10933E-17 -1.016E-06  5.454E-09  1.160E-09  8.830E-14  1.588E-14  1.00E-07
  7.200E+00 3.10022E-17 -1.032E-06  5.446E-09  1.160E-09  8.941E-14  1.610E-14  1.00E-07
  7.300E+00 3.09102E-17 -1.048E-06  5.437E-09  1.159E-09  9.051E-14  1.632E-14  1.00E-07
  7.400E+00 3.08173E-17 -1.064E-06  5.429E-09  1.159E-09  9.161E-14  1.654E-14  1.00E-07
  7.500E+00 3.07236E-17 -1.080E-06  5.420E-09  1.159E-09  9.271E-14  1.675E-14  1.00E-07
  7.600E+00 3.06290E-17 -1.096E-06  5.412E-09  1.158E-09  9.379E-14  1.697E-14  1.00E-07
  7.700E+00 3.05336E-17 -1.112E-06  5.403E-09  1.158E-09  9.488E-14  1.719E-14  1.00E-07
  7.800E+00 3.04374E-17 -1.129E-06  5.394E-09  1.157E-09  9.596E-14  1.740E-14  1.00E-07
  7.900E+00 3.03403E-17 -1.145E-06  5.385E-09  1.157E-09  9.703E-14  1.762E-14  1.00E-07
  8.000E+00 3.02425E-17 -1.162E-06  5.376E-09  1.157E-09  9.810E-14  1.784E-14  1.00E-07
  8.100E+00 3.01439E-17 -1.178E-06  5.367E-09  1.156E-09  9.916E-14  1.805E-14  1.00E-07
  8.200E+00 3.00445E-17 -1.195E-06  5.358E-09  1.156E-09  1.002E-13  1.827E-14  1.00E-07
  8.300E+00 2.99444E-17 -1.212E-06  5.349E-09  1.155E-09  1.013E-13  1.848E-14  1.00E-07
  8.400E+00 2.98435E-17 -1.228E-06  5.339E-09  1.155E-09  1.023E-13  1.870E-14  1.00E-07
  8.500E+00 2.97419E-17 -1.245E-06  5.330E-09  1.155E-09  1.033E-13  1.891E-14  1.00E-07
  8.600E+00 2.96396E-17 -1.262E-06  5.320E-09  1.154E-09  1.044E-13  1.913E-14  1.00E-07
  8.700E+00 2.95367E-17 -1.279E-06  5.311E-09  1.154E-09  1.054E-13  1.934E-14  1.00E-07
  8.800E+00 2.94330E-17 -1.296E-06  5.301E-09  1.153E-09  1.064E-13  1.956E-14  1.00E-07
  8.900E+00 2.93287E-17 -1.314E-06  5.291E-09  1.153E-09  1.074E-13  1.977E-14  1.00E-07
  9.000E+00 2.92237E-17 -1.331E-06  5.282E-09  1.153E-09  1.085E-13  1.998E-14  1.00E-07
  9.100E+00 2.91181E-17 -1.348E-06  5.272E-09  1.152E-09  1.095E-13  2.020E-14  1.00E-07
  9.200E+00 2.90119E-17 -1.366E-06  5.262E-09  1.152E-09  1.105E-13  2.041E-14  1.00E-07
  9.300E+00 2.89051E-17 -1.383E-06  5.252E-09  1.151E-09  1.114E-13  2.062E-14  1.00E-07
  9.400E+00 2.87976E-17 -1.401E-06  5.242E-09  1.151E-09  1.124E-13  2.083E-14  1.00E-07
  9.500E+00 2.86896E-17 -1.419E-06  5.231E-09  1.150E-09  1.134E-13  2.105E-14  1.00E-07
  9.600E+00 2.85811E-17 -1.437E-06  5.221E-09  1.150E-09  1.144E-13  2.126E-14  1.00E-07
  9.700E+00 2.84720E-17 -1.455E-06  5.211E-09  1.149E-09  1.153E-13  2.147E-14  1.00E-07
  9.800E+00 2.83623E-17 -1.473E-06  5.200E-09  1.149E-09  1.163E-13  2.168E-14  1.00E-07
  9.900E+00 2.82521E-17 -1.491E-06  5.190E-09  1.148E-09  1.173E-13  2.189E-14  1.00E-07
  1.000E+01 2.81415E-17 -1.509E-06  5.179E-09  1.148E-09  1.182E-13  2.210E-14  1.00E-07
  1.025E+01 2.78627E-17 -1.555E-06  5.152E-09  1.147E-09  1.205E-13  2.263E-14  1.00E-07
  1.050E+01 2.75810E-17 -1.602E-06  5.125E-09  1.146E-09  1.229E-13  2.315E-14  1.00E-07
  1.075E+01 2.72967E-17 -1.649E-06  5.098E-09  1.144E-09  1.251E-13  2.367E-14  1.00E-07
  1.100E+01 2.70100E-17 -1.697E-06  5.070E-09  1.143E-09  1.273E-13  2.419E-14  1.00E-07
  1.125E+01 2.67211E-17 -1.746E-06  5.042E-09  1.142E-09  1.295E-13  2.471E-14  1.00E-07
  1.150E+01 2.64302E-17 -1.795E-06  5.013E-09  1.140E-09  1.317E-13  2.522E-14  1.00E-07
  1.175E+01 2.61375E-17 -1.845E-06  4.984E-09  1.139E-09  1.338E-13  2.573E-14  1.00E-07
  1.200E+01 2.58432E-17 -1.896E-06  4.955E-09  1.138E-09  1.358E-13  2.624E-14  1.00E-07
  1.225E+01 2.55476E-17 -1.947E-06  4.925E-09  1.136E-09  1.378E-13  2.675E-14  1.00E-07
  1.250E+01 2.52507E-17 -1.999E-06  4.895E-09  1.135E-09  1.398E-13  2.726E-14  1.00E-07
  1.275E+01 2.49529E-17 -2.052E-06  4.865E-09  1.133E-09  1.417E-13  2.776E-14  1.00E-07
  1.300E+01 2.46543E-17 -2.106E-06  4.835E-09  1.132E-09  1.436E-13  2.826E-14  1.00E-07
  1.325E+01 2.43551E-17 -2.161E-06  4.804E-09  1.130E-09  1.455E-13  2.876E-14  1.00E-07
  1.350E+01 2.40554E-17 -2.216E-06  4.773E-09  1.129E-09  1.473E-13  2.925E-14  1.00E-07
  1.375E+01 2.37555E-17 -2.272E-06  4.742E-09  1.127E-09  1.491E-13  2.975E-14  1.00E-07
  1.400E+01 2.34555E-17 -2.329E-06  4.710E-09  1.126E-09  1.508E-13  3.024E-14  1.00E-07
  1.425E+01 2.31556E-17 -2.387E-06  4.679E-09  1.124E-09  1.525E-13  3.073E-14  1.00E-07
  1.450E+01 2.28560E-17 -2.446E-06  4.647E-09  1.122E-09  1.541E-13  3.121E-14  1.00E-07
  1.475E+01 2.25568E-17 -2.506E-06  4.615E-09  1.121E-09  1.557E-13  3.170E-14  1.00E-07
  1.500E+01 2.22581E-17 -2.567E-06  4.583E-09  1.119E-09  1.573E-13  3.218E-14  1.00E-07
  1.525E+01 2.19602E-17 -2.628E-06  4.551E-09  1.117E-09  1.588E-13  3.265E-14  1.00E-07
  1.550E+01 2.16631E-17 -2.691E-06  4.519E-09  1.116E-09  1.603E-13  3.313E-14  1.00E-07
  1.575E+01 2.13670E-17 -2.755E-06  4.486E-09  1.114E-09  1.617E-13  3.360E-14  1.00E-07
  1.600E+01 2.10721E-17 -2.819E-06  4.454E-09  1.112E-09  1.631E-13  3.407E-14  1.00E-07
  1.625E+01 2.07784E-17 -2.885E-06  4.421E-09  1.110E-09  1.645E-13  3.454E-14  1.00E-07
  1.650E+01 2.04860E-17 -2.952E-06  4.388E-09  1.109E-09  1.658E-13  3.500E-14  1.00E-07
  1.675E+01 2.01952E-17 -3.019E-06  4.355E-09  1.107E-09  1.671E-13  3.546E-14  1.00E-07
  1.700E+01 1.99060E-17 -3.088E-06  4.323E-09  1.105E-09  1.683E-13  3.592E-14  1.00E-07
  1.725E+01 1.96185E-17 -3.158E-06  4.290E-09  1.103E-09  1.696E-13  3.638E-14  1.00E-07
  1.750E+01 1.93329E-17 -3.229E-06  4.257E-09  1.101E-09  1.707E-13  3.683E-14  1.00E-07
  1.775E+01 1.90491E-17 -3.301E-06  4.224E-09  1.099E-09  1.718E-13  3.728E-14  1.00E-07
  1.800E+01 1.87674E-17 -3.374E-06  4.191E-09  1.097E-09  1.729E-13  3.773E-14  1.00E-07
  1.825E+01 1.84878E-17 -3.449E-06  4.158E-09  1.095E-09  1.740E-13  3.817E-14  1.00E-07
  1.850E+01 1.82104E-17 -3.524E-06  4.125E-09  1.093E-09  1.750E-13  3.861E-14  1.00E-07
  1.875E+01 1.79352E-17 -3.601E-06  4.092E-09  1.091E-09  1.760E-13  3.905E-14  1.00E-07
  1.900E+01 1.76624E-17 -3.679E-06  4.059E-09  1.089E-09  1.769E-13  3.948E-14  1.00E-07
  1.925E+01 1.73920E-17 -3.758E-06  4.026E-09  1.087E-09  1.778E-13  3.991E-14  1.00E-07
  1.950E+01 1.71241E-17 -3.839E-06  3.993E-09  1.085E-09  1.787E-13  4.034E-14  1.00E-07
  1.975E+01 1.68587E-17 -3.920E-06  3.960E-09  1.083E-09  1.796E-13  4.077E-14  1.00E-07
  2.000E+01 1.65959E-17 -4.003E-06  3.928E-09  1.081E-09  1.804E-13  4.119E-14  1.00E-07
  2.025E+01 1.63357E-17 -4.088E-06  3.895E-09  1.079E-09  1.811E-13  4.161E-14  1.00E-07
  2.050E+01 1.60783E-17 -4.173E-06  3.862E-09  1.077E-09  1.819E-13  4.202E-14  1.00E-07
  2.075E+01 1.58236E-17 -4.260E-06  3.830E-09  1.075E-09  1.826E-13  4.244E-14  1.00E-07
  2.100E+01 1.55716E-17 -4.348E-06  3.797E-09  1.073E-09  1.832E-13  4.285E-14  1.00E-07
  2.125E+01 1.53225E-17 -4.438E-06  3.765E-09  1.071E-09  1.839E-13  4.325E-14  1.00E-07
  2.150E+01 1.50763E-17 -4.529E-06  3.733E-09  1.068E-09  1.845E-13  4.366E-14  1.00E-07
  2.175E+01 1.48329E-17 -4.622E-06  3.701E-09  1.066E-09  1.851E-13  4.405E-14  1.00E-07
  2.200E+01 1.45924E-17 -4.715E-06  3.669E-09  1.064E-09  1.856E-13  4.445E-14  1.00E-07
  2.225E+01 1.43549E-17 -4.811E-06  3.637E-09  1.062E-09  1.861E-13  4.484E-14  1.00E-07
  2.250E+01 1.41203E-17 -4.908E-06  3.605E-09  1.059E-09  1.866E-13  4.523E-14  1.00E-07
  2.275E+01 1.38886E-17 -5.006E-06  3.574E-09  1.057E-09  1.871E-13  4.562E-14  1.00E-07
  2.300E+01 1.36600E-17 -5.105E-06  3.542E-09  1.055E-09  1.875E-13  4.600E-14  1.00E-07
  2.325E+01 1.34343E-17 -5.207E-06  3.511E-09  1.053E-09  1.879E-13  4.638E-14  1.00E-07
  2.350E+01 1.32117E-17 -5.309E-06  3.480E-09  1.050E-09  1.883E-13  4.676E-14  1.00E-07
  2.375E+01 1.29920E-17 -5.414E-06  3.449E-09  1.048E-09  1.886E-13  4.713E-14  1.00E-07
  2.400E+01 1.27754E-17 -5.519E-06  3.418E-09  1.046E-09  1.890E-13  4.750E-14  1.00E-07
  2.425E+01 1.25617E-17 -5.627E-06  3.387E-09  1.043E-09  1.893E-13  4.787E-14  1.00E-07
  2.450E+01 1.23511E-17 -5.736E-06  3.357E-09  1.041E-09  1.895E-13  4.823E-14  1.00E-07
  2.475E+01 1.21435E-17 -5.846E-06  3.326E-09  1.039E-09  1.898E-13  4.859E-14  1.00E-07
  2.500E+01 1.19388E-17 -5.959E-06  3.296E-09  1.036E-09  1.900E-13  4.895E-14  1.00E-07
  2.550E+01 1.15385E-17 -6.188E-06  3.236E-09  1.032E-09  1.904E-13  4.965E-14  1.00E-07
  2.600E+01 1.11501E-17 -6.424E-06  3.177E-09  1.027E-09  1.907E-13  5.034E-14  1.00E-07
  2.650E+01 1.07734E-17 -6.666E-06  3.119E-09  1.022E-09  1.909E-13  5.102E-14  1.00E-07
  2.700E+01 1.04083E-17 -6.916E-06  3.062E-09  1.017E-09  1.910E-13  5.168E-14  1.00E-07
  2.750E+01 1.00547E-17 -7.173E-06  3.005E-09  1.012E-09  1.910E-13  5.233E-14  1.00E-07
  2.800E+01 9.71236E-18 -7.436E-06  2.949E-09  1.007E-09  1.910E-13  5.296E-14  1.00E-07
  2.850E+01 9.38109E-18 -7.707E-06  2.894E-09  1.002E-09  1.909E-13  5.358E-14  1.00E-07
  2.900E+01 9.06069E-18 -7.985E-06  2.840E-09  9.969E-10  1.907E-13  5.419E-14  1.00E-07
  2.950E+01 8.75093E-18 -8.271E-06  2.787E-09  9.919E-10  1.904E-13  5.478E-14  1.00E-07
  3.000E+01 8.45159E-18 -8.564E-06  2.735E-09  9.867E-10  1.901E-13  5.536E-14  1.00E-07
  3.050E+01 8.16241E-18 -8.865E-06  2.683E-09  9.816E-10  1.897E-13  5.593E-14  1.00E-07
  3.100E+01 7.88315E-18 -9.173E-06  2.632E-09  9.764E-10  1.893E-13  5.648E-14  1.00E-07
  3.150E+01 7.61356E-18 -9.489E-06  2.583E-09  9.713E-10  1.888E-13  5.702E-14  1.00E-07
  3.200E+01 7.35338E-18 -9.813E-06  2.534E-09  9.661E-10  1.883E-13  5.755E-14  1.00E-07
  3.250E+01 7.10235E-18 -1.015E-05  2.486E-09  9.608E-10  1.877E-13  5.806E-14  1.00E-07
  3.300E+01 6.86021E-18 -1.048E-05  2.439E-09  9.556E-10  1.871E-13  5.856E-14  1.00E-07
  3.350E+01 6.62669E-18 -1.083E-05  2.392E-09  9.503E-10  1.864E-13  5.905E-14  1.00E-07
  3.400E+01 6.40154E-18 -1.119E-05  2.347E-09  9.451E-10  1.857E-13  5.952E-14  1.00E-07
  3.450E+01 6.18450E-18 -1.155E-05  2.302E-09  9.398E-10  1.850E-13  5.998E-14  1.00E-07
  3.500E+01 5.97532E-18 -1.193E-05  2.259E-09  9.345E-10  1.842E-13  6.043E-14  1.00E-07
  3.550E+01 5.77373E-18 -1.231E-05  2.216E-09  9.292E-10  1.834E-13  6.086E-14  1.00E-07
  3.600E+01 5.57949E-18 -1.269E-05  2.174E-09  9.239E-10  1.825E-13  6.128E-14  1.00E-07
  3.650E+01 5.39235E-18 -1.309E-05  2.133E-09  9.185E-10  1.817E-13  6.169E-14  1.00E-07
  3.700E+01 5.21208E-18 -1.350E-05  2.092E-09  9.132E-10  1.808E-13  6.208E-14  1.00E-07
  3.750E+01 5.03843E-18 -1.391E-05  2.053E-09  9.079E-10  1.798E-13  6.247E-14  1.00E-07
  3.800E+01 4.87118E-18 -1.433E-05  2.014E-09  9.026E-10  1.789E-13  6.284E-14  1.00E-07
  3.850E+01 4.71009E-18 -1.476E-05  1.976E-09  8.973E-10  1.779E-13  6.320E-14  1.00E-07
  3.900E+01 4.55495E-18 -1.520E-05  1.939E-09  8.919E-10  1.769E-13  6.354E-14  1.00E-07
  3.950E+01 4.40554E-18 -1.565E-05  1.902E-09  8.866E-10  1.759E-13  6.387E-14  1.00E-07
  4.000E+01 4.26165E-18 -1.610E-05  1.867E-09  8.813E-10  1.749E-13  6.420E-14  1.00E-07
  4.050E+01 4.12309E-18 -1.657E-05  1.832E-09  8.760E-10  1.739E-13  6.451E-14  1.00E-07
  4.100E+01 3.98965E-18 -1.704E-05  1.798E-09  8.707E-10  1.728E-13  6.480E-14  1.00E-07
  4.150E+01 3.86114E-18 -1.752E-05  1.764E-09  8.654E-10  1.718E-13  6.509E-14  1.00E-07
  4.200E+01 3.73738E-18 -1.801E-05  1.731E-09  8.601E-10  1.707E-13  6.536E-14  1.00E-07
  4.250E+01 3.61819E-18 -1.850E-05  1.699E-09  8.549E-10  1.696E-13  6.563E-14  1.00E-07
  4.300E+01 3.50339E-18 -1.901E-05  1.668E-09  8.496E-10  1.685E-13  6.588E-14  1.00E-07
  4.350E+01 3.39282E-18 -1.952E-05  1.637E-09  8.444E-10  1.674E-13  6.612E-14  1.00E-07
  4.400E+01 3.28631E-18 -2.004E-05  1.607E-09  8.391E-10  1.663E-13  6.635E-14  1.00E-07
  4.450E+01 3.18372E-18 -2.057E-05  1.577E-09  8.339E-10  1.652E-13  6.657E-14  1.00E-07
  4.500E+01 3.08488E-18 -2.110E-05  1.549E-09  8.287E-10  1.641E-13  6.678E-14  1.00E-07
  4.550E+01 2.98965E-18 -2.165E-05  1.520E-09  8.235E-10  1.629E-13  6.698E-14  1.00E-07
  4.600E+01 2.89790E-18 -2.220E-05  1.493E-09  8.184E-10  1.618E-13  6.717E-14  1.00E-07
  4.650E+01 2.80949E-18 -2.276E-05  1.466E-09  8.132E-10  1.607E-13  6.734E-14  1.00E-07
  4.700E+01 2.72429E-18 -2.332E-05  1.439E-09  8.081E-10  1.595E-13  6.751E-14  1.00E-07
  4.750E+01 2.64217E-18 -2.390E-05  1.413E-09  8.030E-10  1.584E-13  6.767E-14  1.00E-07
  4.800E+01 2.56301E-18 -2.448E-05  1.388E-09  7.979E-10  1.573E-13  6.781E-14  1.00E-07
  4.850E+01 2.48670E-18 -2.507E-05  1.363E-09  7.928E-10  1.561E-13  6.795E-14  1.00E-07
  4.900E+01 2.41313E-18 -2.566E-05  1.339E-09  7.878E-10  1.550E-13  6.808E-14  1.00E-07
  4.950E+01 2.34218E-18 -2.626E-05  1.315E-09  7.828E-10  1.539E-13  6.820E-14  1.00E-07
  5.000E+01 2.27377E-18 -2.687E-05  1.292E-09  7.778E-10  1.527E-13  6.831E-14  1.00E-07
  5.050E+01 2.20778E-18 -2.749E-05  1.269E-09  7.728E-10  1.516E-13  6.841E-14  1.00E-07
  5.100E+01 2.14413E-18 -2.811E-05  1.247E-09  7.679E-10  1.505E-13  6.850E-14  1.00E-07
  5.150E+01 2.08272E-18 -2.874E-05  1.225E-09  7.630E-10  1.493E-13  6.858E-14  1.00E-07
  5.200E+01 2.02346E-18 -2.937E-05  1.204E-09  7.581E-10  1.482E-13  6.866E-14  1.00E-07
  5.250E+01 1.96628E-18 -3.001E-05  1.183E-09  7.532E-10  1.471E-13  6.872E-14  1.00E-07
  5.300E+01 1.91108E-18 -3.066E-05  1.162E-09  7.484E-10  1.460E-13  6.878E-14  1.00E-07
  5.350E+01 1.85781E-18 -3.131E-05  1.142E-09  7.436E-10  1.449E-13  6.883E-14  1.00E-07
  5.400E+01 1.80637E-18 -3.197E-05  1.123E-09  7.388E-10  1.437E-13  6.887E-14  1.00E-07
  5.450E+01 1.75669E-18 -3.263E-05  1.104E-09  7.340E-10  1.426E-13  6.890E-14  1.00E-07
  5.500E+01 1.70872E-18 -3.330E-05  1.085E-09  7.293E-10  1.415E-13  6.892E-14  1.00E-07
  5.550E+01 1.66239E-18 -3.397E-05  1.066E-09  7.246E-10  1.404E-13  6.894E-14  1.00E-07
  5.600E+01 1.61763E-18 -3.465E-05  1.048E-09  7.199E-10  1.393E-13  6.895E-14  1.00E-07
  5.650E+01 1.57437E-18 -3.534E-05  1.031E-09  7.153E-10  1.383E-13  6.895E-14  1.00E-07
  5.700E+01 1.53258E-18 -3.602E-05  1.014E-09  7.107E-10  1.372E-13  6.895E-14  1.00E-07
  5.750E+01 1.49218E-18 -3.671E-05  9.968E-10  7.061E-10  1.361E-13  6.893E-14  1.00E-07
  5.800E+01 1.45312E-18 -3.741E-05  9.803E-10  7.016E-10  1.350E-13  6.891E-14  1.00E-07
  5.850E+01 1.41536E-18 -3.811E-05  9.641E-10  6.971E-10  1.340E-13  6.889E-14  1.00E-07
  5.900E+01 1.37885E-18 -3.882E-05  9.482E-10  6.926E-10  1.329E-13  6.885E-14  1.00E-07
  5.950E+01 1.34353E-18 -3.952E-05  9.327E-10  6.881E-10  1.319E-13  6.881E-14  1.00E-07
  6.000E+01 1.30937E-18 -4.023E-05  9.175E-10  6.837E-10  1.308E-13  6.876E-14  1.00E-07
  6.050E+01 1.27632E-18 -4.095E-05  9.027E-10  6.793E-10  1.298E-13  6.871E-14  1.00E-07
  6.100E+01 1.24434E-18 -4.166E-05  8.881E-10  6.750E-10  1.287E-13  6.865E-14  1.00E-07
  6.150E+01 1.21338E-18 -4.238E-05  8.738E-10  6.707E-10  1.277E-13  6.858E-14  1.00E-07
  6.200E+01 1.18342E-18 -4.311E-05  8.599E-10  6.664E-10  1.267E-13  6.851E-14  1.00E-07
  6.250E+01 1.15441E-18 -4.383E-05  8.462E-10  6.621E-10  1.257E-13  6.843E-14  1.00E-07
  6.300E+01 1.12633E-18 -4.456E-05  8.328E-10  6.579E-10  1.247E-13  6.835E-14  1.00E-07
  6.350E+01 1.09912E-18 -4.529E-05  8.196E-10  6.537E-10  1.237E-13  6.826E-14  1.00E-07
  6.400E+01 1.07277E-18 -4.602E-05  8.068E-10  6.496E-10  1.227E-13  6.816E-14  1.00E-07
  6.450E+01 1.04724E-18 -4.675E-05  7.941E-10  6.454E-10  1.217E-13  6.806E-14  1.00E-07
  6.500E+01 1.02251E-18 -4.749E-05  7.818E-10  6.413E-10  1.207E-13  6.796E-14  1.00E-07
  6.550E+01 9.98538E-19 -4.822E-05  7.697E-10  6.373E-10  1.197E-13  6.784E-14  1.00E-07
  6.600E+01 9.75303E-19 -4.896E-05  7.578E-10  6.333E-10  1.188E-13  6.773E-14  1.00E-07
  6.650E+01 9.52778E-19 -4.970E-05  7.462E-10  6.293E-10  1.178E-13  6.761E-14  1.00E-07
  6.700E+01 9.30938E-19 -5.043E-05  7.348E-10  6.253E-10  1.168E-13  6.748E-14  1.00E-07
  6.750E+01 9.09758E-19 -5.117E-05  7.236E-10  6.214E-10  1.159E-13  6.735E-14  1.00E-07
  6.800E+01 8.89216E-19 -5.191E-05  7.127E-10  6.175E-10  1.149E-13  6.721E-14  1.00E-07
  6.850E+01 8.69287E-19 -5.265E-05  7.020E-10  6.136E-10  1.140E-13  6.707E-14  1.00E-07
  6.900E+01 8.49952E-19 -5.339E-05  6.914E-10  6.098E-10  1.131E-13  6.692E-14  1.00E-07
  6.950E+01 8.31190E-19 -5.412E-05  6.811E-10  6.060E-10  1.122E-13  6.677E-14  1.00E-07
  7.000E+01 8.12979E-19 -5.486E-05  6.710E-10  6.022E-10  1.113E-13  6.662E-14  1.00E-07
  7.050E+01 7.95303E-19 -5.559E-05  6.611E-10  5.985E-10  1.103E-13  6.646E-14  1.00E-07
  7.100E+01 7.78141E-19 -5.633E-05  6.514E-10  5.948E-10  1.094E-13  6.629E-14  1.00E-07
  7.150E+01 7.61476E-19 -5.706E-05  6.419E-10  5.912E-10  1.086E-13  6.613E-14  1.00E-07
  7.200E+01 7.45292E-19 -5.779E-05  6.325E-10  5.875E-10  1.077E-13  6.596E-14  1.00E-07
  7.250E+01 7.29572E-19 -5.852E-05  6.234E-10  5.839E-10  1.068E-13  6.578E-14  1.00E-07
  7.300E+01 7.14300E-19 -5.925E-05  6.144E-10  5.803E-10  1.059E-13  6.560E-14  1.00E-07
  7.350E+01 6.99462E-19 -5.998E-05  6.056E-10  5.768E-10  1.050E-13  6.542E-14  1.00E-07
  7.400E+01 6.85042E-19 -6.070E-05  5.970E-10  5.733E-10  1.042E-13  6.523E-14  1.00E-07
  7.450E+01 6.71027E-19 -6.142E-05  5.885E-10  5.698E-10  1.033E-13  6.504E-14  1.00E-07
  7.500E+01 6.57403E-19 -6.214E-05  5.802E-10  5.664E-10  1.025E-13  6.484E-14  1.00E-07
  7.550E+01 6.44158E-19 -6.286E-05  5.720E-10  5.630E-10  1.016E-13  6.465E-14  1.00E-07
  7.600E+01 6.31279E-19 -6.357E-05  5.640E-10  5.596E-10  1.008E-13  6.445E-14  1.00E-07
  7.650E+01 6.18753E-19 -6.428E-05  5.562E-10  5.563E-10  9.998E-14  6.424E-14  1.00E-07
  7.700E+01 6.06570E-19 -6.498E-05  5.485E-10  5.530E-10  9.916E-14  6.403E-14  1.00E-07
  7.750E+01 5.94718E-19 -6.568E-05  5.409E-10  5.497E-10  9.834E-14  6.382E-14  1.00E-07
  7.800E+01 5.83187E-19 -6.638E-05  5.335E-10  5.464E-10  9.753E-14  6.361E-14  1.00E-07
  7.850E+01 5.71966E-19 -6.707E-05  5.262E-10  5.432E-10  9.672E-14  6.339E-14  1.00E-07
  7.900E+01 5.61046E-19 -6.776E-05  5.191E-10  5.400E-10  9.593E-14  6.317E-14  1.00E-07
  7.950E+01 5.50416E-19 -6.844E-05  5.121E-10  5.368E-10  9.513E-14  6.295E-14  1.00E-07
  8.000E+01 5.40068E-19 -6.912E-05  5.052E-10  5.337E-10  9.435E-14  6.272E-14  1.00E-07
  8.050E+01 5.29993E-19 -6.980E-05  4.985E-10  5.306E-10  9.357E-14  6.250E-14  1.00E-07
  8.100E+01 5.20181E-19 -7.047E-05  4.918E-10  5.275E-10  9.279E-14  6.226E-14  1.00E-07
  8.150E+01 5.10626E-19 -7.113E-05  4.853E-10  5.245E-10  9.202E-14  6.203E-14  1.00E-07
  8.200E+01 5.01319E-19 -7.179E-05  4.789E-10  5.215E-10  9.126E-14  6.179E-14  1.00E-07
  8.250E+01 4.92251E-19 -7.244E-05  4.727E-10  5.185E-10  9.050E-14  6.155E-14  1.00E-07
  8.300E+01 4.83417E-19 -7.309E-05  4.665E-10  5.155E-10  8.975E-14  6.131E-14  1.00E-07
  8.350E+01 4.74809E-19 -7.373E-05  4.605E-10  5.126E-10  8.901E-14  6.107E-14  1.00E-07
  8.400E+01 4.66419E-19 -7.436E-05  4.545E-10  5.097E-10  8.827E-14  6.082E-14  1.00E-07
  8.450E+01 4.58242E-19 -7.499E-05  4.487E-10  5.068E-10  8.753E-14  6.058E-14  1.00E-07
  8.500E+01 4.50270E-19 -7.561E-05  4.430E-10  5.040E-10  8.680E-14  6.032E-14  1.00E-07
  8.550E+01 4.42498E-19 -7.623E-05  4.374E-10  5.012E-10  8.608E-14  6.007E-14  1.00E-07
  8.600E+01 4.34920E-19 -7.684E-05  4.319E-10  4.984E-10  8.536E-14  5.982E-14  1.00E-07
  8.650E+01 4.27530E-19 -7.744E-05  4.265E-10  4.956E-10  8.464E-14  5.956E-14  1.00E-07
  8.700E+01 4.20322E-19 -7.803E-05  4.211E-10  4.929E-10  8.393E-14  5.930E-14  1.00E-07
  8.750E+01 4.13291E-19 -7.862E-05  4.159E-10  4.902E-10  8.323E-14  5.904E-14  1.00E-07
  8.800E+01 4.06432E-19 -7.919E-05  4.108E-10  4.875E-10  8.253E-14  5.878E-14  1.00E-07
  8.850E+01 3.99739E-19 -7.976E-05  4.057E-10  4.849E-10  8.184E-14  5.851E-14  1.00E-07
  8.900E+01 3.93209E-19 -8.033E-05  4.008E-10  4.823E-10  8.115E-14  5.824E-14  1.00E-07
  8.950E+01 3.86836E-19 -8.088E-05  3.959E-10  4.797E-10  8.047E-14  5.798E-14  1.00E-07
  9.000E+01 3.80615E-19 -8.143E-05  3.911E-10  4.771E-10  7.979E-14  5.771E-14  1.00E-07
  9.050E+01 3.74543E-19 -8.196E-05  3.864E-10  4.746E-10  7.911E-14  5.743E-14  1.00E-07
  9.100E+01 3.68615E-19 -8.249E-05  3.818E-10  4.720E-10  7.844E-14  5.716E-14  1.00E-07
  9.150E+01 3.62827E-19 -8.301E-05  3.773E-10  4.696E-10  7.778E-14  5.688E-14  1.00E-07
  9.200E+01 3.57175E-19 -8.353E-05  3.728E-10  4.671E-10  7.712E-14  5.661E-14  1.00E-07
  9.250E+01 3.51655E-19 -8.403E-05  3.685E-10  4.646E-10  7.646E-14  5.633E-14  1.00E-07
  9.300E+01 3.46264E-19 -8.452E-05  3.642E-10  4.622E-10  7.581E-14  5.605E-14  1.00E-07
  9.350E+01 3.40998E-19 -8.501E-05  3.599E-10  4.598E-10  7.517E-14  5.577E-14  1.00E-07
  9.400E+01 3.35853E-19 -8.548E-05  3.558E-10  4.575E-10  7.453E-14  5.548E-14  1.00E-07
  9.450E+01 3.30827E-19 -8.595E-05  3.517E-10  4.551E-10  7.389E-14  5.520E-14  1.00E-07
  9.500E+01 3.25915E-19 -8.640E-05  3.477E-10  4.528E-10  7.326E-14  5.491E-14  1.00E-07
  9.550E+01 3.21116E-19 -8.685E-05  3.437E-10  4.505E-10  7.263E-14  5.463E-14  1.00E-07
  9.600E+01 3.16425E-19 -8.728E-05  3.398E-10  4.483E-10  7.200E-14  5.434E-14  1.00E-07
  9.650E+01 3.11840E-19 -8.771E-05  3.360E-10  4.460E-10  7.138E-14  5.405E-14  1.00E-07
  9.700E+01 3.07358E-19 -8.813E-05  3.323E-10  4.438E-10  7.077E-14  5.376E-14  1.00E-07
  9.750E+01 3.02976E-19 -8.853E-05  3.286E-10  4.416E-10  7.016E-14  5.347E-14  1.00E-07
  9.800E+01 2.98692E-19 -8.893E-05  3.250E-10  4.394E-10  6.955E-14  5.317E-14  1.00E-07
  9.850E+01 2.94503E-19 -8.931E-05  3.214E-10  4.373E-10  6.894E-14  5.288E-14  1.00E-07
  9.900E+01 2.90406E-19 -8.968E-05  3.179E-10  4.351E-10  6.835E-14  5.258E-14  1.00E-07
  9.950E+01 2.86400E-19 -9.005E-05  3.145E-10  4.330E-10  6.775E-14  5.229E-14  1.00E-07
  1.000E+02 2.82481E-19 -9.040E-05  3.111E-10  4.309E-10  6.716E-14  5.199E-14  1.00E-07
  1.005E+02 2.78648E-19 -9.074E-05  3.078E-10  4.289E-10  6.657E-14  5.169E-14  1.00E-07
  1.010E+02 2.74898E-19 -9.107E-05  3.045E-10  4.268E-10  6.599E-14  5.139E-14  1.00E-07
  1.015E+02 2.71229E-19 -9.139E-05  3.013E-10  4.248E-10  6.541E-14  5.109E-14  1.00E-07
  1.020E+02 2.67639E-19 -9.170E-05  2.981E-10  4.228E-10  6.483E-14  5.079E-14  1.00E-07
  1.025E+02 2.64126E-19 -9.199E-05  2.950E-10  4.208E-10  6.426E-14  5.048E-14  1.00E-07
  1.030E+02 2.60688E-19 -9.228E-05  2.919E-10  4.189E-10  6.369E-14  5.018E-14  1.00E-07
  1.035E+02 2.57323E-19 -9.255E-05  2.889E-10  4.170E-10  6.312E-14  4.988E-14  1.00E-07
  1.040E+02 2.54029E-19 -9.281E-05  2.860E-10  4.150E-10  6.256E-14  4.957E-14  1.00E-07
  1.045E+02 2.50806E-19 -9.306E-05  2.830E-10  4.131E-10  6.200E-14  4.927E-14  1.00E-07
  1.050E+02 2.47650E-19 -9.330E-05  2.802E-10  4.113E-10  6.144E-14  4.896E-14  1.00E-07
  1.055E+02 2.44560E-19 -9.353E-05  2.774E-10  4.094E-10  6.089E-14  4.865E-14  1.00E-07
  1.060E+02 2.41534E-19 -9.374E-05  2.746E-10  4.076E-10  6.034E-14  4.834E-14  1.00E-07
  1.065E+02 2.38572E-19 -9.394E-05  2.719E-10  4.058E-10  5.980E-14  4.803E-14  1.00E-07
  1.070E+02 2.35671E-19 -9.413E-05  2.692E-10  4.040E-10  5.926E-14  4.772E-14  1.00E-07
  1.075E+02 2.32830E-19 -9.431E-05  2.665E-10  4.022E-10  5.872E-14  4.741E-14  1.00E-07
  1.080E+02 2.30047E-19 -9.447E-05  2.640E-10  4.005E-10  5.818E-14  4.710E-14  1.00E-07
  1.085E+02 2.27321E-19 -9.463E-05  2.614E-10  3.987E-10  5.765E-14  4.679E-14  1.00E-07
  1.090E+02 2.24652E-19 -9.477E-05  2.589E-10  3.970E-10  5.712E-14  4.648E-14  1.00E-07
  1.095E+02 2.22036E-19 -9.490E-05  2.564E-10  3.953E-10  5.659E-14  4.616E-14  1.00E-07
  1.100E+02 2.19474E-19 -9.501E-05  2.540E-10  3.937E-10  5.607E-14  4.585E-14  1.00E-07
  1.105E+02 2.16963E-19 -9.511E-05  2.516E-10  3.920E-10  5.555E-14  4.554E-14  1.00E-07
  1.110E+02 2.14503E-19 -9.520E-05  2.492E-10  3.904E-10  5.503E-14  4.522E-14  1.00E-07
  1.115E+02 2.12093E-19 -9.528E-05  2.469E-10  3.887E-10  5.452E-14  4.491E-14  1.00E-07
  1.120E+02 2.09731E-19 -9.535E-05  2.447E-10  3.871E-10  5.401E-14  4.459E-14  1.00E-07
  1.125E+02 2.07416E-19 -9.540E-05  2.424E-10  3.856E-10  5.350E-14  4.427E-14  1.00E-07
  1.130E+02 2.05147E-19 -9.544E-05  2.402E-10  3.840E-10  5.299E-14  4.396E-14  1.00E-07
  1.135E+02 2.02923E-19 -9.547E-05  2.380E-10  3.824E-10  5.249E-14  4.364E-14  1.00E-07
  1.140E+02 2.00743E-19 -9.548E-05  2.359E-10  3.809E-10  5.199E-14  4.332E-14  1.00E-07
  1.145E+02 1.98607E-19 -9.548E-05  2.338E-10  3.794E-10  5.149E-14  4.300E-14  1.00E-07
  1.150E+02 1.96512E-19 -9.547E-05  2.317E-10  3.779E-10  5.100E-14  4.268E-14  1.00E-07
  1.155E+02 1.94459E-19 -9.544E-05  2.297E-10  3.764E-10  5.051E-14  4.237E-14  1.00E-07
  1.160E+02 1.92445E-19 -9.540E-05  2.277E-10  3.750E-10  5.002E-14  4.205E-14  1.00E-07
  1.165E+02 1.90471E-19 -9.535E-05  2.257E-10  3.735E-10  4.953E-14  4.173E-14  1.00E-07
  1.170E+02 1.88536E-19 -9.529E-05  2.238E-10  3.721E-10  4.905E-14  4.140E-14  1.00E-07
  1.175E+02 1.86638E-19 -9.521E-05  2.219E-10  3.707E-10  4.856E-14  4.108E-14  1.00E-07
  1.180E+02 1.84777E-19 -9.512E-05  2.200E-10  3.693E-10  4.809E-14  4.076E-14  1.00E-07
  1.185E+02 1.82952E-19 -9.502E-05  2.182E-10  3.679E-10  4.761E-14  4.044E-14  1.00E-07
  1.190E+02 1.81162E-19 -9.490E-05  2.164E-10  3.665E-10  4.713E-14  4.012E-14  1.00E-07
  1.195E+02 1.79407E-19 -9.477E-05  2.146E-10  3.652E-10  4.666E-14  3.980E-14  1.00E-07
  1.200E+02 1.77685E-19 -9.463E-05  2.128E-10  3.639E-10  4.619E-14  3.947E-14  1.00E-07
  1.205E+02 1.75997E-19 -9.447E-05  2.111E-10  3.625E-10  4.573E-14  3.915E-14  1.00E-07
  1.210E+02 1.74341E-19 -9.430E-05  2.094E-10  3.612E-10  4.526E-14  3.883E-14  1.00E-07
  1.215E+02 1.72716E-19 -9.412E-05  2.077E-10  3.600E-10  4.480E-14  3.850E-14  1.00E-07
  1.220E+02 1.71122E-19 -9.392E-05  2.061E-10  3.587E-10  4.434E-14  3.818E-14  1.00E-07
  1.225E+02 1.69559E-19 -9.372E-05  2.044E-10  3.574E-10  4.388E-14  3.786E-14  1.00E-07
  1.230E+02 1.68026E-19 -9.349E-05  2.028E-10  3.562E-10  4.342E-14  3.753E-14  1.00E-07
  1.235E+02 1.66521E-19 -9.326E-05  2.013E-10  3.550E-10  4.297E-14  3.721E-14  1.00E-07
  1.240E+02 1.65045E-19 -9.301E-05  1.997E-10  3.538E-10  4.252E-14  3.688E-14  1.00E-07
  1.245E+02 1.63597E-19 -9.275E-05  1.982E-10  3.526E-10  4.207E-14  3.656E-14  1.00E-07
  1.250E+02 1.62177E-19 -9.248E-05  1.967E-10  3.514E-10  4.162E-14  3.623E-14  1.00E-07
  1.255E+02 1.60783E-19 -9.219E-05  1.952E-10  3.502E-10  4.118E-14  3.591E-14  1.00E-07
  1.260E+02 1.59416E-19 -9.189E-05  1.938E-10  3.491E-10  4.073E-14  3.558E-14  1.00E-07
  1.265E+02 1.58074E-19 -9.157E-05  1.924E-10  3.480E-10  4.029E-14  3.525E-14  1.00E-07
  1.270E+02 1.56757E-19 -9.125E-05  1.910E-10  3.468E-10  3.985E-14  3.493E-14  1.00E-07
  1.275E+02 1.55466E-19 -9.091E-05  1.896E-10  3.457E-10  3.941E-14  3.460E-14  1.00E-07
  1.280E+02 1.54198E-19 -9.056E-05  1.882E-10  3.446E-10  3.898E-14  3.428E-14  1.00E-07
  1.285E+02 1.52955E-19 -9.019E-05  1.869E-10  3.436E-10  3.854E-14  3.395E-14  1.00E-07
  1.290E+02 1.51735E-19 -8.981E-05  1.856E-10  3.425E-10  3.811E-14  3.362E-14  1.00E-07
  1.295E+02 1.50537E-19 -8.942E-05  1.843E-10  3.414E-10  3.768E-14  3.329E-14  1.00E-07
  1.300E+02 1.49363E-19 -8.902E-05  1.830E-10  3.404E-10  3.725E-14  3.297E-14  1.00E-07
  1.305E+02 1.48210E-19 -8.860E-05  1.818E-10  3.394E-10  3.683E-14  3.264E-14  1.00E-07
  1.310E+02 1.47079E-19 -8.818E-05  1.805E-10  3.384E-10  3.640E-14  3.231E-14  1.00E-07
  1.315E+02 1.45969E-19 -8.773E-05  1.793E-10  3.374E-10  3.598E-14  3.198E-14  1.00E-07
  1.320E+02 1.44880E-19 -8.728E-05  1.781E-10  3.364E-10  3.556E-14  3.166E-14  1.00E-07
  1.325E+02 1.43812E-19 -8.681E-05  1.770E-10  3.354E-10  3.514E-14  3.133E-14  1.00E-07
  1.330E+02 1.42763E-19 -8.633E-05  1.758E-10  3.345E-10  3.472E-14  3.100E-14  1.00E-07
  1.335E+02 1.41734E-19 -8.584E-05  1.747E-10  3.335E-10  3.431E-14  3.067E-14  1.00E-07
  1.340E+02 1.40725E-19 -8.534E-05  1.736E-10  3.326E-10  3.389E-14  3.034E-14  1.00E-07
  1.345E+02 1.39735E-19 -8.482E-05  1.725E-10  3.317E-10  3.348E-14  3.002E-14  1.00E-07
  1.350E+02 1.38763E-19 -8.430E-05  1.714E-10  3.307E-10  3.307E-14  2.969E-14  1.00E-07
  1.355E+02 1.37810E-19 -8.375E-05  1.703E-10  3.298E-10  3.266E-14  2.936E-14  1.00E-07
  1.360E+02 1.36875E-19 -8.320E-05  1.693E-10  3.290E-10  3.225E-14  2.903E-14  1.00E-07
  1.365E+02 1.35957E-19 -8.264E-05  1.683E-10  3.281E-10  3.184E-14  2.870E-14  1.00E-07
  1.370E+02 1.35057E-19 -8.206E-05  1.672E-10  3.272E-10  3.143E-14  2.837E-14  1.00E-07
  1.375E+02 1.34174E-19 -8.147E-05  1.663E-10  3.264E-10  3.103E-14  2.804E-14  1.00E-07
  1.380E+02 1.33308E-19 -8.087E-05  1.653E-10  3.256E-10  3.063E-14  2.771E-14  1.00E-07
  1.385E+02 1.32459E-19 -8.026E-05  1.643E-10  3.247E-10  3.023E-14  2.739E-14  1.00E-07
  1.390E+02 1.31625E-19 -7.964E-05  1.634E-10  3.239E-10  2.983E-14  2.706E-14  1.00E-07
  1.395E+02 1.30808E-19 -7.900E-05  1.625E-10  3.231E-10  2.943E-14  2.673E-14  1.00E-07
  1.400E+02 1.30007E-19 -7.836E-05  1.616E-10  3.223E-10  2.903E-14  2.640E-14  1.00E-07
  1.405E+02 1.29221E-19 -7.770E-05  1.607E-10  3.216E-10  2.864E-14  2.607E-14  1.00E-07
  1.410E+02 1.28450E-19 -7.703E-05  1.598E-10  3.208E-10  2.824E-14  2.574E-14  1.00E-07
  1.415E+02 1.27694E-19 -7.635E-05  1.589E-10  3.201E-10  2.785E-14  2.541E-14  1.00E-07
  1.420E+02 1.26953E-19 -7.566E-05  1.581E-10  3.193E-10  2.746E-14  2.508E-14  1.00E-07
  1.425E+02 1.26227E-19 -7.496E-05  1.573E-10  3.186E-10  2.707E-14  2.475E-14  1.00E-07
  1.430E+02 1.25514E-19 -7.424E-05  1.564E-10  3.179E-10  2.668E-14  2.442E-14  1.00E-07
  1.435E+02 1.24816E-19 -7.352E-05  1.556E-10  3.172E-10  2.629E-14  2.409E-14  1.00E-07
  1.440E+02 1.24132E-19 -7.278E-05  1.549E-10  3.165E-10  2.590E-14  2.376E-14  1.00E-07
  1.445E+02 1.23461E-19 -7.204E-05  1.541E-10  3.158E-10  2.552E-14  2.343E-14  1.00E-07
  1.450E+02 1.22804E-19 -7.128E-05  1.533E-10  3.151E-10  2.513E-14  2.310E-14  1.00E-07
  1.455E+02 1.22160E-19 -7.052E-05  1.526E-10  3.144E-10  2.475E-14  2.277E-14  1.00E-07
  1.460E+02 1.21529E-19 -6.974E-05  1.519E-10  3.138E-10  2.436E-14  2.244E-14  1.00E-07
  1.465E+02 1.20912E-19 -6.895E-05  1.511E-10  3.132E-10  2.398E-14  2.211E-14  1.00E-07
  1.470E+02 1.20306E-19 -6.815E-05  1.504E-10  3.125E-10  2.360E-14  2.178E-14  1.00E-07
  1.475E+02 1.19713E-19 -6.735E-05  1.498E-10  3.119E-10  2.322E-14  2.145E-14  1.00E-07
  1.480E+02 1.19133E-19 -6.653E-05  1.491E-10  3.113E-10  2.285E-14  2.112E-14  1.00E-07
  1.485E+02 1.18565E-19 -6.570E-05  1.484E-10  3.107E-10  2.247E-14  2.079E-14  1.00E-07
  1.490E+02 1.18008E-19 -6.487E-05  1.478E-10  3.101E-10  2.209E-14  2.046E-14  1.00E-07
  1.495E+02 1.17464E-19 -6.402E-05  1.471E-10  3.095E-10  2.172E-14  2.013E-14  1.00E-07
  1.500E+02 1.16931E-19 -6.317E-05  1.465E-10  3.090E-10  2.134E-14  1.980E-14  1.00E-07
  1.505E+02 1.16410E-19 -6.230E-05  1.459E-10  3.084E-10  2.097E-14  1.947E-14  1.00E-07
  1.510E+02 1.15900E-19 -6.143E-05  1.453E-10  3.079E-10  2.060E-14  1.914E-14  1.00E-07
  1.515E+02 1.15401E-19 -6.055E-05  1.447E-10  3.073E-10  2.022E-14  1.881E-14  1.00E-07
  1.520E+02 1.14913E-19 -5.966E-05  1.441E-10  3.068E-10  1.985E-14  1.848E-14  1.00E-07
  1.525E+02 1.14436E-19 -5.875E-05  1.436E-10  3.063E-10  1.948E-14  1.815E-14  1.00E-07
  1.530E+02 1.13970E-19 -5.785E-05  1.430E-10  3.058E-10  1.911E-14  1.782E-14  1.00E-07
  1.535E+02 1.13515E-19 -5.693E-05  1.425E-10  3.053E-10  1.875E-14  1.749E-14  1.00E-07
  1.540E+02 1.13070E-19 -5.600E-05  1.420E-10  3.048E-10  1.838E-14  1.716E-14  1.00E-07
  1.545E+02 1.12636E-19 -5.507E-05  1.414E-10  3.043E-10  1.801E-14  1.683E-14  1.00E-07
  1.550E+02 1.12212E-19 -5.413E-05  1.409E-10  3.039E-10  1.765E-14  1.650E-14  1.00E-07
  1.555E+02 1.11798E-19 -5.318E-05  1.405E-10  3.034E-10  1.728E-14  1.617E-14  1.00E-07
  1.560E+02 1.11394E-19 -5.222E-05  1.400E-10  3.030E-10  1.692E-14  1.584E-14  1.00E-07
  1.565E+02 1.11001E-19 -5.125E-05  1.395E-10  3.026E-10  1.655E-14  1.551E-14  1.00E-07
  1.570E+02 1.10617E-19 -5.028E-05  1.391E-10  3.021E-10  1.619E-14  1.518E-14  1.00E-07
  1.575E+02 1.10242E-19 -4.930E-05  1.386E-10  3.017E-10  1.583E-14  1.485E-14  1.00E-07
  1.580E+02 1.09878E-19 -4.831E-05  1.382E-10  3.013E-10  1.547E-14  1.452E-14  1.00E-07
  1.585E+02 1.09522E-19 -4.732E-05  1.377E-10  3.009E-10  1.511E-14  1.419E-14  1.00E-07
  1.590E+02 1.09177E-19 -4.632E-05  1.373E-10  3.005E-10  1.475E-14  1.386E-14  1.00E-07
  1.595E+02 1.08840E-19 -4.531E-05  1.369E-10  3.001E-10  1.439E-14  1.353E-14  1.00E-07
  1.600E+02 1.08513E-19 -4.429E-05  1.365E-10  2.998E-10  1.403E-14  1.320E-14  1.00E-07
  1.605E+02 1.08195E-19 -4.327E-05  1.362E-10  2.994E-10  1.367E-14  1.287E-14  1.00E-07
  1.610E+02 1.07887E-19 -4.224E-05  1.358E-10  2.991E-10  1.331E-14  1.254E-14  1.00E-07
  1.615E+02 1.07587E-19 -4.121E-05  1.354E-10  2.987E-10  1.296E-14  1.221E-14  1.00E-07
  1.620E+02 1.07296E-19 -4.017E-05  1.351E-10  2.984E-10  1.260E-14  1.188E-14  1.00E-07
  1.625E+02 1.07014E-19 -3.912E-05  1.347E-10  2.981E-10  1.224E-14  1.155E-14  1.00E-07
  1.630E+02 1.06740E-19 -3.807E-05  1.344E-10  2.978E-10  1.189E-14  1.122E-14  1.00E-07
  1.635E+02 1.06476E-19 -3.701E-05  1.341E-10  2.975E-10  1.153E-14  1.089E-14  1.00E-07
  1.640E+02 1.06220E-19 -3.595E-05  1.338E-10  2.972E-10  1.118E-14  1.056E-14  1.00E-07
  1.645E+02 1.05972E-19 -3.488E-05  1.335E-10  2.969E-10  1.082E-14  1.023E-14  1.00E-07
  1.650E+02 1.05733E-19 -3.380E-05  1.332E-10  2.966E-10  1.047E-14  9.899E-15  1.00E-07
  1.655E+02 1.05503E-19 -3.273E-05  1.329E-10  2.964E-10  1.012E-14  9.569E-15  1.00E-07
  1.660E+02 1.05280E-19 -3.164E-05  1.327E-10  2.961E-10  9.764E-15  9.239E-15  1.00E-07
  1.665E+02 1.05066E-19 -3.055E-05  1.324E-10  2.959E-10  9.411E-15  8.909E-15  1.00E-07
  1.670E+02 1.04861E-19 -2.946E-05  1.321E-10  2.956E-10  9.060E-15  8.579E-15  1.00E-07
  1.675E+02 1.04663E-19 -2.836E-05  1.319E-10  2.954E-10  8.708E-15  8.249E-15  1.00E-07
  1.680E+02 1.04474E-19 -2.726E-05  1.317E-10  2.952E-10  8.357E-15  7.919E-15  1.00E-07
  1.685E+02 1.04293E-19 -2.616E-05  1.315E-10  2.950E-10  8.006E-15  7.589E-15  1.00E-07
  1.690E+02 1.04120E-19 -2.505E-05  1.312E-10  2.948E-10  7.655E-15  7.259E-15  1.00E-07
  1.695E+02 1.03955E-19 -2.393E-05  1.310E-10  2.946E-10  7.305E-15  6.929E-15  1.00E-07
  1.700E+02 1.03797E-19 -2.282E-05  1.309E-10  2.944E-10  6.955E-15  6.599E-15  1.00E-07
  1.705E+02 1.03648E-19 -2.170E-05  1.307E-10  2.942E-10  6.606E-15  6.269E-15  1.00E-07
  1.710E+02 1.03507E-19 -2.057E-05  1.305E-10  2.941E-10  6.257E-15  5.939E-15  1.00E-07
  1.715E+02 1.03373E-19 -1.945E-05  1.303E-10  2.939E-10  5.908E-15  5.609E-15  1.00E-07
  1.720E+02 1.03247E-19 -1.832E-05  1.302E-10  2.938E-10  5.559E-15  5.279E-15  1.00E-07
  1.725E+02 1.03129E-19 -1.719E-05  1.300E-10  2.936E-10  5.210E-15  4.949E-15  1.04E-07
  1.730E+02 1.03019E-19 -1.605E-05  1.299E-10  2.935E-10  4.862E-15  4.619E-15  1.17E-07
  1.735E+02 1.02917E-19 -1.492E-05  1.298E-10  2.934E-10  4.514E-15  4.289E-15  1.21E-07
  1.740E+02 1.02822E-19 -1.378E-05  1.297E-10  2.933E-10  4.166E-15  3.959E-15  1.15E-07
  1.745E+02 1.02735E-19 -1.264E-05  1.296E-10  2.932E-10  3.818E-15  3.629E-15  1.00E-07
  1.750E+02 1.02655E-19 -1.149E-05  1.295E-10  2.931E-10  3.470E-15  3.299E-15  1.00E-07
  1.755E+02 1.02584E-19 -1.035E-05  1.294E-10  2.930E-10  3.123E-15  2.969E-15  1.00E-07
  1.760E+02 1.02519E-19 -9.203E-06  1.293E-10  2.929E-10  2.776E-15  2.639E-15  1.00E-07
  1.765E+02 1.02463E-19 -8.056E-06  1.292E-10  2.928E-10  2.428E-15  2.309E-15  1.00E-07
  1.770E+02 1.02414E-19 -6.907E-06  1.292E-10  2.928E-10  2.081E-15  1.980E-15  1.10E-07
  1.775E+02 1.02372E-19 -5.757E-06  1.291E-10  2.927E-10  1.734E-15  1.650E-15  1.60E-07
  1.780E+02 1.02338E-19 -4.607E-06  1.291E-10  2.927E-10  1.387E-15  1.320E-15  2.07E-07
  1.785E+02 1.02312E-19 -3.456E-06  1.291E-10  2.927E-10  1.040E-15  9.898E-16  2.46E-07
  1.790E+02 1.02293E-19 -2.304E-06  1.290E-10  2.927E-10  6.936E-16  6.598E-16  2.76E-07
  1.795E+02 1.02282E-19 -1.152E-06  1.290E-10  2.926E-10  3.468E-16  3.299E-16  2.95E-07
  1.800E+02 1.02278E-19 -1.617E-20  1.290E-10  2.926E-10  4.867E-30  4.630E-30  3.01E-07

  TOTAL ELASTIC CROSS SECTION = 2.582128E-17 cm**2
               FROM DCS TABLE = 2.582065E-17  (REL. DIF. = 2.46E-05)

  1ST TRANSPORT CROSS SECTION = 6.057911E-18 cm**2
               FROM DCS TABLE = 6.057835E-18  (REL. DIF. = 1.25E-05)

  2ND TRANSPORT CROSS SECTION = 1.172816E-17 cm**2

  **** DPWA0 ENDED ************************************************************

