

  **** PARTIAL WAVE ANALYSIS (DPWA0) ******************************************


  KINETIC ENERGY = 5.20000E+01 eV

      L       PHASE(SPIN UP)     PHASE(SPIN DOWN)
  -----------------------------------------------
       0      7.67189007E-01      0.00000000E+00
       1      2.71526052E-01      2.71570256E-01
       2      1.01390500E-01      1.01403019E-01
       3      3.88871447E-02      3.88915907E-02
       4      1.50986021E-02      1.51002851E-02
       5      5.88805685E-03      5.88870826E-03
       6      2.29728723E-03      2.29754120E-03
       7      8.95152153E-04      8.95251304E-04
       8      3.48108673E-04      3.48147339E-04
       9      1.35079923E-04      1.35094972E-04
      10      5.23053155E-05      5.23111594E-05
      11      2.02134508E-05      2.02157152E-05
      12      7.79734808E-06      7.79822370E-06
      13      3.00287276E-06      3.00321072E-06
      14      1.15472068E-06      1.15485090E-06
      15      4.43431721E-07      4.43481819E-07
      16      1.70074610E-07      1.70093857E-07
      17      6.51570891E-08      6.51644757E-08
      18      2.49364438E-08      2.49392766E-08
      19      9.53445962E-09      9.53554156E-09
      20      3.64230741E-09      3.64272507E-09
      21      1.39024940E-09      1.39040660E-09
      22      5.30221772E-10      5.30282526E-10
      23      2.02084272E-10      2.02110290E-10


  *** SCATTERING AMPLITUDES AND DIFFERENTIAL CROSS SECTION ***

    ANGLE      DCS       ASYMMETRY    DIRECT AMPLITUDE       SPIN-FLIP AMPLITUDE     ERROR
    (deg)   (cm**2/sr)                      (cm)                    (cm)
  -------------------------------------------------------------------------------------------
  0.000E+00 4.31663E-17  0.000E+00  6.238E-09  2.062E-09  0.000E+00  0.000E+00  1.00E-07
  1.000E-04 4.31663E-17 -1.732E-11  6.238E-09  2.062E-09  6.547E-19  1.565E-19  1.00E-07
  1.250E-04 4.31663E-17 -2.165E-11  6.238E-09  2.062E-09  8.184E-19  1.957E-19  1.00E-07
  1.500E-04 4.31663E-17 -2.598E-11  6.238E-09  2.062E-09  9.821E-19  2.348E-19  1.00E-07
  1.750E-04 4.31663E-17 -3.031E-11  6.238E-09  2.062E-09  1.146E-18  2.739E-19  1.00E-07
  2.000E-04 4.31663E-17 -3.464E-11  6.238E-09  2.062E-09  1.309E-18  3.131E-19  1.00E-07
  2.250E-04 4.31663E-17 -3.897E-11  6.238E-09  2.062E-09  1.473E-18  3.522E-19  1.00E-07
  2.500E-04 4.31663E-17 -4.330E-11  6.238E-09  2.062E-09  1.637E-18  3.913E-19  1.00E-07
  2.750E-04 4.31663E-17 -4.763E-11  6.238E-09  2.062E-09  1.800E-18  4.305E-19  1.00E-07
  3.000E-04 4.31663E-17 -5.196E-11  6.238E-09  2.062E-09  1.964E-18  4.696E-19  1.00E-07
  3.250E-04 4.31663E-17 -5.629E-11  6.238E-09  2.062E-09  2.128E-18  5.087E-19  1.00E-07
  3.500E-04 4.31663E-17 -6.062E-11  6.238E-09  2.062E-09  2.292E-18  5.479E-19  1.00E-07
  3.750E-04 4.31663E-17 -6.495E-11  6.238E-09  2.062E-09  2.455E-18  5.870E-19  1.00E-07
  4.000E-04 4.31663E-17 -6.928E-11  6.238E-09  2.062E-09  2.619E-18  6.261E-19  1.00E-07
  4.250E-04 4.31663E-17 -7.361E-11  6.238E-09  2.062E-09  2.783E-18  6.653E-19  1.00E-07
  4.500E-04 4.31663E-17 -7.794E-11  6.238E-09  2.062E-09  2.946E-18  7.044E-19  1.00E-07
  4.750E-04 4.31663E-17 -8.227E-11  6.238E-09  2.062E-09  3.110E-18  7.435E-19  1.00E-07
  5.000E-04 4.31663E-17 -8.660E-11  6.238E-09  2.062E-09  3.274E-18  7.827E-19  1.00E-07
  5.250E-04 4.31663E-17 -9.093E-11  6.238E-09  2.062E-09  3.437E-18  8.218E-19  1.00E-07
  5.500E-04 4.31663E-17 -9.526E-11  6.238E-09  2.062E-09  3.601E-18  8.609E-19  1.00E-07
  5.750E-04 4.31663E-17 -9.959E-11  6.238E-09  2.062E-09  3.765E-18  9.001E-19  1.00E-07
  6.000E-04 4.31663E-17 -1.039E-10  6.238E-09  2.062E-09  3.928E-18  9.392E-19  1.00E-07
  6.250E-04 4.31663E-17 -1.083E-10  6.238E-09  2.062E-09  4.092E-18  9.783E-19  1.00E-07
  6.500E-04 4.31663E-17 -1.126E-10  6.238E-09  2.062E-09  4.256E-18  1.017E-18  1.00E-07
  6.750E-04 4.31663E-17 -1.169E-10  6.238E-09  2.062E-09  4.419E-18  1.057E-18  1.00E-07
  7.000E-04 4.31663E-17 -1.212E-10  6.238E-09  2.062E-09  4.583E-18  1.096E-18  1.00E-07
  7.250E-04 4.31663E-17 -1.256E-10  6.238E-09  2.062E-09  4.747E-18  1.135E-18  1.00E-07
  7.500E-04 4.31663E-17 -1.299E-10  6.238E-09  2.062E-09  4.910E-18  1.174E-18  1.00E-07
  7.750E-04 4.31663E-17 -1.342E-10  6.238E-09  2.062E-09  5.074E-18  1.213E-18  1.00E-07
  8.000E-04 4.31663E-17 -1.386E-10  6.238E-09  2.062E-09  5.238E-18  1.252E-18  1.00E-07
  8.250E-04 4.31663E-17 -1.429E-10  6.238E-09  2.062E-09  5.401E-18  1.291E-18  1.00E-07
  8.500E-04 4.31663E-17 -1.472E-10  6.238E-09  2.062E-09  5.565E-18  1.331E-18  1.00E-07
  8.750E-04 4.31663E-17 -1.516E-10  6.238E-09  2.062E-09  5.729E-18  1.370E-18  1.00E-07
  9.000E-04 4.31663E-17 -1.559E-10  6.238E-09  2.062E-09  5.893E-18  1.409E-18  1.00E-07
  9.250E-04 4.31663E-17 -1.602E-10  6.238E-09  2.062E-09  6.056E-18  1.448E-18  1.00E-07
  9.500E-04 4.31663E-17 -1.645E-10  6.238E-09  2.062E-09  6.220E-18  1.487E-18  1.00E-07
  9.750E-04 4.31663E-17 -1.689E-10  6.238E-09  2.062E-09  6.384E-18  1.526E-18  1.00E-07
  1.000E-03 4.31663E-17 -1.732E-10  6.238E-09  2.062E-09  6.547E-18  1.565E-18  1.00E-07
  1.250E-03 4.31663E-17 -2.165E-10  6.238E-09  2.062E-09  8.184E-18  1.957E-18  1.00E-07
  1.500E-03 4.31663E-17 -2.598E-10  6.238E-09  2.062E-09  9.821E-18  2.348E-18  1.00E-07
  1.750E-03 4.31663E-17 -3.031E-10  6.238E-09  2.062E-09  1.146E-17  2.739E-18  1.00E-07
  2.000E-03 4.31663E-17 -3.464E-10  6.238E-09  2.062E-09  1.309E-17  3.131E-18  1.00E-07
  2.250E-03 4.31663E-17 -3.897E-10  6.238E-09  2.062E-09  1.473E-17  3.522E-18  1.00E-07
  2.500E-03 4.31663E-17 -4.330E-10  6.238E-09  2.062E-09  1.637E-17  3.913E-18  1.00E-07
  2.750E-03 4.31663E-17 -4.763E-10  6.238E-09  2.062E-09  1.800E-17  4.305E-18  1.00E-07
  3.000E-03 4.31663E-17 -5.196E-10  6.238E-09  2.062E-09  1.964E-17  4.696E-18  1.00E-07
  3.250E-03 4.31663E-17 -5.629E-10  6.238E-09  2.062E-09  2.128E-17  5.087E-18  1.00E-07
  3.500E-03 4.31663E-17 -6.062E-10  6.238E-09  2.062E-09  2.292E-17  5.479E-18  1.00E-07
  3.750E-03 4.31663E-17 -6.495E-10  6.238E-09  2.062E-09  2.455E-17  5.870E-18  1.00E-07
  4.000E-03 4.31663E-17 -6.928E-10  6.238E-09  2.062E-09  2.619E-17  6.261E-18  1.00E-07
  4.250E-03 4.31663E-17 -7.361E-10  6.238E-09  2.062E-09  2.783E-17  6.653E-18  1.00E-07
  4.500E-03 4.31663E-17 -7.794E-10  6.238E-09  2.062E-09  2.946E-17  7.044E-18  1.00E-07
  4.750E-03 4.31663E-17 -8.227E-10  6.238E-09  2.062E-09  3.110E-17  7.435E-18  1.00E-07
  5.000E-03 4.31663E-17 -8.660E-10  6.238E-09  2.062E-09  3.274E-17  7.827E-18  1.00E-07
  5.250E-03 4.31663E-17 -9.093E-10  6.238E-09  2.062E-09  3.437E-17  8.218E-18  1.00E-07
  5.500E-03 4.31663E-17 -9.526E-10  6.238E-09  2.062E-09  3.601E-17  8.609E-18  1.00E-07
  5.750E-03 4.31663E-17 -9.959E-10  6.238E-09  2.062E-09  3.765E-17  9.001E-18  1.00E-07
  6.000E-03 4.31663E-17 -1.039E-09  6.238E-09  2.062E-09  3.928E-17  9.392E-18  1.00E-07
  6.250E-03 4.31663E-17 -1.083E-09  6.238E-09  2.062E-09  4.092E-17  9.783E-18  1.00E-07
  6.500E-03 4.31663E-17 -1.126E-09  6.238E-09  2.062E-09  4.256E-17  1.017E-17  1.00E-07
  6.750E-03 4.31663E-17 -1.169E-09  6.238E-09  2.062E-09  4.419E-17  1.057E-17  1.00E-07
  7.000E-03 4.31663E-17 -1.212E-09  6.238E-09  2.062E-09  4.583E-17  1.096E-17  1.00E-07
  7.250E-03 4.31663E-17 -1.256E-09  6.238E-09  2.062E-09  4.747E-17  1.135E-17  1.00E-07
  7.500E-03 4.31663E-17 -1.299E-09  6.238E-09  2.062E-09  4.910E-17  1.174E-17  1.00E-07
  7.750E-03 4.31663E-17 -1.342E-09  6.238E-09  2.062E-09  5.074E-17  1.213E-17  1.00E-07
  8.000E-03 4.31663E-17 -1.386E-09  6.238E-09  2.062E-09  5.238E-17  1.252E-17  1.00E-07
  8.250E-03 4.31663E-17 -1.429E-09  6.238E-09  2.062E-09  5.401E-17  1.291E-17  1.00E-07
  8.500E-03 4.31663E-17 -1.472E-09  6.238E-09  2.062E-09  5.565E-17  1.331E-17  1.00E-07
  8.750E-03 4.31663E-17 -1.516E-09  6.238E-09  2.062E-09  5.729E-17  1.370E-17  1.00E-07
  9.000E-03 4.31663E-17 -1.559E-09  6.238E-09  2.062E-09  5.893E-17  1.409E-17  1.00E-07
  9.250E-03 4.31663E-17 -1.602E-09  6.238E-09  2.062E-09  6.056E-17  1.448E-17  1.00E-07
  9.500E-03 4.31663E-17 -1.645E-09  6.238E-09  2.062E-09  6.220E-17  1.487E-17  1.00E-07
  9.750E-03 4.31663E-17 -1.689E-09  6.238E-09  2.062E-09  6.384E-17  1.526E-17  1.00E-07
  1.000E-02 4.31663E-17 -1.732E-09  6.238E-09  2.062E-09  6.547E-17  1.565E-17  1.00E-07
  1.250E-02 4.31663E-17 -2.165E-09  6.238E-09  2.062E-09  8.184E-17  1.957E-17  1.00E-07
  1.500E-02 4.31663E-17 -2.598E-09  6.238E-09  2.062E-09  9.821E-17  2.348E-17  1.00E-07
  1.750E-02 4.31663E-17 -3.031E-09  6.238E-09  2.062E-09  1.146E-16  2.739E-17  1.00E-07
  2.000E-02 4.31662E-17 -3.464E-09  6.238E-09  2.062E-09  1.309E-16  3.131E-17  1.00E-07
  2.250E-02 4.31662E-17 -3.897E-09  6.238E-09  2.062E-09  1.473E-16  3.522E-17  1.00E-07
  2.500E-02 4.31662E-17 -4.330E-09  6.238E-09  2.062E-09  1.637E-16  3.913E-17  1.00E-07
  2.750E-02 4.31662E-17 -4.763E-09  6.238E-09  2.062E-09  1.800E-16  4.305E-17  1.00E-07
  3.000E-02 4.31662E-17 -5.196E-09  6.238E-09  2.062E-09  1.964E-16  4.696E-17  1.00E-07
  3.250E-02 4.31662E-17 -5.629E-09  6.238E-09  2.062E-09  2.128E-16  5.087E-17  1.00E-07
  3.500E-02 4.31662E-17 -6.062E-09  6.238E-09  2.062E-09  2.292E-16  5.479E-17  1.00E-07
  3.750E-02 4.31662E-17 -6.495E-09  6.238E-09  2.062E-09  2.455E-16  5.870E-17  1.00E-07
  4.000E-02 4.31662E-17 -6.928E-09  6.238E-09  2.062E-09  2.619E-16  6.261E-17  1.00E-07
  4.250E-02 4.31662E-17 -7.361E-09  6.238E-09  2.062E-09  2.783E-16  6.653E-17  1.00E-07
  4.500E-02 4.31662E-17 -7.794E-09  6.238E-09  2.062E-09  2.946E-16  7.044E-17  1.00E-07
  4.750E-02 4.31662E-17 -8.227E-09  6.238E-09  2.062E-09  3.110E-16  7.435E-17  1.00E-07
  5.000E-02 4.31662E-17 -8.660E-09  6.238E-09  2.062E-09  3.274E-16  7.827E-17  1.00E-07
  5.250E-02 4.31662E-17 -9.093E-09  6.238E-09  2.062E-09  3.437E-16  8.218E-17  1.00E-07
  5.500E-02 4.31661E-17 -9.526E-09  6.238E-09  2.062E-09  3.601E-16  8.609E-17  1.00E-07
  5.750E-02 4.31661E-17 -9.959E-09  6.238E-09  2.062E-09  3.765E-16  9.001E-17  1.00E-07
  6.000E-02 4.31661E-17 -1.039E-08  6.238E-09  2.062E-09  3.928E-16  9.392E-17  1.00E-07
  6.250E-02 4.31661E-17 -1.083E-08  6.238E-09  2.062E-09  4.092E-16  9.783E-17  1.00E-07
  6.500E-02 4.31661E-17 -1.126E-08  6.238E-09  2.062E-09  4.256E-16  1.017E-16  1.00E-07
  6.750E-02 4.31661E-17 -1.169E-08  6.238E-09  2.062E-09  4.419E-16  1.057E-16  1.00E-07
  7.000E-02 4.31661E-17 -1.212E-08  6.238E-09  2.062E-09  4.583E-16  1.096E-16  1.00E-07
  7.250E-02 4.31661E-17 -1.256E-08  6.238E-09  2.062E-09  4.747E-16  1.135E-16  1.00E-07
  7.500E-02 4.31660E-17 -1.299E-08  6.238E-09  2.062E-09  4.910E-16  1.174E-16  1.00E-07
  7.750E-02 4.31660E-17 -1.342E-08  6.238E-09  2.062E-09  5.074E-16  1.213E-16  1.00E-07
  8.000E-02 4.31660E-17 -1.386E-08  6.238E-09  2.062E-09  5.238E-16  1.252E-16  1.00E-07
  8.250E-02 4.31660E-17 -1.429E-08  6.238E-09  2.062E-09  5.401E-16  1.291E-16  1.00E-07
  8.500E-02 4.31660E-17 -1.472E-08  6.238E-09  2.062E-09  5.565E-16  1.331E-16  1.00E-07
  8.750E-02 4.31660E-17 -1.516E-08  6.238E-09  2.062E-09  5.729E-16  1.370E-16  1.00E-07
  9.000E-02 4.31659E-17 -1.559E-08  6.238E-09  2.062E-09  5.892E-16  1.409E-16  1.00E-07
  9.250E-02 4.31659E-17 -1.602E-08  6.238E-09  2.062E-09  6.056E-16  1.448E-16  1.00E-07
  9.500E-02 4.31659E-17 -1.645E-08  6.238E-09  2.062E-09  6.220E-16  1.487E-16  1.00E-07
  9.750E-02 4.31659E-17 -1.689E-08  6.238E-09  2.062E-09  6.384E-16  1.526E-16  1.00E-07
  1.000E-01 4.31659E-17 -1.732E-08  6.238E-09  2.062E-09  6.547E-16  1.565E-16  1.00E-07
  1.250E-01 4.31656E-17 -2.165E-08  6.238E-09  2.062E-09  8.184E-16  1.957E-16  1.00E-07
  1.500E-01 4.31654E-17 -2.598E-08  6.238E-09  2.062E-09  9.821E-16  2.348E-16  1.00E-07
  1.750E-01 4.31650E-17 -3.031E-08  6.238E-09  2.062E-09  1.146E-15  2.739E-16  1.00E-07
  2.000E-01 4.31647E-17 -3.464E-08  6.238E-09  2.062E-09  1.309E-15  3.131E-16  1.00E-07
  2.250E-01 4.31642E-17 -3.897E-08  6.238E-09  2.062E-09  1.473E-15  3.522E-16  1.00E-07
  2.500E-01 4.31637E-17 -4.330E-08  6.238E-09  2.062E-09  1.637E-15  3.913E-16  1.00E-07
  2.750E-01 4.31632E-17 -4.763E-08  6.238E-09  2.062E-09  1.800E-15  4.305E-16  1.00E-07
  3.000E-01 4.31626E-17 -5.196E-08  6.238E-09  2.062E-09  1.964E-15  4.696E-16  1.00E-07
  3.250E-01 4.31620E-17 -5.630E-08  6.238E-09  2.062E-09  2.128E-15  5.087E-16  1.00E-07
  3.500E-01 4.31613E-17 -6.063E-08  6.238E-09  2.062E-09  2.291E-15  5.479E-16  1.00E-07
  3.750E-01 4.31606E-17 -6.496E-08  6.238E-09  2.062E-09  2.455E-15  5.870E-16  1.00E-07
  4.000E-01 4.31598E-17 -6.929E-08  6.238E-09  2.062E-09  2.619E-15  6.261E-16  1.00E-07
  4.250E-01 4.31590E-17 -7.362E-08  6.237E-09  2.062E-09  2.782E-15  6.652E-16  1.00E-07
  4.500E-01 4.31581E-17 -7.795E-08  6.237E-09  2.062E-09  2.946E-15  7.044E-16  1.00E-07
  4.750E-01 4.31572E-17 -8.228E-08  6.237E-09  2.062E-09  3.110E-15  7.435E-16  1.00E-07
  5.000E-01 4.31562E-17 -8.661E-08  6.237E-09  2.062E-09  3.273E-15  7.826E-16  1.00E-07
  5.250E-01 4.31551E-17 -9.095E-08  6.237E-09  2.062E-09  3.437E-15  8.218E-16  1.00E-07
  5.500E-01 4.31541E-17 -9.528E-08  6.237E-09  2.062E-09  3.600E-15  8.609E-16  1.00E-07
  5.750E-01 4.31529E-17 -9.961E-08  6.237E-09  2.062E-09  3.764E-15  9.000E-16  1.00E-07
  6.000E-01 4.31517E-17 -1.039E-07  6.237E-09  2.062E-09  3.928E-15  9.392E-16  1.00E-07
  6.250E-01 4.31505E-17 -1.083E-07  6.237E-09  2.062E-09  4.091E-15  9.783E-16  1.00E-07
  6.500E-01 4.31492E-17 -1.126E-07  6.237E-09  2.062E-09  4.255E-15  1.017E-15  1.00E-07
  6.750E-01 4.31479E-17 -1.169E-07  6.237E-09  2.062E-09  4.418E-15  1.057E-15  1.00E-07
  7.000E-01 4.31465E-17 -1.213E-07  6.236E-09  2.062E-09  4.582E-15  1.096E-15  1.00E-07
  7.250E-01 4.31450E-17 -1.256E-07  6.236E-09  2.062E-09  4.746E-15  1.135E-15  1.00E-07
  7.500E-01 4.31436E-17 -1.299E-07  6.236E-09  2.062E-09  4.909E-15  1.174E-15  1.00E-07
  7.750E-01 4.31420E-17 -1.343E-07  6.236E-09  2.062E-09  5.073E-15  1.213E-15  1.00E-07
  8.000E-01 4.31404E-17 -1.386E-07  6.236E-09  2.062E-09  5.236E-15  1.252E-15  1.00E-07
  8.250E-01 4.31388E-17 -1.429E-07  6.236E-09  2.062E-09  5.400E-15  1.291E-15  1.00E-07
  8.500E-01 4.31371E-17 -1.473E-07  6.236E-09  2.062E-09  5.563E-15  1.330E-15  1.00E-07
  8.750E-01 4.31354E-17 -1.516E-07  6.236E-09  2.062E-09  5.727E-15  1.370E-15  1.00E-07
  9.000E-01 4.31336E-17 -1.560E-07  6.235E-09  2.062E-09  5.890E-15  1.409E-15  1.00E-07
  9.250E-01 4.31317E-17 -1.603E-07  6.235E-09  2.062E-09  6.054E-15  1.448E-15  1.00E-07
  9.500E-01 4.31298E-17 -1.646E-07  6.235E-09  2.062E-09  6.217E-15  1.487E-15  1.00E-07
  9.750E-01 4.31279E-17 -1.690E-07  6.235E-09  2.062E-09  6.381E-15  1.526E-15  1.00E-07
  1.000E+00 4.31259E-17 -1.733E-07  6.235E-09  2.062E-09  6.544E-15  1.565E-15  1.00E-07
  1.100E+00 4.31174E-17 -1.906E-07  6.234E-09  2.062E-09  7.198E-15  1.722E-15  1.00E-07
  1.200E+00 4.31082E-17 -2.080E-07  6.233E-09  2.062E-09  7.851E-15  1.878E-15  1.00E-07
  1.300E+00 4.30981E-17 -2.254E-07  6.233E-09  2.062E-09  8.504E-15  2.034E-15  1.00E-07
  1.400E+00 4.30872E-17 -2.427E-07  6.232E-09  2.062E-09  9.157E-15  2.191E-15  1.00E-07
  1.500E+00 4.30755E-17 -2.601E-07  6.231E-09  2.062E-09  9.810E-15  2.347E-15  1.00E-07
  1.600E+00 4.30631E-17 -2.775E-07  6.230E-09  2.062E-09  1.046E-14  2.504E-15  1.00E-07
  1.700E+00 4.30498E-17 -2.949E-07  6.229E-09  2.062E-09  1.111E-14  2.660E-15  1.00E-07
  1.800E+00 4.30357E-17 -3.123E-07  6.228E-09  2.062E-09  1.177E-14  2.816E-15  1.00E-07
  1.900E+00 4.30208E-17 -3.297E-07  6.227E-09  2.062E-09  1.242E-14  2.973E-15  1.00E-07
  2.000E+00 4.30051E-17 -3.471E-07  6.225E-09  2.062E-09  1.307E-14  3.129E-15  1.00E-07
  2.100E+00 4.29887E-17 -3.645E-07  6.224E-09  2.062E-09  1.372E-14  3.285E-15  1.00E-07
  2.200E+00 4.29714E-17 -3.820E-07  6.223E-09  2.061E-09  1.437E-14  3.442E-15  1.00E-07
  2.300E+00 4.29534E-17 -3.994E-07  6.221E-09  2.061E-09  1.502E-14  3.598E-15  1.00E-07
  2.400E+00 4.29345E-17 -4.169E-07  6.220E-09  2.061E-09  1.567E-14  3.754E-15  1.00E-07
  2.500E+00 4.29149E-17 -4.344E-07  6.218E-09  2.061E-09  1.632E-14  3.910E-15  1.00E-07
  2.600E+00 4.28945E-17 -4.519E-07  6.217E-09  2.061E-09  1.697E-14  4.066E-15  1.00E-07
  2.700E+00 4.28733E-17 -4.694E-07  6.215E-09  2.061E-09  1.762E-14  4.223E-15  1.00E-07
  2.800E+00 4.28513E-17 -4.869E-07  6.213E-09  2.061E-09  1.826E-14  4.379E-15  1.00E-07
  2.900E+00 4.28285E-17 -5.044E-07  6.211E-09  2.061E-09  1.891E-14  4.535E-15  1.00E-07
  3.000E+00 4.28050E-17 -5.220E-07  6.210E-09  2.061E-09  1.956E-14  4.691E-15  1.00E-07
  3.100E+00 4.27806E-17 -5.395E-07  6.208E-09  2.061E-09  2.020E-14  4.847E-15  1.00E-07
  3.200E+00 4.27555E-17 -5.571E-07  6.206E-09  2.060E-09  2.085E-14  5.003E-15  1.00E-07
  3.300E+00 4.27296E-17 -5.747E-07  6.204E-09  2.060E-09  2.149E-14  5.159E-15  1.00E-07
  3.400E+00 4.27030E-17 -5.923E-07  6.201E-09  2.060E-09  2.214E-14  5.314E-15  1.00E-07
  3.500E+00 4.26755E-17 -6.100E-07  6.199E-09  2.060E-09  2.278E-14  5.470E-15  1.00E-07
  3.600E+00 4.26473E-17 -6.276E-07  6.197E-09  2.060E-09  2.342E-14  5.626E-15  1.00E-07
  3.700E+00 4.26184E-17 -6.453E-07  6.195E-09  2.060E-09  2.406E-14  5.782E-15  1.00E-07
  3.800E+00 4.25886E-17 -6.630E-07  6.192E-09  2.060E-09  2.471E-14  5.938E-15  1.00E-07
  3.900E+00 4.25582E-17 -6.807E-07  6.190E-09  2.060E-09  2.535E-14  6.093E-15  1.00E-07
  4.000E+00 4.25269E-17 -6.984E-07  6.188E-09  2.059E-09  2.599E-14  6.249E-15  1.00E-07
  4.100E+00 4.24949E-17 -7.161E-07  6.185E-09  2.059E-09  2.663E-14  6.404E-15  1.00E-07
  4.200E+00 4.24621E-17 -7.339E-07  6.182E-09  2.059E-09  2.726E-14  6.560E-15  1.00E-07
  4.300E+00 4.24286E-17 -7.517E-07  6.180E-09  2.059E-09  2.790E-14  6.715E-15  1.00E-07
  4.400E+00 4.23944E-17 -7.695E-07  6.177E-09  2.059E-09  2.854E-14  6.871E-15  1.00E-07
  4.500E+00 4.23593E-17 -7.874E-07  6.174E-09  2.059E-09  2.917E-14  7.026E-15  1.00E-07
  4.600E+00 4.23236E-17 -8.052E-07  6.171E-09  2.058E-09  2.981E-14  7.181E-15  1.00E-07
  4.700E+00 4.22871E-17 -8.231E-07  6.169E-09  2.058E-09  3.044E-14  7.337E-15  1.00E-07
  4.800E+00 4.22499E-17 -8.410E-07  6.166E-09  2.058E-09  3.108E-14  7.492E-15  1.00E-07
  4.900E+00 4.22119E-17 -8.590E-07  6.163E-09  2.058E-09  3.171E-14  7.647E-15  1.00E-07
  5.000E+00 4.21732E-17 -8.769E-07  6.159E-09  2.058E-09  3.234E-14  7.802E-15  1.00E-07
  5.100E+00 4.21337E-17 -8.949E-07  6.156E-09  2.057E-09  3.297E-14  7.957E-15  1.00E-07
  5.200E+00 4.20936E-17 -9.129E-07  6.153E-09  2.057E-09  3.360E-14  8.112E-15  1.00E-07
  5.300E+00 4.20527E-17 -9.310E-07  6.150E-09  2.057E-09  3.423E-14  8.267E-15  1.00E-07
  5.400E+00 4.20111E-17 -9.490E-07  6.147E-09  2.057E-09  3.486E-14  8.422E-15  1.00E-07
  5.500E+00 4.19688E-17 -9.671E-07  6.143E-09  2.057E-09  3.549E-14  8.577E-15  1.00E-07
  5.600E+00 4.19257E-17 -9.852E-07  6.140E-09  2.056E-09  3.611E-14  8.732E-15  1.00E-07
  5.700E+00 4.18820E-17 -1.003E-06  6.136E-09  2.056E-09  3.674E-14  8.886E-15  1.00E-07
  5.800E+00 4.18375E-17 -1.022E-06  6.133E-09  2.056E-09  3.736E-14  9.041E-15  1.00E-07
  5.900E+00 4.17924E-17 -1.040E-06  6.129E-09  2.056E-09  3.798E-14  9.195E-15  1.00E-07
  6.000E+00 4.17465E-17 -1.058E-06  6.125E-09  2.056E-09  3.861E-14  9.350E-15  1.00E-07
  6.100E+00 4.16999E-17 -1.076E-06  6.122E-09  2.055E-09  3.923E-14  9.504E-15  1.00E-07
  6.200E+00 4.16527E-17 -1.095E-06  6.118E-09  2.055E-09  3.985E-14  9.659E-15  1.00E-07
  6.300E+00 4.16048E-17 -1.113E-06  6.114E-09  2.055E-09  4.046E-14  9.813E-15  1.00E-07
  6.400E+00 4.15561E-17 -1.131E-06  6.110E-09  2.055E-09  4.108E-14  9.967E-15  1.00E-07
  6.500E+00 4.15068E-17 -1.150E-06  6.106E-09  2.054E-09  4.170E-14  1.012E-14  1.00E-07
  6.600E+00 4.14568E-17 -1.168E-06  6.102E-09  2.054E-09  4.231E-14  1.028E-14  1.00E-07
  6.700E+00 4.14062E-17 -1.187E-06  6.098E-09  2.054E-09  4.293E-14  1.043E-14  1.00E-07
  6.800E+00 4.13548E-17 -1.205E-06  6.094E-09  2.054E-09  4.354E-14  1.058E-14  1.00E-07
  6.900E+00 4.13028E-17 -1.224E-06  6.090E-09  2.053E-09  4.415E-14  1.074E-14  1.00E-07
  7.000E+00 4.12501E-17 -1.242E-06  6.086E-09  2.053E-09  4.476E-14  1.089E-14  1.00E-07
  7.100E+00 4.11968E-17 -1.261E-06  6.081E-09  2.053E-09  4.537E-14  1.104E-14  1.00E-07
  7.200E+00 4.11428E-17 -1.280E-06  6.077E-09  2.053E-09  4.598E-14  1.120E-14  1.00E-07
  7.300E+00 4.10882E-17 -1.298E-06  6.073E-09  2.052E-09  4.658E-14  1.135E-14  1.00E-07
  7.400E+00 4.10329E-17 -1.317E-06  6.068E-09  2.052E-09  4.719E-14  1.150E-14  1.00E-07
  7.500E+00 4.09770E-17 -1.336E-06  6.064E-09  2.052E-09  4.779E-14  1.166E-14  1.00E-07
  7.600E+00 4.09204E-17 -1.355E-06  6.059E-09  2.051E-09  4.839E-14  1.181E-14  1.00E-07
  7.700E+00 4.08632E-17 -1.373E-06  6.054E-09  2.051E-09  4.900E-14  1.196E-14  1.00E-07
  7.800E+00 4.08054E-17 -1.392E-06  6.050E-09  2.051E-09  4.959E-14  1.212E-14  1.00E-07
  7.900E+00 4.07469E-17 -1.411E-06  6.045E-09  2.051E-09  5.019E-14  1.227E-14  1.00E-07
  8.000E+00 4.06878E-17 -1.430E-06  6.040E-09  2.050E-09  5.079E-14  1.242E-14  1.00E-07
  8.100E+00 4.06281E-17 -1.449E-06  6.035E-09  2.050E-09  5.139E-14  1.258E-14  1.00E-07
  8.200E+00 4.05678E-17 -1.468E-06  6.030E-09  2.050E-09  5.198E-14  1.273E-14  1.00E-07
  8.300E+00 4.05069E-17 -1.487E-06  6.026E-09  2.049E-09  5.257E-14  1.288E-14  1.00E-07
  8.400E+00 4.04453E-17 -1.507E-06  6.021E-09  2.049E-09  5.316E-14  1.303E-14  1.00E-07
  8.500E+00 4.03832E-17 -1.526E-06  6.015E-09  2.049E-09  5.375E-14  1.319E-14  1.00E-07
  8.600E+00 4.03205E-17 -1.545E-06  6.010E-09  2.048E-09  5.434E-14  1.334E-14  1.00E-07
  8.700E+00 4.02571E-17 -1.564E-06  6.005E-09  2.048E-09  5.493E-14  1.349E-14  1.00E-07
  8.800E+00 4.01932E-17 -1.584E-06  6.000E-09  2.048E-09  5.551E-14  1.364E-14  1.00E-07
  8.900E+00 4.01287E-17 -1.603E-06  5.995E-09  2.047E-09  5.610E-14  1.379E-14  1.00E-07
  9.000E+00 4.00637E-17 -1.622E-06  5.989E-09  2.047E-09  5.668E-14  1.395E-14  1.00E-07
  9.100E+00 3.99980E-17 -1.642E-06  5.984E-09  2.047E-09  5.726E-14  1.410E-14  1.00E-07
  9.200E+00 3.99318E-17 -1.661E-06  5.979E-09  2.046E-09  5.784E-14  1.425E-14  1.00E-07
  9.300E+00 3.98650E-17 -1.681E-06  5.973E-09  2.046E-09  5.842E-14  1.440E-14  1.00E-07
  9.400E+00 3.97977E-17 -1.701E-06  5.968E-09  2.046E-09  5.899E-14  1.455E-14  1.00E-07
  9.500E+00 3.97298E-17 -1.720E-06  5.962E-09  2.045E-09  5.957E-14  1.470E-14  1.00E-07
  9.600E+00 3.96613E-17 -1.740E-06  5.956E-09  2.045E-09  6.014E-14  1.486E-14  1.00E-07
  9.700E+00 3.95923E-17 -1.760E-06  5.951E-09  2.045E-09  6.071E-14  1.501E-14  1.00E-07
  9.800E+00 3.95228E-17 -1.780E-06  5.945E-09  2.044E-09  6.128E-14  1.516E-14  1.00E-07
  9.900E+00 3.94527E-17 -1.799E-06  5.939E-09  2.044E-09  6.185E-14  1.531E-14  1.00E-07
  1.000E+01 3.93821E-17 -1.819E-06  5.933E-09  2.044E-09  6.242E-14  1.546E-14  1.00E-07
  1.025E+01 3.92033E-17 -1.869E-06  5.919E-09  2.043E-09  6.383E-14  1.584E-14  1.00E-07
  1.050E+01 3.90213E-17 -1.920E-06  5.904E-09  2.042E-09  6.522E-14  1.621E-14  1.00E-07
  1.075E+01 3.88361E-17 -1.970E-06  5.888E-09  2.041E-09  6.661E-14  1.659E-14  1.00E-07
  1.100E+01 3.86479E-17 -2.022E-06  5.873E-09  2.040E-09  6.799E-14  1.696E-14  1.00E-07
  1.125E+01 3.84568E-17 -2.073E-06  5.857E-09  2.039E-09  6.935E-14  1.733E-14  1.00E-07
  1.150E+01 3.82627E-17 -2.125E-06  5.840E-09  2.038E-09  7.071E-14  1.771E-14  1.00E-07
  1.175E+01 3.80658E-17 -2.177E-06  5.824E-09  2.037E-09  7.205E-14  1.808E-14  1.00E-07
  1.200E+01 3.78661E-17 -2.230E-06  5.807E-09  2.035E-09  7.338E-14  1.845E-14  1.00E-07
  1.225E+01 3.76638E-17 -2.283E-06  5.790E-09  2.034E-09  7.470E-14  1.882E-14  1.00E-07
  1.250E+01 3.74589E-17 -2.336E-06  5.773E-09  2.033E-09  7.601E-14  1.919E-14  1.00E-07
  1.275E+01 3.72515E-17 -2.390E-06  5.755E-09  2.032E-09  7.730E-14  1.956E-14  1.00E-07
  1.300E+01 3.70417E-17 -2.444E-06  5.737E-09  2.031E-09  7.858E-14  1.993E-14  1.00E-07
  1.325E+01 3.68296E-17 -2.499E-06  5.719E-09  2.030E-09  7.985E-14  2.029E-14  1.00E-07
  1.350E+01 3.66152E-17 -2.554E-06  5.701E-09  2.028E-09  8.111E-14  2.066E-14  1.00E-07
  1.375E+01 3.63986E-17 -2.609E-06  5.682E-09  2.027E-09  8.236E-14  2.102E-14  1.00E-07
  1.400E+01 3.61800E-17 -2.665E-06  5.664E-09  2.026E-09  8.359E-14  2.139E-14  1.00E-07
  1.425E+01 3.59593E-17 -2.722E-06  5.645E-09  2.025E-09  8.481E-14  2.175E-14  1.00E-07
  1.450E+01 3.57367E-17 -2.779E-06  5.625E-09  2.023E-09  8.602E-14  2.211E-14  1.00E-07
  1.475E+01 3.55123E-17 -2.836E-06  5.606E-09  2.022E-09  8.721E-14  2.247E-14  1.00E-07
  1.500E+01 3.52861E-17 -2.894E-06  5.586E-09  2.021E-09  8.839E-14  2.283E-14  1.00E-07
  1.525E+01 3.50582E-17 -2.953E-06  5.566E-09  2.019E-09  8.956E-14  2.319E-14  1.00E-07
  1.550E+01 3.48287E-17 -3.012E-06  5.546E-09  2.018E-09  9.072E-14  2.355E-14  1.00E-07
  1.575E+01 3.45977E-17 -3.071E-06  5.526E-09  2.016E-09  9.186E-14  2.391E-14  1.00E-07
  1.600E+01 3.43653E-17 -3.131E-06  5.505E-09  2.015E-09  9.299E-14  2.426E-14  1.00E-07
  1.625E+01 3.41314E-17 -3.192E-06  5.484E-09  2.014E-09  9.410E-14  2.462E-14  1.00E-07
  1.650E+01 3.38963E-17 -3.253E-06  5.463E-09  2.012E-09  9.520E-14  2.497E-14  1.00E-07
  1.675E+01 3.36600E-17 -3.314E-06  5.442E-09  2.011E-09  9.629E-14  2.532E-14  1.00E-07
  1.700E+01 3.34225E-17 -3.376E-06  5.421E-09  2.009E-09  9.736E-14  2.567E-14  1.00E-07
  1.725E+01 3.31840E-17 -3.439E-06  5.399E-09  2.007E-09  9.842E-14  2.602E-14  1.00E-07
  1.750E+01 3.29445E-17 -3.503E-06  5.378E-09  2.006E-09  9.947E-14  2.637E-14  1.00E-07
  1.775E+01 3.27041E-17 -3.567E-06  5.356E-09  2.004E-09  1.005E-13  2.672E-14  1.00E-07
  1.800E+01 3.24628E-17 -3.631E-06  5.334E-09  2.003E-09  1.015E-13  2.707E-14  1.00E-07
  1.825E+01 3.22208E-17 -3.696E-06  5.312E-09  2.001E-09  1.025E-13  2.741E-14  1.00E-07
  1.850E+01 3.19781E-17 -3.762E-06  5.290E-09  2.000E-09  1.035E-13  2.776E-14  1.00E-07
  1.875E+01 3.17348E-17 -3.828E-06  5.267E-09  1.998E-09  1.045E-13  2.810E-14  1.00E-07
  1.900E+01 3.14909E-17 -3.895E-06  5.245E-09  1.996E-09  1.055E-13  2.844E-14  1.00E-07
  1.925E+01 3.12466E-17 -3.963E-06  5.222E-09  1.995E-09  1.064E-13  2.878E-14  1.00E-07
  1.950E+01 3.10019E-17 -4.031E-06  5.199E-09  1.993E-09  1.073E-13  2.912E-14  1.00E-07
  1.975E+01 3.07568E-17 -4.100E-06  5.176E-09  1.991E-09  1.083E-13  2.946E-14  1.00E-07
  2.000E+01 3.05114E-17 -4.170E-06  5.153E-09  1.989E-09  1.092E-13  2.980E-14  1.00E-07
  2.025E+01 3.02658E-17 -4.240E-06  5.130E-09  1.988E-09  1.101E-13  3.013E-14  1.00E-07
  2.050E+01 3.00201E-17 -4.311E-06  5.107E-09  1.986E-09  1.109E-13  3.047E-14  1.00E-07
  2.075E+01 2.97743E-17 -4.383E-06  5.083E-09  1.984E-09  1.118E-13  3.080E-14  1.00E-07
  2.100E+01 2.95285E-17 -4.455E-06  5.060E-09  1.982E-09  1.127E-13  3.113E-14  1.00E-07
  2.125E+01 2.92827E-17 -4.528E-06  5.036E-09  1.980E-09  1.135E-13  3.146E-14  1.00E-07
  2.150E+01 2.90370E-17 -4.602E-06  5.012E-09  1.978E-09  1.143E-13  3.179E-14  1.00E-07
  2.175E+01 2.87915E-17 -4.677E-06  4.988E-09  1.977E-09  1.151E-13  3.212E-14  1.00E-07
  2.200E+01 2.85462E-17 -4.752E-06  4.965E-09  1.975E-09  1.159E-13  3.244E-14  1.00E-07
  2.225E+01 2.83012E-17 -4.828E-06  4.941E-09  1.973E-09  1.167E-13  3.277E-14  1.00E-07
  2.250E+01 2.80565E-17 -4.905E-06  4.917E-09  1.971E-09  1.175E-13  3.309E-14  1.00E-07
  2.275E+01 2.78121E-17 -4.982E-06  4.892E-09  1.969E-09  1.182E-13  3.341E-14  1.00E-07
  2.300E+01 2.75682E-17 -5.061E-06  4.868E-09  1.967E-09  1.190E-13  3.374E-14  1.00E-07
  2.325E+01 2.73248E-17 -5.140E-06  4.844E-09  1.965E-09  1.197E-13  3.405E-14  1.00E-07
  2.350E+01 2.70820E-17 -5.220E-06  4.820E-09  1.963E-09  1.204E-13  3.437E-14  1.00E-07
  2.375E+01 2.68397E-17 -5.300E-06  4.795E-09  1.961E-09  1.211E-13  3.469E-14  1.00E-07
  2.400E+01 2.65980E-17 -5.382E-06  4.771E-09  1.959E-09  1.218E-13  3.500E-14  1.00E-07
  2.425E+01 2.63571E-17 -5.464E-06  4.746E-09  1.957E-09  1.225E-13  3.532E-14  1.00E-07
  2.450E+01 2.61168E-17 -5.547E-06  4.722E-09  1.955E-09  1.231E-13  3.563E-14  1.00E-07
  2.475E+01 2.58774E-17 -5.631E-06  4.697E-09  1.953E-09  1.238E-13  3.594E-14  1.00E-07
  2.500E+01 2.56387E-17 -5.716E-06  4.673E-09  1.951E-09  1.244E-13  3.625E-14  1.00E-07
  2.550E+01 2.51640E-17 -5.888E-06  4.623E-09  1.947E-09  1.256E-13  3.686E-14  1.00E-07
  2.600E+01 2.46930E-17 -6.064E-06  4.574E-09  1.942E-09  1.268E-13  3.747E-14  1.00E-07
  2.650E+01 2.42260E-17 -6.243E-06  4.524E-09  1.938E-09  1.279E-13  3.807E-14  1.00E-07
  2.700E+01 2.37633E-17 -6.425E-06  4.475E-09  1.933E-09  1.290E-13  3.866E-14  1.00E-07
  2.750E+01 2.33053E-17 -6.612E-06  4.425E-09  1.929E-09  1.300E-13  3.925E-14  1.00E-07
  2.800E+01 2.28520E-17 -6.802E-06  4.376E-09  1.924E-09  1.310E-13  3.983E-14  1.00E-07
  2.850E+01 2.24037E-17 -6.996E-06  4.326E-09  1.920E-09  1.319E-13  4.041E-14  1.00E-07
  2.900E+01 2.19607E-17 -7.193E-06  4.277E-09  1.915E-09  1.327E-13  4.098E-14  1.00E-07
  2.950E+01 2.15232E-17 -7.395E-06  4.228E-09  1.911E-09  1.336E-13  4.154E-14  1.00E-07
  3.000E+01 2.10912E-17 -7.600E-06  4.178E-09  1.906E-09  1.343E-13  4.209E-14  1.00E-07
  3.050E+01 2.06650E-17 -7.809E-06  4.129E-09  1.901E-09  1.351E-13  4.264E-14  1.00E-07
  3.100E+01 2.02447E-17 -8.023E-06  4.080E-09  1.896E-09  1.358E-13  4.319E-14  1.00E-07
  3.150E+01 1.98304E-17 -8.240E-06  4.032E-09  1.891E-09  1.364E-13  4.372E-14  1.00E-07
  3.200E+01 1.94223E-17 -8.462E-06  3.983E-09  1.886E-09  1.370E-13  4.425E-14  1.00E-07
  3.250E+01 1.90204E-17 -8.688E-06  3.935E-09  1.881E-09  1.376E-13  4.477E-14  1.00E-07
  3.300E+01 1.86248E-17 -8.918E-06  3.886E-09  1.876E-09  1.381E-13  4.529E-14  1.00E-07
  3.350E+01 1.82355E-17 -9.153E-06  3.839E-09  1.871E-09  1.385E-13  4.579E-14  1.00E-07
  3.400E+01 1.78528E-17 -9.392E-06  3.791E-09  1.866E-09  1.390E-13  4.629E-14  1.00E-07
  3.450E+01 1.74765E-17 -9.635E-06  3.744E-09  1.861E-09  1.394E-13  4.679E-14  1.00E-07
  3.500E+01 1.71067E-17 -9.882E-06  3.696E-09  1.856E-09  1.397E-13  4.728E-14  1.00E-07
  3.550E+01 1.67435E-17 -1.013E-05  3.650E-09  1.850E-09  1.400E-13  4.776E-14  1.00E-07
  3.600E+01 1.63868E-17 -1.039E-05  3.603E-09  1.845E-09  1.403E-13  4.823E-14  1.00E-07
  3.650E+01 1.60367E-17 -1.065E-05  3.557E-09  1.840E-09  1.406E-13  4.869E-14  1.00E-07
  3.700E+01 1.56931E-17 -1.092E-05  3.511E-09  1.834E-09  1.408E-13  4.915E-14  1.00E-07
  3.750E+01 1.53561E-17 -1.119E-05  3.466E-09  1.829E-09  1.410E-13  4.960E-14  1.00E-07
  3.800E+01 1.50256E-17 -1.146E-05  3.421E-09  1.823E-09  1.411E-13  5.005E-14  1.00E-07
  3.850E+01 1.47016E-17 -1.174E-05  3.376E-09  1.818E-09  1.412E-13  5.048E-14  1.00E-07
  3.900E+01 1.43840E-17 -1.203E-05  3.332E-09  1.812E-09  1.413E-13  5.091E-14  1.00E-07
  3.950E+01 1.40729E-17 -1.232E-05  3.288E-09  1.807E-09  1.414E-13  5.134E-14  1.00E-07
  4.000E+01 1.37681E-17 -1.261E-05  3.244E-09  1.801E-09  1.414E-13  5.175E-14  1.00E-07
  4.050E+01 1.34696E-17 -1.291E-05  3.201E-09  1.796E-09  1.414E-13  5.216E-14  1.00E-07
  4.100E+01 1.31773E-17 -1.321E-05  3.158E-09  1.790E-09  1.414E-13  5.256E-14  1.00E-07
  4.150E+01 1.28913E-17 -1.352E-05  3.116E-09  1.784E-09  1.413E-13  5.295E-14  1.00E-07
  4.200E+01 1.26113E-17 -1.383E-05  3.074E-09  1.779E-09  1.412E-13  5.334E-14  1.00E-07
  4.250E+01 1.23374E-17 -1.415E-05  3.032E-09  1.773E-09  1.411E-13  5.372E-14  1.00E-07
  4.300E+01 1.20694E-17 -1.447E-05  2.991E-09  1.767E-09  1.410E-13  5.409E-14  1.00E-07
  4.350E+01 1.18074E-17 -1.480E-05  2.950E-09  1.762E-09  1.408E-13  5.445E-14  1.00E-07
  4.400E+01 1.15511E-17 -1.513E-05  2.910E-09  1.756E-09  1.406E-13  5.481E-14  1.00E-07
  4.450E+01 1.13006E-17 -1.547E-05  2.870E-09  1.750E-09  1.404E-13  5.516E-14  1.00E-07
  4.500E+01 1.10556E-17 -1.581E-05  2.831E-09  1.744E-09  1.402E-13  5.550E-14  1.00E-07
  4.550E+01 1.08163E-17 -1.616E-05  2.792E-09  1.738E-09  1.400E-13  5.584E-14  1.00E-07
  4.600E+01 1.05824E-17 -1.651E-05  2.753E-09  1.732E-09  1.397E-13  5.617E-14  1.00E-07
  4.650E+01 1.03538E-17 -1.686E-05  2.715E-09  1.727E-09  1.394E-13  5.649E-14  1.00E-07
  4.700E+01 1.01305E-17 -1.722E-05  2.678E-09  1.721E-09  1.391E-13  5.680E-14  1.00E-07
  4.750E+01 9.91241E-18 -1.759E-05  2.640E-09  1.715E-09  1.388E-13  5.711E-14  1.00E-07
  4.800E+01 9.69938E-18 -1.796E-05  2.604E-09  1.709E-09  1.384E-13  5.741E-14  1.00E-07
  4.850E+01 9.49134E-18 -1.833E-05  2.567E-09  1.703E-09  1.381E-13  5.770E-14  1.00E-07
  4.900E+01 9.28819E-18 -1.871E-05  2.532E-09  1.697E-09  1.377E-13  5.798E-14  1.00E-07
  4.950E+01 9.08983E-18 -1.909E-05  2.496E-09  1.691E-09  1.373E-13  5.826E-14  1.00E-07
  5.000E+01 8.89618E-18 -1.948E-05  2.461E-09  1.685E-09  1.369E-13  5.853E-14  1.00E-07
  5.050E+01 8.70714E-18 -1.987E-05  2.427E-09  1.679E-09  1.365E-13  5.880E-14  1.00E-07
  5.100E+01 8.52260E-18 -2.027E-05  2.392E-09  1.673E-09  1.361E-13  5.905E-14  1.00E-07
  5.150E+01 8.34249E-18 -2.067E-05  2.359E-09  1.667E-09  1.356E-13  5.930E-14  1.00E-07
  5.200E+01 8.16670E-18 -2.108E-05  2.325E-09  1.661E-09  1.352E-13  5.954E-14  1.00E-07
  5.250E+01 7.99514E-18 -2.148E-05  2.293E-09  1.655E-09  1.347E-13  5.978E-14  1.00E-07
  5.300E+01 7.82772E-18 -2.190E-05  2.260E-09  1.649E-09  1.342E-13  6.001E-14  1.00E-07
  5.350E+01 7.66435E-18 -2.232E-05  2.228E-09  1.643E-09  1.337E-13  6.023E-14  1.00E-07
  5.400E+01 7.50493E-18 -2.274E-05  2.197E-09  1.637E-09  1.332E-13  6.044E-14  1.00E-07
  5.450E+01 7.34939E-18 -2.316E-05  2.165E-09  1.631E-09  1.327E-13  6.065E-14  1.00E-07
  5.500E+01 7.19762E-18 -2.359E-05  2.135E-09  1.625E-09  1.322E-13  6.085E-14  1.00E-07
  5.550E+01 7.04955E-18 -2.402E-05  2.104E-09  1.619E-09  1.317E-13  6.105E-14  1.00E-07
  5.600E+01 6.90509E-18 -2.446E-05  2.075E-09  1.613E-09  1.311E-13  6.123E-14  1.00E-07
  5.650E+01 6.76415E-18 -2.490E-05  2.045E-09  1.607E-09  1.306E-13  6.141E-14  1.00E-07
  5.700E+01 6.62664E-18 -2.534E-05  2.016E-09  1.601E-09  1.300E-13  6.159E-14  1.00E-07
  5.750E+01 6.49250E-18 -2.579E-05  1.987E-09  1.595E-09  1.294E-13  6.175E-14  1.00E-07
  5.800E+01 6.36164E-18 -2.624E-05  1.959E-09  1.589E-09  1.289E-13  6.191E-14  1.00E-07
  5.850E+01 6.23397E-18 -2.670E-05  1.931E-09  1.583E-09  1.283E-13  6.207E-14  1.00E-07
  5.900E+01 6.10942E-18 -2.715E-05  1.903E-09  1.577E-09  1.277E-13  6.222E-14  1.00E-07
  5.950E+01 5.98792E-18 -2.761E-05  1.876E-09  1.571E-09  1.271E-13  6.236E-14  1.00E-07
  6.000E+01 5.86939E-18 -2.807E-05  1.849E-09  1.565E-09  1.265E-13  6.249E-14  1.00E-07
  6.050E+01 5.75376E-18 -2.854E-05  1.823E-09  1.559E-09  1.259E-13  6.262E-14  1.00E-07
  6.100E+01 5.64095E-18 -2.901E-05  1.797E-09  1.553E-09  1.253E-13  6.274E-14  1.00E-07
  6.150E+01 5.53089E-18 -2.948E-05  1.771E-09  1.547E-09  1.247E-13  6.286E-14  1.00E-07
  6.200E+01 5.42352E-18 -2.995E-05  1.746E-09  1.541E-09  1.241E-13  6.297E-14  1.00E-07
  6.250E+01 5.31876E-18 -3.043E-05  1.721E-09  1.535E-09  1.234E-13  6.307E-14  1.00E-07
  6.300E+01 5.21656E-18 -3.090E-05  1.697E-09  1.529E-09  1.228E-13  6.316E-14  1.00E-07
  6.350E+01 5.11684E-18 -3.138E-05  1.672E-09  1.523E-09  1.222E-13  6.325E-14  1.00E-07
  6.400E+01 5.01955E-18 -3.186E-05  1.648E-09  1.517E-09  1.215E-13  6.334E-14  1.00E-07
  6.450E+01 4.92461E-18 -3.235E-05  1.625E-09  1.511E-09  1.209E-13  6.342E-14  1.00E-07
  6.500E+01 4.83198E-18 -3.283E-05  1.602E-09  1.505E-09  1.202E-13  6.349E-14  1.00E-07
  6.550E+01 4.74159E-18 -3.332E-05  1.579E-09  1.500E-09  1.196E-13  6.356E-14  1.00E-07
  6.600E+01 4.65339E-18 -3.381E-05  1.556E-09  1.494E-09  1.189E-13  6.362E-14  1.00E-07
  6.650E+01 4.56731E-18 -3.430E-05  1.534E-09  1.488E-09  1.183E-13  6.367E-14  1.00E-07
  6.700E+01 4.48331E-18 -3.479E-05  1.512E-09  1.482E-09  1.176E-13  6.372E-14  1.00E-07
  6.750E+01 4.40132E-18 -3.528E-05  1.491E-09  1.476E-09  1.170E-13  6.376E-14  1.00E-07
  6.800E+01 4.32130E-18 -3.577E-05  1.469E-09  1.470E-09  1.163E-13  6.380E-14  1.00E-07
  6.850E+01 4.24320E-18 -3.627E-05  1.448E-09  1.465E-09  1.157E-13  6.383E-14  1.00E-07
  6.900E+01 4.16697E-18 -3.676E-05  1.428E-09  1.459E-09  1.150E-13  6.385E-14  1.00E-07
  6.950E+01 4.09255E-18 -3.725E-05  1.407E-09  1.453E-09  1.143E-13  6.387E-14  1.00E-07
  7.000E+01 4.01991E-18 -3.775E-05  1.387E-09  1.447E-09  1.137E-13  6.389E-14  1.00E-07
  7.050E+01 3.94899E-18 -3.824E-05  1.368E-09  1.442E-09  1.130E-13  6.390E-14  1.00E-07
  7.100E+01 3.87975E-18 -3.874E-05  1.348E-09  1.436E-09  1.123E-13  6.390E-14  1.00E-07
  7.150E+01 3.81214E-18 -3.923E-05  1.329E-09  1.430E-09  1.117E-13  6.390E-14  1.00E-07
  7.200E+01 3.74613E-18 -3.973E-05  1.310E-09  1.425E-09  1.110E-13  6.389E-14  1.00E-07
  7.250E+01 3.68167E-18 -4.022E-05  1.292E-09  1.419E-09  1.103E-13  6.388E-14  1.00E-07
  7.300E+01 3.61873E-18 -4.071E-05  1.273E-09  1.413E-09  1.096E-13  6.386E-14  1.00E-07
  7.350E+01 3.55725E-18 -4.121E-05  1.255E-09  1.408E-09  1.090E-13  6.384E-14  1.00E-07
  7.400E+01 3.49721E-18 -4.170E-05  1.237E-09  1.402E-09  1.083E-13  6.381E-14  1.00E-07
  7.450E+01 3.43857E-18 -4.219E-05  1.220E-09  1.397E-09  1.076E-13  6.378E-14  1.00E-07
  7.500E+01 3.38128E-18 -4.268E-05  1.202E-09  1.391E-09  1.070E-13  6.374E-14  1.00E-07
  7.550E+01 3.32532E-18 -4.317E-05  1.185E-09  1.386E-09  1.063E-13  6.370E-14  1.00E-07
  7.600E+01 3.27065E-18 -4.365E-05  1.169E-09  1.380E-09  1.056E-13  6.365E-14  1.00E-07
  7.650E+01 3.21724E-18 -4.414E-05  1.152E-09  1.375E-09  1.049E-13  6.359E-14  1.00E-07
  7.700E+01 3.16506E-18 -4.462E-05  1.136E-09  1.369E-09  1.043E-13  6.354E-14  1.00E-07
  7.750E+01 3.11406E-18 -4.510E-05  1.120E-09  1.364E-09  1.036E-13  6.347E-14  1.00E-07
  7.800E+01 3.06423E-18 -4.558E-05  1.104E-09  1.358E-09  1.029E-13  6.340E-14  1.00E-07
  7.850E+01 3.01553E-18 -4.606E-05  1.088E-09  1.353E-09  1.023E-13  6.333E-14  1.00E-07
  7.900E+01 2.96793E-18 -4.653E-05  1.073E-09  1.348E-09  1.016E-13  6.325E-14  1.00E-07
  7.950E+01 2.92141E-18 -4.701E-05  1.058E-09  1.342E-09  1.009E-13  6.317E-14  1.00E-07
  8.000E+01 2.87593E-18 -4.748E-05  1.043E-09  1.337E-09  1.003E-13  6.309E-14  1.00E-07
  8.050E+01 2.83147E-18 -4.794E-05  1.028E-09  1.332E-09  9.960E-14  6.300E-14  1.00E-07
  8.100E+01 2.78801E-18 -4.841E-05  1.014E-09  1.327E-09  9.894E-14  6.290E-14  1.00E-07
  8.150E+01 2.74552E-18 -4.887E-05  9.997E-10  1.321E-09  9.828E-14  6.280E-14  1.00E-07
  8.200E+01 2.70396E-18 -4.932E-05  9.857E-10  1.316E-09  9.762E-14  6.270E-14  1.00E-07
  8.250E+01 2.66333E-18 -4.978E-05  9.719E-10  1.311E-09  9.696E-14  6.259E-14  1.00E-07
  8.300E+01 2.62360E-18 -5.023E-05  9.582E-10  1.306E-09  9.630E-14  6.247E-14  1.00E-07
  8.350E+01 2.58473E-18 -5.068E-05  9.448E-10  1.301E-09  9.564E-14  6.236E-14  1.00E-07
  8.400E+01 2.54672E-18 -5.112E-05  9.316E-10  1.296E-09  9.499E-14  6.224E-14  1.00E-07
  8.450E+01 2.50954E-18 -5.156E-05  9.186E-10  1.291E-09  9.433E-14  6.211E-14  1.00E-07
  8.500E+01 2.47317E-18 -5.199E-05  9.058E-10  1.286E-09  9.368E-14  6.198E-14  1.00E-07
  8.550E+01 2.43759E-18 -5.242E-05  8.931E-10  1.281E-09  9.303E-14  6.185E-14  1.00E-07
  8.600E+01 2.40277E-18 -5.285E-05  8.807E-10  1.276E-09  9.238E-14  6.171E-14  1.00E-07
  8.650E+01 2.36871E-18 -5.327E-05  8.684E-10  1.271E-09  9.173E-14  6.157E-14  1.00E-07
  8.700E+01 2.33537E-18 -5.369E-05  8.563E-10  1.266E-09  9.108E-14  6.142E-14  1.00E-07
  8.750E+01 2.30275E-18 -5.410E-05  8.444E-10  1.261E-09  9.044E-14  6.127E-14  1.00E-07
  8.800E+01 2.27082E-18 -5.451E-05  8.327E-10  1.256E-09  8.979E-14  6.112E-14  1.00E-07
  8.850E+01 2.23957E-18 -5.491E-05  8.211E-10  1.251E-09  8.915E-14  6.096E-14  1.00E-07
  8.900E+01 2.20899E-18 -5.531E-05  8.097E-10  1.246E-09  8.851E-14  6.080E-14  1.00E-07
  8.950E+01 2.17904E-18 -5.570E-05  7.985E-10  1.242E-09  8.788E-14  6.064E-14  1.00E-07
  9.000E+01 2.14973E-18 -5.608E-05  7.874E-10  1.237E-09  8.724E-14  6.047E-14  1.00E-07
  9.050E+01 2.12103E-18 -5.647E-05  7.766E-10  1.232E-09  8.661E-14  6.030E-14  1.00E-07
  9.100E+01 2.09293E-18 -5.684E-05  7.658E-10  1.227E-09  8.598E-14  6.012E-14  1.00E-07
  9.150E+01 2.06541E-18 -5.721E-05  7.552E-10  1.223E-09  8.535E-14  5.994E-14  1.00E-07
  9.200E+01 2.03846E-18 -5.757E-05  7.448E-10  1.218E-09  8.472E-14  5.976E-14  1.00E-07
  9.250E+01 2.01207E-18 -5.793E-05  7.346E-10  1.213E-09  8.409E-14  5.957E-14  1.00E-07
  9.300E+01 1.98622E-18 -5.828E-05  7.245E-10  1.209E-09  8.347E-14  5.939E-14  1.00E-07
  9.350E+01 1.96090E-18 -5.863E-05  7.145E-10  1.204E-09  8.285E-14  5.919E-14  1.00E-07
  9.400E+01 1.93609E-18 -5.897E-05  7.047E-10  1.200E-09  8.223E-14  5.900E-14  1.00E-07
  9.450E+01 1.91180E-18 -5.930E-05  6.950E-10  1.195E-09  8.161E-14  5.880E-14  1.00E-07
  9.500E+01 1.88799E-18 -5.962E-05  6.855E-10  1.191E-09  8.099E-14  5.859E-14  1.00E-07
  9.550E+01 1.86467E-18 -5.994E-05  6.761E-10  1.186E-09  8.038E-14  5.839E-14  1.00E-07
  9.600E+01 1.84181E-18 -6.025E-05  6.668E-10  1.182E-09  7.977E-14  5.818E-14  1.00E-07
  9.650E+01 1.81941E-18 -6.056E-05  6.577E-10  1.178E-09  7.916E-14  5.797E-14  1.00E-07
  9.700E+01 1.79747E-18 -6.086E-05  6.487E-10  1.173E-09  7.855E-14  5.775E-14  1.00E-07
  9.750E+01 1.77596E-18 -6.115E-05  6.399E-10  1.169E-09  7.794E-14  5.754E-14  1.00E-07
  9.800E+01 1.75487E-18 -6.143E-05  6.312E-10  1.165E-09  7.734E-14  5.731E-14  1.00E-07
  9.850E+01 1.73421E-18 -6.171E-05  6.226E-10  1.160E-09  7.674E-14  5.709E-14  1.00E-07
  9.900E+01 1.71395E-18 -6.198E-05  6.141E-10  1.156E-09  7.614E-14  5.686E-14  1.00E-07
  9.950E+01 1.69409E-18 -6.224E-05  6.057E-10  1.152E-09  7.554E-14  5.663E-14  1.00E-07
  1.000E+02 1.67461E-18 -6.249E-05  5.975E-10  1.148E-09  7.495E-14  5.640E-14  1.00E-07
  1.005E+02 1.65552E-18 -6.274E-05  5.894E-10  1.144E-09  7.435E-14  5.617E-14  1.00E-07
  1.010E+02 1.63680E-18 -6.298E-05  5.814E-10  1.140E-09  7.376E-14  5.593E-14  1.00E-07
  1.015E+02 1.61845E-18 -6.321E-05  5.736E-10  1.136E-09  7.318E-14  5.569E-14  1.00E-07
  1.020E+02 1.60045E-18 -6.343E-05  5.658E-10  1.131E-09  7.259E-14  5.544E-14  1.00E-07
  1.025E+02 1.58279E-18 -6.365E-05  5.582E-10  1.127E-09  7.200E-14  5.520E-14  1.00E-07
  1.030E+02 1.56548E-18 -6.386E-05  5.507E-10  1.123E-09  7.142E-14  5.495E-14  1.00E-07
  1.035E+02 1.54849E-18 -6.406E-05  5.433E-10  1.120E-09  7.084E-14  5.470E-14  1.00E-07
  1.040E+02 1.53183E-18 -6.425E-05  5.360E-10  1.116E-09  7.026E-14  5.444E-14  1.00E-07
  1.045E+02 1.51549E-18 -6.443E-05  5.288E-10  1.112E-09  6.969E-14  5.418E-14  1.00E-07
  1.050E+02 1.49946E-18 -6.461E-05  5.217E-10  1.108E-09  6.911E-14  5.392E-14  1.00E-07
  1.055E+02 1.48373E-18 -6.477E-05  5.147E-10  1.104E-09  6.854E-14  5.366E-14  1.00E-07
  1.060E+02 1.46830E-18 -6.493E-05  5.078E-10  1.100E-09  6.797E-14  5.340E-14  1.00E-07
  1.065E+02 1.45316E-18 -6.508E-05  5.010E-10  1.096E-09  6.741E-14  5.313E-14  1.00E-07
  1.070E+02 1.43830E-18 -6.522E-05  4.943E-10  1.093E-09  6.684E-14  5.286E-14  1.00E-07
  1.075E+02 1.42372E-18 -6.535E-05  4.877E-10  1.089E-09  6.628E-14  5.259E-14  1.00E-07
  1.080E+02 1.40942E-18 -6.547E-05  4.813E-10  1.085E-09  6.572E-14  5.232E-14  1.00E-07
  1.085E+02 1.39537E-18 -6.559E-05  4.749E-10  1.082E-09  6.516E-14  5.204E-14  1.00E-07
  1.090E+02 1.38159E-18 -6.570E-05  4.686E-10  1.078E-09  6.460E-14  5.176E-14  1.00E-07
  1.095E+02 1.36807E-18 -6.579E-05  4.624E-10  1.074E-09  6.404E-14  5.148E-14  1.00E-07
  1.100E+02 1.35479E-18 -6.588E-05  4.562E-10  1.071E-09  6.349E-14  5.120E-14  1.00E-07
  1.105E+02 1.34176E-18 -6.596E-05  4.502E-10  1.067E-09  6.294E-14  5.092E-14  1.00E-07
  1.110E+02 1.32896E-18 -6.603E-05  4.443E-10  1.064E-09  6.239E-14  5.063E-14  1.00E-07
  1.115E+02 1.31641E-18 -6.609E-05  4.384E-10  1.060E-09  6.184E-14  5.034E-14  1.00E-07
  1.120E+02 1.30408E-18 -6.615E-05  4.327E-10  1.057E-09  6.130E-14  5.005E-14  1.00E-07
  1.125E+02 1.29197E-18 -6.619E-05  4.270E-10  1.053E-09  6.076E-14  4.976E-14  1.00E-07
  1.130E+02 1.28009E-18 -6.622E-05  4.214E-10  1.050E-09  6.022E-14  4.946E-14  1.00E-07
  1.135E+02 1.26842E-18 -6.625E-05  4.159E-10  1.047E-09  5.968E-14  4.917E-14  1.00E-07
  1.140E+02 1.25696E-18 -6.627E-05  4.104E-10  1.043E-09  5.914E-14  4.887E-14  1.00E-07
  1.145E+02 1.24571E-18 -6.627E-05  4.051E-10  1.040E-09  5.861E-14  4.857E-14  1.00E-07
  1.150E+02 1.23466E-18 -6.627E-05  3.998E-10  1.037E-09  5.807E-14  4.826E-14  1.00E-07
  1.155E+02 1.22381E-18 -6.626E-05  3.946E-10  1.033E-09  5.754E-14  4.796E-14  1.00E-07
  1.160E+02 1.21315E-18 -6.624E-05  3.895E-10  1.030E-09  5.701E-14  4.765E-14  1.00E-07
  1.165E+02 1.20269E-18 -6.621E-05  3.844E-10  1.027E-09  5.649E-14  4.734E-14  1.00E-07
  1.170E+02 1.19241E-18 -6.617E-05  3.795E-10  1.024E-09  5.596E-14  4.703E-14  1.00E-07
  1.175E+02 1.18232E-18 -6.612E-05  3.746E-10  1.021E-09  5.544E-14  4.672E-14  1.00E-07
  1.180E+02 1.17240E-18 -6.606E-05  3.697E-10  1.018E-09  5.491E-14  4.641E-14  1.00E-07
  1.185E+02 1.16267E-18 -6.600E-05  3.650E-10  1.015E-09  5.440E-14  4.609E-14  1.00E-07
  1.190E+02 1.15310E-18 -6.592E-05  3.603E-10  1.012E-09  5.388E-14  4.578E-14  1.00E-07
  1.195E+02 1.14371E-18 -6.584E-05  3.557E-10  1.009E-09  5.336E-14  4.546E-14  1.00E-07
  1.200E+02 1.13448E-18 -6.574E-05  3.512E-10  1.006E-09  5.285E-14  4.514E-14  1.00E-07
  1.205E+02 1.12541E-18 -6.564E-05  3.467E-10  1.003E-09  5.233E-14  4.481E-14  1.00E-07
  1.210E+02 1.11651E-18 -6.552E-05  3.423E-10  9.997E-10  5.182E-14  4.449E-14  1.00E-07
  1.215E+02 1.10776E-18 -6.540E-05  3.379E-10  9.968E-10  5.132E-14  4.417E-14  1.00E-07
  1.220E+02 1.09916E-18 -6.527E-05  3.337E-10  9.939E-10  5.081E-14  4.384E-14  1.00E-07
  1.225E+02 1.09072E-18 -6.513E-05  3.294E-10  9.911E-10  5.030E-14  4.351E-14  1.00E-07
  1.230E+02 1.08243E-18 -6.498E-05  3.253E-10  9.882E-10  4.980E-14  4.318E-14  1.00E-07
  1.235E+02 1.07428E-18 -6.482E-05  3.212E-10  9.854E-10  4.930E-14  4.285E-14  1.00E-07
  1.240E+02 1.06627E-18 -6.465E-05  3.172E-10  9.827E-10  4.880E-14  4.252E-14  1.00E-07
  1.245E+02 1.05841E-18 -6.447E-05  3.132E-10  9.799E-10  4.830E-14  4.218E-14  1.00E-07
  1.250E+02 1.05068E-18 -6.428E-05  3.093E-10  9.772E-10  4.780E-14  4.185E-14  1.00E-07
  1.255E+02 1.04309E-18 -6.409E-05  3.055E-10  9.746E-10  4.731E-14  4.151E-14  1.00E-07
  1.260E+02 1.03563E-18 -6.388E-05  3.017E-10  9.719E-10  4.681E-14  4.117E-14  1.00E-07
  1.265E+02 1.02830E-18 -6.367E-05  2.979E-10  9.693E-10  4.632E-14  4.083E-14  1.00E-07
  1.270E+02 1.02110E-18 -6.344E-05  2.943E-10  9.667E-10  4.583E-14  4.049E-14  1.00E-07
  1.275E+02 1.01403E-18 -6.321E-05  2.907E-10  9.641E-10  4.534E-14  4.015E-14  1.00E-07
  1.280E+02 1.00708E-18 -6.297E-05  2.871E-10  9.616E-10  4.486E-14  3.981E-14  1.00E-07
  1.285E+02 1.00025E-18 -6.271E-05  2.836E-10  9.591E-10  4.437E-14  3.946E-14  1.00E-07
  1.290E+02 9.93543E-19 -6.245E-05  2.801E-10  9.566E-10  4.389E-14  3.912E-14  1.00E-07
  1.295E+02 9.86952E-19 -6.218E-05  2.767E-10  9.541E-10  4.341E-14  3.877E-14  1.00E-07
  1.300E+02 9.80477E-19 -6.191E-05  2.734E-10  9.517E-10  4.293E-14  3.842E-14  1.00E-07
  1.305E+02 9.74116E-19 -6.162E-05  2.701E-10  9.493E-10  4.245E-14  3.807E-14  1.00E-07
  1.310E+02 9.67867E-19 -6.132E-05  2.669E-10  9.469E-10  4.197E-14  3.772E-14  1.00E-07
  1.315E+02 9.61728E-19 -6.102E-05  2.637E-10  9.446E-10  4.149E-14  3.737E-14  1.00E-07
  1.320E+02 9.55696E-19 -6.070E-05  2.605E-10  9.422E-10  4.102E-14  3.701E-14  1.00E-07
  1.325E+02 9.49772E-19 -6.038E-05  2.574E-10  9.399E-10  4.055E-14  3.666E-14  1.00E-07
  1.330E+02 9.43951E-19 -6.005E-05  2.544E-10  9.377E-10  4.007E-14  3.631E-14  1.00E-07
  1.335E+02 9.38234E-19 -5.971E-05  2.514E-10  9.354E-10  3.960E-14  3.595E-14  1.00E-07
  1.340E+02 9.32618E-19 -5.936E-05  2.485E-10  9.332E-10  3.913E-14  3.559E-14  1.00E-07
  1.345E+02 9.27101E-19 -5.900E-05  2.456E-10  9.310E-10  3.867E-14  3.523E-14  1.00E-07
  1.350E+02 9.21683E-19 -5.863E-05  2.427E-10  9.289E-10  3.820E-14  3.487E-14  1.00E-07
  1.355E+02 9.16361E-19 -5.826E-05  2.399E-10  9.267E-10  3.774E-14  3.451E-14  1.00E-07
  1.360E+02 9.11134E-19 -5.787E-05  2.371E-10  9.246E-10  3.727E-14  3.415E-14  1.00E-07
  1.365E+02 9.06001E-19 -5.748E-05  2.344E-10  9.225E-10  3.681E-14  3.379E-14  1.00E-07
  1.370E+02 9.00960E-19 -5.708E-05  2.317E-10  9.205E-10  3.635E-14  3.343E-14  1.00E-07
  1.375E+02 8.96009E-19 -5.667E-05  2.291E-10  9.184E-10  3.589E-14  3.306E-14  1.00E-07
  1.380E+02 8.91148E-19 -5.625E-05  2.265E-10  9.164E-10  3.543E-14  3.270E-14  1.00E-07
  1.385E+02 8.86375E-19 -5.583E-05  2.240E-10  9.144E-10  3.498E-14  3.233E-14  1.00E-07
  1.390E+02 8.81689E-19 -5.540E-05  2.215E-10  9.125E-10  3.452E-14  3.196E-14  1.00E-07
  1.395E+02 8.77088E-19 -5.495E-05  2.190E-10  9.106E-10  3.407E-14  3.159E-14  1.00E-07
  1.400E+02 8.72571E-19 -5.450E-05  2.166E-10  9.087E-10  3.361E-14  3.123E-14  1.00E-07
  1.405E+02 8.68137E-19 -5.405E-05  2.142E-10  9.068E-10  3.316E-14  3.086E-14  1.00E-07
  1.410E+02 8.63785E-19 -5.358E-05  2.119E-10  9.049E-10  3.271E-14  3.048E-14  1.00E-07
  1.415E+02 8.59513E-19 -5.311E-05  2.096E-10  9.031E-10  3.226E-14  3.011E-14  1.00E-07
  1.420E+02 8.55321E-19 -5.263E-05  2.074E-10  9.013E-10  3.181E-14  2.974E-14  1.00E-07
  1.425E+02 8.51208E-19 -5.214E-05  2.051E-10  8.995E-10  3.137E-14  2.937E-14  1.00E-07
  1.430E+02 8.47171E-19 -5.164E-05  2.030E-10  8.978E-10  3.092E-14  2.899E-14  1.00E-07
  1.435E+02 8.43211E-19 -5.114E-05  2.008E-10  8.960E-10  3.048E-14  2.862E-14  1.00E-07
  1.440E+02 8.39326E-19 -5.063E-05  1.987E-10  8.943E-10  3.003E-14  2.824E-14  1.00E-07
  1.445E+02 8.35515E-19 -5.011E-05  1.967E-10  8.927E-10  2.959E-14  2.787E-14  1.00E-07
  1.450E+02 8.31778E-19 -4.958E-05  1.946E-10  8.910E-10  2.915E-14  2.749E-14  1.00E-07
  1.455E+02 8.28113E-19 -4.905E-05  1.926E-10  8.894E-10  2.871E-14  2.711E-14  1.00E-07
  1.460E+02 8.24519E-19 -4.851E-05  1.907E-10  8.878E-10  2.827E-14  2.674E-14  1.00E-07
  1.465E+02 8.20995E-19 -4.796E-05  1.888E-10  8.862E-10  2.783E-14  2.636E-14  1.00E-07
  1.470E+02 8.17541E-19 -4.741E-05  1.869E-10  8.847E-10  2.739E-14  2.598E-14  1.00E-07
  1.475E+02 8.14156E-19 -4.684E-05  1.850E-10  8.831E-10  2.696E-14  2.560E-14  1.00E-07
  1.480E+02 8.10838E-19 -4.628E-05  1.832E-10  8.816E-10  2.652E-14  2.522E-14  1.00E-07
  1.485E+02 8.07587E-19 -4.570E-05  1.815E-10  8.801E-10  2.609E-14  2.483E-14  1.00E-07
  1.490E+02 8.04403E-19 -4.512E-05  1.797E-10  8.787E-10  2.565E-14  2.445E-14  1.00E-07
  1.495E+02 8.01283E-19 -4.453E-05  1.780E-10  8.773E-10  2.522E-14  2.407E-14  1.00E-07
  1.500E+02 7.98229E-19 -4.393E-05  1.763E-10  8.759E-10  2.479E-14  2.369E-14  1.00E-07
  1.505E+02 7.95238E-19 -4.333E-05  1.747E-10  8.745E-10  2.436E-14  2.330E-14  1.00E-07
  1.510E+02 7.92310E-19 -4.272E-05  1.731E-10  8.731E-10  2.393E-14  2.292E-14  1.00E-07
  1.515E+02 7.89445E-19 -4.211E-05  1.715E-10  8.718E-10  2.350E-14  2.253E-14  1.00E-07
  1.520E+02 7.86641E-19 -4.149E-05  1.700E-10  8.705E-10  2.307E-14  2.215E-14  1.00E-07
  1.525E+02 7.83899E-19 -4.086E-05  1.685E-10  8.692E-10  2.264E-14  2.176E-14  1.00E-07
  1.530E+02 7.81216E-19 -4.023E-05  1.670E-10  8.679E-10  2.222E-14  2.137E-14  1.00E-07
  1.535E+02 7.78594E-19 -3.959E-05  1.655E-10  8.667E-10  2.179E-14  2.099E-14  1.00E-07
  1.540E+02 7.76030E-19 -3.895E-05  1.641E-10  8.655E-10  2.137E-14  2.060E-14  1.00E-07
  1.545E+02 7.73525E-19 -3.830E-05  1.628E-10  8.643E-10  2.094E-14  2.021E-14  1.00E-07
  1.550E+02 7.71078E-19 -3.764E-05  1.614E-10  8.631E-10  2.052E-14  1.982E-14  1.00E-07
  1.555E+02 7.68688E-19 -3.698E-05  1.601E-10  8.620E-10  2.010E-14  1.943E-14  1.00E-07
  1.560E+02 7.66355E-19 -3.631E-05  1.588E-10  8.609E-10  1.968E-14  1.904E-14  1.00E-07
  1.565E+02 7.64078E-19 -3.564E-05  1.575E-10  8.598E-10  1.925E-14  1.865E-14  1.00E-07
  1.570E+02 7.61856E-19 -3.496E-05  1.563E-10  8.587E-10  1.883E-14  1.826E-14  1.00E-07
  1.575E+02 7.59690E-19 -3.428E-05  1.551E-10  8.577E-10  1.841E-14  1.787E-14  1.00E-07
  1.580E+02 7.57578E-19 -3.360E-05  1.539E-10  8.567E-10  1.800E-14  1.748E-14  1.00E-07
  1.585E+02 7.55520E-19 -3.290E-05  1.528E-10  8.557E-10  1.758E-14  1.709E-14  1.00E-07
  1.590E+02 7.53517E-19 -3.221E-05  1.517E-10  8.547E-10  1.716E-14  1.670E-14  1.00E-07
  1.595E+02 7.51566E-19 -3.150E-05  1.506E-10  8.538E-10  1.674E-14  1.630E-14  1.00E-07
  1.600E+02 7.49668E-19 -3.080E-05  1.495E-10  8.528E-10  1.633E-14  1.591E-14  1.00E-07
  1.605E+02 7.47822E-19 -3.009E-05  1.485E-10  8.519E-10  1.591E-14  1.552E-14  1.00E-07
  1.610E+02 7.46028E-19 -2.937E-05  1.475E-10  8.510E-10  1.550E-14  1.513E-14  1.00E-07
  1.615E+02 7.44285E-19 -2.865E-05  1.465E-10  8.502E-10  1.508E-14  1.473E-14  1.00E-07
  1.620E+02 7.42594E-19 -2.793E-05  1.456E-10  8.494E-10  1.467E-14  1.434E-14  1.00E-07
  1.625E+02 7.40953E-19 -2.720E-05  1.447E-10  8.485E-10  1.425E-14  1.394E-14  1.00E-07
  1.630E+02 7.39363E-19 -2.647E-05  1.438E-10  8.478E-10  1.384E-14  1.355E-14  1.00E-07
  1.635E+02 7.37822E-19 -2.573E-05  1.429E-10  8.470E-10  1.343E-14  1.315E-14  1.00E-07
  1.640E+02 7.36331E-19 -2.499E-05  1.421E-10  8.463E-10  1.302E-14  1.276E-14  1.00E-07
  1.645E+02 7.34889E-19 -2.425E-05  1.413E-10  8.455E-10  1.260E-14  1.236E-14  1.00E-07
  1.650E+02 7.33497E-19 -2.350E-05  1.405E-10  8.448E-10  1.219E-14  1.196E-14  1.00E-07
  1.655E+02 7.32152E-19 -2.275E-05  1.398E-10  8.442E-10  1.178E-14  1.157E-14  1.00E-07
  1.660E+02 7.30856E-19 -2.200E-05  1.390E-10  8.435E-10  1.137E-14  1.117E-14  1.00E-07
  1.665E+02 7.29609E-19 -2.124E-05  1.383E-10  8.429E-10  1.096E-14  1.078E-14  1.00E-07
  1.670E+02 7.28408E-19 -2.048E-05  1.377E-10  8.423E-10  1.055E-14  1.038E-14  1.00E-07
  1.675E+02 7.27256E-19 -1.972E-05  1.370E-10  8.417E-10  1.014E-14  9.981E-15  1.00E-07
  1.680E+02 7.26150E-19 -1.895E-05  1.364E-10  8.412E-10  9.735E-15  9.583E-15  1.00E-07
  1.685E+02 7.25092E-19 -1.818E-05  1.358E-10  8.406E-10  9.326E-15  9.186E-15  1.00E-07
  1.690E+02 7.24080E-19 -1.741E-05  1.352E-10  8.401E-10  8.918E-15  8.788E-15  1.00E-07
  1.695E+02 7.23115E-19 -1.664E-05  1.347E-10  8.396E-10  8.511E-15  8.389E-15  1.00E-07
  1.700E+02 7.22196E-19 -1.586E-05  1.342E-10  8.392E-10  8.103E-15  7.991E-15  1.00E-07
  1.705E+02 7.21323E-19 -1.508E-05  1.337E-10  8.387E-10  7.696E-15  7.593E-15  1.00E-07
  1.710E+02 7.20496E-19 -1.430E-05  1.332E-10  8.383E-10  7.290E-15  7.194E-15  1.00E-07
  1.715E+02 7.19715E-19 -1.352E-05  1.328E-10  8.379E-10  6.883E-15  6.795E-15  1.00E-07
  1.720E+02 7.18979E-19 -1.273E-05  1.324E-10  8.375E-10  6.477E-15  6.396E-15  1.00E-07
  1.725E+02 7.18289E-19 -1.195E-05  1.320E-10  8.372E-10  6.071E-15  5.997E-15  1.00E-07
  1.730E+02 7.17644E-19 -1.116E-05  1.316E-10  8.369E-10  5.665E-15  5.598E-15  1.00E-07
  1.735E+02 7.17044E-19 -1.037E-05  1.313E-10  8.365E-10  5.260E-15  5.199E-15  1.00E-07
  1.740E+02 7.16489E-19 -9.577E-06  1.310E-10  8.363E-10  4.854E-15  4.799E-15  1.00E-07
  1.745E+02 7.15979E-19 -8.784E-06  1.307E-10  8.360E-10  4.449E-15  4.400E-15  1.00E-07
  1.750E+02 7.15514E-19 -7.990E-06  1.304E-10  8.358E-10  4.044E-15  4.000E-15  1.00E-07
  1.755E+02 7.15093E-19 -7.194E-06  1.302E-10  8.355E-10  3.639E-15  3.600E-15  1.00E-07
  1.760E+02 7.14717E-19 -6.397E-06  1.300E-10  8.354E-10  3.235E-15  3.200E-15  1.00E-07
  1.765E+02 7.14385E-19 -5.600E-06  1.298E-10  8.352E-10  2.830E-15  2.800E-15  1.00E-07
  1.770E+02 7.14098E-19 -4.801E-06  1.296E-10  8.350E-10  2.426E-15  2.400E-15  1.00E-07
  1.775E+02 7.13854E-19 -4.002E-06  1.295E-10  8.349E-10  2.021E-15  2.000E-15  1.00E-07
  1.780E+02 7.13656E-19 -3.202E-06  1.294E-10  8.348E-10  1.617E-15  1.600E-15  1.00E-07
  1.785E+02 7.13501E-19 -2.402E-06  1.293E-10  8.347E-10  1.213E-15  1.200E-15  1.00E-07
  1.790E+02 7.13391E-19 -1.602E-06  1.292E-10  8.347E-10  8.084E-16  8.003E-16  1.00E-07
  1.795E+02 7.13324E-19 -8.009E-07  1.292E-10  8.346E-10  4.042E-16  4.001E-16  1.00E-07
  1.800E+02 7.13302E-19 -1.124E-20  1.292E-10  8.346E-10  5.672E-30  5.615E-30  1.00E-07

  TOTAL ELASTIC CROSS SECTION = 7.015018E-17 cm**2
               FROM DCS TABLE = 7.014899E-17  (REL. DIF. = 1.70E-05)

  1ST TRANSPORT CROSS SECTION = 2.743866E-17 cm**2
               FROM DCS TABLE = 2.743844E-17  (REL. DIF. = 8.24E-06)

  2ND TRANSPORT CROSS SECTION = 4.610358E-17 cm**2

  **** DPWA0 ENDED ************************************************************

