

  **** PARTIAL WAVE ANALYSIS (DPWA0) ******************************************


  KINETIC ENERGY = 6.20000E+01 eV

      L       PHASE(SPIN UP)     PHASE(SPIN DOWN)
  -----------------------------------------------
       0      7.28101820E-01      0.00000000E+00
       1      2.72789076E-01      2.72837549E-01
       2      1.09272061E-01      1.09286760E-01
       3      4.50103524E-02      4.50159346E-02
       4      1.87813324E-02      1.87835950E-02
       5      7.87831289E-03      7.87925243E-03
       6      3.30925266E-03      3.30964635E-03
       7      1.38925658E-03      1.38942198E-03
       8      5.82392637E-04      5.82462121E-04
       9      2.43719265E-04      2.43748416E-04
      10      1.01807302E-04      1.01819511E-04
      11      4.24531854E-05      4.24582888E-05
      12      1.76739069E-05      1.76760365E-05
      13      7.34684274E-06      7.34772983E-06
      14      3.04978453E-06      3.05015350E-06
      15      1.26441193E-06      1.26456517E-06
      16      5.23606684E-07      5.23670247E-07
      17      2.16601051E-07      2.16627384E-07
      18      8.95142088E-08      8.95251035E-08
      19      3.69600247E-08      3.69645318E-08
      20      1.52479063E-08      1.52497674E-08
      21      6.28570615E-09      6.28647487E-09
      22      2.58933139E-09      2.58964556E-09
      23      1.06588830E-09      1.06602158E-09
      24      4.38482257E-10      4.38533072E-10
      25      1.80260145E-10      1.80285893E-10


  *** SCATTERING AMPLITUDES AND DIFFERENTIAL CROSS SECTION ***

    ANGLE      DCS       ASYMMETRY    DIRECT AMPLITUDE       SPIN-FLIP AMPLITUDE     ERROR
    (deg)   (cm**2/sr)                      (cm)                    (cm)
  -------------------------------------------------------------------------------------------
  0.000E+00 4.08323E-17  0.000E+00  6.122E-09  1.830E-09  0.000E+00  0.000E+00  1.00E-07
  1.000E-04 4.08323E-17 -1.650E-11  6.122E-09  1.830E-09  7.467E-19  1.682E-19  1.00E-07
  1.250E-04 4.08323E-17 -2.063E-11  6.122E-09  1.830E-09  9.333E-19  2.102E-19  1.00E-07
  1.500E-04 4.08323E-17 -2.475E-11  6.122E-09  1.830E-09  1.120E-18  2.523E-19  1.00E-07
  1.750E-04 4.08323E-17 -2.888E-11  6.122E-09  1.830E-09  1.307E-18  2.943E-19  1.00E-07
  2.000E-04 4.08323E-17 -3.300E-11  6.122E-09  1.830E-09  1.493E-18  3.364E-19  1.00E-07
  2.250E-04 4.08323E-17 -3.713E-11  6.122E-09  1.830E-09  1.680E-18  3.784E-19  1.00E-07
  2.500E-04 4.08323E-17 -4.125E-11  6.122E-09  1.830E-09  1.867E-18  4.204E-19  1.00E-07
  2.750E-04 4.08323E-17 -4.538E-11  6.122E-09  1.830E-09  2.053E-18  4.625E-19  1.00E-07
  3.000E-04 4.08323E-17 -4.950E-11  6.122E-09  1.830E-09  2.240E-18  5.045E-19  1.00E-07
  3.250E-04 4.08323E-17 -5.363E-11  6.122E-09  1.830E-09  2.427E-18  5.466E-19  1.00E-07
  3.500E-04 4.08323E-17 -5.775E-11  6.122E-09  1.830E-09  2.613E-18  5.886E-19  1.00E-07
  3.750E-04 4.08323E-17 -6.188E-11  6.122E-09  1.830E-09  2.800E-18  6.307E-19  1.00E-07
  4.000E-04 4.08323E-17 -6.601E-11  6.122E-09  1.830E-09  2.987E-18  6.727E-19  1.00E-07
  4.250E-04 4.08323E-17 -7.013E-11  6.122E-09  1.830E-09  3.173E-18  7.147E-19  1.00E-07
  4.500E-04 4.08323E-17 -7.426E-11  6.122E-09  1.830E-09  3.360E-18  7.568E-19  1.00E-07
  4.750E-04 4.08323E-17 -7.838E-11  6.122E-09  1.830E-09  3.547E-18  7.988E-19  1.00E-07
  5.000E-04 4.08323E-17 -8.251E-11  6.122E-09  1.830E-09  3.733E-18  8.409E-19  1.00E-07
  5.250E-04 4.08323E-17 -8.663E-11  6.122E-09  1.830E-09  3.920E-18  8.829E-19  1.00E-07
  5.500E-04 4.08323E-17 -9.076E-11  6.122E-09  1.830E-09  4.107E-18  9.250E-19  1.00E-07
  5.750E-04 4.08323E-17 -9.488E-11  6.122E-09  1.830E-09  4.293E-18  9.670E-19  1.00E-07
  6.000E-04 4.08323E-17 -9.901E-11  6.122E-09  1.830E-09  4.480E-18  1.009E-18  1.00E-07
  6.250E-04 4.08323E-17 -1.031E-10  6.122E-09  1.830E-09  4.667E-18  1.051E-18  1.00E-07
  6.500E-04 4.08323E-17 -1.073E-10  6.122E-09  1.830E-09  4.853E-18  1.093E-18  1.00E-07
  6.750E-04 4.08323E-17 -1.114E-10  6.122E-09  1.830E-09  5.040E-18  1.135E-18  1.00E-07
  7.000E-04 4.08323E-17 -1.155E-10  6.122E-09  1.830E-09  5.227E-18  1.177E-18  1.00E-07
  7.250E-04 4.08323E-17 -1.196E-10  6.122E-09  1.830E-09  5.413E-18  1.219E-18  1.00E-07
  7.500E-04 4.08323E-17 -1.238E-10  6.122E-09  1.830E-09  5.600E-18  1.261E-18  1.00E-07
  7.750E-04 4.08323E-17 -1.279E-10  6.122E-09  1.830E-09  5.787E-18  1.303E-18  1.00E-07
  8.000E-04 4.08323E-17 -1.320E-10  6.122E-09  1.830E-09  5.973E-18  1.345E-18  1.00E-07
  8.250E-04 4.08323E-17 -1.361E-10  6.122E-09  1.830E-09  6.160E-18  1.387E-18  1.00E-07
  8.500E-04 4.08323E-17 -1.403E-10  6.122E-09  1.830E-09  6.347E-18  1.429E-18  1.00E-07
  8.750E-04 4.08323E-17 -1.444E-10  6.122E-09  1.830E-09  6.533E-18  1.472E-18  1.00E-07
  9.000E-04 4.08323E-17 -1.485E-10  6.122E-09  1.830E-09  6.720E-18  1.514E-18  1.00E-07
  9.250E-04 4.08323E-17 -1.526E-10  6.122E-09  1.830E-09  6.907E-18  1.556E-18  1.00E-07
  9.500E-04 4.08323E-17 -1.568E-10  6.122E-09  1.830E-09  7.093E-18  1.598E-18  1.00E-07
  9.750E-04 4.08323E-17 -1.609E-10  6.122E-09  1.830E-09  7.280E-18  1.640E-18  1.00E-07
  1.000E-03 4.08323E-17 -1.650E-10  6.122E-09  1.830E-09  7.467E-18  1.682E-18  1.00E-07
  1.250E-03 4.08323E-17 -2.063E-10  6.122E-09  1.830E-09  9.333E-18  2.102E-18  1.00E-07
  1.500E-03 4.08323E-17 -2.475E-10  6.122E-09  1.830E-09  1.120E-17  2.523E-18  1.00E-07
  1.750E-03 4.08323E-17 -2.888E-10  6.122E-09  1.830E-09  1.307E-17  2.943E-18  1.00E-07
  2.000E-03 4.08323E-17 -3.300E-10  6.122E-09  1.830E-09  1.493E-17  3.364E-18  1.00E-07
  2.250E-03 4.08323E-17 -3.713E-10  6.122E-09  1.830E-09  1.680E-17  3.784E-18  1.00E-07
  2.500E-03 4.08323E-17 -4.125E-10  6.122E-09  1.830E-09  1.867E-17  4.204E-18  1.00E-07
  2.750E-03 4.08323E-17 -4.538E-10  6.122E-09  1.830E-09  2.053E-17  4.625E-18  1.00E-07
  3.000E-03 4.08323E-17 -4.950E-10  6.122E-09  1.830E-09  2.240E-17  5.045E-18  1.00E-07
  3.250E-03 4.08323E-17 -5.363E-10  6.122E-09  1.830E-09  2.427E-17  5.466E-18  1.00E-07
  3.500E-03 4.08323E-17 -5.775E-10  6.122E-09  1.830E-09  2.613E-17  5.886E-18  1.00E-07
  3.750E-03 4.08323E-17 -6.188E-10  6.122E-09  1.830E-09  2.800E-17  6.307E-18  1.00E-07
  4.000E-03 4.08323E-17 -6.601E-10  6.122E-09  1.830E-09  2.987E-17  6.727E-18  1.00E-07
  4.250E-03 4.08323E-17 -7.013E-10  6.122E-09  1.830E-09  3.173E-17  7.147E-18  1.00E-07
  4.500E-03 4.08323E-17 -7.426E-10  6.122E-09  1.830E-09  3.360E-17  7.568E-18  1.00E-07
  4.750E-03 4.08323E-17 -7.838E-10  6.122E-09  1.830E-09  3.547E-17  7.988E-18  1.00E-07
  5.000E-03 4.08323E-17 -8.251E-10  6.122E-09  1.830E-09  3.733E-17  8.409E-18  1.00E-07
  5.250E-03 4.08323E-17 -8.663E-10  6.122E-09  1.830E-09  3.920E-17  8.829E-18  1.00E-07
  5.500E-03 4.08323E-17 -9.076E-10  6.122E-09  1.830E-09  4.107E-17  9.250E-18  1.00E-07
  5.750E-03 4.08323E-17 -9.488E-10  6.122E-09  1.830E-09  4.293E-17  9.670E-18  1.00E-07
  6.000E-03 4.08323E-17 -9.901E-10  6.122E-09  1.830E-09  4.480E-17  1.009E-17  1.00E-07
  6.250E-03 4.08323E-17 -1.031E-09  6.122E-09  1.830E-09  4.667E-17  1.051E-17  1.00E-07
  6.500E-03 4.08323E-17 -1.073E-09  6.122E-09  1.830E-09  4.853E-17  1.093E-17  1.00E-07
  6.750E-03 4.08323E-17 -1.114E-09  6.122E-09  1.830E-09  5.040E-17  1.135E-17  1.00E-07
  7.000E-03 4.08323E-17 -1.155E-09  6.122E-09  1.830E-09  5.227E-17  1.177E-17  1.00E-07
  7.250E-03 4.08323E-17 -1.196E-09  6.122E-09  1.830E-09  5.413E-17  1.219E-17  1.00E-07
  7.500E-03 4.08323E-17 -1.238E-09  6.122E-09  1.830E-09  5.600E-17  1.261E-17  1.00E-07
  7.750E-03 4.08323E-17 -1.279E-09  6.122E-09  1.830E-09  5.787E-17  1.303E-17  1.00E-07
  8.000E-03 4.08323E-17 -1.320E-09  6.122E-09  1.830E-09  5.973E-17  1.345E-17  1.00E-07
  8.250E-03 4.08323E-17 -1.361E-09  6.122E-09  1.830E-09  6.160E-17  1.387E-17  1.00E-07
  8.500E-03 4.08323E-17 -1.403E-09  6.122E-09  1.830E-09  6.347E-17  1.429E-17  1.00E-07
  8.750E-03 4.08323E-17 -1.444E-09  6.122E-09  1.830E-09  6.533E-17  1.472E-17  1.00E-07
  9.000E-03 4.08323E-17 -1.485E-09  6.122E-09  1.830E-09  6.720E-17  1.514E-17  1.00E-07
  9.250E-03 4.08323E-17 -1.526E-09  6.122E-09  1.830E-09  6.907E-17  1.556E-17  1.00E-07
  9.500E-03 4.08323E-17 -1.568E-09  6.122E-09  1.830E-09  7.093E-17  1.598E-17  1.00E-07
  9.750E-03 4.08323E-17 -1.609E-09  6.122E-09  1.830E-09  7.280E-17  1.640E-17  1.00E-07
  1.000E-02 4.08323E-17 -1.650E-09  6.122E-09  1.830E-09  7.467E-17  1.682E-17  1.00E-07
  1.250E-02 4.08323E-17 -2.063E-09  6.122E-09  1.830E-09  9.333E-17  2.102E-17  1.00E-07
  1.500E-02 4.08323E-17 -2.475E-09  6.122E-09  1.830E-09  1.120E-16  2.523E-17  1.00E-07
  1.750E-02 4.08323E-17 -2.888E-09  6.122E-09  1.830E-09  1.307E-16  2.943E-17  1.00E-07
  2.000E-02 4.08323E-17 -3.300E-09  6.122E-09  1.830E-09  1.493E-16  3.364E-17  1.00E-07
  2.250E-02 4.08323E-17 -3.713E-09  6.122E-09  1.830E-09  1.680E-16  3.784E-17  1.00E-07
  2.500E-02 4.08323E-17 -4.125E-09  6.122E-09  1.830E-09  1.867E-16  4.204E-17  1.00E-07
  2.750E-02 4.08323E-17 -4.538E-09  6.122E-09  1.830E-09  2.053E-16  4.625E-17  1.00E-07
  3.000E-02 4.08323E-17 -4.950E-09  6.122E-09  1.830E-09  2.240E-16  5.045E-17  1.00E-07
  3.250E-02 4.08323E-17 -5.363E-09  6.122E-09  1.830E-09  2.427E-16  5.466E-17  1.00E-07
  3.500E-02 4.08323E-17 -5.775E-09  6.122E-09  1.830E-09  2.613E-16  5.886E-17  1.00E-07
  3.750E-02 4.08323E-17 -6.188E-09  6.122E-09  1.830E-09  2.800E-16  6.307E-17  1.00E-07
  4.000E-02 4.08323E-17 -6.601E-09  6.122E-09  1.830E-09  2.987E-16  6.727E-17  1.00E-07
  4.250E-02 4.08323E-17 -7.013E-09  6.122E-09  1.830E-09  3.173E-16  7.147E-17  1.00E-07
  4.500E-02 4.08323E-17 -7.426E-09  6.122E-09  1.830E-09  3.360E-16  7.568E-17  1.00E-07
  4.750E-02 4.08322E-17 -7.838E-09  6.122E-09  1.830E-09  3.547E-16  7.988E-17  1.00E-07
  5.000E-02 4.08322E-17 -8.251E-09  6.122E-09  1.830E-09  3.733E-16  8.409E-17  1.00E-07
  5.250E-02 4.08322E-17 -8.663E-09  6.122E-09  1.830E-09  3.920E-16  8.829E-17  1.00E-07
  5.500E-02 4.08322E-17 -9.076E-09  6.122E-09  1.830E-09  4.107E-16  9.250E-17  1.00E-07
  5.750E-02 4.08322E-17 -9.488E-09  6.122E-09  1.830E-09  4.293E-16  9.670E-17  1.00E-07
  6.000E-02 4.08322E-17 -9.901E-09  6.122E-09  1.830E-09  4.480E-16  1.009E-16  1.00E-07
  6.250E-02 4.08322E-17 -1.031E-08  6.122E-09  1.830E-09  4.667E-16  1.051E-16  1.00E-07
  6.500E-02 4.08322E-17 -1.073E-08  6.122E-09  1.830E-09  4.853E-16  1.093E-16  1.00E-07
  6.750E-02 4.08321E-17 -1.114E-08  6.122E-09  1.830E-09  5.040E-16  1.135E-16  1.00E-07
  7.000E-02 4.08321E-17 -1.155E-08  6.122E-09  1.830E-09  5.227E-16  1.177E-16  1.00E-07
  7.250E-02 4.08321E-17 -1.196E-08  6.122E-09  1.830E-09  5.413E-16  1.219E-16  1.00E-07
  7.500E-02 4.08321E-17 -1.238E-08  6.122E-09  1.830E-09  5.600E-16  1.261E-16  1.00E-07
  7.750E-02 4.08321E-17 -1.279E-08  6.122E-09  1.830E-09  5.787E-16  1.303E-16  1.00E-07
  8.000E-02 4.08321E-17 -1.320E-08  6.122E-09  1.830E-09  5.973E-16  1.345E-16  1.00E-07
  8.250E-02 4.08320E-17 -1.361E-08  6.122E-09  1.830E-09  6.160E-16  1.387E-16  1.00E-07
  8.500E-02 4.08320E-17 -1.403E-08  6.122E-09  1.830E-09  6.347E-16  1.429E-16  1.00E-07
  8.750E-02 4.08320E-17 -1.444E-08  6.122E-09  1.830E-09  6.533E-16  1.472E-16  1.00E-07
  9.000E-02 4.08320E-17 -1.485E-08  6.122E-09  1.830E-09  6.720E-16  1.514E-16  1.00E-07
  9.250E-02 4.08320E-17 -1.526E-08  6.122E-09  1.830E-09  6.907E-16  1.556E-16  1.00E-07
  9.500E-02 4.08319E-17 -1.568E-08  6.122E-09  1.830E-09  7.093E-16  1.598E-16  1.00E-07
  9.750E-02 4.08319E-17 -1.609E-08  6.122E-09  1.830E-09  7.280E-16  1.640E-16  1.00E-07
  1.000E-01 4.08319E-17 -1.650E-08  6.122E-09  1.830E-09  7.467E-16  1.682E-16  1.00E-07
  1.250E-01 4.08316E-17 -2.063E-08  6.122E-09  1.830E-09  9.333E-16  2.102E-16  1.00E-07
  1.500E-01 4.08313E-17 -2.475E-08  6.122E-09  1.830E-09  1.120E-15  2.523E-16  1.00E-07
  1.750E-01 4.08310E-17 -2.888E-08  6.122E-09  1.830E-09  1.307E-15  2.943E-16  1.00E-07
  2.000E-01 4.08305E-17 -3.300E-08  6.122E-09  1.830E-09  1.493E-15  3.363E-16  1.00E-07
  2.250E-01 4.08301E-17 -3.713E-08  6.122E-09  1.830E-09  1.680E-15  3.784E-16  1.00E-07
  2.500E-01 4.08295E-17 -4.125E-08  6.122E-09  1.830E-09  1.867E-15  4.204E-16  1.00E-07
  2.750E-01 4.08289E-17 -4.538E-08  6.122E-09  1.830E-09  2.053E-15  4.625E-16  1.00E-07
  3.000E-01 4.08283E-17 -4.951E-08  6.122E-09  1.830E-09  2.240E-15  5.045E-16  1.00E-07
  3.250E-01 4.08276E-17 -5.363E-08  6.122E-09  1.830E-09  2.427E-15  5.466E-16  1.00E-07
  3.500E-01 4.08268E-17 -5.776E-08  6.122E-09  1.830E-09  2.613E-15  5.886E-16  1.00E-07
  3.750E-01 4.08260E-17 -6.188E-08  6.122E-09  1.830E-09  2.800E-15  6.306E-16  1.00E-07
  4.000E-01 4.08251E-17 -6.601E-08  6.122E-09  1.830E-09  2.986E-15  6.727E-16  1.00E-07
  4.250E-01 4.08242E-17 -7.014E-08  6.122E-09  1.830E-09  3.173E-15  7.147E-16  1.00E-07
  4.500E-01 4.08232E-17 -7.426E-08  6.122E-09  1.830E-09  3.360E-15  7.568E-16  1.00E-07
  4.750E-01 4.08222E-17 -7.839E-08  6.122E-09  1.830E-09  3.546E-15  7.988E-16  1.00E-07
  5.000E-01 4.08211E-17 -8.252E-08  6.121E-09  1.830E-09  3.733E-15  8.408E-16  1.00E-07
  5.250E-01 4.08199E-17 -8.665E-08  6.121E-09  1.830E-09  3.919E-15  8.829E-16  1.00E-07
  5.500E-01 4.08187E-17 -9.077E-08  6.121E-09  1.830E-09  4.106E-15  9.249E-16  1.00E-07
  5.750E-01 4.08175E-17 -9.490E-08  6.121E-09  1.830E-09  4.293E-15  9.670E-16  1.00E-07
  6.000E-01 4.08161E-17 -9.903E-08  6.121E-09  1.830E-09  4.479E-15  1.009E-15  1.00E-07
  6.250E-01 4.08148E-17 -1.032E-07  6.121E-09  1.830E-09  4.666E-15  1.051E-15  1.00E-07
  6.500E-01 4.08133E-17 -1.073E-07  6.121E-09  1.830E-09  4.852E-15  1.093E-15  1.00E-07
  6.750E-01 4.08118E-17 -1.114E-07  6.121E-09  1.830E-09  5.039E-15  1.135E-15  1.00E-07
  7.000E-01 4.08103E-17 -1.155E-07  6.121E-09  1.830E-09  5.225E-15  1.177E-15  1.00E-07
  7.250E-01 4.08087E-17 -1.197E-07  6.120E-09  1.830E-09  5.412E-15  1.219E-15  1.00E-07
  7.500E-01 4.08070E-17 -1.238E-07  6.120E-09  1.830E-09  5.598E-15  1.261E-15  1.00E-07
  7.750E-01 4.08053E-17 -1.279E-07  6.120E-09  1.830E-09  5.785E-15  1.303E-15  1.00E-07
  8.000E-01 4.08035E-17 -1.321E-07  6.120E-09  1.830E-09  5.971E-15  1.345E-15  1.00E-07
  8.250E-01 4.08017E-17 -1.362E-07  6.120E-09  1.830E-09  6.158E-15  1.387E-15  1.00E-07
  8.500E-01 4.07998E-17 -1.403E-07  6.120E-09  1.830E-09  6.344E-15  1.429E-15  1.00E-07
  8.750E-01 4.07979E-17 -1.445E-07  6.120E-09  1.830E-09  6.531E-15  1.471E-15  1.00E-07
  9.000E-01 4.07959E-17 -1.486E-07  6.119E-09  1.830E-09  6.717E-15  1.513E-15  1.00E-07
  9.250E-01 4.07938E-17 -1.527E-07  6.119E-09  1.830E-09  6.903E-15  1.555E-15  1.00E-07
  9.500E-01 4.07917E-17 -1.568E-07  6.119E-09  1.830E-09  7.090E-15  1.597E-15  1.00E-07
  9.750E-01 4.07896E-17 -1.610E-07  6.119E-09  1.830E-09  7.276E-15  1.639E-15  1.00E-07
  1.000E+00 4.07873E-17 -1.651E-07  6.119E-09  1.830E-09  7.463E-15  1.682E-15  1.00E-07
  1.100E+00 4.07779E-17 -1.816E-07  6.118E-09  1.830E-09  8.208E-15  1.850E-15  1.00E-07
  1.200E+00 4.07675E-17 -1.982E-07  6.117E-09  1.830E-09  8.953E-15  2.018E-15  1.00E-07
  1.300E+00 4.07563E-17 -2.147E-07  6.116E-09  1.830E-09  9.697E-15  2.186E-15  1.00E-07
  1.400E+00 4.07442E-17 -2.313E-07  6.115E-09  1.830E-09  1.044E-14  2.354E-15  1.00E-07
  1.500E+00 4.07312E-17 -2.478E-07  6.114E-09  1.830E-09  1.119E-14  2.522E-15  1.00E-07
  1.600E+00 4.07172E-17 -2.644E-07  6.113E-09  1.830E-09  1.193E-14  2.690E-15  1.00E-07
  1.700E+00 4.07024E-17 -2.810E-07  6.112E-09  1.830E-09  1.267E-14  2.858E-15  1.00E-07
  1.800E+00 4.06868E-17 -2.976E-07  6.111E-09  1.829E-09  1.342E-14  3.026E-15  1.00E-07
  1.900E+00 4.06702E-17 -3.142E-07  6.109E-09  1.829E-09  1.416E-14  3.194E-15  1.00E-07
  2.000E+00 4.06527E-17 -3.308E-07  6.108E-09  1.829E-09  1.490E-14  3.362E-15  1.00E-07
  2.100E+00 4.06344E-17 -3.474E-07  6.106E-09  1.829E-09  1.564E-14  3.529E-15  1.00E-07
  2.200E+00 4.06151E-17 -3.641E-07  6.105E-09  1.829E-09  1.638E-14  3.697E-15  1.00E-07
  2.300E+00 4.05950E-17 -3.807E-07  6.103E-09  1.829E-09  1.712E-14  3.865E-15  1.00E-07
  2.400E+00 4.05740E-17 -3.974E-07  6.102E-09  1.829E-09  1.786E-14  4.033E-15  1.00E-07
  2.500E+00 4.05521E-17 -4.141E-07  6.100E-09  1.829E-09  1.860E-14  4.201E-15  1.00E-07
  2.600E+00 4.05294E-17 -4.308E-07  6.098E-09  1.829E-09  1.934E-14  4.368E-15  1.00E-07
  2.700E+00 4.05058E-17 -4.475E-07  6.096E-09  1.829E-09  2.008E-14  4.536E-15  1.00E-07
  2.800E+00 4.04813E-17 -4.642E-07  6.094E-09  1.829E-09  2.081E-14  4.704E-15  1.00E-07
  2.900E+00 4.04559E-17 -4.809E-07  6.092E-09  1.828E-09  2.155E-14  4.871E-15  1.00E-07
  3.000E+00 4.04297E-17 -4.977E-07  6.090E-09  1.828E-09  2.229E-14  5.039E-15  1.00E-07
  3.100E+00 4.04026E-17 -5.145E-07  6.088E-09  1.828E-09  2.302E-14  5.206E-15  1.00E-07
  3.200E+00 4.03747E-17 -5.312E-07  6.085E-09  1.828E-09  2.376E-14  5.374E-15  1.00E-07
  3.300E+00 4.03459E-17 -5.481E-07  6.083E-09  1.828E-09  2.449E-14  5.541E-15  1.00E-07
  3.400E+00 4.03162E-17 -5.649E-07  6.081E-09  1.828E-09  2.522E-14  5.709E-15  1.00E-07
  3.500E+00 4.02857E-17 -5.817E-07  6.078E-09  1.828E-09  2.595E-14  5.876E-15  1.00E-07
  3.600E+00 4.02543E-17 -5.986E-07  6.076E-09  1.828E-09  2.668E-14  6.043E-15  1.00E-07
  3.700E+00 4.02221E-17 -6.155E-07  6.073E-09  1.827E-09  2.741E-14  6.210E-15  1.00E-07
  3.800E+00 4.01891E-17 -6.324E-07  6.070E-09  1.827E-09  2.814E-14  6.378E-15  1.00E-07
  3.900E+00 4.01552E-17 -6.493E-07  6.068E-09  1.827E-09  2.887E-14  6.545E-15  1.00E-07
  4.000E+00 4.01204E-17 -6.663E-07  6.065E-09  1.827E-09  2.960E-14  6.712E-15  1.00E-07
  4.100E+00 4.00849E-17 -6.833E-07  6.062E-09  1.827E-09  3.032E-14  6.879E-15  1.00E-07
  4.200E+00 4.00485E-17 -7.003E-07  6.059E-09  1.827E-09  3.105E-14  7.046E-15  1.00E-07
  4.300E+00 4.00112E-17 -7.173E-07  6.056E-09  1.826E-09  3.177E-14  7.213E-15  1.00E-07
  4.400E+00 3.99732E-17 -7.344E-07  6.053E-09  1.826E-09  3.249E-14  7.379E-15  1.00E-07
  4.500E+00 3.99343E-17 -7.515E-07  6.050E-09  1.826E-09  3.322E-14  7.546E-15  1.00E-07
  4.600E+00 3.98946E-17 -7.686E-07  6.047E-09  1.826E-09  3.394E-14  7.713E-15  1.00E-07
  4.700E+00 3.98541E-17 -7.857E-07  6.043E-09  1.826E-09  3.466E-14  7.880E-15  1.00E-07
  4.800E+00 3.98128E-17 -8.029E-07  6.040E-09  1.826E-09  3.538E-14  8.046E-15  1.00E-07
  4.900E+00 3.97707E-17 -8.201E-07  6.036E-09  1.825E-09  3.609E-14  8.213E-15  1.00E-07
  5.000E+00 3.97277E-17 -8.373E-07  6.033E-09  1.825E-09  3.681E-14  8.379E-15  1.00E-07
  5.100E+00 3.96840E-17 -8.545E-07  6.029E-09  1.825E-09  3.752E-14  8.545E-15  1.00E-07
  5.200E+00 3.96395E-17 -8.718E-07  6.026E-09  1.825E-09  3.824E-14  8.712E-15  1.00E-07
  5.300E+00 3.95941E-17 -8.891E-07  6.022E-09  1.825E-09  3.895E-14  8.878E-15  1.00E-07
  5.400E+00 3.95480E-17 -9.065E-07  6.018E-09  1.824E-09  3.966E-14  9.044E-15  1.00E-07
  5.500E+00 3.95011E-17 -9.238E-07  6.014E-09  1.824E-09  4.037E-14  9.210E-15  1.00E-07
  5.600E+00 3.94535E-17 -9.413E-07  6.011E-09  1.824E-09  4.108E-14  9.376E-15  1.00E-07
  5.700E+00 3.94050E-17 -9.587E-07  6.007E-09  1.824E-09  4.179E-14  9.542E-15  1.00E-07
  5.800E+00 3.93558E-17 -9.762E-07  6.003E-09  1.823E-09  4.249E-14  9.708E-15  1.00E-07
  5.900E+00 3.93058E-17 -9.937E-07  5.998E-09  1.823E-09  4.320E-14  9.874E-15  1.00E-07
  6.000E+00 3.92551E-17 -1.011E-06  5.994E-09  1.823E-09  4.390E-14  1.004E-14  1.00E-07
  6.100E+00 3.92036E-17 -1.029E-06  5.990E-09  1.823E-09  4.460E-14  1.020E-14  1.00E-07
  6.200E+00 3.91513E-17 -1.046E-06  5.986E-09  1.823E-09  4.530E-14  1.037E-14  1.00E-07
  6.300E+00 3.90983E-17 -1.064E-06  5.981E-09  1.822E-09  4.600E-14  1.054E-14  1.00E-07
  6.400E+00 3.90446E-17 -1.082E-06  5.977E-09  1.822E-09  4.669E-14  1.070E-14  1.00E-07
  6.500E+00 3.89901E-17 -1.099E-06  5.973E-09  1.822E-09  4.739E-14  1.087E-14  1.00E-07
  6.600E+00 3.89349E-17 -1.117E-06  5.968E-09  1.822E-09  4.808E-14  1.103E-14  1.00E-07
  6.700E+00 3.88789E-17 -1.135E-06  5.963E-09  1.821E-09  4.878E-14  1.120E-14  1.00E-07
  6.800E+00 3.88223E-17 -1.153E-06  5.959E-09  1.821E-09  4.947E-14  1.136E-14  1.00E-07
  6.900E+00 3.87649E-17 -1.171E-06  5.954E-09  1.821E-09  5.016E-14  1.153E-14  1.00E-07
  7.000E+00 3.87068E-17 -1.189E-06  5.949E-09  1.820E-09  5.084E-14  1.169E-14  1.00E-07
  7.100E+00 3.86479E-17 -1.207E-06  5.944E-09  1.820E-09  5.153E-14  1.186E-14  1.00E-07
  7.200E+00 3.85884E-17 -1.225E-06  5.939E-09  1.820E-09  5.221E-14  1.202E-14  1.00E-07
  7.300E+00 3.85282E-17 -1.243E-06  5.934E-09  1.820E-09  5.290E-14  1.218E-14  1.00E-07
  7.400E+00 3.84673E-17 -1.261E-06  5.929E-09  1.819E-09  5.358E-14  1.235E-14  1.00E-07
  7.500E+00 3.84057E-17 -1.279E-06  5.924E-09  1.819E-09  5.425E-14  1.251E-14  1.00E-07
  7.600E+00 3.83434E-17 -1.297E-06  5.919E-09  1.819E-09  5.493E-14  1.268E-14  1.00E-07
  7.700E+00 3.82804E-17 -1.315E-06  5.914E-09  1.818E-09  5.561E-14  1.284E-14  1.00E-07
  7.800E+00 3.82168E-17 -1.334E-06  5.909E-09  1.818E-09  5.628E-14  1.301E-14  1.00E-07
  7.900E+00 3.81525E-17 -1.352E-06  5.903E-09  1.818E-09  5.695E-14  1.317E-14  1.00E-07
  8.000E+00 3.80875E-17 -1.370E-06  5.898E-09  1.817E-09  5.762E-14  1.333E-14  1.00E-07
  8.100E+00 3.80219E-17 -1.389E-06  5.892E-09  1.817E-09  5.829E-14  1.350E-14  1.00E-07
  8.200E+00 3.79556E-17 -1.407E-06  5.887E-09  1.817E-09  5.896E-14  1.366E-14  1.00E-07
  8.300E+00 3.78887E-17 -1.426E-06  5.881E-09  1.817E-09  5.962E-14  1.382E-14  1.00E-07
  8.400E+00 3.78211E-17 -1.444E-06  5.876E-09  1.816E-09  6.028E-14  1.399E-14  1.00E-07
  8.500E+00 3.77529E-17 -1.463E-06  5.870E-09  1.816E-09  6.095E-14  1.415E-14  1.00E-07
  8.600E+00 3.76841E-17 -1.481E-06  5.864E-09  1.816E-09  6.160E-14  1.431E-14  1.00E-07
  8.700E+00 3.76146E-17 -1.500E-06  5.858E-09  1.815E-09  6.226E-14  1.448E-14  1.00E-07
  8.800E+00 3.75445E-17 -1.519E-06  5.852E-09  1.815E-09  6.292E-14  1.464E-14  1.00E-07
  8.900E+00 3.74738E-17 -1.538E-06  5.846E-09  1.815E-09  6.357E-14  1.480E-14  1.00E-07
  9.000E+00 3.74025E-17 -1.557E-06  5.840E-09  1.814E-09  6.422E-14  1.496E-14  1.00E-07
  9.100E+00 3.73307E-17 -1.576E-06  5.834E-09  1.814E-09  6.487E-14  1.513E-14  1.00E-07
  9.200E+00 3.72582E-17 -1.595E-06  5.828E-09  1.813E-09  6.552E-14  1.529E-14  1.00E-07
  9.300E+00 3.71851E-17 -1.614E-06  5.822E-09  1.813E-09  6.616E-14  1.545E-14  1.00E-07
  9.400E+00 3.71114E-17 -1.633E-06  5.816E-09  1.813E-09  6.680E-14  1.561E-14  1.00E-07
  9.500E+00 3.70372E-17 -1.652E-06  5.810E-09  1.812E-09  6.744E-14  1.577E-14  1.00E-07
  9.600E+00 3.69624E-17 -1.671E-06  5.803E-09  1.812E-09  6.808E-14  1.594E-14  1.00E-07
  9.700E+00 3.68870E-17 -1.690E-06  5.797E-09  1.812E-09  6.872E-14  1.610E-14  1.00E-07
  9.800E+00 3.68111E-17 -1.710E-06  5.791E-09  1.811E-09  6.935E-14  1.626E-14  1.00E-07
  9.900E+00 3.67346E-17 -1.729E-06  5.784E-09  1.811E-09  6.998E-14  1.642E-14  1.00E-07
  1.000E+01 3.66576E-17 -1.748E-06  5.778E-09  1.810E-09  7.061E-14  1.658E-14  1.00E-07
  1.025E+01 3.64626E-17 -1.797E-06  5.761E-09  1.809E-09  7.218E-14  1.698E-14  1.00E-07
  1.050E+01 3.62644E-17 -1.846E-06  5.744E-09  1.808E-09  7.373E-14  1.739E-14  1.00E-07
  1.075E+01 3.60630E-17 -1.896E-06  5.727E-09  1.807E-09  7.527E-14  1.779E-14  1.00E-07
  1.100E+01 3.58585E-17 -1.946E-06  5.709E-09  1.806E-09  7.679E-14  1.819E-14  1.00E-07
  1.125E+01 3.56510E-17 -1.996E-06  5.691E-09  1.805E-09  7.830E-14  1.858E-14  1.00E-07
  1.150E+01 3.54407E-17 -2.047E-06  5.673E-09  1.804E-09  7.980E-14  1.898E-14  1.00E-07
  1.175E+01 3.52275E-17 -2.099E-06  5.655E-09  1.803E-09  8.128E-14  1.938E-14  1.00E-07
  1.200E+01 3.50116E-17 -2.150E-06  5.636E-09  1.802E-09  8.274E-14  1.978E-14  1.00E-07
  1.225E+01 3.47931E-17 -2.202E-06  5.617E-09  1.801E-09  8.419E-14  2.017E-14  1.00E-07
  1.250E+01 3.45721E-17 -2.255E-06  5.598E-09  1.800E-09  8.563E-14  2.056E-14  1.00E-07
  1.275E+01 3.43487E-17 -2.308E-06  5.578E-09  1.798E-09  8.704E-14  2.096E-14  1.00E-07
  1.300E+01 3.41230E-17 -2.362E-06  5.558E-09  1.797E-09  8.845E-14  2.135E-14  1.00E-07
  1.325E+01 3.38951E-17 -2.416E-06  5.538E-09  1.796E-09  8.983E-14  2.174E-14  1.00E-07
  1.350E+01 3.36650E-17 -2.470E-06  5.518E-09  1.795E-09  9.121E-14  2.213E-14  1.00E-07
  1.375E+01 3.34330E-17 -2.525E-06  5.497E-09  1.793E-09  9.256E-14  2.252E-14  1.00E-07
  1.400E+01 3.31990E-17 -2.581E-06  5.476E-09  1.792E-09  9.390E-14  2.290E-14  1.00E-07
  1.425E+01 3.29633E-17 -2.637E-06  5.455E-09  1.791E-09  9.522E-14  2.329E-14  1.00E-07
  1.450E+01 3.27258E-17 -2.694E-06  5.434E-09  1.789E-09  9.653E-14  2.367E-14  1.00E-07
  1.475E+01 3.24866E-17 -2.751E-06  5.412E-09  1.788E-09  9.782E-14  2.406E-14  1.00E-07
  1.500E+01 3.22460E-17 -2.809E-06  5.390E-09  1.787E-09  9.909E-14  2.444E-14  1.00E-07
  1.525E+01 3.20039E-17 -2.867E-06  5.368E-09  1.785E-09  1.003E-13  2.482E-14  1.00E-07
  1.550E+01 3.17605E-17 -2.926E-06  5.346E-09  1.784E-09  1.016E-13  2.520E-14  1.00E-07
  1.575E+01 3.15158E-17 -2.986E-06  5.324E-09  1.782E-09  1.028E-13  2.558E-14  1.00E-07
  1.600E+01 3.12700E-17 -3.046E-06  5.301E-09  1.781E-09  1.040E-13  2.596E-14  1.00E-07
  1.625E+01 3.10231E-17 -3.106E-06  5.278E-09  1.779E-09  1.052E-13  2.633E-14  1.00E-07
  1.650E+01 3.07752E-17 -3.168E-06  5.255E-09  1.778E-09  1.064E-13  2.671E-14  1.00E-07
  1.675E+01 3.05264E-17 -3.230E-06  5.232E-09  1.776E-09  1.075E-13  2.708E-14  1.00E-07
  1.700E+01 3.02768E-17 -3.292E-06  5.208E-09  1.775E-09  1.087E-13  2.745E-14  1.00E-07
  1.725E+01 3.00266E-17 -3.356E-06  5.185E-09  1.773E-09  1.098E-13  2.783E-14  1.00E-07
  1.750E+01 2.97757E-17 -3.419E-06  5.161E-09  1.771E-09  1.109E-13  2.819E-14  1.00E-07
  1.775E+01 2.95242E-17 -3.484E-06  5.137E-09  1.770E-09  1.120E-13  2.856E-14  1.00E-07
  1.800E+01 2.92723E-17 -3.549E-06  5.113E-09  1.768E-09  1.130E-13  2.893E-14  1.00E-07
  1.825E+01 2.90200E-17 -3.615E-06  5.089E-09  1.766E-09  1.141E-13  2.929E-14  1.00E-07
  1.850E+01 2.87674E-17 -3.682E-06  5.065E-09  1.765E-09  1.151E-13  2.966E-14  1.00E-07
  1.875E+01 2.85146E-17 -3.749E-06  5.040E-09  1.763E-09  1.162E-13  3.002E-14  1.00E-07
  1.900E+01 2.82617E-17 -3.817E-06  5.016E-09  1.761E-09  1.172E-13  3.038E-14  1.00E-07
  1.925E+01 2.80086E-17 -3.886E-06  4.991E-09  1.759E-09  1.181E-13  3.074E-14  1.00E-07
  1.950E+01 2.77556E-17 -3.956E-06  4.966E-09  1.758E-09  1.191E-13  3.110E-14  1.00E-07
  1.975E+01 2.75027E-17 -4.026E-06  4.942E-09  1.756E-09  1.200E-13  3.145E-14  1.00E-07
  2.000E+01 2.72499E-17 -4.097E-06  4.917E-09  1.754E-09  1.210E-13  3.181E-14  1.00E-07
  2.025E+01 2.69973E-17 -4.169E-06  4.891E-09  1.752E-09  1.219E-13  3.216E-14  1.00E-07
  2.050E+01 2.67451E-17 -4.241E-06  4.866E-09  1.750E-09  1.228E-13  3.251E-14  1.00E-07
  2.075E+01 2.64932E-17 -4.315E-06  4.841E-09  1.749E-09  1.237E-13  3.286E-14  1.00E-07
  2.100E+01 2.62417E-17 -4.389E-06  4.816E-09  1.747E-09  1.245E-13  3.321E-14  1.00E-07
  2.125E+01 2.59907E-17 -4.464E-06  4.790E-09  1.745E-09  1.254E-13  3.356E-14  1.00E-07
  2.150E+01 2.57402E-17 -4.540E-06  4.765E-09  1.743E-09  1.262E-13  3.390E-14  1.00E-07
  2.175E+01 2.54904E-17 -4.616E-06  4.739E-09  1.741E-09  1.270E-13  3.425E-14  1.00E-07
  2.200E+01 2.52412E-17 -4.694E-06  4.713E-09  1.739E-09  1.278E-13  3.459E-14  1.00E-07
  2.225E+01 2.49927E-17 -4.772E-06  4.688E-09  1.737E-09  1.286E-13  3.493E-14  1.00E-07
  2.250E+01 2.47451E-17 -4.851E-06  4.662E-09  1.735E-09  1.294E-13  3.527E-14  1.00E-07
  2.275E+01 2.44982E-17 -4.932E-06  4.636E-09  1.733E-09  1.301E-13  3.561E-14  1.00E-07
  2.300E+01 2.42523E-17 -5.013E-06  4.610E-09  1.731E-09  1.308E-13  3.594E-14  1.00E-07
  2.325E+01 2.40073E-17 -5.094E-06  4.584E-09  1.729E-09  1.315E-13  3.628E-14  1.00E-07
  2.350E+01 2.37632E-17 -5.177E-06  4.559E-09  1.727E-09  1.322E-13  3.661E-14  1.00E-07
  2.375E+01 2.35202E-17 -5.261E-06  4.533E-09  1.725E-09  1.329E-13  3.694E-14  1.00E-07
  2.400E+01 2.32783E-17 -5.345E-06  4.507E-09  1.723E-09  1.336E-13  3.727E-14  1.00E-07
  2.425E+01 2.30375E-17 -5.431E-06  4.481E-09  1.721E-09  1.342E-13  3.759E-14  1.00E-07
  2.450E+01 2.27979E-17 -5.517E-06  4.455E-09  1.719E-09  1.349E-13  3.792E-14  1.00E-07
  2.475E+01 2.25595E-17 -5.605E-06  4.429E-09  1.717E-09  1.355E-13  3.824E-14  1.00E-07
  2.500E+01 2.23223E-17 -5.693E-06  4.403E-09  1.714E-09  1.361E-13  3.856E-14  1.00E-07
  2.550E+01 2.18519E-17 -5.872E-06  4.351E-09  1.710E-09  1.373E-13  3.920E-14  1.00E-07
  2.600E+01 2.13869E-17 -6.056E-06  4.299E-09  1.706E-09  1.383E-13  3.983E-14  1.00E-07
  2.650E+01 2.09276E-17 -6.243E-06  4.247E-09  1.701E-09  1.394E-13  4.045E-14  1.00E-07
  2.700E+01 2.04742E-17 -6.435E-06  4.195E-09  1.697E-09  1.404E-13  4.107E-14  1.00E-07
  2.750E+01 2.00270E-17 -6.631E-06  4.143E-09  1.692E-09  1.413E-13  4.168E-14  1.00E-07
  2.800E+01 1.95861E-17 -6.831E-06  4.091E-09  1.687E-09  1.421E-13  4.228E-14  1.00E-07
  2.850E+01 1.91518E-17 -7.035E-06  4.040E-09  1.683E-09  1.430E-13  4.287E-14  1.00E-07
  2.900E+01 1.87242E-17 -7.244E-06  3.989E-09  1.678E-09  1.437E-13  4.346E-14  1.00E-07
  2.950E+01 1.83034E-17 -7.457E-06  3.937E-09  1.673E-09  1.444E-13  4.404E-14  1.00E-07
  3.000E+01 1.78895E-17 -7.674E-06  3.887E-09  1.668E-09  1.451E-13  4.461E-14  1.00E-07
  3.050E+01 1.74826E-17 -7.896E-06  3.836E-09  1.664E-09  1.457E-13  4.517E-14  1.00E-07
  3.100E+01 1.70829E-17 -8.123E-06  3.786E-09  1.659E-09  1.462E-13  4.573E-14  1.00E-07
  3.150E+01 1.66904E-17 -8.354E-06  3.736E-09  1.654E-09  1.467E-13  4.627E-14  1.00E-07
  3.200E+01 1.63051E-17 -8.591E-06  3.686E-09  1.649E-09  1.471E-13  4.681E-14  1.00E-07
  3.250E+01 1.59271E-17 -8.832E-06  3.637E-09  1.644E-09  1.476E-13  4.734E-14  1.00E-07
  3.300E+01 1.55564E-17 -9.077E-06  3.588E-09  1.638E-09  1.479E-13  4.787E-14  1.00E-07
  3.350E+01 1.51931E-17 -9.328E-06  3.539E-09  1.633E-09  1.482E-13  4.838E-14  1.00E-07
  3.400E+01 1.48370E-17 -9.584E-06  3.491E-09  1.628E-09  1.485E-13  4.889E-14  1.00E-07
  3.450E+01 1.44882E-17 -9.844E-06  3.443E-09  1.623E-09  1.487E-13  4.939E-14  1.00E-07
  3.500E+01 1.41467E-17 -1.011E-05  3.396E-09  1.618E-09  1.489E-13  4.988E-14  1.00E-07
  3.550E+01 1.38125E-17 -1.038E-05  3.349E-09  1.612E-09  1.491E-13  5.036E-14  1.00E-07
  3.600E+01 1.34854E-17 -1.066E-05  3.302E-09  1.607E-09  1.492E-13  5.084E-14  1.00E-07
  3.650E+01 1.31655E-17 -1.094E-05  3.256E-09  1.602E-09  1.493E-13  5.131E-14  1.00E-07
  3.700E+01 1.28527E-17 -1.122E-05  3.210E-09  1.596E-09  1.493E-13  5.176E-14  1.00E-07
  3.750E+01 1.25469E-17 -1.152E-05  3.165E-09  1.591E-09  1.493E-13  5.222E-14  1.00E-07
  3.800E+01 1.22480E-17 -1.181E-05  3.120E-09  1.585E-09  1.493E-13  5.266E-14  1.00E-07
  3.850E+01 1.19560E-17 -1.212E-05  3.076E-09  1.580E-09  1.492E-13  5.309E-14  1.00E-07
  3.900E+01 1.16708E-17 -1.242E-05  3.032E-09  1.574E-09  1.491E-13  5.352E-14  1.00E-07
  3.950E+01 1.13923E-17 -1.274E-05  2.989E-09  1.569E-09  1.490E-13  5.394E-14  1.00E-07
  4.000E+01 1.11204E-17 -1.305E-05  2.946E-09  1.563E-09  1.489E-13  5.435E-14  1.00E-07
  4.050E+01 1.08550E-17 -1.338E-05  2.903E-09  1.557E-09  1.487E-13  5.475E-14  1.00E-07
  4.100E+01 1.05960E-17 -1.371E-05  2.861E-09  1.552E-09  1.485E-13  5.514E-14  1.00E-07
  4.150E+01 1.03433E-17 -1.404E-05  2.820E-09  1.546E-09  1.482E-13  5.553E-14  1.00E-07
  4.200E+01 1.00967E-17 -1.438E-05  2.779E-09  1.541E-09  1.480E-13  5.591E-14  1.00E-07
  4.250E+01 9.85630E-18 -1.473E-05  2.739E-09  1.535E-09  1.477E-13  5.628E-14  1.00E-07
  4.300E+01 9.62184E-18 -1.508E-05  2.699E-09  1.529E-09  1.474E-13  5.664E-14  1.00E-07
  4.350E+01 9.39323E-18 -1.543E-05  2.659E-09  1.523E-09  1.471E-13  5.699E-14  1.00E-07
  4.400E+01 9.17038E-18 -1.579E-05  2.620E-09  1.518E-09  1.467E-13  5.733E-14  1.00E-07
  4.450E+01 8.95316E-18 -1.616E-05  2.582E-09  1.512E-09  1.463E-13  5.767E-14  1.00E-07
  4.500E+01 8.74145E-18 -1.653E-05  2.544E-09  1.506E-09  1.459E-13  5.800E-14  1.00E-07
  4.550E+01 8.53515E-18 -1.691E-05  2.507E-09  1.500E-09  1.455E-13  5.832E-14  1.00E-07
  4.600E+01 8.33414E-18 -1.729E-05  2.470E-09  1.495E-09  1.451E-13  5.863E-14  1.00E-07
  4.650E+01 8.13831E-18 -1.768E-05  2.433E-09  1.489E-09  1.447E-13  5.894E-14  1.00E-07
  4.700E+01 7.94753E-18 -1.807E-05  2.398E-09  1.483E-09  1.442E-13  5.924E-14  1.00E-07
  4.750E+01 7.76170E-18 -1.847E-05  2.362E-09  1.477E-09  1.437E-13  5.953E-14  1.00E-07
  4.800E+01 7.58071E-18 -1.887E-05  2.327E-09  1.471E-09  1.432E-13  5.981E-14  1.00E-07
  4.850E+01 7.40444E-18 -1.928E-05  2.293E-09  1.466E-09  1.427E-13  6.008E-14  1.00E-07
  4.900E+01 7.23277E-18 -1.970E-05  2.259E-09  1.460E-09  1.422E-13  6.035E-14  1.00E-07
  4.950E+01 7.06561E-18 -2.012E-05  2.225E-09  1.454E-09  1.416E-13  6.061E-14  1.00E-07
  5.000E+01 6.90284E-18 -2.054E-05  2.192E-09  1.448E-09  1.411E-13  6.086E-14  1.00E-07
  5.050E+01 6.74436E-18 -2.097E-05  2.160E-09  1.442E-09  1.405E-13  6.110E-14  1.00E-07
  5.100E+01 6.59005E-18 -2.140E-05  2.128E-09  1.436E-09  1.399E-13  6.133E-14  1.00E-07
  5.150E+01 6.43982E-18 -2.184E-05  2.096E-09  1.431E-09  1.394E-13  6.156E-14  1.00E-07
  5.200E+01 6.29356E-18 -2.228E-05  2.065E-09  1.425E-09  1.388E-13  6.178E-14  1.00E-07
  5.250E+01 6.15117E-18 -2.273E-05  2.034E-09  1.419E-09  1.382E-13  6.199E-14  1.00E-07
  5.300E+01 6.01255E-18 -2.318E-05  2.004E-09  1.413E-09  1.375E-13  6.220E-14  1.00E-07
  5.350E+01 5.87760E-18 -2.364E-05  1.974E-09  1.407E-09  1.369E-13  6.240E-14  1.00E-07
  5.400E+01 5.74623E-18 -2.410E-05  1.945E-09  1.401E-09  1.363E-13  6.259E-14  1.00E-07
  5.450E+01 5.61835E-18 -2.457E-05  1.916E-09  1.396E-09  1.356E-13  6.277E-14  1.00E-07
  5.500E+01 5.49386E-18 -2.503E-05  1.888E-09  1.390E-09  1.350E-13  6.295E-14  1.00E-07
  5.550E+01 5.37266E-18 -2.551E-05  1.859E-09  1.384E-09  1.343E-13  6.311E-14  1.00E-07
  5.600E+01 5.25469E-18 -2.599E-05  1.832E-09  1.378E-09  1.337E-13  6.327E-14  1.00E-07
  5.650E+01 5.13984E-18 -2.647E-05  1.805E-09  1.372E-09  1.330E-13  6.343E-14  1.00E-07
  5.700E+01 5.02803E-18 -2.695E-05  1.778E-09  1.366E-09  1.323E-13  6.358E-14  1.00E-07
  5.750E+01 4.91918E-18 -2.744E-05  1.752E-09  1.361E-09  1.316E-13  6.372E-14  1.00E-07
  5.800E+01 4.81321E-18 -2.794E-05  1.726E-09  1.355E-09  1.309E-13  6.385E-14  1.00E-07
  5.850E+01 4.71004E-18 -2.843E-05  1.700E-09  1.349E-09  1.302E-13  6.398E-14  1.00E-07
  5.900E+01 4.60959E-18 -2.893E-05  1.675E-09  1.343E-09  1.296E-13  6.409E-14  1.00E-07
  5.950E+01 4.51179E-18 -2.943E-05  1.650E-09  1.338E-09  1.288E-13  6.421E-14  1.00E-07
  6.000E+01 4.41657E-18 -2.994E-05  1.626E-09  1.332E-09  1.281E-13  6.431E-14  1.00E-07
  6.050E+01 4.32385E-18 -3.045E-05  1.602E-09  1.326E-09  1.274E-13  6.441E-14  1.00E-07
  6.100E+01 4.23357E-18 -3.096E-05  1.578E-09  1.320E-09  1.267E-13  6.451E-14  1.00E-07
  6.150E+01 4.14565E-18 -3.148E-05  1.555E-09  1.315E-09  1.260E-13  6.459E-14  1.00E-07
  6.200E+01 4.06003E-18 -3.199E-05  1.532E-09  1.309E-09  1.253E-13  6.467E-14  1.00E-07
  6.250E+01 3.97664E-18 -3.251E-05  1.509E-09  1.303E-09  1.246E-13  6.474E-14  1.00E-07
  6.300E+01 3.89543E-18 -3.304E-05  1.487E-09  1.298E-09  1.238E-13  6.481E-14  1.00E-07
  6.350E+01 3.81633E-18 -3.356E-05  1.465E-09  1.292E-09  1.231E-13  6.487E-14  1.00E-07
  6.400E+01 3.73929E-18 -3.409E-05  1.444E-09  1.286E-09  1.224E-13  6.493E-14  1.00E-07
  6.450E+01 3.66423E-18 -3.462E-05  1.423E-09  1.281E-09  1.217E-13  6.497E-14  1.00E-07
  6.500E+01 3.59112E-18 -3.515E-05  1.402E-09  1.275E-09  1.209E-13  6.501E-14  1.00E-07
  6.550E+01 3.51989E-18 -3.568E-05  1.381E-09  1.270E-09  1.202E-13  6.505E-14  1.00E-07
  6.600E+01 3.45050E-18 -3.621E-05  1.361E-09  1.264E-09  1.195E-13  6.508E-14  1.00E-07
  6.650E+01 3.38288E-18 -3.675E-05  1.341E-09  1.259E-09  1.187E-13  6.510E-14  1.00E-07
  6.700E+01 3.31699E-18 -3.728E-05  1.322E-09  1.253E-09  1.180E-13  6.512E-14  1.00E-07
  6.750E+01 3.25278E-18 -3.782E-05  1.302E-09  1.248E-09  1.173E-13  6.513E-14  1.00E-07
  6.800E+01 3.19020E-18 -3.836E-05  1.283E-09  1.242E-09  1.165E-13  6.514E-14  1.00E-07
  6.850E+01 3.12922E-18 -3.889E-05  1.265E-09  1.237E-09  1.158E-13  6.514E-14  1.00E-07
  6.900E+01 3.06977E-18 -3.943E-05  1.246E-09  1.231E-09  1.151E-13  6.513E-14  1.00E-07
  6.950E+01 3.01182E-18 -3.997E-05  1.228E-09  1.226E-09  1.144E-13  6.512E-14  1.00E-07
  7.000E+01 2.95533E-18 -4.051E-05  1.211E-09  1.221E-09  1.136E-13  6.511E-14  1.00E-07
  7.050E+01 2.90025E-18 -4.105E-05  1.193E-09  1.215E-09  1.129E-13  6.508E-14  1.00E-07
  7.100E+01 2.84656E-18 -4.159E-05  1.176E-09  1.210E-09  1.122E-13  6.506E-14  1.00E-07
  7.150E+01 2.79419E-18 -4.213E-05  1.159E-09  1.205E-09  1.114E-13  6.502E-14  1.00E-07
  7.200E+01 2.74313E-18 -4.267E-05  1.142E-09  1.199E-09  1.107E-13  6.499E-14  1.00E-07
  7.250E+01 2.69333E-18 -4.321E-05  1.126E-09  1.194E-09  1.100E-13  6.494E-14  1.00E-07
  7.300E+01 2.64476E-18 -4.375E-05  1.110E-09  1.189E-09  1.092E-13  6.489E-14  1.00E-07
  7.350E+01 2.59738E-18 -4.429E-05  1.094E-09  1.184E-09  1.085E-13  6.484E-14  1.00E-07
  7.400E+01 2.55116E-18 -4.482E-05  1.078E-09  1.178E-09  1.078E-13  6.478E-14  1.00E-07
  7.450E+01 2.50607E-18 -4.536E-05  1.063E-09  1.173E-09  1.071E-13  6.472E-14  1.00E-07
  7.500E+01 2.46208E-18 -4.589E-05  1.048E-09  1.168E-09  1.063E-13  6.465E-14  1.00E-07
  7.550E+01 2.41915E-18 -4.642E-05  1.033E-09  1.163E-09  1.056E-13  6.458E-14  1.00E-07
  7.600E+01 2.37726E-18 -4.695E-05  1.018E-09  1.158E-09  1.049E-13  6.450E-14  1.00E-07
  7.650E+01 2.33638E-18 -4.748E-05  1.004E-09  1.153E-09  1.042E-13  6.441E-14  1.00E-07
  7.700E+01 2.29647E-18 -4.801E-05  9.894E-10  1.148E-09  1.035E-13  6.433E-14  1.00E-07
  7.750E+01 2.25752E-18 -4.853E-05  9.754E-10  1.143E-09  1.028E-13  6.423E-14  1.00E-07
  7.800E+01 2.21950E-18 -4.906E-05  9.616E-10  1.138E-09  1.020E-13  6.414E-14  1.00E-07
  7.850E+01 2.18238E-18 -4.957E-05  9.481E-10  1.133E-09  1.013E-13  6.403E-14  1.00E-07
  7.900E+01 2.14614E-18 -5.009E-05  9.348E-10  1.128E-09  1.006E-13  6.393E-14  1.00E-07
  7.950E+01 2.11074E-18 -5.061E-05  9.216E-10  1.123E-09  9.992E-14  6.382E-14  1.00E-07
  8.000E+01 2.07618E-18 -5.112E-05  9.087E-10  1.118E-09  9.922E-14  6.370E-14  1.00E-07
  8.050E+01 2.04243E-18 -5.163E-05  8.960E-10  1.113E-09  9.852E-14  6.358E-14  1.00E-07
  8.100E+01 2.00946E-18 -5.213E-05  8.835E-10  1.109E-09  9.782E-14  6.346E-14  1.00E-07
  8.150E+01 1.97726E-18 -5.263E-05  8.712E-10  1.104E-09  9.712E-14  6.333E-14  1.00E-07
  8.200E+01 1.94580E-18 -5.313E-05  8.590E-10  1.099E-09  9.643E-14  6.320E-14  1.00E-07
  8.250E+01 1.91506E-18 -5.362E-05  8.471E-10  1.094E-09  9.574E-14  6.306E-14  1.00E-07
  8.300E+01 1.88503E-18 -5.411E-05  8.353E-10  1.090E-09  9.505E-14  6.292E-14  1.00E-07
  8.350E+01 1.85568E-18 -5.460E-05  8.238E-10  1.085E-09  9.436E-14  6.278E-14  1.00E-07
  8.400E+01 1.82700E-18 -5.508E-05  8.124E-10  1.080E-09  9.368E-14  6.263E-14  1.00E-07
  8.450E+01 1.79897E-18 -5.556E-05  8.012E-10  1.076E-09  9.299E-14  6.248E-14  1.00E-07
  8.500E+01 1.77157E-18 -5.603E-05  7.901E-10  1.071E-09  9.231E-14  6.232E-14  1.00E-07
  8.550E+01 1.74479E-18 -5.650E-05  7.793E-10  1.067E-09  9.164E-14  6.216E-14  1.00E-07
  8.600E+01 1.71861E-18 -5.697E-05  7.686E-10  1.062E-09  9.096E-14  6.200E-14  1.00E-07
  8.650E+01 1.69301E-18 -5.743E-05  7.581E-10  1.058E-09  9.029E-14  6.183E-14  1.00E-07
  8.700E+01 1.66798E-18 -5.788E-05  7.477E-10  1.053E-09  8.962E-14  6.166E-14  1.00E-07
  8.750E+01 1.64350E-18 -5.833E-05  7.375E-10  1.049E-09  8.895E-14  6.148E-14  1.00E-07
  8.800E+01 1.61956E-18 -5.877E-05  7.275E-10  1.044E-09  8.829E-14  6.131E-14  1.00E-07
  8.850E+01 1.59615E-18 -5.921E-05  7.176E-10  1.040E-09  8.763E-14  6.112E-14  1.00E-07
  8.900E+01 1.57325E-18 -5.964E-05  7.079E-10  1.035E-09  8.697E-14  6.094E-14  1.00E-07
  8.950E+01 1.55085E-18 -6.007E-05  6.983E-10  1.031E-09  8.631E-14  6.075E-14  1.00E-07
  9.000E+01 1.52894E-18 -6.049E-05  6.889E-10  1.027E-09  8.566E-14  6.056E-14  1.00E-07
  9.050E+01 1.50749E-18 -6.090E-05  6.796E-10  1.023E-09  8.501E-14  6.036E-14  1.00E-07
  9.100E+01 1.48651E-18 -6.131E-05  6.704E-10  1.018E-09  8.436E-14  6.016E-14  1.00E-07
  9.150E+01 1.46598E-18 -6.172E-05  6.614E-10  1.014E-09  8.371E-14  5.996E-14  1.00E-07
  9.200E+01 1.44589E-18 -6.211E-05  6.526E-10  1.010E-09  8.307E-14  5.976E-14  1.00E-07
  9.250E+01 1.42623E-18 -6.250E-05  6.438E-10  1.006E-09  8.243E-14  5.955E-14  1.00E-07
  9.300E+01 1.40698E-18 -6.288E-05  6.353E-10  1.002E-09  8.179E-14  5.934E-14  1.00E-07
  9.350E+01 1.38814E-18 -6.326E-05  6.268E-10  9.976E-10  8.116E-14  5.912E-14  1.00E-07
  9.400E+01 1.36970E-18 -6.363E-05  6.185E-10  9.936E-10  8.052E-14  5.890E-14  1.00E-07
  9.450E+01 1.35164E-18 -6.399E-05  6.103E-10  9.895E-10  7.989E-14  5.868E-14  1.00E-07
  9.500E+01 1.33396E-18 -6.435E-05  6.022E-10  9.855E-10  7.927E-14  5.846E-14  1.00E-07
  9.550E+01 1.31665E-18 -6.469E-05  5.943E-10  9.816E-10  7.864E-14  5.823E-14  1.00E-07
  9.600E+01 1.29969E-18 -6.503E-05  5.864E-10  9.776E-10  7.802E-14  5.801E-14  1.00E-07
  9.650E+01 1.28309E-18 -6.537E-05  5.787E-10  9.737E-10  7.740E-14  5.777E-14  1.00E-07
  9.700E+01 1.26682E-18 -6.569E-05  5.711E-10  9.699E-10  7.679E-14  5.754E-14  1.00E-07
  9.750E+01 1.25089E-18 -6.601E-05  5.637E-10  9.660E-10  7.617E-14  5.730E-14  1.00E-07
  9.800E+01 1.23529E-18 -6.632E-05  5.563E-10  9.622E-10  7.556E-14  5.706E-14  1.00E-07
  9.850E+01 1.22000E-18 -6.662E-05  5.491E-10  9.584E-10  7.496E-14  5.682E-14  1.00E-07
  9.900E+01 1.20503E-18 -6.692E-05  5.419E-10  9.546E-10  7.435E-14  5.657E-14  1.00E-07
  9.950E+01 1.19035E-18 -6.720E-05  5.349E-10  9.509E-10  7.375E-14  5.633E-14  1.00E-07
  1.000E+02 1.17597E-18 -6.748E-05  5.280E-10  9.472E-10  7.315E-14  5.607E-14  1.00E-07
  1.005E+02 1.16188E-18 -6.775E-05  5.212E-10  9.435E-10  7.255E-14  5.582E-14  1.00E-07
  1.010E+02 1.14807E-18 -6.801E-05  5.145E-10  9.399E-10  7.195E-14  5.557E-14  1.00E-07
  1.015E+02 1.13454E-18 -6.827E-05  5.079E-10  9.363E-10  7.136E-14  5.531E-14  1.00E-07
  1.020E+02 1.12127E-18 -6.851E-05  5.014E-10  9.327E-10  7.077E-14  5.505E-14  1.00E-07
  1.025E+02 1.10827E-18 -6.875E-05  4.950E-10  9.291E-10  7.019E-14  5.479E-14  1.00E-07
  1.030E+02 1.09552E-18 -6.898E-05  4.886E-10  9.256E-10  6.960E-14  5.452E-14  1.00E-07
  1.035E+02 1.08303E-18 -6.919E-05  4.824E-10  9.221E-10  6.902E-14  5.425E-14  1.00E-07
  1.040E+02 1.07077E-18 -6.940E-05  4.763E-10  9.186E-10  6.844E-14  5.398E-14  1.00E-07
  1.045E+02 1.05876E-18 -6.961E-05  4.703E-10  9.152E-10  6.786E-14  5.371E-14  1.00E-07
  1.050E+02 1.04698E-18 -6.980E-05  4.644E-10  9.118E-10  6.729E-14  5.344E-14  1.00E-07
  1.055E+02 1.03543E-18 -6.998E-05  4.585E-10  9.084E-10  6.672E-14  5.316E-14  1.00E-07
  1.060E+02 1.02410E-18 -7.016E-05  4.528E-10  9.050E-10  6.615E-14  5.289E-14  1.00E-07
  1.065E+02 1.01299E-18 -7.032E-05  4.471E-10  9.017E-10  6.558E-14  5.261E-14  1.00E-07
  1.070E+02 1.00210E-18 -7.048E-05  4.415E-10  8.984E-10  6.502E-14  5.232E-14  1.00E-07
  1.075E+02 9.91409E-19 -7.062E-05  4.360E-10  8.952E-10  6.446E-14  5.204E-14  1.00E-07
  1.080E+02 9.80926E-19 -7.076E-05  4.306E-10  8.919E-10  6.390E-14  5.175E-14  1.00E-07
  1.085E+02 9.70642E-19 -7.089E-05  4.253E-10  8.887E-10  6.334E-14  5.146E-14  1.00E-07
  1.090E+02 9.60553E-19 -7.101E-05  4.200E-10  8.855E-10  6.278E-14  5.117E-14  1.00E-07
  1.095E+02 9.50655E-19 -7.112E-05  4.148E-10  8.824E-10  6.223E-14  5.088E-14  1.00E-07
  1.100E+02 9.40945E-19 -7.121E-05  4.097E-10  8.792E-10  6.168E-14  5.059E-14  1.00E-07
  1.105E+02 9.31416E-19 -7.130E-05  4.047E-10  8.761E-10  6.113E-14  5.029E-14  1.00E-07
  1.110E+02 9.22067E-19 -7.138E-05  3.998E-10  8.731E-10  6.059E-14  5.000E-14  1.00E-07
  1.115E+02 9.12893E-19 -7.146E-05  3.949E-10  8.700E-10  6.005E-14  4.970E-14  1.00E-07
  1.120E+02 9.03890E-19 -7.152E-05  3.901E-10  8.670E-10  5.951E-14  4.940E-14  1.00E-07
  1.125E+02 8.95054E-19 -7.157E-05  3.854E-10  8.640E-10  5.897E-14  4.909E-14  1.00E-07
  1.130E+02 8.86383E-19 -7.161E-05  3.808E-10  8.610E-10  5.843E-14  4.879E-14  1.00E-07
  1.135E+02 8.77872E-19 -7.164E-05  3.762E-10  8.581E-10  5.790E-14  4.848E-14  1.00E-07
  1.140E+02 8.69519E-19 -7.166E-05  3.717E-10  8.552E-10  5.737E-14  4.817E-14  1.00E-07
  1.145E+02 8.61320E-19 -7.167E-05  3.672E-10  8.523E-10  5.684E-14  4.786E-14  1.00E-07
  1.150E+02 8.53272E-19 -7.168E-05  3.629E-10  8.495E-10  5.631E-14  4.755E-14  1.00E-07
  1.155E+02 8.45371E-19 -7.167E-05  3.586E-10  8.466E-10  5.579E-14  4.724E-14  1.00E-07
  1.160E+02 8.37616E-19 -7.165E-05  3.543E-10  8.438E-10  5.527E-14  4.693E-14  1.00E-07
  1.165E+02 8.30002E-19 -7.162E-05  3.502E-10  8.411E-10  5.474E-14  4.661E-14  1.00E-07
  1.170E+02 8.22527E-19 -7.158E-05  3.460E-10  8.383E-10  5.423E-14  4.629E-14  1.00E-07
  1.175E+02 8.15188E-19 -7.153E-05  3.420E-10  8.356E-10  5.371E-14  4.598E-14  1.00E-07
  1.180E+02 8.07982E-19 -7.148E-05  3.380E-10  8.329E-10  5.320E-14  4.566E-14  1.00E-07
  1.185E+02 8.00908E-19 -7.141E-05  3.341E-10  8.302E-10  5.268E-14  4.533E-14  1.00E-07
  1.190E+02 7.93961E-19 -7.133E-05  3.302E-10  8.276E-10  5.218E-14  4.501E-14  1.00E-07
  1.195E+02 7.87140E-19 -7.124E-05  3.264E-10  8.250E-10  5.167E-14  4.469E-14  1.00E-07
  1.200E+02 7.80442E-19 -7.114E-05  3.227E-10  8.224E-10  5.116E-14  4.436E-14  1.00E-07
  1.205E+02 7.73865E-19 -7.104E-05  3.190E-10  8.198E-10  5.066E-14  4.404E-14  1.00E-07
  1.210E+02 7.67407E-19 -7.092E-05  3.153E-10  8.173E-10  5.016E-14  4.371E-14  1.00E-07
  1.215E+02 7.61064E-19 -7.079E-05  3.117E-10  8.148E-10  4.966E-14  4.338E-14  1.00E-07
  1.220E+02 7.54836E-19 -7.065E-05  3.082E-10  8.123E-10  4.916E-14  4.305E-14  1.00E-07
  1.225E+02 7.48719E-19 -7.050E-05  3.047E-10  8.098E-10  4.866E-14  4.271E-14  1.00E-07
  1.230E+02 7.42712E-19 -7.034E-05  3.013E-10  8.074E-10  4.817E-14  4.238E-14  1.00E-07
  1.235E+02 7.36812E-19 -7.017E-05  2.980E-10  8.050E-10  4.768E-14  4.205E-14  1.00E-07
  1.240E+02 7.31018E-19 -6.999E-05  2.946E-10  8.026E-10  4.719E-14  4.171E-14  1.00E-07
  1.245E+02 7.25327E-19 -6.981E-05  2.914E-10  8.003E-10  4.670E-14  4.137E-14  1.00E-07
  1.250E+02 7.19738E-19 -6.961E-05  2.882E-10  7.979E-10  4.621E-14  4.104E-14  1.00E-07
  1.255E+02 7.14249E-19 -6.940E-05  2.850E-10  7.956E-10  4.573E-14  4.070E-14  1.00E-07
  1.260E+02 7.08857E-19 -6.918E-05  2.819E-10  7.933E-10  4.525E-14  4.036E-14  1.00E-07
  1.265E+02 7.03562E-19 -6.895E-05  2.788E-10  7.911E-10  4.476E-14  4.002E-14  1.00E-07
  1.270E+02 6.98361E-19 -6.871E-05  2.758E-10  7.889E-10  4.429E-14  3.967E-14  1.00E-07
  1.275E+02 6.93253E-19 -6.846E-05  2.728E-10  7.866E-10  4.381E-14  3.933E-14  1.00E-07
  1.280E+02 6.88236E-19 -6.820E-05  2.699E-10  7.845E-10  4.333E-14  3.899E-14  1.00E-07
  1.285E+02 6.83309E-19 -6.793E-05  2.670E-10  7.823E-10  4.286E-14  3.864E-14  1.00E-07
  1.290E+02 6.78469E-19 -6.766E-05  2.642E-10  7.802E-10  4.239E-14  3.829E-14  1.00E-07
  1.295E+02 6.73715E-19 -6.737E-05  2.614E-10  7.781E-10  4.192E-14  3.795E-14  1.00E-07
  1.300E+02 6.69046E-19 -6.707E-05  2.587E-10  7.760E-10  4.145E-14  3.760E-14  1.00E-07
  1.305E+02 6.64461E-19 -6.676E-05  2.560E-10  7.739E-10  4.098E-14  3.725E-14  1.00E-07
  1.310E+02 6.59957E-19 -6.644E-05  2.533E-10  7.719E-10  4.051E-14  3.690E-14  1.00E-07
  1.315E+02 6.55534E-19 -6.612E-05  2.507E-10  7.699E-10  4.005E-14  3.655E-14  1.00E-07
  1.320E+02 6.51190E-19 -6.578E-05  2.481E-10  7.679E-10  3.959E-14  3.620E-14  1.00E-07
  1.325E+02 6.46924E-19 -6.543E-05  2.456E-10  7.659E-10  3.913E-14  3.584E-14  1.00E-07
  1.330E+02 6.42734E-19 -6.508E-05  2.431E-10  7.640E-10  3.867E-14  3.549E-14  1.00E-07
  1.335E+02 6.38620E-19 -6.471E-05  2.407E-10  7.620E-10  3.821E-14  3.513E-14  1.00E-07
  1.340E+02 6.34579E-19 -6.434E-05  2.382E-10  7.601E-10  3.775E-14  3.478E-14  1.00E-07
  1.345E+02 6.30612E-19 -6.395E-05  2.359E-10  7.583E-10  3.730E-14  3.442E-14  1.00E-07
  1.350E+02 6.26715E-19 -6.356E-05  2.335E-10  7.564E-10  3.685E-14  3.407E-14  1.00E-07
  1.355E+02 6.22890E-19 -6.315E-05  2.312E-10  7.546E-10  3.640E-14  3.371E-14  1.00E-07
  1.360E+02 6.19133E-19 -6.274E-05  2.290E-10  7.528E-10  3.595E-14  3.335E-14  1.00E-07
  1.365E+02 6.15445E-19 -6.232E-05  2.268E-10  7.510E-10  3.550E-14  3.299E-14  1.00E-07
  1.370E+02 6.11823E-19 -6.189E-05  2.246E-10  7.493E-10  3.505E-14  3.263E-14  1.00E-07
  1.375E+02 6.08268E-19 -6.145E-05  2.224E-10  7.475E-10  3.460E-14  3.227E-14  1.00E-07
  1.380E+02 6.04778E-19 -6.100E-05  2.203E-10  7.458E-10  3.416E-14  3.191E-14  1.00E-07
  1.385E+02 6.01352E-19 -6.054E-05  2.182E-10  7.441E-10  3.372E-14  3.154E-14  1.00E-07
  1.390E+02 5.97989E-19 -6.008E-05  2.162E-10  7.425E-10  3.327E-14  3.118E-14  1.00E-07
  1.395E+02 5.94688E-19 -5.960E-05  2.142E-10  7.408E-10  3.283E-14  3.082E-14  1.00E-07
  1.400E+02 5.91448E-19 -5.912E-05  2.122E-10  7.392E-10  3.239E-14  3.045E-14  1.00E-07
  1.405E+02 5.88268E-19 -5.862E-05  2.103E-10  7.376E-10  3.196E-14  3.009E-14  1.00E-07
  1.410E+02 5.85148E-19 -5.812E-05  2.084E-10  7.360E-10  3.152E-14  2.972E-14  1.00E-07
  1.415E+02 5.82087E-19 -5.761E-05  2.065E-10  7.345E-10  3.108E-14  2.935E-14  1.00E-07
  1.420E+02 5.79082E-19 -5.709E-05  2.047E-10  7.329E-10  3.065E-14  2.899E-14  1.00E-07
  1.425E+02 5.76135E-19 -5.656E-05  2.029E-10  7.314E-10  3.022E-14  2.862E-14  1.00E-07
  1.430E+02 5.73244E-19 -5.603E-05  2.011E-10  7.299E-10  2.978E-14  2.825E-14  1.00E-07
  1.435E+02 5.70408E-19 -5.548E-05  1.994E-10  7.285E-10  2.935E-14  2.788E-14  1.00E-07
  1.440E+02 5.67626E-19 -5.493E-05  1.976E-10  7.270E-10  2.892E-14  2.751E-14  1.00E-07
  1.445E+02 5.64898E-19 -5.437E-05  1.960E-10  7.256E-10  2.850E-14  2.714E-14  1.00E-07
  1.450E+02 5.62223E-19 -5.380E-05  1.943E-10  7.242E-10  2.807E-14  2.677E-14  1.00E-07
  1.455E+02 5.59601E-19 -5.323E-05  1.927E-10  7.228E-10  2.764E-14  2.640E-14  1.00E-07
  1.460E+02 5.57030E-19 -5.264E-05  1.911E-10  7.215E-10  2.722E-14  2.603E-14  1.00E-07
  1.465E+02 5.54509E-19 -5.205E-05  1.895E-10  7.201E-10  2.679E-14  2.566E-14  1.00E-07
  1.470E+02 5.52039E-19 -5.145E-05  1.880E-10  7.188E-10  2.637E-14  2.529E-14  1.00E-07
  1.475E+02 5.49619E-19 -5.084E-05  1.865E-10  7.175E-10  2.595E-14  2.491E-14  1.00E-07
  1.480E+02 5.47247E-19 -5.023E-05  1.850E-10  7.162E-10  2.553E-14  2.454E-14  1.00E-07
  1.485E+02 5.44924E-19 -4.961E-05  1.836E-10  7.150E-10  2.511E-14  2.416E-14  1.00E-07
  1.490E+02 5.42648E-19 -4.898E-05  1.822E-10  7.138E-10  2.469E-14  2.379E-14  1.00E-07
  1.495E+02 5.40420E-19 -4.834E-05  1.808E-10  7.126E-10  2.427E-14  2.342E-14  1.00E-07
  1.500E+02 5.38238E-19 -4.770E-05  1.794E-10  7.114E-10  2.386E-14  2.304E-14  1.00E-07
  1.505E+02 5.36102E-19 -4.705E-05  1.781E-10  7.102E-10  2.344E-14  2.266E-14  1.00E-07
  1.510E+02 5.34011E-19 -4.639E-05  1.768E-10  7.091E-10  2.302E-14  2.229E-14  1.00E-07
  1.515E+02 5.31965E-19 -4.572E-05  1.755E-10  7.079E-10  2.261E-14  2.191E-14  1.00E-07
  1.520E+02 5.29964E-19 -4.505E-05  1.743E-10  7.068E-10  2.220E-14  2.153E-14  1.00E-07
  1.525E+02 5.28007E-19 -4.437E-05  1.730E-10  7.057E-10  2.179E-14  2.116E-14  1.00E-07
  1.530E+02 5.26092E-19 -4.369E-05  1.718E-10  7.047E-10  2.137E-14  2.078E-14  1.00E-07
  1.535E+02 5.24221E-19 -4.299E-05  1.707E-10  7.036E-10  2.096E-14  2.040E-14  1.00E-07
  1.540E+02 5.22393E-19 -4.230E-05  1.695E-10  7.026E-10  2.055E-14  2.002E-14  1.00E-07
  1.545E+02 5.20606E-19 -4.159E-05  1.684E-10  7.016E-10  2.015E-14  1.964E-14  1.00E-07
  1.550E+02 5.18861E-19 -4.088E-05  1.673E-10  7.006E-10  1.974E-14  1.926E-14  1.00E-07
  1.555E+02 5.17156E-19 -4.017E-05  1.662E-10  6.997E-10  1.933E-14  1.888E-14  1.00E-07
  1.560E+02 5.15493E-19 -3.944E-05  1.652E-10  6.987E-10  1.892E-14  1.850E-14  1.00E-07
  1.565E+02 5.13870E-19 -3.871E-05  1.642E-10  6.978E-10  1.852E-14  1.812E-14  1.00E-07
  1.570E+02 5.12286E-19 -3.798E-05  1.632E-10  6.969E-10  1.811E-14  1.774E-14  1.00E-07
  1.575E+02 5.10743E-19 -3.724E-05  1.622E-10  6.960E-10  1.771E-14  1.736E-14  1.00E-07
  1.580E+02 5.09238E-19 -3.649E-05  1.612E-10  6.952E-10  1.730E-14  1.698E-14  1.00E-07
  1.585E+02 5.07772E-19 -3.574E-05  1.603E-10  6.943E-10  1.690E-14  1.660E-14  1.00E-07
  1.590E+02 5.06344E-19 -3.499E-05  1.594E-10  6.935E-10  1.650E-14  1.621E-14  1.00E-07
  1.595E+02 5.04955E-19 -3.423E-05  1.585E-10  6.927E-10  1.610E-14  1.583E-14  1.00E-07
  1.600E+02 5.03603E-19 -3.346E-05  1.577E-10  6.919E-10  1.570E-14  1.545E-14  1.00E-07
  1.605E+02 5.02289E-19 -3.269E-05  1.568E-10  6.912E-10  1.530E-14  1.507E-14  1.00E-07
  1.610E+02 5.01011E-19 -3.191E-05  1.560E-10  6.904E-10  1.490E-14  1.468E-14  1.00E-07
  1.615E+02 4.99771E-19 -3.113E-05  1.552E-10  6.897E-10  1.450E-14  1.430E-14  1.00E-07
  1.620E+02 4.98567E-19 -3.035E-05  1.545E-10  6.890E-10  1.410E-14  1.392E-14  1.00E-07
  1.625E+02 4.97399E-19 -2.956E-05  1.537E-10  6.883E-10  1.370E-14  1.353E-14  1.00E-07
  1.630E+02 4.96267E-19 -2.876E-05  1.530E-10  6.876E-10  1.330E-14  1.315E-14  1.00E-07
  1.635E+02 4.95171E-19 -2.796E-05  1.523E-10  6.870E-10  1.291E-14  1.276E-14  1.00E-07
  1.640E+02 4.94110E-19 -2.716E-05  1.516E-10  6.864E-10  1.251E-14  1.238E-14  1.00E-07
  1.645E+02 4.93084E-19 -2.635E-05  1.510E-10  6.858E-10  1.211E-14  1.199E-14  1.00E-07
  1.650E+02 4.92093E-19 -2.554E-05  1.504E-10  6.852E-10  1.172E-14  1.161E-14  1.00E-07
  1.655E+02 4.91137E-19 -2.473E-05  1.497E-10  6.846E-10  1.132E-14  1.122E-14  1.00E-07
  1.660E+02 4.90215E-19 -2.391E-05  1.492E-10  6.841E-10  1.093E-14  1.084E-14  1.00E-07
  1.665E+02 4.89327E-19 -2.309E-05  1.486E-10  6.836E-10  1.054E-14  1.045E-14  1.00E-07
  1.670E+02 4.88474E-19 -2.226E-05  1.480E-10  6.830E-10  1.014E-14  1.007E-14  1.00E-07
  1.675E+02 4.87654E-19 -2.143E-05  1.475E-10  6.826E-10  9.748E-15  9.682E-15  1.00E-07
  1.680E+02 4.86868E-19 -2.060E-05  1.470E-10  6.821E-10  9.355E-15  9.296E-15  1.00E-07
  1.685E+02 4.86116E-19 -1.976E-05  1.465E-10  6.816E-10  8.963E-15  8.910E-15  1.00E-07
  1.690E+02 4.85396E-19 -1.893E-05  1.461E-10  6.812E-10  8.570E-15  8.523E-15  1.00E-07
  1.695E+02 4.84710E-19 -1.808E-05  1.456E-10  6.808E-10  8.179E-15  8.137E-15  1.00E-07
  1.700E+02 4.84057E-19 -1.724E-05  1.452E-10  6.804E-10  7.787E-15  7.750E-15  1.00E-07
  1.705E+02 4.83436E-19 -1.640E-05  1.448E-10  6.800E-10  7.396E-15  7.363E-15  1.00E-07
  1.710E+02 4.82849E-19 -1.555E-05  1.445E-10  6.797E-10  7.005E-15  6.977E-15  1.00E-07
  1.715E+02 4.82293E-19 -1.470E-05  1.441E-10  6.794E-10  6.614E-15  6.590E-15  1.00E-07
  1.720E+02 4.81770E-19 -1.384E-05  1.438E-10  6.790E-10  6.224E-15  6.203E-15  1.00E-07
  1.725E+02 4.81280E-19 -1.299E-05  1.435E-10  6.787E-10  5.834E-15  5.815E-15  1.00E-07
  1.730E+02 4.80821E-19 -1.213E-05  1.432E-10  6.785E-10  5.444E-15  5.428E-15  1.00E-07
  1.735E+02 4.80395E-19 -1.127E-05  1.429E-10  6.782E-10  5.054E-15  5.041E-15  1.00E-07
  1.740E+02 4.80001E-19 -1.041E-05  1.426E-10  6.780E-10  4.664E-15  4.653E-15  1.00E-07
  1.745E+02 4.79638E-19 -9.549E-06  1.424E-10  6.778E-10  4.275E-15  4.266E-15  1.00E-07
  1.750E+02 4.79308E-19 -8.685E-06  1.422E-10  6.776E-10  3.886E-15  3.878E-15  1.00E-07
  1.755E+02 4.79009E-19 -7.821E-06  1.420E-10  6.774E-10  3.497E-15  3.491E-15  1.00E-07
  1.760E+02 4.78741E-19 -6.955E-06  1.418E-10  6.772E-10  3.108E-15  3.103E-15  1.00E-07
  1.765E+02 4.78506E-19 -6.087E-06  1.417E-10  6.771E-10  2.719E-15  2.715E-15  1.00E-07
  1.770E+02 4.78301E-19 -5.220E-06  1.415E-10  6.770E-10  2.331E-15  2.327E-15  1.00E-07
  1.775E+02 4.78129E-19 -4.351E-06  1.414E-10  6.768E-10  1.942E-15  1.940E-15  1.00E-07
  1.780E+02 4.77987E-19 -3.481E-06  1.413E-10  6.768E-10  1.553E-15  1.552E-15  1.00E-07
  1.785E+02 4.77878E-19 -2.612E-06  1.413E-10  6.767E-10  1.165E-15  1.164E-15  1.00E-07
  1.790E+02 4.77799E-19 -1.741E-06  1.412E-10  6.766E-10  7.767E-16  7.758E-16  1.00E-07
  1.795E+02 4.77752E-19 -8.707E-07  1.412E-10  6.766E-10  3.883E-16  3.879E-16  1.00E-07
  1.800E+02 4.77736E-19 -1.222E-20  1.412E-10  6.766E-10  5.450E-30  5.444E-30  1.00E-07

  TOTAL ELASTIC CROSS SECTION = 5.700904E-17 cm**2
               FROM DCS TABLE = 5.700797E-17  (REL. DIF. = 1.87E-05)

  1ST TRANSPORT CROSS SECTION = 2.024987E-17 cm**2
               FROM DCS TABLE = 2.024968E-17  (REL. DIF. = 9.20E-06)

  2ND TRANSPORT CROSS SECTION = 3.514247E-17 cm**2

  **** DPWA0 ENDED ************************************************************

