

  **** PARTIAL WAVE ANALYSIS (DPWA0) ******************************************


  KINETIC ENERGY = 1.44000E+02 eV

      L       PHASE(SPIN UP)     PHASE(SPIN DOWN)
  -----------------------------------------------
       0      1.59041770E-01      0.00000000E+00
       1     -1.41312859E+00     -1.41115274E+00
       2      7.34180669E-01      7.34518419E-01
       3      3.05995657E-01      3.06092809E-01
       4      1.33431209E-01      1.33467180E-01
       5      6.05580064E-02      6.05730102E-02
       6      2.82745206E-02      2.82811828E-02
       7      1.34712281E-02      1.34742980E-02
       8      6.51534466E-03      6.51679408E-03
       9      3.18763501E-03      3.18833126E-03
      10      1.57372706E-03      1.57406588E-03
      11      7.82573666E-04      7.82740220E-04
      12      3.91421642E-04      3.91504173E-04
      13      1.96701143E-04      1.96742304E-04
      14      9.92263561E-05      9.92469922E-05
      15      5.02106886E-05      5.02210784E-05
      16      2.54720995E-05      2.54773486E-05
      17      1.29488432E-05      1.29515026E-05
      18      6.59373671E-06      6.59508717E-06
      19      3.36228423E-06      3.36297130E-06
      20      1.71645454E-06      1.71680463E-06
      21      8.77078212E-07      8.77256828E-07
      22      4.48519940E-07      4.48611161E-07
      23      2.29511826E-07      2.29558456E-07
      24      1.17506365E-07      1.17530216E-07
      25      6.01882957E-08      6.02005060E-08
      26      3.08407397E-08      3.08469913E-08
      27      1.58079032E-08      1.58111041E-08
      28      8.10474117E-09      8.10638745E-09
      29      4.15621385E-09      4.15705373E-09
      30      2.13172175E-09      2.13215633E-09
      31      1.09354653E-09      1.09376696E-09
      32      5.61060373E-10      5.61173908E-10
      33      2.87879311E-10      2.87937532E-10


  *** SCATTERING AMPLITUDES AND DIFFERENTIAL CROSS SECTION ***

    ANGLE      DCS       ASYMMETRY    DIRECT AMPLITUDE       SPIN-FLIP AMPLITUDE     ERROR
    (deg)   (cm**2/sr)                      (cm)                    (cm)
  -------------------------------------------------------------------------------------------
  0.000E+00 2.20858E-16  0.000E+00  1.114E-08  9.832E-09  0.000E+00  0.000E+00  1.00E-07
  1.000E-04 2.20858E-16  3.404E-10  1.114E-08  9.832E-09 -1.057E-18  2.440E-18  1.00E-07
  1.250E-04 2.20858E-16  4.255E-10  1.114E-08  9.832E-09 -1.322E-18  3.050E-18  1.00E-07
  1.500E-04 2.20858E-16  5.106E-10  1.114E-08  9.832E-09 -1.586E-18  3.661E-18  1.00E-07
  1.750E-04 2.20858E-16  5.957E-10  1.114E-08  9.832E-09 -1.850E-18  4.271E-18  1.00E-07
  2.000E-04 2.20858E-16  6.808E-10  1.114E-08  9.832E-09 -2.115E-18  4.881E-18  1.00E-07
  2.250E-04 2.20858E-16  7.659E-10  1.114E-08  9.832E-09 -2.379E-18  5.491E-18  1.00E-07
  2.500E-04 2.20858E-16  8.510E-10  1.114E-08  9.832E-09 -2.643E-18  6.101E-18  1.00E-07
  2.750E-04 2.20858E-16  9.362E-10  1.114E-08  9.832E-09 -2.908E-18  6.711E-18  1.00E-07
  3.000E-04 2.20858E-16  1.021E-09  1.114E-08  9.832E-09 -3.172E-18  7.321E-18  1.00E-07
  3.250E-04 2.20858E-16  1.106E-09  1.114E-08  9.832E-09 -3.436E-18  7.931E-18  1.00E-07
  3.500E-04 2.20858E-16  1.191E-09  1.114E-08  9.832E-09 -3.701E-18  8.541E-18  1.00E-07
  3.750E-04 2.20858E-16  1.277E-09  1.114E-08  9.832E-09 -3.965E-18  9.151E-18  1.00E-07
  4.000E-04 2.20858E-16  1.362E-09  1.114E-08  9.832E-09 -4.229E-18  9.761E-18  1.00E-07
  4.250E-04 2.20858E-16  1.447E-09  1.114E-08  9.832E-09 -4.494E-18  1.037E-17  1.00E-07
  4.500E-04 2.20858E-16  1.532E-09  1.114E-08  9.832E-09 -4.758E-18  1.098E-17  1.00E-07
  4.750E-04 2.20858E-16  1.617E-09  1.114E-08  9.832E-09 -5.022E-18  1.159E-17  1.00E-07
  5.000E-04 2.20858E-16  1.702E-09  1.114E-08  9.832E-09 -5.287E-18  1.220E-17  1.00E-07
  5.250E-04 2.20858E-16  1.787E-09  1.114E-08  9.832E-09 -5.551E-18  1.281E-17  1.00E-07
  5.500E-04 2.20858E-16  1.872E-09  1.114E-08  9.832E-09 -5.816E-18  1.342E-17  1.00E-07
  5.750E-04 2.20858E-16  1.957E-09  1.114E-08  9.832E-09 -6.080E-18  1.403E-17  1.00E-07
  6.000E-04 2.20858E-16  2.043E-09  1.114E-08  9.832E-09 -6.344E-18  1.464E-17  1.00E-07
  6.250E-04 2.20858E-16  2.128E-09  1.114E-08  9.832E-09 -6.609E-18  1.525E-17  1.00E-07
  6.500E-04 2.20858E-16  2.213E-09  1.114E-08  9.832E-09 -6.873E-18  1.586E-17  1.00E-07
  6.750E-04 2.20858E-16  2.298E-09  1.114E-08  9.832E-09 -7.137E-18  1.647E-17  1.00E-07
  7.000E-04 2.20858E-16  2.383E-09  1.114E-08  9.832E-09 -7.402E-18  1.708E-17  1.00E-07
  7.250E-04 2.20858E-16  2.468E-09  1.114E-08  9.832E-09 -7.666E-18  1.769E-17  1.00E-07
  7.500E-04 2.20858E-16  2.553E-09  1.114E-08  9.832E-09 -7.930E-18  1.830E-17  1.00E-07
  7.750E-04 2.20858E-16  2.638E-09  1.114E-08  9.832E-09 -8.195E-18  1.891E-17  1.00E-07
  8.000E-04 2.20858E-16  2.723E-09  1.114E-08  9.832E-09 -8.459E-18  1.952E-17  1.00E-07
  8.250E-04 2.20858E-16  2.808E-09  1.114E-08  9.832E-09 -8.723E-18  2.013E-17  1.00E-07
  8.500E-04 2.20858E-16  2.894E-09  1.114E-08  9.832E-09 -8.988E-18  2.074E-17  1.00E-07
  8.750E-04 2.20858E-16  2.979E-09  1.114E-08  9.832E-09 -9.252E-18  2.135E-17  1.00E-07
  9.000E-04 2.20858E-16  3.064E-09  1.114E-08  9.832E-09 -9.516E-18  2.196E-17  1.00E-07
  9.250E-04 2.20858E-16  3.149E-09  1.114E-08  9.832E-09 -9.781E-18  2.257E-17  1.00E-07
  9.500E-04 2.20858E-16  3.234E-09  1.114E-08  9.832E-09 -1.004E-17  2.318E-17  1.00E-07
  9.750E-04 2.20858E-16  3.319E-09  1.114E-08  9.832E-09 -1.031E-17  2.379E-17  1.00E-07
  1.000E-03 2.20858E-16  3.404E-09  1.114E-08  9.832E-09 -1.057E-17  2.440E-17  1.00E-07
  1.250E-03 2.20858E-16  4.255E-09  1.114E-08  9.832E-09 -1.322E-17  3.050E-17  1.00E-07
  1.500E-03 2.20858E-16  5.106E-09  1.114E-08  9.832E-09 -1.586E-17  3.661E-17  1.00E-07
  1.750E-03 2.20858E-16  5.957E-09  1.114E-08  9.832E-09 -1.850E-17  4.271E-17  1.00E-07
  2.000E-03 2.20858E-16  6.808E-09  1.114E-08  9.832E-09 -2.115E-17  4.881E-17  1.00E-07
  2.250E-03 2.20858E-16  7.659E-09  1.114E-08  9.832E-09 -2.379E-17  5.491E-17  1.00E-07
  2.500E-03 2.20858E-16  8.510E-09  1.114E-08  9.832E-09 -2.643E-17  6.101E-17  1.00E-07
  2.750E-03 2.20858E-16  9.362E-09  1.114E-08  9.832E-09 -2.908E-17  6.711E-17  1.00E-07
  3.000E-03 2.20858E-16  1.021E-08  1.114E-08  9.832E-09 -3.172E-17  7.321E-17  1.00E-07
  3.250E-03 2.20858E-16  1.106E-08  1.114E-08  9.832E-09 -3.436E-17  7.931E-17  1.00E-07
  3.500E-03 2.20858E-16  1.191E-08  1.114E-08  9.832E-09 -3.701E-17  8.541E-17  1.00E-07
  3.750E-03 2.20858E-16  1.277E-08  1.114E-08  9.832E-09 -3.965E-17  9.151E-17  1.00E-07
  4.000E-03 2.20858E-16  1.362E-08  1.114E-08  9.832E-09 -4.229E-17  9.761E-17  1.00E-07
  4.250E-03 2.20858E-16  1.447E-08  1.114E-08  9.832E-09 -4.494E-17  1.037E-16  1.00E-07
  4.500E-03 2.20858E-16  1.532E-08  1.114E-08  9.832E-09 -4.758E-17  1.098E-16  1.00E-07
  4.750E-03 2.20858E-16  1.617E-08  1.114E-08  9.832E-09 -5.023E-17  1.159E-16  1.00E-07
  5.000E-03 2.20858E-16  1.702E-08  1.114E-08  9.832E-09 -5.287E-17  1.220E-16  1.00E-07
  5.250E-03 2.20858E-16  1.787E-08  1.114E-08  9.832E-09 -5.551E-17  1.281E-16  1.00E-07
  5.500E-03 2.20858E-16  1.872E-08  1.114E-08  9.832E-09 -5.816E-17  1.342E-16  1.00E-07
  5.750E-03 2.20858E-16  1.957E-08  1.114E-08  9.832E-09 -6.080E-17  1.403E-16  1.00E-07
  6.000E-03 2.20858E-16  2.043E-08  1.114E-08  9.832E-09 -6.344E-17  1.464E-16  1.00E-07
  6.250E-03 2.20858E-16  2.128E-08  1.114E-08  9.832E-09 -6.609E-17  1.525E-16  1.00E-07
  6.500E-03 2.20858E-16  2.213E-08  1.114E-08  9.832E-09 -6.873E-17  1.586E-16  1.00E-07
  6.750E-03 2.20858E-16  2.298E-08  1.114E-08  9.832E-09 -7.137E-17  1.647E-16  1.00E-07
  7.000E-03 2.20858E-16  2.383E-08  1.114E-08  9.832E-09 -7.402E-17  1.708E-16  1.00E-07
  7.250E-03 2.20858E-16  2.468E-08  1.114E-08  9.832E-09 -7.666E-17  1.769E-16  1.00E-07
  7.500E-03 2.20858E-16  2.553E-08  1.114E-08  9.832E-09 -7.930E-17  1.830E-16  1.00E-07
  7.750E-03 2.20858E-16  2.638E-08  1.114E-08  9.832E-09 -8.195E-17  1.891E-16  1.00E-07
  8.000E-03 2.20858E-16  2.723E-08  1.114E-08  9.832E-09 -8.459E-17  1.952E-16  1.00E-07
  8.250E-03 2.20858E-16  2.808E-08  1.114E-08  9.832E-09 -8.723E-17  2.013E-16  1.00E-07
  8.500E-03 2.20858E-16  2.894E-08  1.114E-08  9.832E-09 -8.988E-17  2.074E-16  1.00E-07
  8.750E-03 2.20858E-16  2.979E-08  1.114E-08  9.832E-09 -9.252E-17  2.135E-16  1.00E-07
  9.000E-03 2.20858E-16  3.064E-08  1.114E-08  9.832E-09 -9.516E-17  2.196E-16  1.00E-07
  9.250E-03 2.20858E-16  3.149E-08  1.114E-08  9.832E-09 -9.781E-17  2.257E-16  1.00E-07
  9.500E-03 2.20858E-16  3.234E-08  1.114E-08  9.832E-09 -1.005E-16  2.318E-16  1.00E-07
  9.750E-03 2.20858E-16  3.319E-08  1.114E-08  9.832E-09 -1.031E-16  2.379E-16  1.00E-07
  1.000E-02 2.20858E-16  3.404E-08  1.114E-08  9.832E-09 -1.057E-16  2.440E-16  1.00E-07
  1.250E-02 2.20858E-16  4.255E-08  1.114E-08  9.832E-09 -1.322E-16  3.050E-16  1.00E-07
  1.500E-02 2.20858E-16  5.106E-08  1.114E-08  9.832E-09 -1.586E-16  3.661E-16  1.00E-07
  1.750E-02 2.20858E-16  5.957E-08  1.114E-08  9.832E-09 -1.850E-16  4.271E-16  1.00E-07
  2.000E-02 2.20858E-16  6.808E-08  1.114E-08  9.832E-09 -2.115E-16  4.881E-16  1.00E-07
  2.250E-02 2.20858E-16  7.659E-08  1.114E-08  9.832E-09 -2.379E-16  5.491E-16  1.00E-07
  2.500E-02 2.20858E-16  8.510E-08  1.114E-08  9.832E-09 -2.643E-16  6.101E-16  1.00E-07
  2.750E-02 2.20857E-16  9.362E-08  1.114E-08  9.832E-09 -2.908E-16  6.711E-16  1.00E-07
  3.000E-02 2.20857E-16  1.021E-07  1.114E-08  9.832E-09 -3.172E-16  7.321E-16  1.00E-07
  3.250E-02 2.20857E-16  1.106E-07  1.114E-08  9.832E-09 -3.436E-16  7.931E-16  1.00E-07
  3.500E-02 2.20857E-16  1.191E-07  1.114E-08  9.832E-09 -3.701E-16  8.541E-16  1.00E-07
  3.750E-02 2.20857E-16  1.277E-07  1.114E-08  9.832E-09 -3.965E-16  9.151E-16  1.00E-07
  4.000E-02 2.20857E-16  1.362E-07  1.114E-08  9.832E-09 -4.230E-16  9.761E-16  1.00E-07
  4.250E-02 2.20857E-16  1.447E-07  1.114E-08  9.832E-09 -4.494E-16  1.037E-15  1.00E-07
  4.500E-02 2.20857E-16  1.532E-07  1.114E-08  9.832E-09 -4.758E-16  1.098E-15  1.00E-07
  4.750E-02 2.20857E-16  1.617E-07  1.114E-08  9.832E-09 -5.023E-16  1.159E-15  1.00E-07
  5.000E-02 2.20857E-16  1.702E-07  1.114E-08  9.832E-09 -5.287E-16  1.220E-15  1.00E-07
  5.250E-02 2.20857E-16  1.787E-07  1.114E-08  9.832E-09 -5.551E-16  1.281E-15  1.00E-07
  5.500E-02 2.20856E-16  1.872E-07  1.114E-08  9.832E-09 -5.816E-16  1.342E-15  1.00E-07
  5.750E-02 2.20856E-16  1.957E-07  1.114E-08  9.832E-09 -6.080E-16  1.403E-15  1.00E-07
  6.000E-02 2.20856E-16  2.043E-07  1.114E-08  9.832E-09 -6.344E-16  1.464E-15  1.00E-07
  6.250E-02 2.20856E-16  2.128E-07  1.114E-08  9.832E-09 -6.609E-16  1.525E-15  1.00E-07
  6.500E-02 2.20856E-16  2.213E-07  1.114E-08  9.832E-09 -6.873E-16  1.586E-15  1.00E-07
  6.750E-02 2.20856E-16  2.298E-07  1.114E-08  9.832E-09 -7.137E-16  1.647E-15  1.00E-07
  7.000E-02 2.20856E-16  2.383E-07  1.114E-08  9.832E-09 -7.402E-16  1.708E-15  1.00E-07
  7.250E-02 2.20855E-16  2.468E-07  1.114E-08  9.832E-09 -7.666E-16  1.769E-15  1.00E-07
  7.500E-02 2.20855E-16  2.553E-07  1.114E-08  9.832E-09 -7.930E-16  1.830E-15  1.00E-07
  7.750E-02 2.20855E-16  2.638E-07  1.114E-08  9.832E-09 -8.195E-16  1.891E-15  1.00E-07
  8.000E-02 2.20855E-16  2.723E-07  1.114E-08  9.832E-09 -8.459E-16  1.952E-15  1.00E-07
  8.250E-02 2.20855E-16  2.808E-07  1.114E-08  9.832E-09 -8.724E-16  2.013E-15  1.00E-07
  8.500E-02 2.20855E-16  2.894E-07  1.114E-08  9.832E-09 -8.988E-16  2.074E-15  1.00E-07
  8.750E-02 2.20854E-16  2.979E-07  1.114E-08  9.832E-09 -9.252E-16  2.135E-15  1.00E-07
  9.000E-02 2.20854E-16  3.064E-07  1.114E-08  9.832E-09 -9.517E-16  2.196E-15  1.00E-07
  9.250E-02 2.20854E-16  3.149E-07  1.114E-08  9.832E-09 -9.781E-16  2.257E-15  1.00E-07
  9.500E-02 2.20854E-16  3.234E-07  1.114E-08  9.832E-09 -1.005E-15  2.318E-15  1.00E-07
  9.750E-02 2.20854E-16  3.319E-07  1.114E-08  9.831E-09 -1.031E-15  2.379E-15  1.00E-07
  1.000E-01 2.20853E-16  3.404E-07  1.114E-08  9.831E-09 -1.057E-15  2.440E-15  1.00E-07
  1.250E-01 2.20851E-16  4.255E-07  1.114E-08  9.831E-09 -1.322E-15  3.050E-15  1.00E-07
  1.500E-01 2.20848E-16  5.106E-07  1.114E-08  9.831E-09 -1.586E-15  3.661E-15  1.00E-07
  1.750E-01 2.20844E-16  5.958E-07  1.114E-08  9.831E-09 -1.851E-15  4.271E-15  1.00E-07
  2.000E-01 2.20840E-16  6.809E-07  1.114E-08  9.831E-09 -2.115E-15  4.881E-15  1.00E-07
  2.250E-01 2.20835E-16  7.660E-07  1.114E-08  9.831E-09 -2.380E-15  5.491E-15  1.00E-07
  2.500E-01 2.20830E-16  8.511E-07  1.114E-08  9.831E-09 -2.644E-15  6.101E-15  1.00E-07
  2.750E-01 2.20824E-16  9.363E-07  1.114E-08  9.831E-09 -2.909E-15  6.711E-15  1.00E-07
  3.000E-01 2.20818E-16  1.021E-06  1.114E-08  9.831E-09 -3.173E-15  7.321E-15  1.00E-07
  3.250E-01 2.20811E-16  1.107E-06  1.114E-08  9.831E-09 -3.438E-15  7.931E-15  1.00E-07
  3.500E-01 2.20804E-16  1.192E-06  1.114E-08  9.831E-09 -3.703E-15  8.541E-15  1.00E-07
  3.750E-01 2.20796E-16  1.277E-06  1.114E-08  9.831E-09 -3.967E-15  9.151E-15  1.00E-07
  4.000E-01 2.20787E-16  1.362E-06  1.114E-08  9.831E-09 -4.232E-15  9.761E-15  1.00E-07
  4.250E-01 2.20778E-16  1.447E-06  1.114E-08  9.831E-09 -4.497E-15  1.037E-14  1.00E-07
  4.500E-01 2.20768E-16  1.532E-06  1.114E-08  9.831E-09 -4.762E-15  1.098E-14  1.00E-07
  4.750E-01 2.20758E-16  1.618E-06  1.114E-08  9.831E-09 -5.027E-15  1.159E-14  1.00E-07
  5.000E-01 2.20747E-16  1.703E-06  1.114E-08  9.831E-09 -5.292E-15  1.220E-14  1.00E-07
  5.250E-01 2.20736E-16  1.788E-06  1.114E-08  9.830E-09 -5.557E-15  1.281E-14  1.00E-07
  5.500E-01 2.20724E-16  1.873E-06  1.114E-08  9.830E-09 -5.823E-15  1.342E-14  1.00E-07
  5.750E-01 2.20712E-16  1.958E-06  1.114E-08  9.830E-09 -6.088E-15  1.403E-14  1.00E-07
  6.000E-01 2.20699E-16  2.044E-06  1.114E-08  9.830E-09 -6.354E-15  1.464E-14  1.00E-07
  6.250E-01 2.20685E-16  2.129E-06  1.114E-08  9.830E-09 -6.619E-15  1.525E-14  1.00E-07
  6.500E-01 2.20671E-16  2.214E-06  1.114E-08  9.830E-09 -6.885E-15  1.586E-14  1.00E-07
  6.750E-01 2.20656E-16  2.300E-06  1.114E-08  9.830E-09 -7.151E-15  1.647E-14  1.00E-07
  7.000E-01 2.20641E-16  2.385E-06  1.114E-08  9.830E-09 -7.416E-15  1.708E-14  1.00E-07
  7.250E-01 2.20625E-16  2.470E-06  1.114E-08  9.829E-09 -7.682E-15  1.769E-14  1.00E-07
  7.500E-01 2.20609E-16  2.555E-06  1.114E-08  9.829E-09 -7.949E-15  1.830E-14  1.00E-07
  7.750E-01 2.20592E-16  2.641E-06  1.113E-08  9.829E-09 -8.215E-15  1.891E-14  1.00E-07
  8.000E-01 2.20575E-16  2.726E-06  1.113E-08  9.829E-09 -8.481E-15  1.952E-14  1.00E-07
  8.250E-01 2.20557E-16  2.812E-06  1.113E-08  9.829E-09 -8.748E-15  2.013E-14  1.00E-07
  8.500E-01 2.20538E-16  2.897E-06  1.113E-08  9.829E-09 -9.014E-15  2.074E-14  1.00E-07
  8.750E-01 2.20519E-16  2.982E-06  1.113E-08  9.829E-09 -9.281E-15  2.134E-14  1.00E-07
  9.000E-01 2.20500E-16  3.068E-06  1.113E-08  9.828E-09 -9.548E-15  2.195E-14  1.00E-07
  9.250E-01 2.20480E-16  3.153E-06  1.113E-08  9.828E-09 -9.815E-15  2.256E-14  1.00E-07
  9.500E-01 2.20459E-16  3.239E-06  1.113E-08  9.828E-09 -1.008E-14  2.317E-14  1.00E-07
  9.750E-01 2.20438E-16  3.324E-06  1.113E-08  9.828E-09 -1.035E-14  2.378E-14  1.00E-07
  1.000E+00 2.20416E-16  3.410E-06  1.113E-08  9.828E-09 -1.062E-14  2.439E-14  1.00E-07
  1.100E+00 2.20323E-16  3.752E-06  1.112E-08  9.827E-09 -1.169E-14  2.683E-14  1.00E-07
  1.200E+00 2.20222E-16  4.094E-06  1.112E-08  9.826E-09 -1.276E-14  2.926E-14  1.00E-07
  1.300E+00 2.20112E-16  4.437E-06  1.112E-08  9.825E-09 -1.384E-14  3.170E-14  1.00E-07
  1.400E+00 2.19993E-16  4.781E-06  1.111E-08  9.824E-09 -1.492E-14  3.413E-14  1.00E-07
  1.500E+00 2.19865E-16  5.125E-06  1.111E-08  9.823E-09 -1.601E-14  3.656E-14  1.00E-07
  1.600E+00 2.19729E-16  5.469E-06  1.110E-08  9.821E-09 -1.710E-14  3.900E-14  1.00E-07
  1.700E+00 2.19584E-16  5.814E-06  1.110E-08  9.820E-09 -1.819E-14  4.143E-14  1.00E-07
  1.800E+00 2.19430E-16  6.159E-06  1.109E-08  9.819E-09 -1.929E-14  4.385E-14  1.00E-07
  1.900E+00 2.19268E-16  6.505E-06  1.109E-08  9.817E-09 -2.039E-14  4.628E-14  1.00E-07
  2.000E+00 2.19097E-16  6.852E-06  1.108E-08  9.816E-09 -2.149E-14  4.871E-14  1.00E-07
  2.100E+00 2.18918E-16  7.199E-06  1.107E-08  9.814E-09 -2.261E-14  5.113E-14  1.00E-07
  2.200E+00 2.18730E-16  7.547E-06  1.107E-08  9.812E-09 -2.372E-14  5.356E-14  1.00E-07
  2.300E+00 2.18533E-16  7.896E-06  1.106E-08  9.811E-09 -2.485E-14  5.598E-14  1.00E-07
  2.400E+00 2.18328E-16  8.245E-06  1.105E-08  9.809E-09 -2.597E-14  5.840E-14  1.00E-07
  2.500E+00 2.18115E-16  8.596E-06  1.104E-08  9.807E-09 -2.711E-14  6.082E-14  1.00E-07
  2.600E+00 2.17893E-16  8.947E-06  1.103E-08  9.805E-09 -2.825E-14  6.323E-14  1.00E-07
  2.700E+00 2.17663E-16  9.299E-06  1.103E-08  9.803E-09 -2.940E-14  6.565E-14  1.00E-07
  2.800E+00 2.17424E-16  9.652E-06  1.102E-08  9.800E-09 -3.055E-14  6.806E-14  1.00E-07
  2.900E+00 2.17177E-16  1.001E-05  1.101E-08  9.798E-09 -3.172E-14  7.047E-14  1.00E-07
  3.000E+00 2.16922E-16  1.036E-05  1.100E-08  9.796E-09 -3.289E-14  7.288E-14  1.00E-07
  3.100E+00 2.16658E-16  1.072E-05  1.099E-08  9.794E-09 -3.406E-14  7.528E-14  1.00E-07
  3.200E+00 2.16387E-16  1.107E-05  1.098E-08  9.791E-09 -3.525E-14  7.768E-14  1.00E-07
  3.300E+00 2.16107E-16  1.143E-05  1.097E-08  9.788E-09 -3.644E-14  8.009E-14  1.00E-07
  3.400E+00 2.15819E-16  1.179E-05  1.096E-08  9.786E-09 -3.764E-14  8.248E-14  1.00E-07
  3.500E+00 2.15523E-16  1.215E-05  1.095E-08  9.783E-09 -3.885E-14  8.488E-14  1.00E-07
  3.600E+00 2.15219E-16  1.251E-05  1.093E-08  9.780E-09 -4.007E-14  8.727E-14  1.00E-07
  3.700E+00 2.14906E-16  1.287E-05  1.092E-08  9.777E-09 -4.130E-14  8.966E-14  1.00E-07
  3.800E+00 2.14586E-16  1.324E-05  1.091E-08  9.774E-09 -4.254E-14  9.205E-14  1.00E-07
  3.900E+00 2.14259E-16  1.360E-05  1.090E-08  9.771E-09 -4.379E-14  9.444E-14  1.00E-07
  4.000E+00 2.13923E-16  1.397E-05  1.089E-08  9.768E-09 -4.504E-14  9.682E-14  1.00E-07
  4.100E+00 2.13579E-16  1.433E-05  1.087E-08  9.765E-09 -4.631E-14  9.920E-14  1.00E-07
  4.200E+00 2.13228E-16  1.470E-05  1.086E-08  9.762E-09 -4.759E-14  1.016E-13  1.00E-07
  4.300E+00 2.12869E-16  1.507E-05  1.085E-08  9.758E-09 -4.887E-14  1.039E-13  1.00E-07
  4.400E+00 2.12502E-16  1.545E-05  1.083E-08  9.755E-09 -5.017E-14  1.063E-13  1.00E-07
  4.500E+00 2.12128E-16  1.582E-05  1.082E-08  9.752E-09 -5.148E-14  1.087E-13  1.00E-07
  4.600E+00 2.11746E-16  1.619E-05  1.080E-08  9.748E-09 -5.280E-14  1.111E-13  1.00E-07
  4.700E+00 2.11357E-16  1.657E-05  1.079E-08  9.744E-09 -5.413E-14  1.134E-13  1.00E-07
  4.800E+00 2.10960E-16  1.695E-05  1.077E-08  9.741E-09 -5.548E-14  1.158E-13  1.00E-07
  4.900E+00 2.10556E-16  1.733E-05  1.076E-08  9.737E-09 -5.683E-14  1.181E-13  1.00E-07
  5.000E+00 2.10145E-16  1.771E-05  1.074E-08  9.733E-09 -5.820E-14  1.205E-13  1.00E-07
  5.100E+00 2.09727E-16  1.809E-05  1.073E-08  9.729E-09 -5.958E-14  1.228E-13  1.00E-07
  5.200E+00 2.09301E-16  1.848E-05  1.071E-08  9.725E-09 -6.097E-14  1.252E-13  1.00E-07
  5.300E+00 2.08868E-16  1.886E-05  1.069E-08  9.721E-09 -6.237E-14  1.275E-13  1.00E-07
  5.400E+00 2.08428E-16  1.925E-05  1.068E-08  9.717E-09 -6.379E-14  1.298E-13  1.00E-07
  5.500E+00 2.07981E-16  1.964E-05  1.066E-08  9.712E-09 -6.522E-14  1.322E-13  1.00E-07
  5.600E+00 2.07527E-16  2.003E-05  1.064E-08  9.708E-09 -6.667E-14  1.345E-13  1.00E-07
  5.700E+00 2.07067E-16  2.043E-05  1.063E-08  9.703E-09 -6.812E-14  1.368E-13  1.00E-07
  5.800E+00 2.06599E-16  2.082E-05  1.061E-08  9.699E-09 -6.959E-14  1.391E-13  1.00E-07
  5.900E+00 2.06125E-16  2.122E-05  1.059E-08  9.694E-09 -7.108E-14  1.414E-13  1.00E-07
  6.000E+00 2.05644E-16  2.162E-05  1.057E-08  9.690E-09 -7.258E-14  1.438E-13  1.00E-07
  6.100E+00 2.05157E-16  2.202E-05  1.055E-08  9.685E-09 -7.409E-14  1.461E-13  1.00E-07
  6.200E+00 2.04663E-16  2.242E-05  1.053E-08  9.680E-09 -7.562E-14  1.484E-13  1.00E-07
  6.300E+00 2.04162E-16  2.283E-05  1.051E-08  9.675E-09 -7.716E-14  1.507E-13  1.00E-07
  6.400E+00 2.03655E-16  2.324E-05  1.049E-08  9.670E-09 -7.872E-14  1.529E-13  1.00E-07
  6.500E+00 2.03142E-16  2.365E-05  1.047E-08  9.665E-09 -8.029E-14  1.552E-13  1.00E-07
  6.600E+00 2.02623E-16  2.406E-05  1.045E-08  9.660E-09 -8.188E-14  1.575E-13  1.00E-07
  6.700E+00 2.02097E-16  2.448E-05  1.043E-08  9.655E-09 -8.348E-14  1.598E-13  1.00E-07
  6.800E+00 2.01565E-16  2.489E-05  1.041E-08  9.650E-09 -8.510E-14  1.621E-13  1.00E-07
  6.900E+00 2.01028E-16  2.531E-05  1.039E-08  9.644E-09 -8.673E-14  1.643E-13  1.00E-07
  7.000E+00 2.00484E-16  2.574E-05  1.037E-08  9.639E-09 -8.838E-14  1.666E-13  1.00E-07
  7.100E+00 1.99934E-16  2.616E-05  1.035E-08  9.633E-09 -9.005E-14  1.688E-13  1.00E-07
  7.200E+00 1.99379E-16  2.659E-05  1.033E-08  9.628E-09 -9.173E-14  1.711E-13  1.00E-07
  7.300E+00 1.98818E-16  2.702E-05  1.031E-08  9.622E-09 -9.343E-14  1.733E-13  1.00E-07
  7.400E+00 1.98251E-16  2.745E-05  1.028E-08  9.617E-09 -9.515E-14  1.756E-13  1.00E-07
  7.500E+00 1.97679E-16  2.788E-05  1.026E-08  9.611E-09 -9.688E-14  1.778E-13  1.00E-07
  7.600E+00 1.97101E-16  2.832E-05  1.024E-08  9.605E-09 -9.863E-14  1.801E-13  1.00E-07
  7.700E+00 1.96518E-16  2.876E-05  1.022E-08  9.599E-09 -1.004E-13  1.823E-13  1.00E-07
  7.800E+00 1.95929E-16  2.920E-05  1.019E-08  9.593E-09 -1.022E-13  1.845E-13  1.00E-07
  7.900E+00 1.95335E-16  2.965E-05  1.017E-08  9.587E-09 -1.040E-13  1.867E-13  1.00E-07
  8.000E+00 1.94736E-16  3.010E-05  1.015E-08  9.581E-09 -1.058E-13  1.889E-13  1.00E-07
  8.100E+00 1.94132E-16  3.055E-05  1.012E-08  9.574E-09 -1.076E-13  1.911E-13  1.00E-07
  8.200E+00 1.93522E-16  3.100E-05  1.010E-08  9.568E-09 -1.095E-13  1.933E-13  1.00E-07
  8.300E+00 1.92908E-16  3.146E-05  1.007E-08  9.562E-09 -1.114E-13  1.955E-13  1.00E-07
  8.400E+00 1.92289E-16  3.192E-05  1.005E-08  9.555E-09 -1.133E-13  1.977E-13  1.00E-07
  8.500E+00 1.91665E-16  3.238E-05  1.002E-08  9.549E-09 -1.152E-13  1.999E-13  1.00E-07
  8.600E+00 1.91036E-16  3.285E-05  9.999E-09  9.542E-09 -1.171E-13  2.021E-13  1.00E-07
  8.700E+00 1.90403E-16  3.332E-05  9.974E-09  9.535E-09 -1.190E-13  2.042E-13  1.00E-07
  8.800E+00 1.89765E-16  3.379E-05  9.948E-09  9.529E-09 -1.210E-13  2.064E-13  1.00E-07
  8.900E+00 1.89123E-16  3.427E-05  9.923E-09  9.522E-09 -1.230E-13  2.085E-13  1.00E-07
  9.000E+00 1.88476E-16  3.475E-05  9.897E-09  9.515E-09 -1.250E-13  2.107E-13  1.00E-07
  9.100E+00 1.87825E-16  3.523E-05  9.870E-09  9.508E-09 -1.270E-13  2.128E-13  1.00E-07
  9.200E+00 1.87169E-16  3.571E-05  9.844E-09  9.501E-09 -1.291E-13  2.150E-13  1.00E-07
  9.300E+00 1.86510E-16  3.620E-05  9.817E-09  9.494E-09 -1.311E-13  2.171E-13  1.00E-07
  9.400E+00 1.85846E-16  3.669E-05  9.790E-09  9.487E-09 -1.332E-13  2.192E-13  1.00E-07
  9.500E+00 1.85179E-16  3.719E-05  9.763E-09  9.479E-09 -1.353E-13  2.213E-13  1.00E-07
  9.600E+00 1.84507E-16  3.769E-05  9.736E-09  9.472E-09 -1.374E-13  2.234E-13  1.00E-07
  9.700E+00 1.83832E-16  3.819E-05  9.708E-09  9.465E-09 -1.396E-13  2.255E-13  1.00E-07
  9.800E+00 1.83153E-16  3.870E-05  9.681E-09  9.457E-09 -1.417E-13  2.276E-13  1.00E-07
  9.900E+00 1.82470E-16  3.921E-05  9.653E-09  9.450E-09 -1.439E-13  2.297E-13  1.00E-07
  1.000E+01 1.81783E-16  3.972E-05  9.625E-09  9.442E-09 -1.461E-13  2.318E-13  1.00E-07
  1.025E+01 1.80052E-16  4.102E-05  9.553E-09  9.423E-09 -1.517E-13  2.370E-13  1.00E-07
  1.050E+01 1.78300E-16  4.235E-05  9.481E-09  9.403E-09 -1.574E-13  2.421E-13  1.00E-07
  1.075E+01 1.76529E-16  4.370E-05  9.407E-09  9.383E-09 -1.633E-13  2.472E-13  1.00E-07
  1.100E+01 1.74739E-16  4.507E-05  9.332E-09  9.362E-09 -1.692E-13  2.522E-13  1.00E-07
  1.125E+01 1.72933E-16  4.648E-05  9.257E-09  9.341E-09 -1.754E-13  2.572E-13  1.00E-07
  1.150E+01 1.71111E-16  4.791E-05  9.180E-09  9.319E-09 -1.816E-13  2.621E-13  1.00E-07
  1.175E+01 1.69274E-16  4.936E-05  9.101E-09  9.297E-09 -1.880E-13  2.670E-13  1.00E-07
  1.200E+01 1.67424E-16  5.085E-05  9.022E-09  9.275E-09 -1.945E-13  2.718E-13  1.00E-07
  1.225E+01 1.65562E-16  5.237E-05  8.942E-09  9.252E-09 -2.012E-13  2.766E-13  1.00E-07
  1.250E+01 1.63689E-16  5.391E-05  8.861E-09  9.229E-09 -2.080E-13  2.814E-13  1.00E-07
  1.275E+01 1.61806E-16  5.549E-05  8.779E-09  9.205E-09 -2.149E-13  2.860E-13  1.00E-07
  1.300E+01 1.59915E-16  5.710E-05  8.696E-09  9.181E-09 -2.220E-13  2.907E-13  1.00E-07
  1.325E+01 1.58016E-16  5.874E-05  8.613E-09  9.156E-09 -2.292E-13  2.952E-13  1.00E-07
  1.350E+01 1.56111E-16  6.042E-05  8.528E-09  9.132E-09 -2.365E-13  2.997E-13  1.00E-07
  1.375E+01 1.54201E-16  6.213E-05  8.443E-09  9.106E-09 -2.440E-13  3.042E-13  1.00E-07
  1.400E+01 1.52287E-16  6.388E-05  8.356E-09  9.081E-09 -2.517E-13  3.086E-13  1.00E-07
  1.425E+01 1.50369E-16  6.566E-05  8.270E-09  9.054E-09 -2.594E-13  3.129E-13  1.00E-07
  1.450E+01 1.48450E-16  6.748E-05  8.182E-09  9.028E-09 -2.673E-13  3.172E-13  1.00E-07
  1.475E+01 1.46530E-16  6.934E-05  8.094E-09  9.001E-09 -2.754E-13  3.214E-13  1.00E-07
  1.500E+01 1.44610E-16  7.124E-05  8.005E-09  8.974E-09 -2.836E-13  3.256E-13  1.00E-07
  1.525E+01 1.42691E-16  7.318E-05  7.916E-09  8.946E-09 -2.919E-13  3.297E-13  1.00E-07
  1.550E+01 1.40774E-16  7.516E-05  7.826E-09  8.918E-09 -3.004E-13  3.337E-13  1.00E-07
  1.575E+01 1.38859E-16  7.719E-05  7.735E-09  8.889E-09 -3.090E-13  3.377E-13  1.00E-07
  1.600E+01 1.36949E-16  7.926E-05  7.644E-09  8.861E-09 -3.178E-13  3.416E-13  1.00E-07
  1.625E+01 1.35043E-16  8.137E-05  7.553E-09  8.831E-09 -3.267E-13  3.454E-13  1.00E-07
  1.650E+01 1.33142E-16  8.353E-05  7.461E-09  8.802E-09 -3.357E-13  3.492E-13  1.00E-07
  1.675E+01 1.31248E-16  8.573E-05  7.369E-09  8.772E-09 -3.449E-13  3.529E-13  1.00E-07
  1.700E+01 1.29361E-16  8.798E-05  7.276E-09  8.742E-09 -3.542E-13  3.565E-13  1.00E-07
  1.725E+01 1.27482E-16  9.028E-05  7.183E-09  8.711E-09 -3.637E-13  3.601E-13  1.00E-07
  1.750E+01 1.25612E-16  9.263E-05  7.090E-09  8.680E-09 -3.733E-13  3.636E-13  1.00E-07
  1.775E+01 1.23750E-16  9.504E-05  6.997E-09  8.649E-09 -3.830E-13  3.670E-13  1.00E-07
  1.800E+01 1.21899E-16  9.749E-05  6.903E-09  8.617E-09 -3.929E-13  3.704E-13  1.00E-07
  1.825E+01 1.20059E-16  1.000E-04  6.809E-09  8.585E-09 -4.029E-13  3.737E-13  1.00E-07
  1.850E+01 1.18230E-16  1.026E-04  6.715E-09  8.552E-09 -4.130E-13  3.769E-13  1.00E-07
  1.875E+01 1.16412E-16  1.052E-04  6.620E-09  8.520E-09 -4.232E-13  3.801E-13  1.00E-07
  1.900E+01 1.14608E-16  1.079E-04  6.526E-09  8.487E-09 -4.336E-13  3.831E-13  1.00E-07
  1.925E+01 1.12816E-16  1.106E-04  6.431E-09  8.453E-09 -4.442E-13  3.862E-13  1.00E-07
  1.950E+01 1.11038E-16  1.134E-04  6.336E-09  8.419E-09 -4.548E-13  3.891E-13  1.00E-07
  1.975E+01 1.09274E-16  1.162E-04  6.242E-09  8.385E-09 -4.656E-13  3.919E-13  1.00E-07
  2.000E+01 1.07525E-16  1.191E-04  6.147E-09  8.351E-09 -4.765E-13  3.947E-13  1.00E-07
  2.025E+01 1.05790E-16  1.221E-04  6.052E-09  8.316E-09 -4.875E-13  3.974E-13  1.00E-07
  2.050E+01 1.04071E-16  1.252E-04  5.957E-09  8.281E-09 -4.987E-13  4.001E-13  1.00E-07
  2.075E+01 1.02368E-16  1.283E-04  5.863E-09  8.246E-09 -5.099E-13  4.026E-13  1.00E-07
  2.100E+01 1.00682E-16  1.314E-04  5.768E-09  8.211E-09 -5.213E-13  4.051E-13  1.00E-07
  2.125E+01 9.90113E-17  1.347E-04  5.673E-09  8.175E-09 -5.328E-13  4.075E-13  1.00E-07
  2.150E+01 9.73580E-17  1.380E-04  5.579E-09  8.138E-09 -5.444E-13  4.098E-13  1.00E-07
  2.175E+01 9.57220E-17  1.414E-04  5.485E-09  8.102E-09 -5.562E-13  4.121E-13  1.00E-07
  2.200E+01 9.41035E-17  1.448E-04  5.390E-09  8.065E-09 -5.680E-13  4.143E-13  1.00E-07
  2.225E+01 9.25027E-17  1.484E-04  5.296E-09  8.028E-09 -5.800E-13  4.164E-13  1.00E-07
  2.250E+01 9.09200E-17  1.520E-04  5.203E-09  7.991E-09 -5.921E-13  4.184E-13  1.00E-07
  2.275E+01 8.93556E-17  1.556E-04  5.109E-09  7.953E-09 -6.043E-13  4.203E-13  1.00E-07
  2.300E+01 8.78096E-17  1.594E-04  5.016E-09  7.915E-09 -6.165E-13  4.222E-13  1.00E-07
  2.325E+01 8.62823E-17  1.632E-04  4.923E-09  7.877E-09 -6.289E-13  4.239E-13  1.00E-07
  2.350E+01 8.47738E-17  1.671E-04  4.830E-09  7.839E-09 -6.414E-13  4.256E-13  1.00E-07
  2.375E+01 8.32842E-17  1.711E-04  4.737E-09  7.800E-09 -6.540E-13  4.272E-13  1.00E-07
  2.400E+01 8.18137E-17  1.752E-04  4.645E-09  7.761E-09 -6.667E-13  4.288E-13  1.00E-07
  2.425E+01 8.03624E-17  1.793E-04  4.553E-09  7.722E-09 -6.795E-13  4.302E-13  1.00E-07
  2.450E+01 7.89304E-17  1.836E-04  4.462E-09  7.683E-09 -6.924E-13  4.316E-13  1.00E-07
  2.475E+01 7.75177E-17  1.879E-04  4.371E-09  7.643E-09 -7.054E-13  4.329E-13  1.00E-07
  2.500E+01 7.61245E-17  1.923E-04  4.280E-09  7.603E-09 -7.185E-13  4.341E-13  1.00E-07
  2.550E+01 7.33964E-17  2.014E-04  4.099E-09  7.523E-09 -7.449E-13  4.362E-13  1.00E-07
  2.600E+01 7.07463E-17  2.109E-04  3.921E-09  7.441E-09 -7.717E-13  4.380E-13  1.00E-07
  2.650E+01 6.81742E-17  2.207E-04  3.744E-09  7.359E-09 -7.988E-13  4.395E-13  1.00E-07
  2.700E+01 6.56797E-17  2.309E-04  3.569E-09  7.276E-09 -8.262E-13  4.407E-13  1.00E-07
  2.750E+01 6.32624E-17  2.416E-04  3.396E-09  7.192E-09 -8.539E-13  4.415E-13  1.00E-07
  2.800E+01 6.09218E-17  2.526E-04  3.226E-09  7.108E-09 -8.819E-13  4.419E-13  1.00E-07
  2.850E+01 5.86569E-17  2.640E-04  3.057E-09  7.022E-09 -9.101E-13  4.421E-13  1.00E-07
  2.900E+01 5.64669E-17  2.758E-04  2.891E-09  6.936E-09 -9.386E-13  4.419E-13  1.00E-07
  2.950E+01 5.43508E-17  2.881E-04  2.727E-09  6.849E-09 -9.674E-13  4.413E-13  1.00E-07
  3.000E+01 5.23073E-17  3.008E-04  2.565E-09  6.762E-09 -9.963E-13  4.404E-13  1.00E-07
  3.050E+01 5.03351E-17  3.139E-04  2.406E-09  6.674E-09 -1.025E-12  4.392E-13  1.00E-07
  3.100E+01 4.84330E-17  3.275E-04  2.250E-09  6.586E-09 -1.055E-12  4.376E-13  1.00E-07
  3.150E+01 4.65995E-17  3.415E-04  2.096E-09  6.497E-09 -1.084E-12  4.357E-13  1.00E-07
  3.200E+01 4.48329E-17  3.560E-04  1.945E-09  6.407E-09 -1.114E-12  4.334E-13  1.00E-07
  3.250E+01 4.31319E-17  3.709E-04  1.796E-09  6.317E-09 -1.144E-12  4.308E-13  1.00E-07
  3.300E+01 4.14948E-17  3.863E-04  1.650E-09  6.227E-09 -1.174E-12  4.278E-13  1.00E-07
  3.350E+01 3.99199E-17  4.021E-04  1.507E-09  6.136E-09 -1.204E-12  4.245E-13  1.00E-07
  3.400E+01 3.84055E-17  4.183E-04  1.367E-09  6.045E-09 -1.234E-12  4.209E-13  1.00E-07
  3.450E+01 3.69500E-17  4.350E-04  1.229E-09  5.953E-09 -1.264E-12  4.170E-13  1.00E-07
  3.500E+01 3.55516E-17  4.522E-04  1.094E-09  5.861E-09 -1.294E-12  4.127E-13  1.00E-07
  3.550E+01 3.42087E-17  4.697E-04  9.623E-10  5.769E-09 -1.325E-12  4.080E-13  1.00E-07
  3.600E+01 3.29195E-17  4.877E-04  8.332E-10  5.677E-09 -1.355E-12  4.031E-13  1.00E-07
  3.650E+01 3.16823E-17  5.061E-04  7.069E-10  5.584E-09 -1.385E-12  3.978E-13  1.00E-07
  3.700E+01 3.04954E-17  5.249E-04  5.835E-10  5.491E-09 -1.416E-12  3.922E-13  1.00E-07
  3.750E+01 2.93570E-17  5.440E-04  4.629E-10  5.398E-09 -1.446E-12  3.862E-13  1.00E-07
  3.800E+01 2.82657E-17  5.635E-04  3.453E-10  5.305E-09 -1.477E-12  3.800E-13  1.00E-07
  3.850E+01 2.72196E-17  5.834E-04  2.304E-10  5.212E-09 -1.507E-12  3.734E-13  1.00E-07
  3.900E+01 2.62172E-17  6.036E-04  1.184E-10  5.119E-09 -1.537E-12  3.665E-13  1.00E-07
  3.950E+01 2.52568E-17  6.240E-04  9.291E-12  5.026E-09 -1.567E-12  3.593E-13  1.00E-07
  4.000E+01 2.43370E-17  6.447E-04 -9.702E-11  4.932E-09 -1.598E-12  3.517E-13  1.00E-07
  4.050E+01 2.34561E-17  6.657E-04 -2.005E-10  4.839E-09 -1.628E-12  3.439E-13  1.00E-07
  4.100E+01 2.26128E-17  6.868E-04 -3.012E-10  4.746E-09 -1.658E-12  3.358E-13  1.00E-07
  4.150E+01 2.18055E-17  7.082E-04 -3.991E-10  4.653E-09 -1.688E-12  3.273E-13  1.00E-07
  4.200E+01 2.10327E-17  7.296E-04 -4.942E-10  4.559E-09 -1.717E-12  3.186E-13  1.00E-07
  4.250E+01 2.02932E-17  7.511E-04 -5.865E-10  4.466E-09 -1.747E-12  3.095E-13  1.00E-07
  4.300E+01 1.95856E-17  7.727E-04 -6.762E-10  4.374E-09 -1.777E-12  3.002E-13  1.00E-07
  4.350E+01 1.89086E-17  7.943E-04 -7.631E-10  4.281E-09 -1.806E-12  2.906E-13  1.00E-07
  4.400E+01 1.82608E-17  8.158E-04 -8.473E-10  4.188E-09 -1.835E-12  2.807E-13  1.00E-07
  4.450E+01 1.76412E-17  8.373E-04 -9.289E-10  4.096E-09 -1.864E-12  2.706E-13  1.00E-07
  4.500E+01 1.70484E-17  8.586E-04 -1.008E-09  4.004E-09 -1.893E-12  2.601E-13  1.00E-07
  4.550E+01 1.64814E-17  8.796E-04 -1.084E-09  3.912E-09 -1.922E-12  2.494E-13  1.00E-07
  4.600E+01 1.59391E-17  9.005E-04 -1.158E-09  3.821E-09 -1.951E-12  2.384E-13  1.00E-07
  4.650E+01 1.54203E-17  9.210E-04 -1.229E-09  3.730E-09 -1.979E-12  2.272E-13  1.00E-07
  4.700E+01 1.49241E-17  9.412E-04 -1.298E-09  3.639E-09 -2.007E-12  2.157E-13  1.00E-07
  4.750E+01 1.44494E-17  9.609E-04 -1.364E-09  3.548E-09 -2.035E-12  2.040E-13  1.00E-07
  4.800E+01 1.39954E-17  9.801E-04 -1.427E-09  3.458E-09 -2.063E-12  1.920E-13  1.00E-07
  4.850E+01 1.35611E-17  9.988E-04 -1.489E-09  3.368E-09 -2.090E-12  1.798E-13  1.00E-07
  4.900E+01 1.31456E-17  1.017E-03 -1.547E-09  3.279E-09 -2.117E-12  1.673E-13  1.00E-07
  4.950E+01 1.27480E-17  1.034E-03 -1.604E-09  3.190E-09 -2.144E-12  1.546E-13  1.00E-07
  5.000E+01 1.23677E-17  1.051E-03 -1.658E-09  3.101E-09 -2.171E-12  1.417E-13  1.00E-07
  5.050E+01 1.20037E-17  1.067E-03 -1.710E-09  3.013E-09 -2.198E-12  1.286E-13  1.00E-07
  5.100E+01 1.16554E-17  1.082E-03 -1.759E-09  2.926E-09 -2.224E-12  1.152E-13  1.00E-07
  5.150E+01 1.13221E-17  1.096E-03 -1.807E-09  2.839E-09 -2.250E-12  1.017E-13  1.00E-07
  5.200E+01 1.10030E-17  1.109E-03 -1.852E-09  2.752E-09 -2.275E-12  8.792E-14  1.00E-07
  5.250E+01 1.06975E-17  1.121E-03 -1.894E-09  2.666E-09 -2.301E-12  7.396E-14  1.00E-07
  5.300E+01 1.04050E-17  1.132E-03 -1.935E-09  2.581E-09 -2.326E-12  5.981E-14  1.00E-07
  5.350E+01 1.01249E-17  1.141E-03 -1.974E-09  2.496E-09 -2.351E-12  4.546E-14  1.00E-07
  5.400E+01 9.85672E-18  1.150E-03 -2.010E-09  2.411E-09 -2.375E-12  3.094E-14  1.00E-07
  5.450E+01 9.59980E-18  1.157E-03 -2.045E-09  2.328E-09 -2.400E-12  1.623E-14  1.00E-07
  5.500E+01 9.35366E-18  1.162E-03 -2.078E-09  2.244E-09 -2.423E-12  1.359E-15  1.00E-07
  5.550E+01 9.11782E-18  1.167E-03 -2.108E-09  2.162E-09 -2.447E-12 -1.368E-14  1.00E-07
  5.600E+01 8.89182E-18  1.170E-03 -2.137E-09  2.080E-09 -2.470E-12 -2.888E-14  1.00E-07
  5.650E+01 8.67521E-18  1.171E-03 -2.163E-09  1.999E-09 -2.493E-12 -4.423E-14  1.00E-07
  5.700E+01 8.46756E-18  1.171E-03 -2.188E-09  1.918E-09 -2.516E-12 -5.974E-14  1.00E-07
  5.750E+01 8.26848E-18  1.169E-03 -2.211E-09  1.838E-09 -2.538E-12 -7.538E-14  1.00E-07
  5.800E+01 8.07759E-18  1.165E-03 -2.233E-09  1.759E-09 -2.560E-12 -9.116E-14  1.00E-07
  5.850E+01 7.89451E-18  1.160E-03 -2.252E-09  1.680E-09 -2.582E-12 -1.071E-13  1.00E-07
  5.900E+01 7.71892E-18  1.153E-03 -2.270E-09  1.602E-09 -2.603E-12 -1.231E-13  1.00E-07
  5.950E+01 7.55047E-18  1.144E-03 -2.286E-09  1.525E-09 -2.624E-12 -1.393E-13  1.00E-07
  6.000E+01 7.38886E-18  1.134E-03 -2.300E-09  1.449E-09 -2.645E-12 -1.555E-13  1.00E-07
  6.050E+01 7.23380E-18  1.121E-03 -2.313E-09  1.373E-09 -2.665E-12 -1.719E-13  1.00E-07
  6.100E+01 7.08500E-18  1.107E-03 -2.324E-09  1.298E-09 -2.685E-12 -1.884E-13  1.00E-07
  6.150E+01 6.94221E-18  1.091E-03 -2.334E-09  1.223E-09 -2.704E-12 -2.050E-13  1.00E-07
  6.200E+01 6.80516E-18  1.073E-03 -2.342E-09  1.150E-09 -2.724E-12 -2.217E-13  1.00E-07
  6.250E+01 6.67362E-18  1.053E-03 -2.348E-09  1.077E-09 -2.743E-12 -2.384E-13  1.00E-07
  6.300E+01 6.54737E-18  1.031E-03 -2.353E-09  1.005E-09 -2.761E-12 -2.553E-13  1.00E-07
  6.350E+01 6.42619E-18  1.007E-03 -2.357E-09  9.338E-10 -2.779E-12 -2.722E-13  1.00E-07
  6.400E+01 6.30989E-18  9.815E-04 -2.359E-09  8.633E-10 -2.797E-12 -2.891E-13  1.00E-07
  6.450E+01 6.19826E-18  9.537E-04 -2.360E-09  7.935E-10 -2.814E-12 -3.062E-13  1.00E-07
  6.500E+01 6.09112E-18  9.241E-04 -2.359E-09  7.246E-10 -2.831E-12 -3.233E-13  1.00E-07
  6.550E+01 5.98832E-18  8.924E-04 -2.357E-09  6.565E-10 -2.848E-12 -3.404E-13  1.00E-07
  6.600E+01 5.88967E-18  8.589E-04 -2.354E-09  5.891E-10 -2.864E-12 -3.576E-13  1.00E-07
  6.650E+01 5.79504E-18  8.234E-04 -2.350E-09  5.226E-10 -2.880E-12 -3.748E-13  1.00E-07
  6.700E+01 5.70427E-18  7.861E-04 -2.344E-09  4.568E-10 -2.896E-12 -3.921E-13  1.00E-07
  6.750E+01 5.61723E-18  7.469E-04 -2.337E-09  3.919E-10 -2.911E-12 -4.094E-13  1.00E-07
  6.800E+01 5.53379E-18  7.058E-04 -2.329E-09  3.278E-10 -2.926E-12 -4.267E-13  1.00E-07
  6.850E+01 5.45383E-18  6.629E-04 -2.320E-09  2.644E-10 -2.940E-12 -4.440E-13  1.00E-07
  6.900E+01 5.37723E-18  6.183E-04 -2.310E-09  2.019E-10 -2.954E-12 -4.614E-13  1.00E-07
  6.950E+01 5.30387E-18  5.719E-04 -2.299E-09  1.403E-10 -2.968E-12 -4.787E-13  1.00E-07
  7.000E+01 5.23366E-18  5.239E-04 -2.286E-09  7.939E-11 -2.981E-12 -4.961E-13  1.00E-07
  7.050E+01 5.16651E-18  4.742E-04 -2.273E-09  1.934E-11 -2.994E-12 -5.134E-13  1.00E-07
  7.100E+01 5.10230E-18  4.229E-04 -2.258E-09 -3.988E-11 -3.007E-12 -5.308E-13  1.00E-07
  7.150E+01 5.04097E-18  3.701E-04 -2.243E-09 -9.827E-11 -3.019E-12 -5.481E-13  1.00E-07
  7.200E+01 4.98242E-18  3.158E-04 -2.227E-09 -1.558E-10 -3.031E-12 -5.654E-13  1.00E-07
  7.250E+01 4.92658E-18  2.601E-04 -2.209E-09 -2.126E-10 -3.042E-12 -5.827E-13  1.00E-07
  7.300E+01 4.87338E-18  2.030E-04 -2.191E-09 -2.685E-10 -3.053E-12 -5.999E-13  1.00E-07
  7.350E+01 4.82273E-18  1.447E-04 -2.172E-09 -3.236E-10 -3.064E-12 -6.171E-13  1.00E-07
  7.400E+01 4.77459E-18  8.521E-05 -2.152E-09 -3.779E-10 -3.074E-12 -6.343E-13  1.00E-07
  7.450E+01 4.72888E-18  2.460E-05 -2.131E-09 -4.313E-10 -3.084E-12 -6.514E-13  1.00E-07
  7.500E+01 4.68554E-18 -3.705E-05 -2.110E-09 -4.840E-10 -3.093E-12 -6.684E-13  1.00E-07
  7.550E+01 4.64453E-18 -9.964E-05 -2.087E-09 -5.358E-10 -3.103E-12 -6.854E-13  1.00E-07
  7.600E+01 4.60578E-18 -1.631E-04 -2.064E-09 -5.867E-10 -3.111E-12 -7.024E-13  1.00E-07
  7.650E+01 4.56924E-18 -2.273E-04 -2.040E-09 -6.369E-10 -3.120E-12 -7.193E-13  1.00E-07
  7.700E+01 4.53487E-18 -2.922E-04 -2.016E-09 -6.862E-10 -3.128E-12 -7.361E-13  1.00E-07
  7.750E+01 4.50262E-18 -3.577E-04 -1.991E-09 -7.348E-10 -3.135E-12 -7.528E-13  1.00E-07
  7.800E+01 4.47245E-18 -4.237E-04 -1.965E-09 -7.825E-10 -3.143E-12 -7.695E-13  1.00E-07
  7.850E+01 4.44431E-18 -4.900E-04 -1.938E-09 -8.294E-10 -3.150E-12 -7.860E-13  1.00E-07
  7.900E+01 4.41817E-18 -5.567E-04 -1.911E-09 -8.755E-10 -3.156E-12 -8.025E-13  1.00E-07
  7.950E+01 4.39399E-18 -6.235E-04 -1.883E-09 -9.208E-10 -3.162E-12 -8.189E-13  1.00E-07
  8.000E+01 4.37173E-18 -6.904E-04 -1.855E-09 -9.653E-10 -3.168E-12 -8.352E-13  1.00E-07
  8.050E+01 4.35137E-18 -7.574E-04 -1.826E-09 -1.009E-09 -3.174E-12 -8.514E-13  1.00E-07
  8.100E+01 4.33286E-18 -8.242E-04 -1.796E-09 -1.052E-09 -3.179E-12 -8.674E-13  1.00E-07
  8.150E+01 4.31617E-18 -8.908E-04 -1.766E-09 -1.094E-09 -3.184E-12 -8.834E-13  1.00E-07
  8.200E+01 4.30129E-18 -9.571E-04 -1.736E-09 -1.135E-09 -3.188E-12 -8.992E-13  1.00E-07
  8.250E+01 4.28816E-18 -1.023E-03 -1.705E-09 -1.176E-09 -3.192E-12 -9.149E-13  1.00E-07
  8.300E+01 4.27678E-18 -1.088E-03 -1.673E-09 -1.216E-09 -3.196E-12 -9.305E-13  1.00E-07
  8.350E+01 4.26711E-18 -1.153E-03 -1.641E-09 -1.255E-09 -3.199E-12 -9.460E-13  1.00E-07
  8.400E+01 4.25913E-18 -1.217E-03 -1.609E-09 -1.293E-09 -3.202E-12 -9.614E-13  1.00E-07
  8.450E+01 4.25282E-18 -1.281E-03 -1.576E-09 -1.330E-09 -3.205E-12 -9.766E-13  1.00E-07
  8.500E+01 4.24814E-18 -1.343E-03 -1.543E-09 -1.367E-09 -3.207E-12 -9.916E-13  1.00E-07
  8.550E+01 4.24507E-18 -1.405E-03 -1.509E-09 -1.403E-09 -3.209E-12 -1.007E-12  1.00E-07
  8.600E+01 4.24361E-18 -1.465E-03 -1.475E-09 -1.438E-09 -3.210E-12 -1.021E-12  1.00E-07
  8.650E+01 4.24371E-18 -1.525E-03 -1.441E-09 -1.472E-09 -3.211E-12 -1.036E-12  1.00E-07
  8.700E+01 4.24536E-18 -1.583E-03 -1.406E-09 -1.506E-09 -3.212E-12 -1.050E-12  1.00E-07
  8.750E+01 4.24855E-18 -1.640E-03 -1.371E-09 -1.539E-09 -3.213E-12 -1.065E-12  1.00E-07
  8.800E+01 4.25324E-18 -1.696E-03 -1.336E-09 -1.571E-09 -3.213E-12 -1.079E-12  1.00E-07
  8.850E+01 4.25943E-18 -1.750E-03 -1.300E-09 -1.603E-09 -3.213E-12 -1.093E-12  1.00E-07
  8.900E+01 4.26709E-18 -1.803E-03 -1.265E-09 -1.633E-09 -3.212E-12 -1.107E-12  1.00E-07
  8.950E+01 4.27620E-18 -1.855E-03 -1.229E-09 -1.663E-09 -3.212E-12 -1.120E-12  1.00E-07
  9.000E+01 4.28675E-18 -1.905E-03 -1.192E-09 -1.693E-09 -3.211E-12 -1.134E-12  1.00E-07
  9.050E+01 4.29871E-18 -1.953E-03 -1.156E-09 -1.721E-09 -3.209E-12 -1.147E-12  1.00E-07
  9.100E+01 4.31207E-18 -2.000E-03 -1.119E-09 -1.749E-09 -3.207E-12 -1.160E-12  1.00E-07
  9.150E+01 4.32681E-18 -2.046E-03 -1.082E-09 -1.777E-09 -3.205E-12 -1.173E-12  1.00E-07
  9.200E+01 4.34292E-18 -2.089E-03 -1.045E-09 -1.803E-09 -3.203E-12 -1.186E-12  1.00E-07
  9.250E+01 4.36037E-18 -2.131E-03 -1.007E-09 -1.829E-09 -3.200E-12 -1.198E-12  1.00E-07
  9.300E+01 4.37916E-18 -2.171E-03 -9.699E-10 -1.854E-09 -3.197E-12 -1.210E-12  1.00E-07
  9.350E+01 4.39925E-18 -2.210E-03 -9.323E-10 -1.879E-09 -3.194E-12 -1.223E-12  1.00E-07
  9.400E+01 4.42064E-18 -2.246E-03 -8.945E-10 -1.903E-09 -3.190E-12 -1.235E-12  1.00E-07
  9.450E+01 4.44332E-18 -2.281E-03 -8.566E-10 -1.926E-09 -3.186E-12 -1.246E-12  1.00E-07
  9.500E+01 4.46725E-18 -2.315E-03 -8.186E-10 -1.949E-09 -3.182E-12 -1.258E-12  1.00E-07
  9.550E+01 4.49243E-18 -2.346E-03 -7.805E-10 -1.971E-09 -3.177E-12 -1.269E-12  1.00E-07
  9.600E+01 4.51884E-18 -2.376E-03 -7.423E-10 -1.992E-09 -3.172E-12 -1.280E-12  1.00E-07
  9.650E+01 4.54647E-18 -2.404E-03 -7.040E-10 -2.013E-09 -3.167E-12 -1.291E-12  1.00E-07
  9.700E+01 4.57529E-18 -2.430E-03 -6.656E-10 -2.033E-09 -3.161E-12 -1.302E-12  1.00E-07
  9.750E+01 4.60529E-18 -2.455E-03 -6.272E-10 -2.052E-09 -3.156E-12 -1.312E-12  1.00E-07
  9.800E+01 4.63646E-18 -2.478E-03 -5.887E-10 -2.071E-09 -3.150E-12 -1.323E-12  1.00E-07
  9.850E+01 4.66878E-18 -2.499E-03 -5.502E-10 -2.089E-09 -3.143E-12 -1.333E-12  1.00E-07
  9.900E+01 4.70223E-18 -2.519E-03 -5.117E-10 -2.107E-09 -3.137E-12 -1.342E-12  1.00E-07
  9.950E+01 4.73679E-18 -2.537E-03 -4.732E-10 -2.124E-09 -3.130E-12 -1.352E-12  1.00E-07
  1.000E+02 4.77246E-18 -2.554E-03 -4.346E-10 -2.141E-09 -3.122E-12 -1.361E-12  1.00E-07
  1.005E+02 4.80921E-18 -2.568E-03 -3.961E-10 -2.157E-09 -3.115E-12 -1.370E-12  1.00E-07
  1.010E+02 4.84703E-18 -2.582E-03 -3.576E-10 -2.172E-09 -3.107E-12 -1.379E-12  1.00E-07
  1.015E+02 4.88590E-18 -2.594E-03 -3.190E-10 -2.187E-09 -3.099E-12 -1.388E-12  1.00E-07
  1.020E+02 4.92580E-18 -2.604E-03 -2.806E-10 -2.202E-09 -3.091E-12 -1.396E-12  1.00E-07
  1.025E+02 4.96672E-18 -2.613E-03 -2.421E-10 -2.215E-09 -3.082E-12 -1.404E-12  1.00E-07
  1.030E+02 5.00864E-18 -2.620E-03 -2.037E-10 -2.229E-09 -3.073E-12 -1.412E-12  1.00E-07
  1.035E+02 5.05155E-18 -2.627E-03 -1.653E-10 -2.241E-09 -3.064E-12 -1.420E-12  1.00E-07
  1.040E+02 5.09542E-18 -2.631E-03 -1.270E-10 -2.254E-09 -3.055E-12 -1.428E-12  1.00E-07
  1.045E+02 5.14025E-18 -2.635E-03 -8.882E-11 -2.265E-09 -3.045E-12 -1.435E-12  1.00E-07
  1.050E+02 5.18601E-18 -2.637E-03 -5.068E-11 -2.277E-09 -3.036E-12 -1.442E-12  1.00E-07
  1.055E+02 5.23269E-18 -2.638E-03 -1.261E-11 -2.287E-09 -3.025E-12 -1.448E-12  1.00E-07
  1.060E+02 5.28027E-18 -2.638E-03  2.536E-11 -2.298E-09 -3.015E-12 -1.455E-12  1.00E-07
  1.065E+02 5.32874E-18 -2.637E-03  6.323E-11 -2.308E-09 -3.005E-12 -1.461E-12  1.00E-07
  1.070E+02 5.37807E-18 -2.634E-03  1.010E-10 -2.317E-09 -2.994E-12 -1.467E-12  1.00E-07
  1.075E+02 5.42825E-18 -2.631E-03  1.387E-10 -2.326E-09 -2.983E-12 -1.473E-12  1.00E-07
  1.080E+02 5.47927E-18 -2.627E-03  1.762E-10 -2.334E-09 -2.971E-12 -1.478E-12  1.00E-07
  1.085E+02 5.53110E-18 -2.621E-03  2.136E-10 -2.342E-09 -2.960E-12 -1.484E-12  1.00E-07
  1.090E+02 5.58372E-18 -2.615E-03  2.509E-10 -2.350E-09 -2.948E-12 -1.489E-12  1.00E-07
  1.095E+02 5.63713E-18 -2.608E-03  2.881E-10 -2.357E-09 -2.936E-12 -1.493E-12  1.00E-07
  1.100E+02 5.69130E-18 -2.599E-03  3.251E-10 -2.363E-09 -2.924E-12 -1.498E-12  1.00E-07
  1.105E+02 5.74622E-18 -2.590E-03  3.619E-10 -2.370E-09 -2.911E-12 -1.502E-12  1.00E-07
  1.110E+02 5.80186E-18 -2.581E-03  3.986E-10 -2.375E-09 -2.899E-12 -1.506E-12  1.00E-07
  1.115E+02 5.85822E-18 -2.570E-03  4.352E-10 -2.381E-09 -2.886E-12 -1.510E-12  1.00E-07
  1.120E+02 5.91526E-18 -2.559E-03  4.716E-10 -2.386E-09 -2.873E-12 -1.513E-12  1.00E-07
  1.125E+02 5.97299E-18 -2.547E-03  5.078E-10 -2.391E-09 -2.859E-12 -1.516E-12  1.00E-07
  1.130E+02 6.03136E-18 -2.534E-03  5.438E-10 -2.395E-09 -2.846E-12 -1.519E-12  1.00E-07
  1.135E+02 6.09038E-18 -2.521E-03  5.797E-10 -2.399E-09 -2.832E-12 -1.522E-12  1.00E-07
  1.140E+02 6.15002E-18 -2.507E-03  6.154E-10 -2.402E-09 -2.818E-12 -1.524E-12  1.00E-07
  1.145E+02 6.21026E-18 -2.492E-03  6.509E-10 -2.406E-09 -2.804E-12 -1.526E-12  1.00E-07
  1.150E+02 6.27108E-18 -2.477E-03  6.862E-10 -2.408E-09 -2.790E-12 -1.528E-12  1.00E-07
  1.155E+02 6.33248E-18 -2.462E-03  7.213E-10 -2.411E-09 -2.775E-12 -1.530E-12  1.00E-07
  1.160E+02 6.39442E-18 -2.445E-03  7.562E-10 -2.413E-09 -2.760E-12 -1.531E-12  1.00E-07
  1.165E+02 6.45689E-18 -2.429E-03  7.909E-10 -2.415E-09 -2.745E-12 -1.533E-12  1.00E-07
  1.170E+02 6.51987E-18 -2.412E-03  8.254E-10 -2.416E-09 -2.730E-12 -1.533E-12  1.00E-07
  1.175E+02 6.58335E-18 -2.395E-03  8.597E-10 -2.418E-09 -2.715E-12 -1.534E-12  1.00E-07
  1.180E+02 6.64730E-18 -2.377E-03  8.937E-10 -2.418E-09 -2.699E-12 -1.534E-12  1.00E-07
  1.185E+02 6.71170E-18 -2.359E-03  9.276E-10 -2.419E-09 -2.684E-12 -1.534E-12  1.00E-07
  1.190E+02 6.77655E-18 -2.340E-03  9.612E-10 -2.419E-09 -2.668E-12 -1.534E-12  1.00E-07
  1.195E+02 6.84181E-18 -2.321E-03  9.946E-10 -2.419E-09 -2.652E-12 -1.534E-12  1.00E-07
  1.200E+02 6.90748E-18 -2.302E-03  1.028E-09 -2.419E-09 -2.636E-12 -1.533E-12  1.00E-07
  1.205E+02 6.97353E-18 -2.283E-03  1.061E-09 -2.418E-09 -2.619E-12 -1.532E-12  1.00E-07
  1.210E+02 7.03994E-18 -2.263E-03  1.093E-09 -2.418E-09 -2.603E-12 -1.531E-12  1.00E-07
  1.215E+02 7.10670E-18 -2.243E-03  1.126E-09 -2.416E-09 -2.586E-12 -1.530E-12  1.00E-07
  1.220E+02 7.17379E-18 -2.223E-03  1.158E-09 -2.415E-09 -2.569E-12 -1.528E-12  1.00E-07
  1.225E+02 7.24118E-18 -2.203E-03  1.190E-09 -2.413E-09 -2.552E-12 -1.526E-12  1.00E-07
  1.230E+02 7.30887E-18 -2.182E-03  1.222E-09 -2.412E-09 -2.535E-12 -1.524E-12  1.00E-07
  1.235E+02 7.37682E-18 -2.162E-03  1.253E-09 -2.410E-09 -2.518E-12 -1.521E-12  1.00E-07
  1.240E+02 7.44503E-18 -2.141E-03  1.285E-09 -2.407E-09 -2.500E-12 -1.518E-12  1.00E-07
  1.245E+02 7.51347E-18 -2.120E-03  1.316E-09 -2.405E-09 -2.483E-12 -1.515E-12  1.00E-07
  1.250E+02 7.58213E-18 -2.099E-03  1.346E-09 -2.402E-09 -2.465E-12 -1.512E-12  1.00E-07
  1.255E+02 7.65099E-18 -2.077E-03  1.377E-09 -2.399E-09 -2.447E-12 -1.509E-12  1.00E-07
  1.260E+02 7.72002E-18 -2.056E-03  1.407E-09 -2.396E-09 -2.429E-12 -1.505E-12  1.00E-07
  1.265E+02 7.78921E-18 -2.035E-03  1.437E-09 -2.393E-09 -2.411E-12 -1.501E-12  1.00E-07
  1.270E+02 7.85854E-18 -2.013E-03  1.467E-09 -2.389E-09 -2.392E-12 -1.497E-12  1.00E-07
  1.275E+02 7.92800E-18 -1.992E-03  1.496E-09 -2.385E-09 -2.374E-12 -1.492E-12  1.00E-07
  1.280E+02 7.99756E-18 -1.970E-03  1.525E-09 -2.381E-09 -2.355E-12 -1.487E-12  1.00E-07
  1.285E+02 8.06721E-18 -1.948E-03  1.554E-09 -2.377E-09 -2.336E-12 -1.482E-12  1.00E-07
  1.290E+02 8.13692E-18 -1.926E-03  1.583E-09 -2.373E-09 -2.317E-12 -1.477E-12  1.00E-07
  1.295E+02 8.20668E-18 -1.905E-03  1.611E-09 -2.369E-09 -2.298E-12 -1.472E-12  1.00E-07
  1.300E+02 8.27647E-18 -1.883E-03  1.639E-09 -2.364E-09 -2.279E-12 -1.466E-12  1.00E-07
  1.305E+02 8.34628E-18 -1.861E-03  1.667E-09 -2.360E-09 -2.260E-12 -1.460E-12  1.00E-07
  1.310E+02 8.41608E-18 -1.839E-03  1.695E-09 -2.355E-09 -2.240E-12 -1.454E-12  1.00E-07
  1.315E+02 8.48585E-18 -1.817E-03  1.722E-09 -2.350E-09 -2.221E-12 -1.447E-12  1.00E-07
  1.320E+02 8.55558E-18 -1.795E-03  1.749E-09 -2.345E-09 -2.201E-12 -1.441E-12  1.00E-07
  1.325E+02 8.62525E-18 -1.774E-03  1.776E-09 -2.339E-09 -2.181E-12 -1.434E-12  1.00E-07
  1.330E+02 8.69484E-18 -1.752E-03  1.802E-09 -2.334E-09 -2.162E-12 -1.427E-12  1.00E-07
  1.335E+02 8.76434E-18 -1.730E-03  1.828E-09 -2.329E-09 -2.142E-12 -1.419E-12  1.00E-07
  1.340E+02 8.83372E-18 -1.708E-03  1.854E-09 -2.323E-09 -2.121E-12 -1.412E-12  1.00E-07
  1.345E+02 8.90296E-18 -1.687E-03  1.880E-09 -2.317E-09 -2.101E-12 -1.404E-12  1.00E-07
  1.350E+02 8.97206E-18 -1.665E-03  1.905E-09 -2.312E-09 -2.081E-12 -1.396E-12  1.00E-07
  1.355E+02 9.04099E-18 -1.643E-03  1.930E-09 -2.306E-09 -2.060E-12 -1.387E-12  1.00E-07
  1.360E+02 9.10973E-18 -1.622E-03  1.955E-09 -2.300E-09 -2.040E-12 -1.379E-12  1.00E-07
  1.365E+02 9.17827E-18 -1.600E-03  1.979E-09 -2.294E-09 -2.019E-12 -1.370E-12  1.00E-07
  1.370E+02 9.24659E-18 -1.579E-03  2.003E-09 -2.288E-09 -1.998E-12 -1.361E-12  1.00E-07
  1.375E+02 9.31467E-18 -1.557E-03  2.027E-09 -2.282E-09 -1.978E-12 -1.352E-12  1.00E-07
  1.380E+02 9.38249E-18 -1.536E-03  2.051E-09 -2.275E-09 -1.957E-12 -1.343E-12  1.00E-07
  1.385E+02 9.45004E-18 -1.515E-03  2.074E-09 -2.269E-09 -1.936E-12 -1.333E-12  1.00E-07
  1.390E+02 9.51730E-18 -1.493E-03  2.097E-09 -2.263E-09 -1.915E-12 -1.323E-12  1.00E-07
  1.395E+02 9.58426E-18 -1.472E-03  2.120E-09 -2.256E-09 -1.893E-12 -1.313E-12  1.00E-07
  1.400E+02 9.65088E-18 -1.451E-03  2.142E-09 -2.250E-09 -1.872E-12 -1.303E-12  1.00E-07
  1.405E+02 9.71717E-18 -1.430E-03  2.165E-09 -2.243E-09 -1.851E-12 -1.292E-12  1.00E-07
  1.410E+02 9.78311E-18 -1.409E-03  2.186E-09 -2.237E-09 -1.829E-12 -1.282E-12  1.00E-07
  1.415E+02 9.84866E-18 -1.388E-03  2.208E-09 -2.230E-09 -1.808E-12 -1.271E-12  1.00E-07
  1.420E+02 9.91383E-18 -1.368E-03  2.229E-09 -2.224E-09 -1.786E-12 -1.260E-12  1.00E-07
  1.425E+02 9.97859E-18 -1.347E-03  2.250E-09 -2.217E-09 -1.764E-12 -1.248E-12  1.00E-07
  1.430E+02 1.00429E-17 -1.326E-03  2.271E-09 -2.210E-09 -1.742E-12 -1.237E-12  1.00E-07
  1.435E+02 1.01068E-17 -1.306E-03  2.292E-09 -2.204E-09 -1.721E-12 -1.225E-12  1.00E-07
  1.440E+02 1.01703E-17 -1.285E-03  2.312E-09 -2.197E-09 -1.699E-12 -1.213E-12  1.00E-07
  1.445E+02 1.02332E-17 -1.265E-03  2.332E-09 -2.190E-09 -1.677E-12 -1.201E-12  1.00E-07
  1.450E+02 1.02957E-17 -1.245E-03  2.351E-09 -2.184E-09 -1.654E-12 -1.189E-12  1.00E-07
  1.455E+02 1.03577E-17 -1.225E-03  2.370E-09 -2.177E-09 -1.632E-12 -1.176E-12  1.00E-07
  1.460E+02 1.04192E-17 -1.204E-03  2.389E-09 -2.170E-09 -1.610E-12 -1.164E-12  1.00E-07
  1.465E+02 1.04801E-17 -1.184E-03  2.408E-09 -2.164E-09 -1.588E-12 -1.151E-12  1.00E-07
  1.470E+02 1.05405E-17 -1.165E-03  2.427E-09 -2.157E-09 -1.565E-12 -1.138E-12  1.00E-07
  1.475E+02 1.06003E-17 -1.145E-03  2.445E-09 -2.150E-09 -1.543E-12 -1.125E-12  1.00E-07
  1.480E+02 1.06596E-17 -1.125E-03  2.463E-09 -2.144E-09 -1.520E-12 -1.111E-12  1.00E-07
  1.485E+02 1.07182E-17 -1.105E-03  2.480E-09 -2.137E-09 -1.498E-12 -1.098E-12  1.00E-07
  1.490E+02 1.07763E-17 -1.086E-03  2.497E-09 -2.130E-09 -1.475E-12 -1.084E-12  1.00E-07
  1.495E+02 1.08337E-17 -1.066E-03  2.514E-09 -2.124E-09 -1.452E-12 -1.070E-12  1.00E-07
  1.500E+02 1.08905E-17 -1.047E-03  2.531E-09 -2.117E-09 -1.430E-12 -1.056E-12  1.00E-07
  1.505E+02 1.09466E-17 -1.027E-03  2.548E-09 -2.111E-09 -1.407E-12 -1.042E-12  1.00E-07
  1.510E+02 1.10021E-17 -1.008E-03  2.564E-09 -2.105E-09 -1.384E-12 -1.027E-12  1.00E-07
  1.515E+02 1.10569E-17 -9.891E-04  2.580E-09 -2.098E-09 -1.361E-12 -1.013E-12  1.00E-07
  1.520E+02 1.11110E-17 -9.701E-04  2.595E-09 -2.092E-09 -1.338E-12 -9.980E-13  1.00E-07
  1.525E+02 1.11644E-17 -9.511E-04  2.610E-09 -2.086E-09 -1.315E-12 -9.831E-13  1.00E-07
  1.530E+02 1.12171E-17 -9.322E-04  2.625E-09 -2.079E-09 -1.292E-12 -9.680E-13  1.00E-07
  1.535E+02 1.12691E-17 -9.134E-04  2.640E-09 -2.073E-09 -1.269E-12 -9.528E-13  1.00E-07
  1.540E+02 1.13203E-17 -8.947E-04  2.655E-09 -2.067E-09 -1.246E-12 -9.375E-13  1.00E-07
  1.545E+02 1.13708E-17 -8.760E-04  2.669E-09 -2.061E-09 -1.223E-12 -9.220E-13  1.00E-07
  1.550E+02 1.14205E-17 -8.574E-04  2.683E-09 -2.055E-09 -1.199E-12 -9.063E-13  1.00E-07
  1.555E+02 1.14694E-17 -8.389E-04  2.696E-09 -2.049E-09 -1.176E-12 -8.906E-13  1.00E-07
  1.560E+02 1.15175E-17 -8.205E-04  2.710E-09 -2.044E-09 -1.153E-12 -8.746E-13  1.00E-07
  1.565E+02 1.15649E-17 -8.022E-04  2.723E-09 -2.038E-09 -1.129E-12 -8.586E-13  1.00E-07
  1.570E+02 1.16114E-17 -7.839E-04  2.735E-09 -2.032E-09 -1.106E-12 -8.424E-13  1.00E-07
  1.575E+02 1.16571E-17 -7.657E-04  2.748E-09 -2.027E-09 -1.082E-12 -8.261E-13  1.00E-07
  1.580E+02 1.17019E-17 -7.476E-04  2.760E-09 -2.021E-09 -1.059E-12 -8.096E-13  1.00E-07
  1.585E+02 1.17459E-17 -7.296E-04  2.772E-09 -2.016E-09 -1.035E-12 -7.930E-13  1.00E-07
  1.590E+02 1.17891E-17 -7.116E-04  2.783E-09 -2.010E-09 -1.012E-12 -7.763E-13  1.00E-07
  1.595E+02 1.18314E-17 -6.937E-04  2.795E-09 -2.005E-09 -9.880E-13 -7.595E-13  1.00E-07
  1.600E+02 1.18728E-17 -6.759E-04  2.806E-09 -2.000E-09 -9.644E-13 -7.425E-13  1.00E-07
  1.605E+02 1.19133E-17 -6.581E-04  2.817E-09 -1.995E-09 -9.407E-13 -7.255E-13  1.00E-07
  1.610E+02 1.19529E-17 -6.404E-04  2.827E-09 -1.990E-09 -9.169E-13 -7.083E-13  1.00E-07
  1.615E+02 1.19916E-17 -6.227E-04  2.837E-09 -1.985E-09 -8.932E-13 -6.910E-13  1.00E-07
  1.620E+02 1.20294E-17 -6.052E-04  2.847E-09 -1.980E-09 -8.694E-13 -6.736E-13  1.00E-07
  1.625E+02 1.20663E-17 -5.876E-04  2.857E-09 -1.976E-09 -8.456E-13 -6.561E-13  1.00E-07
  1.630E+02 1.21022E-17 -5.702E-04  2.866E-09 -1.971E-09 -8.217E-13 -6.385E-13  1.00E-07
  1.635E+02 1.21372E-17 -5.528E-04  2.875E-09 -1.967E-09 -7.979E-13 -6.208E-13  1.00E-07
  1.640E+02 1.21712E-17 -5.354E-04  2.884E-09 -1.963E-09 -7.739E-13 -6.031E-13  1.00E-07
  1.645E+02 1.22043E-17 -5.181E-04  2.893E-09 -1.958E-09 -7.500E-13 -5.852E-13  1.00E-07
  1.650E+02 1.22364E-17 -5.009E-04  2.901E-09 -1.954E-09 -7.261E-13 -5.672E-13  1.00E-07
  1.655E+02 1.22675E-17 -4.837E-04  2.909E-09 -1.950E-09 -7.021E-13 -5.491E-13  1.00E-07
  1.660E+02 1.22976E-17 -4.666E-04  2.917E-09 -1.947E-09 -6.781E-13 -5.310E-13  1.00E-07
  1.665E+02 1.23268E-17 -4.495E-04  2.924E-09 -1.943E-09 -6.541E-13 -5.127E-13  1.00E-07
  1.670E+02 1.23549E-17 -4.324E-04  2.932E-09 -1.939E-09 -6.300E-13 -4.944E-13  1.00E-07
  1.675E+02 1.23821E-17 -4.154E-04  2.938E-09 -1.936E-09 -6.059E-13 -4.760E-13  1.00E-07
  1.680E+02 1.24082E-17 -3.985E-04  2.945E-09 -1.932E-09 -5.819E-13 -4.576E-13  1.00E-07
  1.685E+02 1.24333E-17 -3.815E-04  2.951E-09 -1.929E-09 -5.578E-13 -4.390E-13  1.00E-07
  1.690E+02 1.24574E-17 -3.647E-04  2.958E-09 -1.926E-09 -5.336E-13 -4.204E-13  1.00E-07
  1.695E+02 1.24805E-17 -3.478E-04  2.963E-09 -1.923E-09 -5.095E-13 -4.018E-13  1.00E-07
  1.700E+02 1.25025E-17 -3.310E-04  2.969E-09 -1.920E-09 -4.853E-13 -3.831E-13  1.00E-07
  1.705E+02 1.25235E-17 -3.143E-04  2.974E-09 -1.918E-09 -4.612E-13 -3.643E-13  1.00E-07
  1.710E+02 1.25435E-17 -2.975E-04  2.979E-09 -1.915E-09 -4.370E-13 -3.454E-13  1.00E-07
  1.715E+02 1.25623E-17 -2.808E-04  2.984E-09 -1.913E-09 -4.128E-13 -3.265E-13  1.00E-07
  1.720E+02 1.25802E-17 -2.641E-04  2.988E-09 -1.910E-09 -3.886E-13 -3.076E-13  1.00E-07
  1.725E+02 1.25970E-17 -2.475E-04  2.993E-09 -1.908E-09 -3.643E-13 -2.886E-13  1.00E-07
  1.730E+02 1.26127E-17 -2.309E-04  2.997E-09 -1.906E-09 -3.401E-13 -2.695E-13  1.00E-07
  1.735E+02 1.26273E-17 -2.143E-04  3.000E-09 -1.904E-09 -3.159E-13 -2.505E-13  1.00E-07
  1.740E+02 1.26409E-17 -1.977E-04  3.004E-09 -1.903E-09 -2.916E-13 -2.314E-13  1.00E-07
  1.745E+02 1.26534E-17 -1.812E-04  3.007E-09 -1.901E-09 -2.673E-13 -2.122E-13  1.00E-07
  1.750E+02 1.26648E-17 -1.646E-04  3.009E-09 -1.899E-09 -2.431E-13 -1.930E-13  1.00E-07
  1.755E+02 1.26752E-17 -1.481E-04  3.012E-09 -1.898E-09 -2.188E-13 -1.738E-13  1.00E-07
  1.760E+02 1.26844E-17 -1.316E-04  3.014E-09 -1.897E-09 -1.945E-13 -1.546E-13  1.00E-07
  1.765E+02 1.26926E-17 -1.151E-04  3.016E-09 -1.896E-09 -1.702E-13 -1.353E-13  1.00E-07
  1.770E+02 1.26997E-17 -9.867E-05  3.018E-09 -1.895E-09 -1.459E-13 -1.160E-13  1.00E-07
  1.775E+02 1.27057E-17 -8.221E-05  3.020E-09 -1.894E-09 -1.216E-13 -9.669E-14  1.00E-07
  1.780E+02 1.27106E-17 -6.575E-05  3.021E-09 -1.893E-09 -9.726E-14 -7.737E-14  1.00E-07
  1.785E+02 1.27144E-17 -4.931E-05  3.022E-09 -1.893E-09 -7.295E-14 -5.804E-14  1.00E-07
  1.790E+02 1.27172E-17 -3.287E-05  3.022E-09 -1.893E-09 -4.863E-14 -3.870E-14  1.00E-07
  1.795E+02 1.27188E-17 -1.643E-05  3.023E-09 -1.892E-09 -2.432E-14 -1.935E-14  1.00E-07
  1.800E+02 1.27193E-17 -2.306E-19  3.023E-09 -1.892E-09 -3.413E-28 -2.716E-28  1.00E-07

  TOTAL ELASTIC CROSS SECTION = 2.009467E-16 cm**2
               FROM DCS TABLE = 2.009433E-16  (REL. DIF. = 1.70E-05)

  1ST TRANSPORT CROSS SECTION = 1.022877E-16 cm**2
               FROM DCS TABLE = 1.022880E-16  (REL. DIF. = 2.91E-06)

  2ND TRANSPORT CROSS SECTION = 1.042241E-16 cm**2

  **** DPWA0 ENDED ************************************************************

