

  **** PARTIAL WAVE ANALYSIS (DPWA0) ******************************************


  KINETIC ENERGY = 8.80000E+01 eV

      L       PHASE(SPIN UP)     PHASE(SPIN DOWN)
  -----------------------------------------------
       0     -3.42208757E-03      0.00000000E+00
       1     -1.56828503E+00     -1.56726820E+00
       2      6.89072839E-01      6.89245845E-01
       3      3.02652740E-01      3.02707524E-01
       4      1.36247922E-01      1.36269497E-01
       5      6.29035572E-02      6.29128749E-02
       6      2.96058181E-02      2.96100383E-02
       7      1.41337233E-02      1.41356884E-02
       8      6.82116526E-03      6.82209675E-03
       9      3.32064940E-03      3.32109657E-03
      10      1.62809656E-03      1.62831333E-03
      11      8.03017610E-04      8.03123509E-04
      12      3.98061283E-04      3.98113358E-04
      13      1.98157211E-04      1.98182959E-04
      14      9.89934485E-05      9.90062384E-05
      15      4.95997664E-05      4.96061444E-05
      16      2.49117035E-05      2.49148944E-05
      17      1.25366873E-05      1.25382880E-05
      18      6.31903600E-06      6.31984078E-06
      19      3.18908414E-06      3.18948948E-06
      20      1.61105072E-06      1.61125516E-06
      21      8.14481374E-07      8.14584606E-07
      22      4.12002163E-07      4.12054330E-07
      23      2.08495469E-07      2.08521847E-07
      24      1.05539975E-07      1.05553323E-07
      25      5.34336790E-08      5.34404364E-08
      26      2.70554589E-08      2.70588786E-08
      27      1.36995968E-08      1.37013310E-08
      28      6.93660798E-09      6.93748692E-09
      29      3.51196827E-09      3.51241332E-09
      30      1.77792841E-09      1.77815024E-09
      31      8.99964242E-10      9.00080026E-10
      32      4.55469830E-10      4.55524346E-10


  *** SCATTERING AMPLITUDES AND DIFFERENTIAL CROSS SECTION ***

    ANGLE      DCS       ASYMMETRY    DIRECT AMPLITUDE       SPIN-FLIP AMPLITUDE     ERROR
    (deg)   (cm**2/sr)                      (cm)                    (cm)
  -------------------------------------------------------------------------------------------
  0.000E+00 3.72572E-16  0.000E+00  1.495E-08  1.221E-08  0.000E+00  0.000E+00  1.00E-07
  1.000E-04 3.72572E-16  2.433E-10  1.495E-08  1.221E-08 -2.733E-19  2.809E-18  1.00E-07
  1.250E-04 3.72572E-16  3.041E-10  1.495E-08  1.221E-08 -3.416E-19  3.511E-18  1.00E-07
  1.500E-04 3.72572E-16  3.649E-10  1.495E-08  1.221E-08 -4.099E-19  4.213E-18  1.00E-07
  1.750E-04 3.72572E-16  4.258E-10  1.495E-08  1.221E-08 -4.782E-19  4.915E-18  1.00E-07
  2.000E-04 3.72572E-16  4.866E-10  1.495E-08  1.221E-08 -5.465E-19  5.617E-18  1.00E-07
  2.250E-04 3.72572E-16  5.474E-10  1.495E-08  1.221E-08 -6.149E-19  6.319E-18  1.00E-07
  2.500E-04 3.72572E-16  6.082E-10  1.495E-08  1.221E-08 -6.832E-19  7.021E-18  1.00E-07
  2.750E-04 3.72572E-16  6.691E-10  1.495E-08  1.221E-08 -7.515E-19  7.724E-18  1.00E-07
  3.000E-04 3.72572E-16  7.299E-10  1.495E-08  1.221E-08 -8.198E-19  8.426E-18  1.00E-07
  3.250E-04 3.72572E-16  7.907E-10  1.495E-08  1.221E-08 -8.881E-19  9.128E-18  1.00E-07
  3.500E-04 3.72572E-16  8.515E-10  1.495E-08  1.221E-08 -9.564E-19  9.830E-18  1.00E-07
  3.750E-04 3.72572E-16  9.123E-10  1.495E-08  1.221E-08 -1.025E-18  1.053E-17  1.00E-07
  4.000E-04 3.72572E-16  9.732E-10  1.495E-08  1.221E-08 -1.093E-18  1.123E-17  1.00E-07
  4.250E-04 3.72572E-16  1.034E-09  1.495E-08  1.221E-08 -1.161E-18  1.194E-17  1.00E-07
  4.500E-04 3.72572E-16  1.095E-09  1.495E-08  1.221E-08 -1.230E-18  1.264E-17  1.00E-07
  4.750E-04 3.72572E-16  1.156E-09  1.495E-08  1.221E-08 -1.298E-18  1.334E-17  1.00E-07
  5.000E-04 3.72572E-16  1.216E-09  1.495E-08  1.221E-08 -1.366E-18  1.404E-17  1.00E-07
  5.250E-04 3.72572E-16  1.277E-09  1.495E-08  1.221E-08 -1.435E-18  1.474E-17  1.00E-07
  5.500E-04 3.72572E-16  1.338E-09  1.495E-08  1.221E-08 -1.503E-18  1.545E-17  1.00E-07
  5.750E-04 3.72572E-16  1.399E-09  1.495E-08  1.221E-08 -1.571E-18  1.615E-17  1.00E-07
  6.000E-04 3.72572E-16  1.460E-09  1.495E-08  1.221E-08 -1.640E-18  1.685E-17  1.00E-07
  6.250E-04 3.72572E-16  1.521E-09  1.495E-08  1.221E-08 -1.708E-18  1.755E-17  1.00E-07
  6.500E-04 3.72572E-16  1.581E-09  1.495E-08  1.221E-08 -1.776E-18  1.826E-17  1.00E-07
  6.750E-04 3.72572E-16  1.642E-09  1.495E-08  1.221E-08 -1.845E-18  1.896E-17  1.00E-07
  7.000E-04 3.72572E-16  1.703E-09  1.495E-08  1.221E-08 -1.913E-18  1.966E-17  1.00E-07
  7.250E-04 3.72572E-16  1.764E-09  1.495E-08  1.221E-08 -1.981E-18  2.036E-17  1.00E-07
  7.500E-04 3.72572E-16  1.825E-09  1.495E-08  1.221E-08 -2.050E-18  2.106E-17  1.00E-07
  7.750E-04 3.72572E-16  1.886E-09  1.495E-08  1.221E-08 -2.118E-18  2.177E-17  1.00E-07
  8.000E-04 3.72572E-16  1.946E-09  1.495E-08  1.221E-08 -2.186E-18  2.247E-17  1.00E-07
  8.250E-04 3.72572E-16  2.007E-09  1.495E-08  1.221E-08 -2.254E-18  2.317E-17  1.00E-07
  8.500E-04 3.72572E-16  2.068E-09  1.495E-08  1.221E-08 -2.323E-18  2.387E-17  1.00E-07
  8.750E-04 3.72572E-16  2.129E-09  1.495E-08  1.221E-08 -2.391E-18  2.457E-17  1.00E-07
  9.000E-04 3.72572E-16  2.190E-09  1.495E-08  1.221E-08 -2.459E-18  2.528E-17  1.00E-07
  9.250E-04 3.72572E-16  2.250E-09  1.495E-08  1.221E-08 -2.528E-18  2.598E-17  1.00E-07
  9.500E-04 3.72572E-16  2.311E-09  1.495E-08  1.221E-08 -2.596E-18  2.668E-17  1.00E-07
  9.750E-04 3.72572E-16  2.372E-09  1.495E-08  1.221E-08 -2.664E-18  2.738E-17  1.00E-07
  1.000E-03 3.72572E-16  2.433E-09  1.495E-08  1.221E-08 -2.733E-18  2.809E-17  1.00E-07
  1.250E-03 3.72572E-16  3.041E-09  1.495E-08  1.221E-08 -3.416E-18  3.511E-17  1.00E-07
  1.500E-03 3.72572E-16  3.649E-09  1.495E-08  1.221E-08 -4.099E-18  4.213E-17  1.00E-07
  1.750E-03 3.72572E-16  4.258E-09  1.495E-08  1.221E-08 -4.782E-18  4.915E-17  1.00E-07
  2.000E-03 3.72572E-16  4.866E-09  1.495E-08  1.221E-08 -5.465E-18  5.617E-17  1.00E-07
  2.250E-03 3.72572E-16  5.474E-09  1.495E-08  1.221E-08 -6.149E-18  6.319E-17  1.00E-07
  2.500E-03 3.72572E-16  6.082E-09  1.495E-08  1.221E-08 -6.832E-18  7.021E-17  1.00E-07
  2.750E-03 3.72572E-16  6.691E-09  1.495E-08  1.221E-08 -7.515E-18  7.724E-17  1.00E-07
  3.000E-03 3.72572E-16  7.299E-09  1.495E-08  1.221E-08 -8.198E-18  8.426E-17  1.00E-07
  3.250E-03 3.72572E-16  7.907E-09  1.495E-08  1.221E-08 -8.881E-18  9.128E-17  1.00E-07
  3.500E-03 3.72572E-16  8.515E-09  1.495E-08  1.221E-08 -9.564E-18  9.830E-17  1.00E-07
  3.750E-03 3.72572E-16  9.123E-09  1.495E-08  1.221E-08 -1.025E-17  1.053E-16  1.00E-07
  4.000E-03 3.72572E-16  9.732E-09  1.495E-08  1.221E-08 -1.093E-17  1.123E-16  1.00E-07
  4.250E-03 3.72572E-16  1.034E-08  1.495E-08  1.221E-08 -1.161E-17  1.194E-16  1.00E-07
  4.500E-03 3.72572E-16  1.095E-08  1.495E-08  1.221E-08 -1.230E-17  1.264E-16  1.00E-07
  4.750E-03 3.72572E-16  1.156E-08  1.495E-08  1.221E-08 -1.298E-17  1.334E-16  1.00E-07
  5.000E-03 3.72572E-16  1.216E-08  1.495E-08  1.221E-08 -1.366E-17  1.404E-16  1.00E-07
  5.250E-03 3.72572E-16  1.277E-08  1.495E-08  1.221E-08 -1.435E-17  1.474E-16  1.00E-07
  5.500E-03 3.72572E-16  1.338E-08  1.495E-08  1.221E-08 -1.503E-17  1.545E-16  1.00E-07
  5.750E-03 3.72572E-16  1.399E-08  1.495E-08  1.221E-08 -1.571E-17  1.615E-16  1.00E-07
  6.000E-03 3.72572E-16  1.460E-08  1.495E-08  1.221E-08 -1.640E-17  1.685E-16  1.00E-07
  6.250E-03 3.72572E-16  1.521E-08  1.495E-08  1.221E-08 -1.708E-17  1.755E-16  1.00E-07
  6.500E-03 3.72572E-16  1.581E-08  1.495E-08  1.221E-08 -1.776E-17  1.826E-16  1.00E-07
  6.750E-03 3.72572E-16  1.642E-08  1.495E-08  1.221E-08 -1.845E-17  1.896E-16  1.00E-07
  7.000E-03 3.72572E-16  1.703E-08  1.495E-08  1.221E-08 -1.913E-17  1.966E-16  1.00E-07
  7.250E-03 3.72572E-16  1.764E-08  1.495E-08  1.221E-08 -1.981E-17  2.036E-16  1.00E-07
  7.500E-03 3.72572E-16  1.825E-08  1.495E-08  1.221E-08 -2.050E-17  2.106E-16  1.00E-07
  7.750E-03 3.72572E-16  1.886E-08  1.495E-08  1.221E-08 -2.118E-17  2.177E-16  1.00E-07
  8.000E-03 3.72572E-16  1.946E-08  1.495E-08  1.221E-08 -2.186E-17  2.247E-16  1.00E-07
  8.250E-03 3.72572E-16  2.007E-08  1.495E-08  1.221E-08 -2.254E-17  2.317E-16  1.00E-07
  8.500E-03 3.72572E-16  2.068E-08  1.495E-08  1.221E-08 -2.323E-17  2.387E-16  1.00E-07
  8.750E-03 3.72572E-16  2.129E-08  1.495E-08  1.221E-08 -2.391E-17  2.457E-16  1.00E-07
  9.000E-03 3.72572E-16  2.190E-08  1.495E-08  1.221E-08 -2.459E-17  2.528E-16  1.00E-07
  9.250E-03 3.72572E-16  2.250E-08  1.495E-08  1.221E-08 -2.528E-17  2.598E-16  1.00E-07
  9.500E-03 3.72572E-16  2.311E-08  1.495E-08  1.221E-08 -2.596E-17  2.668E-16  1.00E-07
  9.750E-03 3.72572E-16  2.372E-08  1.495E-08  1.221E-08 -2.664E-17  2.738E-16  1.00E-07
  1.000E-02 3.72572E-16  2.433E-08  1.495E-08  1.221E-08 -2.733E-17  2.809E-16  1.00E-07
  1.250E-02 3.72572E-16  3.041E-08  1.495E-08  1.221E-08 -3.416E-17  3.511E-16  1.00E-07
  1.500E-02 3.72572E-16  3.649E-08  1.495E-08  1.221E-08 -4.099E-17  4.213E-16  1.00E-07
  1.750E-02 3.72572E-16  4.258E-08  1.495E-08  1.221E-08 -4.782E-17  4.915E-16  1.00E-07
  2.000E-02 3.72572E-16  4.866E-08  1.495E-08  1.221E-08 -5.465E-17  5.617E-16  1.00E-07
  2.250E-02 3.72572E-16  5.474E-08  1.495E-08  1.221E-08 -6.149E-17  6.319E-16  1.00E-07
  2.500E-02 3.72572E-16  6.082E-08  1.495E-08  1.221E-08 -6.832E-17  7.021E-16  1.00E-07
  2.750E-02 3.72572E-16  6.691E-08  1.495E-08  1.221E-08 -7.515E-17  7.724E-16  1.00E-07
  3.000E-02 3.72572E-16  7.299E-08  1.495E-08  1.221E-08 -8.198E-17  8.426E-16  1.00E-07
  3.250E-02 3.72571E-16  7.907E-08  1.495E-08  1.221E-08 -8.881E-17  9.128E-16  1.00E-07
  3.500E-02 3.72571E-16  8.515E-08  1.495E-08  1.221E-08 -9.565E-17  9.830E-16  1.00E-07
  3.750E-02 3.72571E-16  9.123E-08  1.495E-08  1.221E-08 -1.025E-16  1.053E-15  1.00E-07
  4.000E-02 3.72571E-16  9.732E-08  1.495E-08  1.221E-08 -1.093E-16  1.123E-15  1.00E-07
  4.250E-02 3.72571E-16  1.034E-07  1.495E-08  1.221E-08 -1.161E-16  1.194E-15  1.00E-07
  4.500E-02 3.72571E-16  1.095E-07  1.495E-08  1.221E-08 -1.230E-16  1.264E-15  1.00E-07
  4.750E-02 3.72570E-16  1.156E-07  1.495E-08  1.221E-08 -1.298E-16  1.334E-15  1.00E-07
  5.000E-02 3.72570E-16  1.216E-07  1.495E-08  1.221E-08 -1.366E-16  1.404E-15  1.00E-07
  5.250E-02 3.72570E-16  1.277E-07  1.495E-08  1.221E-08 -1.435E-16  1.474E-15  1.00E-07
  5.500E-02 3.72570E-16  1.338E-07  1.495E-08  1.221E-08 -1.503E-16  1.545E-15  1.00E-07
  5.750E-02 3.72570E-16  1.399E-07  1.495E-08  1.221E-08 -1.571E-16  1.615E-15  1.00E-07
  6.000E-02 3.72569E-16  1.460E-07  1.495E-08  1.221E-08 -1.640E-16  1.685E-15  1.00E-07
  6.250E-02 3.72569E-16  1.521E-07  1.495E-08  1.221E-08 -1.708E-16  1.755E-15  1.00E-07
  6.500E-02 3.72569E-16  1.581E-07  1.495E-08  1.221E-08 -1.776E-16  1.826E-15  1.00E-07
  6.750E-02 3.72569E-16  1.642E-07  1.495E-08  1.221E-08 -1.845E-16  1.896E-15  1.00E-07
  7.000E-02 3.72568E-16  1.703E-07  1.495E-08  1.221E-08 -1.913E-16  1.966E-15  1.00E-07
  7.250E-02 3.72568E-16  1.764E-07  1.495E-08  1.221E-08 -1.981E-16  2.036E-15  1.00E-07
  7.500E-02 3.72568E-16  1.825E-07  1.495E-08  1.221E-08 -2.050E-16  2.106E-15  1.00E-07
  7.750E-02 3.72568E-16  1.886E-07  1.495E-08  1.221E-08 -2.118E-16  2.177E-15  1.00E-07
  8.000E-02 3.72567E-16  1.946E-07  1.495E-08  1.221E-08 -2.186E-16  2.247E-15  1.00E-07
  8.250E-02 3.72567E-16  2.007E-07  1.495E-08  1.221E-08 -2.255E-16  2.317E-15  1.00E-07
  8.500E-02 3.72567E-16  2.068E-07  1.495E-08  1.221E-08 -2.323E-16  2.387E-15  1.00E-07
  8.750E-02 3.72566E-16  2.129E-07  1.495E-08  1.221E-08 -2.391E-16  2.457E-15  1.00E-07
  9.000E-02 3.72566E-16  2.190E-07  1.495E-08  1.221E-08 -2.460E-16  2.528E-15  1.00E-07
  9.250E-02 3.72566E-16  2.250E-07  1.495E-08  1.221E-08 -2.528E-16  2.598E-15  1.00E-07
  9.500E-02 3.72565E-16  2.311E-07  1.495E-08  1.221E-08 -2.596E-16  2.668E-15  1.00E-07
  9.750E-02 3.72565E-16  2.372E-07  1.495E-08  1.221E-08 -2.665E-16  2.738E-15  1.00E-07
  1.000E-01 3.72565E-16  2.433E-07  1.495E-08  1.221E-08 -2.733E-16  2.809E-15  1.00E-07
  1.250E-01 3.72560E-16  3.041E-07  1.495E-08  1.221E-08 -3.417E-16  3.511E-15  1.00E-07
  1.500E-01 3.72555E-16  3.649E-07  1.495E-08  1.221E-08 -4.100E-16  4.213E-15  1.00E-07
  1.750E-01 3.72549E-16  4.258E-07  1.495E-08  1.221E-08 -4.784E-16  4.915E-15  1.00E-07
  2.000E-01 3.72542E-16  4.866E-07  1.495E-08  1.221E-08 -5.468E-16  5.617E-15  1.00E-07
  2.250E-01 3.72534E-16  5.474E-07  1.495E-08  1.221E-08 -6.153E-16  6.319E-15  1.00E-07
  2.500E-01 3.72524E-16  6.083E-07  1.495E-08  1.221E-08 -6.837E-16  7.021E-15  1.00E-07
  2.750E-01 3.72514E-16  6.691E-07  1.495E-08  1.221E-08 -7.522E-16  7.723E-15  1.00E-07
  3.000E-01 3.72504E-16  7.300E-07  1.495E-08  1.221E-08 -8.208E-16  8.425E-15  1.00E-07
  3.250E-01 3.72492E-16  7.908E-07  1.495E-08  1.221E-08 -8.893E-16  9.127E-15  1.00E-07
  3.500E-01 3.72479E-16  8.517E-07  1.495E-08  1.221E-08 -9.579E-16  9.830E-15  1.00E-07
  3.750E-01 3.72465E-16  9.125E-07  1.495E-08  1.221E-08 -1.027E-15  1.053E-14  1.00E-07
  4.000E-01 3.72450E-16  9.734E-07  1.495E-08  1.221E-08 -1.095E-15  1.123E-14  1.00E-07
  4.250E-01 3.72434E-16  1.034E-06  1.495E-08  1.221E-08 -1.164E-15  1.194E-14  1.00E-07
  4.500E-01 3.72418E-16  1.095E-06  1.494E-08  1.221E-08 -1.233E-15  1.264E-14  1.00E-07
  4.750E-01 3.72400E-16  1.156E-06  1.494E-08  1.221E-08 -1.302E-15  1.334E-14  1.00E-07
  5.000E-01 3.72381E-16  1.217E-06  1.494E-08  1.221E-08 -1.371E-15  1.404E-14  1.00E-07
  5.250E-01 3.72362E-16  1.278E-06  1.494E-08  1.221E-08 -1.440E-15  1.474E-14  1.00E-07
  5.500E-01 3.72341E-16  1.339E-06  1.494E-08  1.221E-08 -1.509E-15  1.545E-14  1.00E-07
  5.750E-01 3.72320E-16  1.400E-06  1.494E-08  1.221E-08 -1.578E-15  1.615E-14  1.00E-07
  6.000E-01 3.72298E-16  1.460E-06  1.494E-08  1.221E-08 -1.647E-15  1.685E-14  1.00E-07
  6.250E-01 3.72274E-16  1.521E-06  1.494E-08  1.221E-08 -1.716E-15  1.755E-14  1.00E-07
  6.500E-01 3.72250E-16  1.582E-06  1.494E-08  1.221E-08 -1.786E-15  1.825E-14  1.00E-07
  6.750E-01 3.72225E-16  1.643E-06  1.494E-08  1.221E-08 -1.855E-15  1.895E-14  1.00E-07
  7.000E-01 3.72198E-16  1.704E-06  1.494E-08  1.221E-08 -1.925E-15  1.966E-14  1.00E-07
  7.250E-01 3.72171E-16  1.765E-06  1.494E-08  1.221E-08 -1.995E-15  2.036E-14  1.00E-07
  7.500E-01 3.72143E-16  1.826E-06  1.494E-08  1.221E-08 -2.064E-15  2.106E-14  1.00E-07
  7.750E-01 3.72114E-16  1.887E-06  1.494E-08  1.221E-08 -2.134E-15  2.176E-14  1.00E-07
  8.000E-01 3.72084E-16  1.948E-06  1.494E-08  1.221E-08 -2.204E-15  2.246E-14  1.00E-07
  8.250E-01 3.72053E-16  2.009E-06  1.493E-08  1.221E-08 -2.274E-15  2.317E-14  1.00E-07
  8.500E-01 3.72021E-16  2.070E-06  1.493E-08  1.221E-08 -2.344E-15  2.387E-14  1.00E-07
  8.750E-01 3.71988E-16  2.131E-06  1.493E-08  1.221E-08 -2.414E-15  2.457E-14  1.00E-07
  9.000E-01 3.71955E-16  2.192E-06  1.493E-08  1.221E-08 -2.485E-15  2.527E-14  1.00E-07
  9.250E-01 3.71920E-16  2.253E-06  1.493E-08  1.221E-08 -2.555E-15  2.597E-14  1.00E-07
  9.500E-01 3.71884E-16  2.314E-06  1.493E-08  1.221E-08 -2.626E-15  2.667E-14  1.00E-07
  9.750E-01 3.71847E-16  2.375E-06  1.493E-08  1.221E-08 -2.697E-15  2.737E-14  1.00E-07
  1.000E+00 3.71810E-16  2.436E-06  1.493E-08  1.221E-08 -2.768E-15  2.808E-14  1.00E-07
  1.100E+00 3.71650E-16  2.680E-06  1.492E-08  1.220E-08 -3.052E-15  3.088E-14  1.00E-07
  1.200E+00 3.71475E-16  2.925E-06  1.492E-08  1.220E-08 -3.340E-15  3.369E-14  1.00E-07
  1.300E+00 3.71285E-16  3.170E-06  1.491E-08  1.220E-08 -3.629E-15  3.649E-14  1.00E-07
  1.400E+00 3.71080E-16  3.415E-06  1.491E-08  1.220E-08 -3.921E-15  3.929E-14  1.00E-07
  1.500E+00 3.70860E-16  3.660E-06  1.490E-08  1.220E-08 -4.217E-15  4.210E-14  1.00E-07
  1.600E+00 3.70625E-16  3.906E-06  1.489E-08  1.220E-08 -4.515E-15  4.490E-14  1.00E-07
  1.700E+00 3.70375E-16  4.152E-06  1.489E-08  1.220E-08 -4.817E-15  4.770E-14  1.00E-07
  1.800E+00 3.70110E-16  4.398E-06  1.488E-08  1.219E-08 -5.122E-15  5.050E-14  1.00E-07
  1.900E+00 3.69830E-16  4.645E-06  1.487E-08  1.219E-08 -5.431E-15  5.330E-14  1.00E-07
  2.000E+00 3.69535E-16  4.891E-06  1.486E-08  1.219E-08 -5.744E-15  5.610E-14  1.00E-07
  2.100E+00 3.69225E-16  5.139E-06  1.485E-08  1.219E-08 -6.061E-15  5.889E-14  1.00E-07
  2.200E+00 3.68901E-16  5.387E-06  1.485E-08  1.219E-08 -6.383E-15  6.169E-14  1.00E-07
  2.300E+00 3.68562E-16  5.635E-06  1.484E-08  1.218E-08 -6.709E-15  6.448E-14  1.00E-07
  2.400E+00 3.68208E-16  5.883E-06  1.483E-08  1.218E-08 -7.039E-15  6.728E-14  1.00E-07
  2.500E+00 3.67840E-16  6.132E-06  1.482E-08  1.218E-08 -7.375E-15  7.007E-14  1.00E-07
  2.600E+00 3.67458E-16  6.382E-06  1.480E-08  1.218E-08 -7.716E-15  7.286E-14  1.00E-07
  2.700E+00 3.67060E-16  6.632E-06  1.479E-08  1.217E-08 -8.062E-15  7.565E-14  1.00E-07
  2.800E+00 3.66649E-16  6.883E-06  1.478E-08  1.217E-08 -8.414E-15  7.843E-14  1.00E-07
  2.900E+00 3.66223E-16  7.134E-06  1.477E-08  1.217E-08 -8.771E-15  8.122E-14  1.00E-07
  3.000E+00 3.65783E-16  7.385E-06  1.476E-08  1.217E-08 -9.135E-15  8.400E-14  1.00E-07
  3.100E+00 3.65328E-16  7.638E-06  1.474E-08  1.216E-08 -9.505E-15  8.678E-14  1.00E-07
  3.200E+00 3.64859E-16  7.891E-06  1.473E-08  1.216E-08 -9.881E-15  8.957E-14  1.00E-07
  3.300E+00 3.64377E-16  8.144E-06  1.472E-08  1.216E-08 -1.026E-14  9.234E-14  1.00E-07
  3.400E+00 3.63880E-16  8.398E-06  1.470E-08  1.215E-08 -1.065E-14  9.512E-14  1.00E-07
  3.500E+00 3.63369E-16  8.653E-06  1.469E-08  1.215E-08 -1.105E-14  9.790E-14  1.00E-07
  3.600E+00 3.62845E-16  8.908E-06  1.467E-08  1.215E-08 -1.145E-14  1.007E-13  1.00E-07
  3.700E+00 3.62307E-16  9.165E-06  1.466E-08  1.214E-08 -1.186E-14  1.034E-13  1.00E-07
  3.800E+00 3.61755E-16  9.422E-06  1.464E-08  1.214E-08 -1.228E-14  1.062E-13  1.00E-07
  3.900E+00 3.61189E-16  9.679E-06  1.463E-08  1.214E-08 -1.271E-14  1.090E-13  1.00E-07
  4.000E+00 3.60610E-16  9.938E-06  1.461E-08  1.213E-08 -1.314E-14  1.117E-13  1.00E-07
  4.100E+00 3.60018E-16  1.020E-05  1.459E-08  1.213E-08 -1.358E-14  1.145E-13  1.00E-07
  4.200E+00 3.59412E-16  1.046E-05  1.457E-08  1.212E-08 -1.403E-14  1.173E-13  1.00E-07
  4.300E+00 3.58793E-16  1.072E-05  1.456E-08  1.212E-08 -1.449E-14  1.200E-13  1.00E-07
  4.400E+00 3.58161E-16  1.098E-05  1.454E-08  1.212E-08 -1.496E-14  1.228E-13  1.00E-07
  4.500E+00 3.57515E-16  1.124E-05  1.452E-08  1.211E-08 -1.543E-14  1.255E-13  1.00E-07
  4.600E+00 3.56857E-16  1.151E-05  1.450E-08  1.211E-08 -1.592E-14  1.283E-13  1.00E-07
  4.700E+00 3.56186E-16  1.177E-05  1.448E-08  1.210E-08 -1.641E-14  1.310E-13  1.00E-07
  4.800E+00 3.55502E-16  1.203E-05  1.446E-08  1.210E-08 -1.691E-14  1.338E-13  1.00E-07
  4.900E+00 3.54805E-16  1.230E-05  1.444E-08  1.209E-08 -1.743E-14  1.365E-13  1.00E-07
  5.000E+00 3.54096E-16  1.257E-05  1.442E-08  1.209E-08 -1.795E-14  1.393E-13  1.00E-07
  5.100E+00 3.53375E-16  1.284E-05  1.440E-08  1.208E-08 -1.848E-14  1.420E-13  1.00E-07
  5.200E+00 3.52641E-16  1.311E-05  1.438E-08  1.208E-08 -1.902E-14  1.447E-13  1.00E-07
  5.300E+00 3.51894E-16  1.338E-05  1.436E-08  1.207E-08 -1.958E-14  1.475E-13  1.00E-07
  5.400E+00 3.51136E-16  1.365E-05  1.433E-08  1.207E-08 -2.014E-14  1.502E-13  1.00E-07
  5.500E+00 3.50366E-16  1.392E-05  1.431E-08  1.206E-08 -2.071E-14  1.529E-13  1.00E-07
  5.600E+00 3.49583E-16  1.419E-05  1.429E-08  1.206E-08 -2.130E-14  1.556E-13  1.00E-07
  5.700E+00 3.48789E-16  1.447E-05  1.427E-08  1.205E-08 -2.189E-14  1.584E-13  1.00E-07
  5.800E+00 3.47983E-16  1.474E-05  1.424E-08  1.205E-08 -2.250E-14  1.611E-13  1.00E-07
  5.900E+00 3.47166E-16  1.502E-05  1.422E-08  1.204E-08 -2.311E-14  1.638E-13  1.00E-07
  6.000E+00 3.46337E-16  1.530E-05  1.419E-08  1.204E-08 -2.374E-14  1.665E-13  1.00E-07
  6.100E+00 3.45497E-16  1.558E-05  1.417E-08  1.203E-08 -2.438E-14  1.692E-13  1.00E-07
  6.200E+00 3.44645E-16  1.586E-05  1.415E-08  1.202E-08 -2.503E-14  1.719E-13  1.00E-07
  6.300E+00 3.43783E-16  1.614E-05  1.412E-08  1.202E-08 -2.570E-14  1.746E-13  1.00E-07
  6.400E+00 3.42909E-16  1.642E-05  1.409E-08  1.201E-08 -2.637E-14  1.773E-13  1.00E-07
  6.500E+00 3.42024E-16  1.671E-05  1.407E-08  1.200E-08 -2.706E-14  1.800E-13  1.00E-07
  6.600E+00 3.41129E-16  1.699E-05  1.404E-08  1.200E-08 -2.776E-14  1.827E-13  1.00E-07
  6.700E+00 3.40223E-16  1.728E-05  1.401E-08  1.199E-08 -2.847E-14  1.854E-13  1.00E-07
  6.800E+00 3.39307E-16  1.757E-05  1.399E-08  1.199E-08 -2.919E-14  1.880E-13  1.00E-07
  6.900E+00 3.38381E-16  1.786E-05  1.396E-08  1.198E-08 -2.993E-14  1.907E-13  1.00E-07
  7.000E+00 3.37444E-16  1.815E-05  1.393E-08  1.197E-08 -3.068E-14  1.934E-13  1.00E-07
  7.100E+00 3.36497E-16  1.844E-05  1.390E-08  1.197E-08 -3.144E-14  1.961E-13  1.00E-07
  7.200E+00 3.35540E-16  1.873E-05  1.388E-08  1.196E-08 -3.222E-14  1.987E-13  1.00E-07
  7.300E+00 3.34573E-16  1.903E-05  1.385E-08  1.195E-08 -3.301E-14  2.014E-13  1.00E-07
  7.400E+00 3.33596E-16  1.932E-05  1.382E-08  1.194E-08 -3.381E-14  2.040E-13  1.00E-07
  7.500E+00 3.32610E-16  1.962E-05  1.379E-08  1.194E-08 -3.463E-14  2.067E-13  1.00E-07
  7.600E+00 3.31615E-16  1.992E-05  1.376E-08  1.193E-08 -3.546E-14  2.093E-13  1.00E-07
  7.700E+00 3.30610E-16  2.022E-05  1.373E-08  1.192E-08 -3.630E-14  2.120E-13  1.00E-07
  7.800E+00 3.29596E-16  2.053E-05  1.370E-08  1.192E-08 -3.716E-14  2.146E-13  1.00E-07
  7.900E+00 3.28572E-16  2.083E-05  1.367E-08  1.191E-08 -3.803E-14  2.173E-13  1.00E-07
  8.000E+00 3.27540E-16  2.114E-05  1.364E-08  1.190E-08 -3.892E-14  2.199E-13  1.00E-07
  8.100E+00 3.26500E-16  2.144E-05  1.360E-08  1.189E-08 -3.982E-14  2.225E-13  1.00E-07
  8.200E+00 3.25450E-16  2.175E-05  1.357E-08  1.188E-08 -4.073E-14  2.252E-13  1.00E-07
  8.300E+00 3.24392E-16  2.207E-05  1.354E-08  1.188E-08 -4.166E-14  2.278E-13  1.00E-07
  8.400E+00 3.23326E-16  2.238E-05  1.351E-08  1.187E-08 -4.260E-14  2.304E-13  1.00E-07
  8.500E+00 3.22251E-16  2.269E-05  1.347E-08  1.186E-08 -4.356E-14  2.330E-13  1.00E-07
  8.600E+00 3.21169E-16  2.301E-05  1.344E-08  1.185E-08 -4.454E-14  2.356E-13  1.00E-07
  8.700E+00 3.20078E-16  2.333E-05  1.341E-08  1.184E-08 -4.552E-14  2.382E-13  1.00E-07
  8.800E+00 3.18980E-16  2.365E-05  1.337E-08  1.184E-08 -4.653E-14  2.408E-13  1.00E-07
  8.900E+00 3.17874E-16  2.397E-05  1.334E-08  1.183E-08 -4.755E-14  2.434E-13  1.00E-07
  9.000E+00 3.16760E-16  2.429E-05  1.331E-08  1.182E-08 -4.858E-14  2.460E-13  1.00E-07
  9.100E+00 3.15639E-16  2.462E-05  1.327E-08  1.181E-08 -4.963E-14  2.486E-13  1.00E-07
  9.200E+00 3.14511E-16  2.495E-05  1.324E-08  1.180E-08 -5.069E-14  2.511E-13  1.00E-07
  9.300E+00 3.13375E-16  2.527E-05  1.320E-08  1.179E-08 -5.178E-14  2.537E-13  1.00E-07
  9.400E+00 3.12233E-16  2.561E-05  1.317E-08  1.178E-08 -5.287E-14  2.563E-13  1.00E-07
  9.500E+00 3.11084E-16  2.594E-05  1.313E-08  1.178E-08 -5.398E-14  2.588E-13  1.00E-07
  9.600E+00 3.09928E-16  2.627E-05  1.310E-08  1.177E-08 -5.511E-14  2.614E-13  1.00E-07
  9.700E+00 3.08765E-16  2.661E-05  1.306E-08  1.176E-08 -5.625E-14  2.640E-13  1.00E-07
  9.800E+00 3.07597E-16  2.695E-05  1.302E-08  1.175E-08 -5.741E-14  2.665E-13  1.00E-07
  9.900E+00 3.06422E-16  2.729E-05  1.299E-08  1.174E-08 -5.859E-14  2.690E-13  1.00E-07
  1.000E+01 3.05240E-16  2.764E-05  1.295E-08  1.173E-08 -5.978E-14  2.716E-13  1.00E-07
  1.025E+01 3.02261E-16  2.850E-05  1.286E-08  1.171E-08 -6.284E-14  2.779E-13  1.00E-07
  1.050E+01 2.99247E-16  2.939E-05  1.276E-08  1.168E-08 -6.599E-14  2.842E-13  1.00E-07
  1.075E+01 2.96200E-16  3.028E-05  1.266E-08  1.166E-08 -6.925E-14  2.904E-13  1.00E-07
  1.100E+01 2.93122E-16  3.119E-05  1.256E-08  1.163E-08 -7.262E-14  2.966E-13  1.00E-07
  1.125E+01 2.90015E-16  3.212E-05  1.246E-08  1.160E-08 -7.609E-14  3.028E-13  1.00E-07
  1.150E+01 2.86882E-16  3.306E-05  1.236E-08  1.158E-08 -7.967E-14  3.090E-13  1.00E-07
  1.175E+01 2.83724E-16  3.402E-05  1.226E-08  1.155E-08 -8.336E-14  3.151E-13  1.00E-07
  1.200E+01 2.80545E-16  3.499E-05  1.216E-08  1.152E-08 -8.716E-14  3.211E-13  1.00E-07
  1.225E+01 2.77345E-16  3.598E-05  1.205E-08  1.149E-08 -9.107E-14  3.271E-13  1.00E-07
  1.250E+01 2.74126E-16  3.698E-05  1.194E-08  1.147E-08 -9.509E-14  3.331E-13  1.00E-07
  1.275E+01 2.70892E-16  3.801E-05  1.184E-08  1.144E-08 -9.922E-14  3.391E-13  1.00E-07
  1.300E+01 2.67644E-16  3.905E-05  1.173E-08  1.141E-08 -1.035E-13  3.450E-13  1.00E-07
  1.325E+01 2.64383E-16  4.011E-05  1.162E-08  1.138E-08 -1.078E-13  3.508E-13  1.00E-07
  1.350E+01 2.61113E-16  4.119E-05  1.151E-08  1.135E-08 -1.123E-13  3.566E-13  1.00E-07
  1.375E+01 2.57834E-16  4.229E-05  1.139E-08  1.131E-08 -1.169E-13  3.624E-13  1.00E-07
  1.400E+01 2.54549E-16  4.340E-05  1.128E-08  1.128E-08 -1.216E-13  3.681E-13  1.00E-07
  1.425E+01 2.51260E-16  4.454E-05  1.117E-08  1.125E-08 -1.264E-13  3.738E-13  1.00E-07
  1.450E+01 2.47967E-16  4.570E-05  1.105E-08  1.122E-08 -1.313E-13  3.795E-13  1.00E-07
  1.475E+01 2.44674E-16  4.688E-05  1.094E-08  1.118E-08 -1.363E-13  3.851E-13  1.00E-07
  1.500E+01 2.41382E-16  4.808E-05  1.082E-08  1.115E-08 -1.415E-13  3.906E-13  1.00E-07
  1.525E+01 2.38092E-16  4.931E-05  1.070E-08  1.112E-08 -1.467E-13  3.961E-13  1.00E-07
  1.550E+01 2.34807E-16  5.055E-05  1.058E-08  1.108E-08 -1.521E-13  4.016E-13  1.00E-07
  1.575E+01 2.31527E-16  5.182E-05  1.046E-08  1.105E-08 -1.576E-13  4.070E-13  1.00E-07
  1.600E+01 2.28255E-16  5.312E-05  1.034E-08  1.101E-08 -1.632E-13  4.123E-13  1.00E-07
  1.625E+01 2.24991E-16  5.443E-05  1.022E-08  1.098E-08 -1.689E-13  4.176E-13  1.00E-07
  1.650E+01 2.21738E-16  5.578E-05  1.010E-08  1.094E-08 -1.747E-13  4.229E-13  1.00E-07
  1.675E+01 2.18496E-16  5.714E-05  9.982E-09  1.090E-08 -1.807E-13  4.281E-13  1.00E-07
  1.700E+01 2.15268E-16  5.854E-05  9.860E-09  1.086E-08 -1.867E-13  4.333E-13  1.00E-07
  1.725E+01 2.12053E-16  5.996E-05  9.738E-09  1.083E-08 -1.929E-13  4.384E-13  1.00E-07
  1.750E+01 2.08855E-16  6.140E-05  9.616E-09  1.079E-08 -1.991E-13  4.434E-13  1.00E-07
  1.775E+01 2.05674E-16  6.287E-05  9.493E-09  1.075E-08 -2.055E-13  4.484E-13  1.00E-07
  1.800E+01 2.02510E-16  6.438E-05  9.370E-09  1.071E-08 -2.120E-13  4.534E-13  1.00E-07
  1.825E+01 1.99366E-16  6.590E-05  9.246E-09  1.067E-08 -2.186E-13  4.583E-13  1.00E-07
  1.850E+01 1.96242E-16  6.746E-05  9.122E-09  1.063E-08 -2.253E-13  4.631E-13  1.00E-07
  1.875E+01 1.93140E-16  6.905E-05  8.998E-09  1.059E-08 -2.321E-13  4.679E-13  1.00E-07
  1.900E+01 1.90060E-16  7.067E-05  8.874E-09  1.055E-08 -2.390E-13  4.726E-13  1.00E-07
  1.925E+01 1.87003E-16  7.231E-05  8.750E-09  1.051E-08 -2.460E-13  4.773E-13  1.00E-07
  1.950E+01 1.83971E-16  7.399E-05  8.626E-09  1.047E-08 -2.531E-13  4.819E-13  1.00E-07
  1.975E+01 1.80963E-16  7.570E-05  8.501E-09  1.043E-08 -2.603E-13  4.865E-13  1.00E-07
  2.000E+01 1.77982E-16  7.744E-05  8.377E-09  1.038E-08 -2.676E-13  4.910E-13  1.00E-07
  2.025E+01 1.75027E-16  7.922E-05  8.252E-09  1.034E-08 -2.750E-13  4.955E-13  1.00E-07
  2.050E+01 1.72100E-16  8.103E-05  8.128E-09  1.030E-08 -2.826E-13  4.999E-13  1.00E-07
  2.075E+01 1.69200E-16  8.287E-05  8.003E-09  1.025E-08 -2.902E-13  5.042E-13  1.00E-07
  2.100E+01 1.66330E-16  8.474E-05  7.879E-09  1.021E-08 -2.979E-13  5.085E-13  1.00E-07
  2.125E+01 1.63489E-16  8.665E-05  7.755E-09  1.017E-08 -3.057E-13  5.127E-13  1.00E-07
  2.150E+01 1.60677E-16  8.860E-05  7.631E-09  1.012E-08 -3.136E-13  5.169E-13  1.00E-07
  2.175E+01 1.57896E-16  9.058E-05  7.507E-09  1.008E-08 -3.216E-13  5.210E-13  1.00E-07
  2.200E+01 1.55146E-16  9.260E-05  7.384E-09  1.003E-08 -3.296E-13  5.250E-13  1.00E-07
  2.225E+01 1.52428E-16  9.465E-05  7.260E-09  9.986E-09 -3.378E-13  5.290E-13  1.00E-07
  2.250E+01 1.49741E-16  9.675E-05  7.137E-09  9.940E-09 -3.461E-13  5.329E-13  1.00E-07
  2.275E+01 1.47086E-16  9.888E-05  7.014E-09  9.894E-09 -3.544E-13  5.368E-13  1.00E-07
  2.300E+01 1.44464E-16  1.010E-04  6.892E-09  9.847E-09 -3.628E-13  5.406E-13  1.00E-07
  2.325E+01 1.41875E-16  1.033E-04  6.770E-09  9.800E-09 -3.714E-13  5.443E-13  1.00E-07
  2.350E+01 1.39318E-16  1.055E-04  6.648E-09  9.753E-09 -3.799E-13  5.480E-13  1.00E-07
  2.375E+01 1.36795E-16  1.078E-04  6.527E-09  9.705E-09 -3.886E-13  5.516E-13  1.00E-07
  2.400E+01 1.34305E-16  1.101E-04  6.406E-09  9.658E-09 -3.974E-13  5.552E-13  1.00E-07
  2.425E+01 1.31849E-16  1.125E-04  6.286E-09  9.609E-09 -4.062E-13  5.587E-13  1.00E-07
  2.450E+01 1.29427E-16  1.149E-04  6.166E-09  9.561E-09 -4.151E-13  5.621E-13  1.00E-07
  2.475E+01 1.27038E-16  1.173E-04  6.046E-09  9.512E-09 -4.241E-13  5.655E-13  1.00E-07
  2.500E+01 1.24683E-16  1.198E-04  5.927E-09  9.463E-09 -4.332E-13  5.688E-13  1.00E-07
  2.550E+01 1.20076E-16  1.249E-04  5.691E-09  9.364E-09 -4.515E-13  5.752E-13  1.00E-07
  2.600E+01 1.15605E-16  1.302E-04  5.457E-09  9.264E-09 -4.701E-13  5.814E-13  1.00E-07
  2.650E+01 1.11270E-16  1.357E-04  5.225E-09  9.163E-09 -4.890E-13  5.873E-13  1.00E-07
  2.700E+01 1.07070E-16  1.413E-04  4.996E-09  9.061E-09 -5.081E-13  5.930E-13  1.00E-07
  2.750E+01 1.03005E-16  1.472E-04  4.770E-09  8.958E-09 -5.275E-13  5.984E-13  1.00E-07
  2.800E+01 9.90719E-17  1.532E-04  4.546E-09  8.855E-09 -5.471E-13  6.036E-13  1.00E-07
  2.850E+01 9.52708E-17  1.594E-04  4.326E-09  8.750E-09 -5.669E-13  6.085E-13  1.00E-07
  2.900E+01 9.15994E-17  1.658E-04  4.108E-09  8.644E-09 -5.869E-13  6.131E-13  1.00E-07
  2.950E+01 8.80558E-17  1.723E-04  3.894E-09  8.538E-09 -6.071E-13  6.175E-13  1.00E-07
  3.000E+01 8.46377E-17  1.791E-04  3.682E-09  8.431E-09 -6.275E-13  6.216E-13  1.00E-07
  3.050E+01 8.13428E-17  1.860E-04  3.474E-09  8.323E-09 -6.480E-13  6.255E-13  1.00E-07
  3.100E+01 7.81686E-17  1.932E-04  3.270E-09  8.215E-09 -6.687E-13  6.290E-13  1.00E-07
  3.150E+01 7.51125E-17  2.005E-04  3.068E-09  8.105E-09 -6.895E-13  6.324E-13  1.00E-07
  3.200E+01 7.21717E-17  2.080E-04  2.870E-09  7.996E-09 -7.105E-13  6.355E-13  1.00E-07
  3.250E+01 6.93434E-17  2.156E-04  2.676E-09  7.886E-09 -7.315E-13  6.383E-13  1.00E-07
  3.300E+01 6.66247E-17  2.235E-04  2.485E-09  7.775E-09 -7.527E-13  6.408E-13  1.00E-07
  3.350E+01 6.40126E-17  2.315E-04  2.298E-09  7.664E-09 -7.740E-13  6.431E-13  1.00E-07
  3.400E+01 6.15041E-17  2.397E-04  2.115E-09  7.552E-09 -7.953E-13  6.452E-13  1.00E-07
  3.450E+01 5.90962E-17  2.480E-04  1.935E-09  7.440E-09 -8.167E-13  6.470E-13  1.00E-07
  3.500E+01 5.67859E-17  2.565E-04  1.759E-09  7.328E-09 -8.382E-13  6.485E-13  1.00E-07
  3.550E+01 5.45700E-17  2.651E-04  1.586E-09  7.215E-09 -8.597E-13  6.498E-13  1.00E-07
  3.600E+01 5.24456E-17  2.738E-04  1.418E-09  7.102E-09 -8.812E-13  6.508E-13  1.00E-07
  3.650E+01 5.04096E-17  2.827E-04  1.252E-09  6.989E-09 -9.028E-13  6.515E-13  1.00E-07
  3.700E+01 4.84589E-17  2.917E-04  1.091E-09  6.875E-09 -9.244E-13  6.521E-13  1.00E-07
  3.750E+01 4.65907E-17  3.007E-04  9.335E-10  6.762E-09 -9.460E-13  6.523E-13  1.00E-07
  3.800E+01 4.48020E-17  3.098E-04  7.795E-10  6.648E-09 -9.676E-13  6.523E-13  1.00E-07
  3.850E+01 4.30899E-17  3.190E-04  6.293E-10  6.534E-09 -9.891E-13  6.521E-13  1.00E-07
  3.900E+01 4.14516E-17  3.283E-04  4.828E-10  6.420E-09 -1.011E-12  6.517E-13  1.00E-07
  3.950E+01 3.98842E-17  3.375E-04  3.399E-10  6.306E-09 -1.032E-12  6.509E-13  1.00E-07
  4.000E+01 3.83851E-17  3.468E-04  2.007E-10  6.192E-09 -1.054E-12  6.500E-13  1.00E-07
  4.050E+01 3.69516E-17  3.560E-04  6.513E-11  6.078E-09 -1.075E-12  6.488E-13  1.00E-07
  4.100E+01 3.55811E-17  3.652E-04 -6.682E-11  5.965E-09 -1.096E-12  6.474E-13  1.00E-07
  4.150E+01 3.42711E-17  3.743E-04 -1.952E-10  5.851E-09 -1.118E-12  6.457E-13  1.00E-07
  4.200E+01 3.30191E-17  3.833E-04 -3.200E-10  5.737E-09 -1.139E-12  6.438E-13  1.00E-07
  4.250E+01 3.18227E-17  3.922E-04 -4.413E-10  5.624E-09 -1.160E-12  6.417E-13  1.00E-07
  4.300E+01 3.06796E-17  4.010E-04 -5.590E-10  5.511E-09 -1.181E-12  6.394E-13  1.00E-07
  4.350E+01 2.95876E-17  4.096E-04 -6.733E-10  5.398E-09 -1.202E-12  6.368E-13  1.00E-07
  4.400E+01 2.85444E-17  4.180E-04 -7.842E-10  5.285E-09 -1.223E-12  6.340E-13  1.00E-07
  4.450E+01 2.75481E-17  4.262E-04 -8.916E-10  5.172E-09 -1.244E-12  6.310E-13  1.00E-07
  4.500E+01 2.65965E-17  4.341E-04 -9.957E-10  5.060E-09 -1.264E-12  6.278E-13  1.00E-07
  4.550E+01 2.56877E-17  4.417E-04 -1.096E-09  4.948E-09 -1.285E-12  6.244E-13  1.00E-07
  4.600E+01 2.48198E-17  4.489E-04 -1.194E-09  4.837E-09 -1.305E-12  6.207E-13  1.00E-07
  4.650E+01 2.39911E-17  4.559E-04 -1.288E-09  4.726E-09 -1.325E-12  6.169E-13  1.00E-07
  4.700E+01 2.31997E-17  4.624E-04 -1.379E-09  4.615E-09 -1.345E-12  6.128E-13  1.00E-07
  4.750E+01 2.24440E-17  4.685E-04 -1.467E-09  4.505E-09 -1.365E-12  6.086E-13  1.00E-07
  4.800E+01 2.17224E-17  4.741E-04 -1.552E-09  4.395E-09 -1.385E-12  6.042E-13  1.00E-07
  4.850E+01 2.10333E-17  4.793E-04 -1.634E-09  4.285E-09 -1.405E-12  5.995E-13  1.00E-07
  4.900E+01 2.03752E-17  4.839E-04 -1.712E-09  4.177E-09 -1.424E-12  5.947E-13  1.00E-07
  4.950E+01 1.97468E-17  4.880E-04 -1.788E-09  4.068E-09 -1.443E-12  5.897E-13  1.00E-07
  5.000E+01 1.91467E-17  4.914E-04 -1.861E-09  3.960E-09 -1.462E-12  5.845E-13  1.00E-07
  5.050E+01 1.85735E-17  4.943E-04 -1.930E-09  3.853E-09 -1.481E-12  5.792E-13  1.00E-07
  5.100E+01 1.80261E-17  4.965E-04 -1.997E-09  3.747E-09 -1.500E-12  5.736E-13  1.00E-07
  5.150E+01 1.75032E-17  4.980E-04 -2.062E-09  3.640E-09 -1.519E-12  5.679E-13  1.00E-07
  5.200E+01 1.70038E-17  4.988E-04 -2.123E-09  3.535E-09 -1.537E-12  5.620E-13  1.00E-07
  5.250E+01 1.65266E-17  4.988E-04 -2.182E-09  3.430E-09 -1.555E-12  5.560E-13  1.00E-07
  5.300E+01 1.60707E-17  4.981E-04 -2.238E-09  3.326E-09 -1.573E-12  5.498E-13  1.00E-07
  5.350E+01 1.56352E-17  4.966E-04 -2.291E-09  3.223E-09 -1.591E-12  5.434E-13  1.00E-07
  5.400E+01 1.52189E-17  4.942E-04 -2.342E-09  3.120E-09 -1.608E-12  5.369E-13  1.00E-07
  5.450E+01 1.48212E-17  4.910E-04 -2.390E-09  3.018E-09 -1.626E-12  5.302E-13  1.00E-07
  5.500E+01 1.44411E-17  4.870E-04 -2.436E-09  2.917E-09 -1.643E-12  5.234E-13  1.00E-07
  5.550E+01 1.40777E-17  4.821E-04 -2.479E-09  2.816E-09 -1.660E-12  5.164E-13  1.00E-07
  5.600E+01 1.37304E-17  4.763E-04 -2.520E-09  2.716E-09 -1.676E-12  5.093E-13  1.00E-07
  5.650E+01 1.33984E-17  4.695E-04 -2.559E-09  2.617E-09 -1.693E-12  5.021E-13  1.00E-07
  5.700E+01 1.30810E-17  4.618E-04 -2.596E-09  2.519E-09 -1.709E-12  4.947E-13  1.00E-07
  5.750E+01 1.27776E-17  4.532E-04 -2.630E-09  2.421E-09 -1.725E-12  4.872E-13  1.00E-07
  5.800E+01 1.24874E-17  4.437E-04 -2.661E-09  2.325E-09 -1.741E-12  4.796E-13  1.00E-07
  5.850E+01 1.22099E-17  4.332E-04 -2.691E-09  2.229E-09 -1.756E-12  4.718E-13  1.00E-07
  5.900E+01 1.19445E-17  4.217E-04 -2.719E-09  2.134E-09 -1.772E-12  4.640E-13  1.00E-07
  5.950E+01 1.16908E-17  4.093E-04 -2.744E-09  2.039E-09 -1.787E-12  4.560E-13  1.00E-07
  6.000E+01 1.14481E-17  3.959E-04 -2.768E-09  1.946E-09 -1.801E-12  4.479E-13  1.00E-07
  6.050E+01 1.12160E-17  3.815E-04 -2.789E-09  1.854E-09 -1.816E-12  4.398E-13  1.00E-07
  6.100E+01 1.09940E-17  3.662E-04 -2.809E-09  1.762E-09 -1.830E-12  4.315E-13  1.00E-07
  6.150E+01 1.07818E-17  3.499E-04 -2.827E-09  1.671E-09 -1.844E-12  4.231E-13  1.00E-07
  6.200E+01 1.05788E-17  3.327E-04 -2.842E-09  1.581E-09 -1.858E-12  4.146E-13  1.00E-07
  6.250E+01 1.03847E-17  3.146E-04 -2.856E-09  1.492E-09 -1.872E-12  4.060E-13  1.00E-07
  6.300E+01 1.01990E-17  2.955E-04 -2.868E-09  1.404E-09 -1.885E-12  3.974E-13  1.00E-07
  6.350E+01 1.00216E-17  2.756E-04 -2.879E-09  1.317E-09 -1.898E-12  3.886E-13  1.00E-07
  6.400E+01 9.85193E-18  2.548E-04 -2.887E-09  1.231E-09 -1.911E-12  3.798E-13  1.00E-07
  6.450E+01 9.68978E-18  2.331E-04 -2.895E-09  1.145E-09 -1.924E-12  3.709E-13  1.00E-07
  6.500E+01 9.53483E-18  2.106E-04 -2.900E-09  1.061E-09 -1.936E-12  3.619E-13  1.00E-07
  6.550E+01 9.38679E-18  1.872E-04 -2.904E-09  9.771E-10 -1.948E-12  3.529E-13  1.00E-07
  6.600E+01 9.24539E-18  1.631E-04 -2.906E-09  8.945E-10 -1.960E-12  3.438E-13  1.00E-07
  6.650E+01 9.11036E-18  1.382E-04 -2.907E-09  8.128E-10 -1.971E-12  3.346E-13  1.00E-07
  6.700E+01 8.98148E-18  1.126E-04 -2.906E-09  7.320E-10 -1.983E-12  3.254E-13  1.00E-07
  6.750E+01 8.85850E-18  8.631E-05 -2.904E-09  6.522E-10 -1.994E-12  3.161E-13  1.00E-07
  6.800E+01 8.74121E-18  5.934E-05 -2.900E-09  5.733E-10 -2.005E-12  3.068E-13  1.00E-07
  6.850E+01 8.62940E-18  3.175E-05 -2.896E-09  4.954E-10 -2.015E-12  2.974E-13  1.00E-07
  6.900E+01 8.52287E-18  3.565E-06 -2.889E-09  4.184E-10 -2.025E-12  2.880E-13  1.00E-07
  6.950E+01 8.42143E-18 -2.517E-05 -2.882E-09  3.423E-10 -2.035E-12  2.786E-13  1.00E-07
  7.000E+01 8.32492E-18 -5.441E-05 -2.873E-09  2.672E-10 -2.045E-12  2.691E-13  1.00E-07
  7.050E+01 8.23315E-18 -8.413E-05 -2.863E-09  1.931E-10 -2.055E-12  2.595E-13  1.00E-07
  7.100E+01 8.14597E-18 -1.143E-04 -2.852E-09  1.199E-10 -2.064E-12  2.500E-13  1.00E-07
  7.150E+01 8.06322E-18 -1.448E-04 -2.839E-09  4.763E-11 -2.073E-12  2.404E-13  1.00E-07
  7.200E+01 7.98477E-18 -1.757E-04 -2.826E-09 -2.367E-11 -2.081E-12  2.308E-13  1.00E-07
  7.250E+01 7.91048E-18 -2.069E-04 -2.811E-09 -9.403E-11 -2.090E-12  2.212E-13  1.00E-07
  7.300E+01 7.84020E-18 -2.383E-04 -2.795E-09 -1.634E-10 -2.098E-12  2.115E-13  1.00E-07
  7.350E+01 7.77383E-18 -2.699E-04 -2.778E-09 -2.319E-10 -2.106E-12  2.019E-13  1.00E-07
  7.400E+01 7.71124E-18 -3.018E-04 -2.761E-09 -2.994E-10 -2.114E-12  1.922E-13  1.00E-07
  7.450E+01 7.65232E-18 -3.337E-04 -2.742E-09 -3.660E-10 -2.121E-12  1.825E-13  1.00E-07
  7.500E+01 7.59696E-18 -3.657E-04 -2.722E-09 -4.316E-10 -2.128E-12  1.728E-13  1.00E-07
  7.550E+01 7.54506E-18 -3.977E-04 -2.702E-09 -4.963E-10 -2.135E-12  1.631E-13  1.00E-07
  7.600E+01 7.49653E-18 -4.298E-04 -2.680E-09 -5.600E-10 -2.142E-12  1.535E-13  1.00E-07
  7.650E+01 7.45126E-18 -4.617E-04 -2.658E-09 -6.229E-10 -2.148E-12  1.438E-13  1.00E-07
  7.700E+01 7.40917E-18 -4.936E-04 -2.634E-09 -6.847E-10 -2.154E-12  1.341E-13  1.00E-07
  7.750E+01 7.37017E-18 -5.253E-04 -2.610E-09 -7.457E-10 -2.160E-12  1.245E-13  1.00E-07
  7.800E+01 7.33419E-18 -5.568E-04 -2.586E-09 -8.057E-10 -2.166E-12  1.148E-13  1.00E-07
  7.850E+01 7.30114E-18 -5.881E-04 -2.560E-09 -8.648E-10 -2.171E-12  1.052E-13  1.00E-07
  7.900E+01 7.27095E-18 -6.192E-04 -2.534E-09 -9.230E-10 -2.176E-12  9.557E-14  1.00E-07
  7.950E+01 7.24355E-18 -6.499E-04 -2.507E-09 -9.803E-10 -2.181E-12  8.598E-14  1.00E-07
  8.000E+01 7.21887E-18 -6.803E-04 -2.479E-09 -1.037E-09 -2.186E-12  7.642E-14  1.00E-07
  8.050E+01 7.19684E-18 -7.103E-04 -2.450E-09 -1.092E-09 -2.190E-12  6.688E-14  1.00E-07
  8.100E+01 7.17740E-18 -7.398E-04 -2.421E-09 -1.147E-09 -2.194E-12  5.738E-14  1.00E-07
  8.150E+01 7.16048E-18 -7.690E-04 -2.392E-09 -1.200E-09 -2.198E-12  4.790E-14  1.00E-07
  8.200E+01 7.14604E-18 -7.976E-04 -2.361E-09 -1.253E-09 -2.202E-12  3.847E-14  1.00E-07
  8.250E+01 7.13400E-18 -8.257E-04 -2.330E-09 -1.305E-09 -2.205E-12  2.907E-14  1.00E-07
  8.300E+01 7.12433E-18 -8.533E-04 -2.299E-09 -1.356E-09 -2.208E-12  1.971E-14  1.00E-07
  8.350E+01 7.11695E-18 -8.803E-04 -2.267E-09 -1.406E-09 -2.211E-12  1.039E-14  1.00E-07
  8.400E+01 7.11183E-18 -9.068E-04 -2.235E-09 -1.455E-09 -2.214E-12  1.124E-15  1.00E-07
  8.450E+01 7.10891E-18 -9.326E-04 -2.202E-09 -1.504E-09 -2.216E-12 -8.099E-15  1.00E-07
  8.500E+01 7.10814E-18 -9.577E-04 -2.168E-09 -1.551E-09 -2.219E-12 -1.727E-14  1.00E-07
  8.550E+01 7.10948E-18 -9.822E-04 -2.135E-09 -1.598E-09 -2.220E-12 -2.639E-14  1.00E-07
  8.600E+01 7.11288E-18 -1.006E-03 -2.100E-09 -1.644E-09 -2.222E-12 -3.546E-14  1.00E-07
  8.650E+01 7.11830E-18 -1.029E-03 -2.066E-09 -1.689E-09 -2.224E-12 -4.447E-14  1.00E-07
  8.700E+01 7.12569E-18 -1.052E-03 -2.031E-09 -1.733E-09 -2.225E-12 -5.342E-14  1.00E-07
  8.750E+01 7.13501E-18 -1.073E-03 -1.995E-09 -1.776E-09 -2.226E-12 -6.230E-14  1.00E-07
  8.800E+01 7.14622E-18 -1.094E-03 -1.959E-09 -1.819E-09 -2.227E-12 -7.113E-14  1.00E-07
  8.850E+01 7.15929E-18 -1.115E-03 -1.923E-09 -1.860E-09 -2.227E-12 -7.989E-14  1.00E-07
  8.900E+01 7.17416E-18 -1.134E-03 -1.887E-09 -1.901E-09 -2.227E-12 -8.858E-14  1.00E-07
  8.950E+01 7.19081E-18 -1.153E-03 -1.850E-09 -1.941E-09 -2.227E-12 -9.720E-14  1.00E-07
  9.000E+01 7.20920E-18 -1.171E-03 -1.813E-09 -1.981E-09 -2.227E-12 -1.058E-13  1.00E-07
  9.050E+01 7.22929E-18 -1.188E-03 -1.776E-09 -2.019E-09 -2.227E-12 -1.142E-13  1.00E-07
  9.100E+01 7.25104E-18 -1.204E-03 -1.738E-09 -2.057E-09 -2.226E-12 -1.226E-13  1.00E-07
  9.150E+01 7.27442E-18 -1.220E-03 -1.700E-09 -2.094E-09 -2.225E-12 -1.310E-13  1.00E-07
  9.200E+01 7.29939E-18 -1.235E-03 -1.662E-09 -2.130E-09 -2.224E-12 -1.392E-13  1.00E-07
  9.250E+01 7.32592E-18 -1.249E-03 -1.624E-09 -2.165E-09 -2.223E-12 -1.474E-13  1.00E-07
  9.300E+01 7.35399E-18 -1.262E-03 -1.585E-09 -2.200E-09 -2.222E-12 -1.555E-13  1.00E-07
  9.350E+01 7.38355E-18 -1.275E-03 -1.547E-09 -2.234E-09 -2.220E-12 -1.635E-13  1.00E-07
  9.400E+01 7.41457E-18 -1.287E-03 -1.508E-09 -2.267E-09 -2.218E-12 -1.714E-13  1.00E-07
  9.450E+01 7.44702E-18 -1.298E-03 -1.469E-09 -2.300E-09 -2.216E-12 -1.792E-13  1.00E-07
  9.500E+01 7.48087E-18 -1.308E-03 -1.430E-09 -2.332E-09 -2.214E-12 -1.869E-13  1.00E-07
  9.550E+01 7.51609E-18 -1.318E-03 -1.391E-09 -2.363E-09 -2.211E-12 -1.946E-13  1.00E-07
  9.600E+01 7.55265E-18 -1.327E-03 -1.351E-09 -2.393E-09 -2.208E-12 -2.021E-13  1.00E-07
  9.650E+01 7.59052E-18 -1.335E-03 -1.312E-09 -2.423E-09 -2.205E-12 -2.096E-13  1.00E-07
  9.700E+01 7.62967E-18 -1.343E-03 -1.272E-09 -2.452E-09 -2.202E-12 -2.170E-13  1.00E-07
  9.750E+01 7.67007E-18 -1.350E-03 -1.233E-09 -2.480E-09 -2.199E-12 -2.242E-13  1.00E-07
  9.800E+01 7.71169E-18 -1.356E-03 -1.193E-09 -2.508E-09 -2.195E-12 -2.314E-13  1.00E-07
  9.850E+01 7.75450E-18 -1.362E-03 -1.153E-09 -2.535E-09 -2.191E-12 -2.385E-13  1.00E-07
  9.900E+01 7.79848E-18 -1.366E-03 -1.114E-09 -2.561E-09 -2.187E-12 -2.455E-13  1.00E-07
  9.950E+01 7.84360E-18 -1.371E-03 -1.074E-09 -2.587E-09 -2.183E-12 -2.523E-13  1.00E-07
  1.000E+02 7.88982E-18 -1.374E-03 -1.034E-09 -2.612E-09 -2.179E-12 -2.591E-13  1.00E-07
  1.005E+02 7.93713E-18 -1.378E-03 -9.940E-10 -2.636E-09 -2.174E-12 -2.658E-13  1.00E-07
  1.010E+02 7.98549E-18 -1.380E-03 -9.542E-10 -2.660E-09 -2.169E-12 -2.723E-13  1.00E-07
  1.015E+02 8.03488E-18 -1.382E-03 -9.144E-10 -2.683E-09 -2.164E-12 -2.788E-13  1.00E-07
  1.020E+02 8.08528E-18 -1.383E-03 -8.745E-10 -2.706E-09 -2.159E-12 -2.851E-13  1.00E-07
  1.025E+02 8.13665E-18 -1.384E-03 -8.347E-10 -2.728E-09 -2.154E-12 -2.914E-13  1.00E-07
  1.030E+02 8.18897E-18 -1.385E-03 -7.950E-10 -2.749E-09 -2.148E-12 -2.975E-13  1.00E-07
  1.035E+02 8.24221E-18 -1.384E-03 -7.553E-10 -2.770E-09 -2.143E-12 -3.036E-13  1.00E-07
  1.040E+02 8.29635E-18 -1.384E-03 -7.156E-10 -2.790E-09 -2.137E-12 -3.095E-13  1.00E-07
  1.045E+02 8.35137E-18 -1.383E-03 -6.760E-10 -2.810E-09 -2.131E-12 -3.153E-13  1.00E-07
  1.050E+02 8.40724E-18 -1.381E-03 -6.365E-10 -2.829E-09 -2.125E-12 -3.210E-13  1.00E-07
  1.055E+02 8.46393E-18 -1.379E-03 -5.970E-10 -2.847E-09 -2.118E-12 -3.266E-13  1.00E-07
  1.060E+02 8.52141E-18 -1.377E-03 -5.577E-10 -2.865E-09 -2.111E-12 -3.320E-13  1.00E-07
  1.065E+02 8.57968E-18 -1.374E-03 -5.184E-10 -2.883E-09 -2.105E-12 -3.374E-13  1.00E-07
  1.070E+02 8.63869E-18 -1.370E-03 -4.792E-10 -2.900E-09 -2.098E-12 -3.426E-13  1.00E-07
  1.075E+02 8.69843E-18 -1.367E-03 -4.401E-10 -2.916E-09 -2.091E-12 -3.477E-13  1.00E-07
  1.080E+02 8.75887E-18 -1.363E-03 -4.012E-10 -2.932E-09 -2.083E-12 -3.527E-13  1.00E-07
  1.085E+02 8.81999E-18 -1.358E-03 -3.624E-10 -2.948E-09 -2.076E-12 -3.576E-13  1.00E-07
  1.090E+02 8.88177E-18 -1.353E-03 -3.236E-10 -2.963E-09 -2.068E-12 -3.624E-13  1.00E-07
  1.095E+02 8.94418E-18 -1.348E-03 -2.851E-10 -2.977E-09 -2.061E-12 -3.670E-13  1.00E-07
  1.100E+02 9.00720E-18 -1.343E-03 -2.467E-10 -2.991E-09 -2.053E-12 -3.716E-13  1.00E-07
  1.105E+02 9.07081E-18 -1.337E-03 -2.084E-10 -3.005E-09 -2.044E-12 -3.760E-13  1.00E-07
  1.110E+02 9.13498E-18 -1.331E-03 -1.702E-10 -3.018E-09 -2.036E-12 -3.803E-13  1.00E-07
  1.115E+02 9.19969E-18 -1.325E-03 -1.323E-10 -3.030E-09 -2.028E-12 -3.845E-13  1.00E-07
  1.120E+02 9.26492E-18 -1.318E-03 -9.448E-11 -3.042E-09 -2.019E-12 -3.885E-13  1.00E-07
  1.125E+02 9.33065E-18 -1.311E-03 -5.684E-11 -3.054E-09 -2.010E-12 -3.925E-13  1.00E-07
  1.130E+02 9.39685E-18 -1.304E-03 -1.939E-11 -3.065E-09 -2.002E-12 -3.963E-13  1.00E-07
  1.135E+02 9.46351E-18 -1.297E-03  1.789E-11 -3.076E-09 -1.993E-12 -4.000E-13  1.00E-07
  1.140E+02 9.53059E-18 -1.289E-03  5.498E-11 -3.087E-09 -1.983E-12 -4.035E-13  1.00E-07
  1.145E+02 9.59809E-18 -1.282E-03  9.189E-11 -3.097E-09 -1.974E-12 -4.070E-13  1.00E-07
  1.150E+02 9.66598E-18 -1.274E-03  1.286E-10 -3.106E-09 -1.965E-12 -4.103E-13  1.00E-07
  1.155E+02 9.73423E-18 -1.265E-03  1.651E-10 -3.116E-09 -1.955E-12 -4.135E-13  1.00E-07
  1.160E+02 9.80284E-18 -1.257E-03  2.014E-10 -3.124E-09 -1.945E-12 -4.166E-13  1.00E-07
  1.165E+02 9.87176E-18 -1.249E-03  2.375E-10 -3.133E-09 -1.935E-12 -4.196E-13  1.00E-07
  1.170E+02 9.94100E-18 -1.240E-03  2.734E-10 -3.141E-09 -1.925E-12 -4.224E-13  1.00E-07
  1.175E+02 1.00105E-17 -1.231E-03  3.091E-10 -3.149E-09 -1.915E-12 -4.252E-13  1.00E-07
  1.180E+02 1.00803E-17 -1.222E-03  3.445E-10 -3.156E-09 -1.905E-12 -4.277E-13  1.00E-07
  1.185E+02 1.01503E-17 -1.213E-03  3.797E-10 -3.163E-09 -1.894E-12 -4.302E-13  1.00E-07
  1.190E+02 1.02206E-17 -1.204E-03  4.147E-10 -3.170E-09 -1.884E-12 -4.326E-13  1.00E-07
  1.195E+02 1.02911E-17 -1.194E-03  4.495E-10 -3.176E-09 -1.873E-12 -4.348E-13  1.00E-07
  1.200E+02 1.03617E-17 -1.185E-03  4.840E-10 -3.182E-09 -1.862E-12 -4.369E-13  1.00E-07
  1.205E+02 1.04325E-17 -1.175E-03  5.183E-10 -3.188E-09 -1.851E-12 -4.389E-13  1.00E-07
  1.210E+02 1.05035E-17 -1.165E-03  5.524E-10 -3.193E-09 -1.840E-12 -4.408E-13  1.00E-07
  1.215E+02 1.05746E-17 -1.155E-03  5.862E-10 -3.199E-09 -1.829E-12 -4.425E-13  1.00E-07
  1.220E+02 1.06458E-17 -1.145E-03  6.198E-10 -3.203E-09 -1.817E-12 -4.441E-13  1.00E-07
  1.225E+02 1.07171E-17 -1.135E-03  6.531E-10 -3.208E-09 -1.806E-12 -4.456E-13  1.00E-07
  1.230E+02 1.07884E-17 -1.125E-03  6.862E-10 -3.212E-09 -1.794E-12 -4.470E-13  1.00E-07
  1.235E+02 1.08598E-17 -1.115E-03  7.190E-10 -3.216E-09 -1.783E-12 -4.483E-13  1.00E-07
  1.240E+02 1.09313E-17 -1.105E-03  7.515E-10 -3.220E-09 -1.771E-12 -4.494E-13  1.00E-07
  1.245E+02 1.10028E-17 -1.095E-03  7.838E-10 -3.223E-09 -1.759E-12 -4.504E-13  1.00E-07
  1.250E+02 1.10742E-17 -1.084E-03  8.159E-10 -3.226E-09 -1.747E-12 -4.513E-13  1.00E-07
  1.255E+02 1.11457E-17 -1.074E-03  8.476E-10 -3.229E-09 -1.735E-12 -4.521E-13  1.00E-07
  1.260E+02 1.12171E-17 -1.063E-03  8.791E-10 -3.232E-09 -1.722E-12 -4.528E-13  1.00E-07
  1.265E+02 1.12885E-17 -1.053E-03  9.104E-10 -3.234E-09 -1.710E-12 -4.533E-13  1.00E-07
  1.270E+02 1.13598E-17 -1.042E-03  9.413E-10 -3.236E-09 -1.697E-12 -4.537E-13  1.00E-07
  1.275E+02 1.14310E-17 -1.032E-03  9.720E-10 -3.238E-09 -1.685E-12 -4.541E-13  1.00E-07
  1.280E+02 1.15021E-17 -1.021E-03  1.002E-09 -3.240E-09 -1.672E-12 -4.542E-13  1.00E-07
  1.285E+02 1.15731E-17 -1.011E-03  1.033E-09 -3.241E-09 -1.659E-12 -4.543E-13  1.00E-07
  1.290E+02 1.16440E-17 -9.999E-04  1.062E-09 -3.243E-09 -1.646E-12 -4.543E-13  1.00E-07
  1.295E+02 1.17147E-17 -9.892E-04  1.092E-09 -3.244E-09 -1.633E-12 -4.541E-13  1.00E-07
  1.300E+02 1.17852E-17 -9.785E-04  1.121E-09 -3.245E-09 -1.620E-12 -4.538E-13  1.00E-07
  1.305E+02 1.18555E-17 -9.678E-04  1.150E-09 -3.245E-09 -1.607E-12 -4.534E-13  1.00E-07
  1.310E+02 1.19257E-17 -9.570E-04  1.179E-09 -3.246E-09 -1.594E-12 -4.529E-13  1.00E-07
  1.315E+02 1.19956E-17 -9.463E-04  1.208E-09 -3.246E-09 -1.580E-12 -4.523E-13  1.00E-07
  1.320E+02 1.20653E-17 -9.355E-04  1.236E-09 -3.246E-09 -1.567E-12 -4.516E-13  1.00E-07
  1.325E+02 1.21348E-17 -9.248E-04  1.264E-09 -3.246E-09 -1.553E-12 -4.507E-13  1.00E-07
  1.330E+02 1.22040E-17 -9.140E-04  1.291E-09 -3.246E-09 -1.539E-12 -4.498E-13  1.00E-07
  1.335E+02 1.22729E-17 -9.033E-04  1.319E-09 -3.246E-09 -1.526E-12 -4.487E-13  1.00E-07
  1.340E+02 1.23415E-17 -8.926E-04  1.346E-09 -3.245E-09 -1.512E-12 -4.475E-13  1.00E-07
  1.345E+02 1.24098E-17 -8.818E-04  1.372E-09 -3.244E-09 -1.498E-12 -4.462E-13  1.00E-07
  1.350E+02 1.24779E-17 -8.711E-04  1.399E-09 -3.244E-09 -1.484E-12 -4.448E-13  1.00E-07
  1.355E+02 1.25455E-17 -8.604E-04  1.425E-09 -3.243E-09 -1.469E-12 -4.433E-13  1.00E-07
  1.360E+02 1.26128E-17 -8.496E-04  1.451E-09 -3.242E-09 -1.455E-12 -4.417E-13  1.00E-07
  1.365E+02 1.26798E-17 -8.389E-04  1.476E-09 -3.240E-09 -1.441E-12 -4.400E-13  1.00E-07
  1.370E+02 1.27464E-17 -8.282E-04  1.502E-09 -3.239E-09 -1.427E-12 -4.382E-13  1.00E-07
  1.375E+02 1.28126E-17 -8.176E-04  1.527E-09 -3.238E-09 -1.412E-12 -4.362E-13  1.00E-07
  1.380E+02 1.28783E-17 -8.069E-04  1.551E-09 -3.236E-09 -1.398E-12 -4.342E-13  1.00E-07
  1.385E+02 1.29437E-17 -7.963E-04  1.576E-09 -3.234E-09 -1.383E-12 -4.321E-13  1.00E-07
  1.390E+02 1.30086E-17 -7.857E-04  1.600E-09 -3.233E-09 -1.368E-12 -4.298E-13  1.00E-07
  1.395E+02 1.30731E-17 -7.751E-04  1.624E-09 -3.231E-09 -1.353E-12 -4.275E-13  1.00E-07
  1.400E+02 1.31372E-17 -7.645E-04  1.647E-09 -3.229E-09 -1.339E-12 -4.250E-13  1.00E-07
  1.405E+02 1.32008E-17 -7.539E-04  1.670E-09 -3.227E-09 -1.324E-12 -4.225E-13  1.00E-07
  1.410E+02 1.32638E-17 -7.434E-04  1.693E-09 -3.224E-09 -1.309E-12 -4.198E-13  1.00E-07
  1.415E+02 1.33264E-17 -7.329E-04  1.716E-09 -3.222E-09 -1.293E-12 -4.171E-13  1.00E-07
  1.420E+02 1.33885E-17 -7.224E-04  1.738E-09 -3.220E-09 -1.278E-12 -4.142E-13  1.00E-07
  1.425E+02 1.34501E-17 -7.120E-04  1.760E-09 -3.217E-09 -1.263E-12 -4.113E-13  1.00E-07
  1.430E+02 1.35112E-17 -7.015E-04  1.782E-09 -3.215E-09 -1.248E-12 -4.083E-13  1.00E-07
  1.435E+02 1.35717E-17 -6.911E-04  1.803E-09 -3.212E-09 -1.232E-12 -4.052E-13  1.00E-07
  1.440E+02 1.36316E-17 -6.808E-04  1.824E-09 -3.210E-09 -1.217E-12 -4.019E-13  1.00E-07
  1.445E+02 1.36910E-17 -6.704E-04  1.845E-09 -3.207E-09 -1.202E-12 -3.986E-13  1.00E-07
  1.450E+02 1.37498E-17 -6.601E-04  1.866E-09 -3.204E-09 -1.186E-12 -3.952E-13  1.00E-07
  1.455E+02 1.38081E-17 -6.498E-04  1.886E-09 -3.202E-09 -1.170E-12 -3.917E-13  1.00E-07
  1.460E+02 1.38657E-17 -6.395E-04  1.906E-09 -3.199E-09 -1.155E-12 -3.881E-13  1.00E-07
  1.465E+02 1.39228E-17 -6.293E-04  1.926E-09 -3.196E-09 -1.139E-12 -3.845E-13  1.00E-07
  1.470E+02 1.39792E-17 -6.191E-04  1.945E-09 -3.193E-09 -1.123E-12 -3.807E-13  1.00E-07
  1.475E+02 1.40350E-17 -6.089E-04  1.964E-09 -3.190E-09 -1.107E-12 -3.769E-13  1.00E-07
  1.480E+02 1.40901E-17 -5.988E-04  1.983E-09 -3.187E-09 -1.092E-12 -3.729E-13  1.00E-07
  1.485E+02 1.41446E-17 -5.887E-04  2.001E-09 -3.184E-09 -1.076E-12 -3.689E-13  1.00E-07
  1.490E+02 1.41985E-17 -5.786E-04  2.019E-09 -3.181E-09 -1.060E-12 -3.648E-13  1.00E-07
  1.495E+02 1.42516E-17 -5.685E-04  2.037E-09 -3.178E-09 -1.044E-12 -3.606E-13  1.00E-07
  1.500E+02 1.43041E-17 -5.585E-04  2.055E-09 -3.175E-09 -1.027E-12 -3.564E-13  1.00E-07
  1.505E+02 1.43560E-17 -5.485E-04  2.072E-09 -3.172E-09 -1.011E-12 -3.520E-13  1.00E-07
  1.510E+02 1.44071E-17 -5.386E-04  2.089E-09 -3.169E-09 -9.950E-13 -3.476E-13  1.00E-07
  1.515E+02 1.44575E-17 -5.286E-04  2.105E-09 -3.166E-09 -9.788E-13 -3.431E-13  1.00E-07
  1.520E+02 1.45072E-17 -5.187E-04  2.122E-09 -3.163E-09 -9.624E-13 -3.385E-13  1.00E-07
  1.525E+02 1.45562E-17 -5.089E-04  2.138E-09 -3.160E-09 -9.461E-13 -3.339E-13  1.00E-07
  1.530E+02 1.46044E-17 -4.990E-04  2.154E-09 -3.157E-09 -9.297E-13 -3.292E-13  1.00E-07
  1.535E+02 1.46520E-17 -4.892E-04  2.169E-09 -3.154E-09 -9.132E-13 -3.244E-13  1.00E-07
  1.540E+02 1.46987E-17 -4.794E-04  2.184E-09 -3.151E-09 -8.967E-13 -3.195E-13  1.00E-07
  1.545E+02 1.47447E-17 -4.697E-04  2.199E-09 -3.148E-09 -8.802E-13 -3.146E-13  1.00E-07
  1.550E+02 1.47900E-17 -4.599E-04  2.214E-09 -3.145E-09 -8.636E-13 -3.096E-13  1.00E-07
  1.555E+02 1.48345E-17 -4.502E-04  2.228E-09 -3.142E-09 -8.470E-13 -3.045E-13  1.00E-07
  1.560E+02 1.48782E-17 -4.406E-04  2.242E-09 -3.139E-09 -8.303E-13 -2.993E-13  1.00E-07
  1.565E+02 1.49211E-17 -4.309E-04  2.256E-09 -3.136E-09 -8.136E-13 -2.941E-13  1.00E-07
  1.570E+02 1.49632E-17 -4.213E-04  2.269E-09 -3.133E-09 -7.969E-13 -2.889E-13  1.00E-07
  1.575E+02 1.50045E-17 -4.117E-04  2.282E-09 -3.130E-09 -7.801E-13 -2.835E-13  1.00E-07
  1.580E+02 1.50451E-17 -4.021E-04  2.295E-09 -3.127E-09 -7.633E-13 -2.781E-13  1.00E-07
  1.585E+02 1.50848E-17 -3.926E-04  2.307E-09 -3.124E-09 -7.464E-13 -2.727E-13  1.00E-07
  1.590E+02 1.51237E-17 -3.831E-04  2.320E-09 -3.121E-09 -7.296E-13 -2.672E-13  1.00E-07
  1.595E+02 1.51617E-17 -3.736E-04  2.331E-09 -3.119E-09 -7.126E-13 -2.616E-13  1.00E-07
  1.600E+02 1.51989E-17 -3.642E-04  2.343E-09 -3.116E-09 -6.957E-13 -2.560E-13  1.00E-07
  1.605E+02 1.52353E-17 -3.547E-04  2.354E-09 -3.113E-09 -6.787E-13 -2.503E-13  1.00E-07
  1.610E+02 1.52709E-17 -3.453E-04  2.366E-09 -3.111E-09 -6.617E-13 -2.446E-13  1.00E-07
  1.615E+02 1.53056E-17 -3.359E-04  2.376E-09 -3.108E-09 -6.446E-13 -2.388E-13  1.00E-07
  1.620E+02 1.53394E-17 -3.266E-04  2.387E-09 -3.105E-09 -6.276E-13 -2.329E-13  1.00E-07
  1.625E+02 1.53724E-17 -3.172E-04  2.397E-09 -3.103E-09 -6.104E-13 -2.270E-13  1.00E-07
  1.630E+02 1.54045E-17 -3.079E-04  2.407E-09 -3.100E-09 -5.933E-13 -2.211E-13  1.00E-07
  1.635E+02 1.54357E-17 -2.986E-04  2.416E-09 -3.098E-09 -5.762E-13 -2.151E-13  1.00E-07
  1.640E+02 1.54661E-17 -2.893E-04  2.426E-09 -3.095E-09 -5.590E-13 -2.091E-13  1.00E-07
  1.645E+02 1.54955E-17 -2.801E-04  2.435E-09 -3.093E-09 -5.418E-13 -2.030E-13  1.00E-07
  1.650E+02 1.55241E-17 -2.708E-04  2.443E-09 -3.091E-09 -5.245E-13 -1.969E-13  1.00E-07
  1.655E+02 1.55518E-17 -2.616E-04  2.452E-09 -3.089E-09 -5.073E-13 -1.907E-13  1.00E-07
  1.660E+02 1.55786E-17 -2.524E-04  2.460E-09 -3.087E-09 -4.900E-13 -1.845E-13  1.00E-07
  1.665E+02 1.56045E-17 -2.432E-04  2.468E-09 -3.084E-09 -4.727E-13 -1.783E-13  1.00E-07
  1.670E+02 1.56295E-17 -2.341E-04  2.475E-09 -3.082E-09 -4.553E-13 -1.720E-13  1.00E-07
  1.675E+02 1.56535E-17 -2.249E-04  2.483E-09 -3.081E-09 -4.380E-13 -1.657E-13  1.00E-07
  1.680E+02 1.56767E-17 -2.158E-04  2.490E-09 -3.079E-09 -4.206E-13 -1.593E-13  1.00E-07
  1.685E+02 1.56989E-17 -2.067E-04  2.496E-09 -3.077E-09 -4.032E-13 -1.529E-13  1.00E-07
  1.690E+02 1.57203E-17 -1.976E-04  2.503E-09 -3.075E-09 -3.858E-13 -1.465E-13  1.00E-07
  1.695E+02 1.57407E-17 -1.885E-04  2.509E-09 -3.073E-09 -3.684E-13 -1.401E-13  1.00E-07
  1.700E+02 1.57602E-17 -1.795E-04  2.515E-09 -3.072E-09 -3.510E-13 -1.336E-13  1.00E-07
  1.705E+02 1.57787E-17 -1.704E-04  2.520E-09 -3.070E-09 -3.335E-13 -1.271E-13  1.00E-07
  1.710E+02 1.57963E-17 -1.614E-04  2.526E-09 -3.069E-09 -3.161E-13 -1.206E-13  1.00E-07
  1.715E+02 1.58130E-17 -1.523E-04  2.531E-09 -3.067E-09 -2.986E-13 -1.140E-13  1.00E-07
  1.720E+02 1.58287E-17 -1.433E-04  2.535E-09 -3.066E-09 -2.811E-13 -1.074E-13  1.00E-07
  1.725E+02 1.58435E-17 -1.343E-04  2.540E-09 -3.065E-09 -2.636E-13 -1.008E-13  1.00E-07
  1.730E+02 1.58574E-17 -1.253E-04  2.544E-09 -3.064E-09 -2.460E-13 -9.419E-14  1.00E-07
  1.735E+02 1.58703E-17 -1.163E-04  2.548E-09 -3.063E-09 -2.285E-13 -8.755E-14  1.00E-07
  1.740E+02 1.58822E-17 -1.073E-04  2.551E-09 -3.062E-09 -2.110E-13 -8.089E-14  1.00E-07
  1.745E+02 1.58932E-17 -9.835E-05  2.555E-09 -3.061E-09 -1.934E-13 -7.420E-14  1.00E-07
  1.750E+02 1.59033E-17 -8.939E-05  2.558E-09 -3.060E-09 -1.759E-13 -6.751E-14  1.00E-07
  1.755E+02 1.59124E-17 -8.043E-05  2.560E-09 -3.059E-09 -1.583E-13 -6.080E-14  1.00E-07
  1.760E+02 1.59205E-17 -7.148E-05  2.563E-09 -3.058E-09 -1.407E-13 -5.407E-14  1.00E-07
  1.765E+02 1.59277E-17 -6.253E-05  2.565E-09 -3.058E-09 -1.232E-13 -4.734E-14  1.00E-07
  1.770E+02 1.59340E-17 -5.359E-05  2.567E-09 -3.057E-09 -1.056E-13 -4.060E-14  1.00E-07
  1.775E+02 1.59393E-17 -4.465E-05  2.568E-09 -3.057E-09 -8.798E-14 -3.384E-14  1.00E-07
  1.780E+02 1.59436E-17 -3.572E-05  2.570E-09 -3.056E-09 -7.039E-14 -2.708E-14  1.00E-07
  1.785E+02 1.59469E-17 -2.679E-05  2.571E-09 -3.056E-09 -5.280E-14 -2.032E-14  1.00E-07
  1.790E+02 1.59493E-17 -1.786E-05  2.571E-09 -3.056E-09 -3.520E-14 -1.355E-14  1.00E-07
  1.795E+02 1.59508E-17 -8.928E-06  2.572E-09 -3.056E-09 -1.760E-14 -6.774E-15  1.00E-07
  1.800E+02 1.59513E-17 -1.253E-19  2.572E-09 -3.056E-09 -2.470E-28 -9.507E-29  1.00E-07

  TOTAL ELASTIC CROSS SECTION = 3.192631E-16 cm**2
               FROM DCS TABLE = 3.192572E-16  (REL. DIF. = 1.85E-05)

  1ST TRANSPORT CROSS SECTION = 1.506164E-16 cm**2
               FROM DCS TABLE = 1.506167E-16  (REL. DIF. = 1.87E-06)

  2ND TRANSPORT CROSS SECTION = 1.637263E-16 cm**2

  **** DPWA0 ENDED ************************************************************

