 #  Scattering amplitudes (in cm)      MU=(1-cos(TH))/2
 #  Z =   6,   projectile: electron
 #  Kinetic energy = 2.74000E+02 eV
 #
 # TH (deg)      MU          Re(F)        Im(F)        Re(G)        Im(G)
 #--------------------------------------------------------------------------
  0.000E+00  0.00000E+00  1.87515E-08  1.01162E-08  0.00000E+00  0.00000E+00
  1.000E-04  7.61557E-13  1.87515E-08  1.01162E-08  8.33377E-18  6.95828E-18
  1.250E-04  1.18994E-12  1.87515E-08  1.01162E-08  1.04172E-17  8.69786E-18
  1.500E-04  1.71346E-12  1.87515E-08  1.01162E-08  1.25007E-17  1.04374E-17
  1.750E-04  2.33225E-12  1.87515E-08  1.01162E-08  1.45841E-17  1.21770E-17
  2.000E-04  3.04617E-12  1.87515E-08  1.01162E-08  1.66675E-17  1.39166E-17
  2.250E-04  3.85530E-12  1.87515E-08  1.01162E-08  1.87510E-17  1.56561E-17
  2.500E-04  4.75964E-12  1.87515E-08  1.01162E-08  2.08344E-17  1.73957E-17
  2.750E-04  5.75917E-12  1.87515E-08  1.01162E-08  2.29179E-17  1.91353E-17
  3.000E-04  6.85391E-12  1.87515E-08  1.01162E-08  2.50013E-17  2.08749E-17
  3.250E-04  8.04379E-12  1.87515E-08  1.01162E-08  2.70847E-17  2.26144E-17
  3.500E-04  9.32893E-12  1.87515E-08  1.01162E-08  2.91682E-17  2.43540E-17
  3.750E-04  1.07092E-11  1.87515E-08  1.01162E-08  3.12516E-17  2.60936E-17
  4.000E-04  1.21847E-11  1.87515E-08  1.01162E-08  3.33351E-17  2.78331E-17
  4.250E-04  1.37554E-11  1.87515E-08  1.01162E-08  3.54185E-17  2.95727E-17
  4.500E-04  1.54213E-11  1.87515E-08  1.01162E-08  3.75020E-17  3.13123E-17
  4.750E-04  1.71823E-11  1.87515E-08  1.01162E-08  3.95854E-17  3.30518E-17
  5.000E-04  1.90386E-11  1.87515E-08  1.01162E-08  4.16688E-17  3.47914E-17
  5.250E-04  2.09900E-11  1.87515E-08  1.01162E-08  4.37523E-17  3.65310E-17
  5.500E-04  2.30367E-11  1.87515E-08  1.01162E-08  4.58357E-17  3.82706E-17
  5.750E-04  2.51785E-11  1.87515E-08  1.01162E-08  4.79192E-17  4.00101E-17
  6.000E-04  2.74156E-11  1.87515E-08  1.01162E-08  5.00026E-17  4.17497E-17
  6.250E-04  2.97478E-11  1.87515E-08  1.01162E-08  5.20860E-17  4.34893E-17
  6.500E-04  3.21752E-11  1.87515E-08  1.01162E-08  5.41695E-17  4.52288E-17
  6.750E-04  3.46979E-11  1.87515E-08  1.01162E-08  5.62529E-17  4.69684E-17
  7.000E-04  3.73157E-11  1.87515E-08  1.01162E-08  5.83364E-17  4.87080E-17
  7.250E-04  4.00286E-11  1.87515E-08  1.01162E-08  6.04198E-17  5.04476E-17
  7.500E-04  4.28368E-11  1.87515E-08  1.01162E-08  6.25033E-17  5.21871E-17
  7.750E-04  4.57402E-11  1.87515E-08  1.01162E-08  6.45867E-17  5.39267E-17
  8.000E-04  4.87388E-11  1.87515E-08  1.01162E-08  6.66701E-17  5.56663E-17
  8.250E-04  5.18325E-11  1.87515E-08  1.01162E-08  6.87536E-17  5.74058E-17
  8.500E-04  5.50215E-11  1.87515E-08  1.01162E-08  7.08370E-17  5.91454E-17
  8.750E-04  5.83057E-11  1.87515E-08  1.01162E-08  7.29205E-17  6.08850E-17
  9.000E-04  6.16850E-11  1.87515E-08  1.01162E-08  7.50039E-17  6.26246E-17
  9.250E-04  6.51595E-11  1.87515E-08  1.01162E-08  7.70873E-17  6.43641E-17
  9.500E-04  6.87293E-11  1.87515E-08  1.01162E-08  7.91708E-17  6.61037E-17
  9.750E-04  7.23943E-11  1.87515E-08  1.01162E-08  8.12542E-17  6.78433E-17
  1.000E-03  7.61544E-11  1.87515E-08  1.01162E-08  8.33377E-17  6.95828E-17
  1.250E-03  1.18991E-10  1.87515E-08  1.01162E-08  1.04172E-16  8.69786E-17
  1.500E-03  1.71347E-10  1.87515E-08  1.01162E-08  1.25007E-16  1.04374E-16
  1.750E-03  2.33223E-10  1.87515E-08  1.01162E-08  1.45841E-16  1.21770E-16
  2.000E-03  3.04617E-10  1.87515E-08  1.01162E-08  1.66675E-16  1.39166E-16
  2.250E-03  3.85531E-10  1.87515E-08  1.01162E-08  1.87510E-16  1.56561E-16
  2.500E-03  4.75965E-10  1.87515E-08  1.01162E-08  2.08344E-16  1.73957E-16
  2.750E-03  5.75917E-10  1.87515E-08  1.01162E-08  2.29179E-16  1.91353E-16
  3.000E-03  6.85389E-10  1.87515E-08  1.01162E-08  2.50013E-16  2.08749E-16
  3.250E-03  8.04380E-10  1.87515E-08  1.01162E-08  2.70847E-16  2.26144E-16
  3.500E-03  9.32891E-10  1.87515E-08  1.01162E-08  2.91682E-16  2.43540E-16
  3.750E-03  1.07092E-09  1.87515E-08  1.01162E-08  3.12516E-16  2.60936E-16
  4.000E-03  1.21847E-09  1.87515E-08  1.01162E-08  3.33351E-16  2.78331E-16
  4.250E-03  1.37554E-09  1.87515E-08  1.01162E-08  3.54185E-16  2.95727E-16
  4.500E-03  1.54213E-09  1.87515E-08  1.01162E-08  3.75020E-16  3.13123E-16
  4.750E-03  1.71823E-09  1.87515E-08  1.01162E-08  3.95854E-16  3.30518E-16
  5.000E-03  1.90386E-09  1.87515E-08  1.01162E-08  4.16688E-16  3.47914E-16
  5.250E-03  2.09900E-09  1.87515E-08  1.01162E-08  4.37523E-16  3.65310E-16
  5.500E-03  2.30367E-09  1.87515E-08  1.01162E-08  4.58357E-16  3.82706E-16
  5.750E-03  2.51785E-09  1.87515E-08  1.01162E-08  4.79192E-16  4.00101E-16
  6.000E-03  2.74156E-09  1.87515E-08  1.01162E-08  5.00026E-16  4.17497E-16
  6.250E-03  2.97478E-09  1.87515E-08  1.01162E-08  5.20860E-16  4.34893E-16
  6.500E-03  3.21752E-09  1.87515E-08  1.01162E-08  5.41695E-16  4.52288E-16
  6.750E-03  3.46978E-09  1.87515E-08  1.01162E-08  5.62529E-16  4.69684E-16
  7.000E-03  3.73156E-09  1.87515E-08  1.01162E-08  5.83364E-16  4.87080E-16
  7.250E-03  4.00286E-09  1.87515E-08  1.01162E-08  6.04198E-16  5.04476E-16
  7.500E-03  4.28368E-09  1.87515E-08  1.01162E-08  6.25032E-16  5.21871E-16
  7.750E-03  4.57402E-09  1.87515E-08  1.01162E-08  6.45867E-16  5.39267E-16
  8.000E-03  4.87388E-09  1.87515E-08  1.01162E-08  6.66701E-16  5.56663E-16
  8.250E-03  5.18326E-09  1.87515E-08  1.01162E-08  6.87536E-16  5.74058E-16
  8.500E-03  5.50215E-09  1.87515E-08  1.01162E-08  7.08370E-16  5.91454E-16
  8.750E-03  5.83057E-09  1.87515E-08  1.01162E-08  7.29204E-16  6.08850E-16
  9.000E-03  6.16850E-09  1.87515E-08  1.01162E-08  7.50039E-16  6.26246E-16
  9.250E-03  6.51596E-09  1.87515E-08  1.01162E-08  7.70873E-16  6.43641E-16
  9.500E-03  6.87293E-09  1.87515E-08  1.01162E-08  7.91708E-16  6.61037E-16
  9.750E-03  7.23942E-09  1.87515E-08  1.01162E-08  8.12542E-16  6.78433E-16
  1.000E-02  7.61544E-09  1.87515E-08  1.01162E-08  8.33376E-16  6.95828E-16
  1.250E-02  1.18991E-08  1.87515E-08  1.01162E-08  1.04172E-15  8.69785E-16
  1.500E-02  1.71347E-08  1.87515E-08  1.01162E-08  1.25006E-15  1.04374E-15
  1.750E-02  2.33223E-08  1.87515E-08  1.01162E-08  1.45841E-15  1.21770E-15
  2.000E-02  3.04617E-08  1.87514E-08  1.01162E-08  1.66675E-15  1.39166E-15
  2.250E-02  3.85531E-08  1.87514E-08  1.01162E-08  1.87509E-15  1.56561E-15
  2.500E-02  4.75965E-08  1.87514E-08  1.01162E-08  2.08344E-15  1.73957E-15
  2.750E-02  5.75917E-08  1.87514E-08  1.01162E-08  2.29178E-15  1.91353E-15
  3.000E-02  6.85389E-08  1.87514E-08  1.01162E-08  2.50012E-15  2.08748E-15
  3.250E-02  8.04380E-08  1.87514E-08  1.01162E-08  2.70846E-15  2.26144E-15
  3.500E-02  9.32891E-08  1.87514E-08  1.01162E-08  2.91681E-15  2.43540E-15
  3.750E-02  1.07092E-07  1.87514E-08  1.01162E-08  3.12515E-15  2.60935E-15
  4.000E-02  1.21847E-07  1.87514E-08  1.01162E-08  3.33349E-15  2.78331E-15
  4.250E-02  1.37554E-07  1.87514E-08  1.01162E-08  3.54183E-15  2.95727E-15
  4.500E-02  1.54213E-07  1.87513E-08  1.01162E-08  3.75017E-15  3.13122E-15
  4.750E-02  1.71823E-07  1.87513E-08  1.01162E-08  3.95851E-15  3.30518E-15
  5.000E-02  1.90386E-07  1.87513E-08  1.01162E-08  4.16685E-15  3.47914E-15
  5.250E-02  2.09900E-07  1.87513E-08  1.01162E-08  4.37519E-15  3.65309E-15
  5.500E-02  2.30367E-07  1.87513E-08  1.01162E-08  4.58352E-15  3.82705E-15
  5.750E-02  2.51785E-07  1.87513E-08  1.01162E-08  4.79186E-15  4.00101E-15
  6.000E-02  2.74156E-07  1.87513E-08  1.01162E-08  5.00020E-15  4.17496E-15
  6.250E-02  2.97478E-07  1.87512E-08  1.01162E-08  5.20853E-15  4.34892E-15
  6.500E-02  3.21752E-07  1.87512E-08  1.01162E-08  5.41687E-15  4.52287E-15
  6.750E-02  3.46978E-07  1.87512E-08  1.01162E-08  5.62520E-15  4.69683E-15
  7.000E-02  3.73156E-07  1.87512E-08  1.01162E-08  5.83354E-15  4.87079E-15
  7.250E-02  4.00286E-07  1.87511E-08  1.01162E-08  6.04187E-15  5.04474E-15
  7.500E-02  4.28368E-07  1.87511E-08  1.01162E-08  6.25020E-15  5.21870E-15
  7.750E-02  4.57402E-07  1.87511E-08  1.01162E-08  6.45853E-15  5.39265E-15
  8.000E-02  4.87388E-07  1.87511E-08  1.01162E-08  6.66686E-15  5.56661E-15
  8.250E-02  5.18325E-07  1.87511E-08  1.01161E-08  6.87519E-15  5.74056E-15
  8.500E-02  5.50215E-07  1.87510E-08  1.01161E-08  7.08352E-15  5.91452E-15
  8.750E-02  5.83057E-07  1.87510E-08  1.01161E-08  7.29185E-15  6.08847E-15
  9.000E-02  6.16850E-07  1.87510E-08  1.01161E-08  7.50018E-15  6.26243E-15
  9.250E-02  6.51596E-07  1.87509E-08  1.01161E-08  7.70850E-15  6.43638E-15
  9.500E-02  6.87293E-07  1.87509E-08  1.01161E-08  7.91683E-15  6.61034E-15
  9.750E-02  7.23942E-07  1.87509E-08  1.01161E-08  8.12515E-15  6.78429E-15
  1.000E-01  7.61543E-07  1.87509E-08  1.01161E-08  8.33347E-15  6.95824E-15
  1.250E-01  1.18991E-06  1.87505E-08  1.01161E-08  1.04166E-14  8.69778E-15
  1.500E-01  1.71347E-06  1.87501E-08  1.01160E-08  1.24997E-14  1.04373E-14
  1.750E-01  2.33223E-06  1.87496E-08  1.01160E-08  1.45825E-14  1.21768E-14
  2.000E-01  3.04617E-06  1.87490E-08  1.01159E-08  1.66652E-14  1.39162E-14
  2.250E-01  3.85531E-06  1.87484E-08  1.01158E-08  1.87476E-14  1.56557E-14
  2.500E-01  4.75964E-06  1.87477E-08  1.01157E-08  2.08298E-14  1.73951E-14
  2.750E-01  5.75916E-06  1.87469E-08  1.01156E-08  2.29117E-14  1.91345E-14
  3.000E-01  6.85388E-06  1.87460E-08  1.01155E-08  2.49933E-14  2.08738E-14
  3.250E-01  8.04378E-06  1.87450E-08  1.01154E-08  2.70746E-14  2.26131E-14
  3.500E-01  9.32888E-06  1.87440E-08  1.01153E-08  2.91555E-14  2.43523E-14
  3.750E-01  1.07092E-05  1.87429E-08  1.01151E-08  3.12360E-14  2.60915E-14
  4.000E-01  1.21846E-05  1.87417E-08  1.01150E-08  3.33162E-14  2.78306E-14
  4.250E-01  1.37553E-05  1.87405E-08  1.01148E-08  3.53958E-14  2.95696E-14
  4.500E-01  1.54212E-05  1.87391E-08  1.01147E-08  3.74750E-14  3.13086E-14
  4.750E-01  1.71822E-05  1.87377E-08  1.01145E-08  3.95537E-14  3.30476E-14
  5.000E-01  1.90385E-05  1.87362E-08  1.01143E-08  4.16319E-14  3.47864E-14
  5.250E-01  2.09899E-05  1.87347E-08  1.01141E-08  4.37095E-14  3.65252E-14
  5.500E-01  2.30365E-05  1.87330E-08  1.01139E-08  4.57866E-14  3.82639E-14
  5.750E-01  2.51783E-05  1.87313E-08  1.01137E-08  4.78630E-14  4.00026E-14
  6.000E-01  2.74153E-05  1.87296E-08  1.01135E-08  4.99388E-14  4.17411E-14
  6.250E-01  2.97475E-05  1.87277E-08  1.01132E-08  5.20139E-14  4.34796E-14
  6.500E-01  3.21749E-05  1.87257E-08  1.01130E-08  5.40884E-14  4.52179E-14
  6.750E-01  3.46974E-05  1.87237E-08  1.01127E-08  5.61621E-14  4.69562E-14
  7.000E-01  3.73152E-05  1.87216E-08  1.01125E-08  5.82351E-14  4.86943E-14
  7.250E-01  4.00281E-05  1.87195E-08  1.01122E-08  6.03073E-14  5.04324E-14
  7.500E-01  4.28362E-05  1.87172E-08  1.01119E-08  6.23787E-14  5.21703E-14
  7.750E-01  4.57395E-05  1.87149E-08  1.01116E-08  6.44492E-14  5.39082E-14
  8.000E-01  4.87380E-05  1.87125E-08  1.01113E-08  6.65190E-14  5.56459E-14
  8.250E-01  5.18317E-05  1.87101E-08  1.01110E-08  6.85878E-14  5.73835E-14
  8.500E-01  5.50205E-05  1.87075E-08  1.01107E-08  7.06557E-14  5.91210E-14
  8.750E-01  5.83045E-05  1.87049E-08  1.01104E-08  7.27227E-14  6.08583E-14
  9.000E-01  6.16838E-05  1.87022E-08  1.01101E-08  7.47887E-14  6.25955E-14
  9.250E-01  6.51582E-05  1.86994E-08  1.01097E-08  7.68538E-14  6.43326E-14
  9.500E-01  6.87277E-05  1.86966E-08  1.01093E-08  7.89178E-14  6.60696E-14
  9.750E-01  7.23925E-05  1.86937E-08  1.01090E-08  8.09807E-14  6.78064E-14
  1.000E+00  7.61524E-05  1.86907E-08  1.01086E-08  8.30426E-14  6.95430E-14
  1.100E+00  9.21439E-05  1.86779E-08  1.01070E-08  9.12789E-14  7.64881E-14
  1.200E+00  1.09658E-04  1.86640E-08  1.01053E-08  9.94959E-14  8.34306E-14
  1.300E+00  1.28695E-04  1.86489E-08  1.01034E-08  1.07692E-13  9.03703E-14
  1.400E+00  1.49255E-04  1.86326E-08  1.01013E-08  1.15865E-13  9.73068E-14
  1.500E+00  1.71338E-04  1.86150E-08  1.00991E-08  1.24013E-13  1.04240E-13
  1.600E+00  1.94942E-04  1.85964E-08  1.00968E-08  1.32136E-13  1.11170E-13
  1.700E+00  2.20070E-04  1.85765E-08  1.00943E-08  1.40230E-13  1.18095E-13
  1.800E+00  2.46720E-04  1.85554E-08  1.00916E-08  1.48295E-13  1.25017E-13
  1.900E+00  2.74892E-04  1.85332E-08  1.00888E-08  1.56329E-13  1.31935E-13
  2.000E+00  3.04586E-04  1.85099E-08  1.00859E-08  1.64330E-13  1.38848E-13
  2.100E+00  3.35803E-04  1.84853E-08  1.00828E-08  1.72297E-13  1.45756E-13
  2.200E+00  3.68542E-04  1.84597E-08  1.00795E-08  1.80227E-13  1.52659E-13
  2.300E+00  4.02802E-04  1.84328E-08  1.00761E-08  1.88120E-13  1.59557E-13
  2.400E+00  4.38585E-04  1.84049E-08  1.00726E-08  1.95973E-13  1.66450E-13
  2.500E+00  4.75889E-04  1.83758E-08  1.00689E-08  2.03786E-13  1.73337E-13
  2.600E+00  5.14715E-04  1.83456E-08  1.00650E-08  2.11556E-13  1.80218E-13
  2.700E+00  5.55063E-04  1.83143E-08  1.00610E-08  2.19283E-13  1.87092E-13
  2.800E+00  5.96931E-04  1.82819E-08  1.00569E-08  2.26963E-13  1.93961E-13
  2.900E+00  6.40321E-04  1.82483E-08  1.00526E-08  2.34597E-13  2.00823E-13
  3.000E+00  6.85233E-04  1.82137E-08  1.00481E-08  2.42183E-13  2.07678E-13
  3.100E+00  7.31665E-04  1.81780E-08  1.00436E-08  2.49718E-13  2.14526E-13
  3.200E+00  7.79618E-04  1.81413E-08  1.00388E-08  2.57203E-13  2.21366E-13
  3.300E+00  8.29092E-04  1.81034E-08  1.00339E-08  2.64634E-13  2.28199E-13
  3.400E+00  8.80086E-04  1.80645E-08  1.00289E-08  2.72012E-13  2.35025E-13
  3.500E+00  9.32601E-04  1.80246E-08  1.00237E-08  2.79333E-13  2.41842E-13
  3.600E+00  9.86636E-04  1.79837E-08  1.00184E-08  2.86598E-13  2.48651E-13
  3.700E+00  1.04219E-03  1.79417E-08  1.00129E-08  2.93805E-13  2.55452E-13
  3.800E+00  1.09927E-03  1.78987E-08  1.00073E-08  3.00953E-13  2.62244E-13
  3.900E+00  1.15786E-03  1.78547E-08  1.00015E-08  3.08039E-13  2.69027E-13
  4.000E+00  1.21797E-03  1.78097E-08  9.99564E-09  3.15064E-13  2.75801E-13
  4.100E+00  1.27961E-03  1.77637E-08  9.98959E-09  3.22025E-13  2.82566E-13
  4.200E+00  1.34276E-03  1.77168E-08  9.98339E-09  3.28921E-13  2.89321E-13
  4.300E+00  1.40743E-03  1.76689E-08  9.97705E-09  3.35753E-13  2.96067E-13
  4.400E+00  1.47362E-03  1.76200E-08  9.97057E-09  3.42517E-13  3.02802E-13
  4.500E+00  1.54133E-03  1.75702E-08  9.96394E-09  3.49213E-13  3.09527E-13
  4.600E+00  1.61056E-03  1.75195E-08  9.95717E-09  3.55840E-13  3.16242E-13
  4.700E+00  1.68131E-03  1.74679E-08  9.95026E-09  3.62397E-13  3.22946E-13
  4.800E+00  1.75357E-03  1.74153E-08  9.94321E-09  3.68883E-13  3.29640E-13
  4.900E+00  1.82735E-03  1.73619E-08  9.93601E-09  3.75296E-13  3.36322E-13
  5.000E+00  1.90265E-03  1.73076E-08  9.92867E-09  3.81636E-13  3.42993E-13
  5.100E+00  1.97947E-03  1.72524E-08  9.92120E-09  3.87902E-13  3.49653E-13
  5.200E+00  2.05780E-03  1.71964E-08  9.91358E-09  3.94093E-13  3.56301E-13
  5.300E+00  2.13765E-03  1.71396E-08  9.90582E-09  4.00207E-13  3.62936E-13
  5.400E+00  2.21902E-03  1.70819E-08  9.89792E-09  4.06245E-13  3.69560E-13
  5.500E+00  2.30190E-03  1.70234E-08  9.88988E-09  4.12204E-13  3.76172E-13
  5.600E+00  2.38630E-03  1.69641E-08  9.88171E-09  4.18085E-13  3.82771E-13
  5.700E+00  2.47222E-03  1.69040E-08  9.87340E-09  4.23887E-13  3.89357E-13
  5.800E+00  2.55965E-03  1.68431E-08  9.86495E-09  4.29607E-13  3.95930E-13
  5.900E+00  2.64859E-03  1.67815E-08  9.85636E-09  4.35247E-13  4.02490E-13
  6.000E+00  2.73905E-03  1.67191E-08  9.84763E-09  4.40805E-13  4.09037E-13
  6.100E+00  2.83103E-03  1.66560E-08  9.83877E-09  4.46280E-13  4.15570E-13
  6.200E+00  2.92452E-03  1.65921E-08  9.82978E-09  4.51672E-13  4.22090E-13
  6.300E+00  3.01952E-03  1.65276E-08  9.82065E-09  4.56981E-13  4.28595E-13
  6.400E+00  3.11604E-03  1.64623E-08  9.81138E-09  4.62204E-13  4.35086E-13
  6.500E+00  3.21407E-03  1.63964E-08  9.80198E-09  4.67343E-13  4.41563E-13
  6.600E+00  3.31362E-03  1.63298E-08  9.79245E-09  4.72395E-13  4.48026E-13
  6.700E+00  3.41468E-03  1.62625E-08  9.78278E-09  4.77362E-13  4.54474E-13
  6.800E+00  3.51725E-03  1.61946E-08  9.77298E-09  4.82242E-13  4.60906E-13
  6.900E+00  3.62133E-03  1.61261E-08  9.76305E-09  4.87034E-13  4.67324E-13
  7.000E+00  3.72692E-03  1.60570E-08  9.75299E-09  4.91739E-13  4.73726E-13
  7.100E+00  3.83403E-03  1.59872E-08  9.74280E-09  4.96355E-13  4.80113E-13
  7.200E+00  3.94265E-03  1.59169E-08  9.73248E-09  5.00883E-13  4.86484E-13
  7.300E+00  4.05278E-03  1.58460E-08  9.72203E-09  5.05322E-13  4.92840E-13
  7.400E+00  4.16442E-03  1.57745E-08  9.71145E-09  5.09672E-13  4.99179E-13
  7.500E+00  4.27757E-03  1.57025E-08  9.70074E-09  5.13931E-13  5.05502E-13
  7.600E+00  4.39223E-03  1.56299E-08  9.68990E-09  5.18101E-13  5.11808E-13
  7.700E+00  4.50840E-03  1.55568E-08  9.67894E-09  5.22181E-13  5.18098E-13
  7.800E+00  4.62608E-03  1.54833E-08  9.66785E-09  5.26170E-13  5.24371E-13
  7.900E+00  4.74527E-03  1.54092E-08  9.65663E-09  5.30068E-13  5.30628E-13
  8.000E+00  4.86597E-03  1.53346E-08  9.64529E-09  5.33876E-13  5.36867E-13
  8.100E+00  4.98817E-03  1.52596E-08  9.63382E-09  5.37592E-13  5.43089E-13
  8.200E+00  5.11188E-03  1.51841E-08  9.62224E-09  5.41217E-13  5.49293E-13
  8.300E+00  5.23711E-03  1.51082E-08  9.61052E-09  5.44750E-13  5.55480E-13
  8.400E+00  5.36383E-03  1.50319E-08  9.59869E-09  5.48192E-13  5.61648E-13
  8.500E+00  5.49207E-03  1.49551E-08  9.58673E-09  5.51542E-13  5.67799E-13
  8.600E+00  5.62181E-03  1.48780E-08  9.57465E-09  5.54800E-13  5.73932E-13
  8.700E+00  5.75306E-03  1.48004E-08  9.56245E-09  5.57967E-13  5.80046E-13
  8.800E+00  5.88581E-03  1.47225E-08  9.55013E-09  5.61041E-13  5.86142E-13
  8.900E+00  6.02007E-03  1.46442E-08  9.53769E-09  5.64024E-13  5.92219E-13
  9.000E+00  6.15583E-03  1.45656E-08  9.52513E-09  5.66915E-13  5.98278E-13
  9.100E+00  6.29310E-03  1.44866E-08  9.51245E-09  5.69715E-13  6.04317E-13
  9.200E+00  6.43187E-03  1.44073E-08  9.49966E-09  5.72422E-13  6.10337E-13
  9.300E+00  6.57214E-03  1.43277E-08  9.48675E-09  5.75038E-13  6.16338E-13
  9.400E+00  6.71392E-03  1.42478E-08  9.47372E-09  5.77563E-13  6.22320E-13
  9.500E+00  6.85720E-03  1.41677E-08  9.46058E-09  5.79996E-13  6.28282E-13
  9.600E+00  7.00198E-03  1.40872E-08  9.44732E-09  5.82338E-13  6.34224E-13
  9.700E+00  7.14827E-03  1.40065E-08  9.43395E-09  5.84588E-13  6.40147E-13
  9.800E+00  7.29605E-03  1.39255E-08  9.42047E-09  5.86748E-13  6.46049E-13
  9.900E+00  7.44534E-03  1.38443E-08  9.40688E-09  5.88817E-13  6.51931E-13
  1.000E+01  7.59612E-03  1.37629E-08  9.39317E-09  5.90796E-13  6.57793E-13
  1.025E+01  7.97965E-03  1.35584E-08  9.35842E-09  5.95348E-13  6.72357E-13
  1.050E+01  8.37255E-03  1.33527E-08  9.32298E-09  5.99340E-13  6.86792E-13
  1.075E+01  8.77480E-03  1.31461E-08  9.28688E-09  6.02777E-13  7.01094E-13
  1.100E+01  9.18641E-03  1.29387E-08  9.25011E-09  6.05665E-13  7.15262E-13
  1.125E+01  9.60736E-03  1.27306E-08  9.21270E-09  6.08008E-13  7.29293E-13
  1.150E+01  1.00376E-02  1.25221E-08  9.17465E-09  6.09814E-13  7.43186E-13
  1.175E+01  1.04773E-02  1.23132E-08  9.13598E-09  6.11090E-13  7.56939E-13
  1.200E+01  1.09262E-02  1.21042E-08  9.09670E-09  6.11843E-13  7.70550E-13
  1.225E+01  1.13844E-02  1.18952E-08  9.05682E-09  6.12081E-13  7.84017E-13
  1.250E+01  1.18520E-02  1.16863E-08  9.01636E-09  6.11812E-13  7.97339E-13
  1.275E+01  1.23288E-02  1.14776E-08  8.97532E-09  6.11045E-13  8.10514E-13
  1.300E+01  1.28150E-02  1.12693E-08  8.93372E-09  6.09788E-13  8.23540E-13
  1.325E+01  1.33104E-02  1.10616E-08  8.89157E-09  6.08052E-13  8.36416E-13
  1.350E+01  1.38150E-02  1.08544E-08  8.84888E-09  6.05846E-13  8.49141E-13
  1.375E+01  1.43290E-02  1.06481E-08  8.80568E-09  6.03179E-13  8.61713E-13
  1.400E+01  1.48521E-02  1.04426E-08  8.76196E-09  6.00061E-13  8.74131E-13
  1.425E+01  1.53845E-02  1.02380E-08  8.71774E-09  5.96503E-13  8.86394E-13
  1.450E+01  1.59262E-02  1.00345E-08  8.67304E-09  5.92515E-13  8.98501E-13
  1.475E+01  1.64770E-02  9.83221E-09  8.62786E-09  5.88107E-13  9.10450E-13
  1.500E+01  1.70371E-02  9.63114E-09  8.58223E-09  5.83290E-13  9.22240E-13
  1.525E+01  1.76063E-02  9.43139E-09  8.53615E-09  5.78074E-13  9.33872E-13
  1.550E+01  1.81848E-02  9.23306E-09  8.48963E-09  5.72470E-13  9.45343E-13
  1.575E+01  1.87724E-02  9.03622E-09  8.44270E-09  5.66490E-13  9.56653E-13
  1.600E+01  1.93692E-02  8.84093E-09  8.39535E-09  5.60143E-13  9.67801E-13
  1.625E+01  1.99751E-02  8.64728E-09  8.34762E-09  5.53440E-13  9.78786E-13
  1.650E+01  2.05901E-02  8.45530E-09  8.29949E-09  5.46392E-13  9.89608E-13
  1.675E+01  2.12143E-02  8.26508E-09  8.25100E-09  5.39010E-13  1.00027E-12
  1.700E+01  2.18476E-02  8.07665E-09  8.20215E-09  5.31304E-13  1.01076E-12
  1.725E+01  2.24900E-02  7.89007E-09  8.15296E-09  5.23286E-13  1.02109E-12
  1.750E+01  2.31415E-02  7.70538E-09  8.10343E-09  5.14964E-13  1.03126E-12
  1.775E+01  2.38021E-02  7.52263E-09  8.05358E-09  5.06351E-13  1.04125E-12
  1.800E+01  2.44717E-02  7.34186E-09  8.00343E-09  4.97456E-13  1.05109E-12
  1.825E+01  2.51504E-02  7.16309E-09  7.95298E-09  4.88289E-13  1.06076E-12
  1.850E+01  2.58382E-02  6.98637E-09  7.90225E-09  4.78861E-13  1.07026E-12
  1.875E+01  2.65349E-02  6.81172E-09  7.85125E-09  4.69182E-13  1.07959E-12
  1.900E+01  2.72407E-02  6.63916E-09  7.79999E-09  4.59260E-13  1.08876E-12
  1.925E+01  2.79555E-02  6.46873E-09  7.74849E-09  4.49107E-13  1.09776E-12
  1.950E+01  2.86793E-02  6.30043E-09  7.69675E-09  4.38731E-13  1.10660E-12
  1.975E+01  2.94120E-02  6.13430E-09  7.64478E-09  4.28142E-13  1.11527E-12
  2.000E+01  3.01537E-02  5.97033E-09  7.59261E-09  4.17350E-13  1.12378E-12
  2.025E+01  3.09043E-02  5.80855E-09  7.54024E-09  4.06363E-13  1.13211E-12
  2.050E+01  3.16639E-02  5.64896E-09  7.48768E-09  3.95189E-13  1.14029E-12
  2.075E+01  3.24324E-02  5.49157E-09  7.43494E-09  3.83839E-13  1.14830E-12
  2.100E+01  3.32098E-02  5.33639E-09  7.38204E-09  3.72321E-13  1.15614E-12
  2.125E+01  3.39961E-02  5.18342E-09  7.32899E-09  3.60642E-13  1.16382E-12
  2.150E+01  3.47912E-02  5.03266E-09  7.27579E-09  3.48811E-13  1.17133E-12
  2.175E+01  3.55952E-02  4.88411E-09  7.22246E-09  3.36836E-13  1.17868E-12
  2.200E+01  3.64081E-02  4.73777E-09  7.16901E-09  3.24726E-13  1.18587E-12
  2.225E+01  3.72297E-02  4.59364E-09  7.11545E-09  3.12487E-13  1.19290E-12
  2.250E+01  3.80602E-02  4.45172E-09  7.06180E-09  3.00127E-13  1.19976E-12
  2.275E+01  3.88995E-02  4.31198E-09  7.00805E-09  2.87654E-13  1.20647E-12
  2.300E+01  3.97476E-02  4.17443E-09  6.95422E-09  2.75074E-13  1.21301E-12
  2.325E+01  4.06044E-02  4.03906E-09  6.90032E-09  2.62395E-13  1.21939E-12
  2.350E+01  4.14700E-02  3.90586E-09  6.84637E-09  2.49624E-13  1.22561E-12
  2.375E+01  4.23443E-02  3.77481E-09  6.79236E-09  2.36767E-13  1.23168E-12
  2.400E+01  4.32273E-02  3.64591E-09  6.73832E-09  2.23830E-13  1.23759E-12
  2.425E+01  4.41190E-02  3.51913E-09  6.68425E-09  2.10820E-13  1.24334E-12
  2.450E+01  4.50194E-02  3.39447E-09  6.63015E-09  1.97743E-13  1.24893E-12
  2.475E+01  4.59284E-02  3.27191E-09  6.57605E-09  1.84605E-13  1.25437E-12
  2.500E+01  4.68461E-02  3.15143E-09  6.52194E-09  1.71411E-13  1.25966E-12
  2.550E+01  4.87074E-02  2.91666E-09  6.41375E-09  1.44880E-13  1.26977E-12
  2.600E+01  5.06030E-02  2.69001E-09  6.30567E-09  1.18193E-13  1.27929E-12
  2.650E+01  5.25328E-02  2.47132E-09  6.19774E-09  9.13909E-14  1.28820E-12
  2.700E+01  5.44967E-02  2.26045E-09  6.09004E-09  6.45109E-14  1.29653E-12
  2.750E+01  5.64946E-02  2.05721E-09  5.98263E-09  3.75892E-14  1.30429E-12
  2.800E+01  5.85262E-02  1.86145E-09  5.87557E-09  1.06592E-14  1.31147E-12
  2.850E+01  6.05914E-02  1.67298E-09  5.76892E-09 -1.62475E-14  1.31810E-12
  2.900E+01  6.26901E-02  1.49162E-09  5.66273E-09 -4.31016E-14  1.32418E-12
  2.950E+01  6.48222E-02  1.31720E-09  5.55705E-09 -6.98759E-14  1.32972E-12
  3.000E+01  6.69873E-02  1.14953E-09  5.45193E-09 -9.65447E-14  1.33473E-12
  3.050E+01  6.91854E-02  9.88435E-10  5.34743E-09 -1.23084E-13  1.33923E-12
  3.100E+01  7.14163E-02  8.33727E-10  5.24358E-09 -1.49473E-13  1.34323E-12
  3.150E+01  7.36799E-02  6.85226E-10  5.14043E-09 -1.75690E-13  1.34672E-12
  3.200E+01  7.59760E-02  5.42752E-10  5.03801E-09 -2.01716E-13  1.34974E-12
  3.250E+01  7.83043E-02  4.06127E-10  4.93637E-09 -2.27535E-13  1.35228E-12
  3.300E+01  8.06647E-02  2.75174E-10  4.83554E-09 -2.53129E-13  1.35436E-12
  3.350E+01  8.30571E-02  1.49719E-10  4.73556E-09 -2.78485E-13  1.35599E-12
  3.400E+01  8.54812E-02  2.95919E-11  4.63646E-09 -3.03588E-13  1.35718E-12
  3.450E+01  8.79369E-02 -8.53769E-11  4.53826E-09 -3.28427E-13  1.35794E-12
  3.500E+01  9.04240E-02 -1.95352E-10  4.44099E-09 -3.52989E-13  1.35829E-12
  3.550E+01  9.29422E-02 -3.00496E-10  4.34468E-09 -3.77265E-13  1.35823E-12
  3.600E+01  9.54915E-02 -4.00967E-10  4.24936E-09 -4.01245E-13  1.35778E-12
  3.650E+01  9.80716E-02 -4.96921E-10  4.15504E-09 -4.24921E-13  1.35694E-12
  3.700E+01  1.00682E-01 -5.88508E-10  4.06174E-09 -4.48286E-13  1.35573E-12
  3.750E+01  1.03323E-01 -6.75877E-10  3.96949E-09 -4.71332E-13  1.35416E-12
  3.800E+01  1.05995E-01 -7.59171E-10  3.87829E-09 -4.94054E-13  1.35224E-12
  3.850E+01  1.08696E-01 -8.38531E-10  3.78817E-09 -5.16446E-13  1.34998E-12
  3.900E+01  1.11427E-01 -9.14095E-10  3.69913E-09 -5.38503E-13  1.34739E-12
  3.950E+01  1.14188E-01 -9.85994E-10  3.61119E-09 -5.60222E-13  1.34448E-12
  4.000E+01  1.16978E-01 -1.05436E-09  3.52436E-09 -5.81600E-13  1.34126E-12
  4.050E+01  1.19797E-01 -1.11931E-09  3.43865E-09 -6.02632E-13  1.33775E-12
  4.100E+01  1.22645E-01 -1.18098E-09  3.35406E-09 -6.23318E-13  1.33395E-12
  4.150E+01  1.25522E-01 -1.23948E-09  3.27061E-09 -6.43654E-13  1.32986E-12
  4.200E+01  1.28428E-01 -1.29493E-09  3.18829E-09 -6.63641E-13  1.32552E-12
  4.250E+01  1.31361E-01 -1.34743E-09  3.10711E-09 -6.83275E-13  1.32091E-12
  4.300E+01  1.34323E-01 -1.39710E-09  3.02708E-09 -7.02558E-13  1.31605E-12
  4.350E+01  1.37313E-01 -1.44404E-09  2.94819E-09 -7.21488E-13  1.31095E-12
  4.400E+01  1.40330E-01 -1.48835E-09  2.87044E-09 -7.40066E-13  1.30562E-12
  4.450E+01  1.43375E-01 -1.53013E-09  2.79384E-09 -7.58292E-13  1.30007E-12
  4.500E+01  1.46447E-01 -1.56947E-09  2.71839E-09 -7.76166E-13  1.29431E-12
  4.550E+01  1.49545E-01 -1.60648E-09  2.64408E-09 -7.93690E-13  1.28834E-12
  4.600E+01  1.52671E-01 -1.64122E-09  2.57090E-09 -8.10865E-13  1.28218E-12
  4.650E+01  1.55823E-01 -1.67380E-09  2.49887E-09 -8.27692E-13  1.27583E-12
  4.700E+01  1.59001E-01 -1.70430E-09  2.42796E-09 -8.44173E-13  1.26930E-12
  4.750E+01  1.62205E-01 -1.73279E-09  2.35818E-09 -8.60309E-13  1.26259E-12
  4.800E+01  1.65435E-01 -1.75935E-09  2.28952E-09 -8.76103E-13  1.25573E-12
  4.850E+01  1.68690E-01 -1.78406E-09  2.22198E-09 -8.91556E-13  1.24870E-12
  4.900E+01  1.71970E-01 -1.80699E-09  2.15554E-09 -9.06672E-13  1.24153E-12
  4.950E+01  1.75276E-01 -1.82822E-09  2.09021E-09 -9.21452E-13  1.23421E-12
  5.000E+01  1.78606E-01 -1.84780E-09  2.02596E-09 -9.35899E-13  1.22676E-12
  5.050E+01  1.81961E-01 -1.86580E-09  1.96280E-09 -9.50016E-13  1.21918E-12
  5.100E+01  1.85340E-01 -1.88229E-09  1.90072E-09 -9.63805E-13  1.21147E-12
  5.150E+01  1.88743E-01 -1.89734E-09  1.83970E-09 -9.77269E-13  1.20366E-12
  5.200E+01  1.92169E-01 -1.91098E-09  1.77973E-09 -9.90412E-13  1.19573E-12
  5.250E+01  1.95619E-01 -1.92329E-09  1.72081E-09 -1.00324E-12  1.18770E-12
  5.300E+01  1.99092E-01 -1.93432E-09  1.66293E-09 -1.01575E-12  1.17957E-12
  5.350E+01  2.02589E-01 -1.94413E-09  1.60606E-09 -1.02794E-12  1.17135E-12
  5.400E+01  2.06107E-01 -1.95275E-09  1.55022E-09 -1.03983E-12  1.16305E-12
  5.450E+01  2.09649E-01 -1.96024E-09  1.49537E-09 -1.05141E-12  1.15466E-12
  5.500E+01  2.13212E-01 -1.96666E-09  1.44152E-09 -1.06269E-12  1.14620E-12
  5.550E+01  2.16797E-01 -1.97204E-09  1.38865E-09 -1.07367E-12  1.13767E-12
  5.600E+01  2.20404E-01 -1.97642E-09  1.33674E-09 -1.08436E-12  1.12907E-12
  5.650E+01  2.24032E-01 -1.97986E-09  1.28579E-09 -1.09475E-12  1.12042E-12
  5.700E+01  2.27680E-01 -1.98240E-09  1.23579E-09 -1.10486E-12  1.11171E-12
  5.750E+01  2.31350E-01 -1.98406E-09  1.18671E-09 -1.11468E-12  1.10294E-12
  5.800E+01  2.35040E-01 -1.98489E-09  1.13856E-09 -1.12422E-12  1.09413E-12
  5.850E+01  2.38751E-01 -1.98493E-09  1.09131E-09 -1.13348E-12  1.08528E-12
  5.900E+01  2.42481E-01 -1.98422E-09  1.04496E-09 -1.14246E-12  1.07639E-12
  5.950E+01  2.46231E-01 -1.98278E-09  9.99489E-10 -1.15117E-12  1.06747E-12
  6.000E+01  2.50000E-01 -1.98064E-09  9.54889E-10 -1.15962E-12  1.05852E-12
  6.050E+01  2.53788E-01 -1.97785E-09  9.11145E-10 -1.16780E-12  1.04954E-12
  6.100E+01  2.57595E-01 -1.97443E-09  8.68246E-10 -1.17572E-12  1.04053E-12
  6.150E+01  2.61421E-01 -1.97041E-09  8.26179E-10 -1.18339E-12  1.03151E-12
  6.200E+01  2.65264E-01 -1.96582E-09  7.84932E-10 -1.19079E-12  1.02247E-12
  6.250E+01  2.69126E-01 -1.96069E-09  7.44491E-10 -1.19795E-12  1.01342E-12
  6.300E+01  2.73005E-01 -1.95504E-09  7.04846E-10 -1.20486E-12  1.00436E-12
  6.350E+01  2.76901E-01 -1.94889E-09  6.65982E-10 -1.21153E-12  9.95290E-13
  6.400E+01  2.80814E-01 -1.94228E-09  6.27888E-10 -1.21796E-12  9.86218E-13
  6.450E+01  2.84744E-01 -1.93522E-09  5.90552E-10 -1.22415E-12  9.77145E-13
  6.500E+01  2.88691E-01 -1.92774E-09  5.53960E-10 -1.23011E-12  9.68074E-13
  6.550E+01  2.92653E-01 -1.91986E-09  5.18102E-10 -1.23583E-12  9.59007E-13
  6.600E+01  2.96632E-01 -1.91160E-09  4.82964E-10 -1.24133E-12  9.49947E-13
  6.650E+01  3.00625E-01 -1.90298E-09  4.48535E-10 -1.24661E-12  9.40897E-13
  6.700E+01  3.04634E-01 -1.89402E-09  4.14803E-10 -1.25166E-12  9.31858E-13
  6.750E+01  3.08658E-01 -1.88474E-09  3.81756E-10 -1.25650E-12  9.22834E-13
  6.800E+01  3.12697E-01 -1.87515E-09  3.49382E-10 -1.26112E-12  9.13825E-13
  6.850E+01  3.16749E-01 -1.86528E-09  3.17670E-10 -1.26553E-12  9.04835E-13
  6.900E+01  3.20816E-01 -1.85513E-09  2.86609E-10 -1.26973E-12  8.95865E-13
  6.950E+01  3.24896E-01 -1.84474E-09  2.56186E-10 -1.27373E-12  8.86917E-13
  7.000E+01  3.28990E-01 -1.83410E-09  2.26390E-10 -1.27752E-12  8.77993E-13
  7.050E+01  3.33097E-01 -1.82324E-09  1.97211E-10 -1.28111E-12  8.69095E-13
  7.100E+01  3.37216E-01 -1.81216E-09  1.68637E-10 -1.28451E-12  8.60224E-13
  7.150E+01  3.41348E-01 -1.80089E-09  1.40657E-10 -1.28772E-12  8.51383E-13
  7.200E+01  3.45492E-01 -1.78944E-09  1.13261E-10 -1.29073E-12  8.42572E-13
  7.250E+01  3.49647E-01 -1.77781E-09  8.64382E-11 -1.29356E-12  8.33794E-13
  7.300E+01  3.53814E-01 -1.76603E-09  6.01777E-11 -1.29620E-12  8.25049E-13
  7.350E+01  3.57992E-01 -1.75409E-09  3.44693E-11 -1.29865E-12  8.16339E-13
  7.400E+01  3.62181E-01 -1.74202E-09  9.30273E-12 -1.30093E-12  8.07666E-13
  7.450E+01  3.66381E-01 -1.72982E-09 -1.53321E-11 -1.30303E-12  7.99030E-13
  7.500E+01  3.70590E-01 -1.71751E-09 -3.94451E-11 -1.30496E-12  7.90432E-13
  7.550E+01  3.74810E-01 -1.70509E-09 -6.30461E-11 -1.30672E-12  7.81875E-13
  7.600E+01  3.79039E-01 -1.69257E-09 -8.61448E-11 -1.30830E-12  7.73359E-13
  7.650E+01  3.83277E-01 -1.67997E-09 -1.08751E-10 -1.30972E-12  7.64885E-13
  7.700E+01  3.87524E-01 -1.66728E-09 -1.30873E-10 -1.31097E-12  7.56454E-13
  7.750E+01  3.91780E-01 -1.65453E-09 -1.52522E-10 -1.31207E-12  7.48067E-13
  7.800E+01  3.96044E-01 -1.64170E-09 -1.73705E-10 -1.31300E-12  7.39725E-13
  7.850E+01  4.00316E-01 -1.62883E-09 -1.94433E-10 -1.31377E-12  7.31429E-13
  7.900E+01  4.04596E-01 -1.61590E-09 -2.14713E-10 -1.31440E-12  7.23179E-13
  7.950E+01  4.08882E-01 -1.60294E-09 -2.34555E-10 -1.31486E-12  7.14977E-13
  8.000E+01  4.13176E-01 -1.58994E-09 -2.53967E-10 -1.31518E-12  7.06823E-13
  8.050E+01  4.17476E-01 -1.57691E-09 -2.72958E-10 -1.31535E-12  6.98718E-13
  8.100E+01  4.21783E-01 -1.56385E-09 -2.91535E-10 -1.31538E-12  6.90662E-13
  8.150E+01  4.26095E-01 -1.55078E-09 -3.09708E-10 -1.31526E-12  6.82656E-13
  8.200E+01  4.30413E-01 -1.53770E-09 -3.27483E-10 -1.31500E-12  6.74701E-13
  8.250E+01  4.34737E-01 -1.52462E-09 -3.44869E-10 -1.31460E-12  6.66798E-13
  8.300E+01  4.39065E-01 -1.51153E-09 -3.61874E-10 -1.31406E-12  6.58946E-13
  8.350E+01  4.43398E-01 -1.49845E-09 -3.78505E-10 -1.31339E-12  6.51146E-13
  8.400E+01  4.47736E-01 -1.48537E-09 -3.94770E-10 -1.31258E-12  6.43399E-13
  8.450E+01  4.52077E-01 -1.47231E-09 -4.10675E-10 -1.31165E-12  6.35705E-13
  8.500E+01  4.56422E-01 -1.45927E-09 -4.26229E-10 -1.31058E-12  6.28065E-13
  8.550E+01  4.60770E-01 -1.44625E-09 -4.41439E-10 -1.30939E-12  6.20478E-13
  8.600E+01  4.65122E-01 -1.43325E-09 -4.56310E-10 -1.30807E-12  6.12946E-13
  8.650E+01  4.69476E-01 -1.42029E-09 -4.70851E-10 -1.30662E-12  6.05468E-13
  8.700E+01  4.73832E-01 -1.40735E-09 -4.85068E-10 -1.30506E-12  5.98045E-13
  8.750E+01  4.78190E-01 -1.39446E-09 -4.98967E-10 -1.30337E-12  5.90678E-13
  8.800E+01  4.82550E-01 -1.38160E-09 -5.12555E-10 -1.30157E-12  5.83365E-13
  8.850E+01  4.86912E-01 -1.36878E-09 -5.25838E-10 -1.29965E-12  5.76109E-13
  8.900E+01  4.91274E-01 -1.35601E-09 -5.38823E-10 -1.29762E-12  5.68908E-13
  8.950E+01  4.95637E-01 -1.34329E-09 -5.51516E-10 -1.29547E-12  5.61763E-13
  9.000E+01  5.00000E-01 -1.33062E-09 -5.63922E-10 -1.29321E-12  5.54674E-13
  9.050E+01  5.04363E-01 -1.31800E-09 -5.76048E-10 -1.29084E-12  5.47642E-13
  9.100E+01  5.08726E-01 -1.30543E-09 -5.87900E-10 -1.28836E-12  5.40666E-13
  9.150E+01  5.13088E-01 -1.29292E-09 -5.99482E-10 -1.28578E-12  5.33747E-13
  9.200E+01  5.17450E-01 -1.28048E-09 -6.10801E-10 -1.28309E-12  5.26884E-13
  9.250E+01  5.21810E-01 -1.26809E-09 -6.21862E-10 -1.28030E-12  5.20078E-13
  9.300E+01  5.26168E-01 -1.25577E-09 -6.32671E-10 -1.27740E-12  5.13329E-13
  9.350E+01  5.30524E-01 -1.24351E-09 -6.43232E-10 -1.27441E-12  5.06637E-13
  9.400E+01  5.34878E-01 -1.23132E-09 -6.53552E-10 -1.27131E-12  5.00001E-13
  9.450E+01  5.39230E-01 -1.21920E-09 -6.63634E-10 -1.26812E-12  4.93423E-13
  9.500E+01  5.43578E-01 -1.20715E-09 -6.73484E-10 -1.26483E-12  4.86901E-13
  9.550E+01  5.47923E-01 -1.19517E-09 -6.83107E-10 -1.26145E-12  4.80437E-13
  9.600E+01  5.52264E-01 -1.18327E-09 -6.92507E-10 -1.25797E-12  4.74029E-13
  9.650E+01  5.56602E-01 -1.17143E-09 -7.01689E-10 -1.25440E-12  4.67678E-13
  9.700E+01  5.60935E-01 -1.15968E-09 -7.10659E-10 -1.25074E-12  4.61384E-13
  9.750E+01  5.65263E-01 -1.14800E-09 -7.19419E-10 -1.24699E-12  4.55146E-13
  9.800E+01  5.69587E-01 -1.13639E-09 -7.27976E-10 -1.24315E-12  4.48965E-13
  9.850E+01  5.73905E-01 -1.12487E-09 -7.36332E-10 -1.23922E-12  4.42841E-13
  9.900E+01  5.78217E-01 -1.11342E-09 -7.44492E-10 -1.23521E-12  4.36773E-13
  9.950E+01  5.82524E-01 -1.10205E-09 -7.52461E-10 -1.23111E-12  4.30762E-13
  1.000E+02  5.86824E-01 -1.09077E-09 -7.60243E-10 -1.22693E-12  4.24807E-13
  1.005E+02  5.91118E-01 -1.07957E-09 -7.67840E-10 -1.22267E-12  4.18908E-13
  1.010E+02  5.95404E-01 -1.06844E-09 -7.75259E-10 -1.21833E-12  4.13065E-13
  1.015E+02  5.99684E-01 -1.05740E-09 -7.82501E-10 -1.21390E-12  4.07278E-13
  1.020E+02  6.03956E-01 -1.04645E-09 -7.89571E-10 -1.20940E-12  4.01546E-13
  1.025E+02  6.08220E-01 -1.03558E-09 -7.96473E-10 -1.20482E-12  3.95871E-13
  1.030E+02  6.12476E-01 -1.02479E-09 -8.03210E-10 -1.20016E-12  3.90250E-13
  1.035E+02  6.16723E-01 -1.01409E-09 -8.09786E-10 -1.19543E-12  3.84685E-13
  1.040E+02  6.20961E-01 -1.00347E-09 -8.16204E-10 -1.19063E-12  3.79176E-13
  1.045E+02  6.25190E-01 -9.92937E-10 -8.22467E-10 -1.18575E-12  3.73721E-13
  1.050E+02  6.29410E-01 -9.82490E-10 -8.28580E-10 -1.18079E-12  3.68320E-13
  1.055E+02  6.33619E-01 -9.72129E-10 -8.34544E-10 -1.17577E-12  3.62975E-13
  1.060E+02  6.37819E-01 -9.61854E-10 -8.40364E-10 -1.17068E-12  3.57683E-13
  1.065E+02  6.42008E-01 -9.51665E-10 -8.46043E-10 -1.16551E-12  3.52446E-13
  1.070E+02  6.46186E-01 -9.41563E-10 -8.51583E-10 -1.16028E-12  3.47263E-13
  1.075E+02  6.50353E-01 -9.31547E-10 -8.56987E-10 -1.15498E-12  3.42133E-13
  1.080E+02  6.54508E-01 -9.21618E-10 -8.62259E-10 -1.14962E-12  3.37057E-13
  1.085E+02  6.58652E-01 -9.11776E-10 -8.67401E-10 -1.14419E-12  3.32034E-13
  1.090E+02  6.62784E-01 -9.02020E-10 -8.72417E-10 -1.13869E-12  3.27065E-13
  1.095E+02  6.66903E-01 -8.92352E-10 -8.77308E-10 -1.13313E-12  3.22148E-13
  1.100E+02  6.71010E-01 -8.82769E-10 -8.82078E-10 -1.12751E-12  3.17283E-13
  1.105E+02  6.75104E-01 -8.73274E-10 -8.86730E-10 -1.12182E-12  3.12471E-13
  1.110E+02  6.79184E-01 -8.63865E-10 -8.91265E-10 -1.11608E-12  3.07711E-13
  1.115E+02  6.83251E-01 -8.54543E-10 -8.95686E-10 -1.11027E-12  3.03002E-13
  1.120E+02  6.87303E-01 -8.45307E-10 -8.99997E-10 -1.10441E-12  2.98345E-13
  1.125E+02  6.91342E-01 -8.36158E-10 -9.04199E-10 -1.09848E-12  2.93740E-13
  1.130E+02  6.95366E-01 -8.27094E-10 -9.08295E-10 -1.09250E-12  2.89185E-13
  1.135E+02  6.99375E-01 -8.18117E-10 -9.12286E-10 -1.08646E-12  2.84681E-13
  1.140E+02  7.03368E-01 -8.09226E-10 -9.16177E-10 -1.08037E-12  2.80228E-13
  1.145E+02  7.07347E-01 -8.00420E-10 -9.19968E-10 -1.07422E-12  2.75824E-13
  1.150E+02  7.11309E-01 -7.91700E-10 -9.23661E-10 -1.06801E-12  2.71471E-13
  1.155E+02  7.15256E-01 -7.83065E-10 -9.27260E-10 -1.06175E-12  2.67167E-13
  1.160E+02  7.19186E-01 -7.74515E-10 -9.30766E-10 -1.05544E-12  2.62912E-13
  1.165E+02  7.23099E-01 -7.66050E-10 -9.34181E-10 -1.04908E-12  2.58707E-13
  1.170E+02  7.26995E-01 -7.57670E-10 -9.37507E-10 -1.04266E-12  2.54550E-13
  1.175E+02  7.30874E-01 -7.49374E-10 -9.40747E-10 -1.03620E-12  2.50442E-13
  1.180E+02  7.34736E-01 -7.41162E-10 -9.43902E-10 -1.02968E-12  2.46381E-13
  1.185E+02  7.38579E-01 -7.33034E-10 -9.46974E-10 -1.02311E-12  2.42369E-13
  1.190E+02  7.42405E-01 -7.24990E-10 -9.49964E-10 -1.01650E-12  2.38404E-13
  1.195E+02  7.46212E-01 -7.17028E-10 -9.52876E-10 -1.00984E-12  2.34486E-13
  1.200E+02  7.50000E-01 -7.09150E-10 -9.55710E-10 -1.00313E-12  2.30615E-13
  1.205E+02  7.53769E-01 -7.01354E-10 -9.58468E-10 -9.96369E-13  2.26791E-13
  1.210E+02  7.57519E-01 -6.93641E-10 -9.61153E-10 -9.89566E-13  2.23013E-13
  1.215E+02  7.61249E-01 -6.86009E-10 -9.63765E-10 -9.82718E-13  2.19281E-13
  1.220E+02  7.64960E-01 -6.78460E-10 -9.66307E-10 -9.75825E-13  2.15595E-13
  1.225E+02  7.68650E-01 -6.70991E-10 -9.68779E-10 -9.68887E-13  2.11953E-13
  1.230E+02  7.72320E-01 -6.63604E-10 -9.71185E-10 -9.61906E-13  2.08357E-13
  1.235E+02  7.75968E-01 -6.56297E-10 -9.73524E-10 -9.54883E-13  2.04806E-13
  1.240E+02  7.79596E-01 -6.49071E-10 -9.75799E-10 -9.47817E-13  2.01298E-13
  1.245E+02  7.83203E-01 -6.41925E-10 -9.78011E-10 -9.40709E-13  1.97835E-13
  1.250E+02  7.86788E-01 -6.34858E-10 -9.80162E-10 -9.33561E-13  1.94415E-13
  1.255E+02  7.90351E-01 -6.27871E-10 -9.82253E-10 -9.26371E-13  1.91039E-13
  1.260E+02  7.93893E-01 -6.20963E-10 -9.84285E-10 -9.19142E-13  1.87706E-13
  1.265E+02  7.97411E-01 -6.14133E-10 -9.86261E-10 -9.11874E-13  1.84415E-13
  1.270E+02  8.00908E-01 -6.07382E-10 -9.88180E-10 -9.04567E-13  1.81167E-13
  1.275E+02  8.04381E-01 -6.00709E-10 -9.90045E-10 -8.97222E-13  1.77960E-13
  1.280E+02  8.07831E-01 -5.94113E-10 -9.91856E-10 -8.89839E-13  1.74795E-13
  1.285E+02  8.11257E-01 -5.87594E-10 -9.93616E-10 -8.82419E-13  1.71672E-13
  1.290E+02  8.14660E-01 -5.81152E-10 -9.95325E-10 -8.74963E-13  1.68589E-13
  1.295E+02  8.18039E-01 -5.74787E-10 -9.96985E-10 -8.67470E-13  1.65547E-13
  1.300E+02  8.21394E-01 -5.68498E-10 -9.98596E-10 -8.59942E-13  1.62545E-13
  1.305E+02  8.24724E-01 -5.62284E-10 -1.00016E-09 -8.52380E-13  1.59582E-13
  1.310E+02  8.28030E-01 -5.56146E-10 -1.00168E-09 -8.44783E-13  1.56660E-13
  1.315E+02  8.31310E-01 -5.50083E-10 -1.00315E-09 -8.37152E-13  1.53776E-13
  1.320E+02  8.34565E-01 -5.44095E-10 -1.00458E-09 -8.29487E-13  1.50932E-13
  1.325E+02  8.37795E-01 -5.38181E-10 -1.00597E-09 -8.21790E-13  1.48125E-13
  1.330E+02  8.40999E-01 -5.32341E-10 -1.00731E-09 -8.14060E-13  1.45357E-13
  1.335E+02  8.44177E-01 -5.26575E-10 -1.00862E-09 -8.06299E-13  1.42627E-13
  1.340E+02  8.47329E-01 -5.20882E-10 -1.00988E-09 -7.98506E-13  1.39933E-13
  1.345E+02  8.50455E-01 -5.15262E-10 -1.01111E-09 -7.90682E-13  1.37277E-13
  1.350E+02  8.53553E-01 -5.09715E-10 -1.01230E-09 -7.82827E-13  1.34657E-13
  1.355E+02  8.56625E-01 -5.04240E-10 -1.01345E-09 -7.74943E-13  1.32074E-13
  1.360E+02  8.59670E-01 -4.98836E-10 -1.01456E-09 -7.67029E-13  1.29527E-13
  1.365E+02  8.62687E-01 -4.93505E-10 -1.01564E-09 -7.59087E-13  1.27015E-13
  1.370E+02  8.65677E-01 -4.88244E-10 -1.01669E-09 -7.51115E-13  1.24538E-13
  1.375E+02  8.68639E-01 -4.83054E-10 -1.01770E-09 -7.43116E-13  1.22096E-13
  1.380E+02  8.71572E-01 -4.77935E-10 -1.01869E-09 -7.35088E-13  1.19688E-13
  1.385E+02  8.74478E-01 -4.72886E-10 -1.01964E-09 -7.27034E-13  1.17314E-13
  1.390E+02  8.77355E-01 -4.67907E-10 -1.02056E-09 -7.18953E-13  1.14974E-13
  1.395E+02  8.80203E-01 -4.62998E-10 -1.02145E-09 -7.10845E-13  1.12667E-13
  1.400E+02  8.83022E-01 -4.58158E-10 -1.02231E-09 -7.02711E-13  1.10393E-13
  1.405E+02  8.85812E-01 -4.53386E-10 -1.02314E-09 -6.94552E-13  1.08152E-13
  1.410E+02  8.88573E-01 -4.48684E-10 -1.02394E-09 -6.86368E-13  1.05942E-13
  1.415E+02  8.91304E-01 -4.44049E-10 -1.02472E-09 -6.78159E-13  1.03765E-13
  1.420E+02  8.94005E-01 -4.39483E-10 -1.02547E-09 -6.69926E-13  1.01618E-13
  1.425E+02  8.96677E-01 -4.34984E-10 -1.02620E-09 -6.61669E-13  9.95030E-14
  1.430E+02  8.99318E-01 -4.30552E-10 -1.02690E-09 -6.53388E-13  9.74183E-14
  1.435E+02  9.01928E-01 -4.26188E-10 -1.02758E-09 -6.45085E-13  9.53638E-14
  1.440E+02  9.04508E-01 -4.21890E-10 -1.02823E-09 -6.36759E-13  9.33391E-14
  1.445E+02  9.07058E-01 -4.17659E-10 -1.02887E-09 -6.28410E-13  9.13438E-14
  1.450E+02  9.09576E-01 -4.13493E-10 -1.02948E-09 -6.20040E-13  8.93776E-14
  1.455E+02  9.12063E-01 -4.09394E-10 -1.03006E-09 -6.11648E-13  8.74401E-14
  1.460E+02  9.14519E-01 -4.05360E-10 -1.03063E-09 -6.03235E-13  8.55307E-14
  1.465E+02  9.16943E-01 -4.01392E-10 -1.03118E-09 -5.94801E-13  8.36493E-14
  1.470E+02  9.19335E-01 -3.97488E-10 -1.03171E-09 -5.86347E-13  8.17954E-14
  1.475E+02  9.21696E-01 -3.93650E-10 -1.03222E-09 -5.77873E-13  7.99685E-14
  1.480E+02  9.24024E-01 -3.89875E-10 -1.03271E-09 -5.69380E-13  7.81683E-14
  1.485E+02  9.26320E-01 -3.86165E-10 -1.03318E-09 -5.60867E-13  7.63945E-14
  1.490E+02  9.28584E-01 -3.82519E-10 -1.03363E-09 -5.52335E-13  7.46465E-14
  1.495E+02  9.30815E-01 -3.78937E-10 -1.03407E-09 -5.43785E-13  7.29240E-14
  1.500E+02  9.33013E-01 -3.75418E-10 -1.03449E-09 -5.35216E-13  7.12267E-14
  1.505E+02  9.35178E-01 -3.71962E-10 -1.03490E-09 -5.26630E-13  6.95541E-14
  1.510E+02  9.37310E-01 -3.68569E-10 -1.03529E-09 -5.18026E-13  6.79058E-14
  1.515E+02  9.39409E-01 -3.65238E-10 -1.03566E-09 -5.09406E-13  6.62814E-14
  1.520E+02  9.41474E-01 -3.61971E-10 -1.03602E-09 -5.00768E-13  6.46806E-14
  1.525E+02  9.43505E-01 -3.58765E-10 -1.03637E-09 -4.92114E-13  6.31028E-14
  1.530E+02  9.45503E-01 -3.55621E-10 -1.03670E-09 -4.83444E-13  6.15478E-14
  1.535E+02  9.47467E-01 -3.52539E-10 -1.03702E-09 -4.74758E-13  6.00151E-14
  1.540E+02  9.49397E-01 -3.49519E-10 -1.03733E-09 -4.66057E-13  5.85043E-14
  1.545E+02  9.51293E-01 -3.46559E-10 -1.03762E-09 -4.57341E-13  5.70151E-14
  1.550E+02  9.53154E-01 -3.43661E-10 -1.03791E-09 -4.48610E-13  5.55469E-14
  1.555E+02  9.54981E-01 -3.40824E-10 -1.03818E-09 -4.39864E-13  5.40995E-14
  1.560E+02  9.56773E-01 -3.38048E-10 -1.03844E-09 -4.31105E-13  5.26724E-14
  1.565E+02  9.58530E-01 -3.35331E-10 -1.03868E-09 -4.22332E-13  5.12651E-14
  1.570E+02  9.60252E-01 -3.32675E-10 -1.03892E-09 -4.13545E-13  4.98774E-14
  1.575E+02  9.61940E-01 -3.30080E-10 -1.03915E-09 -4.04745E-13  4.85087E-14
  1.580E+02  9.63592E-01 -3.27544E-10 -1.03937E-09 -3.95932E-13  4.71587E-14
  1.585E+02  9.65209E-01 -3.25067E-10 -1.03958E-09 -3.87107E-13  4.58270E-14
  1.590E+02  9.66790E-01 -3.22651E-10 -1.03978E-09 -3.78270E-13  4.45132E-14
  1.595E+02  9.68336E-01 -3.20293E-10 -1.03997E-09 -3.69421E-13  4.32168E-14
  1.600E+02  9.69846E-01 -3.17995E-10 -1.04015E-09 -3.60560E-13  4.19375E-14
  1.605E+02  9.71321E-01 -3.15755E-10 -1.04033E-09 -3.51688E-13  4.06748E-14
  1.610E+02  9.72759E-01 -3.13575E-10 -1.04049E-09 -3.42805E-13  3.94283E-14
  1.615E+02  9.74162E-01 -3.11453E-10 -1.04065E-09 -3.33911E-13  3.81977E-14
  1.620E+02  9.75528E-01 -3.09389E-10 -1.04080E-09 -3.25007E-13  3.69824E-14
  1.625E+02  9.76858E-01 -3.07384E-10 -1.04095E-09 -3.16093E-13  3.57822E-14
  1.630E+02  9.78152E-01 -3.05437E-10 -1.04108E-09 -3.07170E-13  3.45965E-14
  1.635E+02  9.79410E-01 -3.03548E-10 -1.04121E-09 -2.98236E-13  3.34250E-14
  1.640E+02  9.80631E-01 -3.01717E-10 -1.04134E-09 -2.89294E-13  3.22673E-14
  1.645E+02  9.81815E-01 -2.99944E-10 -1.04146E-09 -2.80343E-13  3.11229E-14
  1.650E+02  9.82963E-01 -2.98229E-10 -1.04157E-09 -2.71383E-13  2.99914E-14
  1.655E+02  9.84074E-01 -2.96570E-10 -1.04168E-09 -2.62415E-13  2.88725E-14
  1.660E+02  9.85148E-01 -2.94970E-10 -1.04178E-09 -2.53438E-13  2.77657E-14
  1.665E+02  9.86185E-01 -2.93426E-10 -1.04187E-09 -2.44455E-13  2.66705E-14
  1.670E+02  9.87185E-01 -2.91940E-10 -1.04196E-09 -2.35463E-13  2.55867E-14
  1.675E+02  9.88148E-01 -2.90510E-10 -1.04205E-09 -2.26465E-13  2.45137E-14
  1.680E+02  9.89074E-01 -2.89138E-10 -1.04213E-09 -2.17460E-13  2.34511E-14
  1.685E+02  9.89962E-01 -2.87822E-10 -1.04221E-09 -2.08448E-13  2.23986E-14
  1.690E+02  9.90814E-01 -2.86563E-10 -1.04228E-09 -1.99430E-13  2.13557E-14
  1.695E+02  9.91627E-01 -2.85361E-10 -1.04235E-09 -1.90406E-13  2.03220E-14
  1.700E+02  9.92404E-01 -2.84215E-10 -1.04241E-09 -1.81376E-13  1.92971E-14
  1.705E+02  9.93143E-01 -2.83126E-10 -1.04247E-09 -1.72340E-13  1.82805E-14
  1.710E+02  9.93844E-01 -2.82093E-10 -1.04252E-09 -1.63300E-13  1.72719E-14
  1.715E+02  9.94508E-01 -2.81116E-10 -1.04258E-09 -1.54255E-13  1.62708E-14
  1.720E+02  9.95134E-01 -2.80196E-10 -1.04262E-09 -1.45205E-13  1.52769E-14
  1.725E+02  9.95722E-01 -2.79331E-10 -1.04267E-09 -1.36150E-13  1.42896E-14
  1.730E+02  9.96273E-01 -2.78523E-10 -1.04271E-09 -1.27092E-13  1.33086E-14
  1.735E+02  9.96786E-01 -2.77771E-10 -1.04275E-09 -1.18030E-13  1.23335E-14
  1.740E+02  9.97261E-01 -2.77074E-10 -1.04278E-09 -1.08964E-13  1.13638E-14
  1.745E+02  9.97698E-01 -2.76434E-10 -1.04282E-09 -9.98951E-14  1.03992E-14
  1.750E+02  9.98097E-01 -2.75849E-10 -1.04285E-09 -9.08232E-14  9.43913E-15
  1.755E+02  9.98459E-01 -2.75321E-10 -1.04287E-09 -8.17485E-14  8.48328E-15
  1.760E+02  9.98782E-01 -2.74848E-10 -1.04289E-09 -7.26715E-14  7.53119E-15
  1.765E+02  9.99067E-01 -2.74430E-10 -1.04291E-09 -6.35923E-14  6.58246E-15
  1.770E+02  9.99315E-01 -2.74069E-10 -1.04293E-09 -5.45112E-14  5.63666E-15
  1.775E+02  9.99524E-01 -2.73763E-10 -1.04295E-09 -4.54284E-14  4.69338E-15
  1.780E+02  9.99695E-01 -2.73513E-10 -1.04296E-09 -3.63444E-14  3.75219E-15
  1.785E+02  9.99829E-01 -2.73318E-10 -1.04297E-09 -2.72592E-14  2.81267E-15
  1.790E+02  9.99924E-01 -2.73179E-10 -1.04297E-09 -1.81733E-14  1.87442E-15
  1.795E+02  9.99981E-01 -2.73096E-10 -1.04298E-09 -9.08677E-15  9.36999E-16
  1.800E+02  1.00000E+00 -2.73068E-10 -1.04298E-09 -1.27519E-28  1.31483E-29
