

  **** PARTIAL WAVE ANALYSIS (DPWA0) ******************************************


  KINETIC ENERGY = 6.80000E+01 eV

      L       PHASE(SPIN UP)     PHASE(SPIN DOWN)
  -----------------------------------------------
       0      6.76266112E-01      0.00000000E+00
       1     -1.19888328E+00     -1.19694330E+00
       2      5.59166469E-01      5.59359193E-01
       3      1.59990460E-01      1.60024678E-01
       4      5.16760734E-02      5.16854672E-02
       5      1.77427429E-02      1.77457471E-02
       6      6.30378273E-03      6.30480845E-03
       7      2.28935189E-03      2.28971473E-03
       8      8.44260049E-04      8.44391354E-04
       9      3.14837555E-04      3.14885838E-04
      10      1.18385963E-04      1.18403928E-04
      11      4.47938958E-05      4.48006389E-05
      12      1.70285821E-05      1.70311300E-05
      13      6.49656725E-06      6.49753482E-06
      14      2.48521705E-06      2.48558589E-06
      15      9.52667385E-07      9.52808392E-07
      16      3.65767827E-07      3.65821854E-07
      17      1.40604441E-07      1.40625172E-07
      18      5.41005785E-08      5.41085469E-08
      19      2.08316140E-08      2.08346784E-08
      20      8.02589857E-09      8.02707642E-09
      21      3.09356640E-09      3.09402140E-09
      22      1.19279820E-09      1.19297115E-09
      23      4.60014721E-10      4.60080207E-10
      24      1.77451528E-10      1.77473075E-10


  *** SCATTERING AMPLITUDES AND DIFFERENTIAL CROSS SECTION ***

    ANGLE      DCS       ASYMMETRY    DIRECT AMPLITUDE       SPIN-FLIP AMPLITUDE     ERROR
    (deg)   (cm**2/sr)                      (cm)                    (cm)
  -------------------------------------------------------------------------------------------
  0.000E+00 1.92390E-16  0.000E+00  8.571E-09  1.091E-08  0.000E+00  0.000E+00  1.00E-07
  1.000E-04 1.92390E-16  1.090E-10  8.571E-09  1.091E-08 -3.299E-18 -2.975E-18  1.00E-07
  1.250E-04 1.92390E-16  1.362E-10  8.571E-09  1.091E-08 -4.124E-18 -3.718E-18  1.00E-07
  1.500E-04 1.92390E-16  1.635E-10  8.571E-09  1.091E-08 -4.949E-18 -4.462E-18  1.00E-07
  1.750E-04 1.92390E-16  1.907E-10  8.571E-09  1.091E-08 -5.774E-18 -5.206E-18  1.00E-07
  2.000E-04 1.92390E-16  2.180E-10  8.571E-09  1.091E-08 -6.599E-18 -5.950E-18  1.00E-07
  2.250E-04 1.92390E-16  2.452E-10  8.571E-09  1.091E-08 -7.423E-18 -6.693E-18  1.00E-07
  2.500E-04 1.92390E-16  2.725E-10  8.571E-09  1.091E-08 -8.248E-18 -7.437E-18  1.00E-07
  2.750E-04 1.92390E-16  2.997E-10  8.571E-09  1.091E-08 -9.073E-18 -8.181E-18  1.00E-07
  3.000E-04 1.92390E-16  3.270E-10  8.571E-09  1.091E-08 -9.898E-18 -8.924E-18  1.00E-07
  3.250E-04 1.92390E-16  3.542E-10  8.571E-09  1.091E-08 -1.072E-17 -9.668E-18  1.00E-07
  3.500E-04 1.92390E-16  3.815E-10  8.571E-09  1.091E-08 -1.155E-17 -1.041E-17  1.00E-07
  3.750E-04 1.92390E-16  4.087E-10  8.571E-09  1.091E-08 -1.237E-17 -1.116E-17  1.00E-07
  4.000E-04 1.92390E-16  4.360E-10  8.571E-09  1.091E-08 -1.320E-17 -1.190E-17  1.00E-07
  4.250E-04 1.92390E-16  4.632E-10  8.571E-09  1.091E-08 -1.402E-17 -1.264E-17  1.00E-07
  4.500E-04 1.92390E-16  4.904E-10  8.571E-09  1.091E-08 -1.485E-17 -1.339E-17  1.00E-07
  4.750E-04 1.92390E-16  5.177E-10  8.571E-09  1.091E-08 -1.567E-17 -1.413E-17  1.00E-07
  5.000E-04 1.92390E-16  5.449E-10  8.571E-09  1.091E-08 -1.650E-17 -1.487E-17  1.00E-07
  5.250E-04 1.92390E-16  5.722E-10  8.571E-09  1.091E-08 -1.732E-17 -1.562E-17  1.00E-07
  5.500E-04 1.92390E-16  5.994E-10  8.571E-09  1.091E-08 -1.815E-17 -1.636E-17  1.00E-07
  5.750E-04 1.92390E-16  6.267E-10  8.571E-09  1.091E-08 -1.897E-17 -1.711E-17  1.00E-07
  6.000E-04 1.92390E-16  6.539E-10  8.571E-09  1.091E-08 -1.980E-17 -1.785E-17  1.00E-07
  6.250E-04 1.92390E-16  6.812E-10  8.571E-09  1.091E-08 -2.062E-17 -1.859E-17  1.00E-07
  6.500E-04 1.92390E-16  7.084E-10  8.571E-09  1.091E-08 -2.145E-17 -1.934E-17  1.00E-07
  6.750E-04 1.92390E-16  7.357E-10  8.571E-09  1.091E-08 -2.227E-17 -2.008E-17  1.00E-07
  7.000E-04 1.92390E-16  7.629E-10  8.571E-09  1.091E-08 -2.309E-17 -2.082E-17  1.00E-07
  7.250E-04 1.92390E-16  7.902E-10  8.571E-09  1.091E-08 -2.392E-17 -2.157E-17  1.00E-07
  7.500E-04 1.92390E-16  8.174E-10  8.571E-09  1.091E-08 -2.474E-17 -2.231E-17  1.00E-07
  7.750E-04 1.92390E-16  8.447E-10  8.571E-09  1.091E-08 -2.557E-17 -2.305E-17  1.00E-07
  8.000E-04 1.92390E-16  8.719E-10  8.571E-09  1.091E-08 -2.639E-17 -2.380E-17  1.00E-07
  8.250E-04 1.92390E-16  8.992E-10  8.571E-09  1.091E-08 -2.722E-17 -2.454E-17  1.00E-07
  8.500E-04 1.92390E-16  9.264E-10  8.571E-09  1.091E-08 -2.804E-17 -2.529E-17  1.00E-07
  8.750E-04 1.92390E-16  9.537E-10  8.571E-09  1.091E-08 -2.887E-17 -2.603E-17  1.00E-07
  9.000E-04 1.92390E-16  9.809E-10  8.571E-09  1.091E-08 -2.969E-17 -2.677E-17  1.00E-07
  9.250E-04 1.92390E-16  1.008E-09  8.571E-09  1.091E-08 -3.052E-17 -2.752E-17  1.00E-07
  9.500E-04 1.92390E-16  1.035E-09  8.571E-09  1.091E-08 -3.134E-17 -2.826E-17  1.00E-07
  9.750E-04 1.92390E-16  1.063E-09  8.571E-09  1.091E-08 -3.217E-17 -2.900E-17  1.00E-07
  1.000E-03 1.92390E-16  1.090E-09  8.571E-09  1.091E-08 -3.299E-17 -2.975E-17  1.00E-07
  1.250E-03 1.92390E-16  1.362E-09  8.571E-09  1.091E-08 -4.124E-17 -3.718E-17  1.00E-07
  1.500E-03 1.92390E-16  1.635E-09  8.571E-09  1.091E-08 -4.949E-17 -4.462E-17  1.00E-07
  1.750E-03 1.92390E-16  1.907E-09  8.571E-09  1.091E-08 -5.774E-17 -5.206E-17  1.00E-07
  2.000E-03 1.92390E-16  2.180E-09  8.571E-09  1.091E-08 -6.599E-17 -5.950E-17  1.00E-07
  2.250E-03 1.92390E-16  2.452E-09  8.571E-09  1.091E-08 -7.423E-17 -6.693E-17  1.00E-07
  2.500E-03 1.92390E-16  2.725E-09  8.571E-09  1.091E-08 -8.248E-17 -7.437E-17  1.00E-07
  2.750E-03 1.92390E-16  2.997E-09  8.571E-09  1.091E-08 -9.073E-17 -8.181E-17  1.00E-07
  3.000E-03 1.92390E-16  3.270E-09  8.571E-09  1.091E-08 -9.898E-17 -8.924E-17  1.00E-07
  3.250E-03 1.92390E-16  3.542E-09  8.571E-09  1.091E-08 -1.072E-16 -9.668E-17  1.00E-07
  3.500E-03 1.92390E-16  3.815E-09  8.571E-09  1.091E-08 -1.155E-16 -1.041E-16  1.00E-07
  3.750E-03 1.92390E-16  4.087E-09  8.571E-09  1.091E-08 -1.237E-16 -1.116E-16  1.00E-07
  4.000E-03 1.92390E-16  4.360E-09  8.571E-09  1.091E-08 -1.320E-16 -1.190E-16  1.00E-07
  4.250E-03 1.92390E-16  4.632E-09  8.571E-09  1.091E-08 -1.402E-16 -1.264E-16  1.00E-07
  4.500E-03 1.92390E-16  4.904E-09  8.571E-09  1.091E-08 -1.485E-16 -1.339E-16  1.00E-07
  4.750E-03 1.92390E-16  5.177E-09  8.571E-09  1.091E-08 -1.567E-16 -1.413E-16  1.00E-07
  5.000E-03 1.92390E-16  5.449E-09  8.571E-09  1.091E-08 -1.650E-16 -1.487E-16  1.00E-07
  5.250E-03 1.92390E-16  5.722E-09  8.571E-09  1.091E-08 -1.732E-16 -1.562E-16  1.00E-07
  5.500E-03 1.92390E-16  5.994E-09  8.571E-09  1.091E-08 -1.815E-16 -1.636E-16  1.00E-07
  5.750E-03 1.92390E-16  6.267E-09  8.571E-09  1.091E-08 -1.897E-16 -1.711E-16  1.00E-07
  6.000E-03 1.92390E-16  6.539E-09  8.571E-09  1.091E-08 -1.980E-16 -1.785E-16  1.00E-07
  6.250E-03 1.92390E-16  6.812E-09  8.571E-09  1.091E-08 -2.062E-16 -1.859E-16  1.00E-07
  6.500E-03 1.92390E-16  7.084E-09  8.571E-09  1.091E-08 -2.145E-16 -1.934E-16  1.00E-07
  6.750E-03 1.92390E-16  7.357E-09  8.571E-09  1.091E-08 -2.227E-16 -2.008E-16  1.00E-07
  7.000E-03 1.92390E-16  7.629E-09  8.571E-09  1.091E-08 -2.309E-16 -2.082E-16  1.00E-07
  7.250E-03 1.92390E-16  7.902E-09  8.571E-09  1.091E-08 -2.392E-16 -2.157E-16  1.00E-07
  7.500E-03 1.92390E-16  8.174E-09  8.571E-09  1.091E-08 -2.474E-16 -2.231E-16  1.00E-07
  7.750E-03 1.92390E-16  8.447E-09  8.571E-09  1.091E-08 -2.557E-16 -2.305E-16  1.00E-07
  8.000E-03 1.92390E-16  8.719E-09  8.571E-09  1.091E-08 -2.639E-16 -2.380E-16  1.00E-07
  8.250E-03 1.92390E-16  8.992E-09  8.571E-09  1.091E-08 -2.722E-16 -2.454E-16  1.00E-07
  8.500E-03 1.92390E-16  9.264E-09  8.571E-09  1.091E-08 -2.804E-16 -2.529E-16  1.00E-07
  8.750E-03 1.92390E-16  9.537E-09  8.571E-09  1.091E-08 -2.887E-16 -2.603E-16  1.00E-07
  9.000E-03 1.92389E-16  9.809E-09  8.571E-09  1.091E-08 -2.969E-16 -2.677E-16  1.00E-07
  9.250E-03 1.92389E-16  1.008E-08  8.571E-09  1.091E-08 -3.052E-16 -2.752E-16  1.00E-07
  9.500E-03 1.92389E-16  1.035E-08  8.571E-09  1.091E-08 -3.134E-16 -2.826E-16  1.00E-07
  9.750E-03 1.92389E-16  1.063E-08  8.571E-09  1.091E-08 -3.217E-16 -2.900E-16  1.00E-07
  1.000E-02 1.92389E-16  1.090E-08  8.571E-09  1.091E-08 -3.299E-16 -2.975E-16  1.00E-07
  1.250E-02 1.92389E-16  1.362E-08  8.571E-09  1.091E-08 -4.124E-16 -3.718E-16  1.00E-07
  1.500E-02 1.92389E-16  1.635E-08  8.571E-09  1.091E-08 -4.949E-16 -4.462E-16  1.00E-07
  1.750E-02 1.92389E-16  1.907E-08  8.571E-09  1.091E-08 -5.774E-16 -5.206E-16  1.00E-07
  2.000E-02 1.92389E-16  2.180E-08  8.571E-09  1.091E-08 -6.599E-16 -5.950E-16  1.00E-07
  2.250E-02 1.92389E-16  2.452E-08  8.571E-09  1.091E-08 -7.423E-16 -6.693E-16  1.00E-07
  2.500E-02 1.92389E-16  2.725E-08  8.571E-09  1.091E-08 -8.248E-16 -7.437E-16  1.00E-07
  2.750E-02 1.92389E-16  2.997E-08  8.571E-09  1.091E-08 -9.073E-16 -8.181E-16  1.00E-07
  3.000E-02 1.92389E-16  3.270E-08  8.571E-09  1.091E-08 -9.898E-16 -8.924E-16  1.00E-07
  3.250E-02 1.92389E-16  3.542E-08  8.571E-09  1.091E-08 -1.072E-15 -9.668E-16  1.00E-07
  3.500E-02 1.92389E-16  3.815E-08  8.571E-09  1.091E-08 -1.155E-15 -1.041E-15  1.00E-07
  3.750E-02 1.92389E-16  4.087E-08  8.571E-09  1.091E-08 -1.237E-15 -1.116E-15  1.00E-07
  4.000E-02 1.92389E-16  4.360E-08  8.571E-09  1.091E-08 -1.320E-15 -1.190E-15  1.00E-07
  4.250E-02 1.92389E-16  4.632E-08  8.571E-09  1.091E-08 -1.402E-15 -1.264E-15  1.00E-07
  4.500E-02 1.92389E-16  4.905E-08  8.571E-09  1.091E-08 -1.485E-15 -1.339E-15  1.00E-07
  4.750E-02 1.92389E-16  5.177E-08  8.571E-09  1.091E-08 -1.567E-15 -1.413E-15  1.00E-07
  5.000E-02 1.92389E-16  5.449E-08  8.571E-09  1.091E-08 -1.650E-15 -1.487E-15  1.00E-07
  5.250E-02 1.92389E-16  5.722E-08  8.571E-09  1.091E-08 -1.732E-15 -1.562E-15  1.00E-07
  5.500E-02 1.92389E-16  5.994E-08  8.571E-09  1.091E-08 -1.815E-15 -1.636E-15  1.00E-07
  5.750E-02 1.92389E-16  6.267E-08  8.571E-09  1.091E-08 -1.897E-15 -1.711E-15  1.00E-07
  6.000E-02 1.92389E-16  6.539E-08  8.571E-09  1.091E-08 -1.980E-15 -1.785E-15  1.00E-07
  6.250E-02 1.92389E-16  6.812E-08  8.571E-09  1.091E-08 -2.062E-15 -1.859E-15  1.00E-07
  6.500E-02 1.92389E-16  7.084E-08  8.571E-09  1.091E-08 -2.145E-15 -1.934E-15  1.00E-07
  6.750E-02 1.92389E-16  7.357E-08  8.571E-09  1.091E-08 -2.227E-15 -2.008E-15  1.00E-07
  7.000E-02 1.92388E-16  7.629E-08  8.571E-09  1.091E-08 -2.309E-15 -2.082E-15  1.00E-07
  7.250E-02 1.92388E-16  7.902E-08  8.571E-09  1.091E-08 -2.392E-15 -2.157E-15  1.00E-07
  7.500E-02 1.92388E-16  8.174E-08  8.571E-09  1.091E-08 -2.474E-15 -2.231E-15  1.00E-07
  7.750E-02 1.92388E-16  8.447E-08  8.571E-09  1.091E-08 -2.557E-15 -2.305E-15  1.00E-07
  8.000E-02 1.92388E-16  8.719E-08  8.571E-09  1.091E-08 -2.639E-15 -2.380E-15  1.00E-07
  8.250E-02 1.92388E-16  8.992E-08  8.571E-09  1.091E-08 -2.722E-15 -2.454E-15  1.00E-07
  8.500E-02 1.92388E-16  9.264E-08  8.571E-09  1.091E-08 -2.804E-15 -2.529E-15  1.00E-07
  8.750E-02 1.92388E-16  9.537E-08  8.571E-09  1.091E-08 -2.887E-15 -2.603E-15  1.00E-07
  9.000E-02 1.92388E-16  9.809E-08  8.571E-09  1.091E-08 -2.969E-15 -2.677E-15  1.00E-07
  9.250E-02 1.92388E-16  1.008E-07  8.571E-09  1.091E-08 -3.052E-15 -2.752E-15  1.00E-07
  9.500E-02 1.92388E-16  1.035E-07  8.571E-09  1.091E-08 -3.134E-15 -2.826E-15  1.00E-07
  9.750E-02 1.92388E-16  1.063E-07  8.571E-09  1.091E-08 -3.217E-15 -2.900E-15  1.00E-07
  1.000E-01 1.92387E-16  1.090E-07  8.571E-09  1.091E-08 -3.299E-15 -2.975E-15  1.00E-07
  1.250E-01 1.92386E-16  1.362E-07  8.571E-09  1.091E-08 -4.124E-15 -3.718E-15  1.00E-07
  1.500E-01 1.92385E-16  1.635E-07  8.571E-09  1.091E-08 -4.949E-15 -4.462E-15  1.00E-07
  1.750E-01 1.92383E-16  1.908E-07  8.570E-09  1.091E-08 -5.774E-15 -5.206E-15  1.00E-07
  2.000E-01 1.92381E-16  2.180E-07  8.570E-09  1.091E-08 -6.599E-15 -5.950E-15  1.00E-07
  2.250E-01 1.92379E-16  2.453E-07  8.570E-09  1.091E-08 -7.423E-15 -6.693E-15  1.00E-07
  2.500E-01 1.92376E-16  2.725E-07  8.570E-09  1.091E-08 -8.248E-15 -7.437E-15  1.00E-07
  2.750E-01 1.92374E-16  2.998E-07  8.570E-09  1.091E-08 -9.073E-15 -8.181E-15  1.00E-07
  3.000E-01 1.92371E-16  3.271E-07  8.570E-09  1.091E-08 -9.898E-15 -8.924E-15  1.00E-07
  3.250E-01 1.92367E-16  3.543E-07  8.570E-09  1.091E-08 -1.072E-14 -9.668E-15  1.00E-07
  3.500E-01 1.92364E-16  3.816E-07  8.570E-09  1.091E-08 -1.155E-14 -1.041E-14  1.00E-07
  3.750E-01 1.92360E-16  4.089E-07  8.570E-09  1.091E-08 -1.237E-14 -1.116E-14  1.00E-07
  4.000E-01 1.92356E-16  4.362E-07  8.569E-09  1.091E-08 -1.320E-14 -1.190E-14  1.00E-07
  4.250E-01 1.92351E-16  4.635E-07  8.569E-09  1.091E-08 -1.402E-14 -1.264E-14  1.00E-07
  4.500E-01 1.92347E-16  4.908E-07  8.569E-09  1.090E-08 -1.485E-14 -1.339E-14  1.00E-07
  4.750E-01 1.92342E-16  5.181E-07  8.569E-09  1.090E-08 -1.567E-14 -1.413E-14  1.00E-07
  5.000E-01 1.92337E-16  5.454E-07  8.569E-09  1.090E-08 -1.650E-14 -1.487E-14  1.00E-07
  5.250E-01 1.92331E-16  5.727E-07  8.568E-09  1.090E-08 -1.732E-14 -1.562E-14  1.00E-07
  5.500E-01 1.92326E-16  6.001E-07  8.568E-09  1.090E-08 -1.815E-14 -1.636E-14  1.00E-07
  5.750E-01 1.92320E-16  6.274E-07  8.568E-09  1.090E-08 -1.897E-14 -1.711E-14  1.00E-07
  6.000E-01 1.92314E-16  6.548E-07  8.568E-09  1.090E-08 -1.980E-14 -1.785E-14  1.00E-07
  6.250E-01 1.92307E-16  6.821E-07  8.567E-09  1.090E-08 -2.062E-14 -1.859E-14  1.00E-07
  6.500E-01 1.92301E-16  7.095E-07  8.567E-09  1.090E-08 -2.145E-14 -1.934E-14  1.00E-07
  6.750E-01 1.92294E-16  7.368E-07  8.567E-09  1.090E-08 -2.227E-14 -2.008E-14  1.00E-07
  7.000E-01 1.92286E-16  7.642E-07  8.567E-09  1.090E-08 -2.310E-14 -2.082E-14  1.00E-07
  7.250E-01 1.92279E-16  7.916E-07  8.566E-09  1.090E-08 -2.392E-14 -2.157E-14  1.00E-07
  7.500E-01 1.92271E-16  8.190E-07  8.566E-09  1.090E-08 -2.475E-14 -2.231E-14  1.00E-07
  7.750E-01 1.92263E-16  8.464E-07  8.566E-09  1.090E-08 -2.557E-14 -2.306E-14  1.00E-07
  8.000E-01 1.92255E-16  8.738E-07  8.565E-09  1.090E-08 -2.640E-14 -2.380E-14  1.00E-07
  8.250E-01 1.92246E-16  9.013E-07  8.565E-09  1.090E-08 -2.723E-14 -2.454E-14  1.00E-07
  8.500E-01 1.92237E-16  9.287E-07  8.565E-09  1.090E-08 -2.805E-14 -2.529E-14  1.00E-07
  8.750E-01 1.92228E-16  9.562E-07  8.564E-09  1.090E-08 -2.888E-14 -2.603E-14  1.00E-07
  9.000E-01 1.92219E-16  9.837E-07  8.564E-09  1.090E-08 -2.970E-14 -2.678E-14  1.00E-07
  9.250E-01 1.92209E-16  1.011E-06  8.563E-09  1.090E-08 -3.053E-14 -2.752E-14  1.00E-07
  9.500E-01 1.92200E-16  1.039E-06  8.563E-09  1.090E-08 -3.135E-14 -2.826E-14  1.00E-07
  9.750E-01 1.92189E-16  1.066E-06  8.563E-09  1.090E-08 -3.218E-14 -2.901E-14  1.00E-07
  1.000E+00 1.92179E-16  1.094E-06  8.562E-09  1.090E-08 -3.300E-14 -2.975E-14  1.00E-07
  1.100E+00 1.92135E-16  1.204E-06  8.560E-09  1.090E-08 -3.631E-14 -3.273E-14  1.00E-07
  1.200E+00 1.92087E-16  1.314E-06  8.558E-09  1.090E-08 -3.961E-14 -3.570E-14  1.00E-07
  1.300E+00 1.92034E-16  1.425E-06  8.556E-09  1.090E-08 -4.291E-14 -3.868E-14  1.00E-07
  1.400E+00 1.91977E-16  1.536E-06  8.554E-09  1.090E-08 -4.622E-14 -4.166E-14  1.00E-07
  1.500E+00 1.91917E-16  1.648E-06  8.552E-09  1.090E-08 -4.953E-14 -4.463E-14  1.00E-07
  1.600E+00 1.91851E-16  1.759E-06  8.549E-09  1.090E-08 -5.283E-14 -4.761E-14  1.00E-07
  1.700E+00 1.91782E-16  1.871E-06  8.546E-09  1.090E-08 -5.614E-14 -5.059E-14  1.00E-07
  1.800E+00 1.91709E-16  1.984E-06  8.543E-09  1.090E-08 -5.945E-14 -5.356E-14  1.00E-07
  1.900E+00 1.91631E-16  2.097E-06  8.540E-09  1.089E-08 -6.276E-14 -5.654E-14  1.00E-07
  2.000E+00 1.91550E-16  2.210E-06  8.537E-09  1.089E-08 -6.607E-14 -5.952E-14  1.00E-07
  2.100E+00 1.91464E-16  2.324E-06  8.533E-09  1.089E-08 -6.939E-14 -6.250E-14  1.00E-07
  2.200E+00 1.91374E-16  2.438E-06  8.530E-09  1.089E-08 -7.270E-14 -6.548E-14  1.00E-07
  2.300E+00 1.91280E-16  2.553E-06  8.526E-09  1.089E-08 -7.602E-14 -6.846E-14  1.00E-07
  2.400E+00 1.91182E-16  2.668E-06  8.522E-09  1.089E-08 -7.933E-14 -7.144E-14  1.00E-07
  2.500E+00 1.91079E-16  2.784E-06  8.518E-09  1.089E-08 -8.265E-14 -7.442E-14  1.00E-07
  2.600E+00 1.90973E-16  2.900E-06  8.513E-09  1.089E-08 -8.597E-14 -7.740E-14  1.00E-07
  2.700E+00 1.90862E-16  3.017E-06  8.509E-09  1.088E-08 -8.930E-14 -8.038E-14  1.00E-07
  2.800E+00 1.90748E-16  3.135E-06  8.504E-09  1.088E-08 -9.262E-14 -8.336E-14  1.00E-07
  2.900E+00 1.90629E-16  3.253E-06  8.499E-09  1.088E-08 -9.595E-14 -8.635E-14  1.00E-07
  3.000E+00 1.90506E-16  3.372E-06  8.494E-09  1.088E-08 -9.927E-14 -8.933E-14  1.00E-07
  3.100E+00 1.90380E-16  3.492E-06  8.489E-09  1.088E-08 -1.026E-13 -9.231E-14  1.00E-07
  3.200E+00 1.90249E-16  3.612E-06  8.484E-09  1.088E-08 -1.059E-13 -9.530E-14  1.00E-07
  3.300E+00 1.90114E-16  3.733E-06  8.478E-09  1.087E-08 -1.093E-13 -9.828E-14  1.00E-07
  3.400E+00 1.89975E-16  3.855E-06  8.473E-09  1.087E-08 -1.126E-13 -1.013E-13  1.00E-07
  3.500E+00 1.89832E-16  3.978E-06  8.467E-09  1.087E-08 -1.159E-13 -1.043E-13  1.00E-07
  3.600E+00 1.89685E-16  4.101E-06  8.461E-09  1.087E-08 -1.193E-13 -1.072E-13  1.00E-07
  3.700E+00 1.89535E-16  4.225E-06  8.455E-09  1.087E-08 -1.226E-13 -1.102E-13  1.00E-07
  3.800E+00 1.89380E-16  4.351E-06  8.448E-09  1.086E-08 -1.260E-13 -1.132E-13  1.00E-07
  3.900E+00 1.89221E-16  4.477E-06  8.442E-09  1.086E-08 -1.293E-13 -1.162E-13  1.00E-07
  4.000E+00 1.89058E-16  4.603E-06  8.435E-09  1.086E-08 -1.327E-13 -1.192E-13  1.00E-07
  4.100E+00 1.88892E-16  4.731E-06  8.428E-09  1.086E-08 -1.360E-13 -1.222E-13  1.00E-07
  4.200E+00 1.88721E-16  4.860E-06  8.421E-09  1.085E-08 -1.394E-13 -1.252E-13  1.00E-07
  4.300E+00 1.88546E-16  4.990E-06  8.414E-09  1.085E-08 -1.427E-13 -1.282E-13  1.00E-07
  4.400E+00 1.88368E-16  5.121E-06  8.407E-09  1.085E-08 -1.461E-13 -1.312E-13  1.00E-07
  4.500E+00 1.88186E-16  5.252E-06  8.400E-09  1.085E-08 -1.495E-13 -1.342E-13  1.00E-07
  4.600E+00 1.88000E-16  5.385E-06  8.392E-09  1.084E-08 -1.528E-13 -1.371E-13  1.00E-07
  4.700E+00 1.87810E-16  5.519E-06  8.384E-09  1.084E-08 -1.562E-13 -1.401E-13  1.00E-07
  4.800E+00 1.87616E-16  5.654E-06  8.376E-09  1.084E-08 -1.596E-13 -1.431E-13  1.00E-07
  4.900E+00 1.87418E-16  5.791E-06  8.368E-09  1.083E-08 -1.629E-13 -1.461E-13  1.00E-07
  5.000E+00 1.87217E-16  5.928E-06  8.360E-09  1.083E-08 -1.663E-13 -1.491E-13  1.00E-07
  5.100E+00 1.87012E-16  6.066E-06  8.351E-09  1.083E-08 -1.697E-13 -1.521E-13  1.00E-07
  5.200E+00 1.86803E-16  6.206E-06  8.343E-09  1.083E-08 -1.731E-13 -1.551E-13  1.00E-07
  5.300E+00 1.86590E-16  6.347E-06  8.334E-09  1.082E-08 -1.765E-13 -1.581E-13  1.00E-07
  5.400E+00 1.86373E-16  6.489E-06  8.325E-09  1.082E-08 -1.799E-13 -1.611E-13  1.00E-07
  5.500E+00 1.86153E-16  6.633E-06  8.316E-09  1.082E-08 -1.833E-13 -1.641E-13  1.00E-07
  5.600E+00 1.85929E-16  6.777E-06  8.307E-09  1.081E-08 -1.867E-13 -1.671E-13  1.00E-07
  5.700E+00 1.85702E-16  6.924E-06  8.297E-09  1.081E-08 -1.901E-13 -1.701E-13  1.00E-07
  5.800E+00 1.85471E-16  7.071E-06  8.288E-09  1.081E-08 -1.935E-13 -1.731E-13  1.00E-07
  5.900E+00 1.85236E-16  7.220E-06  8.278E-09  1.080E-08 -1.969E-13 -1.762E-13  1.00E-07
  6.000E+00 1.84997E-16  7.370E-06  8.268E-09  1.080E-08 -2.003E-13 -1.792E-13  1.00E-07
  6.100E+00 1.84755E-16  7.522E-06  8.258E-09  1.080E-08 -2.037E-13 -1.822E-13  1.00E-07
  6.200E+00 1.84510E-16  7.675E-06  8.248E-09  1.079E-08 -2.071E-13 -1.852E-13  1.00E-07
  6.300E+00 1.84260E-16  7.830E-06  8.238E-09  1.079E-08 -2.106E-13 -1.882E-13  1.00E-07
  6.400E+00 1.84008E-16  7.986E-06  8.227E-09  1.079E-08 -2.140E-13 -1.912E-13  1.00E-07
  6.500E+00 1.83751E-16  8.144E-06  8.217E-09  1.078E-08 -2.174E-13 -1.942E-13  1.00E-07
  6.600E+00 1.83491E-16  8.303E-06  8.206E-09  1.078E-08 -2.209E-13 -1.972E-13  1.00E-07
  6.700E+00 1.83228E-16  8.464E-06  8.195E-09  1.077E-08 -2.243E-13 -2.003E-13  1.00E-07
  6.800E+00 1.82961E-16  8.627E-06  8.184E-09  1.077E-08 -2.277E-13 -2.033E-13  1.00E-07
  6.900E+00 1.82691E-16  8.791E-06  8.173E-09  1.077E-08 -2.312E-13 -2.063E-13  1.00E-07
  7.000E+00 1.82418E-16  8.957E-06  8.161E-09  1.076E-08 -2.346E-13 -2.093E-13  1.00E-07
  7.100E+00 1.82141E-16  9.124E-06  8.150E-09  1.076E-08 -2.381E-13 -2.123E-13  1.00E-07
  7.200E+00 1.81860E-16  9.294E-06  8.138E-09  1.075E-08 -2.416E-13 -2.153E-13  1.00E-07
  7.300E+00 1.81576E-16  9.465E-06  8.126E-09  1.075E-08 -2.450E-13 -2.184E-13  1.00E-07
  7.400E+00 1.81289E-16  9.638E-06  8.114E-09  1.074E-08 -2.485E-13 -2.214E-13  1.00E-07
  7.500E+00 1.80999E-16  9.812E-06  8.102E-09  1.074E-08 -2.520E-13 -2.244E-13  1.00E-07
  7.600E+00 1.80705E-16  9.989E-06  8.090E-09  1.074E-08 -2.555E-13 -2.275E-13  1.00E-07
  7.700E+00 1.80408E-16  1.017E-05  8.077E-09  1.073E-08 -2.589E-13 -2.305E-13  1.00E-07
  7.800E+00 1.80108E-16  1.035E-05  8.065E-09  1.073E-08 -2.624E-13 -2.335E-13  1.00E-07
  7.900E+00 1.79805E-16  1.053E-05  8.052E-09  1.072E-08 -2.659E-13 -2.365E-13  1.00E-07
  8.000E+00 1.79498E-16  1.071E-05  8.039E-09  1.072E-08 -2.694E-13 -2.396E-13  1.00E-07
  8.100E+00 1.79188E-16  1.090E-05  8.026E-09  1.071E-08 -2.729E-13 -2.426E-13  1.00E-07
  8.200E+00 1.78875E-16  1.109E-05  8.013E-09  1.071E-08 -2.764E-13 -2.456E-13  1.00E-07
  8.300E+00 1.78559E-16  1.128E-05  8.000E-09  1.070E-08 -2.799E-13 -2.487E-13  1.00E-07
  8.400E+00 1.78240E-16  1.147E-05  7.986E-09  1.070E-08 -2.835E-13 -2.517E-13  1.00E-07
  8.500E+00 1.77918E-16  1.167E-05  7.973E-09  1.069E-08 -2.870E-13 -2.548E-13  1.00E-07
  8.600E+00 1.77593E-16  1.186E-05  7.959E-09  1.069E-08 -2.905E-13 -2.578E-13  1.00E-07
  8.700E+00 1.77264E-16  1.206E-05  7.945E-09  1.068E-08 -2.941E-13 -2.609E-13  1.00E-07
  8.800E+00 1.76933E-16  1.226E-05  7.931E-09  1.068E-08 -2.976E-13 -2.639E-13  1.00E-07
  8.900E+00 1.76599E-16  1.247E-05  7.917E-09  1.067E-08 -3.011E-13 -2.669E-13  1.00E-07
  9.000E+00 1.76262E-16  1.267E-05  7.903E-09  1.067E-08 -3.047E-13 -2.700E-13  1.00E-07
  9.100E+00 1.75921E-16  1.288E-05  7.888E-09  1.066E-08 -3.082E-13 -2.730E-13  1.00E-07
  9.200E+00 1.75578E-16  1.309E-05  7.874E-09  1.066E-08 -3.118E-13 -2.761E-13  1.00E-07
  9.300E+00 1.75232E-16  1.330E-05  7.859E-09  1.065E-08 -3.154E-13 -2.792E-13  1.00E-07
  9.400E+00 1.74884E-16  1.352E-05  7.844E-09  1.065E-08 -3.189E-13 -2.822E-13  1.00E-07
  9.500E+00 1.74532E-16  1.374E-05  7.829E-09  1.064E-08 -3.225E-13 -2.853E-13  1.00E-07
  9.600E+00 1.74178E-16  1.396E-05  7.814E-09  1.064E-08 -3.261E-13 -2.883E-13  1.00E-07
  9.700E+00 1.73820E-16  1.418E-05  7.799E-09  1.063E-08 -3.297E-13 -2.914E-13  1.00E-07
  9.800E+00 1.73460E-16  1.440E-05  7.783E-09  1.062E-08 -3.333E-13 -2.944E-13  1.00E-07
  9.900E+00 1.73098E-16  1.463E-05  7.768E-09  1.062E-08 -3.369E-13 -2.975E-13  1.00E-07
  1.000E+01 1.72732E-16  1.486E-05  7.752E-09  1.061E-08 -3.405E-13 -3.006E-13  1.00E-07
  1.025E+01 1.71807E-16  1.545E-05  7.712E-09  1.060E-08 -3.495E-13 -3.082E-13  1.00E-07
  1.050E+01 1.70866E-16  1.605E-05  7.672E-09  1.058E-08 -3.586E-13 -3.159E-13  1.00E-07
  1.075E+01 1.69909E-16  1.667E-05  7.630E-09  1.057E-08 -3.677E-13 -3.236E-13  1.00E-07
  1.100E+01 1.68937E-16  1.731E-05  7.588E-09  1.055E-08 -3.768E-13 -3.313E-13  1.00E-07
  1.125E+01 1.67950E-16  1.797E-05  7.545E-09  1.054E-08 -3.860E-13 -3.391E-13  1.00E-07
  1.150E+01 1.66948E-16  1.865E-05  7.502E-09  1.052E-08 -3.952E-13 -3.468E-13  1.00E-07
  1.175E+01 1.65932E-16  1.934E-05  7.457E-09  1.050E-08 -4.045E-13 -3.545E-13  1.00E-07
  1.200E+01 1.64902E-16  2.006E-05  7.412E-09  1.049E-08 -4.138E-13 -3.623E-13  1.00E-07
  1.225E+01 1.63859E-16  2.080E-05  7.366E-09  1.047E-08 -4.231E-13 -3.701E-13  1.00E-07
  1.250E+01 1.62804E-16  2.156E-05  7.319E-09  1.045E-08 -4.325E-13 -3.778E-13  1.00E-07
  1.275E+01 1.61736E-16  2.234E-05  7.272E-09  1.043E-08 -4.419E-13 -3.856E-13  1.00E-07
  1.300E+01 1.60656E-16  2.314E-05  7.224E-09  1.041E-08 -4.514E-13 -3.935E-13  1.00E-07
  1.325E+01 1.59565E-16  2.397E-05  7.175E-09  1.040E-08 -4.609E-13 -4.013E-13  1.00E-07
  1.350E+01 1.58463E-16  2.482E-05  7.126E-09  1.038E-08 -4.705E-13 -4.091E-13  1.00E-07
  1.375E+01 1.57351E-16  2.570E-05  7.076E-09  1.036E-08 -4.801E-13 -4.170E-13  1.00E-07
  1.400E+01 1.56228E-16  2.660E-05  7.025E-09  1.034E-08 -4.897E-13 -4.248E-13  1.00E-07
  1.425E+01 1.55096E-16  2.753E-05  6.974E-09  1.032E-08 -4.994E-13 -4.327E-13  1.00E-07
  1.450E+01 1.53955E-16  2.848E-05  6.922E-09  1.030E-08 -5.091E-13 -4.406E-13  1.00E-07
  1.475E+01 1.52805E-16  2.947E-05  6.869E-09  1.028E-08 -5.189E-13 -4.485E-13  1.00E-07
  1.500E+01 1.51646E-16  3.048E-05  6.816E-09  1.026E-08 -5.287E-13 -4.565E-13  1.00E-07
  1.525E+01 1.50480E-16  3.151E-05  6.762E-09  1.023E-08 -5.385E-13 -4.644E-13  1.00E-07
  1.550E+01 1.49307E-16  3.258E-05  6.708E-09  1.021E-08 -5.484E-13 -4.724E-13  1.00E-07
  1.575E+01 1.48126E-16  3.368E-05  6.653E-09  1.019E-08 -5.584E-13 -4.803E-13  1.00E-07
  1.600E+01 1.46939E-16  3.481E-05  6.598E-09  1.017E-08 -5.684E-13 -4.883E-13  1.00E-07
  1.625E+01 1.45746E-16  3.597E-05  6.542E-09  1.015E-08 -5.784E-13 -4.964E-13  1.00E-07
  1.650E+01 1.44547E-16  3.717E-05  6.486E-09  1.012E-08 -5.885E-13 -5.044E-13  1.00E-07
  1.675E+01 1.43343E-16  3.840E-05  6.429E-09  1.010E-08 -5.986E-13 -5.124E-13  1.00E-07
  1.700E+01 1.42134E-16  3.966E-05  6.371E-09  1.008E-08 -6.088E-13 -5.205E-13  1.00E-07
  1.725E+01 1.40921E-16  4.096E-05  6.313E-09  1.005E-08 -6.190E-13 -5.286E-13  1.00E-07
  1.750E+01 1.39704E-16  4.229E-05  6.255E-09  1.003E-08 -6.293E-13 -5.367E-13  1.00E-07
  1.775E+01 1.38483E-16  4.366E-05  6.196E-09  1.000E-08 -6.396E-13 -5.448E-13  1.00E-07
  1.800E+01 1.37259E-16  4.507E-05  6.137E-09  9.980E-09 -6.499E-13 -5.529E-13  1.00E-07
  1.825E+01 1.36032E-16  4.652E-05  6.077E-09  9.955E-09 -6.603E-13 -5.610E-13  1.00E-07
  1.850E+01 1.34803E-16  4.800E-05  6.017E-09  9.929E-09 -6.708E-13 -5.692E-13  1.00E-07
  1.875E+01 1.33572E-16  4.953E-05  5.957E-09  9.904E-09 -6.813E-13 -5.774E-13  1.00E-07
  1.900E+01 1.32339E-16  5.110E-05  5.896E-09  9.878E-09 -6.918E-13 -5.856E-13  1.00E-07
  1.925E+01 1.31105E-16  5.271E-05  5.835E-09  9.852E-09 -7.024E-13 -5.938E-13  1.00E-07
  1.950E+01 1.29870E-16  5.436E-05  5.774E-09  9.825E-09 -7.131E-13 -6.021E-13  1.00E-07
  1.975E+01 1.28635E-16  5.606E-05  5.712E-09  9.798E-09 -7.237E-13 -6.103E-13  1.00E-07
  2.000E+01 1.27399E-16  5.780E-05  5.650E-09  9.771E-09 -7.345E-13 -6.186E-13  1.00E-07
  2.025E+01 1.26164E-16  5.959E-05  5.587E-09  9.744E-09 -7.453E-13 -6.269E-13  1.00E-07
  2.050E+01 1.24929E-16  6.143E-05  5.524E-09  9.716E-09 -7.561E-13 -6.352E-13  1.00E-07
  2.075E+01 1.23696E-16  6.332E-05  5.461E-09  9.689E-09 -7.669E-13 -6.435E-13  1.00E-07
  2.100E+01 1.22463E-16  6.525E-05  5.398E-09  9.660E-09 -7.778E-13 -6.519E-13  1.00E-07
  2.125E+01 1.21232E-16  6.723E-05  5.335E-09  9.632E-09 -7.888E-13 -6.603E-13  1.00E-07
  2.150E+01 1.20003E-16  6.927E-05  5.271E-09  9.603E-09 -7.998E-13 -6.687E-13  1.00E-07
  2.175E+01 1.18776E-16  7.136E-05  5.207E-09  9.574E-09 -8.108E-13 -6.771E-13  1.00E-07
  2.200E+01 1.17552E-16  7.350E-05  5.143E-09  9.545E-09 -8.219E-13 -6.855E-13  1.00E-07
  2.225E+01 1.16331E-16  7.570E-05  5.078E-09  9.515E-09 -8.331E-13 -6.939E-13  1.00E-07
  2.250E+01 1.15112E-16  7.795E-05  5.013E-09  9.486E-09 -8.442E-13 -7.024E-13  1.00E-07
  2.275E+01 1.13898E-16  8.026E-05  4.949E-09  9.456E-09 -8.555E-13 -7.109E-13  1.00E-07
  2.300E+01 1.12686E-16  8.263E-05  4.884E-09  9.425E-09 -8.667E-13 -7.194E-13  1.00E-07
  2.325E+01 1.11479E-16  8.506E-05  4.819E-09  9.395E-09 -8.780E-13 -7.280E-13  1.00E-07
  2.350E+01 1.10276E-16  8.755E-05  4.753E-09  9.364E-09 -8.894E-13 -7.365E-13  1.00E-07
  2.375E+01 1.09078E-16  9.010E-05  4.688E-09  9.333E-09 -9.008E-13 -7.451E-13  1.00E-07
  2.400E+01 1.07884E-16  9.271E-05  4.622E-09  9.301E-09 -9.122E-13 -7.537E-13  1.00E-07
  2.425E+01 1.06695E-16  9.539E-05  4.557E-09  9.270E-09 -9.237E-13 -7.623E-13  1.00E-07
  2.450E+01 1.05511E-16  9.814E-05  4.491E-09  9.238E-09 -9.352E-13 -7.709E-13  1.00E-07
  2.475E+01 1.04333E-16  1.009E-04  4.425E-09  9.206E-09 -9.468E-13 -7.796E-13  1.00E-07
  2.500E+01 1.03161E-16  1.038E-04  4.360E-09  9.174E-09 -9.584E-13 -7.882E-13  1.00E-07
  2.550E+01 1.00834E-16  1.098E-04  4.228E-09  9.108E-09 -9.817E-13 -8.057E-13  1.00E-07
  2.600E+01 9.85321E-17  1.160E-04  4.096E-09  9.042E-09 -1.005E-12 -8.232E-13  1.00E-07
  2.650E+01 9.62571E-17  1.226E-04  3.964E-09  8.975E-09 -1.029E-12 -8.407E-13  1.00E-07
  2.700E+01 9.40102E-17  1.295E-04  3.832E-09  8.906E-09 -1.053E-12 -8.584E-13  1.00E-07
  2.750E+01 9.17927E-17  1.366E-04  3.700E-09  8.837E-09 -1.077E-12 -8.761E-13  1.00E-07
  2.800E+01 8.96059E-17  1.442E-04  3.569E-09  8.768E-09 -1.101E-12 -8.940E-13  1.00E-07
  2.850E+01 8.74508E-17  1.520E-04  3.438E-09  8.697E-09 -1.125E-12 -9.119E-13  1.00E-07
  2.900E+01 8.53285E-17  1.602E-04  3.307E-09  8.625E-09 -1.149E-12 -9.299E-13  1.00E-07
  2.950E+01 8.32397E-17  1.688E-04  3.176E-09  8.553E-09 -1.174E-12 -9.480E-13  1.00E-07
  3.000E+01 8.11853E-17  1.778E-04  3.047E-09  8.480E-09 -1.198E-12 -9.661E-13  1.00E-07
  3.050E+01 7.91659E-17  1.871E-04  2.918E-09  8.406E-09 -1.223E-12 -9.844E-13  1.00E-07
  3.100E+01 7.71822E-17  1.969E-04  2.789E-09  8.331E-09 -1.248E-12 -1.003E-12  1.00E-07
  3.150E+01 7.52347E-17  2.070E-04  2.661E-09  8.255E-09 -1.273E-12 -1.021E-12  1.00E-07
  3.200E+01 7.33237E-17  2.176E-04  2.534E-09  8.179E-09 -1.298E-12 -1.040E-12  1.00E-07
  3.250E+01 7.14496E-17  2.286E-04  2.409E-09  8.102E-09 -1.323E-12 -1.058E-12  1.00E-07
  3.300E+01 6.96127E-17  2.401E-04  2.284E-09  8.025E-09 -1.348E-12 -1.077E-12  1.00E-07
  3.350E+01 6.78131E-17  2.521E-04  2.160E-09  7.947E-09 -1.373E-12 -1.096E-12  1.00E-07
  3.400E+01 6.60509E-17  2.645E-04  2.037E-09  7.868E-09 -1.399E-12 -1.114E-12  1.00E-07
  3.450E+01 6.43262E-17  2.774E-04  1.915E-09  7.788E-09 -1.424E-12 -1.133E-12  1.00E-07
  3.500E+01 6.26390E-17  2.907E-04  1.794E-09  7.708E-09 -1.450E-12 -1.152E-12  1.00E-07
  3.550E+01 6.09890E-17  3.046E-04  1.675E-09  7.628E-09 -1.475E-12 -1.171E-12  1.00E-07
  3.600E+01 5.93763E-17  3.190E-04  1.557E-09  7.547E-09 -1.501E-12 -1.190E-12  1.00E-07
  3.650E+01 5.78005E-17  3.340E-04  1.440E-09  7.465E-09 -1.526E-12 -1.210E-12  1.00E-07
  3.700E+01 5.62615E-17  3.495E-04  1.325E-09  7.383E-09 -1.552E-12 -1.229E-12  1.00E-07
  3.750E+01 5.47588E-17  3.655E-04  1.211E-09  7.300E-09 -1.578E-12 -1.248E-12  1.00E-07
  3.800E+01 5.32923E-17  3.821E-04  1.099E-09  7.217E-09 -1.604E-12 -1.268E-12  1.00E-07
  3.850E+01 5.18614E-17  3.992E-04  9.878E-10  7.133E-09 -1.629E-12 -1.287E-12  1.00E-07
  3.900E+01 5.04658E-17  4.170E-04  8.785E-10  7.049E-09 -1.655E-12 -1.307E-12  1.00E-07
  3.950E+01 4.91050E-17  4.353E-04  7.708E-10  6.965E-09 -1.681E-12 -1.326E-12  1.00E-07
  4.000E+01 4.77784E-17  4.542E-04  6.647E-10  6.880E-09 -1.707E-12 -1.346E-12  1.00E-07
  4.050E+01 4.64856E-17  4.737E-04  5.602E-10  6.795E-09 -1.733E-12 -1.366E-12  1.00E-07
  4.100E+01 4.52261E-17  4.938E-04  4.574E-10  6.709E-09 -1.759E-12 -1.386E-12  1.00E-07
  4.150E+01 4.39992E-17  5.145E-04  3.564E-10  6.624E-09 -1.785E-12 -1.405E-12  1.00E-07
  4.200E+01 4.28043E-17  5.359E-04  2.570E-10  6.537E-09 -1.810E-12 -1.425E-12  1.00E-07
  4.250E+01 4.16409E-17  5.578E-04  1.595E-10  6.451E-09 -1.836E-12 -1.445E-12  1.00E-07
  4.300E+01 4.05083E-17  5.805E-04  6.368E-11  6.364E-09 -1.862E-12 -1.465E-12  1.00E-07
  4.350E+01 3.94059E-17  6.037E-04 -3.029E-11  6.277E-09 -1.888E-12 -1.486E-12  1.00E-07
  4.400E+01 3.83330E-17  6.276E-04 -1.224E-10  6.190E-09 -1.913E-12 -1.506E-12  1.00E-07
  4.450E+01 3.72889E-17  6.521E-04 -2.127E-10  6.103E-09 -1.939E-12 -1.526E-12  1.00E-07
  4.500E+01 3.62731E-17  6.772E-04 -3.012E-10  6.015E-09 -1.965E-12 -1.546E-12  1.00E-07
  4.550E+01 3.52848E-17  7.031E-04 -3.877E-10  5.927E-09 -1.990E-12 -1.566E-12  1.00E-07
  4.600E+01 3.43233E-17  7.295E-04 -4.724E-10  5.840E-09 -2.016E-12 -1.587E-12  1.00E-07
  4.650E+01 3.33880E-17  7.566E-04 -5.552E-10  5.752E-09 -2.041E-12 -1.607E-12  1.00E-07
  4.700E+01 3.24783E-17  7.843E-04 -6.360E-10  5.663E-09 -2.066E-12 -1.627E-12  1.00E-07
  4.750E+01 3.15933E-17  8.127E-04 -7.149E-10  5.575E-09 -2.092E-12 -1.648E-12  1.00E-07
  4.800E+01 3.07325E-17  8.418E-04 -7.919E-10  5.487E-09 -2.117E-12 -1.668E-12  1.00E-07
  4.850E+01 2.98952E-17  8.714E-04 -8.670E-10  5.398E-09 -2.142E-12 -1.689E-12  1.00E-07
  4.900E+01 2.90807E-17  9.018E-04 -9.401E-10  5.310E-09 -2.167E-12 -1.709E-12  1.00E-07
  4.950E+01 2.82884E-17  9.327E-04 -1.011E-09  5.222E-09 -2.192E-12 -1.730E-12  1.00E-07
  5.000E+01 2.75177E-17  9.643E-04 -1.080E-09  5.133E-09 -2.216E-12 -1.750E-12  1.00E-07
  5.050E+01 2.67678E-17  9.965E-04 -1.148E-09  5.045E-09 -2.241E-12 -1.771E-12  1.00E-07
  5.100E+01 2.60382E-17  1.029E-03 -1.213E-09  4.957E-09 -2.265E-12 -1.791E-12  1.00E-07
  5.150E+01 2.53283E-17  1.063E-03 -1.276E-09  4.868E-09 -2.290E-12 -1.812E-12  1.00E-07
  5.200E+01 2.46374E-17  1.097E-03 -1.338E-09  4.780E-09 -2.314E-12 -1.833E-12  1.00E-07
  5.250E+01 2.39649E-17  1.132E-03 -1.397E-09  4.692E-09 -2.338E-12 -1.853E-12  1.00E-07
  5.300E+01 2.33103E-17  1.167E-03 -1.454E-09  4.604E-09 -2.362E-12 -1.874E-12  1.00E-07
  5.350E+01 2.26730E-17  1.203E-03 -1.510E-09  4.516E-09 -2.386E-12 -1.894E-12  1.00E-07
  5.400E+01 2.20525E-17  1.239E-03 -1.563E-09  4.428E-09 -2.410E-12 -1.915E-12  1.00E-07
  5.450E+01 2.14482E-17  1.276E-03 -1.615E-09  4.341E-09 -2.433E-12 -1.936E-12  1.00E-07
  5.500E+01 2.08595E-17  1.314E-03 -1.665E-09  4.253E-09 -2.456E-12 -1.956E-12  1.00E-07
  5.550E+01 2.02861E-17  1.352E-03 -1.712E-09  4.166E-09 -2.480E-12 -1.977E-12  1.00E-07
  5.600E+01 1.97273E-17  1.391E-03 -1.758E-09  4.079E-09 -2.503E-12 -1.997E-12  1.00E-07
  5.650E+01 1.91826E-17  1.430E-03 -1.802E-09  3.992E-09 -2.525E-12 -2.018E-12  1.00E-07
  5.700E+01 1.86517E-17  1.470E-03 -1.844E-09  3.905E-09 -2.548E-12 -2.038E-12  1.00E-07
  5.750E+01 1.81341E-17  1.510E-03 -1.884E-09  3.819E-09 -2.570E-12 -2.059E-12  1.00E-07
  5.800E+01 1.76293E-17  1.551E-03 -1.922E-09  3.733E-09 -2.593E-12 -2.079E-12  1.00E-07
  5.850E+01 1.71369E-17  1.593E-03 -1.958E-09  3.647E-09 -2.615E-12 -2.100E-12  1.00E-07
  5.900E+01 1.66565E-17  1.635E-03 -1.993E-09  3.562E-09 -2.637E-12 -2.120E-12  1.00E-07
  5.950E+01 1.61877E-17  1.677E-03 -2.025E-09  3.476E-09 -2.658E-12 -2.140E-12  1.00E-07
  6.000E+01 1.57301E-17  1.720E-03 -2.056E-09  3.392E-09 -2.680E-12 -2.161E-12  1.00E-07
  6.050E+01 1.52835E-17  1.764E-03 -2.085E-09  3.307E-09 -2.701E-12 -2.181E-12  1.00E-07
  6.100E+01 1.48473E-17  1.808E-03 -2.112E-09  3.223E-09 -2.722E-12 -2.201E-12  1.00E-07
  6.150E+01 1.44213E-17  1.852E-03 -2.137E-09  3.139E-09 -2.743E-12 -2.221E-12  1.00E-07
  6.200E+01 1.40053E-17  1.897E-03 -2.161E-09  3.056E-09 -2.764E-12 -2.241E-12  1.00E-07
  6.250E+01 1.35987E-17  1.943E-03 -2.182E-09  2.973E-09 -2.784E-12 -2.261E-12  1.00E-07
  6.300E+01 1.32015E-17  1.989E-03 -2.202E-09  2.890E-09 -2.804E-12 -2.281E-12  1.00E-07
  6.350E+01 1.28133E-17  2.035E-03 -2.220E-09  2.808E-09 -2.824E-12 -2.301E-12  1.00E-07
  6.400E+01 1.24338E-17  2.082E-03 -2.237E-09  2.726E-09 -2.844E-12 -2.321E-12  1.00E-07
  6.450E+01 1.20629E-17  2.129E-03 -2.251E-09  2.645E-09 -2.863E-12 -2.341E-12  1.00E-07
  6.500E+01 1.17002E-17  2.177E-03 -2.264E-09  2.564E-09 -2.882E-12 -2.360E-12  1.00E-07
  6.550E+01 1.13455E-17  2.225E-03 -2.276E-09  2.483E-09 -2.901E-12 -2.380E-12  1.00E-07
  6.600E+01 1.09987E-17  2.273E-03 -2.285E-09  2.403E-09 -2.920E-12 -2.399E-12  1.00E-07
  6.650E+01 1.06596E-17  2.322E-03 -2.293E-09  2.324E-09 -2.939E-12 -2.419E-12  1.00E-07
  6.700E+01 1.03278E-17  2.371E-03 -2.300E-09  2.245E-09 -2.957E-12 -2.438E-12  1.00E-07
  6.750E+01 1.00034E-17  2.420E-03 -2.304E-09  2.166E-09 -2.975E-12 -2.457E-12  1.00E-07
  6.800E+01 9.68614E-18  2.470E-03 -2.308E-09  2.088E-09 -2.992E-12 -2.476E-12  1.00E-07
  6.850E+01 9.37582E-18  2.520E-03 -2.309E-09  2.011E-09 -3.010E-12 -2.495E-12  1.00E-07
  6.900E+01 9.07234E-18  2.570E-03 -2.309E-09  1.934E-09 -3.027E-12 -2.514E-12  1.00E-07
  6.950E+01 8.77557E-18  2.621E-03 -2.307E-09  1.858E-09 -3.044E-12 -2.533E-12  1.00E-07
  7.000E+01 8.48539E-18  2.671E-03 -2.304E-09  1.782E-09 -3.060E-12 -2.551E-12  1.00E-07
  7.050E+01 8.20170E-18  2.722E-03 -2.300E-09  1.707E-09 -3.077E-12 -2.570E-12  1.00E-07
  7.100E+01 7.92438E-18  2.772E-03 -2.294E-09  1.632E-09 -3.093E-12 -2.588E-12  1.00E-07
  7.150E+01 7.65336E-18  2.823E-03 -2.286E-09  1.558E-09 -3.108E-12 -2.606E-12  1.00E-07
  7.200E+01 7.38855E-18  2.873E-03 -2.277E-09  1.485E-09 -3.124E-12 -2.624E-12  1.00E-07
  7.250E+01 7.12988E-18  2.923E-03 -2.266E-09  1.412E-09 -3.139E-12 -2.642E-12  1.00E-07
  7.300E+01 6.87728E-18  2.973E-03 -2.255E-09  1.339E-09 -3.154E-12 -2.660E-12  1.00E-07
  7.350E+01 6.63070E-18  3.022E-03 -2.241E-09  1.268E-09 -3.169E-12 -2.678E-12  1.00E-07
  7.400E+01 6.39009E-18  3.071E-03 -2.227E-09  1.197E-09 -3.183E-12 -2.695E-12  1.00E-07
  7.450E+01 6.15540E-18  3.118E-03 -2.211E-09  1.126E-09 -3.197E-12 -2.713E-12  1.00E-07
  7.500E+01 5.92661E-18  3.165E-03 -2.193E-09  1.057E-09 -3.211E-12 -2.730E-12  1.00E-07
  7.550E+01 5.70368E-18  3.211E-03 -2.175E-09  9.874E-10 -3.224E-12 -2.747E-12  1.00E-07
  7.600E+01 5.48659E-18  3.255E-03 -2.155E-09  9.190E-10 -3.237E-12 -2.764E-12  1.00E-07
  7.650E+01 5.27532E-18  3.298E-03 -2.133E-09  8.511E-10 -3.250E-12 -2.780E-12  1.00E-07
  7.700E+01 5.06987E-18  3.338E-03 -2.111E-09  7.840E-10 -3.263E-12 -2.797E-12  1.00E-07
  7.750E+01 4.87022E-18  3.376E-03 -2.087E-09  7.175E-10 -3.275E-12 -2.813E-12  1.00E-07
  7.800E+01 4.67638E-18  3.411E-03 -2.062E-09  6.516E-10 -3.287E-12 -2.830E-12  1.00E-07
  7.850E+01 4.48835E-18  3.443E-03 -2.036E-09  5.865E-10 -3.298E-12 -2.845E-12  1.00E-07
  7.900E+01 4.30614E-18  3.471E-03 -2.008E-09  5.220E-10 -3.310E-12 -2.861E-12  1.00E-07
  7.950E+01 4.12977E-18  3.495E-03 -1.980E-09  4.582E-10 -3.320E-12 -2.877E-12  1.00E-07
  8.000E+01 3.95925E-18  3.514E-03 -1.950E-09  3.951E-10 -3.331E-12 -2.892E-12  1.00E-07
  8.050E+01 3.79460E-18  3.527E-03 -1.919E-09  3.327E-10 -3.341E-12 -2.907E-12  1.00E-07
  8.100E+01 3.63585E-18  3.534E-03 -1.887E-09  2.710E-10 -3.352E-12 -2.922E-12  1.00E-07
  8.150E+01 3.48302E-18  3.533E-03 -1.854E-09  2.100E-10 -3.361E-12 -2.937E-12  1.00E-07
  8.200E+01 3.33614E-18  3.524E-03 -1.820E-09  1.497E-10 -3.371E-12 -2.952E-12  1.00E-07
  8.250E+01 3.19526E-18  3.505E-03 -1.785E-09  9.008E-11 -3.380E-12 -2.966E-12  1.00E-07
  8.300E+01 3.06039E-18  3.476E-03 -1.749E-09  3.119E-11 -3.388E-12 -2.980E-12  1.00E-07
  8.350E+01 2.93159E-18  3.435E-03 -1.712E-09 -2.698E-11 -3.397E-12 -2.994E-12  1.00E-07
  8.400E+01 2.80889E-18  3.380E-03 -1.674E-09 -8.444E-11 -3.405E-12 -3.008E-12  1.00E-07
  8.450E+01 2.69233E-18  3.311E-03 -1.635E-09 -1.412E-10 -3.413E-12 -3.021E-12  1.00E-07
  8.500E+01 2.58195E-18  3.226E-03 -1.595E-09 -1.972E-10 -3.420E-12 -3.035E-12  1.00E-07
  8.550E+01 2.47781E-18  3.124E-03 -1.554E-09 -2.525E-10 -3.427E-12 -3.048E-12  1.00E-07
  8.600E+01 2.37994E-18  3.002E-03 -1.512E-09 -3.071E-10 -3.434E-12 -3.060E-12  1.00E-07
  8.650E+01 2.28839E-18  2.860E-03 -1.469E-09 -3.609E-10 -3.441E-12 -3.073E-12  1.00E-07
  8.700E+01 2.20322E-18  2.697E-03 -1.425E-09 -4.140E-10 -3.447E-12 -3.085E-12  1.00E-07
  8.750E+01 2.12446E-18  2.510E-03 -1.381E-09 -4.664E-10 -3.453E-12 -3.097E-12  1.00E-07
  8.800E+01 2.05217E-18  2.301E-03 -1.336E-09 -5.181E-10 -3.458E-12 -3.109E-12  1.00E-07
  8.850E+01 1.98639E-18  2.067E-03 -1.289E-09 -5.690E-10 -3.463E-12 -3.121E-12  1.00E-07
  8.900E+01 1.92718E-18  1.809E-03 -1.242E-09 -6.192E-10 -3.468E-12 -3.132E-12  1.00E-07
  8.950E+01 1.87459E-18  1.528E-03 -1.195E-09 -6.687E-10 -3.472E-12 -3.143E-12  1.00E-07
  9.000E+01 1.82865E-18  1.225E-03 -1.146E-09 -7.175E-10 -3.477E-12 -3.153E-12  1.00E-07
  9.050E+01 1.78943E-18  9.016E-04 -1.097E-09 -7.655E-10 -3.481E-12 -3.164E-12  1.00E-07
  9.100E+01 1.75696E-18  5.599E-04 -1.047E-09 -8.128E-10 -3.484E-12 -3.174E-12  1.00E-07
  9.150E+01 1.73130E-18  2.033E-04 -9.964E-10 -8.593E-10 -3.487E-12 -3.184E-12  1.00E-07
  9.200E+01 1.71249E-18 -1.644E-04 -9.451E-10 -9.052E-10 -3.490E-12 -3.194E-12  1.00E-07
  9.250E+01 1.70057E-18 -5.390E-04 -8.931E-10 -9.503E-10 -3.493E-12 -3.203E-12  1.00E-07
  9.300E+01 1.69560E-18 -9.160E-04 -8.404E-10 -9.946E-10 -3.495E-12 -3.212E-12  1.00E-07
  9.350E+01 1.69760E-18 -1.290E-03 -7.871E-10 -1.038E-09 -3.497E-12 -3.221E-12  1.00E-07
  9.400E+01 1.70663E-18 -1.658E-03 -7.332E-10 -1.081E-09 -3.498E-12 -3.229E-12  1.00E-07
  9.450E+01 1.72273E-18 -2.013E-03 -6.787E-10 -1.123E-09 -3.499E-12 -3.238E-12  1.00E-07
  9.500E+01 1.74592E-18 -2.352E-03 -6.236E-10 -1.165E-09 -3.500E-12 -3.246E-12  1.00E-07
  9.550E+01 1.77626E-18 -2.672E-03 -5.680E-10 -1.206E-09 -3.501E-12 -3.253E-12  1.00E-07
  9.600E+01 1.81377E-18 -2.969E-03 -5.118E-10 -1.246E-09 -3.501E-12 -3.260E-12  1.00E-07
  9.650E+01 1.85849E-18 -3.241E-03 -4.550E-10 -1.285E-09 -3.501E-12 -3.267E-12  1.00E-07
  9.700E+01 1.91044E-18 -3.487E-03 -3.978E-10 -1.324E-09 -3.500E-12 -3.274E-12  1.00E-07
  9.750E+01 1.96967E-18 -3.706E-03 -3.401E-10 -1.362E-09 -3.500E-12 -3.281E-12  1.00E-07
  9.800E+01 2.03619E-18 -3.897E-03 -2.819E-10 -1.399E-09 -3.498E-12 -3.287E-12  1.00E-07
  9.850E+01 2.11003E-18 -4.061E-03 -2.232E-10 -1.435E-09 -3.497E-12 -3.292E-12  1.00E-07
  9.900E+01 2.19121E-18 -4.199E-03 -1.641E-10 -1.471E-09 -3.495E-12 -3.298E-12  1.00E-07
  9.950E+01 2.27975E-18 -4.313E-03 -1.046E-10 -1.506E-09 -3.493E-12 -3.303E-12  1.00E-07
  1.000E+02 2.37567E-18 -4.403E-03 -4.462E-11 -1.541E-09 -3.491E-12 -3.308E-12  1.00E-07
  1.005E+02 2.47899E-18 -4.472E-03  1.572E-11 -1.574E-09 -3.488E-12 -3.312E-12  1.00E-07
  1.010E+02 2.58972E-18 -4.522E-03  7.644E-11 -1.607E-09 -3.485E-12 -3.317E-12  1.00E-07
  1.015E+02 2.70786E-18 -4.554E-03  1.375E-10 -1.640E-09 -3.481E-12 -3.320E-12  1.00E-07
  1.020E+02 2.83343E-18 -4.570E-03  1.990E-10 -1.671E-09 -3.478E-12 -3.324E-12  1.00E-07
  1.025E+02 2.96643E-18 -4.572E-03  2.607E-10 -1.702E-09 -3.474E-12 -3.327E-12  1.00E-07
  1.030E+02 3.10686E-18 -4.562E-03  3.228E-10 -1.733E-09 -3.469E-12 -3.330E-12  1.00E-07
  1.035E+02 3.25473E-18 -4.541E-03  3.852E-10 -1.762E-09 -3.465E-12 -3.333E-12  1.00E-07
  1.040E+02 3.41001E-18 -4.511E-03  4.479E-10 -1.791E-09 -3.460E-12 -3.335E-12  1.00E-07
  1.045E+02 3.57272E-18 -4.473E-03  5.108E-10 -1.820E-09 -3.454E-12 -3.337E-12  1.00E-07
  1.050E+02 3.74284E-18 -4.428E-03  5.740E-10 -1.848E-09 -3.449E-12 -3.338E-12  1.00E-07
  1.055E+02 3.92036E-18 -4.378E-03  6.374E-10 -1.875E-09 -3.443E-12 -3.339E-12  1.00E-07
  1.060E+02 4.10526E-18 -4.323E-03  7.011E-10 -1.901E-09 -3.436E-12 -3.340E-12  1.00E-07
  1.065E+02 4.29752E-18 -4.265E-03  7.650E-10 -1.927E-09 -3.430E-12 -3.341E-12  1.00E-07
  1.070E+02 4.49712E-18 -4.203E-03  8.290E-10 -1.952E-09 -3.423E-12 -3.341E-12  1.00E-07
  1.075E+02 4.70404E-18 -4.139E-03  8.933E-10 -1.976E-09 -3.416E-12 -3.341E-12  1.00E-07
  1.080E+02 4.91825E-18 -4.073E-03  9.577E-10 -2.000E-09 -3.408E-12 -3.340E-12  1.00E-07
  1.085E+02 5.13971E-18 -4.006E-03  1.022E-09 -2.024E-09 -3.400E-12 -3.339E-12  1.00E-07
  1.090E+02 5.36840E-18 -3.938E-03  1.087E-09 -2.046E-09 -3.392E-12 -3.338E-12  1.00E-07
  1.095E+02 5.60428E-18 -3.869E-03  1.152E-09 -2.068E-09 -3.384E-12 -3.336E-12  1.00E-07
  1.100E+02 5.84730E-18 -3.800E-03  1.217E-09 -2.090E-09 -3.375E-12 -3.335E-12  1.00E-07
  1.105E+02 6.09742E-18 -3.731E-03  1.282E-09 -2.111E-09 -3.366E-12 -3.332E-12  1.00E-07
  1.110E+02 6.35459E-18 -3.662E-03  1.347E-09 -2.131E-09 -3.356E-12 -3.330E-12  1.00E-07
  1.115E+02 6.61877E-18 -3.594E-03  1.412E-09 -2.150E-09 -3.347E-12 -3.327E-12  1.00E-07
  1.120E+02 6.88991E-18 -3.527E-03  1.477E-09 -2.170E-09 -3.337E-12 -3.323E-12  1.00E-07
  1.125E+02 7.16793E-18 -3.460E-03  1.543E-09 -2.188E-09 -3.326E-12 -3.320E-12  1.00E-07
  1.130E+02 7.45280E-18 -3.394E-03  1.608E-09 -2.206E-09 -3.316E-12 -3.315E-12  1.00E-07
  1.135E+02 7.74443E-18 -3.329E-03  1.673E-09 -2.223E-09 -3.305E-12 -3.311E-12  1.00E-07
  1.140E+02 8.04278E-18 -3.265E-03  1.739E-09 -2.240E-09 -3.294E-12 -3.306E-12  1.00E-07
  1.145E+02 8.34776E-18 -3.201E-03  1.804E-09 -2.257E-09 -3.282E-12 -3.301E-12  1.00E-07
  1.150E+02 8.65931E-18 -3.140E-03  1.870E-09 -2.272E-09 -3.270E-12 -3.296E-12  1.00E-07
  1.155E+02 8.97735E-18 -3.079E-03  1.935E-09 -2.288E-09 -3.258E-12 -3.290E-12  1.00E-07
  1.160E+02 9.30180E-18 -3.019E-03  2.000E-09 -2.302E-09 -3.246E-12 -3.283E-12  1.00E-07
  1.165E+02 9.63259E-18 -2.960E-03  2.065E-09 -2.317E-09 -3.233E-12 -3.277E-12  1.00E-07
  1.170E+02 9.96962E-18 -2.903E-03  2.131E-09 -2.330E-09 -3.220E-12 -3.270E-12  1.00E-07
  1.175E+02 1.03128E-17 -2.847E-03  2.196E-09 -2.343E-09 -3.207E-12 -3.262E-12  1.00E-07
  1.180E+02 1.06621E-17 -2.792E-03  2.261E-09 -2.356E-09 -3.194E-12 -3.255E-12  1.00E-07
  1.185E+02 1.10173E-17 -2.738E-03  2.326E-09 -2.368E-09 -3.180E-12 -3.247E-12  1.00E-07
  1.190E+02 1.13785E-17 -2.685E-03  2.390E-09 -2.380E-09 -3.166E-12 -3.238E-12  1.00E-07
  1.195E+02 1.17454E-17 -2.633E-03  2.455E-09 -2.391E-09 -3.151E-12 -3.230E-12  1.00E-07
  1.200E+02 1.21180E-17 -2.583E-03  2.520E-09 -2.402E-09 -3.137E-12 -3.220E-12  1.00E-07
  1.205E+02 1.24961E-17 -2.533E-03  2.584E-09 -2.412E-09 -3.122E-12 -3.211E-12  1.00E-07
  1.210E+02 1.28798E-17 -2.485E-03  2.648E-09 -2.422E-09 -3.107E-12 -3.201E-12  1.00E-07
  1.215E+02 1.32688E-17 -2.437E-03  2.712E-09 -2.432E-09 -3.091E-12 -3.191E-12  1.00E-07
  1.220E+02 1.36630E-17 -2.391E-03  2.776E-09 -2.440E-09 -3.076E-12 -3.180E-12  1.00E-07
  1.225E+02 1.40624E-17 -2.346E-03  2.840E-09 -2.449E-09 -3.060E-12 -3.169E-12  1.00E-07
  1.230E+02 1.44668E-17 -2.301E-03  2.903E-09 -2.457E-09 -3.043E-12 -3.158E-12  1.00E-07
  1.235E+02 1.48760E-17 -2.258E-03  2.967E-09 -2.465E-09 -3.027E-12 -3.146E-12  1.00E-07
  1.240E+02 1.52901E-17 -2.215E-03  3.030E-09 -2.472E-09 -3.010E-12 -3.134E-12  1.00E-07
  1.245E+02 1.57088E-17 -2.174E-03  3.093E-09 -2.479E-09 -2.993E-12 -3.122E-12  1.00E-07
  1.250E+02 1.61320E-17 -2.133E-03  3.155E-09 -2.485E-09 -2.976E-12 -3.109E-12  1.00E-07
  1.255E+02 1.65596E-17 -2.093E-03  3.218E-09 -2.491E-09 -2.958E-12 -3.096E-12  1.00E-07
  1.260E+02 1.69915E-17 -2.054E-03  3.280E-09 -2.497E-09 -2.940E-12 -3.082E-12  1.00E-07
  1.265E+02 1.74274E-17 -2.016E-03  3.342E-09 -2.502E-09 -2.922E-12 -3.069E-12  1.00E-07
  1.270E+02 1.78674E-17 -1.979E-03  3.403E-09 -2.507E-09 -2.904E-12 -3.054E-12  1.00E-07
  1.275E+02 1.83112E-17 -1.942E-03  3.464E-09 -2.512E-09 -2.886E-12 -3.040E-12  1.00E-07
  1.280E+02 1.87587E-17 -1.906E-03  3.525E-09 -2.516E-09 -2.867E-12 -3.025E-12  1.00E-07
  1.285E+02 1.92097E-17 -1.871E-03  3.586E-09 -2.520E-09 -2.848E-12 -3.010E-12  1.00E-07
  1.290E+02 1.96642E-17 -1.836E-03  3.647E-09 -2.523E-09 -2.828E-12 -2.994E-12  1.00E-07
  1.295E+02 2.01219E-17 -1.803E-03  3.707E-09 -2.526E-09 -2.809E-12 -2.978E-12  1.00E-07
  1.300E+02 2.05827E-17 -1.769E-03  3.766E-09 -2.529E-09 -2.789E-12 -2.962E-12  1.00E-07
  1.305E+02 2.10465E-17 -1.737E-03  3.826E-09 -2.532E-09 -2.769E-12 -2.945E-12  1.00E-07
  1.310E+02 2.15131E-17 -1.705E-03  3.885E-09 -2.534E-09 -2.749E-12 -2.928E-12  1.00E-07
  1.315E+02 2.19824E-17 -1.674E-03  3.943E-09 -2.536E-09 -2.728E-12 -2.911E-12  1.00E-07
  1.320E+02 2.24542E-17 -1.643E-03  4.002E-09 -2.538E-09 -2.708E-12 -2.893E-12  1.00E-07
  1.325E+02 2.29283E-17 -1.613E-03  4.060E-09 -2.539E-09 -2.687E-12 -2.875E-12  1.00E-07
  1.330E+02 2.34046E-17 -1.584E-03  4.117E-09 -2.540E-09 -2.666E-12 -2.857E-12  1.00E-07
  1.335E+02 2.38829E-17 -1.555E-03  4.175E-09 -2.541E-09 -2.644E-12 -2.838E-12  1.00E-07
  1.340E+02 2.43631E-17 -1.526E-03  4.231E-09 -2.541E-09 -2.623E-12 -2.819E-12  1.00E-07
  1.345E+02 2.48450E-17 -1.498E-03  4.288E-09 -2.542E-09 -2.601E-12 -2.799E-12  1.00E-07
  1.350E+02 2.53284E-17 -1.471E-03  4.344E-09 -2.542E-09 -2.579E-12 -2.780E-12  1.00E-07
  1.355E+02 2.58132E-17 -1.444E-03  4.399E-09 -2.541E-09 -2.557E-12 -2.760E-12  1.00E-07
  1.360E+02 2.62992E-17 -1.418E-03  4.455E-09 -2.541E-09 -2.534E-12 -2.739E-12  1.00E-07
  1.365E+02 2.67862E-17 -1.392E-03  4.509E-09 -2.540E-09 -2.511E-12 -2.719E-12  1.00E-07
  1.370E+02 2.72741E-17 -1.366E-03  4.564E-09 -2.539E-09 -2.489E-12 -2.697E-12  1.00E-07
  1.375E+02 2.77627E-17 -1.341E-03  4.617E-09 -2.538E-09 -2.465E-12 -2.676E-12  1.00E-07
  1.380E+02 2.82518E-17 -1.316E-03  4.671E-09 -2.537E-09 -2.442E-12 -2.654E-12  1.00E-07
  1.385E+02 2.87413E-17 -1.292E-03  4.724E-09 -2.535E-09 -2.419E-12 -2.632E-12  1.00E-07
  1.390E+02 2.92310E-17 -1.268E-03  4.776E-09 -2.534E-09 -2.395E-12 -2.610E-12  1.00E-07
  1.395E+02 2.97206E-17 -1.245E-03  4.828E-09 -2.532E-09 -2.371E-12 -2.587E-12  1.00E-07
  1.400E+02 3.02102E-17 -1.221E-03  4.880E-09 -2.529E-09 -2.347E-12 -2.564E-12  1.00E-07
  1.405E+02 3.06993E-17 -1.199E-03  4.931E-09 -2.527E-09 -2.323E-12 -2.541E-12  1.00E-07
  1.410E+02 3.11880E-17 -1.176E-03  4.981E-09 -2.525E-09 -2.298E-12 -2.518E-12  1.00E-07
  1.415E+02 3.16760E-17 -1.154E-03  5.031E-09 -2.522E-09 -2.274E-12 -2.494E-12  1.00E-07
  1.420E+02 3.21632E-17 -1.133E-03  5.081E-09 -2.519E-09 -2.249E-12 -2.469E-12  1.00E-07
  1.425E+02 3.26493E-17 -1.111E-03  5.130E-09 -2.516E-09 -2.224E-12 -2.445E-12  1.00E-07
  1.430E+02 3.31342E-17 -1.090E-03  5.179E-09 -2.513E-09 -2.199E-12 -2.420E-12  1.00E-07
  1.435E+02 3.36177E-17 -1.069E-03  5.227E-09 -2.510E-09 -2.173E-12 -2.395E-12  1.00E-07
  1.440E+02 3.40997E-17 -1.049E-03  5.274E-09 -2.507E-09 -2.148E-12 -2.370E-12  1.00E-07
  1.445E+02 3.45800E-17 -1.029E-03  5.321E-09 -2.503E-09 -2.122E-12 -2.344E-12  1.00E-07
  1.450E+02 3.50584E-17 -1.009E-03  5.367E-09 -2.500E-09 -2.096E-12 -2.318E-12  1.00E-07
  1.455E+02 3.55347E-17 -9.891E-04  5.413E-09 -2.496E-09 -2.070E-12 -2.292E-12  1.00E-07
  1.460E+02 3.60088E-17 -9.697E-04  5.459E-09 -2.492E-09 -2.044E-12 -2.265E-12  1.00E-07
  1.465E+02 3.64804E-17 -9.506E-04  5.503E-09 -2.489E-09 -2.017E-12 -2.239E-12  1.00E-07
  1.470E+02 3.69495E-17 -9.318E-04  5.548E-09 -2.485E-09 -1.991E-12 -2.211E-12  1.00E-07
  1.475E+02 3.74158E-17 -9.132E-04  5.591E-09 -2.481E-09 -1.964E-12 -2.184E-12  1.00E-07
  1.480E+02 3.78792E-17 -8.948E-04  5.634E-09 -2.476E-09 -1.937E-12 -2.157E-12  1.00E-07
  1.485E+02 3.83395E-17 -8.767E-04  5.677E-09 -2.472E-09 -1.910E-12 -2.129E-12  1.00E-07
  1.490E+02 3.87965E-17 -8.588E-04  5.719E-09 -2.468E-09 -1.883E-12 -2.100E-12  1.00E-07
  1.495E+02 3.92502E-17 -8.411E-04  5.760E-09 -2.464E-09 -1.856E-12 -2.072E-12  1.00E-07
  1.500E+02 3.97002E-17 -8.237E-04  5.801E-09 -2.459E-09 -1.828E-12 -2.043E-12  1.00E-07
  1.505E+02 4.01464E-17 -8.064E-04  5.841E-09 -2.455E-09 -1.801E-12 -2.014E-12  1.00E-07
  1.510E+02 4.05887E-17 -7.894E-04  5.881E-09 -2.450E-09 -1.773E-12 -1.985E-12  1.00E-07
  1.515E+02 4.10270E-17 -7.725E-04  5.920E-09 -2.446E-09 -1.745E-12 -1.956E-12  1.00E-07
  1.520E+02 4.14609E-17 -7.558E-04  5.958E-09 -2.441E-09 -1.717E-12 -1.926E-12  1.00E-07
  1.525E+02 4.18905E-17 -7.393E-04  5.996E-09 -2.437E-09 -1.689E-12 -1.896E-12  1.00E-07
  1.530E+02 4.23155E-17 -7.230E-04  6.033E-09 -2.432E-09 -1.660E-12 -1.866E-12  1.00E-07
  1.535E+02 4.27358E-17 -7.069E-04  6.070E-09 -2.428E-09 -1.632E-12 -1.836E-12  1.00E-07
  1.540E+02 4.31511E-17 -6.910E-04  6.106E-09 -2.423E-09 -1.603E-12 -1.805E-12  1.00E-07
  1.545E+02 4.35615E-17 -6.752E-04  6.141E-09 -2.419E-09 -1.575E-12 -1.774E-12  1.00E-07
  1.550E+02 4.39666E-17 -6.595E-04  6.176E-09 -2.414E-09 -1.546E-12 -1.743E-12  1.00E-07
  1.555E+02 4.43664E-17 -6.440E-04  6.210E-09 -2.409E-09 -1.517E-12 -1.712E-12  1.00E-07
  1.560E+02 4.47607E-17 -6.287E-04  6.243E-09 -2.405E-09 -1.488E-12 -1.681E-12  1.00E-07
  1.565E+02 4.51494E-17 -6.135E-04  6.276E-09 -2.400E-09 -1.459E-12 -1.649E-12  1.00E-07
  1.570E+02 4.55323E-17 -5.985E-04  6.308E-09 -2.396E-09 -1.429E-12 -1.617E-12  1.00E-07
  1.575E+02 4.59092E-17 -5.836E-04  6.340E-09 -2.391E-09 -1.400E-12 -1.585E-12  1.00E-07
  1.580E+02 4.62801E-17 -5.688E-04  6.370E-09 -2.387E-09 -1.370E-12 -1.553E-12  1.00E-07
  1.585E+02 4.66447E-17 -5.542E-04  6.401E-09 -2.382E-09 -1.341E-12 -1.520E-12  1.00E-07
  1.590E+02 4.70031E-17 -5.397E-04  6.430E-09 -2.378E-09 -1.311E-12 -1.488E-12  1.00E-07
  1.595E+02 4.73549E-17 -5.253E-04  6.459E-09 -2.374E-09 -1.281E-12 -1.455E-12  1.00E-07
  1.600E+02 4.77001E-17 -5.110E-04  6.487E-09 -2.369E-09 -1.251E-12 -1.422E-12  1.00E-07
  1.605E+02 4.80386E-17 -4.969E-04  6.515E-09 -2.365E-09 -1.221E-12 -1.389E-12  1.00E-07
  1.610E+02 4.83702E-17 -4.828E-04  6.542E-09 -2.361E-09 -1.191E-12 -1.355E-12  1.00E-07
  1.615E+02 4.86948E-17 -4.689E-04  6.568E-09 -2.357E-09 -1.161E-12 -1.322E-12  1.00E-07
  1.620E+02 4.90123E-17 -4.551E-04  6.594E-09 -2.353E-09 -1.131E-12 -1.288E-12  1.00E-07
  1.625E+02 4.93226E-17 -4.413E-04  6.619E-09 -2.349E-09 -1.100E-12 -1.254E-12  1.00E-07
  1.630E+02 4.96255E-17 -4.277E-04  6.643E-09 -2.345E-09 -1.070E-12 -1.220E-12  1.00E-07
  1.635E+02 4.99209E-17 -4.141E-04  6.666E-09 -2.341E-09 -1.039E-12 -1.186E-12  1.00E-07
  1.640E+02 5.02087E-17 -4.007E-04  6.689E-09 -2.337E-09 -1.008E-12 -1.151E-12  1.00E-07
  1.645E+02 5.04889E-17 -3.873E-04  6.712E-09 -2.333E-09 -9.777E-13 -1.117E-12  1.00E-07
  1.650E+02 5.07612E-17 -3.740E-04  6.733E-09 -2.330E-09 -9.469E-13 -1.082E-12  1.00E-07
  1.655E+02 5.10257E-17 -3.608E-04  6.754E-09 -2.326E-09 -9.161E-13 -1.048E-12  1.00E-07
  1.660E+02 5.12822E-17 -3.477E-04  6.774E-09 -2.323E-09 -8.851E-13 -1.013E-12  1.00E-07
  1.665E+02 5.15305E-17 -3.346E-04  6.793E-09 -2.319E-09 -8.541E-13 -9.776E-13  1.00E-07
  1.670E+02 5.17707E-17 -3.217E-04  6.812E-09 -2.316E-09 -8.231E-13 -9.424E-13  1.00E-07
  1.675E+02 5.20025E-17 -3.088E-04  6.830E-09 -2.313E-09 -7.919E-13 -9.072E-13  1.00E-07
  1.680E+02 5.22260E-17 -2.959E-04  6.848E-09 -2.310E-09 -7.607E-13 -8.718E-13  1.00E-07
  1.685E+02 5.24411E-17 -2.831E-04  6.864E-09 -2.307E-09 -7.295E-13 -8.363E-13  1.00E-07
  1.690E+02 5.26476E-17 -2.704E-04  6.880E-09 -2.304E-09 -6.981E-13 -8.007E-13  1.00E-07
  1.695E+02 5.28455E-17 -2.577E-04  6.896E-09 -2.301E-09 -6.668E-13 -7.650E-13  1.00E-07
  1.700E+02 5.30347E-17 -2.451E-04  6.910E-09 -2.299E-09 -6.354E-13 -7.292E-13  1.00E-07
  1.705E+02 5.32151E-17 -2.325E-04  6.924E-09 -2.296E-09 -6.039E-13 -6.933E-13  1.00E-07
  1.710E+02 5.33867E-17 -2.200E-04  6.937E-09 -2.294E-09 -5.724E-13 -6.573E-13  1.00E-07
  1.715E+02 5.35494E-17 -2.075E-04  6.950E-09 -2.292E-09 -5.408E-13 -6.213E-13  1.00E-07
  1.720E+02 5.37031E-17 -1.951E-04  6.961E-09 -2.289E-09 -5.092E-13 -5.851E-13  1.00E-07
  1.725E+02 5.38478E-17 -1.827E-04  6.972E-09 -2.287E-09 -4.776E-13 -5.489E-13  1.00E-07
  1.730E+02 5.39835E-17 -1.704E-04  6.983E-09 -2.286E-09 -4.459E-13 -5.126E-13  1.00E-07
  1.735E+02 5.41100E-17 -1.581E-04  6.992E-09 -2.284E-09 -4.142E-13 -4.763E-13  1.00E-07
  1.740E+02 5.42273E-17 -1.458E-04  7.001E-09 -2.282E-09 -3.825E-13 -4.399E-13  1.00E-07
  1.745E+02 5.43354E-17 -1.335E-04  7.010E-09 -2.281E-09 -3.507E-13 -4.034E-13  1.00E-07
  1.750E+02 5.44343E-17 -1.213E-04  7.017E-09 -2.279E-09 -3.189E-13 -3.669E-13  1.00E-07
  1.755E+02 5.45238E-17 -1.091E-04  7.024E-09 -2.278E-09 -2.871E-13 -3.304E-13  1.00E-07
  1.760E+02 5.46040E-17 -9.692E-05  7.030E-09 -2.277E-09 -2.552E-13 -2.938E-13  1.00E-07
  1.765E+02 5.46749E-17 -8.477E-05  7.035E-09 -2.276E-09 -2.234E-13 -2.571E-13  1.00E-07
  1.770E+02 5.47363E-17 -7.262E-05  7.040E-09 -2.275E-09 -1.915E-13 -2.205E-13  1.00E-07
  1.775E+02 5.47884E-17 -6.050E-05  7.044E-09 -2.274E-09 -1.596E-13 -1.838E-13  1.00E-07
  1.780E+02 5.48310E-17 -4.838E-05  7.047E-09 -2.274E-09 -1.277E-13 -1.470E-13  1.00E-07
  1.785E+02 5.48641E-17 -3.628E-05  7.050E-09 -2.273E-09 -9.578E-14 -1.103E-13  1.00E-07
  1.790E+02 5.48878E-17 -2.418E-05  7.051E-09 -2.273E-09 -6.386E-14 -7.353E-14  1.00E-07
  1.795E+02 5.49020E-17 -1.209E-05  7.052E-09 -2.273E-09 -3.193E-14 -3.677E-14  1.00E-07
  1.800E+02 5.49068E-17 -1.697E-19  7.053E-09 -2.272E-09 -4.481E-28 -5.160E-28  1.00E-07

  TOTAL ELASTIC CROSS SECTION = 3.243782E-16 cm**2
               FROM DCS TABLE = 3.243717E-16  (REL. DIF. = 2.00E-05)

  1ST TRANSPORT CROSS SECTION = 2.357392E-16 cm**2
               FROM DCS TABLE = 2.357375E-16  (REL. DIF. = 7.01E-06)

  2ND TRANSPORT CROSS SECTION = 1.702178E-16 cm**2

  **** DPWA0 ENDED ************************************************************

