

  **** PARTIAL WAVE ANALYSIS (DPWA0) ******************************************


  KINETIC ENERGY = 7.80000E+01 eV

      L       PHASE(SPIN UP)     PHASE(SPIN DOWN)
  -----------------------------------------------
       0      7.69748172E-02      0.00000000E+00
       1     -1.53930019E+00     -1.53829359E+00
       2      6.70482642E-01      6.70642936E-01
       3      2.79466361E-01      2.79514037E-01
       4      1.20174012E-01      1.20191907E-01
       5      5.31973239E-02      5.32047380E-02
       6      2.40448977E-02      2.40481256E-02
       7      1.10319458E-02      1.10333913E-02
       8      5.11890407E-03      5.11956318E-03
       9      2.39647228E-03      2.39677667E-03
      10      1.13012876E-03      1.13027072E-03
      11      5.36173582E-04      5.36240312E-04
      12      2.55662925E-04      2.55694499E-04
      13      1.22417948E-04      1.22432970E-04
      14      5.88192063E-05      5.88263855E-05
      15      2.83410207E-05      2.83444648E-05
      16      1.36866994E-05      1.36883568E-05
      17      6.62168977E-06      6.62248941E-06
      18      3.20817000E-06      3.20855657E-06
      19      1.55605114E-06      1.55623832E-06
      20      7.55356749E-07      7.55447497E-07
      21      3.66899309E-07      3.66943350E-07
      22      1.78291468E-07      1.78312856E-07
      23      8.66642594E-08      8.66746489E-08
      24      4.21332768E-08      4.21383273E-08
      25      2.04854835E-08      2.04879375E-08
      26      9.96024116E-09      9.96143890E-09
      27      4.84247291E-09      4.84305538E-09
      28      2.35409289E-09      2.35437611E-09
      29      1.14426980E-09      1.14441095E-09
      30      5.56086665E-10      5.56154199E-10
      31      2.70176949E-10      2.70208420E-10


  *** SCATTERING AMPLITUDES AND DIFFERENTIAL CROSS SECTION ***

    ANGLE      DCS       ASYMMETRY    DIRECT AMPLITUDE       SPIN-FLIP AMPLITUDE     ERROR
    (deg)   (cm**2/sr)                      (cm)                    (cm)
  -------------------------------------------------------------------------------------------
  0.000E+00 3.67095E-16  0.000E+00  1.456E-08  1.246E-08  0.000E+00  0.000E+00  1.00E-07
  1.000E-04 3.67095E-16  2.416E-10  1.456E-08  1.246E-08 -7.902E-19  2.370E-18  1.00E-07
  1.250E-04 3.67095E-16  3.020E-10  1.456E-08  1.246E-08 -9.877E-19  2.963E-18  1.00E-07
  1.500E-04 3.67095E-16  3.624E-10  1.456E-08  1.246E-08 -1.185E-18  3.555E-18  1.00E-07
  1.750E-04 3.67095E-16  4.228E-10  1.456E-08  1.246E-08 -1.383E-18  4.148E-18  1.00E-07
  2.000E-04 3.67095E-16  4.832E-10  1.456E-08  1.246E-08 -1.580E-18  4.740E-18  1.00E-07
  2.250E-04 3.67095E-16  5.436E-10  1.456E-08  1.246E-08 -1.778E-18  5.333E-18  1.00E-07
  2.500E-04 3.67095E-16  6.040E-10  1.456E-08  1.246E-08 -1.975E-18  5.925E-18  1.00E-07
  2.750E-04 3.67095E-16  6.644E-10  1.456E-08  1.246E-08 -2.173E-18  6.518E-18  1.00E-07
  3.000E-04 3.67095E-16  7.248E-10  1.456E-08  1.246E-08 -2.371E-18  7.111E-18  1.00E-07
  3.250E-04 3.67095E-16  7.852E-10  1.456E-08  1.246E-08 -2.568E-18  7.703E-18  1.00E-07
  3.500E-04 3.67095E-16  8.456E-10  1.456E-08  1.246E-08 -2.766E-18  8.296E-18  1.00E-07
  3.750E-04 3.67095E-16  9.060E-10  1.456E-08  1.246E-08 -2.963E-18  8.888E-18  1.00E-07
  4.000E-04 3.67095E-16  9.664E-10  1.456E-08  1.246E-08 -3.161E-18  9.481E-18  1.00E-07
  4.250E-04 3.67095E-16  1.027E-09  1.456E-08  1.246E-08 -3.358E-18  1.007E-17  1.00E-07
  4.500E-04 3.67095E-16  1.087E-09  1.456E-08  1.246E-08 -3.556E-18  1.067E-17  1.00E-07
  4.750E-04 3.67095E-16  1.148E-09  1.456E-08  1.246E-08 -3.753E-18  1.126E-17  1.00E-07
  5.000E-04 3.67095E-16  1.208E-09  1.456E-08  1.246E-08 -3.951E-18  1.185E-17  1.00E-07
  5.250E-04 3.67095E-16  1.268E-09  1.456E-08  1.246E-08 -4.148E-18  1.244E-17  1.00E-07
  5.500E-04 3.67095E-16  1.329E-09  1.456E-08  1.246E-08 -4.346E-18  1.304E-17  1.00E-07
  5.750E-04 3.67095E-16  1.389E-09  1.456E-08  1.246E-08 -4.544E-18  1.363E-17  1.00E-07
  6.000E-04 3.67095E-16  1.450E-09  1.456E-08  1.246E-08 -4.741E-18  1.422E-17  1.00E-07
  6.250E-04 3.67095E-16  1.510E-09  1.456E-08  1.246E-08 -4.939E-18  1.481E-17  1.00E-07
  6.500E-04 3.67095E-16  1.570E-09  1.456E-08  1.246E-08 -5.136E-18  1.541E-17  1.00E-07
  6.750E-04 3.67095E-16  1.631E-09  1.456E-08  1.246E-08 -5.334E-18  1.600E-17  1.00E-07
  7.000E-04 3.67095E-16  1.691E-09  1.456E-08  1.246E-08 -5.531E-18  1.659E-17  1.00E-07
  7.250E-04 3.67095E-16  1.752E-09  1.456E-08  1.246E-08 -5.729E-18  1.718E-17  1.00E-07
  7.500E-04 3.67095E-16  1.812E-09  1.456E-08  1.246E-08 -5.926E-18  1.778E-17  1.00E-07
  7.750E-04 3.67095E-16  1.872E-09  1.456E-08  1.246E-08 -6.124E-18  1.837E-17  1.00E-07
  8.000E-04 3.67095E-16  1.933E-09  1.456E-08  1.246E-08 -6.321E-18  1.896E-17  1.00E-07
  8.250E-04 3.67095E-16  1.993E-09  1.456E-08  1.246E-08 -6.519E-18  1.955E-17  1.00E-07
  8.500E-04 3.67095E-16  2.054E-09  1.456E-08  1.246E-08 -6.717E-18  2.015E-17  1.00E-07
  8.750E-04 3.67095E-16  2.114E-09  1.456E-08  1.246E-08 -6.914E-18  2.074E-17  1.00E-07
  9.000E-04 3.67095E-16  2.174E-09  1.456E-08  1.246E-08 -7.112E-18  2.133E-17  1.00E-07
  9.250E-04 3.67095E-16  2.235E-09  1.456E-08  1.246E-08 -7.309E-18  2.192E-17  1.00E-07
  9.500E-04 3.67095E-16  2.295E-09  1.456E-08  1.246E-08 -7.507E-18  2.252E-17  1.00E-07
  9.750E-04 3.67095E-16  2.356E-09  1.456E-08  1.246E-08 -7.704E-18  2.311E-17  1.00E-07
  1.000E-03 3.67095E-16  2.416E-09  1.456E-08  1.246E-08 -7.902E-18  2.370E-17  1.00E-07
  1.250E-03 3.67095E-16  3.020E-09  1.456E-08  1.246E-08 -9.877E-18  2.963E-17  1.00E-07
  1.500E-03 3.67095E-16  3.624E-09  1.456E-08  1.246E-08 -1.185E-17  3.555E-17  1.00E-07
  1.750E-03 3.67095E-16  4.228E-09  1.456E-08  1.246E-08 -1.383E-17  4.148E-17  1.00E-07
  2.000E-03 3.67095E-16  4.832E-09  1.456E-08  1.246E-08 -1.580E-17  4.740E-17  1.00E-07
  2.250E-03 3.67095E-16  5.436E-09  1.456E-08  1.246E-08 -1.778E-17  5.333E-17  1.00E-07
  2.500E-03 3.67095E-16  6.040E-09  1.456E-08  1.246E-08 -1.975E-17  5.925E-17  1.00E-07
  2.750E-03 3.67095E-16  6.644E-09  1.456E-08  1.246E-08 -2.173E-17  6.518E-17  1.00E-07
  3.000E-03 3.67095E-16  7.248E-09  1.456E-08  1.246E-08 -2.371E-17  7.111E-17  1.00E-07
  3.250E-03 3.67095E-16  7.852E-09  1.456E-08  1.246E-08 -2.568E-17  7.703E-17  1.00E-07
  3.500E-03 3.67095E-16  8.456E-09  1.456E-08  1.246E-08 -2.766E-17  8.296E-17  1.00E-07
  3.750E-03 3.67095E-16  9.060E-09  1.456E-08  1.246E-08 -2.963E-17  8.888E-17  1.00E-07
  4.000E-03 3.67095E-16  9.664E-09  1.456E-08  1.246E-08 -3.161E-17  9.481E-17  1.00E-07
  4.250E-03 3.67095E-16  1.027E-08  1.456E-08  1.246E-08 -3.358E-17  1.007E-16  1.00E-07
  4.500E-03 3.67095E-16  1.087E-08  1.456E-08  1.246E-08 -3.556E-17  1.067E-16  1.00E-07
  4.750E-03 3.67095E-16  1.148E-08  1.456E-08  1.246E-08 -3.753E-17  1.126E-16  1.00E-07
  5.000E-03 3.67095E-16  1.208E-08  1.456E-08  1.246E-08 -3.951E-17  1.185E-16  1.00E-07
  5.250E-03 3.67095E-16  1.268E-08  1.456E-08  1.246E-08 -4.148E-17  1.244E-16  1.00E-07
  5.500E-03 3.67095E-16  1.329E-08  1.456E-08  1.246E-08 -4.346E-17  1.304E-16  1.00E-07
  5.750E-03 3.67095E-16  1.389E-08  1.456E-08  1.246E-08 -4.544E-17  1.363E-16  1.00E-07
  6.000E-03 3.67095E-16  1.450E-08  1.456E-08  1.246E-08 -4.741E-17  1.422E-16  1.00E-07
  6.250E-03 3.67095E-16  1.510E-08  1.456E-08  1.246E-08 -4.939E-17  1.481E-16  1.00E-07
  6.500E-03 3.67095E-16  1.570E-08  1.456E-08  1.246E-08 -5.136E-17  1.541E-16  1.00E-07
  6.750E-03 3.67095E-16  1.631E-08  1.456E-08  1.246E-08 -5.334E-17  1.600E-16  1.00E-07
  7.000E-03 3.67095E-16  1.691E-08  1.456E-08  1.246E-08 -5.531E-17  1.659E-16  1.00E-07
  7.250E-03 3.67095E-16  1.752E-08  1.456E-08  1.246E-08 -5.729E-17  1.718E-16  1.00E-07
  7.500E-03 3.67095E-16  1.812E-08  1.456E-08  1.246E-08 -5.926E-17  1.778E-16  1.00E-07
  7.750E-03 3.67095E-16  1.872E-08  1.456E-08  1.246E-08 -6.124E-17  1.837E-16  1.00E-07
  8.000E-03 3.67095E-16  1.933E-08  1.456E-08  1.246E-08 -6.321E-17  1.896E-16  1.00E-07
  8.250E-03 3.67095E-16  1.993E-08  1.456E-08  1.246E-08 -6.519E-17  1.955E-16  1.00E-07
  8.500E-03 3.67095E-16  2.054E-08  1.456E-08  1.246E-08 -6.717E-17  2.015E-16  1.00E-07
  8.750E-03 3.67095E-16  2.114E-08  1.456E-08  1.246E-08 -6.914E-17  2.074E-16  1.00E-07
  9.000E-03 3.67095E-16  2.174E-08  1.456E-08  1.246E-08 -7.112E-17  2.133E-16  1.00E-07
  9.250E-03 3.67095E-16  2.235E-08  1.456E-08  1.246E-08 -7.309E-17  2.192E-16  1.00E-07
  9.500E-03 3.67095E-16  2.295E-08  1.456E-08  1.246E-08 -7.507E-17  2.252E-16  1.00E-07
  9.750E-03 3.67095E-16  2.356E-08  1.456E-08  1.246E-08 -7.704E-17  2.311E-16  1.00E-07
  1.000E-02 3.67095E-16  2.416E-08  1.456E-08  1.246E-08 -7.902E-17  2.370E-16  1.00E-07
  1.250E-02 3.67095E-16  3.020E-08  1.456E-08  1.246E-08 -9.877E-17  2.963E-16  1.00E-07
  1.500E-02 3.67095E-16  3.624E-08  1.456E-08  1.246E-08 -1.185E-16  3.555E-16  1.00E-07
  1.750E-02 3.67095E-16  4.228E-08  1.456E-08  1.246E-08 -1.383E-16  4.148E-16  1.00E-07
  2.000E-02 3.67095E-16  4.832E-08  1.456E-08  1.246E-08 -1.580E-16  4.740E-16  1.00E-07
  2.250E-02 3.67095E-16  5.436E-08  1.456E-08  1.246E-08 -1.778E-16  5.333E-16  1.00E-07
  2.500E-02 3.67095E-16  6.040E-08  1.456E-08  1.246E-08 -1.975E-16  5.925E-16  1.00E-07
  2.750E-02 3.67095E-16  6.644E-08  1.456E-08  1.246E-08 -2.173E-16  6.518E-16  1.00E-07
  3.000E-02 3.67094E-16  7.248E-08  1.456E-08  1.246E-08 -2.371E-16  7.111E-16  1.00E-07
  3.250E-02 3.67094E-16  7.852E-08  1.456E-08  1.246E-08 -2.568E-16  7.703E-16  1.00E-07
  3.500E-02 3.67094E-16  8.456E-08  1.456E-08  1.246E-08 -2.766E-16  8.296E-16  1.00E-07
  3.750E-02 3.67094E-16  9.060E-08  1.456E-08  1.246E-08 -2.963E-16  8.888E-16  1.00E-07
  4.000E-02 3.67094E-16  9.664E-08  1.456E-08  1.246E-08 -3.161E-16  9.481E-16  1.00E-07
  4.250E-02 3.67094E-16  1.027E-07  1.456E-08  1.246E-08 -3.358E-16  1.007E-15  1.00E-07
  4.500E-02 3.67094E-16  1.087E-07  1.456E-08  1.246E-08 -3.556E-16  1.067E-15  1.00E-07
  4.750E-02 3.67094E-16  1.148E-07  1.456E-08  1.246E-08 -3.753E-16  1.126E-15  1.00E-07
  5.000E-02 3.67093E-16  1.208E-07  1.456E-08  1.246E-08 -3.951E-16  1.185E-15  1.00E-07
  5.250E-02 3.67093E-16  1.268E-07  1.456E-08  1.246E-08 -4.149E-16  1.244E-15  1.00E-07
  5.500E-02 3.67093E-16  1.329E-07  1.456E-08  1.246E-08 -4.346E-16  1.304E-15  1.00E-07
  5.750E-02 3.67093E-16  1.389E-07  1.456E-08  1.246E-08 -4.544E-16  1.363E-15  1.00E-07
  6.000E-02 3.67093E-16  1.450E-07  1.456E-08  1.246E-08 -4.741E-16  1.422E-15  1.00E-07
  6.250E-02 3.67092E-16  1.510E-07  1.456E-08  1.246E-08 -4.939E-16  1.481E-15  1.00E-07
  6.500E-02 3.67092E-16  1.570E-07  1.456E-08  1.246E-08 -5.136E-16  1.541E-15  1.00E-07
  6.750E-02 3.67092E-16  1.631E-07  1.456E-08  1.246E-08 -5.334E-16  1.600E-15  1.00E-07
  7.000E-02 3.67092E-16  1.691E-07  1.456E-08  1.246E-08 -5.531E-16  1.659E-15  1.00E-07
  7.250E-02 3.67091E-16  1.752E-07  1.456E-08  1.246E-08 -5.729E-16  1.718E-15  1.00E-07
  7.500E-02 3.67091E-16  1.812E-07  1.456E-08  1.246E-08 -5.927E-16  1.778E-15  1.00E-07
  7.750E-02 3.67091E-16  1.872E-07  1.456E-08  1.246E-08 -6.124E-16  1.837E-15  1.00E-07
  8.000E-02 3.67091E-16  1.933E-07  1.456E-08  1.246E-08 -6.322E-16  1.896E-15  1.00E-07
  8.250E-02 3.67090E-16  1.993E-07  1.456E-08  1.246E-08 -6.519E-16  1.955E-15  1.00E-07
  8.500E-02 3.67090E-16  2.054E-07  1.456E-08  1.246E-08 -6.717E-16  2.015E-15  1.00E-07
  8.750E-02 3.67090E-16  2.114E-07  1.456E-08  1.246E-08 -6.914E-16  2.074E-15  1.00E-07
  9.000E-02 3.67090E-16  2.174E-07  1.456E-08  1.246E-08 -7.112E-16  2.133E-15  1.00E-07
  9.250E-02 3.67089E-16  2.235E-07  1.456E-08  1.246E-08 -7.309E-16  2.192E-15  1.00E-07
  9.500E-02 3.67089E-16  2.295E-07  1.456E-08  1.246E-08 -7.507E-16  2.252E-15  1.00E-07
  9.750E-02 3.67089E-16  2.356E-07  1.456E-08  1.246E-08 -7.705E-16  2.311E-15  1.00E-07
  1.000E-01 3.67088E-16  2.416E-07  1.456E-08  1.246E-08 -7.902E-16  2.370E-15  1.00E-07
  1.250E-01 3.67084E-16  3.020E-07  1.456E-08  1.246E-08 -9.878E-16  2.963E-15  1.00E-07
  1.500E-01 3.67080E-16  3.624E-07  1.456E-08  1.246E-08 -1.185E-15  3.555E-15  1.00E-07
  1.750E-01 3.67074E-16  4.228E-07  1.456E-08  1.246E-08 -1.383E-15  4.148E-15  1.00E-07
  2.000E-01 3.67068E-16  4.832E-07  1.456E-08  1.246E-08 -1.581E-15  4.740E-15  1.00E-07
  2.250E-01 3.67061E-16  5.437E-07  1.456E-08  1.246E-08 -1.778E-15  5.333E-15  1.00E-07
  2.500E-01 3.67052E-16  6.041E-07  1.456E-08  1.246E-08 -1.976E-15  5.925E-15  1.00E-07
  2.750E-01 3.67044E-16  6.645E-07  1.456E-08  1.246E-08 -2.174E-15  6.518E-15  1.00E-07
  3.000E-01 3.67034E-16  7.249E-07  1.456E-08  1.246E-08 -2.371E-15  7.110E-15  1.00E-07
  3.250E-01 3.67023E-16  7.853E-07  1.456E-08  1.246E-08 -2.569E-15  7.703E-15  1.00E-07
  3.500E-01 3.67012E-16  8.458E-07  1.455E-08  1.246E-08 -2.767E-15  8.295E-15  1.00E-07
  3.750E-01 3.66999E-16  9.062E-07  1.455E-08  1.246E-08 -2.965E-15  8.888E-15  1.00E-07
  4.000E-01 3.66986E-16  9.666E-07  1.455E-08  1.246E-08 -3.163E-15  9.480E-15  1.00E-07
  4.250E-01 3.66972E-16  1.027E-06  1.455E-08  1.246E-08 -3.360E-15  1.007E-14  1.00E-07
  4.500E-01 3.66957E-16  1.088E-06  1.455E-08  1.246E-08 -3.558E-15  1.067E-14  1.00E-07
  4.750E-01 3.66941E-16  1.148E-06  1.455E-08  1.246E-08 -3.756E-15  1.126E-14  1.00E-07
  5.000E-01 3.66925E-16  1.208E-06  1.455E-08  1.246E-08 -3.954E-15  1.185E-14  1.00E-07
  5.250E-01 3.66907E-16  1.269E-06  1.455E-08  1.246E-08 -4.153E-15  1.244E-14  1.00E-07
  5.500E-01 3.66889E-16  1.329E-06  1.455E-08  1.246E-08 -4.351E-15  1.303E-14  1.00E-07
  5.750E-01 3.66870E-16  1.390E-06  1.455E-08  1.246E-08 -4.549E-15  1.363E-14  1.00E-07
  6.000E-01 3.66850E-16  1.450E-06  1.455E-08  1.246E-08 -4.747E-15  1.422E-14  1.00E-07
  6.250E-01 3.66829E-16  1.511E-06  1.455E-08  1.246E-08 -4.945E-15  1.481E-14  1.00E-07
  6.500E-01 3.66807E-16  1.571E-06  1.455E-08  1.246E-08 -5.144E-15  1.540E-14  1.00E-07
  6.750E-01 3.66785E-16  1.632E-06  1.455E-08  1.246E-08 -5.342E-15  1.600E-14  1.00E-07
  7.000E-01 3.66761E-16  1.692E-06  1.455E-08  1.246E-08 -5.541E-15  1.659E-14  1.00E-07
  7.250E-01 3.66737E-16  1.753E-06  1.455E-08  1.245E-08 -5.739E-15  1.718E-14  1.00E-07
  7.500E-01 3.66712E-16  1.813E-06  1.455E-08  1.245E-08 -5.938E-15  1.777E-14  1.00E-07
  7.750E-01 3.66686E-16  1.874E-06  1.455E-08  1.245E-08 -6.137E-15  1.837E-14  1.00E-07
  8.000E-01 3.66659E-16  1.934E-06  1.454E-08  1.245E-08 -6.336E-15  1.896E-14  1.00E-07
  8.250E-01 3.66632E-16  1.995E-06  1.454E-08  1.245E-08 -6.535E-15  1.955E-14  1.00E-07
  8.500E-01 3.66603E-16  2.056E-06  1.454E-08  1.245E-08 -6.734E-15  2.014E-14  1.00E-07
  8.750E-01 3.66574E-16  2.116E-06  1.454E-08  1.245E-08 -6.933E-15  2.073E-14  1.00E-07
  9.000E-01 3.66544E-16  2.177E-06  1.454E-08  1.245E-08 -7.132E-15  2.133E-14  1.00E-07
  9.250E-01 3.66513E-16  2.237E-06  1.454E-08  1.245E-08 -7.331E-15  2.192E-14  1.00E-07
  9.500E-01 3.66481E-16  2.298E-06  1.454E-08  1.245E-08 -7.531E-15  2.251E-14  1.00E-07
  9.750E-01 3.66448E-16  2.358E-06  1.454E-08  1.245E-08 -7.730E-15  2.310E-14  1.00E-07
  1.000E+00 3.66415E-16  2.419E-06  1.454E-08  1.245E-08 -7.930E-15  2.369E-14  1.00E-07
  1.100E+00 3.66272E-16  2.662E-06  1.453E-08  1.245E-08 -8.729E-15  2.606E-14  1.00E-07
  1.200E+00 3.66116E-16  2.905E-06  1.453E-08  1.245E-08 -9.530E-15  2.843E-14  1.00E-07
  1.300E+00 3.65946E-16  3.148E-06  1.452E-08  1.245E-08 -1.033E-14  3.079E-14  1.00E-07
  1.400E+00 3.65763E-16  3.391E-06  1.452E-08  1.245E-08 -1.114E-14  3.316E-14  1.00E-07
  1.500E+00 3.65567E-16  3.634E-06  1.451E-08  1.245E-08 -1.195E-14  3.553E-14  1.00E-07
  1.600E+00 3.65357E-16  3.878E-06  1.451E-08  1.245E-08 -1.276E-14  3.789E-14  1.00E-07
  1.700E+00 3.65133E-16  4.122E-06  1.450E-08  1.244E-08 -1.357E-14  4.025E-14  1.00E-07
  1.800E+00 3.64897E-16  4.367E-06  1.449E-08  1.244E-08 -1.439E-14  4.262E-14  1.00E-07
  1.900E+00 3.64647E-16  4.611E-06  1.449E-08  1.244E-08 -1.520E-14  4.498E-14  1.00E-07
  2.000E+00 3.64383E-16  4.856E-06  1.448E-08  1.244E-08 -1.603E-14  4.734E-14  1.00E-07
  2.100E+00 3.64107E-16  5.102E-06  1.447E-08  1.244E-08 -1.685E-14  4.970E-14  1.00E-07
  2.200E+00 3.63817E-16  5.348E-06  1.446E-08  1.243E-08 -1.768E-14  5.206E-14  1.00E-07
  2.300E+00 3.63514E-16  5.594E-06  1.445E-08  1.243E-08 -1.851E-14  5.442E-14  1.00E-07
  2.400E+00 3.63198E-16  5.841E-06  1.445E-08  1.243E-08 -1.935E-14  5.677E-14  1.00E-07
  2.500E+00 3.62869E-16  6.088E-06  1.444E-08  1.243E-08 -2.019E-14  5.913E-14  1.00E-07
  2.600E+00 3.62527E-16  6.335E-06  1.443E-08  1.243E-08 -2.103E-14  6.148E-14  1.00E-07
  2.700E+00 3.62172E-16  6.583E-06  1.442E-08  1.242E-08 -2.188E-14  6.384E-14  1.00E-07
  2.800E+00 3.61804E-16  6.832E-06  1.441E-08  1.242E-08 -2.274E-14  6.619E-14  1.00E-07
  2.900E+00 3.61423E-16  7.081E-06  1.440E-08  1.242E-08 -2.359E-14  6.854E-14  1.00E-07
  3.000E+00 3.61029E-16  7.330E-06  1.438E-08  1.242E-08 -2.446E-14  7.089E-14  1.00E-07
  3.100E+00 3.60622E-16  7.580E-06  1.437E-08  1.241E-08 -2.532E-14  7.323E-14  1.00E-07
  3.200E+00 3.60203E-16  7.831E-06  1.436E-08  1.241E-08 -2.620E-14  7.558E-14  1.00E-07
  3.300E+00 3.59771E-16  8.082E-06  1.435E-08  1.241E-08 -2.707E-14  7.793E-14  1.00E-07
  3.400E+00 3.59327E-16  8.334E-06  1.433E-08  1.240E-08 -2.796E-14  8.027E-14  1.00E-07
  3.500E+00 3.58870E-16  8.587E-06  1.432E-08  1.240E-08 -2.884E-14  8.261E-14  1.00E-07
  3.600E+00 3.58400E-16  8.840E-06  1.431E-08  1.240E-08 -2.974E-14  8.495E-14  1.00E-07
  3.700E+00 3.57918E-16  9.094E-06  1.429E-08  1.239E-08 -3.064E-14  8.729E-14  1.00E-07
  3.800E+00 3.57424E-16  9.348E-06  1.428E-08  1.239E-08 -3.155E-14  8.962E-14  1.00E-07
  3.900E+00 3.56917E-16  9.604E-06  1.427E-08  1.239E-08 -3.246E-14  9.196E-14  1.00E-07
  4.000E+00 3.56398E-16  9.860E-06  1.425E-08  1.238E-08 -3.338E-14  9.429E-14  1.00E-07
  4.100E+00 3.55868E-16  1.012E-05  1.424E-08  1.238E-08 -3.430E-14  9.662E-14  1.00E-07
  4.200E+00 3.55325E-16  1.037E-05  1.422E-08  1.237E-08 -3.523E-14  9.895E-14  1.00E-07
  4.300E+00 3.54769E-16  1.063E-05  1.420E-08  1.237E-08 -3.617E-14  1.013E-13  1.00E-07
  4.400E+00 3.54203E-16  1.089E-05  1.419E-08  1.237E-08 -3.712E-14  1.036E-13  1.00E-07
  4.500E+00 3.53624E-16  1.115E-05  1.417E-08  1.236E-08 -3.807E-14  1.059E-13  1.00E-07
  4.600E+00 3.53033E-16  1.141E-05  1.415E-08  1.236E-08 -3.903E-14  1.082E-13  1.00E-07
  4.700E+00 3.52431E-16  1.167E-05  1.414E-08  1.235E-08 -4.000E-14  1.106E-13  1.00E-07
  4.800E+00 3.51817E-16  1.194E-05  1.412E-08  1.235E-08 -4.097E-14  1.129E-13  1.00E-07
  4.900E+00 3.51192E-16  1.220E-05  1.410E-08  1.234E-08 -4.195E-14  1.152E-13  1.00E-07
  5.000E+00 3.50555E-16  1.246E-05  1.408E-08  1.234E-08 -4.294E-14  1.175E-13  1.00E-07
  5.100E+00 3.49907E-16  1.273E-05  1.406E-08  1.234E-08 -4.394E-14  1.198E-13  1.00E-07
  5.200E+00 3.49247E-16  1.299E-05  1.404E-08  1.233E-08 -4.495E-14  1.221E-13  1.00E-07
  5.300E+00 3.48576E-16  1.326E-05  1.402E-08  1.233E-08 -4.596E-14  1.244E-13  1.00E-07
  5.400E+00 3.47895E-16  1.353E-05  1.400E-08  1.232E-08 -4.698E-14  1.267E-13  1.00E-07
  5.500E+00 3.47202E-16  1.380E-05  1.398E-08  1.232E-08 -4.801E-14  1.290E-13  1.00E-07
  5.600E+00 3.46498E-16  1.407E-05  1.396E-08  1.231E-08 -4.905E-14  1.313E-13  1.00E-07
  5.700E+00 3.45784E-16  1.434E-05  1.394E-08  1.231E-08 -5.010E-14  1.336E-13  1.00E-07
  5.800E+00 3.45059E-16  1.461E-05  1.392E-08  1.230E-08 -5.116E-14  1.359E-13  1.00E-07
  5.900E+00 3.44323E-16  1.489E-05  1.390E-08  1.229E-08 -5.222E-14  1.382E-13  1.00E-07
  6.000E+00 3.43576E-16  1.516E-05  1.388E-08  1.229E-08 -5.330E-14  1.405E-13  1.00E-07
  6.100E+00 3.42819E-16  1.544E-05  1.385E-08  1.228E-08 -5.438E-14  1.428E-13  1.00E-07
  6.200E+00 3.42052E-16  1.571E-05  1.383E-08  1.228E-08 -5.548E-14  1.450E-13  1.00E-07
  6.300E+00 3.41275E-16  1.599E-05  1.381E-08  1.227E-08 -5.658E-14  1.473E-13  1.00E-07
  6.400E+00 3.40487E-16  1.627E-05  1.379E-08  1.227E-08 -5.770E-14  1.496E-13  1.00E-07
  6.500E+00 3.39689E-16  1.655E-05  1.376E-08  1.226E-08 -5.882E-14  1.519E-13  1.00E-07
  6.600E+00 3.38882E-16  1.683E-05  1.374E-08  1.225E-08 -5.995E-14  1.541E-13  1.00E-07
  6.700E+00 3.38064E-16  1.711E-05  1.371E-08  1.225E-08 -6.109E-14  1.564E-13  1.00E-07
  6.800E+00 3.37237E-16  1.740E-05  1.369E-08  1.224E-08 -6.225E-14  1.586E-13  1.00E-07
  6.900E+00 3.36400E-16  1.768E-05  1.366E-08  1.224E-08 -6.341E-14  1.609E-13  1.00E-07
  7.000E+00 3.35554E-16  1.797E-05  1.364E-08  1.223E-08 -6.458E-14  1.632E-13  1.00E-07
  7.100E+00 3.34698E-16  1.826E-05  1.361E-08  1.222E-08 -6.577E-14  1.654E-13  1.00E-07
  7.200E+00 3.33833E-16  1.855E-05  1.359E-08  1.222E-08 -6.696E-14  1.677E-13  1.00E-07
  7.300E+00 3.32959E-16  1.884E-05  1.356E-08  1.221E-08 -6.817E-14  1.699E-13  1.00E-07
  7.400E+00 3.32075E-16  1.913E-05  1.353E-08  1.220E-08 -6.938E-14  1.721E-13  1.00E-07
  7.500E+00 3.31183E-16  1.942E-05  1.351E-08  1.220E-08 -7.061E-14  1.744E-13  1.00E-07
  7.600E+00 3.30281E-16  1.972E-05  1.348E-08  1.219E-08 -7.185E-14  1.766E-13  1.00E-07
  7.700E+00 3.29371E-16  2.002E-05  1.345E-08  1.218E-08 -7.310E-14  1.788E-13  1.00E-07
  7.800E+00 3.28453E-16  2.031E-05  1.343E-08  1.217E-08 -7.436E-14  1.811E-13  1.00E-07
  7.900E+00 3.27525E-16  2.061E-05  1.340E-08  1.217E-08 -7.563E-14  1.833E-13  1.00E-07
  8.000E+00 3.26590E-16  2.092E-05  1.337E-08  1.216E-08 -7.692E-14  1.855E-13  1.00E-07
  8.100E+00 3.25646E-16  2.122E-05  1.334E-08  1.215E-08 -7.821E-14  1.877E-13  1.00E-07
  8.200E+00 3.24693E-16  2.152E-05  1.331E-08  1.214E-08 -7.952E-14  1.899E-13  1.00E-07
  8.300E+00 3.23733E-16  2.183E-05  1.328E-08  1.214E-08 -8.084E-14  1.921E-13  1.00E-07
  8.400E+00 3.22765E-16  2.214E-05  1.325E-08  1.213E-08 -8.217E-14  1.943E-13  1.00E-07
  8.500E+00 3.21788E-16  2.245E-05  1.322E-08  1.212E-08 -8.351E-14  1.965E-13  1.00E-07
  8.600E+00 3.20804E-16  2.276E-05  1.319E-08  1.211E-08 -8.486E-14  1.987E-13  1.00E-07
  8.700E+00 3.19813E-16  2.307E-05  1.316E-08  1.211E-08 -8.623E-14  2.009E-13  1.00E-07
  8.800E+00 3.18814E-16  2.338E-05  1.313E-08  1.210E-08 -8.761E-14  2.031E-13  1.00E-07
  8.900E+00 3.17807E-16  2.370E-05  1.310E-08  1.209E-08 -8.900E-14  2.053E-13  1.00E-07
  9.000E+00 3.16793E-16  2.402E-05  1.307E-08  1.208E-08 -9.041E-14  2.075E-13  1.00E-07
  9.100E+00 3.15772E-16  2.434E-05  1.304E-08  1.207E-08 -9.182E-14  2.097E-13  1.00E-07
  9.200E+00 3.14744E-16  2.466E-05  1.301E-08  1.206E-08 -9.325E-14  2.118E-13  1.00E-07
  9.300E+00 3.13709E-16  2.498E-05  1.298E-08  1.206E-08 -9.469E-14  2.140E-13  1.00E-07
  9.400E+00 3.12668E-16  2.531E-05  1.294E-08  1.205E-08 -9.615E-14  2.162E-13  1.00E-07
  9.500E+00 3.11619E-16  2.563E-05  1.291E-08  1.204E-08 -9.762E-14  2.183E-13  1.00E-07
  9.600E+00 3.10564E-16  2.596E-05  1.288E-08  1.203E-08 -9.910E-14  2.205E-13  1.00E-07
  9.700E+00 3.09503E-16  2.629E-05  1.284E-08  1.202E-08 -1.006E-13  2.226E-13  1.00E-07
  9.800E+00 3.08435E-16  2.663E-05  1.281E-08  1.201E-08 -1.021E-13  2.248E-13  1.00E-07
  9.900E+00 3.07361E-16  2.696E-05  1.278E-08  1.200E-08 -1.036E-13  2.269E-13  1.00E-07
  1.000E+01 3.06281E-16  2.730E-05  1.274E-08  1.199E-08 -1.052E-13  2.290E-13  1.00E-07
  1.025E+01 3.03554E-16  2.815E-05  1.266E-08  1.197E-08 -1.090E-13  2.344E-13  1.00E-07
  1.050E+01 3.00793E-16  2.901E-05  1.257E-08  1.195E-08 -1.130E-13  2.397E-13  1.00E-07
  1.075E+01 2.97997E-16  2.989E-05  1.248E-08  1.192E-08 -1.171E-13  2.449E-13  1.00E-07
  1.100E+01 2.95170E-16  3.078E-05  1.239E-08  1.190E-08 -1.212E-13  2.501E-13  1.00E-07
  1.125E+01 2.92313E-16  3.168E-05  1.230E-08  1.187E-08 -1.255E-13  2.553E-13  1.00E-07
  1.150E+01 2.89428E-16  3.260E-05  1.221E-08  1.185E-08 -1.298E-13  2.605E-13  1.00E-07
  1.175E+01 2.86516E-16  3.354E-05  1.211E-08  1.182E-08 -1.342E-13  2.656E-13  1.00E-07
  1.200E+01 2.83580E-16  3.449E-05  1.202E-08  1.180E-08 -1.387E-13  2.707E-13  1.00E-07
  1.225E+01 2.80622E-16  3.545E-05  1.192E-08  1.177E-08 -1.433E-13  2.758E-13  1.00E-07
  1.250E+01 2.77643E-16  3.644E-05  1.182E-08  1.174E-08 -1.480E-13  2.808E-13  1.00E-07
  1.275E+01 2.74644E-16  3.743E-05  1.172E-08  1.171E-08 -1.528E-13  2.858E-13  1.00E-07
  1.300E+01 2.71629E-16  3.845E-05  1.162E-08  1.168E-08 -1.577E-13  2.908E-13  1.00E-07
  1.325E+01 2.68598E-16  3.948E-05  1.152E-08  1.165E-08 -1.626E-13  2.957E-13  1.00E-07
  1.350E+01 2.65553E-16  4.053E-05  1.142E-08  1.163E-08 -1.677E-13  3.006E-13  1.00E-07
  1.375E+01 2.62497E-16  4.160E-05  1.132E-08  1.159E-08 -1.728E-13  3.054E-13  1.00E-07
  1.400E+01 2.59430E-16  4.269E-05  1.121E-08  1.156E-08 -1.781E-13  3.103E-13  1.00E-07
  1.425E+01 2.56354E-16  4.380E-05  1.111E-08  1.153E-08 -1.834E-13  3.150E-13  1.00E-07
  1.450E+01 2.53271E-16  4.493E-05  1.100E-08  1.150E-08 -1.889E-13  3.198E-13  1.00E-07
  1.475E+01 2.50183E-16  4.607E-05  1.089E-08  1.147E-08 -1.944E-13  3.245E-13  1.00E-07
  1.500E+01 2.47091E-16  4.724E-05  1.078E-08  1.144E-08 -2.000E-13  3.291E-13  1.00E-07
  1.525E+01 2.43996E-16  4.843E-05  1.067E-08  1.140E-08 -2.057E-13  3.337E-13  1.00E-07
  1.550E+01 2.40900E-16  4.964E-05  1.056E-08  1.137E-08 -2.116E-13  3.383E-13  1.00E-07
  1.575E+01 2.37805E-16  5.088E-05  1.045E-08  1.134E-08 -2.175E-13  3.428E-13  1.00E-07
  1.600E+01 2.34712E-16  5.213E-05  1.034E-08  1.130E-08 -2.235E-13  3.473E-13  1.00E-07
  1.625E+01 2.31623E-16  5.341E-05  1.023E-08  1.127E-08 -2.296E-13  3.518E-13  1.00E-07
  1.650E+01 2.28538E-16  5.471E-05  1.012E-08  1.123E-08 -2.358E-13  3.562E-13  1.00E-07
  1.675E+01 2.25460E-16  5.604E-05  1.001E-08  1.120E-08 -2.421E-13  3.605E-13  1.00E-07
  1.700E+01 2.22389E-16  5.739E-05  9.892E-09  1.116E-08 -2.485E-13  3.648E-13  1.00E-07
  1.725E+01 2.19326E-16  5.877E-05  9.777E-09  1.112E-08 -2.549E-13  3.691E-13  1.00E-07
  1.750E+01 2.16274E-16  6.017E-05  9.663E-09  1.109E-08 -2.615E-13  3.733E-13  1.00E-07
  1.775E+01 2.13232E-16  6.160E-05  9.548E-09  1.105E-08 -2.682E-13  3.775E-13  1.00E-07
  1.800E+01 2.10203E-16  6.305E-05  9.432E-09  1.101E-08 -2.749E-13  3.817E-13  1.00E-07
  1.825E+01 2.07187E-16  6.454E-05  9.316E-09  1.097E-08 -2.818E-13  3.857E-13  1.00E-07
  1.850E+01 2.04186E-16  6.604E-05  9.200E-09  1.093E-08 -2.887E-13  3.898E-13  1.00E-07
  1.875E+01 2.01200E-16  6.758E-05  9.083E-09  1.089E-08 -2.957E-13  3.938E-13  1.00E-07
  1.900E+01 1.98231E-16  6.915E-05  8.966E-09  1.086E-08 -3.029E-13  3.977E-13  1.00E-07
  1.925E+01 1.95279E-16  7.075E-05  8.849E-09  1.082E-08 -3.101E-13  4.016E-13  1.00E-07
  1.950E+01 1.92346E-16  7.237E-05  8.732E-09  1.077E-08 -3.174E-13  4.055E-13  1.00E-07
  1.975E+01 1.89431E-16  7.403E-05  8.615E-09  1.073E-08 -3.248E-13  4.093E-13  1.00E-07
  2.000E+01 1.86537E-16  7.572E-05  8.497E-09  1.069E-08 -3.322E-13  4.130E-13  1.00E-07
  2.025E+01 1.83664E-16  7.744E-05  8.379E-09  1.065E-08 -3.398E-13  4.167E-13  1.00E-07
  2.050E+01 1.80812E-16  7.919E-05  8.261E-09  1.061E-08 -3.474E-13  4.204E-13  1.00E-07
  2.075E+01 1.77983E-16  8.097E-05  8.143E-09  1.057E-08 -3.552E-13  4.240E-13  1.00E-07
  2.100E+01 1.75177E-16  8.279E-05  8.026E-09  1.052E-08 -3.630E-13  4.275E-13  1.00E-07
  2.125E+01 1.72395E-16  8.464E-05  7.908E-09  1.048E-08 -3.709E-13  4.310E-13  1.00E-07
  2.150E+01 1.69637E-16  8.653E-05  7.790E-09  1.044E-08 -3.789E-13  4.345E-13  1.00E-07
  2.175E+01 1.66904E-16  8.845E-05  7.672E-09  1.039E-08 -3.869E-13  4.379E-13  1.00E-07
  2.200E+01 1.64197E-16  9.041E-05  7.554E-09  1.035E-08 -3.951E-13  4.412E-13  1.00E-07
  2.225E+01 1.61515E-16  9.240E-05  7.437E-09  1.031E-08 -4.033E-13  4.445E-13  1.00E-07
  2.250E+01 1.58861E-16  9.443E-05  7.319E-09  1.026E-08 -4.116E-13  4.477E-13  1.00E-07
  2.275E+01 1.56233E-16  9.649E-05  7.202E-09  1.022E-08 -4.200E-13  4.509E-13  1.00E-07
  2.300E+01 1.53633E-16  9.860E-05  7.085E-09  1.017E-08 -4.284E-13  4.541E-13  1.00E-07
  2.325E+01 1.51061E-16  1.007E-04  6.968E-09  1.012E-08 -4.369E-13  4.571E-13  1.00E-07
  2.350E+01 1.48517E-16  1.029E-04  6.851E-09  1.008E-08 -4.455E-13  4.602E-13  1.00E-07
  2.375E+01 1.46002E-16  1.051E-04  6.735E-09  1.003E-08 -4.542E-13  4.631E-13  1.00E-07
  2.400E+01 1.43515E-16  1.074E-04  6.618E-09  9.986E-09 -4.629E-13  4.661E-13  1.00E-07
  2.425E+01 1.41058E-16  1.097E-04  6.503E-09  9.939E-09 -4.718E-13  4.689E-13  1.00E-07
  2.450E+01 1.38630E-16  1.121E-04  6.387E-09  9.891E-09 -4.806E-13  4.717E-13  1.00E-07
  2.475E+01 1.36232E-16  1.144E-04  6.272E-09  9.844E-09 -4.896E-13  4.745E-13  1.00E-07
  2.500E+01 1.33863E-16  1.169E-04  6.157E-09  9.796E-09 -4.986E-13  4.772E-13  1.00E-07
  2.550E+01 1.29216E-16  1.219E-04  5.929E-09  9.699E-09 -5.168E-13  4.824E-13  1.00E-07
  2.600E+01 1.24690E-16  1.270E-04  5.702E-09  9.601E-09 -5.353E-13  4.874E-13  1.00E-07
  2.650E+01 1.20286E-16  1.324E-04  5.477E-09  9.502E-09 -5.540E-13  4.922E-13  1.00E-07
  2.700E+01 1.16004E-16  1.379E-04  5.255E-09  9.402E-09 -5.730E-13  4.968E-13  1.00E-07
  2.750E+01 1.11844E-16  1.436E-04  5.034E-09  9.301E-09 -5.921E-13  5.011E-13  1.00E-07
  2.800E+01 1.07806E-16  1.495E-04  4.816E-09  9.199E-09 -6.115E-13  5.052E-13  1.00E-07
  2.850E+01 1.03889E-16  1.556E-04  4.600E-09  9.096E-09 -6.311E-13  5.090E-13  1.00E-07
  2.900E+01 1.00092E-16  1.619E-04  4.386E-09  8.992E-09 -6.508E-13  5.127E-13  1.00E-07
  2.950E+01 9.64137E-17  1.684E-04  4.175E-09  8.887E-09 -6.708E-13  5.161E-13  1.00E-07
  3.000E+01 9.28536E-17  1.750E-04  3.967E-09  8.781E-09 -6.909E-13  5.193E-13  1.00E-07
  3.050E+01 8.94098E-17  1.819E-04  3.762E-09  8.675E-09 -7.111E-13  5.222E-13  1.00E-07
  3.100E+01 8.60806E-17  1.890E-04  3.560E-09  8.568E-09 -7.315E-13  5.249E-13  1.00E-07
  3.150E+01 8.28641E-17  1.963E-04  3.360E-09  8.460E-09 -7.521E-13  5.274E-13  1.00E-07
  3.200E+01 7.97583E-17  2.038E-04  3.164E-09  8.352E-09 -7.727E-13  5.297E-13  1.00E-07
  3.250E+01 7.67611E-17  2.116E-04  2.970E-09  8.242E-09 -7.935E-13  5.317E-13  1.00E-07
  3.300E+01 7.38702E-17  2.195E-04  2.780E-09  8.133E-09 -8.144E-13  5.335E-13  1.00E-07
  3.350E+01 7.10833E-17  2.276E-04  2.593E-09  8.022E-09 -8.354E-13  5.350E-13  1.00E-07
  3.400E+01 6.83981E-17  2.359E-04  2.409E-09  7.912E-09 -8.564E-13  5.363E-13  1.00E-07
  3.450E+01 6.58120E-17  2.444E-04  2.229E-09  7.800E-09 -8.776E-13  5.374E-13  1.00E-07
  3.500E+01 6.33226E-17  2.531E-04  2.051E-09  7.689E-09 -8.988E-13  5.383E-13  1.00E-07
  3.550E+01 6.09272E-17  2.620E-04  1.877E-09  7.576E-09 -9.200E-13  5.389E-13  1.00E-07
  3.600E+01 5.86232E-17  2.711E-04  1.707E-09  7.464E-09 -9.413E-13  5.393E-13  1.00E-07
  3.650E+01 5.64082E-17  2.803E-04  1.540E-09  7.351E-09 -9.626E-13  5.395E-13  1.00E-07
  3.700E+01 5.42794E-17  2.898E-04  1.376E-09  7.238E-09 -9.840E-13  5.394E-13  1.00E-07
  3.750E+01 5.22342E-17  2.993E-04  1.216E-09  7.124E-09 -1.005E-12  5.392E-13  1.00E-07
  3.800E+01 5.02701E-17  3.091E-04  1.059E-09  7.011E-09 -1.027E-12  5.386E-13  1.00E-07
  3.850E+01 4.83844E-17  3.189E-04  9.055E-10  6.897E-09 -1.048E-12  5.379E-13  1.00E-07
  3.900E+01 4.65746E-17  3.289E-04  7.555E-10  6.783E-09 -1.069E-12  5.370E-13  1.00E-07
  3.950E+01 4.48381E-17  3.390E-04  6.090E-10  6.668E-09 -1.091E-12  5.358E-13  1.00E-07
  4.000E+01 4.31725E-17  3.492E-04  4.659E-10  6.554E-09 -1.112E-12  5.344E-13  1.00E-07
  4.050E+01 4.15752E-17  3.595E-04  3.262E-10  6.440E-09 -1.133E-12  5.328E-13  1.00E-07
  4.100E+01 4.00438E-17  3.698E-04  1.900E-10  6.325E-09 -1.155E-12  5.310E-13  1.00E-07
  4.150E+01 3.85760E-17  3.802E-04  5.720E-11  6.211E-09 -1.176E-12  5.290E-13  1.00E-07
  4.200E+01 3.71694E-17  3.906E-04 -7.222E-11  6.096E-09 -1.197E-12  5.267E-13  1.00E-07
  4.250E+01 3.58217E-17  4.010E-04 -1.983E-10  5.982E-09 -1.218E-12  5.243E-13  1.00E-07
  4.300E+01 3.45308E-17  4.114E-04 -3.209E-10  5.868E-09 -1.239E-12  5.216E-13  1.00E-07
  4.350E+01 3.32943E-17  4.217E-04 -4.402E-10  5.753E-09 -1.260E-12  5.187E-13  1.00E-07
  4.400E+01 3.21103E-17  4.320E-04 -5.563E-10  5.639E-09 -1.281E-12  5.157E-13  1.00E-07
  4.450E+01 3.09766E-17  4.422E-04 -6.690E-10  5.525E-09 -1.301E-12  5.124E-13  1.00E-07
  4.500E+01 2.98912E-17  4.522E-04 -7.784E-10  5.412E-09 -1.322E-12  5.089E-13  1.00E-07
  4.550E+01 2.88523E-17  4.621E-04 -8.846E-10  5.298E-09 -1.343E-12  5.053E-13  1.00E-07
  4.600E+01 2.78578E-17  4.718E-04 -9.876E-10  5.185E-09 -1.363E-12  5.014E-13  1.00E-07
  4.650E+01 2.69061E-17  4.813E-04 -1.087E-09  5.072E-09 -1.383E-12  4.974E-13  1.00E-07
  4.700E+01 2.59954E-17  4.905E-04 -1.184E-09  4.959E-09 -1.403E-12  4.931E-13  1.00E-07
  4.750E+01 2.51238E-17  4.995E-04 -1.278E-09  4.847E-09 -1.423E-12  4.887E-13  1.00E-07
  4.800E+01 2.42899E-17  5.082E-04 -1.368E-09  4.735E-09 -1.443E-12  4.841E-13  1.00E-07
  4.850E+01 2.34920E-17  5.165E-04 -1.455E-09  4.623E-09 -1.463E-12  4.793E-13  1.00E-07
  4.900E+01 2.27286E-17  5.244E-04 -1.540E-09  4.512E-09 -1.483E-12  4.744E-13  1.00E-07
  4.950E+01 2.19982E-17  5.319E-04 -1.621E-09  4.401E-09 -1.502E-12  4.692E-13  1.00E-07
  5.000E+01 2.12994E-17  5.389E-04 -1.700E-09  4.291E-09 -1.521E-12  4.639E-13  1.00E-07
  5.050E+01 2.06308E-17  5.455E-04 -1.775E-09  4.181E-09 -1.540E-12  4.585E-13  1.00E-07
  5.100E+01 1.99912E-17  5.515E-04 -1.848E-09  4.071E-09 -1.559E-12  4.528E-13  1.00E-07
  5.150E+01 1.93793E-17  5.569E-04 -1.918E-09  3.962E-09 -1.578E-12  4.470E-13  1.00E-07
  5.200E+01 1.87938E-17  5.618E-04 -1.985E-09  3.854E-09 -1.597E-12  4.411E-13  1.00E-07
  5.250E+01 1.82337E-17  5.660E-04 -2.049E-09  3.746E-09 -1.615E-12  4.350E-13  1.00E-07
  5.300E+01 1.76978E-17  5.695E-04 -2.111E-09  3.639E-09 -1.633E-12  4.287E-13  1.00E-07
  5.350E+01 1.71850E-17  5.723E-04 -2.170E-09  3.532E-09 -1.652E-12  4.223E-13  1.00E-07
  5.400E+01 1.66944E-17  5.743E-04 -2.226E-09  3.426E-09 -1.669E-12  4.157E-13  1.00E-07
  5.450E+01 1.62250E-17  5.756E-04 -2.280E-09  3.321E-09 -1.687E-12  4.090E-13  1.00E-07
  5.500E+01 1.57758E-17  5.760E-04 -2.331E-09  3.216E-09 -1.704E-12  4.022E-13  1.00E-07
  5.550E+01 1.53460E-17  5.756E-04 -2.380E-09  3.112E-09 -1.722E-12  3.952E-13  1.00E-07
  5.600E+01 1.49347E-17  5.744E-04 -2.426E-09  3.008E-09 -1.739E-12  3.881E-13  1.00E-07
  5.650E+01 1.45412E-17  5.722E-04 -2.470E-09  2.905E-09 -1.756E-12  3.809E-13  1.00E-07
  5.700E+01 1.41645E-17  5.690E-04 -2.511E-09  2.803E-09 -1.772E-12  3.735E-13  1.00E-07
  5.750E+01 1.38041E-17  5.649E-04 -2.550E-09  2.702E-09 -1.789E-12  3.661E-13  1.00E-07
  5.800E+01 1.34592E-17  5.598E-04 -2.587E-09  2.601E-09 -1.805E-12  3.585E-13  1.00E-07
  5.850E+01 1.31292E-17  5.537E-04 -2.622E-09  2.501E-09 -1.821E-12  3.507E-13  1.00E-07
  5.900E+01 1.28133E-17  5.465E-04 -2.654E-09  2.402E-09 -1.837E-12  3.429E-13  1.00E-07
  5.950E+01 1.25111E-17  5.383E-04 -2.684E-09  2.304E-09 -1.852E-12  3.350E-13  1.00E-07
  6.000E+01 1.22218E-17  5.290E-04 -2.712E-09  2.206E-09 -1.867E-12  3.269E-13  1.00E-07
  6.050E+01 1.19451E-17  5.186E-04 -2.738E-09  2.109E-09 -1.882E-12  3.188E-13  1.00E-07
  6.100E+01 1.16803E-17  5.071E-04 -2.762E-09  2.013E-09 -1.897E-12  3.105E-13  1.00E-07
  6.150E+01 1.14270E-17  4.945E-04 -2.784E-09  1.918E-09 -1.912E-12  3.022E-13  1.00E-07
  6.200E+01 1.11846E-17  4.808E-04 -2.804E-09  1.823E-09 -1.926E-12  2.938E-13  1.00E-07
  6.250E+01 1.09528E-17  4.659E-04 -2.821E-09  1.730E-09 -1.940E-12  2.853E-13  1.00E-07
  6.300E+01 1.07311E-17  4.500E-04 -2.837E-09  1.637E-09 -1.954E-12  2.767E-13  1.00E-07
  6.350E+01 1.05192E-17  4.329E-04 -2.852E-09  1.545E-09 -1.968E-12  2.680E-13  1.00E-07
  6.400E+01 1.03165E-17  4.146E-04 -2.864E-09  1.454E-09 -1.981E-12  2.592E-13  1.00E-07
  6.450E+01 1.01228E-17  3.953E-04 -2.874E-09  1.364E-09 -1.994E-12  2.504E-13  1.00E-07
  6.500E+01 9.93774E-18  3.749E-04 -2.883E-09  1.275E-09 -2.007E-12  2.415E-13  1.00E-07
  6.550E+01 9.76095E-18  3.533E-04 -2.890E-09  1.186E-09 -2.020E-12  2.325E-13  1.00E-07
  6.600E+01 9.59214E-18  3.307E-04 -2.896E-09  1.099E-09 -2.032E-12  2.235E-13  1.00E-07
  6.650E+01 9.43100E-18  3.071E-04 -2.899E-09  1.012E-09 -2.045E-12  2.144E-13  1.00E-07
  6.700E+01 9.27726E-18  2.824E-04 -2.902E-09  9.266E-10 -2.056E-12  2.052E-13  1.00E-07
  6.750E+01 9.13064E-18  2.567E-04 -2.902E-09  8.418E-10 -2.068E-12  1.960E-13  1.00E-07
  6.800E+01 8.99090E-18  2.300E-04 -2.901E-09  7.579E-10 -2.079E-12  1.868E-13  1.00E-07
  6.850E+01 8.85779E-18  2.024E-04 -2.899E-09  6.749E-10 -2.091E-12  1.775E-13  1.00E-07
  6.900E+01 8.73109E-18  1.739E-04 -2.895E-09  5.928E-10 -2.102E-12  1.681E-13  1.00E-07
  6.950E+01 8.61058E-18  1.445E-04 -2.889E-09  5.116E-10 -2.112E-12  1.587E-13  1.00E-07
  7.000E+01 8.49604E-18  1.142E-04 -2.883E-09  4.314E-10 -2.123E-12  1.493E-13  1.00E-07
  7.050E+01 8.38730E-18  8.320E-05 -2.875E-09  3.521E-10 -2.133E-12  1.399E-13  1.00E-07
  7.100E+01 8.28416E-18  5.143E-05 -2.865E-09  2.738E-10 -2.143E-12  1.304E-13  1.00E-07
  7.150E+01 8.18645E-18  1.895E-05 -2.854E-09  1.963E-10 -2.152E-12  1.209E-13  1.00E-07
  7.200E+01 8.09399E-18 -1.418E-05 -2.842E-09  1.198E-10 -2.162E-12  1.113E-13  1.00E-07
  7.250E+01 8.00663E-18 -4.791E-05 -2.829E-09  4.428E-11 -2.171E-12  1.018E-13  1.00E-07
  7.300E+01 7.92422E-18 -8.218E-05 -2.815E-09 -3.034E-11 -2.179E-12  9.219E-14  1.00E-07
  7.350E+01 7.84662E-18 -1.169E-04 -2.799E-09 -1.040E-10 -2.188E-12  8.260E-14  1.00E-07
  7.400E+01 7.77368E-18 -1.521E-04 -2.783E-09 -1.768E-10 -2.196E-12  7.300E-14  1.00E-07
  7.450E+01 7.70528E-18 -1.877E-04 -2.765E-09 -2.486E-10 -2.204E-12  6.339E-14  1.00E-07
  7.500E+01 7.64129E-18 -2.236E-04 -2.746E-09 -3.194E-10 -2.212E-12  5.377E-14  1.00E-07
  7.550E+01 7.58160E-18 -2.597E-04 -2.726E-09 -3.893E-10 -2.220E-12  4.416E-14  1.00E-07
  7.600E+01 7.52609E-18 -2.961E-04 -2.705E-09 -4.583E-10 -2.227E-12  3.454E-14  1.00E-07
  7.650E+01 7.47466E-18 -3.326E-04 -2.683E-09 -5.264E-10 -2.234E-12  2.493E-14  1.00E-07
  7.700E+01 7.42720E-18 -3.691E-04 -2.660E-09 -5.935E-10 -2.241E-12  1.533E-14  1.00E-07
  7.750E+01 7.38361E-18 -4.057E-04 -2.636E-09 -6.596E-10 -2.247E-12  5.733E-15  1.00E-07
  7.800E+01 7.34381E-18 -4.422E-04 -2.611E-09 -7.249E-10 -2.254E-12 -3.849E-15  1.00E-07
  7.850E+01 7.30770E-18 -4.786E-04 -2.586E-09 -7.892E-10 -2.260E-12 -1.341E-14  1.00E-07
  7.900E+01 7.27520E-18 -5.148E-04 -2.559E-09 -8.525E-10 -2.266E-12 -2.296E-14  1.00E-07
  7.950E+01 7.24622E-18 -5.508E-04 -2.532E-09 -9.150E-10 -2.271E-12 -3.249E-14  1.00E-07
  8.000E+01 7.22070E-18 -5.866E-04 -2.503E-09 -9.765E-10 -2.276E-12 -4.199E-14  1.00E-07
  8.050E+01 7.19854E-18 -6.219E-04 -2.474E-09 -1.037E-09 -2.281E-12 -5.146E-14  1.00E-07
  8.100E+01 7.17968E-18 -6.569E-04 -2.445E-09 -1.097E-09 -2.286E-12 -6.091E-14  1.00E-07
  8.150E+01 7.16406E-18 -6.915E-04 -2.414E-09 -1.155E-09 -2.291E-12 -7.032E-14  1.00E-07
  8.200E+01 7.15159E-18 -7.256E-04 -2.383E-09 -1.213E-09 -2.295E-12 -7.970E-14  1.00E-07
  8.250E+01 7.14223E-18 -7.591E-04 -2.351E-09 -1.270E-09 -2.299E-12 -8.904E-14  1.00E-07
  8.300E+01 7.13590E-18 -7.920E-04 -2.319E-09 -1.326E-09 -2.303E-12 -9.834E-14  1.00E-07
  8.350E+01 7.13255E-18 -8.243E-04 -2.286E-09 -1.381E-09 -2.306E-12 -1.076E-13  1.00E-07
  8.400E+01 7.13212E-18 -8.559E-04 -2.252E-09 -1.436E-09 -2.309E-12 -1.168E-13  1.00E-07
  8.450E+01 7.13455E-18 -8.868E-04 -2.218E-09 -1.489E-09 -2.312E-12 -1.260E-13  1.00E-07
  8.500E+01 7.13979E-18 -9.170E-04 -2.183E-09 -1.541E-09 -2.315E-12 -1.351E-13  1.00E-07
  8.550E+01 7.14779E-18 -9.464E-04 -2.147E-09 -1.593E-09 -2.318E-12 -1.442E-13  1.00E-07
  8.600E+01 7.15849E-18 -9.750E-04 -2.111E-09 -1.644E-09 -2.320E-12 -1.532E-13  1.00E-07
  8.650E+01 7.17185E-18 -1.003E-03 -2.075E-09 -1.693E-09 -2.322E-12 -1.621E-13  1.00E-07
  8.700E+01 7.18781E-18 -1.030E-03 -2.038E-09 -1.742E-09 -2.324E-12 -1.710E-13  1.00E-07
  8.750E+01 7.20634E-18 -1.056E-03 -2.000E-09 -1.791E-09 -2.325E-12 -1.798E-13  1.00E-07
  8.800E+01 7.22737E-18 -1.081E-03 -1.962E-09 -1.838E-09 -2.326E-12 -1.886E-13  1.00E-07
  8.850E+01 7.25088E-18 -1.105E-03 -1.924E-09 -1.884E-09 -2.327E-12 -1.973E-13  1.00E-07
  8.900E+01 7.27681E-18 -1.128E-03 -1.885E-09 -1.930E-09 -2.328E-12 -2.059E-13  1.00E-07
  8.950E+01 7.30513E-18 -1.150E-03 -1.846E-09 -1.974E-09 -2.329E-12 -2.145E-13  1.00E-07
  9.000E+01 7.33578E-18 -1.172E-03 -1.806E-09 -2.018E-09 -2.329E-12 -2.230E-13  1.00E-07
  9.050E+01 7.36873E-18 -1.192E-03 -1.766E-09 -2.061E-09 -2.329E-12 -2.314E-13  1.00E-07
  9.100E+01 7.40394E-18 -1.212E-03 -1.726E-09 -2.103E-09 -2.329E-12 -2.397E-13  1.00E-07
  9.150E+01 7.44137E-18 -1.230E-03 -1.686E-09 -2.145E-09 -2.329E-12 -2.480E-13  1.00E-07
  9.200E+01 7.48098E-18 -1.248E-03 -1.645E-09 -2.185E-09 -2.328E-12 -2.562E-13  1.00E-07
  9.250E+01 7.52273E-18 -1.264E-03 -1.604E-09 -2.225E-09 -2.327E-12 -2.643E-13  1.00E-07
  9.300E+01 7.56659E-18 -1.280E-03 -1.562E-09 -2.264E-09 -2.326E-12 -2.723E-13  1.00E-07
  9.350E+01 7.61251E-18 -1.294E-03 -1.520E-09 -2.302E-09 -2.325E-12 -2.802E-13  1.00E-07
  9.400E+01 7.66045E-18 -1.308E-03 -1.478E-09 -2.340E-09 -2.324E-12 -2.880E-13  1.00E-07
  9.450E+01 7.71039E-18 -1.321E-03 -1.436E-09 -2.376E-09 -2.322E-12 -2.958E-13  1.00E-07
  9.500E+01 7.76229E-18 -1.333E-03 -1.394E-09 -2.412E-09 -2.320E-12 -3.034E-13  1.00E-07
  9.550E+01 7.81610E-18 -1.344E-03 -1.351E-09 -2.447E-09 -2.318E-12 -3.110E-13  1.00E-07
  9.600E+01 7.87180E-18 -1.354E-03 -1.308E-09 -2.482E-09 -2.315E-12 -3.185E-13  1.00E-07
  9.650E+01 7.92935E-18 -1.363E-03 -1.266E-09 -2.516E-09 -2.313E-12 -3.259E-13  1.00E-07
  9.700E+01 7.98872E-18 -1.372E-03 -1.222E-09 -2.548E-09 -2.310E-12 -3.331E-13  1.00E-07
  9.750E+01 8.04986E-18 -1.379E-03 -1.179E-09 -2.581E-09 -2.307E-12 -3.403E-13  1.00E-07
  9.800E+01 8.11275E-18 -1.386E-03 -1.136E-09 -2.612E-09 -2.304E-12 -3.474E-13  1.00E-07
  9.850E+01 8.17736E-18 -1.392E-03 -1.092E-09 -2.643E-09 -2.300E-12 -3.544E-13  1.00E-07
  9.900E+01 8.24364E-18 -1.397E-03 -1.049E-09 -2.673E-09 -2.296E-12 -3.613E-13  1.00E-07
  9.950E+01 8.31157E-18 -1.402E-03 -1.005E-09 -2.702E-09 -2.292E-12 -3.680E-13  1.00E-07
  1.000E+02 8.38111E-18 -1.405E-03 -9.613E-10 -2.731E-09 -2.288E-12 -3.747E-13  1.00E-07
  1.005E+02 8.45222E-18 -1.408E-03 -9.175E-10 -2.759E-09 -2.284E-12 -3.812E-13  1.00E-07
  1.010E+02 8.52489E-18 -1.410E-03 -8.736E-10 -2.786E-09 -2.280E-12 -3.877E-13  1.00E-07
  1.015E+02 8.59907E-18 -1.412E-03 -8.297E-10 -2.813E-09 -2.275E-12 -3.940E-13  1.00E-07
  1.020E+02 8.67473E-18 -1.413E-03 -7.857E-10 -2.839E-09 -2.270E-12 -4.003E-13  1.00E-07
  1.025E+02 8.75183E-18 -1.413E-03 -7.418E-10 -2.864E-09 -2.265E-12 -4.064E-13  1.00E-07
  1.030E+02 8.83035E-18 -1.413E-03 -6.978E-10 -2.889E-09 -2.259E-12 -4.124E-13  1.00E-07
  1.035E+02 8.91026E-18 -1.412E-03 -6.538E-10 -2.913E-09 -2.254E-12 -4.183E-13  1.00E-07
  1.040E+02 8.99152E-18 -1.411E-03 -6.098E-10 -2.936E-09 -2.248E-12 -4.240E-13  1.00E-07
  1.045E+02 9.07410E-18 -1.409E-03 -5.659E-10 -2.959E-09 -2.242E-12 -4.297E-13  1.00E-07
  1.050E+02 9.15796E-18 -1.406E-03 -5.219E-10 -2.981E-09 -2.236E-12 -4.352E-13  1.00E-07
  1.055E+02 9.24308E-18 -1.403E-03 -4.781E-10 -3.002E-09 -2.230E-12 -4.406E-13  1.00E-07
  1.060E+02 9.32943E-18 -1.400E-03 -4.342E-10 -3.023E-09 -2.223E-12 -4.459E-13  1.00E-07
  1.065E+02 9.41697E-18 -1.396E-03 -3.904E-10 -3.044E-09 -2.217E-12 -4.511E-13  1.00E-07
  1.070E+02 9.50567E-18 -1.391E-03 -3.467E-10 -3.064E-09 -2.210E-12 -4.562E-13  1.00E-07
  1.075E+02 9.59550E-18 -1.386E-03 -3.031E-10 -3.083E-09 -2.203E-12 -4.611E-13  1.00E-07
  1.080E+02 9.68643E-18 -1.381E-03 -2.595E-10 -3.101E-09 -2.196E-12 -4.660E-13  1.00E-07
  1.085E+02 9.77843E-18 -1.375E-03 -2.161E-10 -3.120E-09 -2.188E-12 -4.706E-13  1.00E-07
  1.090E+02 9.87146E-18 -1.369E-03 -1.727E-10 -3.137E-09 -2.181E-12 -4.752E-13  1.00E-07
  1.095E+02 9.96551E-18 -1.363E-03 -1.294E-10 -3.154E-09 -2.173E-12 -4.797E-13  1.00E-07
  1.100E+02 1.00605E-17 -1.356E-03 -8.631E-11 -3.171E-09 -2.165E-12 -4.840E-13  1.00E-07
  1.105E+02 1.01565E-17 -1.349E-03 -4.330E-11 -3.187E-09 -2.157E-12 -4.882E-13  1.00E-07
  1.110E+02 1.02534E-17 -1.342E-03 -4.173E-13 -3.202E-09 -2.149E-12 -4.923E-13  1.00E-07
  1.115E+02 1.03511E-17 -1.334E-03  4.233E-11 -3.217E-09 -2.140E-12 -4.962E-13  1.00E-07
  1.120E+02 1.04497E-17 -1.326E-03  8.492E-11 -3.231E-09 -2.131E-12 -5.000E-13  1.00E-07
  1.125E+02 1.05492E-17 -1.318E-03  1.274E-10 -3.245E-09 -2.123E-12 -5.037E-13  1.00E-07
  1.130E+02 1.06494E-17 -1.310E-03  1.697E-10 -3.259E-09 -2.114E-12 -5.073E-13  1.00E-07
  1.135E+02 1.07504E-17 -1.301E-03  2.118E-10 -3.272E-09 -2.105E-12 -5.107E-13  1.00E-07
  1.140E+02 1.08521E-17 -1.292E-03  2.537E-10 -3.284E-09 -2.095E-12 -5.140E-13  1.00E-07
  1.145E+02 1.09545E-17 -1.283E-03  2.955E-10 -3.297E-09 -2.086E-12 -5.172E-13  1.00E-07
  1.150E+02 1.10576E-17 -1.274E-03  3.371E-10 -3.308E-09 -2.076E-12 -5.202E-13  1.00E-07
  1.155E+02 1.11613E-17 -1.265E-03  3.785E-10 -3.319E-09 -2.066E-12 -5.231E-13  1.00E-07
  1.160E+02 1.12657E-17 -1.255E-03  4.197E-10 -3.330E-09 -2.056E-12 -5.259E-13  1.00E-07
  1.165E+02 1.13706E-17 -1.245E-03  4.607E-10 -3.340E-09 -2.046E-12 -5.286E-13  1.00E-07
  1.170E+02 1.14761E-17 -1.235E-03  5.015E-10 -3.350E-09 -2.036E-12 -5.311E-13  1.00E-07
  1.175E+02 1.15821E-17 -1.225E-03  5.421E-10 -3.360E-09 -2.026E-12 -5.335E-13  1.00E-07
  1.180E+02 1.16886E-17 -1.215E-03  5.824E-10 -3.369E-09 -2.015E-12 -5.358E-13  1.00E-07
  1.185E+02 1.17956E-17 -1.205E-03  6.226E-10 -3.378E-09 -2.005E-12 -5.379E-13  1.00E-07
  1.190E+02 1.19030E-17 -1.194E-03  6.625E-10 -3.386E-09 -1.994E-12 -5.399E-13  1.00E-07
  1.195E+02 1.20108E-17 -1.184E-03  7.022E-10 -3.394E-09 -1.983E-12 -5.418E-13  1.00E-07
  1.200E+02 1.21190E-17 -1.173E-03  7.417E-10 -3.401E-09 -1.972E-12 -5.435E-13  1.00E-07
  1.205E+02 1.22275E-17 -1.163E-03  7.809E-10 -3.408E-09 -1.960E-12 -5.451E-13  1.00E-07
  1.210E+02 1.23364E-17 -1.152E-03  8.199E-10 -3.415E-09 -1.949E-12 -5.466E-13  1.00E-07
  1.215E+02 1.24455E-17 -1.141E-03  8.586E-10 -3.422E-09 -1.937E-12 -5.480E-13  1.00E-07
  1.220E+02 1.25549E-17 -1.130E-03  8.970E-10 -3.428E-09 -1.926E-12 -5.492E-13  1.00E-07
  1.225E+02 1.26646E-17 -1.119E-03  9.353E-10 -3.434E-09 -1.914E-12 -5.503E-13  1.00E-07
  1.230E+02 1.27745E-17 -1.108E-03  9.732E-10 -3.439E-09 -1.902E-12 -5.512E-13  1.00E-07
  1.235E+02 1.28845E-17 -1.097E-03  1.011E-09 -3.444E-09 -1.890E-12 -5.521E-13  1.00E-07
  1.240E+02 1.29947E-17 -1.086E-03  1.048E-09 -3.449E-09 -1.878E-12 -5.528E-13  1.00E-07
  1.245E+02 1.31050E-17 -1.075E-03  1.085E-09 -3.454E-09 -1.865E-12 -5.533E-13  1.00E-07
  1.250E+02 1.32154E-17 -1.064E-03  1.122E-09 -3.458E-09 -1.853E-12 -5.538E-13  1.00E-07
  1.255E+02 1.33259E-17 -1.052E-03  1.159E-09 -3.462E-09 -1.840E-12 -5.541E-13  1.00E-07
  1.260E+02 1.34365E-17 -1.041E-03  1.195E-09 -3.465E-09 -1.827E-12 -5.543E-13  1.00E-07
  1.265E+02 1.35470E-17 -1.030E-03  1.231E-09 -3.469E-09 -1.815E-12 -5.543E-13  1.00E-07
  1.270E+02 1.36576E-17 -1.019E-03  1.267E-09 -3.472E-09 -1.802E-12 -5.543E-13  1.00E-07
  1.275E+02 1.37681E-17 -1.007E-03  1.303E-09 -3.474E-09 -1.788E-12 -5.541E-13  1.00E-07
  1.280E+02 1.38785E-17 -9.962E-04  1.338E-09 -3.477E-09 -1.775E-12 -5.537E-13  1.00E-07
  1.285E+02 1.39889E-17 -9.850E-04  1.373E-09 -3.479E-09 -1.762E-12 -5.533E-13  1.00E-07
  1.290E+02 1.40991E-17 -9.737E-04  1.407E-09 -3.481E-09 -1.748E-12 -5.527E-13  1.00E-07
  1.295E+02 1.42092E-17 -9.625E-04  1.441E-09 -3.483E-09 -1.735E-12 -5.520E-13  1.00E-07
  1.300E+02 1.43191E-17 -9.513E-04  1.475E-09 -3.485E-09 -1.721E-12 -5.512E-13  1.00E-07
  1.305E+02 1.44289E-17 -9.401E-04  1.509E-09 -3.486E-09 -1.707E-12 -5.502E-13  1.00E-07
  1.310E+02 1.45384E-17 -9.289E-04  1.543E-09 -3.487E-09 -1.693E-12 -5.491E-13  1.00E-07
  1.315E+02 1.46476E-17 -9.177E-04  1.576E-09 -3.488E-09 -1.679E-12 -5.479E-13  1.00E-07
  1.320E+02 1.47566E-17 -9.065E-04  1.608E-09 -3.489E-09 -1.665E-12 -5.466E-13  1.00E-07
  1.325E+02 1.48653E-17 -8.954E-04  1.641E-09 -3.489E-09 -1.651E-12 -5.452E-13  1.00E-07
  1.330E+02 1.49737E-17 -8.843E-04  1.673E-09 -3.489E-09 -1.637E-12 -5.436E-13  1.00E-07
  1.335E+02 1.50818E-17 -8.732E-04  1.705E-09 -3.489E-09 -1.622E-12 -5.419E-13  1.00E-07
  1.340E+02 1.51894E-17 -8.621E-04  1.736E-09 -3.489E-09 -1.608E-12 -5.401E-13  1.00E-07
  1.345E+02 1.52967E-17 -8.511E-04  1.767E-09 -3.489E-09 -1.593E-12 -5.382E-13  1.00E-07
  1.350E+02 1.54036E-17 -8.401E-04  1.798E-09 -3.489E-09 -1.578E-12 -5.361E-13  1.00E-07
  1.355E+02 1.55100E-17 -8.291E-04  1.829E-09 -3.488E-09 -1.564E-12 -5.339E-13  1.00E-07
  1.360E+02 1.56160E-17 -8.182E-04  1.859E-09 -3.487E-09 -1.549E-12 -5.317E-13  1.00E-07
  1.365E+02 1.57215E-17 -8.073E-04  1.889E-09 -3.486E-09 -1.534E-12 -5.292E-13  1.00E-07
  1.370E+02 1.58264E-17 -7.965E-04  1.918E-09 -3.485E-09 -1.518E-12 -5.267E-13  1.00E-07
  1.375E+02 1.59309E-17 -7.856E-04  1.948E-09 -3.484E-09 -1.503E-12 -5.241E-13  1.00E-07
  1.380E+02 1.60347E-17 -7.749E-04  1.977E-09 -3.483E-09 -1.488E-12 -5.213E-13  1.00E-07
  1.385E+02 1.61380E-17 -7.641E-04  2.005E-09 -3.481E-09 -1.473E-12 -5.185E-13  1.00E-07
  1.390E+02 1.62407E-17 -7.534E-04  2.033E-09 -3.479E-09 -1.457E-12 -5.155E-13  1.00E-07
  1.395E+02 1.63428E-17 -7.428E-04  2.061E-09 -3.478E-09 -1.442E-12 -5.124E-13  1.00E-07
  1.400E+02 1.64442E-17 -7.321E-04  2.089E-09 -3.476E-09 -1.426E-12 -5.092E-13  1.00E-07
  1.405E+02 1.65450E-17 -7.216E-04  2.116E-09 -3.474E-09 -1.410E-12 -5.059E-13  1.00E-07
  1.410E+02 1.66451E-17 -7.110E-04  2.143E-09 -3.472E-09 -1.394E-12 -5.025E-13  1.00E-07
  1.415E+02 1.67444E-17 -7.005E-04  2.170E-09 -3.469E-09 -1.378E-12 -4.990E-13  1.00E-07
  1.420E+02 1.68431E-17 -6.901E-04  2.196E-09 -3.467E-09 -1.362E-12 -4.953E-13  1.00E-07
  1.425E+02 1.69409E-17 -6.797E-04  2.222E-09 -3.465E-09 -1.346E-12 -4.916E-13  1.00E-07
  1.430E+02 1.70381E-17 -6.693E-04  2.247E-09 -3.462E-09 -1.330E-12 -4.878E-13  1.00E-07
  1.435E+02 1.71344E-17 -6.590E-04  2.272E-09 -3.460E-09 -1.314E-12 -4.838E-13  1.00E-07
  1.440E+02 1.72299E-17 -6.487E-04  2.297E-09 -3.457E-09 -1.298E-12 -4.798E-13  1.00E-07
  1.445E+02 1.73246E-17 -6.385E-04  2.322E-09 -3.454E-09 -1.281E-12 -4.756E-13  1.00E-07
  1.450E+02 1.74184E-17 -6.283E-04  2.346E-09 -3.452E-09 -1.265E-12 -4.714E-13  1.00E-07
  1.455E+02 1.75113E-17 -6.182E-04  2.370E-09 -3.449E-09 -1.248E-12 -4.670E-13  1.00E-07
  1.460E+02 1.76034E-17 -6.081E-04  2.393E-09 -3.446E-09 -1.232E-12 -4.626E-13  1.00E-07
  1.465E+02 1.76945E-17 -5.980E-04  2.417E-09 -3.443E-09 -1.215E-12 -4.580E-13  1.00E-07
  1.470E+02 1.77848E-17 -5.880E-04  2.440E-09 -3.440E-09 -1.198E-12 -4.534E-13  1.00E-07
  1.475E+02 1.78740E-17 -5.780E-04  2.462E-09 -3.437E-09 -1.182E-12 -4.486E-13  1.00E-07
  1.480E+02 1.79623E-17 -5.681E-04  2.484E-09 -3.434E-09 -1.165E-12 -4.438E-13  1.00E-07
  1.485E+02 1.80497E-17 -5.582E-04  2.506E-09 -3.431E-09 -1.148E-12 -4.389E-13  1.00E-07
  1.490E+02 1.81360E-17 -5.484E-04  2.527E-09 -3.428E-09 -1.131E-12 -4.339E-13  1.00E-07
  1.495E+02 1.82213E-17 -5.386E-04  2.549E-09 -3.424E-09 -1.114E-12 -4.288E-13  1.00E-07
  1.500E+02 1.83056E-17 -5.289E-04  2.569E-09 -3.421E-09 -1.097E-12 -4.236E-13  1.00E-07
  1.505E+02 1.83888E-17 -5.192E-04  2.590E-09 -3.418E-09 -1.080E-12 -4.183E-13  1.00E-07
  1.510E+02 1.84709E-17 -5.095E-04  2.610E-09 -3.415E-09 -1.062E-12 -4.129E-13  1.00E-07
  1.515E+02 1.85520E-17 -4.999E-04  2.630E-09 -3.411E-09 -1.045E-12 -4.075E-13  1.00E-07
  1.520E+02 1.86320E-17 -4.903E-04  2.649E-09 -3.408E-09 -1.028E-12 -4.019E-13  1.00E-07
  1.525E+02 1.87108E-17 -4.808E-04  2.668E-09 -3.405E-09 -1.010E-12 -3.963E-13  1.00E-07
  1.530E+02 1.87885E-17 -4.713E-04  2.687E-09 -3.401E-09 -9.930E-13 -3.906E-13  1.00E-07
  1.535E+02 1.88651E-17 -4.618E-04  2.705E-09 -3.398E-09 -9.755E-13 -3.848E-13  1.00E-07
  1.540E+02 1.89405E-17 -4.524E-04  2.723E-09 -3.395E-09 -9.580E-13 -3.789E-13  1.00E-07
  1.545E+02 1.90147E-17 -4.430E-04  2.741E-09 -3.392E-09 -9.404E-13 -3.730E-13  1.00E-07
  1.550E+02 1.90878E-17 -4.337E-04  2.758E-09 -3.388E-09 -9.228E-13 -3.670E-13  1.00E-07
  1.555E+02 1.91596E-17 -4.243E-04  2.775E-09 -3.385E-09 -9.051E-13 -3.609E-13  1.00E-07
  1.560E+02 1.92302E-17 -4.151E-04  2.792E-09 -3.382E-09 -8.873E-13 -3.547E-13  1.00E-07
  1.565E+02 1.92995E-17 -4.058E-04  2.808E-09 -3.379E-09 -8.695E-13 -3.485E-13  1.00E-07
  1.570E+02 1.93677E-17 -3.966E-04  2.824E-09 -3.375E-09 -8.517E-13 -3.421E-13  1.00E-07
  1.575E+02 1.94345E-17 -3.875E-04  2.840E-09 -3.372E-09 -8.338E-13 -3.358E-13  1.00E-07
  1.580E+02 1.95001E-17 -3.784E-04  2.855E-09 -3.369E-09 -8.159E-13 -3.293E-13  1.00E-07
  1.585E+02 1.95644E-17 -3.693E-04  2.870E-09 -3.366E-09 -7.980E-13 -3.228E-13  1.00E-07
  1.590E+02 1.96274E-17 -3.602E-04  2.884E-09 -3.363E-09 -7.800E-13 -3.162E-13  1.00E-07
  1.595E+02 1.96890E-17 -3.512E-04  2.899E-09 -3.360E-09 -7.619E-13 -3.096E-13  1.00E-07
  1.600E+02 1.97494E-17 -3.422E-04  2.912E-09 -3.357E-09 -7.438E-13 -3.028E-13  1.00E-07
  1.605E+02 1.98084E-17 -3.332E-04  2.926E-09 -3.354E-09 -7.257E-13 -2.961E-13  1.00E-07
  1.610E+02 1.98661E-17 -3.243E-04  2.939E-09 -3.351E-09 -7.076E-13 -2.892E-13  1.00E-07
  1.615E+02 1.99224E-17 -3.154E-04  2.952E-09 -3.348E-09 -6.894E-13 -2.823E-13  1.00E-07
  1.620E+02 1.99773E-17 -3.065E-04  2.964E-09 -3.345E-09 -6.712E-13 -2.754E-13  1.00E-07
  1.625E+02 2.00308E-17 -2.976E-04  2.977E-09 -3.342E-09 -6.529E-13 -2.684E-13  1.00E-07
  1.630E+02 2.00830E-17 -2.888E-04  2.988E-09 -3.340E-09 -6.346E-13 -2.613E-13  1.00E-07
  1.635E+02 2.01338E-17 -2.800E-04  3.000E-09 -3.337E-09 -6.163E-13 -2.542E-13  1.00E-07
  1.640E+02 2.01831E-17 -2.713E-04  3.011E-09 -3.334E-09 -5.979E-13 -2.471E-13  1.00E-07
  1.645E+02 2.02310E-17 -2.625E-04  3.022E-09 -3.332E-09 -5.795E-13 -2.399E-13  1.00E-07
  1.650E+02 2.02775E-17 -2.538E-04  3.032E-09 -3.329E-09 -5.611E-13 -2.326E-13  1.00E-07
  1.655E+02 2.03226E-17 -2.451E-04  3.042E-09 -3.327E-09 -5.427E-13 -2.253E-13  1.00E-07
  1.660E+02 2.03662E-17 -2.365E-04  3.052E-09 -3.324E-09 -5.242E-13 -2.179E-13  1.00E-07
  1.665E+02 2.04084E-17 -2.278E-04  3.061E-09 -3.322E-09 -5.057E-13 -2.105E-13  1.00E-07
  1.670E+02 2.04491E-17 -2.192E-04  3.071E-09 -3.320E-09 -4.872E-13 -2.031E-13  1.00E-07
  1.675E+02 2.04883E-17 -2.106E-04  3.079E-09 -3.318E-09 -4.687E-13 -1.956E-13  1.00E-07
  1.680E+02 2.05260E-17 -2.020E-04  3.088E-09 -3.316E-09 -4.501E-13 -1.881E-13  1.00E-07
  1.685E+02 2.05623E-17 -1.934E-04  3.096E-09 -3.314E-09 -4.315E-13 -1.806E-13  1.00E-07
  1.690E+02 2.05971E-17 -1.849E-04  3.103E-09 -3.312E-09 -4.129E-13 -1.730E-13  1.00E-07
  1.695E+02 2.06303E-17 -1.764E-04  3.111E-09 -3.310E-09 -3.943E-13 -1.653E-13  1.00E-07
  1.700E+02 2.06621E-17 -1.679E-04  3.118E-09 -3.308E-09 -3.756E-13 -1.577E-13  1.00E-07
  1.705E+02 2.06924E-17 -1.594E-04  3.124E-09 -3.306E-09 -3.570E-13 -1.500E-13  1.00E-07
  1.710E+02 2.07211E-17 -1.509E-04  3.131E-09 -3.305E-09 -3.383E-13 -1.423E-13  1.00E-07
  1.715E+02 2.07483E-17 -1.424E-04  3.137E-09 -3.303E-09 -3.196E-13 -1.345E-13  1.00E-07
  1.720E+02 2.07740E-17 -1.340E-04  3.142E-09 -3.302E-09 -3.008E-13 -1.268E-13  1.00E-07
  1.725E+02 2.07982E-17 -1.255E-04  3.148E-09 -3.300E-09 -2.821E-13 -1.190E-13  1.00E-07
  1.730E+02 2.08208E-17 -1.171E-04  3.153E-09 -3.299E-09 -2.634E-13 -1.111E-13  1.00E-07
  1.735E+02 2.08418E-17 -1.087E-04  3.157E-09 -3.298E-09 -2.446E-13 -1.033E-13  1.00E-07
  1.740E+02 2.08614E-17 -1.003E-04  3.161E-09 -3.297E-09 -2.258E-13 -9.542E-14  1.00E-07
  1.745E+02 2.08794E-17 -9.190E-05  3.165E-09 -3.295E-09 -2.071E-13 -8.754E-14  1.00E-07
  1.750E+02 2.08958E-17 -8.352E-05  3.169E-09 -3.295E-09 -1.883E-13 -7.963E-14  1.00E-07
  1.755E+02 2.09107E-17 -7.514E-05  3.172E-09 -3.294E-09 -1.695E-13 -7.172E-14  1.00E-07
  1.760E+02 2.09240E-17 -6.678E-05  3.175E-09 -3.293E-09 -1.507E-13 -6.378E-14  1.00E-07
  1.765E+02 2.09357E-17 -5.842E-05  3.178E-09 -3.292E-09 -1.318E-13 -5.584E-14  1.00E-07
  1.770E+02 2.09459E-17 -5.006E-05  3.180E-09 -3.292E-09 -1.130E-13 -4.788E-14  1.00E-07
  1.775E+02 2.09545E-17 -4.171E-05  3.182E-09 -3.291E-09 -9.419E-14 -3.992E-14  1.00E-07
  1.780E+02 2.09616E-17 -3.336E-05  3.183E-09 -3.291E-09 -7.536E-14 -3.194E-14  1.00E-07
  1.785E+02 2.09671E-17 -2.502E-05  3.184E-09 -3.290E-09 -5.652E-14 -2.396E-14  1.00E-07
  1.790E+02 2.09710E-17 -1.668E-05  3.185E-09 -3.290E-09 -3.768E-14 -1.598E-14  1.00E-07
  1.795E+02 2.09734E-17 -8.338E-06  3.186E-09 -3.290E-09 -1.884E-14 -7.990E-15  1.00E-07
  1.800E+02 2.09742E-17 -1.170E-19  3.186E-09 -3.290E-09 -2.644E-28 -1.121E-28  1.00E-07

  TOTAL ELASTIC CROSS SECTION = 3.459668E-16 cm**2
               FROM DCS TABLE = 3.459604E-16  (REL. DIF. = 1.85E-05)

  1ST TRANSPORT CROSS SECTION = 1.750908E-16 cm**2
               FROM DCS TABLE = 1.750911E-16  (REL. DIF. = 1.84E-06)

  2ND TRANSPORT CROSS SECTION = 1.795125E-16 cm**2

  **** DPWA0 ENDED ************************************************************

