

  **** PARTIAL WAVE ANALYSIS (DPWA0) ******************************************


  KINETIC ENERGY = 9.20000E+01 eV

      L       PHASE(SPIN UP)     PHASE(SPIN DOWN)
  -----------------------------------------------
       0     -3.30139274E-02      0.00000000E+00
       1      1.56262552E+00      1.56364651E+00
       2      6.95325701E-01      6.95503494E-01
       3      3.11107046E-01      3.11164597E-01
       4      1.42379721E-01      1.42402784E-01
       5      6.67347619E-02      6.67448729E-02
       6      3.18668821E-02      3.18715270E-02
       7      1.54303105E-02      1.54325037E-02
       8      7.55197444E-03      7.55302854E-03
       9      3.72789502E-03      3.72840808E-03
      10      1.85323385E-03      1.85348599E-03
      11      9.26760699E-04      9.26885583E-04
      12      4.65777774E-04      4.65840030E-04
      13      2.35086717E-04      2.35117923E-04
      14      1.19076145E-04      1.19091860E-04
      15      6.04943155E-05      6.05022601E-05
      16      3.08088537E-05      3.08128835E-05
      17      1.57222647E-05      1.57243143E-05
      18      8.03651057E-06      8.03755546E-06
      19      4.11330937E-06      4.11384303E-06
      20      2.10749729E-06      2.10777025E-06
      21      1.08067234E-06      1.08081213E-06
      22      5.54483473E-07      5.54555119E-07
      23      2.84630475E-07      2.84667230E-07
      24      1.46155598E-07      1.46174460E-07
      25      7.50661009E-08      7.50757867E-08
      26      3.85592003E-08      3.85641720E-08
      27      1.98078759E-08      1.98104270E-08
      28      1.01753492E-08      1.01766592E-08
      29      5.22681927E-09      5.22749243E-09
      30      2.68462703E-09      2.68497303E-09
      31      1.37876209E-09      1.37893997E-09
      32      7.08016974E-10      7.08110103E-10
      33      3.63502671E-10      3.63553780E-10


  *** SCATTERING AMPLITUDES AND DIFFERENTIAL CROSS SECTION ***

    ANGLE      DCS       ASYMMETRY    DIRECT AMPLITUDE       SPIN-FLIP AMPLITUDE     ERROR
    (deg)   (cm**2/sr)                      (cm)                    (cm)
  -------------------------------------------------------------------------------------------
  0.000E+00 3.74764E-16  0.000E+00  1.509E-08  1.212E-08  0.000E+00  0.000E+00  1.00E-07
  1.000E-04 3.74764E-16  2.436E-10  1.509E-08  1.212E-08 -7.006E-20  2.968E-18  1.00E-07
  1.250E-04 3.74764E-16  3.045E-10  1.509E-08  1.212E-08 -8.757E-20  3.710E-18  1.00E-07
  1.500E-04 3.74764E-16  3.653E-10  1.509E-08  1.212E-08 -1.051E-19  4.451E-18  1.00E-07
  1.750E-04 3.74764E-16  4.262E-10  1.509E-08  1.212E-08 -1.226E-19  5.193E-18  1.00E-07
  2.000E-04 3.74764E-16  4.871E-10  1.509E-08  1.212E-08 -1.401E-19  5.935E-18  1.00E-07
  2.250E-04 3.74764E-16  5.480E-10  1.509E-08  1.212E-08 -1.576E-19  6.677E-18  1.00E-07
  2.500E-04 3.74764E-16  6.089E-10  1.509E-08  1.212E-08 -1.751E-19  7.419E-18  1.00E-07
  2.750E-04 3.74764E-16  6.698E-10  1.509E-08  1.212E-08 -1.927E-19  8.161E-18  1.00E-07
  3.000E-04 3.74764E-16  7.307E-10  1.509E-08  1.212E-08 -2.102E-19  8.903E-18  1.00E-07
  3.250E-04 3.74764E-16  7.916E-10  1.509E-08  1.212E-08 -2.277E-19  9.645E-18  1.00E-07
  3.500E-04 3.74764E-16  8.525E-10  1.509E-08  1.212E-08 -2.452E-19  1.039E-17  1.00E-07
  3.750E-04 3.74764E-16  9.134E-10  1.509E-08  1.212E-08 -2.627E-19  1.113E-17  1.00E-07
  4.000E-04 3.74764E-16  9.743E-10  1.509E-08  1.212E-08 -2.802E-19  1.187E-17  1.00E-07
  4.250E-04 3.74764E-16  1.035E-09  1.509E-08  1.212E-08 -2.977E-19  1.261E-17  1.00E-07
  4.500E-04 3.74764E-16  1.096E-09  1.509E-08  1.212E-08 -3.153E-19  1.335E-17  1.00E-07
  4.750E-04 3.74764E-16  1.157E-09  1.509E-08  1.212E-08 -3.328E-19  1.410E-17  1.00E-07
  5.000E-04 3.74764E-16  1.218E-09  1.509E-08  1.212E-08 -3.503E-19  1.484E-17  1.00E-07
  5.250E-04 3.74764E-16  1.279E-09  1.509E-08  1.212E-08 -3.678E-19  1.558E-17  1.00E-07
  5.500E-04 3.74764E-16  1.340E-09  1.509E-08  1.212E-08 -3.853E-19  1.632E-17  1.00E-07
  5.750E-04 3.74764E-16  1.400E-09  1.509E-08  1.212E-08 -4.028E-19  1.706E-17  1.00E-07
  6.000E-04 3.74764E-16  1.461E-09  1.509E-08  1.212E-08 -4.204E-19  1.781E-17  1.00E-07
  6.250E-04 3.74764E-16  1.522E-09  1.509E-08  1.212E-08 -4.379E-19  1.855E-17  1.00E-07
  6.500E-04 3.74764E-16  1.583E-09  1.509E-08  1.212E-08 -4.554E-19  1.929E-17  1.00E-07
  6.750E-04 3.74764E-16  1.644E-09  1.509E-08  1.212E-08 -4.729E-19  2.003E-17  1.00E-07
  7.000E-04 3.74764E-16  1.705E-09  1.509E-08  1.212E-08 -4.904E-19  2.077E-17  1.00E-07
  7.250E-04 3.74764E-16  1.766E-09  1.509E-08  1.212E-08 -5.079E-19  2.152E-17  1.00E-07
  7.500E-04 3.74764E-16  1.827E-09  1.509E-08  1.212E-08 -5.254E-19  2.226E-17  1.00E-07
  7.750E-04 3.74764E-16  1.888E-09  1.509E-08  1.212E-08 -5.430E-19  2.300E-17  1.00E-07
  8.000E-04 3.74764E-16  1.949E-09  1.509E-08  1.212E-08 -5.605E-19  2.374E-17  1.00E-07
  8.250E-04 3.74764E-16  2.009E-09  1.509E-08  1.212E-08 -5.780E-19  2.448E-17  1.00E-07
  8.500E-04 3.74764E-16  2.070E-09  1.509E-08  1.212E-08 -5.955E-19  2.523E-17  1.00E-07
  8.750E-04 3.74764E-16  2.131E-09  1.509E-08  1.212E-08 -6.130E-19  2.597E-17  1.00E-07
  9.000E-04 3.74764E-16  2.192E-09  1.509E-08  1.212E-08 -6.305E-19  2.671E-17  1.00E-07
  9.250E-04 3.74764E-16  2.253E-09  1.509E-08  1.212E-08 -6.480E-19  2.745E-17  1.00E-07
  9.500E-04 3.74764E-16  2.314E-09  1.509E-08  1.212E-08 -6.656E-19  2.819E-17  1.00E-07
  9.750E-04 3.74764E-16  2.375E-09  1.509E-08  1.212E-08 -6.831E-19  2.893E-17  1.00E-07
  1.000E-03 3.74764E-16  2.436E-09  1.509E-08  1.212E-08 -7.006E-19  2.968E-17  1.00E-07
  1.250E-03 3.74764E-16  3.045E-09  1.509E-08  1.212E-08 -8.757E-19  3.710E-17  1.00E-07
  1.500E-03 3.74764E-16  3.653E-09  1.509E-08  1.212E-08 -1.051E-18  4.451E-17  1.00E-07
  1.750E-03 3.74764E-16  4.262E-09  1.509E-08  1.212E-08 -1.226E-18  5.193E-17  1.00E-07
  2.000E-03 3.74764E-16  4.871E-09  1.509E-08  1.212E-08 -1.401E-18  5.935E-17  1.00E-07
  2.250E-03 3.74764E-16  5.480E-09  1.509E-08  1.212E-08 -1.576E-18  6.677E-17  1.00E-07
  2.500E-03 3.74764E-16  6.089E-09  1.509E-08  1.212E-08 -1.751E-18  7.419E-17  1.00E-07
  2.750E-03 3.74764E-16  6.698E-09  1.509E-08  1.212E-08 -1.927E-18  8.161E-17  1.00E-07
  3.000E-03 3.74764E-16  7.307E-09  1.509E-08  1.212E-08 -2.102E-18  8.903E-17  1.00E-07
  3.250E-03 3.74764E-16  7.916E-09  1.509E-08  1.212E-08 -2.277E-18  9.645E-17  1.00E-07
  3.500E-03 3.74764E-16  8.525E-09  1.509E-08  1.212E-08 -2.452E-18  1.039E-16  1.00E-07
  3.750E-03 3.74764E-16  9.134E-09  1.509E-08  1.212E-08 -2.627E-18  1.113E-16  1.00E-07
  4.000E-03 3.74764E-16  9.743E-09  1.509E-08  1.212E-08 -2.802E-18  1.187E-16  1.00E-07
  4.250E-03 3.74764E-16  1.035E-08  1.509E-08  1.212E-08 -2.977E-18  1.261E-16  1.00E-07
  4.500E-03 3.74764E-16  1.096E-08  1.509E-08  1.212E-08 -3.153E-18  1.335E-16  1.00E-07
  4.750E-03 3.74764E-16  1.157E-08  1.509E-08  1.212E-08 -3.328E-18  1.410E-16  1.00E-07
  5.000E-03 3.74764E-16  1.218E-08  1.509E-08  1.212E-08 -3.503E-18  1.484E-16  1.00E-07
  5.250E-03 3.74764E-16  1.279E-08  1.509E-08  1.212E-08 -3.678E-18  1.558E-16  1.00E-07
  5.500E-03 3.74764E-16  1.340E-08  1.509E-08  1.212E-08 -3.853E-18  1.632E-16  1.00E-07
  5.750E-03 3.74764E-16  1.400E-08  1.509E-08  1.212E-08 -4.028E-18  1.706E-16  1.00E-07
  6.000E-03 3.74764E-16  1.461E-08  1.509E-08  1.212E-08 -4.204E-18  1.781E-16  1.00E-07
  6.250E-03 3.74764E-16  1.522E-08  1.509E-08  1.212E-08 -4.379E-18  1.855E-16  1.00E-07
  6.500E-03 3.74764E-16  1.583E-08  1.509E-08  1.212E-08 -4.554E-18  1.929E-16  1.00E-07
  6.750E-03 3.74764E-16  1.644E-08  1.509E-08  1.212E-08 -4.729E-18  2.003E-16  1.00E-07
  7.000E-03 3.74764E-16  1.705E-08  1.509E-08  1.212E-08 -4.904E-18  2.077E-16  1.00E-07
  7.250E-03 3.74764E-16  1.766E-08  1.509E-08  1.212E-08 -5.079E-18  2.152E-16  1.00E-07
  7.500E-03 3.74764E-16  1.827E-08  1.509E-08  1.212E-08 -5.254E-18  2.226E-16  1.00E-07
  7.750E-03 3.74764E-16  1.888E-08  1.509E-08  1.212E-08 -5.430E-18  2.300E-16  1.00E-07
  8.000E-03 3.74764E-16  1.949E-08  1.509E-08  1.212E-08 -5.605E-18  2.374E-16  1.00E-07
  8.250E-03 3.74764E-16  2.009E-08  1.509E-08  1.212E-08 -5.780E-18  2.448E-16  1.00E-07
  8.500E-03 3.74764E-16  2.070E-08  1.509E-08  1.212E-08 -5.955E-18  2.523E-16  1.00E-07
  8.750E-03 3.74764E-16  2.131E-08  1.509E-08  1.212E-08 -6.130E-18  2.597E-16  1.00E-07
  9.000E-03 3.74764E-16  2.192E-08  1.509E-08  1.212E-08 -6.305E-18  2.671E-16  1.00E-07
  9.250E-03 3.74764E-16  2.253E-08  1.509E-08  1.212E-08 -6.480E-18  2.745E-16  1.00E-07
  9.500E-03 3.74764E-16  2.314E-08  1.509E-08  1.212E-08 -6.656E-18  2.819E-16  1.00E-07
  9.750E-03 3.74764E-16  2.375E-08  1.509E-08  1.212E-08 -6.831E-18  2.893E-16  1.00E-07
  1.000E-02 3.74764E-16  2.436E-08  1.509E-08  1.212E-08 -7.006E-18  2.968E-16  1.00E-07
  1.250E-02 3.74764E-16  3.045E-08  1.509E-08  1.212E-08 -8.757E-18  3.710E-16  1.00E-07
  1.500E-02 3.74764E-16  3.653E-08  1.509E-08  1.212E-08 -1.051E-17  4.451E-16  1.00E-07
  1.750E-02 3.74763E-16  4.262E-08  1.509E-08  1.212E-08 -1.226E-17  5.193E-16  1.00E-07
  2.000E-02 3.74763E-16  4.871E-08  1.509E-08  1.212E-08 -1.401E-17  5.935E-16  1.00E-07
  2.250E-02 3.74763E-16  5.480E-08  1.509E-08  1.212E-08 -1.576E-17  6.677E-16  1.00E-07
  2.500E-02 3.74763E-16  6.089E-08  1.509E-08  1.212E-08 -1.752E-17  7.419E-16  1.00E-07
  2.750E-02 3.74763E-16  6.698E-08  1.509E-08  1.212E-08 -1.927E-17  8.161E-16  1.00E-07
  3.000E-02 3.74763E-16  7.307E-08  1.509E-08  1.212E-08 -2.102E-17  8.903E-16  1.00E-07
  3.250E-02 3.74763E-16  7.916E-08  1.509E-08  1.212E-08 -2.277E-17  9.645E-16  1.00E-07
  3.500E-02 3.74763E-16  8.525E-08  1.509E-08  1.212E-08 -2.452E-17  1.039E-15  1.00E-07
  3.750E-02 3.74763E-16  9.134E-08  1.509E-08  1.212E-08 -2.627E-17  1.113E-15  1.00E-07
  4.000E-02 3.74762E-16  9.743E-08  1.509E-08  1.212E-08 -2.803E-17  1.187E-15  1.00E-07
  4.250E-02 3.74762E-16  1.035E-07  1.509E-08  1.212E-08 -2.978E-17  1.261E-15  1.00E-07
  4.500E-02 3.74762E-16  1.096E-07  1.509E-08  1.212E-08 -3.153E-17  1.335E-15  1.00E-07
  4.750E-02 3.74762E-16  1.157E-07  1.509E-08  1.212E-08 -3.328E-17  1.410E-15  1.00E-07
  5.000E-02 3.74762E-16  1.218E-07  1.509E-08  1.212E-08 -3.503E-17  1.484E-15  1.00E-07
  5.250E-02 3.74762E-16  1.279E-07  1.509E-08  1.212E-08 -3.679E-17  1.558E-15  1.00E-07
  5.500E-02 3.74761E-16  1.340E-07  1.509E-08  1.212E-08 -3.854E-17  1.632E-15  1.00E-07
  5.750E-02 3.74761E-16  1.400E-07  1.509E-08  1.212E-08 -4.029E-17  1.706E-15  1.00E-07
  6.000E-02 3.74761E-16  1.461E-07  1.509E-08  1.212E-08 -4.204E-17  1.781E-15  1.00E-07
  6.250E-02 3.74761E-16  1.522E-07  1.509E-08  1.212E-08 -4.380E-17  1.855E-15  1.00E-07
  6.500E-02 3.74760E-16  1.583E-07  1.509E-08  1.212E-08 -4.555E-17  1.929E-15  1.00E-07
  6.750E-02 3.74760E-16  1.644E-07  1.509E-08  1.212E-08 -4.730E-17  2.003E-15  1.00E-07
  7.000E-02 3.74760E-16  1.705E-07  1.509E-08  1.212E-08 -4.905E-17  2.077E-15  1.00E-07
  7.250E-02 3.74760E-16  1.766E-07  1.509E-08  1.212E-08 -5.081E-17  2.152E-15  1.00E-07
  7.500E-02 3.74759E-16  1.827E-07  1.509E-08  1.212E-08 -5.256E-17  2.226E-15  1.00E-07
  7.750E-02 3.74759E-16  1.888E-07  1.509E-08  1.212E-08 -5.431E-17  2.300E-15  1.00E-07
  8.000E-02 3.74759E-16  1.949E-07  1.509E-08  1.212E-08 -5.607E-17  2.374E-15  1.00E-07
  8.250E-02 3.74758E-16  2.009E-07  1.509E-08  1.212E-08 -5.782E-17  2.448E-15  1.00E-07
  8.500E-02 3.74758E-16  2.070E-07  1.509E-08  1.212E-08 -5.957E-17  2.523E-15  1.00E-07
  8.750E-02 3.74758E-16  2.131E-07  1.509E-08  1.212E-08 -6.133E-17  2.597E-15  1.00E-07
  9.000E-02 3.74757E-16  2.192E-07  1.509E-08  1.212E-08 -6.308E-17  2.671E-15  1.00E-07
  9.250E-02 3.74757E-16  2.253E-07  1.509E-08  1.212E-08 -6.483E-17  2.745E-15  1.00E-07
  9.500E-02 3.74757E-16  2.314E-07  1.509E-08  1.212E-08 -6.659E-17  2.819E-15  1.00E-07
  9.750E-02 3.74756E-16  2.375E-07  1.509E-08  1.212E-08 -6.834E-17  2.893E-15  1.00E-07
  1.000E-01 3.74756E-16  2.436E-07  1.509E-08  1.212E-08 -7.010E-17  2.968E-15  1.00E-07
  1.250E-01 3.74751E-16  3.045E-07  1.509E-08  1.212E-08 -8.765E-17  3.710E-15  1.00E-07
  1.500E-01 3.74746E-16  3.654E-07  1.509E-08  1.212E-08 -1.052E-16  4.451E-15  1.00E-07
  1.750E-01 3.74739E-16  4.263E-07  1.509E-08  1.212E-08 -1.228E-16  5.193E-15  1.00E-07
  2.000E-01 3.74732E-16  4.872E-07  1.509E-08  1.212E-08 -1.404E-16  5.935E-15  1.00E-07
  2.250E-01 3.74723E-16  5.481E-07  1.509E-08  1.212E-08 -1.581E-16  6.677E-15  1.00E-07
  2.500E-01 3.74714E-16  6.090E-07  1.509E-08  1.212E-08 -1.757E-16  7.419E-15  1.00E-07
  2.750E-01 3.74704E-16  6.699E-07  1.509E-08  1.212E-08 -1.934E-16  8.161E-15  1.00E-07
  3.000E-01 3.74692E-16  7.308E-07  1.509E-08  1.212E-08 -2.112E-16  8.903E-15  1.00E-07
  3.250E-01 3.74680E-16  7.917E-07  1.509E-08  1.212E-08 -2.290E-16  9.645E-15  1.00E-07
  3.500E-01 3.74666E-16  8.526E-07  1.509E-08  1.212E-08 -2.468E-16  1.039E-14  1.00E-07
  3.750E-01 3.74652E-16  9.135E-07  1.509E-08  1.212E-08 -2.647E-16  1.113E-14  1.00E-07
  4.000E-01 3.74636E-16  9.745E-07  1.509E-08  1.212E-08 -2.827E-16  1.187E-14  1.00E-07
  4.250E-01 3.74620E-16  1.035E-06  1.509E-08  1.212E-08 -3.007E-16  1.261E-14  1.00E-07
  4.500E-01 3.74602E-16  1.096E-06  1.509E-08  1.212E-08 -3.187E-16  1.335E-14  1.00E-07
  4.750E-01 3.74584E-16  1.157E-06  1.509E-08  1.212E-08 -3.368E-16  1.410E-14  1.00E-07
  5.000E-01 3.74565E-16  1.218E-06  1.509E-08  1.212E-08 -3.550E-16  1.484E-14  1.00E-07
  5.250E-01 3.74544E-16  1.279E-06  1.509E-08  1.212E-08 -3.733E-16  1.558E-14  1.00E-07
  5.500E-01 3.74523E-16  1.340E-06  1.509E-08  1.212E-08 -3.916E-16  1.632E-14  1.00E-07
  5.750E-01 3.74501E-16  1.401E-06  1.509E-08  1.212E-08 -4.100E-16  1.706E-14  1.00E-07
  6.000E-01 3.74477E-16  1.462E-06  1.508E-08  1.212E-08 -4.285E-16  1.780E-14  1.00E-07
  6.250E-01 3.74453E-16  1.523E-06  1.508E-08  1.212E-08 -4.471E-16  1.855E-14  1.00E-07
  6.500E-01 3.74427E-16  1.584E-06  1.508E-08  1.212E-08 -4.658E-16  1.929E-14  1.00E-07
  6.750E-01 3.74401E-16  1.645E-06  1.508E-08  1.212E-08 -4.846E-16  2.003E-14  1.00E-07
  7.000E-01 3.74374E-16  1.706E-06  1.508E-08  1.212E-08 -5.034E-16  2.077E-14  1.00E-07
  7.250E-01 3.74345E-16  1.767E-06  1.508E-08  1.212E-08 -5.224E-16  2.151E-14  1.00E-07
  7.500E-01 3.74316E-16  1.828E-06  1.508E-08  1.212E-08 -5.414E-16  2.225E-14  1.00E-07
  7.750E-01 3.74286E-16  1.889E-06  1.508E-08  1.212E-08 -5.606E-16  2.299E-14  1.00E-07
  8.000E-01 3.74254E-16  1.950E-06  1.508E-08  1.212E-08 -5.799E-16  2.374E-14  1.00E-07
  8.250E-01 3.74222E-16  2.011E-06  1.508E-08  1.212E-08 -5.993E-16  2.448E-14  1.00E-07
  8.500E-01 3.74189E-16  2.072E-06  1.508E-08  1.212E-08 -6.188E-16  2.522E-14  1.00E-07
  8.750E-01 3.74155E-16  2.133E-06  1.508E-08  1.212E-08 -6.384E-16  2.596E-14  1.00E-07
  9.000E-01 3.74119E-16  2.194E-06  1.507E-08  1.212E-08 -6.582E-16  2.670E-14  1.00E-07
  9.250E-01 3.74083E-16  2.256E-06  1.507E-08  1.212E-08 -6.780E-16  2.744E-14  1.00E-07
  9.500E-01 3.74046E-16  2.317E-06  1.507E-08  1.212E-08 -6.981E-16  2.818E-14  1.00E-07
  9.750E-01 3.74008E-16  2.378E-06  1.507E-08  1.212E-08 -7.182E-16  2.893E-14  1.00E-07
  1.000E+00 3.73968E-16  2.439E-06  1.507E-08  1.212E-08 -7.385E-16  2.967E-14  1.00E-07
  1.100E+00 3.73802E-16  2.684E-06  1.507E-08  1.212E-08 -8.211E-16  3.263E-14  1.00E-07
  1.200E+00 3.73619E-16  2.928E-06  1.506E-08  1.212E-08 -9.062E-16  3.559E-14  1.00E-07
  1.300E+00 3.73421E-16  3.173E-06  1.505E-08  1.211E-08 -9.940E-16  3.856E-14  1.00E-07
  1.400E+00 3.73207E-16  3.419E-06  1.505E-08  1.211E-08 -1.085E-15  4.152E-14  1.00E-07
  1.500E+00 3.72977E-16  3.664E-06  1.504E-08  1.211E-08 -1.179E-15  4.448E-14  1.00E-07
  1.600E+00 3.72732E-16  3.910E-06  1.504E-08  1.211E-08 -1.276E-15  4.744E-14  1.00E-07
  1.700E+00 3.72471E-16  4.157E-06  1.503E-08  1.211E-08 -1.377E-15  5.040E-14  1.00E-07
  1.800E+00 3.72195E-16  4.403E-06  1.502E-08  1.211E-08 -1.482E-15  5.336E-14  1.00E-07
  1.900E+00 3.71903E-16  4.650E-06  1.501E-08  1.211E-08 -1.591E-15  5.632E-14  1.00E-07
  2.000E+00 3.71595E-16  4.897E-06  1.500E-08  1.210E-08 -1.704E-15  5.927E-14  1.00E-07
  2.100E+00 3.71273E-16  5.145E-06  1.499E-08  1.210E-08 -1.821E-15  6.223E-14  1.00E-07
  2.200E+00 3.70934E-16  5.393E-06  1.498E-08  1.210E-08 -1.944E-15  6.518E-14  1.00E-07
  2.300E+00 3.70581E-16  5.642E-06  1.497E-08  1.210E-08 -2.071E-15  6.814E-14  1.00E-07
  2.400E+00 3.70212E-16  5.891E-06  1.496E-08  1.209E-08 -2.203E-15  7.109E-14  1.00E-07
  2.500E+00 3.69828E-16  6.140E-06  1.495E-08  1.209E-08 -2.341E-15  7.404E-14  1.00E-07
  2.600E+00 3.69429E-16  6.390E-06  1.494E-08  1.209E-08 -2.485E-15  7.698E-14  1.00E-07
  2.700E+00 3.69015E-16  6.641E-06  1.493E-08  1.209E-08 -2.634E-15  7.993E-14  1.00E-07
  2.800E+00 3.68586E-16  6.892E-06  1.492E-08  1.208E-08 -2.789E-15  8.288E-14  1.00E-07
  2.900E+00 3.68142E-16  7.143E-06  1.491E-08  1.208E-08 -2.951E-15  8.582E-14  1.00E-07
  3.000E+00 3.67683E-16  7.395E-06  1.489E-08  1.208E-08 -3.119E-15  8.876E-14  1.00E-07
  3.100E+00 3.67209E-16  7.648E-06  1.488E-08  1.208E-08 -3.294E-15  9.170E-14  1.00E-07
  3.200E+00 3.66721E-16  7.901E-06  1.487E-08  1.207E-08 -3.475E-15  9.464E-14  1.00E-07
  3.300E+00 3.66218E-16  8.155E-06  1.485E-08  1.207E-08 -3.664E-15  9.758E-14  1.00E-07
  3.400E+00 3.65700E-16  8.410E-06  1.484E-08  1.207E-08 -3.860E-15  1.005E-13  1.00E-07
  3.500E+00 3.65168E-16  8.665E-06  1.482E-08  1.206E-08 -4.063E-15  1.034E-13  1.00E-07
  3.600E+00 3.64621E-16  8.921E-06  1.481E-08  1.206E-08 -4.274E-15  1.064E-13  1.00E-07
  3.700E+00 3.64061E-16  9.178E-06  1.479E-08  1.206E-08 -4.493E-15  1.093E-13  1.00E-07
  3.800E+00 3.63486E-16  9.435E-06  1.477E-08  1.205E-08 -4.720E-15  1.122E-13  1.00E-07
  3.900E+00 3.62896E-16  9.694E-06  1.476E-08  1.205E-08 -4.956E-15  1.151E-13  1.00E-07
  4.000E+00 3.62293E-16  9.953E-06  1.474E-08  1.204E-08 -5.200E-15  1.181E-13  1.00E-07
  4.100E+00 3.61676E-16  1.021E-05  1.472E-08  1.204E-08 -5.453E-15  1.210E-13  1.00E-07
  4.200E+00 3.61045E-16  1.047E-05  1.470E-08  1.204E-08 -5.715E-15  1.239E-13  1.00E-07
  4.300E+00 3.60400E-16  1.073E-05  1.468E-08  1.203E-08 -5.985E-15  1.268E-13  1.00E-07
  4.400E+00 3.59742E-16  1.100E-05  1.467E-08  1.203E-08 -6.266E-15  1.297E-13  1.00E-07
  4.500E+00 3.59070E-16  1.126E-05  1.465E-08  1.202E-08 -6.555E-15  1.326E-13  1.00E-07
  4.600E+00 3.58385E-16  1.152E-05  1.463E-08  1.202E-08 -6.855E-15  1.355E-13  1.00E-07
  4.700E+00 3.57686E-16  1.179E-05  1.461E-08  1.201E-08 -7.164E-15  1.384E-13  1.00E-07
  4.800E+00 3.56974E-16  1.205E-05  1.459E-08  1.201E-08 -7.483E-15  1.413E-13  1.00E-07
  4.900E+00 3.56249E-16  1.232E-05  1.457E-08  1.200E-08 -7.813E-15  1.442E-13  1.00E-07
  5.000E+00 3.55511E-16  1.259E-05  1.454E-08  1.200E-08 -8.153E-15  1.471E-13  1.00E-07
  5.100E+00 3.54760E-16  1.286E-05  1.452E-08  1.199E-08 -8.504E-15  1.500E-13  1.00E-07
  5.200E+00 3.53996E-16  1.313E-05  1.450E-08  1.199E-08 -8.866E-15  1.529E-13  1.00E-07
  5.300E+00 3.53220E-16  1.340E-05  1.448E-08  1.198E-08 -9.239E-15  1.558E-13  1.00E-07
  5.400E+00 3.52431E-16  1.367E-05  1.445E-08  1.198E-08 -9.622E-15  1.587E-13  1.00E-07
  5.500E+00 3.51629E-16  1.394E-05  1.443E-08  1.197E-08 -1.002E-14  1.616E-13  1.00E-07
  5.600E+00 3.50816E-16  1.422E-05  1.441E-08  1.197E-08 -1.042E-14  1.644E-13  1.00E-07
  5.700E+00 3.49990E-16  1.449E-05  1.438E-08  1.196E-08 -1.084E-14  1.673E-13  1.00E-07
  5.800E+00 3.49152E-16  1.477E-05  1.436E-08  1.196E-08 -1.127E-14  1.702E-13  1.00E-07
  5.900E+00 3.48302E-16  1.505E-05  1.433E-08  1.195E-08 -1.172E-14  1.731E-13  1.00E-07
  6.000E+00 3.47440E-16  1.533E-05  1.431E-08  1.195E-08 -1.217E-14  1.759E-13  1.00E-07
  6.100E+00 3.46567E-16  1.561E-05  1.428E-08  1.194E-08 -1.264E-14  1.788E-13  1.00E-07
  6.200E+00 3.45682E-16  1.589E-05  1.426E-08  1.193E-08 -1.312E-14  1.816E-13  1.00E-07
  6.300E+00 3.44785E-16  1.617E-05  1.423E-08  1.193E-08 -1.361E-14  1.845E-13  1.00E-07
  6.400E+00 3.43877E-16  1.646E-05  1.420E-08  1.192E-08 -1.412E-14  1.873E-13  1.00E-07
  6.500E+00 3.42958E-16  1.674E-05  1.418E-08  1.191E-08 -1.464E-14  1.902E-13  1.00E-07
  6.600E+00 3.42028E-16  1.703E-05  1.415E-08  1.191E-08 -1.517E-14  1.930E-13  1.00E-07
  6.700E+00 3.41087E-16  1.732E-05  1.412E-08  1.190E-08 -1.571E-14  1.959E-13  1.00E-07
  6.800E+00 3.40136E-16  1.760E-05  1.409E-08  1.190E-08 -1.627E-14  1.987E-13  1.00E-07
  6.900E+00 3.39174E-16  1.790E-05  1.407E-08  1.189E-08 -1.684E-14  2.015E-13  1.00E-07
  7.000E+00 3.38201E-16  1.819E-05  1.404E-08  1.188E-08 -1.743E-14  2.043E-13  1.00E-07
  7.100E+00 3.37218E-16  1.848E-05  1.401E-08  1.187E-08 -1.803E-14  2.072E-13  1.00E-07
  7.200E+00 3.36224E-16  1.878E-05  1.398E-08  1.187E-08 -1.865E-14  2.100E-13  1.00E-07
  7.300E+00 3.35221E-16  1.907E-05  1.395E-08  1.186E-08 -1.928E-14  2.128E-13  1.00E-07
  7.400E+00 3.34207E-16  1.937E-05  1.392E-08  1.185E-08 -1.992E-14  2.156E-13  1.00E-07
  7.500E+00 3.33184E-16  1.967E-05  1.389E-08  1.185E-08 -2.058E-14  2.184E-13  1.00E-07
  7.600E+00 3.32151E-16  1.997E-05  1.386E-08  1.184E-08 -2.125E-14  2.212E-13  1.00E-07
  7.700E+00 3.31109E-16  2.027E-05  1.382E-08  1.183E-08 -2.194E-14  2.240E-13  1.00E-07
  7.800E+00 3.30057E-16  2.058E-05  1.379E-08  1.182E-08 -2.264E-14  2.268E-13  1.00E-07
  7.900E+00 3.28996E-16  2.088E-05  1.376E-08  1.182E-08 -2.336E-14  2.296E-13  1.00E-07
  8.000E+00 3.27926E-16  2.119E-05  1.373E-08  1.181E-08 -2.409E-14  2.324E-13  1.00E-07
  8.100E+00 3.26847E-16  2.150E-05  1.370E-08  1.180E-08 -2.484E-14  2.351E-13  1.00E-07
  8.200E+00 3.25760E-16  2.181E-05  1.366E-08  1.179E-08 -2.560E-14  2.379E-13  1.00E-07
  8.300E+00 3.24663E-16  2.212E-05  1.363E-08  1.178E-08 -2.638E-14  2.407E-13  1.00E-07
  8.400E+00 3.23558E-16  2.244E-05  1.360E-08  1.178E-08 -2.718E-14  2.434E-13  1.00E-07
  8.500E+00 3.22445E-16  2.276E-05  1.356E-08  1.177E-08 -2.799E-14  2.462E-13  1.00E-07
  8.600E+00 3.21324E-16  2.307E-05  1.353E-08  1.176E-08 -2.882E-14  2.490E-13  1.00E-07
  8.700E+00 3.20194E-16  2.339E-05  1.349E-08  1.175E-08 -2.966E-14  2.517E-13  1.00E-07
  8.800E+00 3.19057E-16  2.371E-05  1.346E-08  1.174E-08 -3.052E-14  2.544E-13  1.00E-07
  8.900E+00 3.17911E-16  2.404E-05  1.342E-08  1.173E-08 -3.140E-14  2.572E-13  1.00E-07
  9.000E+00 3.16759E-16  2.436E-05  1.339E-08  1.173E-08 -3.229E-14  2.599E-13  1.00E-07
  9.100E+00 3.15599E-16  2.469E-05  1.335E-08  1.172E-08 -3.320E-14  2.627E-13  1.00E-07
  9.200E+00 3.14431E-16  2.502E-05  1.332E-08  1.171E-08 -3.413E-14  2.654E-13  1.00E-07
  9.300E+00 3.13256E-16  2.535E-05  1.328E-08  1.170E-08 -3.507E-14  2.681E-13  1.00E-07
  9.400E+00 3.12075E-16  2.568E-05  1.324E-08  1.169E-08 -3.603E-14  2.708E-13  1.00E-07
  9.500E+00 3.10886E-16  2.602E-05  1.321E-08  1.168E-08 -3.701E-14  2.735E-13  1.00E-07
  9.600E+00 3.09691E-16  2.636E-05  1.317E-08  1.167E-08 -3.800E-14  2.762E-13  1.00E-07
  9.700E+00 3.08489E-16  2.670E-05  1.313E-08  1.166E-08 -3.901E-14  2.789E-13  1.00E-07
  9.800E+00 3.07281E-16  2.704E-05  1.309E-08  1.165E-08 -4.004E-14  2.816E-13  1.00E-07
  9.900E+00 3.06066E-16  2.738E-05  1.306E-08  1.164E-08 -4.109E-14  2.843E-13  1.00E-07
  1.000E+01 3.04846E-16  2.773E-05  1.302E-08  1.163E-08 -4.215E-14  2.870E-13  1.00E-07
  1.025E+01 3.01769E-16  2.860E-05  1.292E-08  1.161E-08 -4.489E-14  2.936E-13  1.00E-07
  1.050E+01 2.98656E-16  2.949E-05  1.282E-08  1.159E-08 -4.774E-14  3.003E-13  1.00E-07
  1.075E+01 2.95512E-16  3.039E-05  1.272E-08  1.156E-08 -5.070E-14  3.069E-13  1.00E-07
  1.100E+01 2.92337E-16  3.131E-05  1.262E-08  1.153E-08 -5.377E-14  3.134E-13  1.00E-07
  1.125E+01 2.89134E-16  3.224E-05  1.252E-08  1.151E-08 -5.696E-14  3.200E-13  1.00E-07
  1.150E+01 2.85905E-16  3.319E-05  1.241E-08  1.148E-08 -6.026E-14  3.265E-13  1.00E-07
  1.175E+01 2.82653E-16  3.415E-05  1.231E-08  1.145E-08 -6.368E-14  3.329E-13  1.00E-07
  1.200E+01 2.79379E-16  3.513E-05  1.220E-08  1.143E-08 -6.722E-14  3.393E-13  1.00E-07
  1.225E+01 2.76087E-16  3.613E-05  1.209E-08  1.140E-08 -7.088E-14  3.457E-13  1.00E-07
  1.250E+01 2.72777E-16  3.714E-05  1.198E-08  1.137E-08 -7.465E-14  3.520E-13  1.00E-07
  1.275E+01 2.69453E-16  3.818E-05  1.187E-08  1.134E-08 -7.854E-14  3.583E-13  1.00E-07
  1.300E+01 2.66116E-16  3.923E-05  1.176E-08  1.131E-08 -8.256E-14  3.645E-13  1.00E-07
  1.325E+01 2.62769E-16  4.030E-05  1.164E-08  1.128E-08 -8.669E-14  3.707E-13  1.00E-07
  1.350E+01 2.59413E-16  4.138E-05  1.153E-08  1.125E-08 -9.094E-14  3.769E-13  1.00E-07
  1.375E+01 2.56051E-16  4.249E-05  1.141E-08  1.121E-08 -9.532E-14  3.830E-13  1.00E-07
  1.400E+01 2.52684E-16  4.362E-05  1.130E-08  1.118E-08 -9.981E-14  3.890E-13  1.00E-07
  1.425E+01 2.49314E-16  4.477E-05  1.118E-08  1.115E-08 -1.044E-13  3.950E-13  1.00E-07
  1.450E+01 2.45944E-16  4.594E-05  1.106E-08  1.112E-08 -1.092E-13  4.010E-13  1.00E-07
  1.475E+01 2.42575E-16  4.713E-05  1.094E-08  1.108E-08 -1.140E-13  4.069E-13  1.00E-07
  1.500E+01 2.39208E-16  4.834E-05  1.082E-08  1.105E-08 -1.190E-13  4.128E-13  1.00E-07
  1.525E+01 2.35847E-16  4.958E-05  1.070E-08  1.101E-08 -1.241E-13  4.186E-13  1.00E-07
  1.550E+01 2.32491E-16  5.084E-05  1.058E-08  1.098E-08 -1.293E-13  4.243E-13  1.00E-07
  1.575E+01 2.29144E-16  5.212E-05  1.046E-08  1.094E-08 -1.347E-13  4.301E-13  1.00E-07
  1.600E+01 2.25806E-16  5.343E-05  1.034E-08  1.091E-08 -1.401E-13  4.357E-13  1.00E-07
  1.625E+01 2.22479E-16  5.476E-05  1.021E-08  1.087E-08 -1.457E-13  4.413E-13  1.00E-07
  1.650E+01 2.19164E-16  5.611E-05  1.009E-08  1.083E-08 -1.514E-13  4.469E-13  1.00E-07
  1.675E+01 2.15864E-16  5.749E-05  9.965E-09  1.080E-08 -1.572E-13  4.524E-13  1.00E-07
  1.700E+01 2.12579E-16  5.890E-05  9.840E-09  1.076E-08 -1.631E-13  4.579E-13  1.00E-07
  1.725E+01 2.09310E-16  6.033E-05  9.715E-09  1.072E-08 -1.692E-13  4.633E-13  1.00E-07
  1.750E+01 2.06060E-16  6.179E-05  9.589E-09  1.068E-08 -1.754E-13  4.686E-13  1.00E-07
  1.775E+01 2.02829E-16  6.328E-05  9.463E-09  1.064E-08 -1.816E-13  4.739E-13  1.00E-07
  1.800E+01 1.99619E-16  6.480E-05  9.337E-09  1.060E-08 -1.880E-13  4.791E-13  1.00E-07
  1.825E+01 1.96430E-16  6.634E-05  9.211E-09  1.056E-08 -1.945E-13  4.843E-13  1.00E-07
  1.850E+01 1.93264E-16  6.792E-05  9.085E-09  1.052E-08 -2.012E-13  4.894E-13  1.00E-07
  1.875E+01 1.90121E-16  6.952E-05  8.958E-09  1.048E-08 -2.079E-13  4.945E-13  1.00E-07
  1.900E+01 1.87004E-16  7.116E-05  8.831E-09  1.044E-08 -2.147E-13  4.995E-13  1.00E-07
  1.925E+01 1.83912E-16  7.282E-05  8.704E-09  1.040E-08 -2.217E-13  5.044E-13  1.00E-07
  1.950E+01 1.80846E-16  7.452E-05  8.577E-09  1.036E-08 -2.288E-13  5.093E-13  1.00E-07
  1.975E+01 1.77808E-16  7.624E-05  8.450E-09  1.032E-08 -2.359E-13  5.142E-13  1.00E-07
  2.000E+01 1.74798E-16  7.800E-05  8.323E-09  1.027E-08 -2.432E-13  5.189E-13  1.00E-07
  2.025E+01 1.71817E-16  7.980E-05  8.196E-09  1.023E-08 -2.506E-13  5.237E-13  1.00E-07
  2.050E+01 1.68866E-16  8.162E-05  8.070E-09  1.019E-08 -2.581E-13  5.283E-13  1.00E-07
  2.075E+01 1.65945E-16  8.348E-05  7.943E-09  1.014E-08 -2.656E-13  5.329E-13  1.00E-07
  2.100E+01 1.63055E-16  8.538E-05  7.816E-09  1.010E-08 -2.733E-13  5.374E-13  1.00E-07
  2.125E+01 1.60196E-16  8.731E-05  7.690E-09  1.005E-08 -2.811E-13  5.419E-13  1.00E-07
  2.150E+01 1.57369E-16  8.927E-05  7.564E-09  1.001E-08 -2.890E-13  5.463E-13  1.00E-07
  2.175E+01 1.54575E-16  9.128E-05  7.438E-09  9.963E-09 -2.970E-13  5.507E-13  1.00E-07
  2.200E+01 1.51814E-16  9.331E-05  7.312E-09  9.917E-09 -3.051E-13  5.550E-13  1.00E-07
  2.225E+01 1.49086E-16  9.539E-05  7.187E-09  9.871E-09 -3.132E-13  5.592E-13  1.00E-07
  2.250E+01 1.46392E-16  9.750E-05  7.062E-09  9.825E-09 -3.215E-13  5.633E-13  1.00E-07
  2.275E+01 1.43732E-16  9.965E-05  6.937E-09  9.778E-09 -3.298E-13  5.674E-13  1.00E-07
  2.300E+01 1.41106E-16  1.018E-04  6.813E-09  9.731E-09 -3.383E-13  5.715E-13  1.00E-07
  2.325E+01 1.38515E-16  1.041E-04  6.689E-09  9.684E-09 -3.468E-13  5.754E-13  1.00E-07
  2.350E+01 1.35958E-16  1.063E-04  6.566E-09  9.636E-09 -3.554E-13  5.793E-13  1.00E-07
  2.375E+01 1.33437E-16  1.086E-04  6.443E-09  9.588E-09 -3.641E-13  5.832E-13  1.00E-07
  2.400E+01 1.30951E-16  1.110E-04  6.320E-09  9.540E-09 -3.729E-13  5.870E-13  1.00E-07
  2.425E+01 1.28499E-16  1.134E-04  6.198E-09  9.491E-09 -3.818E-13  5.907E-13  1.00E-07
  2.450E+01 1.26084E-16  1.158E-04  6.077E-09  9.442E-09 -3.907E-13  5.943E-13  1.00E-07
  2.475E+01 1.23703E-16  1.183E-04  5.956E-09  9.393E-09 -3.997E-13  5.979E-13  1.00E-07
  2.500E+01 1.21358E-16  1.208E-04  5.835E-09  9.344E-09 -4.088E-13  6.014E-13  1.00E-07
  2.550E+01 1.16775E-16  1.259E-04  5.596E-09  9.244E-09 -4.272E-13  6.083E-13  1.00E-07
  2.600E+01 1.12333E-16  1.313E-04  5.360E-09  9.144E-09 -4.459E-13  6.148E-13  1.00E-07
  2.650E+01 1.08032E-16  1.368E-04  5.126E-09  9.042E-09 -4.649E-13  6.211E-13  1.00E-07
  2.700E+01 1.03870E-16  1.424E-04  4.895E-09  8.939E-09 -4.841E-13  6.272E-13  1.00E-07
  2.750E+01 9.98475E-17  1.483E-04  4.667E-09  8.836E-09 -5.036E-13  6.329E-13  1.00E-07
  2.800E+01 9.59615E-17  1.543E-04  4.442E-09  8.731E-09 -5.233E-13  6.384E-13  1.00E-07
  2.850E+01 9.22104E-17  1.605E-04  4.220E-09  8.626E-09 -5.432E-13  6.437E-13  1.00E-07
  2.900E+01 8.85921E-17  1.669E-04  4.001E-09  8.520E-09 -5.634E-13  6.486E-13  1.00E-07
  2.950E+01 8.51044E-17  1.735E-04  3.785E-09  8.413E-09 -5.837E-13  6.533E-13  1.00E-07
  3.000E+01 8.17447E-17  1.803E-04  3.573E-09  8.305E-09 -6.042E-13  6.577E-13  1.00E-07
  3.050E+01 7.85103E-17  1.872E-04  3.364E-09  8.197E-09 -6.248E-13  6.619E-13  1.00E-07
  3.100E+01 7.53984E-17  1.943E-04  3.159E-09  8.088E-09 -6.457E-13  6.658E-13  1.00E-07
  3.150E+01 7.24061E-17  2.016E-04  2.958E-09  7.979E-09 -6.666E-13  6.694E-13  1.00E-07
  3.200E+01 6.95303E-17  2.091E-04  2.760E-09  7.869E-09 -6.877E-13  6.727E-13  1.00E-07
  3.250E+01 6.67681E-17  2.167E-04  2.566E-09  7.758E-09 -7.089E-13  6.758E-13  1.00E-07
  3.300E+01 6.41162E-17  2.244E-04  2.375E-09  7.647E-09 -7.302E-13  6.786E-13  1.00E-07
  3.350E+01 6.15714E-17  2.324E-04  2.188E-09  7.535E-09 -7.516E-13  6.811E-13  1.00E-07
  3.400E+01 5.91306E-17  2.404E-04  2.005E-09  7.424E-09 -7.730E-13  6.834E-13  1.00E-07
  3.450E+01 5.67904E-17  2.487E-04  1.826E-09  7.311E-09 -7.945E-13  6.854E-13  1.00E-07
  3.500E+01 5.45477E-17  2.570E-04  1.651E-09  7.199E-09 -8.161E-13  6.871E-13  1.00E-07
  3.550E+01 5.23993E-17  2.654E-04  1.479E-09  7.086E-09 -8.377E-13  6.886E-13  1.00E-07
  3.600E+01 5.03419E-17  2.740E-04  1.311E-09  6.973E-09 -8.594E-13  6.898E-13  1.00E-07
  3.650E+01 4.83723E-17  2.827E-04  1.147E-09  6.860E-09 -8.811E-13  6.907E-13  1.00E-07
  3.700E+01 4.64875E-17  2.914E-04  9.870E-10  6.746E-09 -9.027E-13  6.914E-13  1.00E-07
  3.750E+01 4.46843E-17  3.002E-04  8.307E-10  6.633E-09 -9.244E-13  6.918E-13  1.00E-07
  3.800E+01 4.29597E-17  3.090E-04  6.781E-10  6.519E-09 -9.461E-13  6.920E-13  1.00E-07
  3.850E+01 4.13108E-17  3.178E-04  5.294E-10  6.406E-09 -9.677E-13  6.919E-13  1.00E-07
  3.900E+01 3.97345E-17  3.267E-04  3.844E-10  6.292E-09 -9.894E-13  6.916E-13  1.00E-07
  3.950E+01 3.82281E-17  3.356E-04  2.432E-10  6.178E-09 -1.011E-12  6.910E-13  1.00E-07
  4.000E+01 3.67887E-17  3.444E-04  1.057E-10  6.064E-09 -1.032E-12  6.902E-13  1.00E-07
  4.050E+01 3.54137E-17  3.531E-04 -2.811E-11  5.951E-09 -1.054E-12  6.891E-13  1.00E-07
  4.100E+01 3.41004E-17  3.618E-04 -1.582E-10  5.837E-09 -1.075E-12  6.878E-13  1.00E-07
  4.150E+01 3.28462E-17  3.704E-04 -2.847E-10  5.724E-09 -1.097E-12  6.862E-13  1.00E-07
  4.200E+01 3.16486E-17  3.788E-04 -4.075E-10  5.611E-09 -1.118E-12  6.844E-13  1.00E-07
  4.250E+01 3.05053E-17  3.870E-04 -5.268E-10  5.498E-09 -1.139E-12  6.824E-13  1.00E-07
  4.300E+01 2.94138E-17  3.951E-04 -6.425E-10  5.385E-09 -1.160E-12  6.801E-13  1.00E-07
  4.350E+01 2.83720E-17  4.030E-04 -7.547E-10  5.273E-09 -1.181E-12  6.777E-13  1.00E-07
  4.400E+01 2.73777E-17  4.106E-04 -8.635E-10  5.161E-09 -1.202E-12  6.749E-13  1.00E-07
  4.450E+01 2.64287E-17  4.179E-04 -9.688E-10  5.049E-09 -1.223E-12  6.720E-13  1.00E-07
  4.500E+01 2.55231E-17  4.249E-04 -1.071E-09  4.937E-09 -1.243E-12  6.688E-13  1.00E-07
  4.550E+01 2.46588E-17  4.316E-04 -1.169E-09  4.826E-09 -1.264E-12  6.655E-13  1.00E-07
  4.600E+01 2.38341E-17  4.379E-04 -1.265E-09  4.715E-09 -1.284E-12  6.619E-13  1.00E-07
  4.650E+01 2.30470E-17  4.438E-04 -1.357E-09  4.605E-09 -1.304E-12  6.581E-13  1.00E-07
  4.700E+01 2.22960E-17  4.492E-04 -1.445E-09  4.495E-09 -1.324E-12  6.541E-13  1.00E-07
  4.750E+01 2.15793E-17  4.542E-04 -1.531E-09  4.386E-09 -1.344E-12  6.499E-13  1.00E-07
  4.800E+01 2.08953E-17  4.587E-04 -1.614E-09  4.277E-09 -1.364E-12  6.454E-13  1.00E-07
  4.850E+01 2.02426E-17  4.626E-04 -1.693E-09  4.168E-09 -1.383E-12  6.408E-13  1.00E-07
  4.900E+01 1.96196E-17  4.660E-04 -1.769E-09  4.061E-09 -1.403E-12  6.360E-13  1.00E-07
  4.950E+01 1.90250E-17  4.688E-04 -1.843E-09  3.953E-09 -1.422E-12  6.310E-13  1.00E-07
  5.000E+01 1.84574E-17  4.709E-04 -1.913E-09  3.847E-09 -1.441E-12  6.259E-13  1.00E-07
  5.050E+01 1.79156E-17  4.724E-04 -1.981E-09  3.741E-09 -1.460E-12  6.205E-13  1.00E-07
  5.100E+01 1.73983E-17  4.732E-04 -2.046E-09  3.635E-09 -1.479E-12  6.150E-13  1.00E-07
  5.150E+01 1.69045E-17  4.733E-04 -2.108E-09  3.530E-09 -1.497E-12  6.093E-13  1.00E-07
  5.200E+01 1.64329E-17  4.727E-04 -2.167E-09  3.426E-09 -1.515E-12  6.034E-13  1.00E-07
  5.250E+01 1.59826E-17  4.713E-04 -2.224E-09  3.322E-09 -1.533E-12  5.973E-13  1.00E-07
  5.300E+01 1.55525E-17  4.691E-04 -2.277E-09  3.220E-09 -1.551E-12  5.911E-13  1.00E-07
  5.350E+01 1.51417E-17  4.661E-04 -2.329E-09  3.117E-09 -1.569E-12  5.847E-13  1.00E-07
  5.400E+01 1.47492E-17  4.623E-04 -2.378E-09  3.016E-09 -1.586E-12  5.782E-13  1.00E-07
  5.450E+01 1.43743E-17  4.576E-04 -2.424E-09  2.915E-09 -1.603E-12  5.715E-13  1.00E-07
  5.500E+01 1.40160E-17  4.521E-04 -2.468E-09  2.816E-09 -1.620E-12  5.647E-13  1.00E-07
  5.550E+01 1.36737E-17  4.457E-04 -2.509E-09  2.716E-09 -1.637E-12  5.577E-13  1.00E-07
  5.600E+01 1.33465E-17  4.385E-04 -2.548E-09  2.618E-09 -1.654E-12  5.506E-13  1.00E-07
  5.650E+01 1.30337E-17  4.303E-04 -2.585E-09  2.520E-09 -1.670E-12  5.433E-13  1.00E-07
  5.700E+01 1.27347E-17  4.212E-04 -2.619E-09  2.424E-09 -1.686E-12  5.359E-13  1.00E-07
  5.750E+01 1.24489E-17  4.113E-04 -2.652E-09  2.328E-09 -1.702E-12  5.284E-13  1.00E-07
  5.800E+01 1.21756E-17  4.004E-04 -2.682E-09  2.233E-09 -1.717E-12  5.208E-13  1.00E-07
  5.850E+01 1.19142E-17  3.886E-04 -2.710E-09  2.138E-09 -1.733E-12  5.130E-13  1.00E-07
  5.900E+01 1.16643E-17  3.759E-04 -2.735E-09  2.045E-09 -1.748E-12  5.051E-13  1.00E-07
  5.950E+01 1.14253E-17  3.622E-04 -2.759E-09  1.952E-09 -1.763E-12  4.971E-13  1.00E-07
  6.000E+01 1.11967E-17  3.477E-04 -2.781E-09  1.861E-09 -1.777E-12  4.890E-13  1.00E-07
  6.050E+01 1.09781E-17  3.323E-04 -2.801E-09  1.770E-09 -1.792E-12  4.808E-13  1.00E-07
  6.100E+01 1.07689E-17  3.160E-04 -2.819E-09  1.680E-09 -1.806E-12  4.725E-13  1.00E-07
  6.150E+01 1.05689E-17  2.988E-04 -2.835E-09  1.591E-09 -1.820E-12  4.641E-13  1.00E-07
  6.200E+01 1.03776E-17  2.807E-04 -2.849E-09  1.503E-09 -1.833E-12  4.556E-13  1.00E-07
  6.250E+01 1.01945E-17  2.618E-04 -2.862E-09  1.415E-09 -1.847E-12  4.470E-13  1.00E-07
  6.300E+01 1.00195E-17  2.420E-04 -2.873E-09  1.329E-09 -1.860E-12  4.383E-13  1.00E-07
  6.350E+01 9.85207E-18  2.215E-04 -2.882E-09  1.244E-09 -1.873E-12  4.295E-13  1.00E-07
  6.400E+01 9.69198E-18  2.001E-04 -2.889E-09  1.159E-09 -1.885E-12  4.207E-13  1.00E-07
  6.450E+01 9.53890E-18  1.780E-04 -2.895E-09  1.076E-09 -1.897E-12  4.117E-13  1.00E-07
  6.500E+01 9.39254E-18  1.551E-04 -2.899E-09  9.930E-10 -1.910E-12  4.027E-13  1.00E-07
  6.550E+01 9.25265E-18  1.315E-04 -2.902E-09  9.113E-10 -1.921E-12  3.937E-13  1.00E-07
  6.600E+01 9.11896E-18  1.072E-04 -2.903E-09  8.305E-10 -1.933E-12  3.845E-13  1.00E-07
  6.650E+01 8.99122E-18  8.229E-05 -2.903E-09  7.507E-10 -1.944E-12  3.753E-13  1.00E-07
  6.700E+01 8.86922E-18  5.671E-05 -2.901E-09  6.718E-10 -1.955E-12  3.661E-13  1.00E-07
  6.750E+01 8.75272E-18  3.053E-05 -2.898E-09  5.939E-10 -1.966E-12  3.568E-13  1.00E-07
  6.800E+01 8.64153E-18  3.789E-06 -2.894E-09  5.169E-10 -1.977E-12  3.474E-13  1.00E-07
  6.850E+01 8.53544E-18 -2.349E-05 -2.888E-09  4.409E-10 -1.987E-12  3.380E-13  1.00E-07
  6.900E+01 8.43428E-18 -5.125E-05 -2.881E-09  3.658E-10 -1.997E-12  3.286E-13  1.00E-07
  6.950E+01 8.33786E-18 -7.948E-05 -2.873E-09  2.917E-10 -2.007E-12  3.191E-13  1.00E-07
  7.000E+01 8.24601E-18 -1.081E-04 -2.863E-09  2.185E-10 -2.016E-12  3.096E-13  1.00E-07
  7.050E+01 8.15859E-18 -1.372E-04 -2.853E-09  1.463E-10 -2.026E-12  3.000E-13  1.00E-07
  7.100E+01 8.07543E-18 -1.665E-04 -2.841E-09  7.504E-11 -2.035E-12  2.905E-13  1.00E-07
  7.150E+01 7.99639E-18 -1.962E-04 -2.828E-09  4.729E-12 -2.043E-12  2.808E-13  1.00E-07
  7.200E+01 7.92134E-18 -2.262E-04 -2.814E-09 -6.463E-11 -2.052E-12  2.712E-13  1.00E-07
  7.250E+01 7.85015E-18 -2.563E-04 -2.799E-09 -1.330E-10 -2.060E-12  2.616E-13  1.00E-07
  7.300E+01 7.78269E-18 -2.867E-04 -2.783E-09 -2.005E-10 -2.068E-12  2.519E-13  1.00E-07
  7.350E+01 7.71884E-18 -3.172E-04 -2.765E-09 -2.670E-10 -2.076E-12  2.422E-13  1.00E-07
  7.400E+01 7.65851E-18 -3.477E-04 -2.747E-09 -3.326E-10 -2.083E-12  2.325E-13  1.00E-07
  7.450E+01 7.60156E-18 -3.784E-04 -2.728E-09 -3.972E-10 -2.090E-12  2.228E-13  1.00E-07
  7.500E+01 7.54792E-18 -4.091E-04 -2.708E-09 -4.609E-10 -2.097E-12  2.131E-13  1.00E-07
  7.550E+01 7.49748E-18 -4.397E-04 -2.688E-09 -5.236E-10 -2.104E-12  2.034E-13  1.00E-07
  7.600E+01 7.45014E-18 -4.703E-04 -2.666E-09 -5.854E-10 -2.110E-12  1.937E-13  1.00E-07
  7.650E+01 7.40582E-18 -5.008E-04 -2.643E-09 -6.463E-10 -2.116E-12  1.840E-13  1.00E-07
  7.700E+01 7.36444E-18 -5.311E-04 -2.620E-09 -7.063E-10 -2.122E-12  1.744E-13  1.00E-07
  7.750E+01 7.32591E-18 -5.613E-04 -2.596E-09 -7.653E-10 -2.128E-12  1.647E-13  1.00E-07
  7.800E+01 7.29015E-18 -5.913E-04 -2.571E-09 -8.234E-10 -2.133E-12  1.550E-13  1.00E-07
  7.850E+01 7.25710E-18 -6.210E-04 -2.546E-09 -8.806E-10 -2.138E-12  1.454E-13  1.00E-07
  7.900E+01 7.22668E-18 -6.504E-04 -2.520E-09 -9.369E-10 -2.143E-12  1.358E-13  1.00E-07
  7.950E+01 7.19883E-18 -6.795E-04 -2.493E-09 -9.923E-10 -2.148E-12  1.262E-13  1.00E-07
  8.000E+01 7.17347E-18 -7.083E-04 -2.465E-09 -1.047E-09 -2.152E-12  1.166E-13  1.00E-07
  8.050E+01 7.15055E-18 -7.366E-04 -2.437E-09 -1.100E-09 -2.156E-12  1.070E-13  1.00E-07
  8.100E+01 7.13000E-18 -7.646E-04 -2.408E-09 -1.153E-09 -2.160E-12  9.752E-14  1.00E-07
  8.150E+01 7.11176E-18 -7.921E-04 -2.379E-09 -1.205E-09 -2.164E-12  8.804E-14  1.00E-07
  8.200E+01 7.09579E-18 -8.192E-04 -2.349E-09 -1.256E-09 -2.167E-12  7.860E-14  1.00E-07
  8.250E+01 7.08202E-18 -8.457E-04 -2.319E-09 -1.306E-09 -2.171E-12  6.919E-14  1.00E-07
  8.300E+01 7.07041E-18 -8.718E-04 -2.288E-09 -1.355E-09 -2.174E-12  5.982E-14  1.00E-07
  8.350E+01 7.06090E-18 -8.972E-04 -2.257E-09 -1.403E-09 -2.176E-12  5.050E-14  1.00E-07
  8.400E+01 7.05344E-18 -9.222E-04 -2.225E-09 -1.451E-09 -2.179E-12  4.123E-14  1.00E-07
  8.450E+01 7.04798E-18 -9.465E-04 -2.192E-09 -1.497E-09 -2.181E-12  3.200E-14  1.00E-07
  8.500E+01 7.04449E-18 -9.702E-04 -2.160E-09 -1.543E-09 -2.183E-12  2.282E-14  1.00E-07
  8.550E+01 7.04291E-18 -9.934E-04 -2.126E-09 -1.588E-09 -2.185E-12  1.369E-14  1.00E-07
  8.600E+01 7.04320E-18 -1.016E-03 -2.093E-09 -1.632E-09 -2.186E-12  4.622E-15  1.00E-07
  8.650E+01 7.04532E-18 -1.038E-03 -2.059E-09 -1.675E-09 -2.187E-12 -4.392E-15  1.00E-07
  8.700E+01 7.04923E-18 -1.059E-03 -2.024E-09 -1.718E-09 -2.188E-12 -1.335E-14  1.00E-07
  8.750E+01 7.05489E-18 -1.079E-03 -1.990E-09 -1.759E-09 -2.189E-12 -2.224E-14  1.00E-07
  8.800E+01 7.06226E-18 -1.099E-03 -1.955E-09 -1.800E-09 -2.190E-12 -3.107E-14  1.00E-07
  8.850E+01 7.07130E-18 -1.118E-03 -1.920E-09 -1.840E-09 -2.190E-12 -3.983E-14  1.00E-07
  8.900E+01 7.08198E-18 -1.137E-03 -1.884E-09 -1.879E-09 -2.190E-12 -4.853E-14  1.00E-07
  8.950E+01 7.09425E-18 -1.154E-03 -1.848E-09 -1.918E-09 -2.190E-12 -5.716E-14  1.00E-07
  9.000E+01 7.10809E-18 -1.171E-03 -1.812E-09 -1.956E-09 -2.190E-12 -6.571E-14  1.00E-07
  9.050E+01 7.12345E-18 -1.188E-03 -1.776E-09 -1.993E-09 -2.189E-12 -7.420E-14  1.00E-07
  9.100E+01 7.14031E-18 -1.203E-03 -1.739E-09 -2.029E-09 -2.188E-12 -8.260E-14  1.00E-07
  9.150E+01 7.15863E-18 -1.218E-03 -1.702E-09 -2.064E-09 -2.187E-12 -9.093E-14  1.00E-07
  9.200E+01 7.17837E-18 -1.232E-03 -1.665E-09 -2.099E-09 -2.186E-12 -9.919E-14  1.00E-07
  9.250E+01 7.19952E-18 -1.246E-03 -1.628E-09 -2.133E-09 -2.185E-12 -1.074E-13  1.00E-07
  9.300E+01 7.22203E-18 -1.258E-03 -1.591E-09 -2.166E-09 -2.183E-12 -1.154E-13  1.00E-07
  9.350E+01 7.24587E-18 -1.271E-03 -1.553E-09 -2.198E-09 -2.181E-12 -1.235E-13  1.00E-07
  9.400E+01 7.27101E-18 -1.282E-03 -1.516E-09 -2.230E-09 -2.179E-12 -1.314E-13  1.00E-07
  9.450E+01 7.29743E-18 -1.293E-03 -1.478E-09 -2.261E-09 -2.177E-12 -1.392E-13  1.00E-07
  9.500E+01 7.32510E-18 -1.303E-03 -1.440E-09 -2.291E-09 -2.174E-12 -1.470E-13  1.00E-07
  9.550E+01 7.35398E-18 -1.312E-03 -1.402E-09 -2.321E-09 -2.172E-12 -1.546E-13  1.00E-07
  9.600E+01 7.38404E-18 -1.321E-03 -1.364E-09 -2.350E-09 -2.169E-12 -1.622E-13  1.00E-07
  9.650E+01 7.41527E-18 -1.329E-03 -1.326E-09 -2.378E-09 -2.166E-12 -1.697E-13  1.00E-07
  9.700E+01 7.44763E-18 -1.336E-03 -1.288E-09 -2.406E-09 -2.162E-12 -1.770E-13  1.00E-07
  9.750E+01 7.48109E-18 -1.343E-03 -1.250E-09 -2.433E-09 -2.159E-12 -1.843E-13  1.00E-07
  9.800E+01 7.51563E-18 -1.349E-03 -1.211E-09 -2.459E-09 -2.155E-12 -1.915E-13  1.00E-07
  9.850E+01 7.55122E-18 -1.354E-03 -1.173E-09 -2.485E-09 -2.151E-12 -1.986E-13  1.00E-07
  9.900E+01 7.58783E-18 -1.359E-03 -1.135E-09 -2.510E-09 -2.147E-12 -2.056E-13  1.00E-07
  9.950E+01 7.62545E-18 -1.363E-03 -1.096E-09 -2.535E-09 -2.143E-12 -2.125E-13  1.00E-07
  1.000E+02 7.66403E-18 -1.367E-03 -1.058E-09 -2.558E-09 -2.138E-12 -2.193E-13  1.00E-07
  1.005E+02 7.70357E-18 -1.370E-03 -1.019E-09 -2.582E-09 -2.134E-12 -2.260E-13  1.00E-07
  1.010E+02 7.74402E-18 -1.373E-03 -9.809E-10 -2.604E-09 -2.129E-12 -2.326E-13  1.00E-07
  1.015E+02 7.78538E-18 -1.375E-03 -9.426E-10 -2.626E-09 -2.124E-12 -2.391E-13  1.00E-07
  1.020E+02 7.82761E-18 -1.377E-03 -9.043E-10 -2.648E-09 -2.119E-12 -2.454E-13  1.00E-07
  1.025E+02 7.87069E-18 -1.378E-03 -8.660E-10 -2.668E-09 -2.113E-12 -2.517E-13  1.00E-07
  1.030E+02 7.91460E-18 -1.378E-03 -8.278E-10 -2.689E-09 -2.108E-12 -2.579E-13  1.00E-07
  1.035E+02 7.95930E-18 -1.378E-03 -7.896E-10 -2.708E-09 -2.102E-12 -2.639E-13  1.00E-07
  1.040E+02 8.00479E-18 -1.378E-03 -7.515E-10 -2.728E-09 -2.096E-12 -2.699E-13  1.00E-07
  1.045E+02 8.05103E-18 -1.377E-03 -7.134E-10 -2.746E-09 -2.090E-12 -2.757E-13  1.00E-07
  1.050E+02 8.09801E-18 -1.376E-03 -6.755E-10 -2.764E-09 -2.084E-12 -2.814E-13  1.00E-07
  1.055E+02 8.14570E-18 -1.374E-03 -6.376E-10 -2.782E-09 -2.077E-12 -2.871E-13  1.00E-07
  1.060E+02 8.19408E-18 -1.372E-03 -5.999E-10 -2.799E-09 -2.070E-12 -2.926E-13  1.00E-07
  1.065E+02 8.24312E-18 -1.369E-03 -5.622E-10 -2.816E-09 -2.064E-12 -2.980E-13  1.00E-07
  1.070E+02 8.29281E-18 -1.366E-03 -5.247E-10 -2.832E-09 -2.057E-12 -3.032E-13  1.00E-07
  1.075E+02 8.34312E-18 -1.363E-03 -4.872E-10 -2.847E-09 -2.050E-12 -3.084E-13  1.00E-07
  1.080E+02 8.39403E-18 -1.359E-03 -4.499E-10 -2.862E-09 -2.042E-12 -3.135E-13  1.00E-07
  1.085E+02 8.44552E-18 -1.355E-03 -4.127E-10 -2.877E-09 -2.035E-12 -3.184E-13  1.00E-07
  1.090E+02 8.49757E-18 -1.351E-03 -3.757E-10 -2.891E-09 -2.027E-12 -3.232E-13  1.00E-07
  1.095E+02 8.55016E-18 -1.346E-03 -3.388E-10 -2.904E-09 -2.019E-12 -3.279E-13  1.00E-07
  1.100E+02 8.60326E-18 -1.341E-03 -3.020E-10 -2.918E-09 -2.012E-12 -3.325E-13  1.00E-07
  1.105E+02 8.65686E-18 -1.336E-03 -2.654E-10 -2.930E-09 -2.003E-12 -3.370E-13  1.00E-07
  1.110E+02 8.71094E-18 -1.330E-03 -2.290E-10 -2.943E-09 -1.995E-12 -3.414E-13  1.00E-07
  1.115E+02 8.76548E-18 -1.324E-03 -1.927E-10 -2.954E-09 -1.987E-12 -3.456E-13  1.00E-07
  1.120E+02 8.82045E-18 -1.318E-03 -1.566E-10 -2.966E-09 -1.978E-12 -3.497E-13  1.00E-07
  1.125E+02 8.87585E-18 -1.311E-03 -1.207E-10 -2.977E-09 -1.970E-12 -3.538E-13  1.00E-07
  1.130E+02 8.93163E-18 -1.305E-03 -8.491E-11 -2.987E-09 -1.961E-12 -3.576E-13  1.00E-07
  1.135E+02 8.98780E-18 -1.298E-03 -4.934E-11 -2.998E-09 -1.952E-12 -3.614E-13  1.00E-07
  1.140E+02 9.04433E-18 -1.291E-03 -1.396E-11 -3.007E-09 -1.943E-12 -3.651E-13  1.00E-07
  1.145E+02 9.10120E-18 -1.283E-03  2.124E-11 -3.017E-09 -1.933E-12 -3.686E-13  1.00E-07
  1.150E+02 9.15839E-18 -1.276E-03  5.623E-11 -3.026E-09 -1.924E-12 -3.720E-13  1.00E-07
  1.155E+02 9.21588E-18 -1.268E-03  9.102E-11 -3.034E-09 -1.914E-12 -3.753E-13  1.00E-07
  1.160E+02 9.27367E-18 -1.260E-03  1.256E-10 -3.043E-09 -1.905E-12 -3.785E-13  1.00E-07
  1.165E+02 9.33171E-18 -1.252E-03  1.600E-10 -3.051E-09 -1.895E-12 -3.816E-13  1.00E-07
  1.170E+02 9.39001E-18 -1.244E-03  1.942E-10 -3.058E-09 -1.885E-12 -3.845E-13  1.00E-07
  1.175E+02 9.44854E-18 -1.235E-03  2.281E-10 -3.065E-09 -1.875E-12 -3.873E-13  1.00E-07
  1.180E+02 9.50728E-18 -1.227E-03  2.618E-10 -3.072E-09 -1.865E-12 -3.900E-13  1.00E-07
  1.185E+02 9.56622E-18 -1.218E-03  2.954E-10 -3.079E-09 -1.854E-12 -3.926E-13  1.00E-07
  1.190E+02 9.62534E-18 -1.209E-03  3.286E-10 -3.085E-09 -1.844E-12 -3.951E-13  1.00E-07
  1.195E+02 9.68462E-18 -1.200E-03  3.617E-10 -3.091E-09 -1.833E-12 -3.974E-13  1.00E-07
  1.200E+02 9.74405E-18 -1.191E-03  3.945E-10 -3.097E-09 -1.822E-12 -3.996E-13  1.00E-07
  1.205E+02 9.80360E-18 -1.181E-03  4.271E-10 -3.102E-09 -1.812E-12 -4.017E-13  1.00E-07
  1.210E+02 9.86327E-18 -1.172E-03  4.595E-10 -3.107E-09 -1.801E-12 -4.037E-13  1.00E-07
  1.215E+02 9.92304E-18 -1.162E-03  4.916E-10 -3.111E-09 -1.789E-12 -4.056E-13  1.00E-07
  1.220E+02 9.98288E-18 -1.153E-03  5.234E-10 -3.116E-09 -1.778E-12 -4.074E-13  1.00E-07
  1.225E+02 1.00428E-17 -1.143E-03  5.551E-10 -3.120E-09 -1.767E-12 -4.090E-13  1.00E-07
  1.230E+02 1.01027E-17 -1.133E-03  5.864E-10 -3.124E-09 -1.755E-12 -4.105E-13  1.00E-07
  1.235E+02 1.01627E-17 -1.123E-03  6.176E-10 -3.128E-09 -1.744E-12 -4.119E-13  1.00E-07
  1.240E+02 1.02227E-17 -1.113E-03  6.484E-10 -3.131E-09 -1.732E-12 -4.132E-13  1.00E-07
  1.245E+02 1.02827E-17 -1.103E-03  6.790E-10 -3.134E-09 -1.720E-12 -4.144E-13  1.00E-07
  1.250E+02 1.03427E-17 -1.093E-03  7.094E-10 -3.137E-09 -1.708E-12 -4.154E-13  1.00E-07
  1.255E+02 1.04027E-17 -1.083E-03  7.395E-10 -3.139E-09 -1.696E-12 -4.163E-13  1.00E-07
  1.260E+02 1.04626E-17 -1.073E-03  7.694E-10 -3.142E-09 -1.684E-12 -4.172E-13  1.00E-07
  1.265E+02 1.05225E-17 -1.063E-03  7.989E-10 -3.144E-09 -1.672E-12 -4.179E-13  1.00E-07
  1.270E+02 1.05823E-17 -1.052E-03  8.283E-10 -3.146E-09 -1.660E-12 -4.185E-13  1.00E-07
  1.275E+02 1.06420E-17 -1.042E-03  8.573E-10 -3.148E-09 -1.647E-12 -4.189E-13  1.00E-07
  1.280E+02 1.07016E-17 -1.032E-03  8.861E-10 -3.149E-09 -1.635E-12 -4.193E-13  1.00E-07
  1.285E+02 1.07611E-17 -1.021E-03  9.146E-10 -3.150E-09 -1.622E-12 -4.195E-13  1.00E-07
  1.290E+02 1.08204E-17 -1.011E-03  9.429E-10 -3.151E-09 -1.610E-12 -4.197E-13  1.00E-07
  1.295E+02 1.08797E-17 -1.000E-03  9.709E-10 -3.152E-09 -1.597E-12 -4.197E-13  1.00E-07
  1.300E+02 1.09387E-17 -9.896E-04  9.986E-10 -3.153E-09 -1.584E-12 -4.196E-13  1.00E-07
  1.305E+02 1.09976E-17 -9.791E-04  1.026E-09 -3.154E-09 -1.571E-12 -4.194E-13  1.00E-07
  1.310E+02 1.10563E-17 -9.685E-04  1.053E-09 -3.154E-09 -1.558E-12 -4.191E-13  1.00E-07
  1.315E+02 1.11149E-17 -9.579E-04  1.080E-09 -3.154E-09 -1.544E-12 -4.187E-13  1.00E-07
  1.320E+02 1.11732E-17 -9.473E-04  1.107E-09 -3.154E-09 -1.531E-12 -4.181E-13  1.00E-07
  1.325E+02 1.12313E-17 -9.367E-04  1.133E-09 -3.154E-09 -1.518E-12 -4.175E-13  1.00E-07
  1.330E+02 1.12891E-17 -9.260E-04  1.159E-09 -3.154E-09 -1.504E-12 -4.167E-13  1.00E-07
  1.335E+02 1.13467E-17 -9.154E-04  1.185E-09 -3.153E-09 -1.491E-12 -4.159E-13  1.00E-07
  1.340E+02 1.14041E-17 -9.048E-04  1.210E-09 -3.153E-09 -1.477E-12 -4.149E-13  1.00E-07
  1.345E+02 1.14612E-17 -8.941E-04  1.236E-09 -3.152E-09 -1.463E-12 -4.139E-13  1.00E-07
  1.350E+02 1.15180E-17 -8.835E-04  1.261E-09 -3.151E-09 -1.450E-12 -4.127E-13  1.00E-07
  1.355E+02 1.15745E-17 -8.728E-04  1.285E-09 -3.150E-09 -1.436E-12 -4.114E-13  1.00E-07
  1.360E+02 1.16307E-17 -8.622E-04  1.310E-09 -3.149E-09 -1.422E-12 -4.100E-13  1.00E-07
  1.365E+02 1.16866E-17 -8.515E-04  1.334E-09 -3.148E-09 -1.408E-12 -4.085E-13  1.00E-07
  1.370E+02 1.17421E-17 -8.409E-04  1.358E-09 -3.146E-09 -1.394E-12 -4.070E-13  1.00E-07
  1.375E+02 1.17973E-17 -8.303E-04  1.381E-09 -3.145E-09 -1.379E-12 -4.053E-13  1.00E-07
  1.380E+02 1.18522E-17 -8.196E-04  1.404E-09 -3.143E-09 -1.365E-12 -4.035E-13  1.00E-07
  1.385E+02 1.19067E-17 -8.090E-04  1.427E-09 -3.142E-09 -1.351E-12 -4.016E-13  1.00E-07
  1.390E+02 1.19609E-17 -7.984E-04  1.450E-09 -3.140E-09 -1.336E-12 -3.996E-13  1.00E-07
  1.395E+02 1.20146E-17 -7.879E-04  1.472E-09 -3.138E-09 -1.322E-12 -3.975E-13  1.00E-07
  1.400E+02 1.20680E-17 -7.773E-04  1.495E-09 -3.136E-09 -1.307E-12 -3.953E-13  1.00E-07
  1.405E+02 1.21209E-17 -7.667E-04  1.516E-09 -3.134E-09 -1.293E-12 -3.930E-13  1.00E-07
  1.410E+02 1.21735E-17 -7.562E-04  1.538E-09 -3.132E-09 -1.278E-12 -3.907E-13  1.00E-07
  1.415E+02 1.22256E-17 -7.457E-04  1.559E-09 -3.130E-09 -1.263E-12 -3.882E-13  1.00E-07
  1.420E+02 1.22773E-17 -7.352E-04  1.580E-09 -3.127E-09 -1.248E-12 -3.856E-13  1.00E-07
  1.425E+02 1.23286E-17 -7.247E-04  1.601E-09 -3.125E-09 -1.233E-12 -3.830E-13  1.00E-07
  1.430E+02 1.23794E-17 -7.142E-04  1.621E-09 -3.123E-09 -1.218E-12 -3.802E-13  1.00E-07
  1.435E+02 1.24297E-17 -7.038E-04  1.642E-09 -3.120E-09 -1.203E-12 -3.774E-13  1.00E-07
  1.440E+02 1.24796E-17 -6.934E-04  1.661E-09 -3.118E-09 -1.188E-12 -3.744E-13  1.00E-07
  1.445E+02 1.25290E-17 -6.830E-04  1.681E-09 -3.115E-09 -1.173E-12 -3.714E-13  1.00E-07
  1.450E+02 1.25779E-17 -6.726E-04  1.700E-09 -3.112E-09 -1.158E-12 -3.683E-13  1.00E-07
  1.455E+02 1.26263E-17 -6.622E-04  1.719E-09 -3.110E-09 -1.143E-12 -3.651E-13  1.00E-07
  1.460E+02 1.26742E-17 -6.519E-04  1.738E-09 -3.107E-09 -1.127E-12 -3.618E-13  1.00E-07
  1.465E+02 1.27216E-17 -6.416E-04  1.756E-09 -3.104E-09 -1.112E-12 -3.585E-13  1.00E-07
  1.470E+02 1.27684E-17 -6.313E-04  1.775E-09 -3.102E-09 -1.096E-12 -3.550E-13  1.00E-07
  1.475E+02 1.28148E-17 -6.211E-04  1.792E-09 -3.099E-09 -1.081E-12 -3.515E-13  1.00E-07
  1.480E+02 1.28605E-17 -6.108E-04  1.810E-09 -3.096E-09 -1.065E-12 -3.479E-13  1.00E-07
  1.485E+02 1.29058E-17 -6.006E-04  1.827E-09 -3.093E-09 -1.050E-12 -3.442E-13  1.00E-07
  1.490E+02 1.29505E-17 -5.904E-04  1.844E-09 -3.090E-09 -1.034E-12 -3.404E-13  1.00E-07
  1.495E+02 1.29946E-17 -5.803E-04  1.861E-09 -3.087E-09 -1.018E-12 -3.365E-13  1.00E-07
  1.500E+02 1.30382E-17 -5.702E-04  1.878E-09 -3.084E-09 -1.003E-12 -3.326E-13  1.00E-07
  1.505E+02 1.30812E-17 -5.600E-04  1.894E-09 -3.081E-09 -9.868E-13 -3.286E-13  1.00E-07
  1.510E+02 1.31236E-17 -5.500E-04  1.910E-09 -3.078E-09 -9.710E-13 -3.245E-13  1.00E-07
  1.515E+02 1.31654E-17 -5.399E-04  1.925E-09 -3.076E-09 -9.551E-13 -3.203E-13  1.00E-07
  1.520E+02 1.32066E-17 -5.299E-04  1.941E-09 -3.073E-09 -9.391E-13 -3.161E-13  1.00E-07
  1.525E+02 1.32472E-17 -5.199E-04  1.956E-09 -3.070E-09 -9.231E-13 -3.118E-13  1.00E-07
  1.530E+02 1.32872E-17 -5.099E-04  1.970E-09 -3.067E-09 -9.071E-13 -3.074E-13  1.00E-07
  1.535E+02 1.33265E-17 -4.999E-04  1.985E-09 -3.064E-09 -8.910E-13 -3.030E-13  1.00E-07
  1.540E+02 1.33653E-17 -4.900E-04  1.999E-09 -3.061E-09 -8.749E-13 -2.985E-13  1.00E-07
  1.545E+02 1.34034E-17 -4.801E-04  2.013E-09 -3.058E-09 -8.587E-13 -2.939E-13  1.00E-07
  1.550E+02 1.34409E-17 -4.702E-04  2.027E-09 -3.055E-09 -8.425E-13 -2.892E-13  1.00E-07
  1.555E+02 1.34777E-17 -4.604E-04  2.040E-09 -3.052E-09 -8.263E-13 -2.845E-13  1.00E-07
  1.560E+02 1.35139E-17 -4.506E-04  2.053E-09 -3.049E-09 -8.100E-13 -2.797E-13  1.00E-07
  1.565E+02 1.35494E-17 -4.408E-04  2.066E-09 -3.047E-09 -7.937E-13 -2.749E-13  1.00E-07
  1.570E+02 1.35843E-17 -4.310E-04  2.078E-09 -3.044E-09 -7.774E-13 -2.700E-13  1.00E-07
  1.575E+02 1.36185E-17 -4.212E-04  2.091E-09 -3.041E-09 -7.610E-13 -2.650E-13  1.00E-07
  1.580E+02 1.36520E-17 -4.115E-04  2.103E-09 -3.038E-09 -7.446E-13 -2.600E-13  1.00E-07
  1.585E+02 1.36849E-17 -4.018E-04  2.114E-09 -3.035E-09 -7.281E-13 -2.549E-13  1.00E-07
  1.590E+02 1.37170E-17 -3.921E-04  2.126E-09 -3.033E-09 -7.116E-13 -2.498E-13  1.00E-07
  1.595E+02 1.37485E-17 -3.824E-04  2.137E-09 -3.030E-09 -6.951E-13 -2.446E-13  1.00E-07
  1.600E+02 1.37793E-17 -3.728E-04  2.148E-09 -3.027E-09 -6.786E-13 -2.394E-13  1.00E-07
  1.605E+02 1.38094E-17 -3.632E-04  2.159E-09 -3.025E-09 -6.620E-13 -2.341E-13  1.00E-07
  1.610E+02 1.38387E-17 -3.536E-04  2.169E-09 -3.022E-09 -6.454E-13 -2.287E-13  1.00E-07
  1.615E+02 1.38674E-17 -3.440E-04  2.179E-09 -3.020E-09 -6.287E-13 -2.233E-13  1.00E-07
  1.620E+02 1.38954E-17 -3.345E-04  2.189E-09 -3.017E-09 -6.121E-13 -2.179E-13  1.00E-07
  1.625E+02 1.39226E-17 -3.249E-04  2.198E-09 -3.015E-09 -5.954E-13 -2.124E-13  1.00E-07
  1.630E+02 1.39492E-17 -3.154E-04  2.208E-09 -3.013E-09 -5.786E-13 -2.068E-13  1.00E-07
  1.635E+02 1.39750E-17 -3.059E-04  2.217E-09 -3.010E-09 -5.619E-13 -2.012E-13  1.00E-07
  1.640E+02 1.40000E-17 -2.964E-04  2.225E-09 -3.008E-09 -5.451E-13 -1.956E-13  1.00E-07
  1.645E+02 1.40244E-17 -2.870E-04  2.234E-09 -3.006E-09 -5.283E-13 -1.899E-13  1.00E-07
  1.650E+02 1.40480E-17 -2.775E-04  2.242E-09 -3.004E-09 -5.115E-13 -1.842E-13  1.00E-07
  1.655E+02 1.40708E-17 -2.681E-04  2.250E-09 -3.002E-09 -4.947E-13 -1.785E-13  1.00E-07
  1.660E+02 1.40930E-17 -2.587E-04  2.257E-09 -3.000E-09 -4.778E-13 -1.727E-13  1.00E-07
  1.665E+02 1.41143E-17 -2.493E-04  2.265E-09 -2.998E-09 -4.609E-13 -1.668E-13  1.00E-07
  1.670E+02 1.41350E-17 -2.399E-04  2.272E-09 -2.996E-09 -4.440E-13 -1.610E-13  1.00E-07
  1.675E+02 1.41549E-17 -2.306E-04  2.279E-09 -2.994E-09 -4.271E-13 -1.551E-13  1.00E-07
  1.680E+02 1.41740E-17 -2.212E-04  2.285E-09 -2.992E-09 -4.102E-13 -1.491E-13  1.00E-07
  1.685E+02 1.41923E-17 -2.119E-04  2.291E-09 -2.990E-09 -3.932E-13 -1.432E-13  1.00E-07
  1.690E+02 1.42099E-17 -2.026E-04  2.297E-09 -2.989E-09 -3.762E-13 -1.372E-13  1.00E-07
  1.695E+02 1.42268E-17 -1.933E-04  2.303E-09 -2.987E-09 -3.592E-13 -1.311E-13  1.00E-07
  1.700E+02 1.42428E-17 -1.840E-04  2.309E-09 -2.986E-09 -3.422E-13 -1.251E-13  1.00E-07
  1.705E+02 1.42581E-17 -1.747E-04  2.314E-09 -2.984E-09 -3.252E-13 -1.190E-13  1.00E-07
  1.710E+02 1.42727E-17 -1.655E-04  2.319E-09 -2.983E-09 -3.082E-13 -1.129E-13  1.00E-07
  1.715E+02 1.42864E-17 -1.562E-04  2.323E-09 -2.981E-09 -2.911E-13 -1.067E-13  1.00E-07
  1.720E+02 1.42994E-17 -1.470E-04  2.328E-09 -2.980E-09 -2.741E-13 -1.006E-13  1.00E-07
  1.725E+02 1.43116E-17 -1.377E-04  2.332E-09 -2.979E-09 -2.570E-13 -9.439E-14  1.00E-07
  1.730E+02 1.43230E-17 -1.285E-04  2.336E-09 -2.978E-09 -2.399E-13 -8.819E-14  1.00E-07
  1.735E+02 1.43337E-17 -1.193E-04  2.339E-09 -2.977E-09 -2.228E-13 -8.197E-14  1.00E-07
  1.740E+02 1.43435E-17 -1.101E-04  2.343E-09 -2.976E-09 -2.057E-13 -7.573E-14  1.00E-07
  1.745E+02 1.43526E-17 -1.009E-04  2.346E-09 -2.975E-09 -1.886E-13 -6.948E-14  1.00E-07
  1.750E+02 1.43609E-17 -9.170E-05  2.349E-09 -2.974E-09 -1.715E-13 -6.321E-14  1.00E-07
  1.755E+02 1.43684E-17 -8.251E-05  2.351E-09 -2.973E-09 -1.543E-13 -5.693E-14  1.00E-07
  1.760E+02 1.43752E-17 -7.333E-05  2.353E-09 -2.973E-09 -1.372E-13 -5.063E-14  1.00E-07
  1.765E+02 1.43811E-17 -6.415E-05  2.355E-09 -2.972E-09 -1.201E-13 -4.433E-14  1.00E-07
  1.770E+02 1.43862E-17 -5.498E-05  2.357E-09 -2.972E-09 -1.029E-13 -3.801E-14  1.00E-07
  1.775E+02 1.43906E-17 -4.581E-05  2.358E-09 -2.971E-09 -8.578E-14 -3.169E-14  1.00E-07
  1.780E+02 1.43941E-17 -3.664E-05  2.360E-09 -2.971E-09 -6.863E-14 -2.536E-14  1.00E-07
  1.785E+02 1.43969E-17 -2.748E-05  2.361E-09 -2.971E-09 -5.148E-14 -1.902E-14  1.00E-07
  1.790E+02 1.43989E-17 -1.832E-05  2.361E-09 -2.970E-09 -3.432E-14 -1.269E-14  1.00E-07
  1.795E+02 1.44001E-17 -9.160E-06  2.362E-09 -2.970E-09 -1.716E-14 -6.343E-15  1.00E-07
  1.800E+02 1.44005E-17 -1.285E-19  2.362E-09 -2.970E-09 -2.408E-28 -8.902E-29  1.00E-07

  TOTAL ELASTIC CROSS SECTION = 3.100126E-16 cm**2
               FROM DCS TABLE = 3.100069E-16  (REL. DIF. = 1.85E-05)

  1ST TRANSPORT CROSS SECTION = 1.423611E-16 cm**2
               FROM DCS TABLE = 1.423614E-16  (REL. DIF. = 1.84E-06)

  2ND TRANSPORT CROSS SECTION = 1.580715E-16 cm**2

  **** DPWA0 ENDED ************************************************************

