

  **** PARTIAL WAVE ANALYSIS (DPWA0) ******************************************


  KINETIC ENERGY = 2.28000E+02 eV

      L       PHASE(SPIN UP)     PHASE(SPIN DOWN)
  -----------------------------------------------
       0     -6.30071672E-01      0.00000000E+00
       1      1.34260893E+00      1.34376605E+00
       2      7.58318387E-01      7.58610487E-01
       3      4.52775894E-01      4.52906056E-01
       4      2.74277893E-01      2.74348060E-01
       5      1.67238478E-01      1.67278784E-01
       6      1.02603219E-01      1.02627044E-01
       7      6.33368025E-02      6.33511330E-02
       8      3.93238114E-02      3.93325378E-02
       9      2.45428952E-02      2.45482591E-02
      10      1.53897963E-02      1.53931178E-02
      11      9.69097933E-03      9.69304877E-03
      12      6.12560895E-03      6.12690494E-03
      13      3.88526832E-03      3.88608358E-03
      14      2.47198060E-03      2.47249549E-03
      15      1.57723955E-03      1.57756589E-03
      16      1.00894111E-03      1.00914860E-03
      17      6.46911777E-04      6.47044095E-04
      18      4.15659900E-04      4.15744499E-04
      19      2.67580389E-04      2.67634607E-04
      20      1.72547591E-04      1.72582414E-04
      21      1.11435441E-04      1.11457850E-04
      22      7.20650645E-05      7.20795102E-05
      23      4.66601538E-05      4.66694806E-05
      24      3.02430809E-05      3.02491110E-05
      25      1.96204212E-05      1.96243248E-05
      26      1.27392010E-05      1.27417307E-05
      27      8.27716631E-06      8.27880721E-06
      28      5.38127856E-06      5.38234384E-06
      29      3.50039081E-06      3.50108289E-06
      30      2.27793765E-06      2.27838756E-06
      31      1.48296856E-06      1.48326119E-06
      32      9.65741219E-07      9.65931645E-07
      33      6.29079166E-07      6.29203131E-07
      34      4.09869059E-07      4.09949789E-07
      35      2.67092867E-07      2.67145452E-07
      36      1.74076956E-07      1.74111214E-07
      37      1.13466640E-07      1.13488966E-07
      38      7.39657351E-08      7.39802868E-08
      39      4.82190778E-08      4.82285607E-08
      40      3.14357364E-08      3.14419183E-08
      41      2.04944661E-08      2.04984939E-08
      42      1.33613112E-08      1.33639439E-08
      43      8.71079529E-09      8.71250574E-09
      44      5.67883685E-09      5.67995099E-09
      45      3.70205460E-09      3.70277791E-09
      46      2.41322335E-09      2.41370263E-09
      47      1.57302911E-09      1.57333753E-09
      48      1.02533017E-09      1.02553676E-09
      49      6.68289556E-10      6.68418607E-10
      50      4.35505724E-10      4.35594316E-10


  *** SCATTERING AMPLITUDES AND DIFFERENTIAL CROSS SECTION ***

    ANGLE      DCS       ASYMMETRY    DIRECT AMPLITUDE       SPIN-FLIP AMPLITUDE     ERROR
    (deg)   (cm**2/sr)                      (cm)                    (cm)
  -------------------------------------------------------------------------------------------
  0.000E+00 4.38271E-16  0.000E+00  1.812E-08  1.048E-08  0.000E+00  0.000E+00  1.00E-07
  1.000E-04 4.38271E-16  2.147E-10  1.812E-08  1.048E-08  6.288E-18  6.232E-18  1.00E-07
  1.250E-04 4.38271E-16  2.684E-10  1.812E-08  1.048E-08  7.860E-18  7.790E-18  1.00E-07
  1.500E-04 4.38271E-16  3.220E-10  1.812E-08  1.048E-08  9.432E-18  9.348E-18  1.00E-07
  1.750E-04 4.38271E-16  3.757E-10  1.812E-08  1.048E-08  1.100E-17  1.091E-17  1.00E-07
  2.000E-04 4.38271E-16  4.294E-10  1.812E-08  1.048E-08  1.258E-17  1.246E-17  1.00E-07
  2.250E-04 4.38271E-16  4.831E-10  1.812E-08  1.048E-08  1.415E-17  1.402E-17  1.00E-07
  2.500E-04 4.38271E-16  5.367E-10  1.812E-08  1.048E-08  1.572E-17  1.558E-17  1.00E-07
  2.750E-04 4.38271E-16  5.904E-10  1.812E-08  1.048E-08  1.729E-17  1.714E-17  1.00E-07
  3.000E-04 4.38271E-16  6.441E-10  1.812E-08  1.048E-08  1.886E-17  1.870E-17  1.00E-07
  3.250E-04 4.38271E-16  6.978E-10  1.812E-08  1.048E-08  2.044E-17  2.025E-17  1.00E-07
  3.500E-04 4.38271E-16  7.514E-10  1.812E-08  1.048E-08  2.201E-17  2.181E-17  1.00E-07
  3.750E-04 4.38271E-16  8.051E-10  1.812E-08  1.048E-08  2.358E-17  2.337E-17  1.00E-07
  4.000E-04 4.38271E-16  8.588E-10  1.812E-08  1.048E-08  2.515E-17  2.493E-17  1.00E-07
  4.250E-04 4.38271E-16  9.124E-10  1.812E-08  1.048E-08  2.672E-17  2.649E-17  1.00E-07
  4.500E-04 4.38271E-16  9.661E-10  1.812E-08  1.048E-08  2.830E-17  2.804E-17  1.00E-07
  4.750E-04 4.38271E-16  1.020E-09  1.812E-08  1.048E-08  2.987E-17  2.960E-17  1.00E-07
  5.000E-04 4.38271E-16  1.073E-09  1.812E-08  1.048E-08  3.144E-17  3.116E-17  1.00E-07
  5.250E-04 4.38271E-16  1.127E-09  1.812E-08  1.048E-08  3.301E-17  3.272E-17  1.00E-07
  5.500E-04 4.38271E-16  1.181E-09  1.812E-08  1.048E-08  3.458E-17  3.428E-17  1.00E-07
  5.750E-04 4.38271E-16  1.234E-09  1.812E-08  1.048E-08  3.616E-17  3.583E-17  1.00E-07
  6.000E-04 4.38271E-16  1.288E-09  1.812E-08  1.048E-08  3.773E-17  3.739E-17  1.00E-07
  6.250E-04 4.38271E-16  1.342E-09  1.812E-08  1.048E-08  3.930E-17  3.895E-17  1.00E-07
  6.500E-04 4.38271E-16  1.396E-09  1.812E-08  1.048E-08  4.087E-17  4.051E-17  1.00E-07
  6.750E-04 4.38271E-16  1.449E-09  1.812E-08  1.048E-08  4.244E-17  4.207E-17  1.00E-07
  7.000E-04 4.38271E-16  1.503E-09  1.812E-08  1.048E-08  4.402E-17  4.362E-17  1.00E-07
  7.250E-04 4.38271E-16  1.557E-09  1.812E-08  1.048E-08  4.559E-17  4.518E-17  1.00E-07
  7.500E-04 4.38271E-16  1.610E-09  1.812E-08  1.048E-08  4.716E-17  4.674E-17  1.00E-07
  7.750E-04 4.38271E-16  1.664E-09  1.812E-08  1.048E-08  4.873E-17  4.830E-17  1.00E-07
  8.000E-04 4.38271E-16  1.718E-09  1.812E-08  1.048E-08  5.030E-17  4.986E-17  1.00E-07
  8.250E-04 4.38271E-16  1.771E-09  1.812E-08  1.048E-08  5.188E-17  5.141E-17  1.00E-07
  8.500E-04 4.38271E-16  1.825E-09  1.812E-08  1.048E-08  5.345E-17  5.297E-17  1.00E-07
  8.750E-04 4.38271E-16  1.879E-09  1.812E-08  1.048E-08  5.502E-17  5.453E-17  1.00E-07
  9.000E-04 4.38271E-16  1.932E-09  1.812E-08  1.048E-08  5.659E-17  5.609E-17  1.00E-07
  9.250E-04 4.38271E-16  1.986E-09  1.812E-08  1.048E-08  5.816E-17  5.764E-17  1.00E-07
  9.500E-04 4.38271E-16  2.040E-09  1.812E-08  1.048E-08  5.974E-17  5.920E-17  1.00E-07
  9.750E-04 4.38271E-16  2.093E-09  1.812E-08  1.048E-08  6.131E-17  6.076E-17  1.00E-07
  1.000E-03 4.38271E-16  2.147E-09  1.812E-08  1.048E-08  6.288E-17  6.232E-17  1.00E-07
  1.250E-03 4.38271E-16  2.684E-09  1.812E-08  1.048E-08  7.860E-17  7.790E-17  1.00E-07
  1.500E-03 4.38271E-16  3.220E-09  1.812E-08  1.048E-08  9.432E-17  9.348E-17  1.00E-07
  1.750E-03 4.38271E-16  3.757E-09  1.812E-08  1.048E-08  1.100E-16  1.091E-16  1.00E-07
  2.000E-03 4.38271E-16  4.294E-09  1.812E-08  1.048E-08  1.258E-16  1.246E-16  1.00E-07
  2.250E-03 4.38271E-16  4.831E-09  1.812E-08  1.048E-08  1.415E-16  1.402E-16  1.00E-07
  2.500E-03 4.38271E-16  5.367E-09  1.812E-08  1.048E-08  1.572E-16  1.558E-16  1.00E-07
  2.750E-03 4.38271E-16  5.904E-09  1.812E-08  1.048E-08  1.729E-16  1.714E-16  1.00E-07
  3.000E-03 4.38271E-16  6.441E-09  1.812E-08  1.048E-08  1.886E-16  1.870E-16  1.00E-07
  3.250E-03 4.38271E-16  6.978E-09  1.812E-08  1.048E-08  2.044E-16  2.025E-16  1.00E-07
  3.500E-03 4.38271E-16  7.514E-09  1.812E-08  1.048E-08  2.201E-16  2.181E-16  1.00E-07
  3.750E-03 4.38271E-16  8.051E-09  1.812E-08  1.048E-08  2.358E-16  2.337E-16  1.00E-07
  4.000E-03 4.38271E-16  8.588E-09  1.812E-08  1.048E-08  2.515E-16  2.493E-16  1.00E-07
  4.250E-03 4.38271E-16  9.124E-09  1.812E-08  1.048E-08  2.672E-16  2.649E-16  1.00E-07
  4.500E-03 4.38271E-16  9.661E-09  1.812E-08  1.048E-08  2.830E-16  2.804E-16  1.00E-07
  4.750E-03 4.38271E-16  1.020E-08  1.812E-08  1.048E-08  2.987E-16  2.960E-16  1.00E-07
  5.000E-03 4.38271E-16  1.073E-08  1.812E-08  1.048E-08  3.144E-16  3.116E-16  1.00E-07
  5.250E-03 4.38271E-16  1.127E-08  1.812E-08  1.048E-08  3.301E-16  3.272E-16  1.00E-07
  5.500E-03 4.38271E-16  1.181E-08  1.812E-08  1.048E-08  3.458E-16  3.428E-16  1.00E-07
  5.750E-03 4.38271E-16  1.234E-08  1.812E-08  1.048E-08  3.616E-16  3.583E-16  1.00E-07
  6.000E-03 4.38271E-16  1.288E-08  1.812E-08  1.048E-08  3.773E-16  3.739E-16  1.00E-07
  6.250E-03 4.38271E-16  1.342E-08  1.812E-08  1.048E-08  3.930E-16  3.895E-16  1.00E-07
  6.500E-03 4.38271E-16  1.396E-08  1.812E-08  1.048E-08  4.087E-16  4.051E-16  1.00E-07
  6.750E-03 4.38271E-16  1.449E-08  1.812E-08  1.048E-08  4.244E-16  4.207E-16  1.00E-07
  7.000E-03 4.38271E-16  1.503E-08  1.812E-08  1.048E-08  4.402E-16  4.362E-16  1.00E-07
  7.250E-03 4.38271E-16  1.557E-08  1.812E-08  1.048E-08  4.559E-16  4.518E-16  1.00E-07
  7.500E-03 4.38271E-16  1.610E-08  1.812E-08  1.048E-08  4.716E-16  4.674E-16  1.00E-07
  7.750E-03 4.38271E-16  1.664E-08  1.812E-08  1.048E-08  4.873E-16  4.830E-16  1.00E-07
  8.000E-03 4.38271E-16  1.718E-08  1.812E-08  1.048E-08  5.030E-16  4.986E-16  1.00E-07
  8.250E-03 4.38271E-16  1.771E-08  1.812E-08  1.048E-08  5.188E-16  5.141E-16  1.00E-07
  8.500E-03 4.38271E-16  1.825E-08  1.812E-08  1.048E-08  5.345E-16  5.297E-16  1.00E-07
  8.750E-03 4.38271E-16  1.879E-08  1.812E-08  1.048E-08  5.502E-16  5.453E-16  1.00E-07
  9.000E-03 4.38271E-16  1.932E-08  1.812E-08  1.048E-08  5.659E-16  5.609E-16  1.00E-07
  9.250E-03 4.38271E-16  1.986E-08  1.812E-08  1.048E-08  5.816E-16  5.764E-16  1.00E-07
  9.500E-03 4.38271E-16  2.040E-08  1.812E-08  1.048E-08  5.974E-16  5.920E-16  1.00E-07
  9.750E-03 4.38271E-16  2.093E-08  1.812E-08  1.048E-08  6.131E-16  6.076E-16  1.00E-07
  1.000E-02 4.38271E-16  2.147E-08  1.812E-08  1.048E-08  6.288E-16  6.232E-16  1.00E-07
  1.250E-02 4.38271E-16  2.684E-08  1.812E-08  1.048E-08  7.860E-16  7.790E-16  1.00E-07
  1.500E-02 4.38271E-16  3.220E-08  1.812E-08  1.048E-08  9.432E-16  9.348E-16  1.00E-07
  1.750E-02 4.38271E-16  3.757E-08  1.812E-08  1.048E-08  1.100E-15  1.091E-15  1.00E-07
  2.000E-02 4.38271E-16  4.294E-08  1.812E-08  1.048E-08  1.258E-15  1.246E-15  1.00E-07
  2.250E-02 4.38270E-16  4.831E-08  1.812E-08  1.048E-08  1.415E-15  1.402E-15  1.00E-07
  2.500E-02 4.38270E-16  5.367E-08  1.812E-08  1.048E-08  1.572E-15  1.558E-15  1.00E-07
  2.750E-02 4.38270E-16  5.904E-08  1.812E-08  1.048E-08  1.729E-15  1.714E-15  1.00E-07
  3.000E-02 4.38270E-16  6.441E-08  1.812E-08  1.048E-08  1.886E-15  1.870E-15  1.00E-07
  3.250E-02 4.38269E-16  6.978E-08  1.812E-08  1.048E-08  2.044E-15  2.025E-15  1.00E-07
  3.500E-02 4.38269E-16  7.514E-08  1.812E-08  1.048E-08  2.201E-15  2.181E-15  1.00E-07
  3.750E-02 4.38269E-16  8.051E-08  1.812E-08  1.048E-08  2.358E-15  2.337E-15  1.00E-07
  4.000E-02 4.38268E-16  8.588E-08  1.812E-08  1.048E-08  2.515E-15  2.493E-15  1.00E-07
  4.250E-02 4.38268E-16  9.124E-08  1.812E-08  1.048E-08  2.672E-15  2.649E-15  1.00E-07
  4.500E-02 4.38267E-16  9.661E-08  1.812E-08  1.048E-08  2.830E-15  2.804E-15  1.00E-07
  4.750E-02 4.38267E-16  1.020E-07  1.812E-08  1.048E-08  2.987E-15  2.960E-15  1.00E-07
  5.000E-02 4.38266E-16  1.073E-07  1.812E-08  1.048E-08  3.144E-15  3.116E-15  1.00E-07
  5.250E-02 4.38266E-16  1.127E-07  1.812E-08  1.048E-08  3.301E-15  3.272E-15  1.00E-07
  5.500E-02 4.38265E-16  1.181E-07  1.812E-08  1.048E-08  3.458E-15  3.428E-15  1.00E-07
  5.750E-02 4.38265E-16  1.234E-07  1.812E-08  1.048E-08  3.616E-15  3.583E-15  1.00E-07
  6.000E-02 4.38264E-16  1.288E-07  1.812E-08  1.048E-08  3.773E-15  3.739E-15  1.00E-07
  6.250E-02 4.38264E-16  1.342E-07  1.812E-08  1.048E-08  3.930E-15  3.895E-15  1.00E-07
  6.500E-02 4.38263E-16  1.396E-07  1.812E-08  1.048E-08  4.087E-15  4.051E-15  1.00E-07
  6.750E-02 4.38262E-16  1.449E-07  1.812E-08  1.048E-08  4.244E-15  4.207E-15  1.00E-07
  7.000E-02 4.38262E-16  1.503E-07  1.812E-08  1.048E-08  4.402E-15  4.362E-15  1.00E-07
  7.250E-02 4.38261E-16  1.557E-07  1.812E-08  1.048E-08  4.559E-15  4.518E-15  1.00E-07
  7.500E-02 4.38260E-16  1.610E-07  1.812E-08  1.048E-08  4.716E-15  4.674E-15  1.00E-07
  7.750E-02 4.38259E-16  1.664E-07  1.812E-08  1.048E-08  4.873E-15  4.830E-15  1.00E-07
  8.000E-02 4.38259E-16  1.718E-07  1.812E-08  1.048E-08  5.030E-15  4.985E-15  1.00E-07
  8.250E-02 4.38258E-16  1.771E-07  1.812E-08  1.048E-08  5.188E-15  5.141E-15  1.00E-07
  8.500E-02 4.38257E-16  1.825E-07  1.812E-08  1.048E-08  5.345E-15  5.297E-15  1.00E-07
  8.750E-02 4.38256E-16  1.879E-07  1.812E-08  1.048E-08  5.502E-15  5.453E-15  1.00E-07
  9.000E-02 4.38255E-16  1.932E-07  1.812E-08  1.048E-08  5.659E-15  5.609E-15  1.00E-07
  9.250E-02 4.38254E-16  1.986E-07  1.812E-08  1.048E-08  5.816E-15  5.764E-15  1.00E-07
  9.500E-02 4.38253E-16  2.040E-07  1.812E-08  1.048E-08  5.973E-15  5.920E-15  1.00E-07
  9.750E-02 4.38252E-16  2.093E-07  1.812E-08  1.048E-08  6.131E-15  6.076E-15  1.00E-07
  1.000E-01 4.38251E-16  2.147E-07  1.812E-08  1.048E-08  6.288E-15  6.232E-15  1.00E-07
  1.250E-01 4.38240E-16  2.684E-07  1.812E-08  1.048E-08  7.860E-15  7.790E-15  1.00E-07
  1.500E-01 4.38226E-16  3.221E-07  1.812E-08  1.048E-08  9.431E-15  9.348E-15  1.00E-07
  1.750E-01 4.38210E-16  3.757E-07  1.812E-08  1.048E-08  1.100E-14  1.091E-14  1.00E-07
  2.000E-01 4.38191E-16  4.294E-07  1.812E-08  1.048E-08  1.257E-14  1.246E-14  1.00E-07
  2.250E-01 4.38170E-16  4.831E-07  1.812E-08  1.048E-08  1.415E-14  1.402E-14  1.00E-07
  2.500E-01 4.38146E-16  5.368E-07  1.812E-08  1.048E-08  1.572E-14  1.558E-14  1.00E-07
  2.750E-01 4.38120E-16  5.905E-07  1.812E-08  1.048E-08  1.729E-14  1.714E-14  1.00E-07
  3.000E-01 4.38091E-16  6.442E-07  1.812E-08  1.048E-08  1.886E-14  1.869E-14  1.00E-07
  3.250E-01 4.38060E-16  6.979E-07  1.812E-08  1.048E-08  2.043E-14  2.025E-14  1.00E-07
  3.500E-01 4.38026E-16  7.516E-07  1.812E-08  1.048E-08  2.200E-14  2.181E-14  1.00E-07
  3.750E-01 4.37990E-16  8.053E-07  1.812E-08  1.048E-08  2.357E-14  2.337E-14  1.00E-07
  4.000E-01 4.37951E-16  8.591E-07  1.812E-08  1.048E-08  2.514E-14  2.493E-14  1.00E-07
  4.250E-01 4.37910E-16  9.128E-07  1.811E-08  1.048E-08  2.671E-14  2.648E-14  1.00E-07
  4.500E-01 4.37866E-16  9.665E-07  1.811E-08  1.048E-08  2.828E-14  2.804E-14  1.00E-07
  4.750E-01 4.37819E-16  1.020E-06  1.811E-08  1.048E-08  2.985E-14  2.960E-14  1.00E-07
  5.000E-01 4.37771E-16  1.074E-06  1.811E-08  1.048E-08  3.141E-14  3.116E-14  1.00E-07
  5.250E-01 4.37719E-16  1.128E-06  1.811E-08  1.048E-08  3.298E-14  3.271E-14  1.00E-07
  5.500E-01 4.37666E-16  1.182E-06  1.811E-08  1.048E-08  3.455E-14  3.427E-14  1.00E-07
  5.750E-01 4.37609E-16  1.235E-06  1.811E-08  1.048E-08  3.612E-14  3.583E-14  1.00E-07
  6.000E-01 4.37551E-16  1.289E-06  1.810E-08  1.048E-08  3.768E-14  3.738E-14  1.00E-07
  6.250E-01 4.37489E-16  1.343E-06  1.810E-08  1.048E-08  3.925E-14  3.894E-14  1.00E-07
  6.500E-01 4.37426E-16  1.397E-06  1.810E-08  1.048E-08  4.082E-14  4.050E-14  1.00E-07
  6.750E-01 4.37359E-16  1.451E-06  1.810E-08  1.048E-08  4.238E-14  4.206E-14  1.00E-07
  7.000E-01 4.37291E-16  1.504E-06  1.810E-08  1.048E-08  4.394E-14  4.361E-14  1.00E-07
  7.250E-01 4.37220E-16  1.558E-06  1.810E-08  1.048E-08  4.551E-14  4.517E-14  1.00E-07
  7.500E-01 4.37146E-16  1.612E-06  1.809E-08  1.048E-08  4.707E-14  4.673E-14  1.00E-07
  7.750E-01 4.37070E-16  1.666E-06  1.809E-08  1.048E-08  4.864E-14  4.828E-14  1.00E-07
  8.000E-01 4.36991E-16  1.720E-06  1.809E-08  1.047E-08  5.020E-14  4.984E-14  1.00E-07
  8.250E-01 4.36910E-16  1.774E-06  1.809E-08  1.047E-08  5.176E-14  5.140E-14  1.00E-07
  8.500E-01 4.36826E-16  1.828E-06  1.809E-08  1.047E-08  5.332E-14  5.295E-14  1.00E-07
  8.750E-01 4.36740E-16  1.882E-06  1.808E-08  1.047E-08  5.488E-14  5.451E-14  1.00E-07
  9.000E-01 4.36652E-16  1.936E-06  1.808E-08  1.047E-08  5.644E-14  5.606E-14  1.00E-07
  9.250E-01 4.36561E-16  1.990E-06  1.808E-08  1.047E-08  5.800E-14  5.762E-14  1.00E-07
  9.500E-01 4.36468E-16  2.044E-06  1.808E-08  1.047E-08  5.956E-14  5.918E-14  1.00E-07
  9.750E-01 4.36372E-16  2.098E-06  1.807E-08  1.047E-08  6.112E-14  6.073E-14  1.00E-07
  1.000E+00 4.36273E-16  2.152E-06  1.807E-08  1.047E-08  6.267E-14  6.229E-14  1.00E-07
  1.100E+00 4.35855E-16  2.368E-06  1.806E-08  1.047E-08  6.889E-14  6.851E-14  1.00E-07
  1.200E+00 4.35398E-16  2.584E-06  1.805E-08  1.047E-08  7.510E-14  7.473E-14  1.00E-07
  1.300E+00 4.34902E-16  2.801E-06  1.804E-08  1.047E-08  8.129E-14  8.095E-14  1.00E-07
  1.400E+00 4.34367E-16  3.018E-06  1.802E-08  1.047E-08  8.746E-14  8.716E-14  1.00E-07
  1.500E+00 4.33793E-16  3.236E-06  1.801E-08  1.046E-08  9.362E-14  9.337E-14  1.00E-07
  1.600E+00 4.33181E-16  3.454E-06  1.799E-08  1.046E-08  9.976E-14  9.958E-14  1.00E-07
  1.700E+00 4.32530E-16  3.673E-06  1.798E-08  1.046E-08  1.059E-13  1.058E-13  1.00E-07
  1.800E+00 4.31842E-16  3.892E-06  1.796E-08  1.046E-08  1.120E-13  1.120E-13  1.00E-07
  1.900E+00 4.31115E-16  4.111E-06  1.794E-08  1.045E-08  1.181E-13  1.182E-13  1.00E-07
  2.000E+00 4.30352E-16  4.331E-06  1.792E-08  1.045E-08  1.241E-13  1.244E-13  1.00E-07
  2.100E+00 4.29551E-16  4.551E-06  1.790E-08  1.045E-08  1.301E-13  1.306E-13  1.00E-07
  2.200E+00 4.28713E-16  4.773E-06  1.788E-08  1.045E-08  1.361E-13  1.368E-13  1.00E-07
  2.300E+00 4.27839E-16  4.994E-06  1.785E-08  1.044E-08  1.421E-13  1.430E-13  1.00E-07
  2.400E+00 4.26928E-16  5.217E-06  1.783E-08  1.044E-08  1.481E-13  1.491E-13  1.00E-07
  2.500E+00 4.25981E-16  5.440E-06  1.781E-08  1.044E-08  1.540E-13  1.553E-13  1.00E-07
  2.600E+00 4.24999E-16  5.664E-06  1.778E-08  1.043E-08  1.599E-13  1.615E-13  1.00E-07
  2.700E+00 4.23981E-16  5.888E-06  1.775E-08  1.043E-08  1.657E-13  1.676E-13  1.00E-07
  2.800E+00 4.22929E-16  6.113E-06  1.773E-08  1.042E-08  1.716E-13  1.738E-13  1.00E-07
  2.900E+00 4.21842E-16  6.339E-06  1.770E-08  1.042E-08  1.774E-13  1.800E-13  1.00E-07
  3.000E+00 4.20720E-16  6.566E-06  1.767E-08  1.042E-08  1.831E-13  1.861E-13  1.00E-07
  3.100E+00 4.19565E-16  6.794E-06  1.764E-08  1.041E-08  1.888E-13  1.923E-13  1.00E-07
  3.200E+00 4.18376E-16  7.022E-06  1.761E-08  1.041E-08  1.945E-13  1.984E-13  1.00E-07
  3.300E+00 4.17155E-16  7.252E-06  1.758E-08  1.040E-08  2.002E-13  2.045E-13  1.00E-07
  3.400E+00 4.15901E-16  7.482E-06  1.754E-08  1.040E-08  2.058E-13  2.107E-13  1.00E-07
  3.500E+00 4.14614E-16  7.713E-06  1.751E-08  1.039E-08  2.114E-13  2.168E-13  1.00E-07
  3.600E+00 4.13296E-16  7.945E-06  1.747E-08  1.039E-08  2.169E-13  2.229E-13  1.00E-07
  3.700E+00 4.11947E-16  8.179E-06  1.744E-08  1.038E-08  2.224E-13  2.290E-13  1.00E-07
  3.800E+00 4.10567E-16  8.413E-06  1.740E-08  1.038E-08  2.278E-13  2.351E-13  1.00E-07
  3.900E+00 4.09156E-16  8.648E-06  1.737E-08  1.037E-08  2.332E-13  2.412E-13  1.00E-07
  4.000E+00 4.07716E-16  8.885E-06  1.733E-08  1.037E-08  2.386E-13  2.473E-13  1.00E-07
  4.100E+00 4.06246E-16  9.122E-06  1.729E-08  1.036E-08  2.439E-13  2.534E-13  1.00E-07
  4.200E+00 4.04748E-16  9.361E-06  1.725E-08  1.036E-08  2.492E-13  2.594E-13  1.00E-07
  4.300E+00 4.03220E-16  9.601E-06  1.721E-08  1.035E-08  2.544E-13  2.655E-13  1.00E-07
  4.400E+00 4.01665E-16  9.842E-06  1.717E-08  1.034E-08  2.595E-13  2.716E-13  1.00E-07
  4.500E+00 4.00083E-16  1.008E-05  1.712E-08  1.034E-08  2.647E-13  2.776E-13  1.00E-07
  4.600E+00 3.98474E-16  1.033E-05  1.708E-08  1.033E-08  2.697E-13  2.836E-13  1.00E-07
  4.700E+00 3.96838E-16  1.057E-05  1.704E-08  1.033E-08  2.748E-13  2.897E-13  1.00E-07
  4.800E+00 3.95176E-16  1.082E-05  1.699E-08  1.032E-08  2.797E-13  2.957E-13  1.00E-07
  4.900E+00 3.93489E-16  1.107E-05  1.695E-08  1.031E-08  2.847E-13  3.017E-13  1.00E-07
  5.000E+00 3.91777E-16  1.132E-05  1.690E-08  1.031E-08  2.895E-13  3.077E-13  1.00E-07
  5.100E+00 3.90041E-16  1.157E-05  1.685E-08  1.030E-08  2.943E-13  3.137E-13  1.00E-07
  5.200E+00 3.88281E-16  1.182E-05  1.680E-08  1.029E-08  2.991E-13  3.197E-13  1.00E-07
  5.300E+00 3.86498E-16  1.207E-05  1.676E-08  1.028E-08  3.038E-13  3.257E-13  1.00E-07
  5.400E+00 3.84693E-16  1.233E-05  1.671E-08  1.028E-08  3.084E-13  3.317E-13  1.00E-07
  5.500E+00 3.82865E-16  1.258E-05  1.666E-08  1.027E-08  3.130E-13  3.376E-13  1.00E-07
  5.600E+00 3.81015E-16  1.284E-05  1.660E-08  1.026E-08  3.176E-13  3.436E-13  1.00E-07
  5.700E+00 3.79145E-16  1.310E-05  1.655E-08  1.025E-08  3.220E-13  3.495E-13  1.00E-07
  5.800E+00 3.77254E-16  1.336E-05  1.650E-08  1.025E-08  3.264E-13  3.554E-13  1.00E-07
  5.900E+00 3.75343E-16  1.362E-05  1.645E-08  1.024E-08  3.308E-13  3.613E-13  1.00E-07
  6.000E+00 3.73413E-16  1.389E-05  1.639E-08  1.023E-08  3.351E-13  3.673E-13  1.00E-07
  6.100E+00 3.71464E-16  1.415E-05  1.634E-08  1.022E-08  3.393E-13  3.731E-13  1.00E-07
  6.200E+00 3.69497E-16  1.442E-05  1.628E-08  1.021E-08  3.435E-13  3.790E-13  1.00E-07
  6.300E+00 3.67512E-16  1.469E-05  1.623E-08  1.020E-08  3.476E-13  3.849E-13  1.00E-07
  6.400E+00 3.65510E-16  1.496E-05  1.617E-08  1.020E-08  3.517E-13  3.908E-13  1.00E-07
  6.500E+00 3.63492E-16  1.523E-05  1.612E-08  1.019E-08  3.557E-13  3.966E-13  1.00E-07
  6.600E+00 3.61458E-16  1.551E-05  1.606E-08  1.018E-08  3.596E-13  4.025E-13  1.00E-07
  6.700E+00 3.59408E-16  1.578E-05  1.600E-08  1.017E-08  3.634E-13  4.083E-13  1.00E-07
  6.800E+00 3.57343E-16  1.606E-05  1.594E-08  1.016E-08  3.672E-13  4.141E-13  1.00E-07
  6.900E+00 3.55264E-16  1.634E-05  1.588E-08  1.015E-08  3.710E-13  4.199E-13  1.00E-07
  7.000E+00 3.53171E-16  1.662E-05  1.582E-08  1.014E-08  3.746E-13  4.257E-13  1.00E-07
  7.100E+00 3.51065E-16  1.691E-05  1.576E-08  1.013E-08  3.782E-13  4.315E-13  1.00E-07
  7.200E+00 3.48946E-16  1.720E-05  1.570E-08  1.012E-08  3.818E-13  4.373E-13  1.00E-07
  7.300E+00 3.46816E-16  1.748E-05  1.564E-08  1.011E-08  3.852E-13  4.430E-13  1.00E-07
  7.400E+00 3.44673E-16  1.777E-05  1.558E-08  1.010E-08  3.886E-13  4.487E-13  1.00E-07
  7.500E+00 3.42520E-16  1.807E-05  1.551E-08  1.009E-08  3.920E-13  4.545E-13  1.00E-07
  7.600E+00 3.40356E-16  1.836E-05  1.545E-08  1.008E-08  3.952E-13  4.602E-13  1.00E-07
  7.700E+00 3.38182E-16  1.866E-05  1.539E-08  1.007E-08  3.984E-13  4.659E-13  1.00E-07
  7.800E+00 3.35999E-16  1.896E-05  1.532E-08  1.006E-08  4.016E-13  4.716E-13  1.00E-07
  7.900E+00 3.33807E-16  1.926E-05  1.526E-08  1.005E-08  4.046E-13  4.773E-13  1.00E-07
  8.000E+00 3.31606E-16  1.956E-05  1.519E-08  1.004E-08  4.076E-13  4.829E-13  1.00E-07
  8.100E+00 3.29398E-16  1.987E-05  1.513E-08  1.003E-08  4.106E-13  4.886E-13  1.00E-07
  8.200E+00 3.27183E-16  2.017E-05  1.506E-08  1.002E-08  4.134E-13  4.942E-13  1.00E-07
  8.300E+00 3.24960E-16  2.048E-05  1.499E-08  1.001E-08  4.162E-13  4.998E-13  1.00E-07
  8.400E+00 3.22732E-16  2.080E-05  1.493E-08  9.998E-09  4.189E-13  5.054E-13  1.00E-07
  8.500E+00 3.20497E-16  2.111E-05  1.486E-08  9.986E-09  4.216E-13  5.110E-13  1.00E-07
  8.600E+00 3.18257E-16  2.143E-05  1.479E-08  9.975E-09  4.242E-13  5.166E-13  1.00E-07
  8.700E+00 3.16013E-16  2.175E-05  1.472E-08  9.964E-09  4.267E-13  5.222E-13  1.00E-07
  8.800E+00 3.13764E-16  2.207E-05  1.465E-08  9.952E-09  4.291E-13  5.277E-13  1.00E-07
  8.900E+00 3.11511E-16  2.239E-05  1.458E-08  9.940E-09  4.315E-13  5.332E-13  1.00E-07
  9.000E+00 3.09255E-16  2.272E-05  1.451E-08  9.929E-09  4.338E-13  5.388E-13  1.00E-07
  9.100E+00 3.06996E-16  2.305E-05  1.444E-08  9.917E-09  4.360E-13  5.443E-13  1.00E-07
  9.200E+00 3.04735E-16  2.338E-05  1.437E-08  9.905E-09  4.382E-13  5.498E-13  1.00E-07
  9.300E+00 3.02472E-16  2.372E-05  1.430E-08  9.893E-09  4.403E-13  5.552E-13  1.00E-07
  9.400E+00 3.00207E-16  2.405E-05  1.423E-08  9.880E-09  4.423E-13  5.607E-13  1.00E-07
  9.500E+00 2.97941E-16  2.439E-05  1.416E-08  9.868E-09  4.442E-13  5.661E-13  1.00E-07
  9.600E+00 2.95675E-16  2.474E-05  1.409E-08  9.856E-09  4.461E-13  5.716E-13  1.00E-07
  9.700E+00 2.93408E-16  2.508E-05  1.402E-08  9.843E-09  4.479E-13  5.770E-13  1.00E-07
  9.800E+00 2.91142E-16  2.543E-05  1.395E-08  9.830E-09  4.496E-13  5.824E-13  1.00E-07
  9.900E+00 2.88876E-16  2.578E-05  1.387E-08  9.818E-09  4.513E-13  5.877E-13  1.00E-07
  1.000E+01 2.86612E-16  2.613E-05  1.380E-08  9.805E-09  4.529E-13  5.931E-13  1.00E-07
  1.025E+01 2.80958E-16  2.703E-05  1.362E-08  9.772E-09  4.566E-13  6.064E-13  1.00E-07
  1.050E+01 2.75319E-16  2.794E-05  1.343E-08  9.739E-09  4.598E-13  6.196E-13  1.00E-07
  1.075E+01 2.69702E-16  2.887E-05  1.325E-08  9.705E-09  4.626E-13  6.328E-13  1.00E-07
  1.100E+01 2.64112E-16  2.982E-05  1.306E-08  9.670E-09  4.650E-13  6.458E-13  1.00E-07
  1.125E+01 2.58554E-16  3.079E-05  1.287E-08  9.635E-09  4.669E-13  6.587E-13  1.00E-07
  1.150E+01 2.53034E-16  3.178E-05  1.268E-08  9.599E-09  4.684E-13  6.714E-13  1.00E-07
  1.175E+01 2.47556E-16  3.279E-05  1.249E-08  9.562E-09  4.695E-13  6.841E-13  1.00E-07
  1.200E+01 2.42124E-16  3.382E-05  1.230E-08  9.525E-09  4.701E-13  6.967E-13  1.00E-07
  1.225E+01 2.36744E-16  3.487E-05  1.211E-08  9.487E-09  4.704E-13  7.091E-13  1.00E-07
  1.250E+01 2.31419E-16  3.593E-05  1.192E-08  9.449E-09  4.702E-13  7.214E-13  1.00E-07
  1.275E+01 2.26152E-16  3.703E-05  1.173E-08  9.410E-09  4.696E-13  7.336E-13  1.00E-07
  1.300E+01 2.20947E-16  3.814E-05  1.154E-08  9.370E-09  4.686E-13  7.457E-13  1.00E-07
  1.325E+01 2.15807E-16  3.927E-05  1.135E-08  9.330E-09  4.672E-13  7.577E-13  1.00E-07
  1.350E+01 2.10735E-16  4.043E-05  1.116E-08  9.290E-09  4.655E-13  7.695E-13  1.00E-07
  1.375E+01 2.05734E-16  4.160E-05  1.096E-08  9.249E-09  4.633E-13  7.812E-13  1.00E-07
  1.400E+01 2.00806E-16  4.280E-05  1.077E-08  9.207E-09  4.608E-13  7.928E-13  1.00E-07
  1.425E+01 1.95952E-16  4.403E-05  1.058E-08  9.165E-09  4.578E-13  8.042E-13  1.00E-07
  1.450E+01 1.91176E-16  4.527E-05  1.039E-08  9.122E-09  4.546E-13  8.156E-13  1.00E-07
  1.475E+01 1.86479E-16  4.654E-05  1.020E-08  9.079E-09  4.509E-13  8.267E-13  1.00E-07
  1.500E+01 1.81862E-16  4.783E-05  1.001E-08  9.035E-09  4.469E-13  8.378E-13  1.00E-07
  1.525E+01 1.77326E-16  4.915E-05  9.823E-09  8.991E-09  4.426E-13  8.487E-13  1.00E-07
  1.550E+01 1.72872E-16  5.048E-05  9.635E-09  8.947E-09  4.379E-13  8.595E-13  1.00E-07
  1.575E+01 1.68502E-16  5.185E-05  9.448E-09  8.902E-09  4.329E-13  8.702E-13  1.00E-07
  1.600E+01 1.64217E-16  5.323E-05  9.262E-09  8.856E-09  4.276E-13  8.807E-13  1.00E-07
  1.625E+01 1.60015E-16  5.464E-05  9.077E-09  8.810E-09  4.219E-13  8.911E-13  1.00E-07
  1.650E+01 1.55899E-16  5.607E-05  8.893E-09  8.764E-09  4.159E-13  9.014E-13  1.00E-07
  1.675E+01 1.51868E-16  5.753E-05  8.711E-09  8.717E-09  4.097E-13  9.115E-13  1.00E-07
  1.700E+01 1.47922E-16  5.901E-05  8.529E-09  8.670E-09  4.031E-13  9.215E-13  1.00E-07
  1.725E+01 1.44061E-16  6.051E-05  8.349E-09  8.623E-09  3.963E-13  9.313E-13  1.00E-07
  1.750E+01 1.40285E-16  6.204E-05  8.171E-09  8.575E-09  3.892E-13  9.410E-13  1.00E-07
  1.775E+01 1.36593E-16  6.359E-05  7.993E-09  8.526E-09  3.818E-13  9.506E-13  1.00E-07
  1.800E+01 1.32986E-16  6.516E-05  7.817E-09  8.478E-09  3.741E-13  9.600E-13  1.00E-07
  1.825E+01 1.29462E-16  6.676E-05  7.643E-09  8.429E-09  3.662E-13  9.693E-13  1.00E-07
  1.850E+01 1.26021E-16  6.838E-05  7.470E-09  8.380E-09  3.581E-13  9.784E-13  1.00E-07
  1.875E+01 1.22663E-16  7.001E-05  7.299E-09  8.330E-09  3.497E-13  9.874E-13  1.00E-07
  1.900E+01 1.19386E-16  7.168E-05  7.129E-09  8.280E-09  3.411E-13  9.963E-13  1.00E-07
  1.925E+01 1.16189E-16  7.336E-05  6.961E-09  8.230E-09  3.322E-13  1.005E-12  1.00E-07
  1.950E+01 1.13072E-16  7.506E-05  6.795E-09  8.179E-09  3.231E-13  1.014E-12  1.00E-07
  1.975E+01 1.10033E-16  7.679E-05  6.630E-09  8.129E-09  3.139E-13  1.022E-12  1.00E-07
  2.000E+01 1.07072E-16  7.853E-05  6.467E-09  8.078E-09  3.044E-13  1.030E-12  1.00E-07
  2.025E+01 1.04187E-16  8.029E-05  6.306E-09  8.026E-09  2.947E-13  1.038E-12  1.00E-07
  2.050E+01 1.01378E-16  8.207E-05  6.147E-09  7.975E-09  2.848E-13  1.046E-12  1.00E-07
  2.075E+01 9.86419E-17  8.387E-05  5.989E-09  7.923E-09  2.748E-13  1.054E-12  1.00E-07
  2.100E+01 9.59788E-17  8.569E-05  5.833E-09  7.871E-09  2.646E-13  1.062E-12  1.00E-07
  2.125E+01 9.33870E-17  8.752E-05  5.679E-09  7.819E-09  2.542E-13  1.070E-12  1.00E-07
  2.150E+01 9.08653E-17  8.937E-05  5.527E-09  7.767E-09  2.436E-13  1.077E-12  1.00E-07
  2.175E+01 8.84123E-17  9.123E-05  5.377E-09  7.714E-09  2.329E-13  1.084E-12  1.00E-07
  2.200E+01 8.60267E-17  9.310E-05  5.228E-09  7.661E-09  2.221E-13  1.091E-12  1.00E-07
  2.225E+01 8.37071E-17  9.499E-05  5.082E-09  7.608E-09  2.111E-13  1.098E-12  1.00E-07
  2.250E+01 8.14521E-17  9.689E-05  4.937E-09  7.555E-09  2.000E-13  1.105E-12  1.00E-07
  2.275E+01 7.92604E-17  9.879E-05  4.794E-09  7.502E-09  1.887E-13  1.112E-12  1.00E-07
  2.300E+01 7.71306E-17  1.007E-04  4.653E-09  7.448E-09  1.774E-13  1.119E-12  1.00E-07
  2.325E+01 7.50613E-17  1.026E-04  4.514E-09  7.395E-09  1.659E-13  1.125E-12  1.00E-07
  2.350E+01 7.30510E-17  1.046E-04  4.377E-09  7.341E-09  1.543E-13  1.131E-12  1.00E-07
  2.375E+01 7.10985E-17  1.065E-04  4.242E-09  7.287E-09  1.426E-13  1.137E-12  1.00E-07
  2.400E+01 6.92023E-17  1.084E-04  4.108E-09  7.233E-09  1.308E-13  1.143E-12  1.00E-07
  2.425E+01 6.73611E-17  1.104E-04  3.977E-09  7.179E-09  1.189E-13  1.149E-12  1.00E-07
  2.450E+01 6.55736E-17  1.123E-04  3.847E-09  7.125E-09  1.069E-13  1.155E-12  1.00E-07
  2.475E+01 6.38383E-17  1.143E-04  3.720E-09  7.071E-09  9.482E-14  1.161E-12  1.00E-07
  2.500E+01 6.21539E-17  1.162E-04  3.594E-09  7.017E-09  8.267E-14  1.166E-12  1.00E-07
  2.550E+01 5.89328E-17  1.201E-04  3.348E-09  6.908E-09  5.817E-14  1.177E-12  1.00E-07
  2.600E+01 5.58998E-17  1.239E-04  3.109E-09  6.799E-09  3.343E-14  1.187E-12  1.00E-07
  2.650E+01 5.30450E-17  1.276E-04  2.878E-09  6.690E-09  8.466E-15  1.196E-12  1.00E-07
  2.700E+01 5.03587E-17  1.314E-04  2.654E-09  6.581E-09 -1.667E-14  1.205E-12  1.00E-07
  2.750E+01 4.78315E-17  1.350E-04  2.437E-09  6.472E-09 -4.194E-14  1.213E-12  1.00E-07
  2.800E+01 4.54543E-17  1.385E-04  2.227E-09  6.364E-09 -6.733E-14  1.221E-12  1.00E-07
  2.850E+01 4.32186E-17  1.419E-04  2.024E-09  6.255E-09 -9.279E-14  1.228E-12  1.00E-07
  2.900E+01 4.11161E-17  1.452E-04  1.828E-09  6.146E-09 -1.183E-13  1.235E-12  1.00E-07
  2.950E+01 3.91389E-17  1.483E-04  1.639E-09  6.038E-09 -1.438E-13  1.242E-12  1.00E-07
  3.000E+01 3.72795E-17  1.513E-04  1.456E-09  5.930E-09 -1.694E-13  1.247E-12  1.00E-07
  3.050E+01 3.55308E-17  1.541E-04  1.279E-09  5.822E-09 -1.949E-13  1.253E-12  1.00E-07
  3.100E+01 3.38861E-17  1.566E-04  1.109E-09  5.715E-09 -2.203E-13  1.258E-12  1.00E-07
  3.150E+01 3.23388E-17  1.589E-04  9.448E-10  5.608E-09 -2.457E-13  1.262E-12  1.00E-07
  3.200E+01 3.08831E-17  1.610E-04  7.867E-10  5.501E-09 -2.710E-13  1.266E-12  1.00E-07
  3.250E+01 2.95131E-17  1.629E-04  6.345E-10  5.395E-09 -2.961E-13  1.269E-12  1.00E-07
  3.300E+01 2.82235E-17  1.644E-04  4.880E-10  5.290E-09 -3.212E-13  1.272E-12  1.00E-07
  3.350E+01 2.70091E-17  1.656E-04  3.470E-10  5.185E-09 -3.461E-13  1.275E-12  1.00E-07
  3.400E+01 2.58653E-17  1.666E-04  2.115E-10  5.081E-09 -3.708E-13  1.277E-12  1.00E-07
  3.450E+01 2.47876E-17  1.672E-04  8.131E-11  4.978E-09 -3.953E-13  1.279E-12  1.00E-07
  3.500E+01 2.37717E-17  1.674E-04 -4.377E-11  4.875E-09 -4.197E-13  1.280E-12  1.00E-07
  3.550E+01 2.28136E-17  1.673E-04 -1.638E-10  4.774E-09 -4.438E-13  1.281E-12  1.00E-07
  3.600E+01 2.19097E-17  1.669E-04 -2.790E-10  4.672E-09 -4.677E-13  1.282E-12  1.00E-07
  3.650E+01 2.10565E-17  1.660E-04 -3.895E-10  4.572E-09 -4.914E-13  1.282E-12  1.00E-07
  3.700E+01 2.02508E-17  1.647E-04 -4.954E-10  4.473E-09 -5.149E-13  1.281E-12  1.00E-07
  3.750E+01 1.94895E-17  1.631E-04 -5.968E-10  4.374E-09 -5.381E-13  1.281E-12  1.00E-07
  3.800E+01 1.87698E-17  1.610E-04 -6.939E-10  4.276E-09 -5.610E-13  1.280E-12  1.00E-07
  3.850E+01 1.80890E-17  1.585E-04 -7.868E-10  4.180E-09 -5.837E-13  1.279E-12  1.00E-07
  3.900E+01 1.74446E-17  1.556E-04 -8.756E-10  4.084E-09 -6.061E-13  1.277E-12  1.00E-07
  3.950E+01 1.68344E-17  1.523E-04 -9.604E-10  3.989E-09 -6.283E-13  1.275E-12  1.00E-07
  4.000E+01 1.62561E-17  1.485E-04 -1.041E-09  3.895E-09 -6.501E-13  1.273E-12  1.00E-07
  4.050E+01 1.57077E-17  1.443E-04 -1.119E-09  3.802E-09 -6.717E-13  1.270E-12  1.00E-07
  4.100E+01 1.51875E-17  1.396E-04 -1.192E-09  3.710E-09 -6.929E-13  1.267E-12  1.00E-07
  4.150E+01 1.46935E-17  1.345E-04 -1.263E-09  3.619E-09 -7.139E-13  1.264E-12  1.00E-07
  4.200E+01 1.42242E-17  1.289E-04 -1.330E-09  3.529E-09 -7.346E-13  1.260E-12  1.00E-07
  4.250E+01 1.37781E-17  1.229E-04 -1.393E-09  3.441E-09 -7.549E-13  1.257E-12  1.00E-07
  4.300E+01 1.33537E-17  1.165E-04 -1.454E-09  3.353E-09 -7.750E-13  1.253E-12  1.00E-07
  4.350E+01 1.29497E-17  1.096E-04 -1.511E-09  3.266E-09 -7.947E-13  1.248E-12  1.00E-07
  4.400E+01 1.25648E-17  1.022E-04 -1.565E-09  3.180E-09 -8.141E-13  1.244E-12  1.00E-07
  4.450E+01 1.21979E-17  9.448E-05 -1.617E-09  3.096E-09 -8.332E-13  1.239E-12  1.00E-07
  4.500E+01 1.18480E-17  8.628E-05 -1.666E-09  3.012E-09 -8.520E-13  1.234E-12  1.00E-07
  4.550E+01 1.15140E-17  7.765E-05 -1.712E-09  2.930E-09 -8.704E-13  1.229E-12  1.00E-07
  4.600E+01 1.11950E-17  6.860E-05 -1.755E-09  2.848E-09 -8.886E-13  1.223E-12  1.00E-07
  4.650E+01 1.08901E-17  5.914E-05 -1.797E-09  2.768E-09 -9.064E-13  1.217E-12  1.00E-07
  4.700E+01 1.05985E-17  4.926E-05 -1.835E-09  2.689E-09 -9.239E-13  1.211E-12  1.00E-07
  4.750E+01 1.03195E-17  3.898E-05 -1.872E-09  2.611E-09 -9.410E-13  1.205E-12  1.00E-07
  4.800E+01 1.00523E-17  2.830E-05 -1.906E-09  2.534E-09 -9.579E-13  1.199E-12  1.00E-07
  4.850E+01 9.79628E-18  1.723E-05 -1.938E-09  2.458E-09 -9.744E-13  1.193E-12  1.00E-07
  4.900E+01 9.55081E-18  5.783E-06 -1.967E-09  2.383E-09 -9.906E-13  1.186E-12  1.00E-07
  4.950E+01 9.31532E-18 -6.042E-06 -1.995E-09  2.310E-09 -1.006E-12  1.179E-12  1.00E-07
  5.000E+01 9.08928E-18 -1.823E-05 -2.021E-09  2.237E-09 -1.022E-12  1.172E-12  1.00E-07
  5.050E+01 8.87217E-18 -3.078E-05 -2.045E-09  2.165E-09 -1.037E-12  1.165E-12  1.00E-07
  5.100E+01 8.66352E-18 -4.368E-05 -2.068E-09  2.095E-09 -1.052E-12  1.158E-12  1.00E-07
  5.150E+01 8.46290E-18 -5.692E-05 -2.088E-09  2.026E-09 -1.067E-12  1.150E-12  1.00E-07
  5.200E+01 8.26989E-18 -7.049E-05 -2.107E-09  1.957E-09 -1.081E-12  1.143E-12  1.00E-07
  5.250E+01 8.08410E-18 -8.439E-05 -2.124E-09  1.890E-09 -1.095E-12  1.135E-12  1.00E-07
  5.300E+01 7.90517E-18 -9.860E-05 -2.140E-09  1.824E-09 -1.109E-12  1.127E-12  1.00E-07
  5.350E+01 7.73276E-18 -1.131E-04 -2.154E-09  1.759E-09 -1.122E-12  1.119E-12  1.00E-07
  5.400E+01 7.56656E-18 -1.279E-04 -2.167E-09  1.695E-09 -1.135E-12  1.111E-12  1.00E-07
  5.450E+01 7.40626E-18 -1.430E-04 -2.178E-09  1.632E-09 -1.148E-12  1.103E-12  1.00E-07
  5.500E+01 7.25158E-18 -1.584E-04 -2.188E-09  1.570E-09 -1.160E-12  1.095E-12  1.00E-07
  5.550E+01 7.10226E-18 -1.740E-04 -2.197E-09  1.509E-09 -1.172E-12  1.086E-12  1.00E-07
  5.600E+01 6.95805E-18 -1.899E-04 -2.204E-09  1.449E-09 -1.184E-12  1.078E-12  1.00E-07
  5.650E+01 6.81872E-18 -2.060E-04 -2.211E-09  1.390E-09 -1.196E-12  1.070E-12  1.00E-07
  5.700E+01 6.68405E-18 -2.224E-04 -2.216E-09  1.332E-09 -1.207E-12  1.061E-12  1.00E-07
  5.750E+01 6.55382E-18 -2.390E-04 -2.220E-09  1.275E-09 -1.218E-12  1.052E-12  1.00E-07
  5.800E+01 6.42785E-18 -2.558E-04 -2.223E-09  1.219E-09 -1.229E-12  1.044E-12  1.00E-07
  5.850E+01 6.30596E-18 -2.729E-04 -2.225E-09  1.164E-09 -1.239E-12  1.035E-12  1.00E-07
  5.900E+01 6.18796E-18 -2.901E-04 -2.226E-09  1.110E-09 -1.249E-12  1.026E-12  1.00E-07
  5.950E+01 6.07369E-18 -3.075E-04 -2.226E-09  1.057E-09 -1.259E-12  1.017E-12  1.00E-07
  6.000E+01 5.96301E-18 -3.251E-04 -2.226E-09  1.005E-09 -1.269E-12  1.008E-12  1.00E-07
  6.050E+01 5.85575E-18 -3.428E-04 -2.224E-09  9.534E-10 -1.278E-12  9.990E-13  1.00E-07
  6.100E+01 5.75179E-18 -3.607E-04 -2.222E-09  9.031E-10 -1.287E-12  9.900E-13  1.00E-07
  6.150E+01 5.65099E-18 -3.788E-04 -2.219E-09  8.537E-10 -1.296E-12  9.809E-13  1.00E-07
  6.200E+01 5.55323E-18 -3.970E-04 -2.215E-09  8.052E-10 -1.304E-12  9.718E-13  1.00E-07
  6.250E+01 5.45839E-18 -4.153E-04 -2.210E-09  7.576E-10 -1.312E-12  9.626E-13  1.00E-07
  6.300E+01 5.36635E-18 -4.337E-04 -2.205E-09  7.109E-10 -1.320E-12  9.535E-13  1.00E-07
  6.350E+01 5.27702E-18 -4.522E-04 -2.199E-09  6.651E-10 -1.328E-12  9.443E-13  1.00E-07
  6.400E+01 5.19029E-18 -4.708E-04 -2.192E-09  6.201E-10 -1.335E-12  9.350E-13  1.00E-07
  6.450E+01 5.10606E-18 -4.896E-04 -2.185E-09  5.759E-10 -1.342E-12  9.258E-13  1.00E-07
  6.500E+01 5.02424E-18 -5.083E-04 -2.177E-09  5.326E-10 -1.349E-12  9.166E-13  1.00E-07
  6.550E+01 4.94475E-18 -5.272E-04 -2.169E-09  4.901E-10 -1.356E-12  9.073E-13  1.00E-07
  6.600E+01 4.86750E-18 -5.461E-04 -2.160E-09  4.484E-10 -1.362E-12  8.980E-13  1.00E-07
  6.650E+01 4.79242E-18 -5.650E-04 -2.151E-09  4.075E-10 -1.369E-12  8.888E-13  1.00E-07
  6.700E+01 4.71942E-18 -5.840E-04 -2.141E-09  3.674E-10 -1.374E-12  8.795E-13  1.00E-07
  6.750E+01 4.64844E-18 -6.030E-04 -2.131E-09  3.281E-10 -1.380E-12  8.702E-13  1.00E-07
  6.800E+01 4.57940E-18 -6.221E-04 -2.120E-09  2.895E-10 -1.386E-12  8.610E-13  1.00E-07
  6.850E+01 4.51224E-18 -6.411E-04 -2.109E-09  2.517E-10 -1.391E-12  8.517E-13  1.00E-07
  6.900E+01 4.44690E-18 -6.601E-04 -2.098E-09  2.147E-10 -1.396E-12  8.425E-13  1.00E-07
  6.950E+01 4.38332E-18 -6.791E-04 -2.086E-09  1.783E-10 -1.401E-12  8.332E-13  1.00E-07
  7.000E+01 4.32144E-18 -6.981E-04 -2.074E-09  1.427E-10 -1.405E-12  8.240E-13  1.00E-07
  7.050E+01 4.26121E-18 -7.170E-04 -2.061E-09  1.079E-10 -1.410E-12  8.148E-13  1.00E-07
  7.100E+01 4.20256E-18 -7.359E-04 -2.049E-09  7.366E-11 -1.414E-12  8.056E-13  1.00E-07
  7.150E+01 4.14546E-18 -7.548E-04 -2.036E-09  4.015E-11 -1.418E-12  7.965E-13  1.00E-07
  7.200E+01 4.08984E-18 -7.736E-04 -2.022E-09  7.326E-12 -1.421E-12  7.874E-13  1.00E-07
  7.250E+01 4.03568E-18 -7.923E-04 -2.009E-09 -2.483E-11 -1.425E-12  7.782E-13  1.00E-07
  7.300E+01 3.98291E-18 -8.109E-04 -1.995E-09 -5.634E-11 -1.428E-12  7.692E-13  1.00E-07
  7.350E+01 3.93150E-18 -8.294E-04 -1.981E-09 -8.720E-11 -1.431E-12  7.601E-13  1.00E-07
  7.400E+01 3.88141E-18 -8.479E-04 -1.967E-09 -1.174E-10 -1.434E-12  7.511E-13  1.00E-07
  7.450E+01 3.83259E-18 -8.662E-04 -1.952E-09 -1.470E-10 -1.437E-12  7.421E-13  1.00E-07
  7.500E+01 3.78501E-18 -8.844E-04 -1.938E-09 -1.760E-10 -1.439E-12  7.331E-13  1.00E-07
  7.550E+01 3.73862E-18 -9.025E-04 -1.923E-09 -2.044E-10 -1.441E-12  7.242E-13  1.00E-07
  7.600E+01 3.69341E-18 -9.205E-04 -1.908E-09 -2.322E-10 -1.444E-12  7.153E-13  1.00E-07
  7.650E+01 3.64932E-18 -9.383E-04 -1.893E-09 -2.594E-10 -1.445E-12  7.065E-13  1.00E-07
  7.700E+01 3.60633E-18 -9.560E-04 -1.877E-09 -2.860E-10 -1.447E-12  6.977E-13  1.00E-07
  7.750E+01 3.56440E-18 -9.735E-04 -1.862E-09 -3.121E-10 -1.449E-12  6.889E-13  1.00E-07
  7.800E+01 3.52351E-18 -9.908E-04 -1.846E-09 -3.376E-10 -1.450E-12  6.802E-13  1.00E-07
  7.850E+01 3.48363E-18 -1.008E-03 -1.831E-09 -3.625E-10 -1.451E-12  6.716E-13  1.00E-07
  7.900E+01 3.44472E-18 -1.025E-03 -1.815E-09 -3.870E-10 -1.452E-12  6.629E-13  1.00E-07
  7.950E+01 3.40675E-18 -1.042E-03 -1.799E-09 -4.109E-10 -1.453E-12  6.544E-13  1.00E-07
  8.000E+01 3.36971E-18 -1.058E-03 -1.784E-09 -4.343E-10 -1.454E-12  6.458E-13  1.00E-07
  8.050E+01 3.33357E-18 -1.075E-03 -1.768E-09 -4.571E-10 -1.454E-12  6.373E-13  1.00E-07
  8.100E+01 3.29829E-18 -1.091E-03 -1.752E-09 -4.795E-10 -1.455E-12  6.289E-13  1.00E-07
  8.150E+01 3.26386E-18 -1.107E-03 -1.736E-09 -5.014E-10 -1.455E-12  6.205E-13  1.00E-07
  8.200E+01 3.23026E-18 -1.123E-03 -1.720E-09 -5.228E-10 -1.455E-12  6.122E-13  1.00E-07
  8.250E+01 3.19745E-18 -1.138E-03 -1.703E-09 -5.438E-10 -1.455E-12  6.039E-13  1.00E-07
  8.300E+01 3.16543E-18 -1.154E-03 -1.687E-09 -5.642E-10 -1.454E-12  5.957E-13  1.00E-07
  8.350E+01 3.13416E-18 -1.169E-03 -1.671E-09 -5.843E-10 -1.454E-12  5.875E-13  1.00E-07
  8.400E+01 3.10363E-18 -1.184E-03 -1.655E-09 -6.039E-10 -1.453E-12  5.794E-13  1.00E-07
  8.450E+01 3.07381E-18 -1.198E-03 -1.639E-09 -6.230E-10 -1.453E-12  5.714E-13  1.00E-07
  8.500E+01 3.04470E-18 -1.212E-03 -1.623E-09 -6.417E-10 -1.452E-12  5.634E-13  1.00E-07
  8.550E+01 3.01626E-18 -1.227E-03 -1.606E-09 -6.600E-10 -1.451E-12  5.554E-13  1.00E-07
  8.600E+01 2.98849E-18 -1.240E-03 -1.590E-09 -6.779E-10 -1.450E-12  5.476E-13  1.00E-07
  8.650E+01 2.96135E-18 -1.254E-03 -1.574E-09 -6.953E-10 -1.448E-12  5.397E-13  1.00E-07
  8.700E+01 2.93485E-18 -1.267E-03 -1.558E-09 -7.124E-10 -1.447E-12  5.320E-13  1.00E-07
  8.750E+01 2.90896E-18 -1.280E-03 -1.542E-09 -7.291E-10 -1.445E-12  5.243E-13  1.00E-07
  8.800E+01 2.88366E-18 -1.293E-03 -1.526E-09 -7.454E-10 -1.443E-12  5.166E-13  1.00E-07
  8.850E+01 2.85894E-18 -1.305E-03 -1.510E-09 -7.613E-10 -1.441E-12  5.090E-13  1.00E-07
  8.900E+01 2.83479E-18 -1.318E-03 -1.494E-09 -7.769E-10 -1.439E-12  5.015E-13  1.00E-07
  8.950E+01 2.81118E-18 -1.329E-03 -1.478E-09 -7.921E-10 -1.437E-12  4.941E-13  1.00E-07
  9.000E+01 2.78811E-18 -1.341E-03 -1.462E-09 -8.069E-10 -1.435E-12  4.867E-13  1.00E-07
  9.050E+01 2.76557E-18 -1.352E-03 -1.446E-09 -8.214E-10 -1.433E-12  4.793E-13  1.00E-07
  9.100E+01 2.74353E-18 -1.363E-03 -1.430E-09 -8.356E-10 -1.430E-12  4.721E-13  1.00E-07
  9.150E+01 2.72199E-18 -1.374E-03 -1.414E-09 -8.494E-10 -1.427E-12  4.648E-13  1.00E-07
  9.200E+01 2.70093E-18 -1.384E-03 -1.399E-09 -8.629E-10 -1.425E-12  4.577E-13  1.00E-07
  9.250E+01 2.68035E-18 -1.394E-03 -1.383E-09 -8.761E-10 -1.422E-12  4.506E-13  1.00E-07
  9.300E+01 2.66022E-18 -1.404E-03 -1.367E-09 -8.890E-10 -1.419E-12  4.436E-13  1.00E-07
  9.350E+01 2.64054E-18 -1.414E-03 -1.352E-09 -9.015E-10 -1.416E-12  4.366E-13  1.00E-07
  9.400E+01 2.62130E-18 -1.423E-03 -1.337E-09 -9.138E-10 -1.412E-12  4.297E-13  1.00E-07
  9.450E+01 2.60249E-18 -1.432E-03 -1.321E-09 -9.257E-10 -1.409E-12  4.229E-13  1.00E-07
  9.500E+01 2.58409E-18 -1.440E-03 -1.306E-09 -9.374E-10 -1.406E-12  4.162E-13  1.00E-07
  9.550E+01 2.56610E-18 -1.449E-03 -1.291E-09 -9.488E-10 -1.402E-12  4.095E-13  1.00E-07
  9.600E+01 2.54850E-18 -1.457E-03 -1.276E-09 -9.599E-10 -1.398E-12  4.028E-13  1.00E-07
  9.650E+01 2.53129E-18 -1.464E-03 -1.261E-09 -9.707E-10 -1.394E-12  3.963E-13  1.00E-07
  9.700E+01 2.51446E-18 -1.472E-03 -1.246E-09 -9.813E-10 -1.391E-12  3.898E-13  1.00E-07
  9.750E+01 2.49799E-18 -1.479E-03 -1.231E-09 -9.916E-10 -1.387E-12  3.833E-13  1.00E-07
  9.800E+01 2.48188E-18 -1.485E-03 -1.216E-09 -1.002E-09 -1.382E-12  3.769E-13  1.00E-07
  9.850E+01 2.46612E-18 -1.492E-03 -1.201E-09 -1.011E-09 -1.378E-12  3.706E-13  1.00E-07
  9.900E+01 2.45071E-18 -1.498E-03 -1.187E-09 -1.021E-09 -1.374E-12  3.644E-13  1.00E-07
  9.950E+01 2.43562E-18 -1.504E-03 -1.172E-09 -1.030E-09 -1.370E-12  3.582E-13  1.00E-07
  1.000E+02 2.42087E-18 -1.509E-03 -1.158E-09 -1.039E-09 -1.365E-12  3.521E-13  1.00E-07
  1.005E+02 2.40643E-18 -1.514E-03 -1.143E-09 -1.048E-09 -1.360E-12  3.460E-13  1.00E-07
  1.010E+02 2.39230E-18 -1.519E-03 -1.129E-09 -1.057E-09 -1.356E-12  3.401E-13  1.00E-07
  1.015E+02 2.37847E-18 -1.524E-03 -1.115E-09 -1.065E-09 -1.351E-12  3.341E-13  1.00E-07
  1.020E+02 2.36494E-18 -1.528E-03 -1.101E-09 -1.074E-09 -1.346E-12  3.283E-13  1.00E-07
  1.025E+02 2.35170E-18 -1.532E-03 -1.087E-09 -1.081E-09 -1.341E-12  3.225E-13  1.00E-07
  1.030E+02 2.33874E-18 -1.535E-03 -1.073E-09 -1.089E-09 -1.336E-12  3.168E-13  1.00E-07
  1.035E+02 2.32606E-18 -1.539E-03 -1.060E-09 -1.097E-09 -1.331E-12  3.111E-13  1.00E-07
  1.040E+02 2.31365E-18 -1.542E-03 -1.046E-09 -1.104E-09 -1.326E-12  3.055E-13  1.00E-07
  1.045E+02 2.30150E-18 -1.544E-03 -1.033E-09 -1.111E-09 -1.320E-12  3.000E-13  1.00E-07
  1.050E+02 2.28960E-18 -1.547E-03 -1.019E-09 -1.118E-09 -1.315E-12  2.945E-13  1.00E-07
  1.055E+02 2.27796E-18 -1.549E-03 -1.006E-09 -1.125E-09 -1.309E-12  2.891E-13  1.00E-07
  1.060E+02 2.26657E-18 -1.551E-03 -9.928E-10 -1.132E-09 -1.304E-12  2.838E-13  1.00E-07
  1.065E+02 2.25541E-18 -1.552E-03 -9.797E-10 -1.138E-09 -1.298E-12  2.785E-13  1.00E-07
  1.070E+02 2.24449E-18 -1.554E-03 -9.667E-10 -1.145E-09 -1.293E-12  2.733E-13  1.00E-07
  1.075E+02 2.23379E-18 -1.555E-03 -9.538E-10 -1.151E-09 -1.287E-12  2.681E-13  1.00E-07
  1.080E+02 2.22332E-18 -1.555E-03 -9.411E-10 -1.157E-09 -1.281E-12  2.630E-13  1.00E-07
  1.085E+02 2.21307E-18 -1.556E-03 -9.284E-10 -1.162E-09 -1.275E-12  2.580E-13  1.00E-07
  1.090E+02 2.20304E-18 -1.556E-03 -9.159E-10 -1.168E-09 -1.269E-12  2.530E-13  1.00E-07
  1.095E+02 2.19321E-18 -1.556E-03 -9.035E-10 -1.173E-09 -1.263E-12  2.481E-13  1.00E-07
  1.100E+02 2.18359E-18 -1.555E-03 -8.912E-10 -1.179E-09 -1.257E-12  2.433E-13  1.00E-07
  1.105E+02 2.17416E-18 -1.555E-03 -8.789E-10 -1.184E-09 -1.250E-12  2.385E-13  1.00E-07
  1.110E+02 2.16494E-18 -1.554E-03 -8.668E-10 -1.189E-09 -1.244E-12  2.338E-13  1.00E-07
  1.115E+02 2.15590E-18 -1.552E-03 -8.548E-10 -1.194E-09 -1.238E-12  2.291E-13  1.00E-07
  1.120E+02 2.14705E-18 -1.551E-03 -8.430E-10 -1.199E-09 -1.231E-12  2.246E-13  1.00E-07
  1.125E+02 2.13839E-18 -1.549E-03 -8.312E-10 -1.203E-09 -1.225E-12  2.200E-13  1.00E-07
  1.130E+02 2.12990E-18 -1.547E-03 -8.195E-10 -1.208E-09 -1.218E-12  2.155E-13  1.00E-07
  1.135E+02 2.12159E-18 -1.545E-03 -8.080E-10 -1.212E-09 -1.211E-12  2.111E-13  1.00E-07
  1.140E+02 2.11344E-18 -1.542E-03 -7.965E-10 -1.216E-09 -1.205E-12  2.068E-13  1.00E-07
  1.145E+02 2.10547E-18 -1.539E-03 -7.852E-10 -1.220E-09 -1.198E-12  2.025E-13  1.00E-07
  1.150E+02 2.09766E-18 -1.536E-03 -7.739E-10 -1.224E-09 -1.191E-12  1.982E-13  1.00E-07
  1.155E+02 2.09001E-18 -1.533E-03 -7.628E-10 -1.228E-09 -1.184E-12  1.941E-13  1.00E-07
  1.160E+02 2.08252E-18 -1.530E-03 -7.518E-10 -1.232E-09 -1.177E-12  1.900E-13  1.00E-07
  1.165E+02 2.07518E-18 -1.526E-03 -7.409E-10 -1.235E-09 -1.170E-12  1.859E-13  1.00E-07
  1.170E+02 2.06799E-18 -1.522E-03 -7.301E-10 -1.239E-09 -1.163E-12  1.819E-13  1.00E-07
  1.175E+02 2.06095E-18 -1.518E-03 -7.194E-10 -1.242E-09 -1.156E-12  1.780E-13  1.00E-07
  1.180E+02 2.05405E-18 -1.513E-03 -7.088E-10 -1.246E-09 -1.149E-12  1.741E-13  1.00E-07
  1.185E+02 2.04729E-18 -1.509E-03 -6.983E-10 -1.249E-09 -1.141E-12  1.702E-13  1.00E-07
  1.190E+02 2.04067E-18 -1.504E-03 -6.880E-10 -1.252E-09 -1.134E-12  1.665E-13  1.00E-07
  1.195E+02 2.03419E-18 -1.499E-03 -6.777E-10 -1.255E-09 -1.127E-12  1.628E-13  1.00E-07
  1.200E+02 2.02783E-18 -1.493E-03 -6.675E-10 -1.258E-09 -1.119E-12  1.591E-13  1.00E-07
  1.205E+02 2.02161E-18 -1.488E-03 -6.575E-10 -1.261E-09 -1.112E-12  1.555E-13  1.00E-07
  1.210E+02 2.01551E-18 -1.482E-03 -6.475E-10 -1.263E-09 -1.104E-12  1.519E-13  1.00E-07
  1.215E+02 2.00954E-18 -1.476E-03 -6.377E-10 -1.266E-09 -1.097E-12  1.484E-13  1.00E-07
  1.220E+02 2.00369E-18 -1.470E-03 -6.280E-10 -1.269E-09 -1.089E-12  1.450E-13  1.00E-07
  1.225E+02 1.99796E-18 -1.463E-03 -6.183E-10 -1.271E-09 -1.081E-12  1.416E-13  1.00E-07
  1.230E+02 1.99234E-18 -1.457E-03 -6.088E-10 -1.273E-09 -1.073E-12  1.383E-13  1.00E-07
  1.235E+02 1.98684E-18 -1.450E-03 -5.994E-10 -1.276E-09 -1.066E-12  1.350E-13  1.00E-07
  1.240E+02 1.98145E-18 -1.443E-03 -5.901E-10 -1.278E-09 -1.058E-12  1.318E-13  1.00E-07
  1.245E+02 1.97617E-18 -1.436E-03 -5.809E-10 -1.280E-09 -1.050E-12  1.286E-13  1.00E-07
  1.250E+02 1.97100E-18 -1.428E-03 -5.718E-10 -1.282E-09 -1.042E-12  1.255E-13  1.00E-07
  1.255E+02 1.96593E-18 -1.421E-03 -5.628E-10 -1.284E-09 -1.034E-12  1.224E-13  1.00E-07
  1.260E+02 1.96096E-18 -1.413E-03 -5.538E-10 -1.286E-09 -1.026E-12  1.194E-13  1.00E-07
  1.265E+02 1.95610E-18 -1.405E-03 -5.450E-10 -1.288E-09 -1.018E-12  1.164E-13  1.00E-07
  1.270E+02 1.95133E-18 -1.397E-03 -5.363E-10 -1.290E-09 -1.010E-12  1.135E-13  1.00E-07
  1.275E+02 1.94667E-18 -1.389E-03 -5.277E-10 -1.292E-09 -1.002E-12  1.106E-13  1.00E-07
  1.280E+02 1.94209E-18 -1.381E-03 -5.192E-10 -1.293E-09 -9.934E-13  1.078E-13  1.00E-07
  1.285E+02 1.93761E-18 -1.372E-03 -5.108E-10 -1.295E-09 -9.851E-13  1.051E-13  1.00E-07
  1.290E+02 1.93322E-18 -1.363E-03 -5.025E-10 -1.296E-09 -9.768E-13  1.023E-13  1.00E-07
  1.295E+02 1.92892E-18 -1.354E-03 -4.943E-10 -1.298E-09 -9.685E-13  9.968E-14  1.00E-07
  1.300E+02 1.92471E-18 -1.345E-03 -4.862E-10 -1.299E-09 -9.601E-13  9.706E-14  1.00E-07
  1.305E+02 1.92058E-18 -1.336E-03 -4.782E-10 -1.301E-09 -9.517E-13  9.448E-14  1.00E-07
  1.310E+02 1.91654E-18 -1.327E-03 -4.703E-10 -1.302E-09 -9.432E-13  9.196E-14  1.00E-07
  1.315E+02 1.91258E-18 -1.317E-03 -4.625E-10 -1.303E-09 -9.347E-13  8.948E-14  1.00E-07
  1.320E+02 1.90870E-18 -1.308E-03 -4.548E-10 -1.305E-09 -9.262E-13  8.704E-14  1.00E-07
  1.325E+02 1.90490E-18 -1.298E-03 -4.472E-10 -1.306E-09 -9.176E-13  8.466E-14  1.00E-07
  1.330E+02 1.90118E-18 -1.288E-03 -4.397E-10 -1.307E-09 -9.090E-13  8.232E-14  1.00E-07
  1.335E+02 1.89753E-18 -1.278E-03 -4.322E-10 -1.308E-09 -9.004E-13  8.002E-14  1.00E-07
  1.340E+02 1.89396E-18 -1.267E-03 -4.249E-10 -1.309E-09 -8.917E-13  7.777E-14  1.00E-07
  1.345E+02 1.89047E-18 -1.257E-03 -4.177E-10 -1.310E-09 -8.830E-13  7.556E-14  1.00E-07
  1.350E+02 1.88704E-18 -1.247E-03 -4.105E-10 -1.311E-09 -8.742E-13  7.340E-14  1.00E-07
  1.355E+02 1.88369E-18 -1.236E-03 -4.035E-10 -1.312E-09 -8.654E-13  7.128E-14  1.00E-07
  1.360E+02 1.88040E-18 -1.225E-03 -3.965E-10 -1.313E-09 -8.566E-13  6.920E-14  1.00E-07
  1.365E+02 1.87719E-18 -1.214E-03 -3.897E-10 -1.314E-09 -8.477E-13  6.717E-14  1.00E-07
  1.370E+02 1.87404E-18 -1.203E-03 -3.829E-10 -1.314E-09 -8.389E-13  6.518E-14  1.00E-07
  1.375E+02 1.87095E-18 -1.192E-03 -3.762E-10 -1.315E-09 -8.299E-13  6.323E-14  1.00E-07
  1.380E+02 1.86793E-18 -1.181E-03 -3.696E-10 -1.316E-09 -8.210E-13  6.132E-14  1.00E-07
  1.385E+02 1.86497E-18 -1.170E-03 -3.631E-10 -1.316E-09 -8.120E-13  5.945E-14  1.00E-07
  1.390E+02 1.86208E-18 -1.158E-03 -3.567E-10 -1.317E-09 -8.030E-13  5.762E-14  1.00E-07
  1.395E+02 1.85925E-18 -1.146E-03 -3.504E-10 -1.318E-09 -7.939E-13  5.584E-14  1.00E-07
  1.400E+02 1.85647E-18 -1.135E-03 -3.442E-10 -1.318E-09 -7.849E-13  5.409E-14  1.00E-07
  1.405E+02 1.85376E-18 -1.123E-03 -3.380E-10 -1.319E-09 -7.758E-13  5.238E-14  1.00E-07
  1.410E+02 1.85110E-18 -1.111E-03 -3.320E-10 -1.319E-09 -7.666E-13  5.071E-14  1.00E-07
  1.415E+02 1.84850E-18 -1.099E-03 -3.260E-10 -1.320E-09 -7.575E-13  4.907E-14  1.00E-07
  1.420E+02 1.84595E-18 -1.087E-03 -3.202E-10 -1.320E-09 -7.483E-13  4.748E-14  1.00E-07
  1.425E+02 1.84346E-18 -1.075E-03 -3.144E-10 -1.321E-09 -7.391E-13  4.592E-14  1.00E-07
  1.430E+02 1.84102E-18 -1.062E-03 -3.087E-10 -1.321E-09 -7.299E-13  4.440E-14  1.00E-07
  1.435E+02 1.83863E-18 -1.050E-03 -3.031E-10 -1.322E-09 -7.206E-13  4.291E-14  1.00E-07
  1.440E+02 1.83630E-18 -1.038E-03 -2.976E-10 -1.322E-09 -7.113E-13  4.146E-14  1.00E-07
  1.445E+02 1.83402E-18 -1.025E-03 -2.921E-10 -1.322E-09 -7.020E-13  4.005E-14  1.00E-07
  1.450E+02 1.83178E-18 -1.012E-03 -2.868E-10 -1.323E-09 -6.926E-13  3.867E-14  1.00E-07
  1.455E+02 1.82960E-18 -9.997E-04 -2.815E-10 -1.323E-09 -6.833E-13  3.733E-14  1.00E-07
  1.460E+02 1.82746E-18 -9.868E-04 -2.763E-10 -1.323E-09 -6.739E-13  3.601E-14  1.00E-07
  1.465E+02 1.82538E-18 -9.739E-04 -2.712E-10 -1.324E-09 -6.645E-13  3.474E-14  1.00E-07
  1.470E+02 1.82333E-18 -9.609E-04 -2.662E-10 -1.324E-09 -6.550E-13  3.349E-14  1.00E-07
  1.475E+02 1.82134E-18 -9.479E-04 -2.613E-10 -1.324E-09 -6.456E-13  3.228E-14  1.00E-07
  1.480E+02 1.81939E-18 -9.347E-04 -2.565E-10 -1.324E-09 -6.361E-13  3.110E-14  1.00E-07
  1.485E+02 1.81748E-18 -9.215E-04 -2.517E-10 -1.324E-09 -6.266E-13  2.995E-14  1.00E-07
  1.490E+02 1.81562E-18 -9.082E-04 -2.470E-10 -1.325E-09 -6.171E-13  2.883E-14  1.00E-07
  1.495E+02 1.81380E-18 -8.949E-04 -2.424E-10 -1.325E-09 -6.075E-13  2.775E-14  1.00E-07
  1.500E+02 1.81202E-18 -8.814E-04 -2.379E-10 -1.325E-09 -5.979E-13  2.669E-14  1.00E-07
  1.505E+02 1.81028E-18 -8.679E-04 -2.335E-10 -1.325E-09 -5.884E-13  2.566E-14  1.00E-07
  1.510E+02 1.80859E-18 -8.544E-04 -2.291E-10 -1.325E-09 -5.788E-13  2.467E-14  1.00E-07
  1.515E+02 1.80693E-18 -8.407E-04 -2.249E-10 -1.325E-09 -5.691E-13  2.370E-14  1.00E-07
  1.520E+02 1.80531E-18 -8.271E-04 -2.207E-10 -1.325E-09 -5.595E-13  2.276E-14  1.00E-07
  1.525E+02 1.80374E-18 -8.133E-04 -2.166E-10 -1.325E-09 -5.498E-13  2.184E-14  1.00E-07
  1.530E+02 1.80220E-18 -7.995E-04 -2.125E-10 -1.326E-09 -5.401E-13  2.096E-14  1.00E-07
  1.535E+02 1.80070E-18 -7.856E-04 -2.086E-10 -1.326E-09 -5.304E-13  2.010E-14  1.00E-07
  1.540E+02 1.79923E-18 -7.717E-04 -2.047E-10 -1.326E-09 -5.207E-13  1.926E-14  1.00E-07
  1.545E+02 1.79781E-18 -7.577E-04 -2.009E-10 -1.326E-09 -5.110E-13  1.846E-14  1.00E-07
  1.550E+02 1.79642E-18 -7.437E-04 -1.972E-10 -1.326E-09 -5.012E-13  1.768E-14  1.00E-07
  1.555E+02 1.79506E-18 -7.296E-04 -1.936E-10 -1.326E-09 -4.915E-13  1.692E-14  1.00E-07
  1.560E+02 1.79374E-18 -7.155E-04 -1.900E-10 -1.326E-09 -4.817E-13  1.619E-14  1.00E-07
  1.565E+02 1.79245E-18 -7.013E-04 -1.865E-10 -1.326E-09 -4.719E-13  1.548E-14  1.00E-07
  1.570E+02 1.79120E-18 -6.870E-04 -1.831E-10 -1.326E-09 -4.621E-13  1.479E-14  1.00E-07
  1.575E+02 1.78998E-18 -6.727E-04 -1.798E-10 -1.326E-09 -4.522E-13  1.413E-14  1.00E-07
  1.580E+02 1.78880E-18 -6.584E-04 -1.766E-10 -1.326E-09 -4.424E-13  1.349E-14  1.00E-07
  1.585E+02 1.78765E-18 -6.440E-04 -1.734E-10 -1.326E-09 -4.325E-13  1.287E-14  1.00E-07
  1.590E+02 1.78653E-18 -6.296E-04 -1.703E-10 -1.326E-09 -4.227E-13  1.227E-14  1.00E-07
  1.595E+02 1.78544E-18 -6.152E-04 -1.673E-10 -1.326E-09 -4.128E-13  1.170E-14  1.00E-07
  1.600E+02 1.78438E-18 -6.007E-04 -1.643E-10 -1.326E-09 -4.029E-13  1.114E-14  1.00E-07
  1.605E+02 1.78336E-18 -5.861E-04 -1.615E-10 -1.326E-09 -3.930E-13  1.061E-14  1.00E-07
  1.610E+02 1.78236E-18 -5.716E-04 -1.587E-10 -1.326E-09 -3.830E-13  1.009E-14  1.00E-07
  1.615E+02 1.78140E-18 -5.569E-04 -1.560E-10 -1.326E-09 -3.731E-13  9.594E-15  1.00E-07
  1.620E+02 1.78046E-18 -5.423E-04 -1.533E-10 -1.326E-09 -3.632E-13  9.116E-15  1.00E-07
  1.625E+02 1.77956E-18 -5.276E-04 -1.508E-10 -1.325E-09 -3.532E-13  8.655E-15  1.00E-07
  1.630E+02 1.77868E-18 -5.129E-04 -1.483E-10 -1.325E-09 -3.432E-13  8.212E-15  1.00E-07
  1.635E+02 1.77783E-18 -4.982E-04 -1.458E-10 -1.325E-09 -3.333E-13  7.786E-15  1.00E-07
  1.640E+02 1.77701E-18 -4.834E-04 -1.435E-10 -1.325E-09 -3.233E-13  7.376E-15  1.00E-07
  1.645E+02 1.77622E-18 -4.686E-04 -1.412E-10 -1.325E-09 -3.133E-13  6.983E-15  1.00E-07
  1.650E+02 1.77546E-18 -4.537E-04 -1.390E-10 -1.325E-09 -3.033E-13  6.605E-15  1.00E-07
  1.655E+02 1.77473E-18 -4.389E-04 -1.369E-10 -1.325E-09 -2.932E-13  6.242E-15  1.00E-07
  1.660E+02 1.77402E-18 -4.240E-04 -1.349E-10 -1.325E-09 -2.832E-13  5.893E-15  1.00E-07
  1.665E+02 1.77334E-18 -4.090E-04 -1.329E-10 -1.325E-09 -2.732E-13  5.559E-15  1.00E-07
  1.670E+02 1.77269E-18 -3.941E-04 -1.310E-10 -1.325E-09 -2.631E-13  5.237E-15  1.00E-07
  1.675E+02 1.77206E-18 -3.791E-04 -1.292E-10 -1.325E-09 -2.531E-13  4.929E-15  1.00E-07
  1.680E+02 1.77146E-18 -3.641E-04 -1.274E-10 -1.325E-09 -2.430E-13  4.634E-15  1.00E-07
  1.685E+02 1.77089E-18 -3.491E-04 -1.257E-10 -1.325E-09 -2.329E-13  4.351E-15  1.00E-07
  1.690E+02 1.77034E-18 -3.341E-04 -1.241E-10 -1.325E-09 -2.229E-13  4.079E-15  1.00E-07
  1.695E+02 1.76981E-18 -3.190E-04 -1.226E-10 -1.325E-09 -2.128E-13  3.818E-15  1.00E-07
  1.700E+02 1.76932E-18 -3.040E-04 -1.211E-10 -1.325E-09 -2.027E-13  3.567E-15  1.00E-07
  1.705E+02 1.76885E-18 -2.889E-04 -1.197E-10 -1.325E-09 -1.926E-13  3.327E-15  1.00E-07
  1.710E+02 1.76840E-18 -2.738E-04 -1.184E-10 -1.325E-09 -1.825E-13  3.096E-15  1.00E-07
  1.715E+02 1.76798E-18 -2.587E-04 -1.172E-10 -1.324E-09 -1.724E-13  2.874E-15  1.00E-07
  1.720E+02 1.76758E-18 -2.435E-04 -1.160E-10 -1.324E-09 -1.623E-13  2.661E-15  1.00E-07
  1.725E+02 1.76721E-18 -2.284E-04 -1.149E-10 -1.324E-09 -1.521E-13  2.456E-15  1.00E-07
  1.730E+02 1.76687E-18 -2.132E-04 -1.138E-10 -1.324E-09 -1.420E-13  2.258E-15  1.00E-07
  1.735E+02 1.76654E-18 -1.980E-04 -1.129E-10 -1.324E-09 -1.319E-13  2.068E-15  1.00E-07
  1.740E+02 1.76625E-18 -1.828E-04 -1.120E-10 -1.324E-09 -1.218E-13  1.883E-15  1.00E-07
  1.745E+02 1.76597E-18 -1.676E-04 -1.112E-10 -1.324E-09 -1.116E-13  1.705E-15  1.00E-07
  1.750E+02 1.76572E-18 -1.524E-04 -1.104E-10 -1.324E-09 -1.015E-13  1.533E-15  1.00E-07
  1.755E+02 1.76550E-18 -1.372E-04 -1.098E-10 -1.324E-09 -9.135E-14  1.365E-15  1.00E-07
  1.760E+02 1.76529E-18 -1.220E-04 -1.092E-10 -1.324E-09 -8.121E-14  1.202E-15  1.00E-07
  1.765E+02 1.76512E-18 -1.067E-04 -1.086E-10 -1.324E-09 -7.106E-14  1.043E-15  1.00E-07
  1.770E+02 1.76496E-18 -9.151E-05 -1.082E-10 -1.324E-09 -6.092E-14  8.875E-16  1.00E-07
  1.775E+02 1.76483E-18 -7.627E-05 -1.078E-10 -1.324E-09 -5.077E-14  7.350E-16  1.00E-07
  1.780E+02 1.76473E-18 -6.102E-05 -1.074E-10 -1.324E-09 -4.061E-14  5.849E-16  1.00E-07
  1.785E+02 1.76464E-18 -4.577E-05 -1.072E-10 -1.324E-09 -3.046E-14  4.370E-16  1.00E-07
  1.790E+02 1.76459E-18 -3.051E-05 -1.070E-10 -1.324E-09 -2.031E-14  2.905E-16  1.00E-07
  1.795E+02 1.76455E-18 -1.526E-05 -1.069E-10 -1.324E-09 -1.015E-14  1.450E-16  1.00E-07
  1.800E+02 1.76454E-18 -2.141E-19 -1.069E-10 -1.324E-09 -1.425E-28  2.033E-30  1.00E-07

  TOTAL ELASTIC CROSS SECTION = 1.702136E-16 cm**2
               FROM DCS TABLE = 1.702100E-16  (REL. DIF. = 2.16E-05)

  1ST TRANSPORT CROSS SECTION = 4.103140E-17 cm**2
               FROM DCS TABLE = 4.103137E-17  (REL. DIF. = 7.60E-07)

  2ND TRANSPORT CROSS SECTION = 6.479920E-17 cm**2

  **** DPWA0 ENDED ************************************************************

