 #  Scattering field.
 #  All quantities in atomic units (a.u.), unless otherwise indicated.
 #  Z =   1, NELEC =   1,   projectile: electron
 #  Kinetic energy = 6.46788E+00 a.u. = 1.76000E+02 eV
 #
 #   i       r           r*V         r*Vst        r*Vex       r*Vpol       r*Wabs        rho_e
 #------------------------------------------------------------------------------------------------
     1  0.00000E+00 -1.00000E+00 -1.00000E+00  0.00000E+00  0.00000E+00  0.00000E+00  3.18847E-01
     2  2.81877E-08 -1.00000E+00 -1.00000E+00 -7.95886E-16  0.00000E+00  0.00000E+00  3.18847E-01
     3  5.71700E-08 -1.00000E+00 -1.00000E+00 -3.27388E-15  0.00000E+00  0.00000E+00  3.18843E-01
     4  8.69693E-08 -1.00000E+00 -1.00000E+00 -7.57621E-15  0.00000E+00  0.00000E+00  3.18838E-01
     5  1.17608E-07 -1.00000E+00 -1.00000E+00 -1.38545E-14  0.00000E+00  0.00000E+00  3.18834E-01
     6  1.49111E-07 -1.00000E+00 -1.00000E+00 -2.22705E-14  0.00000E+00  0.00000E+00  3.18829E-01
     7  1.81502E-07 -1.00000E+00 -1.00000E+00 -3.29963E-14  0.00000E+00  0.00000E+00  3.18825E-01
     8  2.14806E-07 -1.00000E+00 -1.00000E+00 -4.62156E-14  0.00000E+00  0.00000E+00  3.18820E-01
     9  2.49049E-07 -1.00000E+00 -1.00000E+00 -6.21237E-14  0.00000E+00  0.00000E+00  3.18815E-01
    10  2.84257E-07 -1.00000E+00 -1.00000E+00 -8.09288E-14  0.00000E+00  0.00000E+00  3.18810E-01
    11  3.20457E-07 -1.00000E+00 -1.00000E+00 -1.02852E-13  0.00000E+00  0.00000E+00  3.18805E-01
    12  3.57678E-07 -1.00000E+00 -1.00000E+00 -1.28130E-13  0.00000E+00  0.00000E+00  3.18800E-01
    13  3.95948E-07 -1.00000E+00 -1.00000E+00 -1.57013E-13  0.00000E+00  0.00000E+00  3.18795E-01
    14  4.35296E-07 -1.00000E+00 -1.00000E+00 -1.89768E-13  0.00000E+00  0.00000E+00  3.18790E-01
    15  4.75754E-07 -1.00000E+00 -1.00000E+00 -2.26679E-13  0.00000E+00  0.00000E+00  3.18784E-01
    16  5.17352E-07 -9.99999E-01 -9.99999E-01 -2.68047E-13  0.00000E+00  0.00000E+00  3.18779E-01
    17  5.60123E-07 -9.99999E-01 -9.99999E-01 -3.14194E-13  0.00000E+00  0.00000E+00  3.18774E-01
    18  6.04100E-07 -9.99999E-01 -9.99999E-01 -3.65460E-13  0.00000E+00  0.00000E+00  3.18768E-01
    19  6.49316E-07 -9.99999E-01 -9.99999E-01 -4.22209E-13  0.00000E+00  0.00000E+00  3.18762E-01
    20  6.95806E-07 -9.99999E-01 -9.99999E-01 -4.84824E-13  0.00000E+00  0.00000E+00  3.18757E-01
    21  7.43607E-07 -9.99999E-01 -9.99999E-01 -5.53715E-13  0.00000E+00  0.00000E+00  3.18751E-01
    22  7.92755E-07 -9.99999E-01 -9.99999E-01 -6.29317E-13  0.00000E+00  0.00000E+00  3.18745E-01
    23  8.43289E-07 -9.99999E-01 -9.99999E-01 -7.12092E-13  0.00000E+00  0.00000E+00  3.18739E-01
    24  8.95247E-07 -9.99999E-01 -9.99999E-01 -8.02529E-13  0.00000E+00  0.00000E+00  3.18733E-01
    25  9.48670E-07 -9.99999E-01 -9.99999E-01 -9.01149E-13  0.00000E+00  0.00000E+00  3.18727E-01
    26  1.00360E-06 -9.99999E-01 -9.99999E-01 -1.00851E-12  0.00000E+00  0.00000E+00  3.18721E-01
    27  1.06008E-06 -9.99999E-01 -9.99999E-01 -1.12518E-12  0.00000E+00  0.00000E+00  3.18714E-01
    28  1.11814E-06 -9.99999E-01 -9.99999E-01 -1.25180E-12  0.00000E+00  0.00000E+00  3.18708E-01
    29  1.17785E-06 -9.99999E-01 -9.99999E-01 -1.38903E-12  0.00000E+00  0.00000E+00  3.18702E-01
    30  1.23924E-06 -9.99999E-01 -9.99999E-01 -1.53756E-12  0.00000E+00  0.00000E+00  3.18695E-01
    31  1.30236E-06 -9.99999E-01 -9.99999E-01 -1.69815E-12  0.00000E+00  0.00000E+00  3.18689E-01
    32  1.36726E-06 -9.99999E-01 -9.99999E-01 -1.87157E-12  0.00000E+00  0.00000E+00  3.18683E-01
    33  1.43398E-06 -9.99999E-01 -9.99999E-01 -2.05866E-12  0.00000E+00  0.00000E+00  3.18676E-01
    34  1.50259E-06 -9.99998E-01 -9.99998E-01 -2.26032E-12  0.00000E+00  0.00000E+00  3.18670E-01
    35  1.57314E-06 -9.99998E-01 -9.99998E-01 -2.47748E-12  0.00000E+00  0.00000E+00  3.18663E-01
    36  1.64567E-06 -9.99998E-01 -9.99998E-01 -2.71114E-12  0.00000E+00  0.00000E+00  3.18656E-01
    37  1.72024E-06 -9.99998E-01 -9.99998E-01 -2.96237E-12  0.00000E+00  0.00000E+00  3.18650E-01
    38  1.79692E-06 -9.99998E-01 -9.99998E-01 -3.23227E-12  0.00000E+00  0.00000E+00  3.18643E-01
    39  1.87576E-06 -9.99998E-01 -9.99998E-01 -3.52205E-12  0.00000E+00  0.00000E+00  3.18637E-01
    40  1.95682E-06 -9.99998E-01 -9.99998E-01 -3.83296E-12  0.00000E+00  0.00000E+00  3.18630E-01
    41  2.04017E-06 -9.99998E-01 -9.99998E-01 -4.16633E-12  0.00000E+00  0.00000E+00  3.18624E-01
    42  2.12586E-06 -9.99998E-01 -9.99998E-01 -4.52360E-12  0.00000E+00  0.00000E+00  3.18617E-01
    43  2.21397E-06 -9.99998E-01 -9.99998E-01 -4.90625E-12  0.00000E+00  0.00000E+00  3.18611E-01
    44  2.30457E-06 -9.99998E-01 -9.99998E-01 -5.31587E-12  0.00000E+00  0.00000E+00  3.18604E-01
    45  2.39772E-06 -9.99998E-01 -9.99998E-01 -5.75417E-12  0.00000E+00  0.00000E+00  3.18598E-01
    46  2.49349E-06 -9.99998E-01 -9.99998E-01 -6.22291E-12  0.00000E+00  0.00000E+00  3.18592E-01
    47  2.59196E-06 -9.99997E-01 -9.99997E-01 -6.72399E-12  0.00000E+00  0.00000E+00  3.18586E-01
    48  2.69321E-06 -9.99997E-01 -9.99997E-01 -7.25943E-12  0.00000E+00  0.00000E+00  3.18579E-01
    49  2.79732E-06 -9.99997E-01 -9.99997E-01 -7.83133E-12  0.00000E+00  0.00000E+00  3.18573E-01
    50  2.90435E-06 -9.99997E-01 -9.99997E-01 -8.44196E-12  0.00000E+00  0.00000E+00  3.18568E-01
    51  3.01441E-06 -9.99997E-01 -9.99997E-01 -9.09370E-12  0.00000E+00  0.00000E+00  3.18562E-01
    52  3.12757E-06 -9.99997E-01 -9.99997E-01 -9.78907E-12  0.00000E+00  0.00000E+00  3.18556E-01
    53  3.24391E-06 -9.99997E-01 -9.99997E-01 -1.05307E-11  0.00000E+00  0.00000E+00  3.18551E-01
    54  3.36354E-06 -9.99997E-01 -9.99997E-01 -1.13216E-11  0.00000E+00  0.00000E+00  3.18546E-01
    55  3.48654E-06 -9.99997E-01 -9.99997E-01 -1.21645E-11  0.00000E+00  0.00000E+00  3.18540E-01
    56  3.61300E-06 -9.99996E-01 -9.99996E-01 -1.30628E-11  0.00000E+00  0.00000E+00  3.18536E-01
    57  3.74303E-06 -9.99996E-01 -9.99996E-01 -1.40197E-11  0.00000E+00  0.00000E+00  3.18531E-01
    58  3.87673E-06 -9.99996E-01 -9.99996E-01 -1.50389E-11  0.00000E+00  0.00000E+00  3.18526E-01
    59  4.01419E-06 -9.99996E-01 -9.99996E-01 -1.61241E-11  0.00000E+00  0.00000E+00  3.18522E-01
    60  4.15553E-06 -9.99996E-01 -9.99996E-01 -1.72793E-11  0.00000E+00  0.00000E+00  3.18518E-01
    61  4.30085E-06 -9.99996E-01 -9.99996E-01 -1.85088E-11  0.00000E+00  0.00000E+00  3.18514E-01
    62  4.45027E-06 -9.99996E-01 -9.99996E-01 -1.98170E-11  0.00000E+00  0.00000E+00  3.18511E-01
    63  4.60390E-06 -9.99995E-01 -9.99995E-01 -2.12086E-11  0.00000E+00  0.00000E+00  3.18508E-01
    64  4.76187E-06 -9.99995E-01 -9.99995E-01 -2.26887E-11  0.00000E+00  0.00000E+00  3.18505E-01
    65  4.92428E-06 -9.99995E-01 -9.99995E-01 -2.42625E-11  0.00000E+00  0.00000E+00  3.18502E-01
    66  5.09127E-06 -9.99995E-01 -9.99995E-01 -2.59358E-11  0.00000E+00  0.00000E+00  3.18500E-01
    67  5.26297E-06 -9.99995E-01 -9.99995E-01 -2.77144E-11  0.00000E+00  0.00000E+00  3.18498E-01
    68  5.43951E-06 -9.99995E-01 -9.99995E-01 -2.96047E-11  0.00000E+00  0.00000E+00  3.18496E-01
    69  5.62103E-06 -9.99994E-01 -9.99994E-01 -3.16133E-11  0.00000E+00  0.00000E+00  3.18494E-01
    70  5.80766E-06 -9.99994E-01 -9.99994E-01 -3.37472E-11  0.00000E+00  0.00000E+00  3.18493E-01
    71  5.99955E-06 -9.99994E-01 -9.99994E-01 -3.60140E-11  0.00000E+00  0.00000E+00  3.18492E-01
    72  6.19685E-06 -9.99994E-01 -9.99994E-01 -3.84216E-11  0.00000E+00  0.00000E+00  3.18491E-01
    73  6.39972E-06 -9.99994E-01 -9.99994E-01 -4.09782E-11  0.00000E+00  0.00000E+00  3.18491E-01
    74  6.60830E-06 -9.99993E-01 -9.99993E-01 -4.36928E-11  0.00000E+00  0.00000E+00  3.18490E-01
    75  6.82276E-06 -9.99993E-01 -9.99993E-01 -4.65747E-11  0.00000E+00  0.00000E+00  3.18490E-01
    76  7.04326E-06 -9.99993E-01 -9.99993E-01 -4.96337E-11  0.00000E+00  0.00000E+00  3.18490E-01
    77  7.26998E-06 -9.99993E-01 -9.99993E-01 -5.28805E-11  0.00000E+00  0.00000E+00  3.18490E-01
    78  7.50310E-06 -9.99992E-01 -9.99992E-01 -5.63260E-11  0.00000E+00  0.00000E+00  3.18490E-01
    79  7.74278E-06 -9.99992E-01 -9.99992E-01 -5.99820E-11  0.00000E+00  0.00000E+00  3.18490E-01
    80  7.98922E-06 -9.99992E-01 -9.99992E-01 -6.38609E-11  0.00000E+00  0.00000E+00  3.18490E-01
    81  8.24261E-06 -9.99992E-01 -9.99992E-01 -6.79758E-11  0.00000E+00  0.00000E+00  3.18489E-01
    82  8.50313E-06 -9.99991E-01 -9.99991E-01 -7.23407E-11  0.00000E+00  0.00000E+00  3.18489E-01
    83  8.77101E-06 -9.99991E-01 -9.99991E-01 -7.69702E-11  0.00000E+00  0.00000E+00  3.18489E-01
    84  9.04643E-06 -9.99991E-01 -9.99991E-01 -8.18798E-11  0.00000E+00  0.00000E+00  3.18489E-01
    85  9.32961E-06 -9.99991E-01 -9.99991E-01 -8.70862E-11  0.00000E+00  0.00000E+00  3.18489E-01
    86  9.62078E-06 -9.99990E-01 -9.99990E-01 -9.26065E-11  0.00000E+00  0.00000E+00  3.18489E-01
    87  9.92016E-06 -9.99990E-01 -9.99990E-01 -9.84594E-11  0.00000E+00  0.00000E+00  3.18488E-01
    88  1.02280E-05 -9.99990E-01 -9.99990E-01 -1.04664E-10  0.00000E+00  0.00000E+00  3.18488E-01
    89  1.05445E-05 -9.99989E-01 -9.99989E-01 -1.11241E-10  0.00000E+00  0.00000E+00  3.18488E-01
    90  1.08699E-05 -9.99989E-01 -9.99989E-01 -1.18213E-10  0.00000E+00  0.00000E+00  3.18488E-01
    91  1.12045E-05 -9.99989E-01 -9.99989E-01 -1.25602E-10  0.00000E+00  0.00000E+00  3.18487E-01
    92  1.15485E-05 -9.99988E-01 -9.99988E-01 -1.33433E-10  0.00000E+00  0.00000E+00  3.18487E-01
    93  1.19022E-05 -9.99988E-01 -9.99988E-01 -1.41732E-10  0.00000E+00  0.00000E+00  3.18487E-01
    94  1.22659E-05 -9.99988E-01 -9.99988E-01 -1.50525E-10  0.00000E+00  0.00000E+00  3.18487E-01
    95  1.26398E-05 -9.99987E-01 -9.99987E-01 -1.59842E-10  0.00000E+00  0.00000E+00  3.18486E-01
    96  1.30243E-05 -9.99987E-01 -9.99987E-01 -1.69714E-10  0.00000E+00  0.00000E+00  3.18486E-01
    97  1.34196E-05 -9.99987E-01 -9.99987E-01 -1.80172E-10  0.00000E+00  0.00000E+00  3.18486E-01
    98  1.38261E-05 -9.99986E-01 -9.99986E-01 -1.91251E-10  0.00000E+00  0.00000E+00  3.18485E-01
    99  1.42440E-05 -9.99986E-01 -9.99986E-01 -2.02986E-10  0.00000E+00  0.00000E+00  3.18485E-01
   100  1.46737E-05 -9.99985E-01 -9.99985E-01 -2.15417E-10  0.00000E+00  0.00000E+00  3.18484E-01
   101  1.51155E-05 -9.99985E-01 -9.99985E-01 -2.28583E-10  0.00000E+00  0.00000E+00  3.18484E-01
   102  1.55697E-05 -9.99984E-01 -9.99984E-01 -2.42528E-10  0.00000E+00  0.00000E+00  3.18484E-01
   103  1.60368E-05 -9.99984E-01 -9.99984E-01 -2.57296E-10  0.00000E+00  0.00000E+00  3.18483E-01
   104  1.65170E-05 -9.99983E-01 -9.99983E-01 -2.72935E-10  0.00000E+00  0.00000E+00  3.18483E-01
   105  1.70108E-05 -9.99983E-01 -9.99983E-01 -2.89496E-10  0.00000E+00  0.00000E+00  3.18482E-01
   106  1.75185E-05 -9.99982E-01 -9.99982E-01 -3.07033E-10  0.00000E+00  0.00000E+00  3.18482E-01
   107  1.80405E-05 -9.99982E-01 -9.99982E-01 -3.25601E-10  0.00000E+00  0.00000E+00  3.18481E-01
   108  1.85772E-05 -9.99981E-01 -9.99981E-01 -3.45261E-10  0.00000E+00  0.00000E+00  3.18481E-01
   109  1.91290E-05 -9.99981E-01 -9.99981E-01 -3.66076E-10  0.00000E+00  0.00000E+00  3.18480E-01
   110  1.96964E-05 -9.99980E-01 -9.99980E-01 -3.88112E-10  0.00000E+00  0.00000E+00  3.18479E-01
   111  2.02798E-05 -9.99980E-01 -9.99980E-01 -4.11442E-10  0.00000E+00  0.00000E+00  3.18479E-01
   112  2.08796E-05 -9.99979E-01 -9.99979E-01 -4.36138E-10  0.00000E+00  0.00000E+00  3.18478E-01
   113  2.14963E-05 -9.99979E-01 -9.99979E-01 -4.62281E-10  0.00000E+00  0.00000E+00  3.18477E-01
   114  2.21305E-05 -9.99978E-01 -9.99978E-01 -4.89954E-10  0.00000E+00  0.00000E+00  3.18477E-01
   115  2.27824E-05 -9.99977E-01 -9.99977E-01 -5.19246E-10  0.00000E+00  0.00000E+00  3.18476E-01
   116  2.34528E-05 -9.99977E-01 -9.99977E-01 -5.50250E-10  0.00000E+00  0.00000E+00  3.18475E-01
   117  2.41421E-05 -9.99976E-01 -9.99976E-01 -5.83065E-10  0.00000E+00  0.00000E+00  3.18475E-01
   118  2.48508E-05 -9.99975E-01 -9.99975E-01 -6.17796E-10  0.00000E+00  0.00000E+00  3.18474E-01
   119  2.55795E-05 -9.99974E-01 -9.99974E-01 -6.54553E-10  0.00000E+00  0.00000E+00  3.18473E-01
   120  2.63287E-05 -9.99974E-01 -9.99974E-01 -6.93453E-10  0.00000E+00  0.00000E+00  3.18472E-01
   121  2.70990E-05 -9.99973E-01 -9.99973E-01 -7.34620E-10  0.00000E+00  0.00000E+00  3.18471E-01
   122  2.78911E-05 -9.99972E-01 -9.99972E-01 -7.78185E-10  0.00000E+00  0.00000E+00  3.18470E-01
   123  2.87054E-05 -9.99971E-01 -9.99971E-01 -8.24286E-10  0.00000E+00  0.00000E+00  3.18470E-01
   124  2.95428E-05 -9.99970E-01 -9.99970E-01 -8.73069E-10  0.00000E+00  0.00000E+00  3.18469E-01
   125  3.04037E-05 -9.99970E-01 -9.99970E-01 -9.24689E-10  0.00000E+00  0.00000E+00  3.18468E-01
   126  3.12889E-05 -9.99969E-01 -9.99969E-01 -9.79309E-10  0.00000E+00  0.00000E+00  3.18467E-01
   127  3.21990E-05 -9.99968E-01 -9.99968E-01 -1.03710E-09  0.00000E+00  0.00000E+00  3.18466E-01
   128  3.31348E-05 -9.99967E-01 -9.99967E-01 -1.09825E-09  0.00000E+00  0.00000E+00  3.18465E-01
   129  3.40970E-05 -9.99966E-01 -9.99966E-01 -1.16295E-09  0.00000E+00  0.00000E+00  3.18464E-01
   130  3.50863E-05 -9.99965E-01 -9.99965E-01 -1.23141E-09  0.00000E+00  0.00000E+00  3.18463E-01
   131  3.61035E-05 -9.99964E-01 -9.99964E-01 -1.30383E-09  0.00000E+00  0.00000E+00  3.18462E-01
   132  3.71494E-05 -9.99963E-01 -9.99963E-01 -1.38045E-09  0.00000E+00  0.00000E+00  3.18461E-01
   133  3.82247E-05 -9.99962E-01 -9.99962E-01 -1.46151E-09  0.00000E+00  0.00000E+00  3.18460E-01
   134  3.93304E-05 -9.99961E-01 -9.99961E-01 -1.54727E-09  0.00000E+00  0.00000E+00  3.18459E-01
   135  4.04672E-05 -9.99960E-01 -9.99960E-01 -1.63799E-09  0.00000E+00  0.00000E+00  3.18458E-01
   136  4.16360E-05 -9.99958E-01 -9.99958E-01 -1.73396E-09  0.00000E+00  0.00000E+00  3.18456E-01
   137  4.28379E-05 -9.99957E-01 -9.99957E-01 -1.83549E-09  0.00000E+00  0.00000E+00  3.18455E-01
   138  4.40735E-05 -9.99956E-01 -9.99956E-01 -1.94289E-09  0.00000E+00  0.00000E+00  3.18454E-01
   139  4.53441E-05 -9.99955E-01 -9.99955E-01 -2.05650E-09  0.00000E+00  0.00000E+00  3.18453E-01
   140  4.66504E-05 -9.99953E-01 -9.99953E-01 -2.17667E-09  0.00000E+00  0.00000E+00  3.18452E-01
   141  4.79935E-05 -9.99952E-01 -9.99952E-01 -2.30379E-09  0.00000E+00  0.00000E+00  3.18450E-01
   142  4.93746E-05 -9.99951E-01 -9.99951E-01 -2.43825E-09  0.00000E+00  0.00000E+00  3.18449E-01
   143  5.07945E-05 -9.99949E-01 -9.99949E-01 -2.58048E-09  0.00000E+00  0.00000E+00  3.18448E-01
   144  5.22545E-05 -9.99948E-01 -9.99948E-01 -2.73092E-09  0.00000E+00  0.00000E+00  3.18446E-01
   145  5.37556E-05 -9.99946E-01 -9.99946E-01 -2.89004E-09  0.00000E+00  0.00000E+00  3.18445E-01
   146  5.52990E-05 -9.99945E-01 -9.99945E-01 -3.05834E-09  0.00000E+00  0.00000E+00  3.18443E-01
   147  5.68859E-05 -9.99943E-01 -9.99943E-01 -3.23635E-09  0.00000E+00  0.00000E+00  3.18442E-01
   148  5.85176E-05 -9.99941E-01 -9.99941E-01 -3.42462E-09  0.00000E+00  0.00000E+00  3.18441E-01
   149  6.01953E-05 -9.99940E-01 -9.99940E-01 -3.62375E-09  0.00000E+00  0.00000E+00  3.18439E-01
   150  6.19202E-05 -9.99938E-01 -9.99938E-01 -3.83435E-09  0.00000E+00  0.00000E+00  3.18438E-01
   151  6.36938E-05 -9.99936E-01 -9.99936E-01 -4.05709E-09  0.00000E+00  0.00000E+00  3.18436E-01
   152  6.55174E-05 -9.99934E-01 -9.99934E-01 -4.29266E-09  0.00000E+00  0.00000E+00  3.18434E-01
   153  6.73923E-05 -9.99933E-01 -9.99933E-01 -4.54180E-09  0.00000E+00  0.00000E+00  3.18433E-01
   154  6.93201E-05 -9.99931E-01 -9.99931E-01 -4.80529E-09  0.00000E+00  0.00000E+00  3.18431E-01
   155  7.13023E-05 -9.99929E-01 -9.99929E-01 -5.08394E-09  0.00000E+00  0.00000E+00  3.18429E-01
   156  7.33403E-05 -9.99927E-01 -9.99927E-01 -5.37863E-09  0.00000E+00  0.00000E+00  3.18428E-01
   157  7.54358E-05 -9.99925E-01 -9.99925E-01 -5.69028E-09  0.00000E+00  0.00000E+00  3.18426E-01
   158  7.75903E-05 -9.99922E-01 -9.99922E-01 -6.01986E-09  0.00000E+00  0.00000E+00  3.18424E-01
   159  7.98056E-05 -9.99920E-01 -9.99920E-01 -6.36840E-09  0.00000E+00  0.00000E+00  3.18422E-01
   160  8.20833E-05 -9.99918E-01 -9.99918E-01 -6.73698E-09  0.00000E+00  0.00000E+00  3.18420E-01
   161  8.44252E-05 -9.99916E-01 -9.99916E-01 -7.12675E-09  0.00000E+00  0.00000E+00  3.18418E-01
   162  8.68331E-05 -9.99913E-01 -9.99913E-01 -7.53894E-09  0.00000E+00  0.00000E+00  3.18416E-01
   163  8.93089E-05 -9.99911E-01 -9.99911E-01 -7.97481E-09  0.00000E+00  0.00000E+00  3.18414E-01
   164  9.18545E-05 -9.99908E-01 -9.99908E-01 -8.43573E-09  0.00000E+00  0.00000E+00  3.18412E-01
   165  9.44719E-05 -9.99906E-01 -9.99906E-01 -8.92313E-09  0.00000E+00  0.00000E+00  3.18410E-01
   166  9.71630E-05 -9.99903E-01 -9.99903E-01 -9.43854E-09  0.00000E+00  0.00000E+00  3.18408E-01
   167  9.99300E-05 -9.99900E-01 -9.99900E-01 -9.98355E-09  0.00000E+00  0.00000E+00  3.18406E-01
   168  1.02775E-04 -9.99897E-01 -9.99897E-01 -1.05599E-08  0.00000E+00  0.00000E+00  3.18403E-01
   169  1.05700E-04 -9.99894E-01 -9.99894E-01 -1.11693E-08  0.00000E+00  0.00000E+00  3.18401E-01
   170  1.08708E-04 -9.99891E-01 -9.99891E-01 -1.18136E-08  0.00000E+00  0.00000E+00  3.18399E-01
   171  1.11800E-04 -9.99888E-01 -9.99888E-01 -1.24950E-08  0.00000E+00  0.00000E+00  3.18396E-01
   172  1.14980E-04 -9.99885E-01 -9.99885E-01 -1.32155E-08  0.00000E+00  0.00000E+00  3.18394E-01
   173  1.18249E-04 -9.99882E-01 -9.99882E-01 -1.39773E-08  0.00000E+00  0.00000E+00  3.18391E-01
   174  1.21610E-04 -9.99878E-01 -9.99878E-01 -1.47828E-08  0.00000E+00  0.00000E+00  3.18389E-01
   175  1.25066E-04 -9.99875E-01 -9.99875E-01 -1.56346E-08  0.00000E+00  0.00000E+00  3.18386E-01
   176  1.28620E-04 -9.99871E-01 -9.99871E-01 -1.65352E-08  0.00000E+00  0.00000E+00  3.18383E-01
   177  1.32273E-04 -9.99868E-01 -9.99868E-01 -1.74875E-08  0.00000E+00  0.00000E+00  3.18381E-01
   178  1.36030E-04 -9.99864E-01 -9.99864E-01 -1.84943E-08  0.00000E+00  0.00000E+00  3.18378E-01
   179  1.39892E-04 -9.99860E-01 -9.99860E-01 -1.95589E-08  0.00000E+00  0.00000E+00  3.18375E-01
   180  1.43864E-04 -9.99856E-01 -9.99856E-01 -2.06846E-08  0.00000E+00  0.00000E+00  3.18372E-01
   181  1.47947E-04 -9.99852E-01 -9.99852E-01 -2.18747E-08  0.00000E+00  0.00000E+00  3.18369E-01
   182  1.52146E-04 -9.99848E-01 -9.99848E-01 -2.31331E-08  0.00000E+00  0.00000E+00  3.18366E-01
   183  1.56462E-04 -9.99844E-01 -9.99844E-01 -2.44636E-08  0.00000E+00  0.00000E+00  3.18362E-01
   184  1.60901E-04 -9.99839E-01 -9.99839E-01 -2.58703E-08  0.00000E+00  0.00000E+00  3.18359E-01
   185  1.65464E-04 -9.99835E-01 -9.99835E-01 -2.73576E-08  0.00000E+00  0.00000E+00  3.18356E-01
   186  1.70157E-04 -9.99830E-01 -9.99830E-01 -2.89302E-08  0.00000E+00  0.00000E+00  3.18352E-01
   187  1.74981E-04 -9.99825E-01 -9.99825E-01 -3.05928E-08  0.00000E+00  0.00000E+00  3.18349E-01
   188  1.79941E-04 -9.99820E-01 -9.99820E-01 -3.23507E-08  0.00000E+00  0.00000E+00  3.18345E-01
   189  1.85042E-04 -9.99815E-01 -9.99815E-01 -3.42092E-08  0.00000E+00  0.00000E+00  3.18341E-01
   190  1.90286E-04 -9.99810E-01 -9.99810E-01 -3.61741E-08  0.00000E+00  0.00000E+00  3.18338E-01
   191  1.95678E-04 -9.99804E-01 -9.99804E-01 -3.82516E-08  0.00000E+00  0.00000E+00  3.18334E-01
   192  2.01221E-04 -9.99799E-01 -9.99799E-01 -4.04480E-08  0.00000E+00  0.00000E+00  3.18330E-01
   193  2.06921E-04 -9.99793E-01 -9.99793E-01 -4.27702E-08  0.00000E+00  0.00000E+00  3.18326E-01
   194  2.12782E-04 -9.99787E-01 -9.99787E-01 -4.52252E-08  0.00000E+00  0.00000E+00  3.18321E-01
   195  2.18808E-04 -9.99781E-01 -9.99781E-01 -4.78208E-08  0.00000E+00  0.00000E+00  3.18317E-01
   196  2.25004E-04 -9.99775E-01 -9.99775E-01 -5.05649E-08  0.00000E+00  0.00000E+00  3.18313E-01
   197  2.31374E-04 -9.99769E-01 -9.99769E-01 -5.34661E-08  0.00000E+00  0.00000E+00  3.18308E-01
   198  2.37924E-04 -9.99762E-01 -9.99762E-01 -5.65332E-08  0.00000E+00  0.00000E+00  3.18304E-01
   199  2.44659E-04 -9.99755E-01 -9.99755E-01 -5.97758E-08  0.00000E+00  0.00000E+00  3.18299E-01
   200  2.51583E-04 -9.99748E-01 -9.99748E-01 -6.32039E-08  0.00000E+00  0.00000E+00  3.18294E-01
   201  2.58703E-04 -9.99741E-01 -9.99741E-01 -6.68281E-08  0.00000E+00  0.00000E+00  3.18289E-01
   202  2.66023E-04 -9.99734E-01 -9.99734E-01 -7.06596E-08  0.00000E+00  0.00000E+00  3.18284E-01
   203  2.73550E-04 -9.99727E-01 -9.99726E-01 -7.47102E-08  0.00000E+00  0.00000E+00  3.18279E-01
   204  2.81288E-04 -9.99719E-01 -9.99719E-01 -7.89925E-08  0.00000E+00  0.00000E+00  3.18273E-01
   205  2.89245E-04 -9.99711E-01 -9.99711E-01 -8.35195E-08  0.00000E+00  0.00000E+00  3.18268E-01
   206  2.97426E-04 -9.99703E-01 -9.99703E-01 -8.83054E-08  0.00000E+00  0.00000E+00  3.18262E-01
   207  3.05838E-04 -9.99694E-01 -9.99694E-01 -9.33649E-08  0.00000E+00  0.00000E+00  3.18256E-01
   208  3.14487E-04 -9.99686E-01 -9.99686E-01 -9.87136E-08  0.00000E+00  0.00000E+00  3.18250E-01
   209  3.23379E-04 -9.99677E-01 -9.99677E-01 -1.04368E-07  0.00000E+00  0.00000E+00  3.18244E-01
   210  3.32523E-04 -9.99668E-01 -9.99667E-01 -1.10346E-07  0.00000E+00  0.00000E+00  3.18238E-01
   211  3.41924E-04 -9.99658E-01 -9.99658E-01 -1.16665E-07  0.00000E+00  0.00000E+00  3.18231E-01
   212  3.51590E-04 -9.99649E-01 -9.99648E-01 -1.23345E-07  0.00000E+00  0.00000E+00  3.18225E-01
   213  3.61528E-04 -9.99639E-01 -9.99638E-01 -1.30407E-07  0.00000E+00  0.00000E+00  3.18218E-01
   214  3.71747E-04 -9.99628E-01 -9.99628E-01 -1.37872E-07  0.00000E+00  0.00000E+00  3.18211E-01
   215  3.82253E-04 -9.99618E-01 -9.99618E-01 -1.45764E-07  0.00000E+00  0.00000E+00  3.18204E-01
   216  3.93056E-04 -9.99607E-01 -9.99607E-01 -1.54106E-07  0.00000E+00  0.00000E+00  3.18196E-01
   217  4.04163E-04 -9.99596E-01 -9.99596E-01 -1.62925E-07  0.00000E+00  0.00000E+00  3.18189E-01
   218  4.15583E-04 -9.99585E-01 -9.99584E-01 -1.72248E-07  0.00000E+00  0.00000E+00  3.18181E-01
   219  4.27325E-04 -9.99573E-01 -9.99573E-01 -1.82103E-07  0.00000E+00  0.00000E+00  3.18173E-01
   220  4.39398E-04 -9.99561E-01 -9.99561E-01 -1.92520E-07  0.00000E+00  0.00000E+00  3.18165E-01
   221  4.51811E-04 -9.99548E-01 -9.99548E-01 -2.03532E-07  0.00000E+00  0.00000E+00  3.18157E-01
   222  4.64575E-04 -9.99536E-01 -9.99535E-01 -2.15173E-07  0.00000E+00  0.00000E+00  3.18148E-01
   223  4.77698E-04 -9.99523E-01 -9.99522E-01 -2.27478E-07  0.00000E+00  0.00000E+00  3.18139E-01
   224  4.91190E-04 -9.99509E-01 -9.99509E-01 -2.40486E-07  0.00000E+00  0.00000E+00  3.18130E-01
   225  5.05064E-04 -9.99495E-01 -9.99495E-01 -2.54235E-07  0.00000E+00  0.00000E+00  3.18121E-01
   226  5.19328E-04 -9.99481E-01 -9.99481E-01 -2.68770E-07  0.00000E+00  0.00000E+00  3.18111E-01
   227  5.33994E-04 -9.99466E-01 -9.99466E-01 -2.84133E-07  0.00000E+00  0.00000E+00  3.18102E-01
   228  5.49073E-04 -9.99451E-01 -9.99451E-01 -3.00373E-07  0.00000E+00  0.00000E+00  3.18091E-01
   229  5.64578E-04 -9.99436E-01 -9.99435E-01 -3.17539E-07  0.00000E+00  0.00000E+00  3.18081E-01
   230  5.80519E-04 -9.99420E-01 -9.99419E-01 -3.35683E-07  0.00000E+00  0.00000E+00  3.18071E-01
   231  5.96910E-04 -9.99403E-01 -9.99403E-01 -3.54863E-07  0.00000E+00  0.00000E+00  3.18060E-01
   232  6.13763E-04 -9.99387E-01 -9.99386E-01 -3.75136E-07  0.00000E+00  0.00000E+00  3.18048E-01
   233  6.31091E-04 -9.99369E-01 -9.99369E-01 -3.96565E-07  0.00000E+00  0.00000E+00  3.18037E-01
   234  6.48907E-04 -9.99351E-01 -9.99351E-01 -4.19216E-07  0.00000E+00  0.00000E+00  3.18025E-01
   235  6.67225E-04 -9.99333E-01 -9.99333E-01 -4.43157E-07  0.00000E+00  0.00000E+00  3.18013E-01
   236  6.86060E-04 -9.99314E-01 -9.99314E-01 -4.68463E-07  0.00000E+00  0.00000E+00  3.18001E-01
   237  7.05425E-04 -9.99295E-01 -9.99295E-01 -4.95211E-07  0.00000E+00  0.00000E+00  3.17988E-01
   238  7.25336E-04 -9.99275E-01 -9.99275E-01 -5.23482E-07  0.00000E+00  0.00000E+00  3.17975E-01
   239  7.45809E-04 -9.99255E-01 -9.99254E-01 -5.53364E-07  0.00000E+00  0.00000E+00  3.17961E-01
   240  7.66858E-04 -9.99234E-01 -9.99233E-01 -5.84948E-07  0.00000E+00  0.00000E+00  3.17947E-01
   241  7.88501E-04 -9.99212E-01 -9.99211E-01 -6.18331E-07  0.00000E+00  0.00000E+00  3.17933E-01
   242  8.10754E-04 -9.99190E-01 -9.99189E-01 -6.53614E-07  0.00000E+00  0.00000E+00  3.17918E-01
   243  8.33633E-04 -9.99167E-01 -9.99166E-01 -6.90907E-07  0.00000E+00  0.00000E+00  3.17903E-01
   244  8.57158E-04 -9.99144E-01 -9.99143E-01 -7.30322E-07  0.00000E+00  0.00000E+00  3.17888E-01
   245  8.81345E-04 -9.99119E-01 -9.99119E-01 -7.71980E-07  0.00000E+00  0.00000E+00  3.17872E-01
   246  9.06215E-04 -9.99095E-01 -9.99094E-01 -8.16009E-07  0.00000E+00  0.00000E+00  3.17856E-01
   247  9.31785E-04 -9.99069E-01 -9.99068E-01 -8.62543E-07  0.00000E+00  0.00000E+00  3.17839E-01
   248  9.58076E-04 -9.99043E-01 -9.99042E-01 -9.11724E-07  0.00000E+00  0.00000E+00  3.17822E-01
   249  9.85107E-04 -9.99016E-01 -9.99015E-01 -9.63702E-07  0.00000E+00  0.00000E+00  3.17804E-01
   250  1.01290E-03 -9.98988E-01 -9.98987E-01 -1.01864E-06  0.00000E+00  0.00000E+00  3.17786E-01
   251  1.04148E-03 -9.98960E-01 -9.98958E-01 -1.07669E-06  0.00000E+00  0.00000E+00  3.17768E-01
   252  1.07086E-03 -9.98930E-01 -9.98929E-01 -1.13805E-06  0.00000E+00  0.00000E+00  3.17748E-01
   253  1.10107E-03 -9.98900E-01 -9.98899E-01 -1.20290E-06  0.00000E+00  0.00000E+00  3.17729E-01
   254  1.13213E-03 -9.98869E-01 -9.98868E-01 -1.27143E-06  0.00000E+00  0.00000E+00  3.17709E-01
   255  1.16407E-03 -9.98837E-01 -9.98836E-01 -1.34385E-06  0.00000E+00  0.00000E+00  3.17688E-01
   256  1.19691E-03 -9.98804E-01 -9.98803E-01 -1.42039E-06  0.00000E+00  0.00000E+00  3.17666E-01
   257  1.23067E-03 -9.98771E-01 -9.98769E-01 -1.50127E-06  0.00000E+00  0.00000E+00  3.17645E-01
   258  1.26538E-03 -9.98736E-01 -9.98735E-01 -1.58675E-06  0.00000E+00  0.00000E+00  3.17622E-01
   259  1.30107E-03 -9.98701E-01 -9.98699E-01 -1.67708E-06  0.00000E+00  0.00000E+00  3.17599E-01
   260  1.33777E-03 -9.98664E-01 -9.98662E-01 -1.77253E-06  0.00000E+00  0.00000E+00  3.17575E-01
   261  1.37550E-03 -9.98626E-01 -9.98624E-01 -1.87340E-06  0.00000E+00  0.00000E+00  3.17551E-01
   262  1.41430E-03 -9.98588E-01 -9.98586E-01 -1.98000E-06  0.00000E+00  0.00000E+00  3.17526E-01
   263  1.45419E-03 -9.98548E-01 -9.98546E-01 -2.09264E-06  0.00000E+00  0.00000E+00  3.17500E-01
   264  1.49520E-03 -9.98507E-01 -9.98505E-01 -2.21166E-06  0.00000E+00  0.00000E+00  3.17473E-01
   265  1.53737E-03 -9.98465E-01 -9.98463E-01 -2.33744E-06  0.00000E+00  0.00000E+00  3.17446E-01
   266  1.58073E-03 -9.98422E-01 -9.98419E-01 -2.47034E-06  0.00000E+00  0.00000E+00  3.17418E-01
   267  1.62531E-03 -9.98377E-01 -9.98375E-01 -2.61077E-06  0.00000E+00  0.00000E+00  3.17389E-01
   268  1.67114E-03 -9.98332E-01 -9.98329E-01 -2.75915E-06  0.00000E+00  0.00000E+00  3.17360E-01
   269  1.71827E-03 -9.98285E-01 -9.98282E-01 -2.91594E-06  0.00000E+00  0.00000E+00  3.17329E-01
   270  1.76672E-03 -9.98236E-01 -9.98233E-01 -3.08160E-06  0.00000E+00  0.00000E+00  3.17298E-01
   271  1.81654E-03 -9.98187E-01 -9.98183E-01 -3.25664E-06  0.00000E+00  0.00000E+00  3.17266E-01
   272  1.86777E-03 -9.98136E-01 -9.98132E-01 -3.44158E-06  0.00000E+00  0.00000E+00  3.17233E-01
   273  1.92043E-03 -9.98083E-01 -9.98080E-01 -3.63698E-06  0.00000E+00  0.00000E+00  3.17199E-01
   274  1.97458E-03 -9.98029E-01 -9.98025E-01 -3.84343E-06  0.00000E+00  0.00000E+00  3.17164E-01
   275  2.03026E-03 -9.97974E-01 -9.97970E-01 -4.06155E-06  0.00000E+00  0.00000E+00  3.17129E-01
   276  2.08751E-03 -9.97917E-01 -9.97912E-01 -4.29199E-06  0.00000E+00  0.00000E+00  3.17092E-01
   277  2.14636E-03 -9.97858E-01 -9.97854E-01 -4.53544E-06  0.00000E+00  0.00000E+00  3.17054E-01
   278  2.20688E-03 -9.97798E-01 -9.97793E-01 -4.79265E-06  0.00000E+00  0.00000E+00  3.17015E-01
   279  2.26910E-03 -9.97736E-01 -9.97731E-01 -5.06437E-06  0.00000E+00  0.00000E+00  3.16975E-01
   280  2.33308E-03 -9.97672E-01 -9.97667E-01 -5.35142E-06  0.00000E+00  0.00000E+00  3.16934E-01
   281  2.39886E-03 -9.97607E-01 -9.97601E-01 -5.65467E-06  0.00000E+00  0.00000E+00  3.16892E-01
   282  2.46649E-03 -9.97539E-01 -9.97533E-01 -5.97501E-06  0.00000E+00  0.00000E+00  3.16849E-01
   283  2.53603E-03 -9.97470E-01 -9.97464E-01 -6.31340E-06  0.00000E+00  0.00000E+00  3.16804E-01
   284  2.60752E-03 -9.97399E-01 -9.97392E-01 -6.67085E-06  0.00000E+00  0.00000E+00  3.16758E-01
   285  2.68103E-03 -9.97326E-01 -9.97319E-01 -7.04843E-06  0.00000E+00  0.00000E+00  3.16711E-01
   286  2.75661E-03 -9.97251E-01 -9.97243E-01 -7.44727E-06  0.00000E+00  0.00000E+00  3.16663E-01
   287  2.83432E-03 -9.97173E-01 -9.97166E-01 -7.86854E-06  0.00000E+00  0.00000E+00  3.16613E-01
   288  2.91422E-03 -9.97094E-01 -9.97086E-01 -8.31350E-06  0.00000E+00  0.00000E+00  3.16562E-01
   289  2.99637E-03 -9.97012E-01 -9.97004E-01 -8.78347E-06  0.00000E+00  0.00000E+00  3.16510E-01
   290  3.08084E-03 -9.96928E-01 -9.96919E-01 -9.27984E-06  0.00000E+00  0.00000E+00  3.16456E-01
   291  3.16768E-03 -9.96842E-01 -9.96832E-01 -9.80409E-06  0.00000E+00  0.00000E+00  3.16400E-01
   292  3.25698E-03 -9.96753E-01 -9.96743E-01 -1.03578E-05  0.00000E+00  0.00000E+00  3.16343E-01
   293  3.34878E-03 -9.96662E-01 -9.96651E-01 -1.09425E-05  0.00000E+00  0.00000E+00  3.16285E-01
   294  3.44317E-03 -9.96568E-01 -9.96557E-01 -1.15600E-05  0.00000E+00  0.00000E+00  3.16225E-01
   295  3.54023E-03 -9.96472E-01 -9.96460E-01 -1.22121E-05  0.00000E+00  0.00000E+00  3.16163E-01
   296  3.64001E-03 -9.96373E-01 -9.96360E-01 -1.29007E-05  0.00000E+00  0.00000E+00  3.16099E-01
   297  3.74261E-03 -9.96271E-01 -9.96257E-01 -1.36278E-05  0.00000E+00  0.00000E+00  3.16034E-01
   298  3.84810E-03 -9.96166E-01 -9.96152E-01 -1.43957E-05  0.00000E+00  0.00000E+00  3.15967E-01
   299  3.95655E-03 -9.96059E-01 -9.96043E-01 -1.52064E-05  0.00000E+00  0.00000E+00  3.15898E-01
   300  4.06807E-03 -9.95948E-01 -9.95932E-01 -1.60625E-05  0.00000E+00  0.00000E+00  3.15827E-01
   301  4.18272E-03 -9.95834E-01 -9.95817E-01 -1.69663E-05  0.00000E+00  0.00000E+00  3.15754E-01
   302  4.30060E-03 -9.95717E-01 -9.95699E-01 -1.79205E-05  0.00000E+00  0.00000E+00  3.15679E-01
   303  4.42181E-03 -9.95597E-01 -9.95578E-01 -1.89280E-05  0.00000E+00  0.00000E+00  3.15602E-01
   304  4.54642E-03 -9.95474E-01 -9.95454E-01 -1.99915E-05  0.00000E+00  0.00000E+00  3.15523E-01
   305  4.67455E-03 -9.95347E-01 -9.95325E-01 -2.11143E-05  0.00000E+00  0.00000E+00  3.15442E-01
   306  4.80628E-03 -9.95216E-01 -9.95194E-01 -2.22995E-05  0.00000E+00  0.00000E+00  3.15358E-01
   307  4.94173E-03 -9.95082E-01 -9.95058E-01 -2.35506E-05  0.00000E+00  0.00000E+00  3.15272E-01
   308  5.08099E-03 -9.94944E-01 -9.94919E-01 -2.48712E-05  0.00000E+00  0.00000E+00  3.15184E-01
   309  5.22417E-03 -9.94802E-01 -9.94776E-01 -2.62650E-05  0.00000E+00  0.00000E+00  3.15093E-01
   310  5.37138E-03 -9.94656E-01 -9.94629E-01 -2.77362E-05  0.00000E+00  0.00000E+00  3.15000E-01
   311  5.52274E-03 -9.94507E-01 -9.94477E-01 -2.92888E-05  0.00000E+00  0.00000E+00  3.14904E-01
   312  5.67836E-03 -9.94353E-01 -9.94322E-01 -3.09274E-05  0.00000E+00  0.00000E+00  3.14806E-01
   313  5.83836E-03 -9.94194E-01 -9.94162E-01 -3.26566E-05  0.00000E+00  0.00000E+00  3.14705E-01
   314  6.00287E-03 -9.94032E-01 -9.93997E-01 -3.44813E-05  0.00000E+00  0.00000E+00  3.14601E-01
   315  6.17201E-03 -9.93864E-01 -9.93828E-01 -3.64068E-05  0.00000E+00  0.00000E+00  3.14494E-01
   316  6.34591E-03 -9.93693E-01 -9.93654E-01 -3.84384E-05  0.00000E+00  0.00000E+00  3.14384E-01
   317  6.52471E-03 -9.93516E-01 -9.93475E-01 -4.05819E-05  0.00000E+00  0.00000E+00  3.14271E-01
   318  6.70854E-03 -9.93334E-01 -9.93291E-01 -4.28433E-05  0.00000E+00  0.00000E+00  3.14155E-01
   319  6.89754E-03 -9.93148E-01 -9.93102E-01 -4.52291E-05  0.00000E+00  0.00000E+00  3.14036E-01
   320  7.09187E-03 -9.92956E-01 -9.92908E-01 -4.77459E-05  0.00000E+00  0.00000E+00  3.13913E-01
   321  7.29167E-03 -9.92759E-01 -9.92708E-01 -5.04006E-05  0.00000E+00  0.00000E+00  3.13788E-01
   322  7.49709E-03 -9.92556E-01 -9.92503E-01 -5.32008E-05  0.00000E+00  0.00000E+00  3.13658E-01
   323  7.70829E-03 -9.92348E-01 -9.92292E-01 -5.61543E-05  0.00000E+00  0.00000E+00  3.13525E-01
   324  7.92544E-03 -9.92134E-01 -9.92075E-01 -5.92691E-05  0.00000E+00  0.00000E+00  3.13389E-01
   325  8.14870E-03 -9.91914E-01 -9.91851E-01 -6.25539E-05  0.00000E+00  0.00000E+00  3.13248E-01
   326  8.37825E-03 -9.91688E-01 -9.91622E-01 -6.60177E-05  0.00000E+00  0.00000E+00  3.13104E-01
   327  8.61425E-03 -9.91456E-01 -9.91386E-01 -6.96701E-05  0.00000E+00  0.00000E+00  3.12956E-01
   328  8.85690E-03 -9.91217E-01 -9.91143E-01 -7.35210E-05  0.00000E+00  0.00000E+00  3.12804E-01
   329  9.10637E-03 -9.90971E-01 -9.90894E-01 -7.75810E-05  0.00000E+00  0.00000E+00  3.12647E-01
   330  9.36287E-03 -9.90719E-01 -9.90637E-01 -8.18610E-05  0.00000E+00  0.00000E+00  3.12486E-01
   331  9.62658E-03 -9.90460E-01 -9.90374E-01 -8.63727E-05  0.00000E+00  0.00000E+00  3.12321E-01
   332  9.89771E-03 -9.90194E-01 -9.90103E-01 -9.11282E-05  0.00000E+00  0.00000E+00  3.12151E-01
   333  1.01765E-02 -9.89920E-01 -9.89824E-01 -9.61402E-05  0.00000E+00  0.00000E+00  3.11977E-01
   334  1.04631E-02 -9.89639E-01 -9.89537E-01 -1.01422E-04  0.00000E+00  0.00000E+00  3.11798E-01
   335  1.07577E-02 -9.89350E-01 -9.89243E-01 -1.06988E-04  0.00000E+00  0.00000E+00  3.11613E-01
   336  1.10607E-02 -9.89053E-01 -9.88940E-01 -1.12853E-04  0.00000E+00  0.00000E+00  3.11424E-01
   337  1.13722E-02 -9.88748E-01 -9.88628E-01 -1.19032E-04  0.00000E+00  0.00000E+00  3.11230E-01
   338  1.16924E-02 -9.88434E-01 -9.88308E-01 -1.25542E-04  0.00000E+00  0.00000E+00  3.11030E-01
   339  1.20217E-02 -9.88112E-01 -9.87979E-01 -1.32399E-04  0.00000E+00  0.00000E+00  3.10825E-01
   340  1.23602E-02 -9.87780E-01 -9.87641E-01 -1.39622E-04  0.00000E+00  0.00000E+00  3.10614E-01
   341  1.27082E-02 -9.87440E-01 -9.87293E-01 -1.47229E-04  0.00000E+00  0.00000E+00  3.10397E-01
   342  1.30660E-02 -9.87090E-01 -9.86935E-01 -1.55240E-04  0.00000E+00  0.00000E+00  3.10175E-01
   343  1.34339E-02 -9.86731E-01 -9.86567E-01 -1.63675E-04  0.00000E+00  0.00000E+00  3.09946E-01
   344  1.38121E-02 -9.86362E-01 -9.86189E-01 -1.72556E-04  0.00000E+00  0.00000E+00  3.09712E-01
   345  1.42009E-02 -9.85982E-01 -9.85801E-01 -1.81905E-04  0.00000E+00  0.00000E+00  3.09470E-01
   346  1.46007E-02 -9.85593E-01 -9.85401E-01 -1.91747E-04  0.00000E+00  0.00000E+00  3.09223E-01
   347  1.50117E-02 -9.85192E-01 -9.84990E-01 -2.02105E-04  0.00000E+00  0.00000E+00  3.08968E-01
   348  1.54343E-02 -9.84781E-01 -9.84568E-01 -2.13005E-04  0.00000E+00  0.00000E+00  3.08707E-01
   349  1.58688E-02 -9.84358E-01 -9.84133E-01 -2.24476E-04  0.00000E+00  0.00000E+00  3.08438E-01
   350  1.63154E-02 -9.83924E-01 -9.83687E-01 -2.36544E-04  0.00000E+00  0.00000E+00  3.08162E-01
   351  1.67746E-02 -9.83477E-01 -9.83228E-01 -2.49239E-04  0.00000E+00  0.00000E+00  3.07879E-01
   352  1.72468E-02 -9.83019E-01 -9.82756E-01 -2.62593E-04  0.00000E+00  0.00000E+00  3.07588E-01
   353  1.77321E-02 -9.82548E-01 -9.82271E-01 -2.76637E-04  0.00000E+00  0.00000E+00  3.07289E-01
   354  1.82312E-02 -9.82064E-01 -9.81772E-01 -2.91405E-04  0.00000E+00  0.00000E+00  3.06982E-01
   355  1.87442E-02 -9.81567E-01 -9.81260E-01 -3.06933E-04  0.00000E+00  0.00000E+00  3.06667E-01
   356  1.92716E-02 -9.81056E-01 -9.80733E-01 -3.23257E-04  0.00000E+00  0.00000E+00  3.06343E-01
   357  1.98139E-02 -9.80531E-01 -9.80191E-01 -3.40415E-04  0.00000E+00  0.00000E+00  3.06010E-01
   358  2.03714E-02 -9.79992E-01 -9.79634E-01 -3.58447E-04  0.00000E+00  0.00000E+00  3.05669E-01
   359  2.09445E-02 -9.79438E-01 -9.79061E-01 -3.77395E-04  0.00000E+00  0.00000E+00  3.05318E-01
   360  2.15338E-02 -9.78869E-01 -9.78472E-01 -3.97303E-04  0.00000E+00  0.00000E+00  3.04958E-01
   361  2.21395E-02 -9.78285E-01 -9.77867E-01 -4.18214E-04  0.00000E+00  0.00000E+00  3.04588E-01
   362  2.27623E-02 -9.77685E-01 -9.77245E-01 -4.40177E-04  0.00000E+00  0.00000E+00  3.04209E-01
   363  2.34026E-02 -9.77068E-01 -9.76605E-01 -4.63240E-04  0.00000E+00  0.00000E+00  3.03819E-01
   364  2.40608E-02 -9.76435E-01 -9.75948E-01 -4.87455E-04  0.00000E+00  0.00000E+00  3.03419E-01
   365  2.47375E-02 -9.75785E-01 -9.75272E-01 -5.12873E-04  0.00000E+00  0.00000E+00  3.03008E-01
   366  2.54332E-02 -9.75116E-01 -9.74577E-01 -5.39551E-04  0.00000E+00  0.00000E+00  3.02586E-01
   367  2.61484E-02 -9.74430E-01 -9.73863E-01 -5.67545E-04  0.00000E+00  0.00000E+00  3.02153E-01
   368  2.68837E-02 -9.73725E-01 -9.73128E-01 -5.96914E-04  0.00000E+00  0.00000E+00  3.01709E-01
   369  2.76396E-02 -9.73001E-01 -9.72373E-01 -6.27720E-04  0.00000E+00  0.00000E+00  3.01253E-01
   370  2.84167E-02 -9.72257E-01 -9.71597E-01 -6.60027E-04  0.00000E+00  0.00000E+00  3.00784E-01
   371  2.92155E-02 -9.71494E-01 -9.70800E-01 -6.93901E-04  0.00000E+00  0.00000E+00  3.00304E-01
   372  3.00368E-02 -9.70709E-01 -9.69980E-01 -7.29410E-04  0.00000E+00  0.00000E+00  2.99811E-01
   373  3.08811E-02 -9.69904E-01 -9.69137E-01 -7.66626E-04  0.00000E+00  0.00000E+00  2.99304E-01
   374  3.17490E-02 -9.69076E-01 -9.68271E-01 -8.05621E-04  0.00000E+00  0.00000E+00  2.98785E-01
   375  3.26413E-02 -9.68227E-01 -9.67380E-01 -8.46472E-04  0.00000E+00  0.00000E+00  2.98252E-01
   376  3.35586E-02 -9.67354E-01 -9.66465E-01 -8.89258E-04  0.00000E+00  0.00000E+00  2.97704E-01
   377  3.45015E-02 -9.66458E-01 -9.65524E-01 -9.34058E-04  0.00000E+00  0.00000E+00  2.97143E-01
   378  3.54709E-02 -9.65538E-01 -9.64557E-01 -9.80958E-04  0.00000E+00  0.00000E+00  2.96567E-01
   379  3.64674E-02 -9.64593E-01 -9.63563E-01 -1.03004E-03  0.00000E+00  0.00000E+00  2.95976E-01
   380  3.74919E-02 -9.63622E-01 -9.62541E-01 -1.08140E-03  0.00000E+00  0.00000E+00  2.95370E-01
   381  3.85449E-02 -9.62626E-01 -9.61491E-01 -1.13512E-03  0.00000E+00  0.00000E+00  2.94748E-01
   382  3.96275E-02 -9.61603E-01 -9.60411E-01 -1.19130E-03  0.00000E+00  0.00000E+00  2.94110E-01
   383  4.07404E-02 -9.60552E-01 -9.59302E-01 -1.25004E-03  0.00000E+00  0.00000E+00  2.93456E-01
   384  4.18843E-02 -9.59473E-01 -9.58162E-01 -1.31144E-03  0.00000E+00  0.00000E+00  2.92785E-01
   385  4.30603E-02 -9.58365E-01 -9.56990E-01 -1.37559E-03  0.00000E+00  0.00000E+00  2.92097E-01
   386  4.42692E-02 -9.57228E-01 -9.55785E-01 -1.44260E-03  0.00000E+00  0.00000E+00  2.91391E-01
   387  4.55118E-02 -9.56060E-01 -9.54547E-01 -1.51258E-03  0.00000E+00  0.00000E+00  2.90667E-01
   388  4.67892E-02 -9.54860E-01 -9.53275E-01 -1.58564E-03  0.00000E+00  0.00000E+00  2.89925E-01
   389  4.81023E-02 -9.53629E-01 -9.51967E-01 -1.66189E-03  0.00000E+00  0.00000E+00  2.89164E-01
   390  4.94520E-02 -9.52365E-01 -9.50623E-01 -1.74145E-03  0.00000E+00  0.00000E+00  2.88384E-01
   391  5.08395E-02 -9.51067E-01 -9.49242E-01 -1.82442E-03  0.00000E+00  0.00000E+00  2.87585E-01
   392  5.22657E-02 -9.49734E-01 -9.47823E-01 -1.91094E-03  0.00000E+00  0.00000E+00  2.86765E-01
   393  5.37317E-02 -9.48366E-01 -9.46365E-01 -2.00112E-03  0.00000E+00  0.00000E+00  2.85925E-01
   394  5.52386E-02 -9.46961E-01 -9.44866E-01 -2.09508E-03  0.00000E+00  0.00000E+00  2.85064E-01
   395  5.67876E-02 -9.45519E-01 -9.43326E-01 -2.19295E-03  0.00000E+00  0.00000E+00  2.84182E-01
   396  5.83797E-02 -9.44039E-01 -9.41744E-01 -2.29485E-03  0.00000E+00  0.00000E+00  2.83278E-01
   397  6.00163E-02 -9.42519E-01 -9.40118E-01 -2.40092E-03  0.00000E+00  0.00000E+00  2.82352E-01
   398  6.16984E-02 -9.40959E-01 -9.38447E-01 -2.51128E-03  0.00000E+00  0.00000E+00  2.81403E-01
   399  6.34275E-02 -9.39357E-01 -9.36731E-01 -2.62606E-03  0.00000E+00  0.00000E+00  2.80432E-01
   400  6.52047E-02 -9.37712E-01 -9.34967E-01 -2.74539E-03  0.00000E+00  0.00000E+00  2.79436E-01
   401  6.70314E-02 -9.36024E-01 -9.33155E-01 -2.86940E-03  0.00000E+00  0.00000E+00  2.78417E-01
   402  6.89089E-02 -9.34291E-01 -9.31293E-01 -2.99823E-03  0.00000E+00  0.00000E+00  2.77373E-01
   403  7.08387E-02 -9.32512E-01 -9.29380E-01 -3.13201E-03  0.00000E+00  0.00000E+00  2.76304E-01
   404  7.28221E-02 -9.30686E-01 -9.27415E-01 -3.27087E-03  0.00000E+00  0.00000E+00  2.75210E-01
   405  7.48608E-02 -9.28812E-01 -9.25397E-01 -3.41493E-03  0.00000E+00  0.00000E+00  2.74089E-01
   406  7.69561E-02 -9.26888E-01 -9.23323E-01 -3.56434E-03  0.00000E+00  0.00000E+00  2.72943E-01
   407  7.91096E-02 -9.24913E-01 -9.21194E-01 -3.71921E-03  0.00000E+00  0.00000E+00  2.71769E-01
   408  8.13229E-02 -9.22885E-01 -9.19006E-01 -3.87968E-03  0.00000E+00  0.00000E+00  2.70569E-01
   409  8.35977E-02 -9.20805E-01 -9.16759E-01 -4.04586E-03  0.00000E+00  0.00000E+00  2.69340E-01
   410  8.59356E-02 -9.18669E-01 -9.14451E-01 -4.21789E-03  0.00000E+00  0.00000E+00  2.68083E-01
   411  8.83383E-02 -9.16476E-01 -9.12080E-01 -4.39588E-03  0.00000E+00  0.00000E+00  2.66798E-01
   412  9.08077E-02 -9.14226E-01 -9.09646E-01 -4.57994E-03  0.00000E+00  0.00000E+00  2.65483E-01
   413  9.33455E-02 -9.11917E-01 -9.07146E-01 -4.77018E-03  0.00000E+00  0.00000E+00  2.64138E-01
   414  9.59536E-02 -9.09546E-01 -9.04580E-01 -4.96672E-03  0.00000E+00  0.00000E+00  2.62764E-01
   415  9.86339E-02 -9.07113E-01 -9.01944E-01 -5.16965E-03  0.00000E+00  0.00000E+00  2.61359E-01
   416  1.01388E-01 -9.04617E-01 -8.99237E-01 -5.37907E-03  0.00000E+00  0.00000E+00  2.59922E-01
   417  1.04219E-01 -9.02054E-01 -8.96459E-01 -5.59505E-03  0.00000E+00  0.00000E+00  2.58455E-01
   418  1.07128E-01 -8.99424E-01 -8.93606E-01 -5.81770E-03  0.00000E+00  0.00000E+00  2.56955E-01
   419  1.10117E-01 -8.96725E-01 -8.90678E-01 -6.04707E-03  0.00000E+00  0.00000E+00  2.55423E-01
   420  1.13189E-01 -8.93956E-01 -8.87672E-01 -6.28323E-03  0.00000E+00  0.00000E+00  2.53858E-01
   421  1.16346E-01 -8.91113E-01 -8.84587E-01 -6.52624E-03  0.00000E+00  0.00000E+00  2.52260E-01
   422  1.19590E-01 -8.88197E-01 -8.81421E-01 -6.77614E-03  0.00000E+00  0.00000E+00  2.50628E-01
   423  1.22923E-01 -8.85204E-01 -8.78171E-01 -7.03297E-03  0.00000E+00  0.00000E+00  2.48963E-01
   424  1.26348E-01 -8.82133E-01 -8.74836E-01 -7.29673E-03  0.00000E+00  0.00000E+00  2.47263E-01
   425  1.29867E-01 -8.78982E-01 -8.71414E-01 -7.56746E-03  0.00000E+00  0.00000E+00  2.45528E-01
   426  1.33483E-01 -8.75749E-01 -8.67904E-01 -7.84513E-03  0.00000E+00  0.00000E+00  2.43759E-01
   427  1.37199E-01 -8.72432E-01 -8.64302E-01 -8.12973E-03  0.00000E+00  0.00000E+00  2.41954E-01
   428  1.41016E-01 -8.69028E-01 -8.60607E-01 -8.42123E-03  0.00000E+00  0.00000E+00  2.40113E-01
   429  1.44939E-01 -8.65537E-01 -8.56818E-01 -8.71958E-03  0.00000E+00  0.00000E+00  2.38236E-01
   430  1.48969E-01 -8.61956E-01 -8.52931E-01 -9.02470E-03  0.00000E+00  0.00000E+00  2.36324E-01
   431  1.53109E-01 -8.58282E-01 -8.48945E-01 -9.33653E-03  0.00000E+00  0.00000E+00  2.34374E-01
   432  1.57363E-01 -8.54513E-01 -8.44858E-01 -9.65494E-03  0.00000E+00  0.00000E+00  2.32388E-01
   433  1.61734E-01 -8.50648E-01 -8.40668E-01 -9.97983E-03  0.00000E+00  0.00000E+00  2.30366E-01
   434  1.66224E-01 -8.46684E-01 -8.36373E-01 -1.03110E-02  0.00000E+00  0.00000E+00  2.28306E-01
   435  1.70836E-01 -8.42618E-01 -8.31970E-01 -1.06484E-02  0.00000E+00  0.00000E+00  2.26209E-01
   436  1.75575E-01 -8.38449E-01 -8.27457E-01 -1.09918E-02  0.00000E+00  0.00000E+00  2.24075E-01
   437  1.80443E-01 -8.34175E-01 -8.22834E-01 -1.13409E-02  0.00000E+00  0.00000E+00  2.21904E-01
   438  1.85443E-01 -8.29792E-01 -8.18096E-01 -1.16955E-02  0.00000E+00  0.00000E+00  2.19695E-01
   439  1.90580E-01 -8.25299E-01 -8.13243E-01 -1.20555E-02  0.00000E+00  0.00000E+00  2.17449E-01
   440  1.95857E-01 -8.20693E-01 -8.08272E-01 -1.24204E-02  0.00000E+00  0.00000E+00  2.15166E-01
   441  2.01277E-01 -8.15972E-01 -8.03182E-01 -1.27900E-02  0.00000E+00  0.00000E+00  2.12846E-01
   442  2.06844E-01 -8.11133E-01 -7.97969E-01 -1.31640E-02  0.00000E+00  0.00000E+00  2.10489E-01
   443  2.12562E-01 -8.06175E-01 -7.92633E-01 -1.35419E-02  0.00000E+00  0.00000E+00  2.08095E-01
   444  2.18435E-01 -8.01095E-01 -7.87171E-01 -1.39235E-02  0.00000E+00  0.00000E+00  2.05665E-01
   445  2.24467E-01 -7.95890E-01 -7.81582E-01 -1.43082E-02  0.00000E+00  0.00000E+00  2.03198E-01
   446  2.30663E-01 -7.90559E-01 -7.75863E-01 -1.46957E-02  0.00000E+00  0.00000E+00  2.00696E-01
   447  2.37025E-01 -7.85099E-01 -7.70013E-01 -1.50855E-02  0.00000E+00  0.00000E+00  1.98158E-01
   448  2.43559E-01 -7.79507E-01 -7.64030E-01 -1.54770E-02  0.00000E+00  0.00000E+00  1.95585E-01
   449  2.50270E-01 -7.73782E-01 -7.57913E-01 -1.58698E-02  0.00000E+00  0.00000E+00  1.92977E-01
   450  2.57160E-01 -7.67922E-01 -7.51659E-01 -1.62632E-02  0.00000E+00  0.00000E+00  1.90336E-01
   451  2.64236E-01 -7.61924E-01 -7.45267E-01 -1.66567E-02  0.00000E+00  0.00000E+00  1.87661E-01
   452  2.71502E-01 -7.55787E-01 -7.38737E-01 -1.70497E-02  0.00000E+00  0.00000E+00  1.84953E-01
   453  2.78963E-01 -7.49507E-01 -7.32066E-01 -1.74415E-02  0.00000E+00  0.00000E+00  1.82214E-01
   454  2.86623E-01 -7.43085E-01 -7.25253E-01 -1.78314E-02  0.00000E+00  0.00000E+00  1.79443E-01
   455  2.94489E-01 -7.36517E-01 -7.18298E-01 -1.82188E-02  0.00000E+00  0.00000E+00  1.76642E-01
   456  3.02564E-01 -7.29802E-01 -7.11200E-01 -1.86030E-02  0.00000E+00  0.00000E+00  1.73812E-01
   457  3.10854E-01 -7.22939E-01 -7.03956E-01 -1.89831E-02  0.00000E+00  0.00000E+00  1.70953E-01
   458  3.19366E-01 -7.15927E-01 -6.96568E-01 -1.93584E-02  0.00000E+00  0.00000E+00  1.68068E-01
   459  3.28103E-01 -7.08763E-01 -6.89035E-01 -1.97281E-02  0.00000E+00  0.00000E+00  1.65156E-01
   460  3.37072E-01 -7.01446E-01 -6.81355E-01 -2.00914E-02  0.00000E+00  0.00000E+00  1.62220E-01
   461  3.46279E-01 -6.93977E-01 -6.73530E-01 -2.04475E-02  0.00000E+00  0.00000E+00  1.59260E-01
   462  3.55729E-01 -6.86354E-01 -6.65558E-01 -2.07954E-02  0.00000E+00  0.00000E+00  1.56278E-01
   463  3.65428E-01 -6.78576E-01 -6.57442E-01 -2.11345E-02  0.00000E+00  0.00000E+00  1.53275E-01
   464  3.75384E-01 -6.70643E-01 -6.49180E-01 -2.14636E-02  0.00000E+00  0.00000E+00  1.50253E-01
   465  3.85601E-01 -6.62556E-01 -6.40774E-01 -2.17821E-02  0.00000E+00  0.00000E+00  1.47214E-01
   466  3.96086E-01 -6.54313E-01 -6.32224E-01 -2.20889E-02  0.00000E+00  0.00000E+00  1.44159E-01
   467  4.06846E-01 -6.45916E-01 -6.23533E-01 -2.23832E-02  0.00000E+00  0.00000E+00  1.41089E-01
   468  4.17888E-01 -6.37365E-01 -6.14701E-01 -2.26640E-02  0.00000E+00  0.00000E+00  1.38008E-01
   469  4.29218E-01 -6.28661E-01 -6.05730E-01 -2.29306E-02  0.00000E+00  0.00000E+00  1.34915E-01
   470  4.40843E-01 -6.19805E-01 -5.96623E-01 -2.31819E-02  0.00000E+00  0.00000E+00  1.31814E-01
   471  4.52770E-01 -6.10798E-01 -5.87381E-01 -2.34171E-02  0.00000E+00  0.00000E+00  1.28707E-01
   472  4.65007E-01 -6.01643E-01 -5.78008E-01 -2.36354E-02  0.00000E+00  0.00000E+00  1.25595E-01
   473  4.77560E-01 -5.92342E-01 -5.68507E-01 -2.38358E-02  0.00000E+00  0.00000E+00  1.22481E-01
   474  4.90438E-01 -5.82898E-01 -5.58880E-01 -2.40175E-02  0.00000E+00  0.00000E+00  1.19367E-01
   475  5.03647E-01 -5.73312E-01 -5.49132E-01 -2.41799E-02  0.00000E+00  0.00000E+00  1.16254E-01
   476  5.17196E-01 -5.63589E-01 -5.39268E-01 -2.43219E-02  0.00000E+00  0.00000E+00  1.13146E-01
   477  5.31093E-01 -5.53733E-01 -5.29290E-01 -2.44430E-02  0.00000E+00  0.00000E+00  1.10045E-01
   478  5.45344E-01 -5.43747E-01 -5.19204E-01 -2.45425E-02  0.00000E+00  0.00000E+00  1.06952E-01
   479  5.59960E-01 -5.33635E-01 -5.09016E-01 -2.46196E-02  0.00000E+00  0.00000E+00  1.03871E-01
   480  5.74947E-01 -5.23404E-01 -4.98730E-01 -2.46738E-02  0.00000E+00  0.00000E+00  1.00803E-01
   481  5.90315E-01 -5.13058E-01 -4.88354E-01 -2.47045E-02  0.00000E+00  0.00000E+00  9.77522E-02
   482  6.06072E-01 -5.02603E-01 -4.77892E-01 -2.47112E-02  0.00000E+00  0.00000E+00  9.47195E-02
   483  6.22227E-01 -4.92046E-01 -4.67352E-01 -2.46935E-02  0.00000E+00  0.00000E+00  9.17080E-02
   484  6.38788E-01 -4.81393E-01 -4.56742E-01 -2.46510E-02  0.00000E+00  0.00000E+00  8.87201E-02
   485  6.55764E-01 -4.70651E-01 -4.46067E-01 -2.45835E-02  0.00000E+00  0.00000E+00  8.57581E-02
   486  6.73166E-01 -4.59828E-01 -4.35337E-01 -2.44906E-02  0.00000E+00  0.00000E+00  8.28247E-02
   487  6.91002E-01 -4.48932E-01 -4.24560E-01 -2.43723E-02  0.00000E+00  0.00000E+00  7.99222E-02
   488  7.09281E-01 -4.37972E-01 -4.13743E-01 -2.42285E-02  0.00000E+00  0.00000E+00  7.70531E-02
   489  7.28013E-01 -4.26956E-01 -4.02897E-01 -2.40593E-02  0.00000E+00  0.00000E+00  7.42196E-02
   490  7.47208E-01 -4.15894E-01 -3.92030E-01 -2.38646E-02  0.00000E+00  0.00000E+00  7.14243E-02
   491  7.66875E-01 -4.04796E-01 -3.81151E-01 -2.36447E-02  0.00000E+00  0.00000E+00  6.86692E-02
   492  7.87025E-01 -3.93671E-01 -3.70271E-01 -2.34000E-02  0.00000E+00  0.00000E+00  6.59568E-02
   493  8.07668E-01 -3.82530E-01 -3.59399E-01 -2.31307E-02  0.00000E+00  0.00000E+00  6.32891E-02
   494  8.28814E-01 -3.71384E-01 -3.48546E-01 -2.28373E-02  0.00000E+00  0.00000E+00  6.06682E-02
   495  8.50473E-01 -3.60244E-01 -3.37723E-01 -2.25204E-02  0.00000E+00  0.00000E+00  5.80962E-02
   496  8.72656E-01 -3.49121E-01 -3.26940E-01 -2.21807E-02  0.00000E+00  0.00000E+00  5.55750E-02
   497  8.95373E-01 -3.38027E-01 -3.16208E-01 -2.18188E-02  0.00000E+00  0.00000E+00  5.31064E-02
   498  9.18635E-01 -3.26973E-01 -3.05538E-01 -2.14356E-02  0.00000E+00  0.00000E+00  5.06922E-02
   499  9.42454E-01 -3.15972E-01 -2.94940E-01 -2.10320E-02  0.00000E+00  0.00000E+00  4.83339E-02
   500  9.66839E-01 -3.05036E-01 -2.84427E-01 -2.06090E-02  0.00000E+00  0.00000E+00  4.60331E-02
   501  9.91802E-01 -2.94177E-01 -2.74010E-01 -2.01677E-02  0.00000E+00  0.00000E+00  4.37912E-02
   502  1.01735E+00 -2.83407E-01 -2.63698E-01 -1.97091E-02  0.00000E+00  0.00000E+00  4.16095E-02
   503  1.04351E+00 -2.72739E-01 -2.53504E-01 -1.92346E-02  0.00000E+00  0.00000E+00  3.94890E-02
   504  1.07027E+00 -2.62183E-01 -2.43438E-01 -1.87453E-02  0.00000E+00  0.00000E+00  3.74307E-02
   505  1.09766E+00 -2.51753E-01 -2.33511E-01 -1.82427E-02  0.00000E+00  0.00000E+00  3.54355E-02
   506  1.12568E+00 -2.41461E-01 -2.23733E-01 -1.77280E-02  0.00000E+00  0.00000E+00  3.35041E-02
   507  1.15435E+00 -2.31317E-01 -2.14114E-01 -1.72027E-02  0.00000E+00  0.00000E+00  3.16370E-02
   508  1.18368E+00 -2.21334E-01 -2.04665E-01 -1.66684E-02  0.00000E+00  0.00000E+00  2.98347E-02
   509  1.21368E+00 -2.11522E-01 -1.95395E-01 -1.61263E-02  0.00000E+00  0.00000E+00  2.80973E-02
   510  1.24436E+00 -2.01891E-01 -1.86313E-01 -1.55782E-02  0.00000E+00  0.00000E+00  2.64251E-02
   511  1.27573E+00 -1.92453E-01 -1.77428E-01 -1.50254E-02  0.00000E+00  0.00000E+00  2.48180E-02
   512  1.30781E+00 -1.83217E-01 -1.68748E-01 -1.44695E-02  0.00000E+00  0.00000E+00  2.32757E-02
   513  1.34060E+00 -1.74192E-01 -1.60280E-01 -1.39121E-02  0.00000E+00  0.00000E+00  2.17979E-02
   514  1.37413E+00 -1.65387E-01 -1.52032E-01 -1.33546E-02  0.00000E+00  0.00000E+00  2.03842E-02
   515  1.40840E+00 -1.56809E-01 -1.44010E-01 -1.27984E-02  0.00000E+00  0.00000E+00  1.90340E-02
   516  1.44342E+00 -1.48466E-01 -1.36221E-01 -1.22451E-02  0.00000E+00  0.00000E+00  1.77463E-02
   517  1.47921E+00 -1.40365E-01 -1.28669E-01 -1.16961E-02  0.00000E+00  0.00000E+00  1.65205E-02
   518  1.51577E+00 -1.32511E-01 -1.21359E-01 -1.11527E-02  0.00000E+00  0.00000E+00  1.53554E-02
   519  1.55313E+00 -1.24910E-01 -1.14294E-01 -1.06162E-02  0.00000E+00  0.00000E+00  1.42499E-02
   520  1.59129E+00 -1.17566E-01 -1.07478E-01 -1.00878E-02  0.00000E+00  0.00000E+00  1.32028E-02
   521  1.63027E+00 -1.10483E-01 -1.00914E-01 -9.56883E-03  0.00000E+00  0.00000E+00  1.22128E-02
   522  1.67007E+00 -1.03663E-01 -9.46025E-02 -9.06028E-03  0.00000E+00  0.00000E+00  1.12783E-02
   523  1.71071E+00 -9.71079E-02 -8.85447E-02 -8.56320E-03  0.00000E+00  0.00000E+00  1.03978E-02
   524  1.75220E+00 -9.08194E-02 -8.27409E-02 -8.07853E-03  0.00000E+00  0.00000E+00  9.56977E-03
   525  1.79455E+00 -8.47975E-02 -7.71904E-02 -7.60713E-03  0.00000E+00  0.00000E+00  8.79249E-03
   526  1.83778E+00 -7.90417E-02 -7.18920E-02 -7.14976E-03  0.00000E+00  0.00000E+00  8.06421E-03
   527  1.88190E+00 -7.35507E-02 -6.68436E-02 -6.70711E-03  0.00000E+00  0.00000E+00  7.38314E-03
   528  1.92692E+00 -6.83224E-02 -6.20426E-02 -6.27975E-03  0.00000E+00  0.00000E+00  6.74745E-03
   529  1.97285E+00 -6.33538E-02 -5.74857E-02 -5.86818E-03  0.00000E+00  0.00000E+00  6.15527E-03
   530  2.01970E+00 -5.86416E-02 -5.31688E-02 -5.47278E-03  0.00000E+00  0.00000E+00  5.60472E-03
   531  2.06748E+00 -5.41813E-02 -4.90874E-02 -5.09386E-03  0.00000E+00  0.00000E+00  5.09388E-03
   532  2.11621E+00 -4.99681E-02 -4.52365E-02 -4.73164E-03  0.00000E+00  0.00000E+00  4.62085E-03
   533  2.16590E+00 -4.59966E-02 -4.16103E-02 -4.38623E-03  0.00000E+00  0.00000E+00  4.18373E-03
   534  2.21655E+00 -4.22606E-02 -3.82029E-02 -4.05768E-03  0.00000E+00  0.00000E+00  3.78064E-03
   535  2.26819E+00 -3.87536E-02 -3.50077E-02 -3.74595E-03  0.00000E+00  0.00000E+00  3.40969E-03
   536  2.32081E+00 -3.54687E-02 -3.20177E-02 -3.45091E-03  0.00000E+00  0.00000E+00  3.06906E-03
   537  2.37444E+00 -3.23983E-02 -2.92259E-02 -3.17237E-03  0.00000E+00  0.00000E+00  2.75693E-03
   538  2.42907E+00 -2.95348E-02 -2.66248E-02 -2.91008E-03  0.00000E+00  0.00000E+00  2.47154E-03
   539  2.48474E+00 -2.68702E-02 -2.42065E-02 -2.66372E-03  0.00000E+00  0.00000E+00  2.21116E-03
   540  2.54143E+00 -2.43961E-02 -2.19633E-02 -2.43290E-03  0.00000E+00  0.00000E+00  1.97413E-03
   541  2.59917E+00 -2.21042E-02 -1.98870E-02 -2.21719E-03  0.00000E+00  0.00000E+00  1.75884E-03
   542  2.65796E+00 -1.99859E-02 -1.79698E-02 -2.01613E-03  0.00000E+00  0.00000E+00  1.56373E-03
   543  2.71781E+00 -1.80325E-02 -1.62033E-02 -1.82920E-03  0.00000E+00  0.00000E+00  1.38731E-03
   544  2.77873E+00 -1.62354E-02 -1.45795E-02 -1.65585E-03  0.00000E+00  0.00000E+00  1.22816E-03
   545  2.84074E+00 -1.45859E-02 -1.30904E-02 -1.49553E-03  0.00000E+00  0.00000E+00  1.08491E-03
   546  2.90384E+00 -1.30756E-02 -1.17280E-02 -1.34763E-03  0.00000E+00  0.00000E+00  9.56287E-04
   547  2.96804E+00 -1.16960E-02 -1.04844E-02 -1.21156E-03  0.00000E+00  0.00000E+00  8.41058E-04
   548  3.03334E+00 -1.04388E-02 -9.35210E-03 -1.08669E-03  0.00000E+00  0.00000E+00  7.38076E-04
   549  3.09977E+00 -9.29594E-03 -8.32354E-03 -9.72403E-04  0.00000E+00  0.00000E+00  6.46258E-04
   550  3.16732E+00 -8.25959E-03 -7.39150E-03 -8.68085E-04  0.00000E+00  0.00000E+00  5.64590E-04
   551  3.23600E+00 -7.32212E-03 -6.54900E-03 -7.73117E-04  0.00000E+00  0.00000E+00  4.92126E-04
   552  3.30582E+00 -6.47621E-03 -5.78932E-03 -6.86893E-04  0.00000E+00  0.00000E+00  4.27984E-04
   553  3.37679E+00 -5.71483E-03 -5.10602E-03 -6.08816E-04  0.00000E+00  0.00000E+00  3.71349E-04
   554  3.44892E+00 -5.03126E-03 -4.49295E-03 -5.38309E-04  0.00000E+00  0.00000E+00  3.21465E-04
   555  3.52221E+00 -4.41910E-03 -3.94429E-03 -4.74809E-04  0.00000E+00  0.00000E+00  2.77635E-04
   556  3.59667E+00 -3.87230E-03 -3.45452E-03 -4.17774E-04  0.00000E+00  0.00000E+00  2.39222E-04
   557  3.67230E+00 -3.38512E-03 -3.01843E-03 -3.66687E-04  0.00000E+00  0.00000E+00  2.05639E-04
   558  3.74911E+00 -2.95218E-03 -2.63113E-03 -3.21051E-04  0.00000E+00  0.00000E+00  1.76354E-04
   559  3.82712E+00 -2.56845E-03 -2.28805E-03 -2.80397E-04  0.00000E+00  0.00000E+00  1.50881E-04
   560  3.90631E+00 -2.22921E-03 -1.98493E-03 -2.44280E-04  0.00000E+00  0.00000E+00  1.28779E-04
   561  3.98670E+00 -1.93009E-03 -1.71781E-03 -2.12281E-04  0.00000E+00  0.00000E+00  1.09652E-04
   562  4.06830E+00 -1.66705E-03 -1.48304E-03 -1.84011E-04  0.00000E+00  0.00000E+00  9.31419E-05
   563  4.15110E+00 -1.43633E-03 -1.27723E-03 -1.59103E-04  0.00000E+00  0.00000E+00  7.89268E-05
   564  4.23511E+00 -1.23451E-03 -1.09729E-03 -1.37217E-04  0.00000E+00  0.00000E+00  6.67193E-05
   565  4.32034E+00 -1.05843E-03 -9.40387E-04 -1.18042E-04  0.00000E+00  0.00000E+00  5.62630E-05
   566  4.40679E+00 -9.05220E-04 -8.03932E-04 -1.01288E-04  0.00000E+00  0.00000E+00  4.73299E-05
   567  4.49446E+00 -7.72266E-04 -6.85577E-04 -8.66892E-05  0.00000E+00  0.00000E+00  3.97179E-05
   568  4.58335E+00 -6.57199E-04 -5.83194E-04 -7.40048E-05  0.00000E+00  0.00000E+00  3.32486E-05
   569  4.67347E+00 -5.57880E-04 -4.94866E-04 -6.30142E-05  0.00000E+00  0.00000E+00  2.77647E-05
   570  4.76482E+00 -4.72385E-04 -4.18867E-04 -5.35178E-05  0.00000E+00  0.00000E+00  2.31284E-05
   571  4.85741E+00 -3.98988E-04 -3.53653E-04 -4.53355E-05  0.00000E+00  0.00000E+00  1.92188E-05
   572  4.95123E+00 -3.36148E-04 -2.97843E-04 -3.83051E-05  0.00000E+00  0.00000E+00  1.59307E-05
   573  5.04629E+00 -2.82491E-04 -2.50210E-04 -3.22813E-05  0.00000E+00  0.00000E+00  1.31726E-05
   574  5.14258E+00 -2.36800E-04 -2.09665E-04 -2.71345E-05  0.00000E+00  0.00000E+00  1.08650E-05
   575  5.24011E+00 -1.97998E-04 -1.75248E-04 -2.27492E-05  0.00000E+00  0.00000E+00  8.93955E-06
   576  5.33888E+00 -1.65134E-04 -1.46111E-04 -1.90233E-05  0.00000E+00  0.00000E+00  7.33711E-06
   577  5.43889E+00 -1.37377E-04 -1.21511E-04 -1.58665E-05  0.00000E+00  0.00000E+00  6.00701E-06
   578  5.54014E+00 -1.13996E-04 -1.00797E-04 -1.31992E-05  0.00000E+00  0.00000E+00  4.90586E-06
   579  5.64262E+00 -9.43548E-05 -8.34029E-05 -1.09519E-05  0.00000E+00  0.00000E+00  3.99665E-06
   580  5.74635E+00 -7.78997E-05 -6.88360E-05 -9.06369E-06  0.00000E+00  0.00000E+00  3.24789E-06
   581  5.85131E+00 -6.41513E-05 -5.66696E-05 -7.48163E-06  0.00000E+00  0.00000E+00  2.63288E-06
   582  5.95751E+00 -5.26955E-05 -4.65357E-05 -6.15976E-06  0.00000E+00  0.00000E+00  2.12905E-06
   583  6.06494E+00 -4.31759E-05 -3.81175E-05 -5.05835E-06  0.00000E+00  0.00000E+00  1.71739E-06
   584  6.17361E+00 -3.52865E-05 -3.11433E-05 -4.14317E-06  0.00000E+00  0.00000E+00  1.38191E-06
   585  6.28351E+00 -2.87659E-05 -2.53810E-05 -3.38483E-06  0.00000E+00  0.00000E+00  1.10923E-06
   586  6.39464E+00 -2.33910E-05 -2.06328E-05 -2.75819E-06  0.00000E+00  0.00000E+00  8.88168E-07
   587  6.50700E+00 -1.89725E-05 -1.67307E-05 -2.24179E-06  0.00000E+00  0.00000E+00  7.09418E-07
   588  6.62058E+00 -1.53500E-05 -1.35325E-05 -1.81741E-06  0.00000E+00  0.00000E+00  5.65256E-07
   589  6.73539E+00 -1.23879E-05 -1.09183E-05 -1.46961E-06  0.00000E+00  0.00000E+00  4.49289E-07
   590  6.85141E+00 -9.97238E-06 -8.78704E-06 -1.18534E-06  0.00000E+00  0.00000E+00  3.56245E-07
   591  6.96865E+00 -8.00780E-06 -7.05417E-06 -9.53623E-07  0.00000E+00  0.00000E+00  2.81783E-07
   592  7.08711E+00 -6.41421E-06 -5.64895E-06 -7.65262E-07  0.00000E+00  0.00000E+00  2.22345E-07
   593  7.20677E+00 -5.12498E-06 -4.51242E-06 -6.12555E-07  0.00000E+00  0.00000E+00  1.75022E-07
   594  7.32763E+00 -4.08473E-06 -3.59564E-06 -4.89086E-07  0.00000E+00  0.00000E+00  1.37439E-07
   595  7.44970E+00 -3.24758E-06 -2.85805E-06 -3.89524E-07  0.00000E+00  0.00000E+00  1.07667E-07
   596  7.57296E+00 -2.57564E-06 -2.26618E-06 -3.09454E-07  0.00000E+00  0.00000E+00  8.41429E-08
   597  7.69742E+00 -2.03771E-06 -1.79248E-06 -2.45231E-07  0.00000E+00  0.00000E+00  6.56020E-08
   598  7.82306E+00 -1.60818E-06 -1.41433E-06 -1.93854E-07  0.00000E+00  0.00000E+00  5.10253E-08
   599  7.94988E+00 -1.26611E-06 -1.11324E-06 -1.52862E-07  0.00000E+00  0.00000E+00  3.95938E-08
   600  8.07788E+00 -9.94373E-07 -8.74131E-07 -1.20242E-07  0.00000E+00  0.00000E+00  3.06511E-08
   601  8.20706E+00 -7.79072E-07 -6.84721E-07 -9.43511E-08  0.00000E+00  0.00000E+00  2.36726E-08
   602  8.33740E+00 -6.08918E-07 -5.35064E-07 -7.38545E-08  0.00000E+00  0.00000E+00  1.82404E-08
   603  8.46890E+00 -4.74787E-07 -4.17117E-07 -5.76702E-08  0.00000E+00  0.00000E+00  1.40221E-08
   604  8.60156E+00 -3.69319E-07 -3.24395E-07 -4.49238E-08  0.00000E+00  0.00000E+00  1.07544E-08
   605  8.73537E+00 -2.86597E-07 -2.51687E-07 -3.49105E-08  0.00000E+00  0.00000E+00  8.22928E-09
   606  8.87032E+00 -2.21879E-07 -1.94814E-07 -2.70643E-08  0.00000E+00  0.00000E+00  6.28266E-09
   607  9.00641E+00 -1.71371E-07 -1.50439E-07 -2.09316E-08  0.00000E+00  0.00000E+00  4.78561E-09
   608  9.14363E+00 -1.32051E-07 -1.15901E-07 -1.61503E-08  0.00000E+00  0.00000E+00  3.63704E-09
   609  9.28198E+00 -1.01517E-07 -8.90848E-08 -1.24318E-08  0.00000E+00  0.00000E+00  2.75791E-09
   610  9.42144E+00 -7.78620E-08 -6.83149E-08 -9.54712E-09  0.00000E+00  0.00000E+00  2.08661E-09
   611  9.56202E+00 -5.95819E-08 -5.22672E-08 -7.31474E-09  0.00000E+00  0.00000E+00  1.57520E-09
   612  9.70371E+00 -4.54893E-08 -3.98979E-08 -5.59140E-09  0.00000E+00  0.00000E+00  1.18651E-09
   613  9.84649E+00 -3.46509E-08 -3.03867E-08 -4.26425E-09  0.00000E+00  0.00000E+00  8.91761E-10
   614  9.99037E+00 -2.63353E-08 -2.30907E-08 -3.24469E-09  0.00000E+00  0.00000E+00  6.68773E-10
   615  1.01353E+01 -1.99704E-08 -1.75071E-08 -2.46329E-09  0.00000E+00  0.00000E+00  5.00455E-10
   616  1.02814E+01 -1.51100E-08 -1.32441E-08 -1.86586E-09  0.00000E+00  0.00000E+00  3.73693E-10
   617  1.04285E+01 -1.14071E-08 -9.99695E-09 -1.41016E-09  0.00000E+00  0.00000E+00  2.78441E-10
   618  1.05767E+01 -8.59271E-09 -7.52933E-09 -1.06338E-09  0.00000E+00  0.00000E+00  2.07027E-10
   619  1.07259E+01 -6.45852E-09 -5.65841E-09 -8.00111E-10  0.00000E+00  0.00000E+00  1.53604E-10
   620  1.08762E+01 -4.84385E-09 -4.24315E-09 -6.00698E-10  0.00000E+00  0.00000E+00  1.13728E-10
   621  1.10275E+01 -3.62501E-09 -3.17501E-09 -4.50002E-10  0.00000E+00  0.00000E+00  8.40279E-11
   622  1.11799E+01 -2.70704E-09 -2.37066E-09 -3.36381E-10  0.00000E+00  0.00000E+00  6.19557E-11
   623  1.13333E+01 -2.01723E-09 -1.76632E-09 -2.50908E-10  0.00000E+00  0.00000E+00  4.55875E-11
   624  1.14877E+01 -1.50001E-09 -1.31326E-09 -1.86753E-10  0.00000E+00  0.00000E+00  3.34752E-11
   625  1.16431E+01 -1.11307E-09 -9.74359E-10 -1.38708E-10  0.00000E+00  0.00000E+00  2.45313E-11
   626  1.17995E+01 -8.24217E-10 -7.21411E-10 -1.02807E-10  0.00000E+00  0.00000E+00  1.79409E-11
   627  1.19570E+01 -6.09063E-10 -5.33025E-10 -7.60387E-11  0.00000E+00  0.00000E+00  1.30948E-11
   628  1.21154E+01 -4.49148E-10 -3.93025E-10 -5.61236E-11  0.00000E+00  0.00000E+00  9.53883E-12
   629  1.22748E+01 -3.30545E-10 -2.89206E-10 -4.13393E-11  0.00000E+00  0.00000E+00  6.93482E-12
   630  1.24352E+01 -2.42768E-10 -2.12381E-10 -3.03874E-11  0.00000E+00  0.00000E+00  5.03185E-12
   631  1.25965E+01 -1.77942E-10 -1.55651E-10 -2.22918E-11  0.00000E+00  0.00000E+00  3.64401E-12
   632  1.27589E+01 -1.30167E-10 -1.13847E-10 -1.63200E-11  0.00000E+00  0.00000E+00  2.63388E-12
   633  1.29221E+01 -9.50304E-11 -8.31061E-11 -1.19243E-11  0.00000E+00  0.00000E+00  1.90014E-12
   634  1.30863E+01 -6.92422E-11 -6.05469E-11 -8.69529E-12  0.00000E+00  0.00000E+00  1.36821E-12
   635  1.32515E+01 -5.03539E-11 -4.40257E-11 -6.32823E-12  0.00000E+00  0.00000E+00  9.83343E-13
   636  1.34176E+01 -3.65473E-11 -3.19507E-11 -4.59659E-12  0.00000E+00  0.00000E+00  7.05422E-13
   637  1.35846E+01 -2.64755E-11 -2.31432E-11 -3.33235E-12  0.00000E+00  0.00000E+00  5.05116E-13
   638  1.37525E+01 -1.91429E-11 -1.67317E-11 -2.41120E-12  0.00000E+00  0.00000E+00  3.61026E-13
   639  1.39213E+01 -1.38150E-11 -1.20737E-11 -1.74137E-12  0.00000E+00  0.00000E+00  2.57571E-13
   640  1.40910E+01 -9.95140E-12 -8.69615E-12 -1.25525E-12  0.00000E+00  0.00000E+00  1.83431E-13
   641  1.42617E+01 -7.15503E-12 -6.25189E-12 -9.03147E-13  0.00000E+00  0.00000E+00  1.30399E-13
   642  1.44332E+01 -5.13491E-12 -4.48630E-12 -6.48607E-13  0.00000E+00  0.00000E+00  9.25352E-14
   643  1.46055E+01 -3.67849E-12 -3.21354E-12 -4.64951E-13  0.00000E+00  0.00000E+00  6.55505E-14
   644  1.47788E+01 -2.63041E-12 -2.29772E-12 -3.32692E-13  0.00000E+00  0.00000E+00  4.63543E-14
   645  1.49529E+01 -1.87754E-12 -1.63991E-12 -2.37625E-13  0.00000E+00  0.00000E+00  3.27231E-14
   646  1.51279E+01 -1.33771E-12 -1.16829E-12 -1.69421E-13  0.00000E+00  0.00000E+00  2.30608E-14
   647  1.53037E+01 -9.51469E-13 -8.30891E-13 -1.20578E-13  0.00000E+00  0.00000E+00  1.62240E-14
   648  1.54804E+01 -6.75527E-13 -5.89861E-13 -8.56656E-14  0.00000E+00  0.00000E+00  1.13949E-14
   649  1.56579E+01 -4.78755E-13 -4.17999E-13 -6.07557E-14  0.00000E+00  0.00000E+00  7.98990E-15
   650  1.58362E+01 -3.38778E-13 -2.95763E-13 -4.30147E-14  0.00000E+00  0.00000E+00  5.59311E-15
   651  1.60153E+01 -2.39346E-13 -2.08944E-13 -3.04021E-14  0.00000E+00  0.00000E+00  3.90890E-15
   652  1.61953E+01 -1.68778E-13 -1.47327E-13 -2.14512E-14  0.00000E+00  0.00000E+00  2.72740E-15
   653  1.63760E+01 -1.18805E-13 -1.03695E-13 -1.51101E-14  0.00000E+00  0.00000E+00  1.89997E-15
   654  1.65576E+01 -1.06257E-14  0.00000E+00 -1.06257E-14  0.00000E+00  0.00000E+00  1.32144E-15
   655  1.65576E+01  0.00000E+00  0.00000E+00  0.00000E+00  0.00000E+00  0.00000E+00  0.00000E+00
   656  3.31152E+01  0.00000E+00  0.00000E+00  0.00000E+00  0.00000E+00  0.00000E+00  0.00000E+00
   657  6.62304E+01  0.00000E+00  0.00000E+00  0.00000E+00  0.00000E+00  0.00000E+00  0.00000E+00
   658  1.32461E+02  0.00000E+00  0.00000E+00  0.00000E+00  0.00000E+00  0.00000E+00  0.00000E+00
   659  2.64921E+02  0.00000E+00  0.00000E+00  0.00000E+00  0.00000E+00  0.00000E+00  0.00000E+00
   660  5.29843E+02  0.00000E+00  0.00000E+00  0.00000E+00  0.00000E+00  0.00000E+00  0.00000E+00
   661  1.05969E+03  0.00000E+00  0.00000E+00  0.00000E+00  0.00000E+00  0.00000E+00  0.00000E+00
   662  2.11937E+03  0.00000E+00  0.00000E+00  0.00000E+00  0.00000E+00  0.00000E+00  0.00000E+00
   663  4.23874E+03  0.00000E+00  0.00000E+00  0.00000E+00  0.00000E+00  0.00000E+00  0.00000E+00
   664  8.47749E+03  0.00000E+00  0.00000E+00  0.00000E+00  0.00000E+00  0.00000E+00  0.00000E+00
   665  1.69550E+04  0.00000E+00  0.00000E+00  0.00000E+00  0.00000E+00  0.00000E+00  0.00000E+00
