 #  Scattering amplitudes (in cm)      MU=(1-cos(TH))/2
 #  Z =   1,   projectile: electron
 #  Kinetic energy = 7.80000E+01 eV
 #
 # TH (deg)      MU          Re(F)        Im(F)        Re(G)        Im(G)
 #--------------------------------------------------------------------------
  0.000E+00  0.00000E+00  5.98515E-09  1.57196E-09  0.00000E+00  0.00000E+00
  1.000E-04  7.61557E-13  5.98515E-09  1.57196E-09  8.93174E-19  1.85102E-19
  1.250E-04  1.18994E-12  5.98515E-09  1.57196E-09  1.11647E-18  2.31378E-19
  1.500E-04  1.71346E-12  5.98515E-09  1.57196E-09  1.33976E-18  2.77654E-19
  1.750E-04  2.33225E-12  5.98515E-09  1.57196E-09  1.56305E-18  3.23929E-19
  2.000E-04  3.04617E-12  5.98515E-09  1.57196E-09  1.78635E-18  3.70205E-19
  2.250E-04  3.85530E-12  5.98515E-09  1.57196E-09  2.00964E-18  4.16481E-19
  2.500E-04  4.75964E-12  5.98515E-09  1.57196E-09  2.23293E-18  4.62756E-19
  2.750E-04  5.75917E-12  5.98515E-09  1.57196E-09  2.45623E-18  5.09032E-19
  3.000E-04  6.85391E-12  5.98515E-09  1.57196E-09  2.67952E-18  5.55307E-19
  3.250E-04  8.04379E-12  5.98515E-09  1.57196E-09  2.90281E-18  6.01583E-19
  3.500E-04  9.32893E-12  5.98515E-09  1.57196E-09  3.12611E-18  6.47859E-19
  3.750E-04  1.07092E-11  5.98515E-09  1.57196E-09  3.34940E-18  6.94134E-19
  4.000E-04  1.21847E-11  5.98515E-09  1.57196E-09  3.57269E-18  7.40410E-19
  4.250E-04  1.37554E-11  5.98515E-09  1.57196E-09  3.79599E-18  7.86685E-19
  4.500E-04  1.54213E-11  5.98515E-09  1.57196E-09  4.01928E-18  8.32961E-19
  4.750E-04  1.71823E-11  5.98515E-09  1.57196E-09  4.24257E-18  8.79237E-19
  5.000E-04  1.90386E-11  5.98515E-09  1.57196E-09  4.46587E-18  9.25512E-19
  5.250E-04  2.09900E-11  5.98515E-09  1.57196E-09  4.68916E-18  9.71788E-19
  5.500E-04  2.30367E-11  5.98515E-09  1.57196E-09  4.91246E-18  1.01806E-18
  5.750E-04  2.51785E-11  5.98515E-09  1.57196E-09  5.13575E-18  1.06434E-18
  6.000E-04  2.74156E-11  5.98515E-09  1.57196E-09  5.35904E-18  1.11061E-18
  6.250E-04  2.97478E-11  5.98515E-09  1.57196E-09  5.58234E-18  1.15689E-18
  6.500E-04  3.21752E-11  5.98515E-09  1.57196E-09  5.80563E-18  1.20317E-18
  6.750E-04  3.46979E-11  5.98515E-09  1.57196E-09  6.02892E-18  1.24944E-18
  7.000E-04  3.73157E-11  5.98515E-09  1.57196E-09  6.25222E-18  1.29572E-18
  7.250E-04  4.00286E-11  5.98515E-09  1.57196E-09  6.47551E-18  1.34199E-18
  7.500E-04  4.28368E-11  5.98515E-09  1.57196E-09  6.69880E-18  1.38827E-18
  7.750E-04  4.57402E-11  5.98515E-09  1.57196E-09  6.92210E-18  1.43454E-18
  8.000E-04  4.87388E-11  5.98515E-09  1.57196E-09  7.14539E-18  1.48082E-18
  8.250E-04  5.18325E-11  5.98515E-09  1.57196E-09  7.36868E-18  1.52710E-18
  8.500E-04  5.50215E-11  5.98515E-09  1.57196E-09  7.59198E-18  1.57337E-18
  8.750E-04  5.83057E-11  5.98515E-09  1.57196E-09  7.81527E-18  1.61965E-18
  9.000E-04  6.16850E-11  5.98515E-09  1.57196E-09  8.03856E-18  1.66592E-18
  9.250E-04  6.51595E-11  5.98515E-09  1.57196E-09  8.26186E-18  1.71220E-18
  9.500E-04  6.87293E-11  5.98515E-09  1.57196E-09  8.48515E-18  1.75847E-18
  9.750E-04  7.23943E-11  5.98515E-09  1.57196E-09  8.70844E-18  1.80475E-18
  1.000E-03  7.61544E-11  5.98515E-09  1.57196E-09  8.93174E-18  1.85102E-18
  1.250E-03  1.18991E-10  5.98515E-09  1.57196E-09  1.11647E-17  2.31378E-18
  1.500E-03  1.71347E-10  5.98515E-09  1.57196E-09  1.33976E-17  2.77654E-18
  1.750E-03  2.33223E-10  5.98515E-09  1.57196E-09  1.56305E-17  3.23929E-18
  2.000E-03  3.04617E-10  5.98515E-09  1.57196E-09  1.78635E-17  3.70205E-18
  2.250E-03  3.85531E-10  5.98515E-09  1.57196E-09  2.00964E-17  4.16481E-18
  2.500E-03  4.75965E-10  5.98515E-09  1.57196E-09  2.23293E-17  4.62756E-18
  2.750E-03  5.75917E-10  5.98515E-09  1.57196E-09  2.45623E-17  5.09032E-18
  3.000E-03  6.85389E-10  5.98515E-09  1.57196E-09  2.67952E-17  5.55307E-18
  3.250E-03  8.04380E-10  5.98515E-09  1.57196E-09  2.90281E-17  6.01583E-18
  3.500E-03  9.32891E-10  5.98515E-09  1.57196E-09  3.12611E-17  6.47859E-18
  3.750E-03  1.07092E-09  5.98515E-09  1.57196E-09  3.34940E-17  6.94134E-18
  4.000E-03  1.21847E-09  5.98515E-09  1.57196E-09  3.57269E-17  7.40410E-18
  4.250E-03  1.37554E-09  5.98515E-09  1.57196E-09  3.79599E-17  7.86685E-18
  4.500E-03  1.54213E-09  5.98515E-09  1.57196E-09  4.01928E-17  8.32961E-18
  4.750E-03  1.71823E-09  5.98515E-09  1.57196E-09  4.24257E-17  8.79237E-18
  5.000E-03  1.90386E-09  5.98515E-09  1.57196E-09  4.46587E-17  9.25512E-18
  5.250E-03  2.09900E-09  5.98515E-09  1.57196E-09  4.68916E-17  9.71788E-18
  5.500E-03  2.30367E-09  5.98515E-09  1.57196E-09  4.91245E-17  1.01806E-17
  5.750E-03  2.51785E-09  5.98515E-09  1.57196E-09  5.13575E-17  1.06434E-17
  6.000E-03  2.74156E-09  5.98515E-09  1.57196E-09  5.35904E-17  1.11061E-17
  6.250E-03  2.97478E-09  5.98515E-09  1.57196E-09  5.58234E-17  1.15689E-17
  6.500E-03  3.21752E-09  5.98515E-09  1.57196E-09  5.80563E-17  1.20317E-17
  6.750E-03  3.46978E-09  5.98515E-09  1.57196E-09  6.02892E-17  1.24944E-17
  7.000E-03  3.73156E-09  5.98515E-09  1.57196E-09  6.25222E-17  1.29572E-17
  7.250E-03  4.00286E-09  5.98515E-09  1.57196E-09  6.47551E-17  1.34199E-17
  7.500E-03  4.28368E-09  5.98515E-09  1.57196E-09  6.69880E-17  1.38827E-17
  7.750E-03  4.57402E-09  5.98515E-09  1.57196E-09  6.92210E-17  1.43454E-17
  8.000E-03  4.87388E-09  5.98515E-09  1.57196E-09  7.14539E-17  1.48082E-17
  8.250E-03  5.18326E-09  5.98515E-09  1.57196E-09  7.36868E-17  1.52710E-17
  8.500E-03  5.50215E-09  5.98515E-09  1.57196E-09  7.59198E-17  1.57337E-17
  8.750E-03  5.83057E-09  5.98515E-09  1.57196E-09  7.81527E-17  1.61965E-17
  9.000E-03  6.16850E-09  5.98515E-09  1.57196E-09  8.03856E-17  1.66592E-17
  9.250E-03  6.51596E-09  5.98515E-09  1.57196E-09  8.26186E-17  1.71220E-17
  9.500E-03  6.87293E-09  5.98515E-09  1.57196E-09  8.48515E-17  1.75847E-17
  9.750E-03  7.23942E-09  5.98515E-09  1.57196E-09  8.70844E-17  1.80475E-17
  1.000E-02  7.61544E-09  5.98515E-09  1.57196E-09  8.93174E-17  1.85102E-17
  1.250E-02  1.18991E-08  5.98514E-09  1.57196E-09  1.11647E-16  2.31378E-17
  1.500E-02  1.71347E-08  5.98514E-09  1.57196E-09  1.33976E-16  2.77654E-17
  1.750E-02  2.33223E-08  5.98514E-09  1.57196E-09  1.56305E-16  3.23929E-17
  2.000E-02  3.04617E-08  5.98514E-09  1.57196E-09  1.78635E-16  3.70205E-17
  2.250E-02  3.85531E-08  5.98514E-09  1.57196E-09  2.00964E-16  4.16480E-17
  2.500E-02  4.75965E-08  5.98514E-09  1.57196E-09  2.23293E-16  4.62756E-17
  2.750E-02  5.75917E-08  5.98514E-09  1.57196E-09  2.45623E-16  5.09032E-17
  3.000E-02  6.85389E-08  5.98514E-09  1.57196E-09  2.67952E-16  5.55307E-17
  3.250E-02  8.04380E-08  5.98514E-09  1.57196E-09  2.90281E-16  6.01583E-17
  3.500E-02  9.32891E-08  5.98514E-09  1.57196E-09  3.12611E-16  6.47858E-17
  3.750E-02  1.07092E-07  5.98514E-09  1.57196E-09  3.34940E-16  6.94134E-17
  4.000E-02  1.21847E-07  5.98514E-09  1.57196E-09  3.57269E-16  7.40410E-17
  4.250E-02  1.37554E-07  5.98514E-09  1.57196E-09  3.79598E-16  7.86685E-17
  4.500E-02  1.54213E-07  5.98514E-09  1.57196E-09  4.01928E-16  8.32961E-17
  4.750E-02  1.71823E-07  5.98514E-09  1.57196E-09  4.24257E-16  8.79236E-17
  5.000E-02  1.90386E-07  5.98513E-09  1.57196E-09  4.46586E-16  9.25512E-17
  5.250E-02  2.09900E-07  5.98513E-09  1.57196E-09  4.68915E-16  9.71787E-17
  5.500E-02  2.30367E-07  5.98513E-09  1.57196E-09  4.91244E-16  1.01806E-16
  5.750E-02  2.51785E-07  5.98513E-09  1.57196E-09  5.13574E-16  1.06434E-16
  6.000E-02  2.74156E-07  5.98513E-09  1.57196E-09  5.35903E-16  1.11061E-16
  6.250E-02  2.97478E-07  5.98513E-09  1.57196E-09  5.58232E-16  1.15689E-16
  6.500E-02  3.21752E-07  5.98513E-09  1.57196E-09  5.80561E-16  1.20317E-16
  6.750E-02  3.46978E-07  5.98513E-09  1.57196E-09  6.02890E-16  1.24944E-16
  7.000E-02  3.73156E-07  5.98512E-09  1.57196E-09  6.25219E-16  1.29572E-16
  7.250E-02  4.00286E-07  5.98512E-09  1.57196E-09  6.47549E-16  1.34199E-16
  7.500E-02  4.28368E-07  5.98512E-09  1.57196E-09  6.69878E-16  1.38827E-16
  7.750E-02  4.57402E-07  5.98512E-09  1.57196E-09  6.92207E-16  1.43454E-16
  8.000E-02  4.87388E-07  5.98512E-09  1.57196E-09  7.14536E-16  1.48082E-16
  8.250E-02  5.18325E-07  5.98512E-09  1.57196E-09  7.36865E-16  1.52709E-16
  8.500E-02  5.50215E-07  5.98511E-09  1.57196E-09  7.59194E-16  1.57337E-16
  8.750E-02  5.83057E-07  5.98511E-09  1.57196E-09  7.81523E-16  1.61964E-16
  9.000E-02  6.16850E-07  5.98511E-09  1.57196E-09  8.03852E-16  1.66592E-16
  9.250E-02  6.51596E-07  5.98511E-09  1.57196E-09  8.26181E-16  1.71220E-16
  9.500E-02  6.87293E-07  5.98511E-09  1.57196E-09  8.48510E-16  1.75847E-16
  9.750E-02  7.23942E-07  5.98510E-09  1.57196E-09  8.70838E-16  1.80475E-16
  1.000E-01  7.61543E-07  5.98510E-09  1.57196E-09  8.93167E-16  1.85102E-16
  1.250E-01  1.18991E-06  5.98508E-09  1.57196E-09  1.11645E-15  2.31377E-16
  1.500E-01  1.71347E-06  5.98505E-09  1.57196E-09  1.33974E-15  2.77653E-16
  1.750E-01  2.33223E-06  5.98501E-09  1.57195E-09  1.56302E-15  3.23928E-16
  2.000E-01  3.04617E-06  5.98497E-09  1.57195E-09  1.78630E-15  3.70202E-16
  2.250E-01  3.85531E-06  5.98493E-09  1.57195E-09  2.00957E-15  4.16477E-16
  2.500E-01  4.75964E-06  5.98487E-09  1.57195E-09  2.23284E-15  4.62751E-16
  2.750E-01  5.75916E-06  5.98482E-09  1.57195E-09  2.45610E-15  5.09025E-16
  3.000E-01  6.85388E-06  5.98476E-09  1.57194E-09  2.67935E-15  5.55299E-16
  3.250E-01  8.04378E-06  5.98469E-09  1.57194E-09  2.90260E-15  6.01572E-16
  3.500E-01  9.32888E-06  5.98461E-09  1.57194E-09  3.12584E-15  6.47845E-16
  3.750E-01  1.07092E-05  5.98454E-09  1.57193E-09  3.34907E-15  6.94118E-16
  4.000E-01  1.21846E-05  5.98445E-09  1.57193E-09  3.57229E-15  7.40390E-16
  4.250E-01  1.37553E-05  5.98436E-09  1.57192E-09  3.79551E-15  7.86661E-16
  4.500E-01  1.54212E-05  5.98427E-09  1.57192E-09  4.01871E-15  8.32933E-16
  4.750E-01  1.71822E-05  5.98417E-09  1.57191E-09  4.24190E-15  8.79203E-16
  5.000E-01  1.90385E-05  5.98406E-09  1.57191E-09  4.46508E-15  9.25473E-16
  5.250E-01  2.09899E-05  5.98395E-09  1.57190E-09  4.68825E-15  9.71743E-16
  5.500E-01  2.30365E-05  5.98384E-09  1.57190E-09  4.91141E-15  1.01801E-15
  5.750E-01  2.51783E-05  5.98371E-09  1.57189E-09  5.13455E-15  1.06428E-15
  6.000E-01  2.74153E-05  5.98359E-09  1.57188E-09  5.35769E-15  1.11055E-15
  6.250E-01  2.97475E-05  5.98345E-09  1.57188E-09  5.58080E-15  1.15681E-15
  6.500E-01  3.21749E-05  5.98332E-09  1.57187E-09  5.80390E-15  1.20308E-15
  6.750E-01  3.46974E-05  5.98317E-09  1.57186E-09  6.02699E-15  1.24935E-15
  7.000E-01  3.73152E-05  5.98302E-09  1.57186E-09  6.25006E-15  1.29561E-15
  7.250E-01  4.00281E-05  5.98287E-09  1.57185E-09  6.47312E-15  1.34187E-15
  7.500E-01  4.28362E-05  5.98271E-09  1.57184E-09  6.69615E-15  1.38814E-15
  7.750E-01  4.57395E-05  5.98254E-09  1.57183E-09  6.91917E-15  1.43440E-15
  8.000E-01  4.87380E-05  5.98237E-09  1.57182E-09  7.14217E-15  1.48066E-15
  8.250E-01  5.18317E-05  5.98220E-09  1.57182E-09  7.36516E-15  1.52692E-15
  8.500E-01  5.50205E-05  5.98202E-09  1.57181E-09  7.58812E-15  1.57318E-15
  8.750E-01  5.83045E-05  5.98183E-09  1.57180E-09  7.81106E-15  1.61944E-15
  9.000E-01  6.16838E-05  5.98164E-09  1.57179E-09  8.03399E-15  1.66569E-15
  9.250E-01  6.51582E-05  5.98144E-09  1.57178E-09  8.25689E-15  1.71195E-15
  9.500E-01  6.87277E-05  5.98124E-09  1.57177E-09  8.47977E-15  1.75821E-15
  9.750E-01  7.23925E-05  5.98103E-09  1.57176E-09  8.70263E-15  1.80446E-15
  1.000E+00  7.61524E-05  5.98082E-09  1.57175E-09  8.92546E-15  1.85071E-15
  1.100E+00  9.21439E-05  5.97991E-09  1.57170E-09  9.81656E-15  2.03571E-15
  1.200E+00  1.09658E-04  5.97891E-09  1.57165E-09  1.07072E-14  2.22069E-15
  1.300E+00  1.28695E-04  5.97783E-09  1.57160E-09  1.15975E-14  2.40565E-15
  1.400E+00  1.49255E-04  5.97667E-09  1.57154E-09  1.24872E-14  2.59058E-15
  1.500E+00  1.71338E-04  5.97541E-09  1.57148E-09  1.33764E-14  2.77548E-15
  1.600E+00  1.94942E-04  5.97407E-09  1.57142E-09  1.42651E-14  2.96036E-15
  1.700E+00  2.20070E-04  5.97265E-09  1.57135E-09  1.51531E-14  3.14521E-15
  1.800E+00  2.46720E-04  5.97114E-09  1.57127E-09  1.60406E-14  3.33002E-15
  1.900E+00  2.74892E-04  5.96954E-09  1.57119E-09  1.69273E-14  3.51480E-15
  2.000E+00  3.04586E-04  5.96786E-09  1.57111E-09  1.78133E-14  3.69955E-15
  2.100E+00  3.35803E-04  5.96609E-09  1.57102E-09  1.86986E-14  3.88426E-15
  2.200E+00  3.68542E-04  5.96424E-09  1.57093E-09  1.95831E-14  4.06893E-15
  2.300E+00  4.02802E-04  5.96230E-09  1.57084E-09  2.04668E-14  4.25355E-15
  2.400E+00  4.38585E-04  5.96028E-09  1.57074E-09  2.13496E-14  4.43814E-15
  2.500E+00  4.75889E-04  5.95817E-09  1.57063E-09  2.22316E-14  4.62268E-15
  2.600E+00  5.14715E-04  5.95598E-09  1.57052E-09  2.31126E-14  4.80717E-15
  2.700E+00  5.55063E-04  5.95371E-09  1.57041E-09  2.39926E-14  4.99162E-15
  2.800E+00  5.96931E-04  5.95135E-09  1.57029E-09  2.48716E-14  5.17601E-15
  2.900E+00  6.40321E-04  5.94890E-09  1.57017E-09  2.57496E-14  5.36035E-15
  3.000E+00  6.85233E-04  5.94637E-09  1.57005E-09  2.66266E-14  5.54464E-15
  3.100E+00  7.31665E-04  5.94376E-09  1.56992E-09  2.75024E-14  5.72887E-15
  3.200E+00  7.79618E-04  5.94106E-09  1.56979E-09  2.83770E-14  5.91305E-15
  3.300E+00  8.29092E-04  5.93829E-09  1.56965E-09  2.92505E-14  6.09716E-15
  3.400E+00  8.80086E-04  5.93542E-09  1.56951E-09  3.01228E-14  6.28121E-15
  3.500E+00  9.32601E-04  5.93248E-09  1.56936E-09  3.09938E-14  6.46520E-15
  3.600E+00  9.86636E-04  5.92945E-09  1.56921E-09  3.18635E-14  6.64913E-15
  3.700E+00  1.04219E-03  5.92634E-09  1.56905E-09  3.27319E-14  6.83298E-15
  3.800E+00  1.09927E-03  5.92314E-09  1.56889E-09  3.35990E-14  7.01677E-15
  3.900E+00  1.15786E-03  5.91987E-09  1.56873E-09  3.44647E-14  7.20049E-15
  4.000E+00  1.21797E-03  5.91651E-09  1.56856E-09  3.53289E-14  7.38413E-15
  4.100E+00  1.27961E-03  5.91307E-09  1.56839E-09  3.61917E-14  7.56770E-15
  4.200E+00  1.34276E-03  5.90955E-09  1.56822E-09  3.70530E-14  7.75120E-15
  4.300E+00  1.40743E-03  5.90595E-09  1.56804E-09  3.79127E-14  7.93461E-15
  4.400E+00  1.47362E-03  5.90227E-09  1.56785E-09  3.87709E-14  8.11795E-15
  4.500E+00  1.54133E-03  5.89851E-09  1.56766E-09  3.96275E-14  8.30120E-15
  4.600E+00  1.61056E-03  5.89466E-09  1.56747E-09  4.04825E-14  8.48437E-15
  4.700E+00  1.68131E-03  5.89074E-09  1.56728E-09  4.13358E-14  8.66745E-15
  4.800E+00  1.75357E-03  5.88674E-09  1.56707E-09  4.21874E-14  8.85045E-15
  4.900E+00  1.82735E-03  5.88265E-09  1.56687E-09  4.30373E-14  9.03336E-15
  5.000E+00  1.90265E-03  5.87849E-09  1.56666E-09  4.38855E-14  9.21618E-15
  5.100E+00  1.97947E-03  5.87425E-09  1.56645E-09  4.47318E-14  9.39890E-15
  5.200E+00  2.05780E-03  5.86993E-09  1.56623E-09  4.55764E-14  9.58153E-15
  5.300E+00  2.13765E-03  5.86553E-09  1.56601E-09  4.64190E-14  9.76407E-15
  5.400E+00  2.21902E-03  5.86106E-09  1.56578E-09  4.72598E-14  9.94650E-15
  5.500E+00  2.30190E-03  5.85650E-09  1.56555E-09  4.80987E-14  1.01288E-14
  5.600E+00  2.38630E-03  5.85187E-09  1.56532E-09  4.89356E-14  1.03111E-14
  5.700E+00  2.47222E-03  5.84717E-09  1.56508E-09  4.97705E-14  1.04932E-14
  5.800E+00  2.55965E-03  5.84238E-09  1.56484E-09  5.06035E-14  1.06752E-14
  5.900E+00  2.64859E-03  5.83752E-09  1.56459E-09  5.14344E-14  1.08571E-14
  6.000E+00  2.73905E-03  5.83258E-09  1.56434E-09  5.22632E-14  1.10390E-14
  6.100E+00  2.83103E-03  5.82757E-09  1.56409E-09  5.30899E-14  1.12207E-14
  6.200E+00  2.92452E-03  5.82248E-09  1.56383E-09  5.39145E-14  1.14022E-14
  6.300E+00  3.01952E-03  5.81732E-09  1.56356E-09  5.47369E-14  1.15837E-14
  6.400E+00  3.11604E-03  5.81208E-09  1.56330E-09  5.55571E-14  1.17651E-14
  6.500E+00  3.21407E-03  5.80677E-09  1.56303E-09  5.63752E-14  1.19463E-14
  6.600E+00  3.31362E-03  5.80139E-09  1.56275E-09  5.71909E-14  1.21274E-14
  6.700E+00  3.41468E-03  5.79593E-09  1.56247E-09  5.80044E-14  1.23084E-14
  6.800E+00  3.51725E-03  5.79039E-09  1.56219E-09  5.88156E-14  1.24893E-14
  6.900E+00  3.62133E-03  5.78479E-09  1.56190E-09  5.96245E-14  1.26700E-14
  7.000E+00  3.72692E-03  5.77911E-09  1.56161E-09  6.04309E-14  1.28507E-14
  7.100E+00  3.83403E-03  5.77336E-09  1.56131E-09  6.12351E-14  1.30312E-14
  7.200E+00  3.94265E-03  5.76754E-09  1.56101E-09  6.20367E-14  1.32115E-14
  7.300E+00  4.05278E-03  5.76165E-09  1.56071E-09  6.28360E-14  1.33918E-14
  7.400E+00  4.16442E-03  5.75569E-09  1.56040E-09  6.36328E-14  1.35719E-14
  7.500E+00  4.27757E-03  5.74965E-09  1.56009E-09  6.44271E-14  1.37518E-14
  7.600E+00  4.39223E-03  5.74355E-09  1.55977E-09  6.52188E-14  1.39316E-14
  7.700E+00  4.50840E-03  5.73738E-09  1.55945E-09  6.60080E-14  1.41113E-14
  7.800E+00  4.62608E-03  5.73113E-09  1.55913E-09  6.67947E-14  1.42909E-14
  7.900E+00  4.74527E-03  5.72482E-09  1.55880E-09  6.75787E-14  1.44703E-14
  8.000E+00  4.86597E-03  5.71844E-09  1.55847E-09  6.83601E-14  1.46495E-14
  8.100E+00  4.98817E-03  5.71200E-09  1.55813E-09  6.91389E-14  1.48287E-14
  8.200E+00  5.11188E-03  5.70548E-09  1.55779E-09  6.99150E-14  1.50076E-14
  8.300E+00  5.23711E-03  5.69890E-09  1.55745E-09  7.06884E-14  1.51865E-14
  8.400E+00  5.36383E-03  5.69225E-09  1.55710E-09  7.14591E-14  1.53651E-14
  8.500E+00  5.49207E-03  5.68554E-09  1.55675E-09  7.22270E-14  1.55436E-14
  8.600E+00  5.62181E-03  5.67876E-09  1.55639E-09  7.29922E-14  1.57220E-14
  8.700E+00  5.75306E-03  5.67191E-09  1.55603E-09  7.37546E-14  1.59002E-14
  8.800E+00  5.88581E-03  5.66500E-09  1.55567E-09  7.45141E-14  1.60783E-14
  8.900E+00  6.02007E-03  5.65803E-09  1.55530E-09  7.52709E-14  1.62561E-14
  9.000E+00  6.15583E-03  5.65099E-09  1.55493E-09  7.60247E-14  1.64339E-14
  9.100E+00  6.29310E-03  5.64388E-09  1.55455E-09  7.67757E-14  1.66114E-14
  9.200E+00  6.43187E-03  5.63672E-09  1.55417E-09  7.75238E-14  1.67888E-14
  9.300E+00  6.57214E-03  5.62949E-09  1.55379E-09  7.82690E-14  1.69661E-14
  9.400E+00  6.71392E-03  5.62220E-09  1.55340E-09  7.90112E-14  1.71431E-14
  9.500E+00  6.85720E-03  5.61485E-09  1.55301E-09  7.97505E-14  1.73200E-14
  9.600E+00  7.00198E-03  5.60744E-09  1.55261E-09  8.04867E-14  1.74968E-14
  9.700E+00  7.14827E-03  5.59996E-09  1.55221E-09  8.12200E-14  1.76733E-14
  9.800E+00  7.29605E-03  5.59243E-09  1.55181E-09  8.19503E-14  1.78497E-14
  9.900E+00  7.44534E-03  5.58484E-09  1.55140E-09  8.26775E-14  1.80259E-14
  1.000E+01  7.59612E-03  5.57718E-09  1.55099E-09  8.34016E-14  1.82019E-14
  1.025E+01  7.97965E-03  5.55780E-09  1.54994E-09  8.51984E-14  1.86412E-14
  1.050E+01  8.37255E-03  5.53805E-09  1.54887E-09  8.69757E-14  1.90794E-14
  1.075E+01  8.77480E-03  5.51795E-09  1.54778E-09  8.87332E-14  1.95163E-14
  1.100E+01  9.18641E-03  5.49750E-09  1.54666E-09  9.04705E-14  1.99521E-14
  1.125E+01  9.60736E-03  5.47672E-09  1.54552E-09  9.21876E-14  2.03867E-14
  1.150E+01  1.00376E-02  5.45561E-09  1.54435E-09  9.38841E-14  2.08200E-14
  1.175E+01  1.04773E-02  5.43418E-09  1.54317E-09  9.55598E-14  2.12520E-14
  1.200E+01  1.09262E-02  5.41243E-09  1.54195E-09  9.72145E-14  2.16828E-14
  1.225E+01  1.13844E-02  5.39038E-09  1.54072E-09  9.88480E-14  2.21122E-14
  1.250E+01  1.18520E-02  5.36804E-09  1.53946E-09  1.00460E-13  2.25404E-14
  1.275E+01  1.23288E-02  5.34540E-09  1.53818E-09  1.02051E-13  2.29671E-14
  1.300E+01  1.28150E-02  5.32248E-09  1.53687E-09  1.03619E-13  2.33925E-14
  1.325E+01  1.33104E-02  5.29929E-09  1.53554E-09  1.05166E-13  2.38164E-14
  1.350E+01  1.38150E-02  5.27584E-09  1.53419E-09  1.06691E-13  2.42389E-14
  1.375E+01  1.43290E-02  5.25212E-09  1.53282E-09  1.08194E-13  2.46600E-14
  1.400E+01  1.48521E-02  5.22816E-09  1.53142E-09  1.09675E-13  2.50796E-14
  1.425E+01  1.53845E-02  5.20396E-09  1.53000E-09  1.11133E-13  2.54977E-14
  1.450E+01  1.59262E-02  5.17952E-09  1.52856E-09  1.12568E-13  2.59142E-14
  1.475E+01  1.64770E-02  5.15486E-09  1.52710E-09  1.13981E-13  2.63293E-14
  1.500E+01  1.70371E-02  5.12999E-09  1.52562E-09  1.15372E-13  2.67427E-14
  1.525E+01  1.76063E-02  5.10490E-09  1.52411E-09  1.16740E-13  2.71546E-14
  1.550E+01  1.81848E-02  5.07961E-09  1.52258E-09  1.18085E-13  2.75649E-14
  1.575E+01  1.87724E-02  5.05413E-09  1.52103E-09  1.19407E-13  2.79735E-14
  1.600E+01  1.93692E-02  5.02847E-09  1.51946E-09  1.20706E-13  2.83805E-14
  1.625E+01  1.99751E-02  5.00262E-09  1.51787E-09  1.21983E-13  2.87859E-14
  1.650E+01  2.05901E-02  4.97661E-09  1.51626E-09  1.23237E-13  2.91895E-14
  1.675E+01  2.12143E-02  4.95044E-09  1.51463E-09  1.24468E-13  2.95915E-14
  1.700E+01  2.18476E-02  4.92411E-09  1.51297E-09  1.25676E-13  2.99917E-14
  1.725E+01  2.24900E-02  4.89763E-09  1.51130E-09  1.26861E-13  3.03902E-14
  1.750E+01  2.31415E-02  4.87102E-09  1.50960E-09  1.28024E-13  3.07869E-14
  1.775E+01  2.38021E-02  4.84427E-09  1.50789E-09  1.29163E-13  3.11819E-14
  1.800E+01  2.44717E-02  4.81740E-09  1.50616E-09  1.30280E-13  3.15750E-14
  1.825E+01  2.51504E-02  4.79041E-09  1.50440E-09  1.31375E-13  3.19663E-14
  1.850E+01  2.58382E-02  4.76331E-09  1.50263E-09  1.32447E-13  3.23558E-14
  1.875E+01  2.65349E-02  4.73611E-09  1.50083E-09  1.33496E-13  3.27435E-14
  1.900E+01  2.72407E-02  4.70881E-09  1.49902E-09  1.34523E-13  3.31293E-14
  1.925E+01  2.79555E-02  4.68142E-09  1.49719E-09  1.35527E-13  3.35131E-14
  1.950E+01  2.86793E-02  4.65395E-09  1.49534E-09  1.36510E-13  3.38951E-14
  1.975E+01  2.94120E-02  4.62641E-09  1.49347E-09  1.37470E-13  3.42752E-14
  2.000E+01  3.01537E-02  4.59879E-09  1.49158E-09  1.38408E-13  3.46533E-14
  2.025E+01  3.09043E-02  4.57112E-09  1.48967E-09  1.39324E-13  3.50295E-14
  2.050E+01  3.16639E-02  4.54339E-09  1.48775E-09  1.40219E-13  3.54037E-14
  2.075E+01  3.24324E-02  4.51561E-09  1.48581E-09  1.41091E-13  3.57760E-14
  2.100E+01  3.32098E-02  4.48778E-09  1.48385E-09  1.41943E-13  3.61462E-14
  2.125E+01  3.39961E-02  4.45992E-09  1.48187E-09  1.42772E-13  3.65145E-14
  2.150E+01  3.47912E-02  4.43203E-09  1.47987E-09  1.43581E-13  3.68807E-14
  2.175E+01  3.55952E-02  4.40412E-09  1.47786E-09  1.44369E-13  3.72448E-14
  2.200E+01  3.64081E-02  4.37618E-09  1.47583E-09  1.45135E-13  3.76070E-14
  2.225E+01  3.72297E-02  4.34823E-09  1.47378E-09  1.45881E-13  3.79670E-14
  2.250E+01  3.80602E-02  4.32028E-09  1.47172E-09  1.46606E-13  3.83250E-14
  2.275E+01  3.88995E-02  4.29232E-09  1.46964E-09  1.47311E-13  3.86809E-14
  2.300E+01  3.97476E-02  4.26437E-09  1.46754E-09  1.47995E-13  3.90346E-14
  2.325E+01  4.06044E-02  4.23642E-09  1.46543E-09  1.48659E-13  3.93863E-14
  2.350E+01  4.14700E-02  4.20849E-09  1.46330E-09  1.49304E-13  3.97358E-14
  2.375E+01  4.23443E-02  4.18058E-09  1.46115E-09  1.49928E-13  4.00832E-14
  2.400E+01  4.32273E-02  4.15269E-09  1.45899E-09  1.50534E-13  4.04285E-14
  2.425E+01  4.41190E-02  4.12483E-09  1.45682E-09  1.51119E-13  4.07715E-14
  2.450E+01  4.50194E-02  4.09700E-09  1.45462E-09  1.51686E-13  4.11125E-14
  2.475E+01  4.59284E-02  4.06922E-09  1.45242E-09  1.52234E-13  4.14512E-14
  2.500E+01  4.68461E-02  4.04147E-09  1.45020E-09  1.52763E-13  4.17877E-14
  2.550E+01  4.87074E-02  3.98613E-09  1.44571E-09  1.53765E-13  4.24541E-14
  2.600E+01  5.06030E-02  3.93100E-09  1.44117E-09  1.54695E-13  4.31116E-14
  2.650E+01  5.25328E-02  3.87614E-09  1.43657E-09  1.55555E-13  4.37602E-14
  2.700E+01  5.44967E-02  3.82155E-09  1.43191E-09  1.56345E-13  4.43997E-14
  2.750E+01  5.64946E-02  3.76728E-09  1.42721E-09  1.57068E-13  4.50301E-14
  2.800E+01  5.85262E-02  3.71335E-09  1.42245E-09  1.57725E-13  4.56513E-14
  2.850E+01  6.05914E-02  3.65979E-09  1.41764E-09  1.58319E-13  4.62634E-14
  2.900E+01  6.26901E-02  3.60662E-09  1.41278E-09  1.58850E-13  4.68661E-14
  2.950E+01  6.48222E-02  3.55386E-09  1.40788E-09  1.59321E-13  4.74596E-14
  3.000E+01  6.69873E-02  3.50153E-09  1.40294E-09  1.59734E-13  4.80436E-14
  3.050E+01  6.91854E-02  3.44966E-09  1.39794E-09  1.60089E-13  4.86183E-14
  3.100E+01  7.14163E-02  3.39826E-09  1.39291E-09  1.60390E-13  4.91836E-14
  3.150E+01  7.36799E-02  3.34734E-09  1.38784E-09  1.60638E-13  4.97393E-14
  3.200E+01  7.59760E-02  3.29693E-09  1.38273E-09  1.60834E-13  5.02856E-14
  3.250E+01  7.83043E-02  3.24703E-09  1.37758E-09  1.60980E-13  5.08224E-14
  3.300E+01  8.06647E-02  3.19766E-09  1.37239E-09  1.61078E-13  5.13497E-14
  3.350E+01  8.30571E-02  3.14883E-09  1.36717E-09  1.61129E-13  5.18674E-14
  3.400E+01  8.54812E-02  3.10055E-09  1.36192E-09  1.61136E-13  5.23755E-14
  3.450E+01  8.79369E-02  3.05283E-09  1.35663E-09  1.61099E-13  5.28741E-14
  3.500E+01  9.04240E-02  3.00567E-09  1.35132E-09  1.61021E-13  5.33631E-14
  3.550E+01  9.29422E-02  2.95909E-09  1.34598E-09  1.60903E-13  5.38425E-14
  3.600E+01  9.54915E-02  2.91309E-09  1.34060E-09  1.60746E-13  5.43124E-14
  3.650E+01  9.80716E-02  2.86767E-09  1.33521E-09  1.60552E-13  5.47727E-14
  3.700E+01  1.00682E-01  2.82284E-09  1.32979E-09  1.60323E-13  5.52235E-14
  3.750E+01  1.03323E-01  2.77860E-09  1.32434E-09  1.60059E-13  5.56647E-14
  3.800E+01  1.05995E-01  2.73496E-09  1.31887E-09  1.59762E-13  5.60964E-14
  3.850E+01  1.08696E-01  2.69191E-09  1.31339E-09  1.59434E-13  5.65185E-14
  3.900E+01  1.11427E-01  2.64946E-09  1.30788E-09  1.59076E-13  5.69312E-14
  3.950E+01  1.14188E-01  2.60761E-09  1.30236E-09  1.58690E-13  5.73345E-14
  4.000E+01  1.16978E-01  2.56636E-09  1.29682E-09  1.58275E-13  5.77283E-14
  4.050E+01  1.19797E-01  2.52570E-09  1.29126E-09  1.57835E-13  5.81127E-14
  4.100E+01  1.22645E-01  2.48564E-09  1.28569E-09  1.57369E-13  5.84877E-14
  4.150E+01  1.25522E-01  2.44617E-09  1.28011E-09  1.56879E-13  5.88534E-14
  4.200E+01  1.28428E-01  2.40730E-09  1.27452E-09  1.56367E-13  5.92098E-14
  4.250E+01  1.31361E-01  2.36901E-09  1.26892E-09  1.55832E-13  5.95570E-14
  4.300E+01  1.34323E-01  2.33130E-09  1.26330E-09  1.55277E-13  5.98949E-14
  4.350E+01  1.37313E-01  2.29418E-09  1.25768E-09  1.54703E-13  6.02237E-14
  4.400E+01  1.40330E-01  2.25764E-09  1.25205E-09  1.54109E-13  6.05433E-14
  4.450E+01  1.43375E-01  2.22166E-09  1.24642E-09  1.53498E-13  6.08539E-14
  4.500E+01  1.46447E-01  2.18626E-09  1.24078E-09  1.52870E-13  6.11554E-14
  4.550E+01  1.49545E-01  2.15142E-09  1.23514E-09  1.52227E-13  6.14480E-14
  4.600E+01  1.52671E-01  2.11714E-09  1.22950E-09  1.51568E-13  6.17316E-14
  4.650E+01  1.55823E-01  2.08341E-09  1.22386E-09  1.50894E-13  6.20064E-14
  4.700E+01  1.59001E-01  2.05023E-09  1.21821E-09  1.50208E-13  6.22724E-14
  4.750E+01  1.62205E-01  2.01759E-09  1.21257E-09  1.49509E-13  6.25297E-14
  4.800E+01  1.65435E-01  1.98549E-09  1.20693E-09  1.48798E-13  6.27782E-14
  4.850E+01  1.68690E-01  1.95391E-09  1.20129E-09  1.48075E-13  6.30182E-14
  4.900E+01  1.71970E-01  1.92286E-09  1.19565E-09  1.47343E-13  6.32496E-14
  4.950E+01  1.75276E-01  1.89232E-09  1.19002E-09  1.46600E-13  6.34725E-14
  5.000E+01  1.78606E-01  1.86230E-09  1.18440E-09  1.45848E-13  6.36870E-14
  5.050E+01  1.81961E-01  1.83278E-09  1.17878E-09  1.45088E-13  6.38931E-14
  5.100E+01  1.85340E-01  1.80376E-09  1.17317E-09  1.44319E-13  6.40909E-14
  5.150E+01  1.88743E-01  1.77522E-09  1.16756E-09  1.43544E-13  6.42805E-14
  5.200E+01  1.92169E-01  1.74717E-09  1.16197E-09  1.42761E-13  6.44620E-14
  5.250E+01  1.95619E-01  1.71960E-09  1.15638E-09  1.41972E-13  6.46354E-14
  5.300E+01  1.99092E-01  1.69249E-09  1.15081E-09  1.41177E-13  6.48008E-14
  5.350E+01  2.02589E-01  1.66585E-09  1.14525E-09  1.40377E-13  6.49582E-14
  5.400E+01  2.06107E-01  1.63967E-09  1.13970E-09  1.39572E-13  6.51079E-14
  5.450E+01  2.09649E-01  1.61394E-09  1.13416E-09  1.38762E-13  6.52497E-14
  5.500E+01  2.13212E-01  1.58864E-09  1.12864E-09  1.37949E-13  6.53838E-14
  5.550E+01  2.16797E-01  1.56379E-09  1.12313E-09  1.37132E-13  6.55103E-14
  5.600E+01  2.20404E-01  1.53936E-09  1.11763E-09  1.36311E-13  6.56292E-14
  5.650E+01  2.24032E-01  1.51535E-09  1.11215E-09  1.35488E-13  6.57407E-14
  5.700E+01  2.27680E-01  1.49176E-09  1.10669E-09  1.34662E-13  6.58448E-14
  5.750E+01  2.31350E-01  1.46858E-09  1.10125E-09  1.33834E-13  6.59415E-14
  5.800E+01  2.35040E-01  1.44580E-09  1.09582E-09  1.33004E-13  6.60310E-14
  5.850E+01  2.38751E-01  1.42342E-09  1.09041E-09  1.32173E-13  6.61133E-14
  5.900E+01  2.42481E-01  1.40142E-09  1.08502E-09  1.31340E-13  6.61886E-14
  5.950E+01  2.46231E-01  1.37981E-09  1.07965E-09  1.30507E-13  6.62568E-14
  6.000E+01  2.50000E-01  1.35857E-09  1.07429E-09  1.29673E-13  6.63182E-14
  6.050E+01  2.53788E-01  1.33770E-09  1.06896E-09  1.28838E-13  6.63726E-14
  6.100E+01  2.57595E-01  1.31720E-09  1.06365E-09  1.28003E-13  6.64203E-14
  6.150E+01  2.61421E-01  1.29705E-09  1.05836E-09  1.27168E-13  6.64613E-14
  6.200E+01  2.65264E-01  1.27725E-09  1.05309E-09  1.26334E-13  6.64957E-14
  6.250E+01  2.69126E-01  1.25780E-09  1.04785E-09  1.25500E-13  6.65236E-14
  6.300E+01  2.73005E-01  1.23869E-09  1.04262E-09  1.24666E-13  6.65450E-14
  6.350E+01  2.76901E-01  1.21991E-09  1.03742E-09  1.23834E-13  6.65600E-14
  6.400E+01  2.80814E-01  1.20145E-09  1.03225E-09  1.23003E-13  6.65687E-14
  6.450E+01  2.84744E-01  1.18332E-09  1.02709E-09  1.22173E-13  6.65712E-14
  6.500E+01  2.88691E-01  1.16550E-09  1.02197E-09  1.21344E-13  6.65676E-14
  6.550E+01  2.92653E-01  1.14799E-09  1.01686E-09  1.20517E-13  6.65579E-14
  6.600E+01  2.96632E-01  1.13079E-09  1.01178E-09  1.19691E-13  6.65422E-14
  6.650E+01  3.00625E-01  1.11388E-09  1.00673E-09  1.18868E-13  6.65206E-14
  6.700E+01  3.04634E-01  1.09727E-09  1.00170E-09  1.18046E-13  6.64931E-14
  6.750E+01  3.08658E-01  1.08095E-09  9.96699E-10  1.17227E-13  6.64599E-14
  6.800E+01  3.12697E-01  1.06491E-09  9.91723E-10  1.16409E-13  6.64211E-14
  6.850E+01  3.16749E-01  1.04915E-09  9.86773E-10  1.15594E-13  6.63766E-14
  6.900E+01  3.20816E-01  1.03366E-09  9.81851E-10  1.14782E-13  6.63266E-14
  6.950E+01  3.24896E-01  1.01843E-09  9.76955E-10  1.13972E-13  6.62711E-14
  7.000E+01  3.28990E-01  1.00347E-09  9.72086E-10  1.13165E-13  6.62103E-14
  7.050E+01  3.33097E-01  9.88773E-10  9.67245E-10  1.12360E-13  6.61441E-14
  7.100E+01  3.37216E-01  9.74326E-10  9.62431E-10  1.11558E-13  6.60727E-14
  7.150E+01  3.41348E-01  9.60127E-10  9.57646E-10  1.10759E-13  6.59962E-14
  7.200E+01  3.45492E-01  9.46173E-10  9.52888E-10  1.09963E-13  6.59145E-14
  7.250E+01  3.49647E-01  9.32458E-10  9.48159E-10  1.09170E-13  6.58279E-14
  7.300E+01  3.53814E-01  9.18979E-10  9.43458E-10  1.08380E-13  6.57363E-14
  7.350E+01  3.57992E-01  9.05731E-10  9.38785E-10  1.07594E-13  6.56398E-14
  7.400E+01  3.62181E-01  8.92710E-10  9.34142E-10  1.06810E-13  6.55386E-14
  7.450E+01  3.66381E-01  8.79911E-10  9.29527E-10  1.06030E-13  6.54325E-14
  7.500E+01  3.70590E-01  8.67331E-10  9.24942E-10  1.05253E-13  6.53219E-14
  7.550E+01  3.74810E-01  8.54966E-10  9.20385E-10  1.04479E-13  6.52066E-14
  7.600E+01  3.79039E-01  8.42811E-10  9.15858E-10  1.03709E-13  6.50868E-14
  7.650E+01  3.83277E-01  8.30863E-10  9.11360E-10  1.02942E-13  6.49625E-14
  7.700E+01  3.87524E-01  8.19118E-10  9.06892E-10  1.02178E-13  6.48338E-14
  7.750E+01  3.91780E-01  8.07573E-10  9.02453E-10  1.01419E-13  6.47008E-14
  7.800E+01  3.96044E-01  7.96223E-10  8.98044E-10  1.00662E-13  6.45636E-14
  7.850E+01  4.00316E-01  7.85065E-10  8.93664E-10  9.99092E-14  6.44221E-14
  7.900E+01  4.04596E-01  7.74095E-10  8.89314E-10  9.91599E-14  6.42765E-14
  7.950E+01  4.08882E-01  7.63311E-10  8.84994E-10  9.84141E-14  6.41268E-14
  8.000E+01  4.13176E-01  7.52709E-10  8.80704E-10  9.76719E-14  6.39731E-14
  8.050E+01  4.17476E-01  7.42284E-10  8.76444E-10  9.69334E-14  6.38155E-14
  8.100E+01  4.21783E-01  7.32035E-10  8.72214E-10  9.61984E-14  6.36540E-14
  8.150E+01  4.26095E-01  7.21958E-10  8.68014E-10  9.54671E-14  6.34886E-14
  8.200E+01  4.30413E-01  7.12050E-10  8.63844E-10  9.47394E-14  6.33195E-14
  8.250E+01  4.34737E-01  7.02307E-10  8.59704E-10  9.40154E-14  6.31466E-14
  8.300E+01  4.39065E-01  6.92727E-10  8.55593E-10  9.32950E-14  6.29701E-14
  8.350E+01  4.43398E-01  6.83306E-10  8.51513E-10  9.25783E-14  6.27900E-14
  8.400E+01  4.47736E-01  6.74043E-10  8.47463E-10  9.18653E-14  6.26064E-14
  8.450E+01  4.52077E-01  6.64934E-10  8.43443E-10  9.11559E-14  6.24193E-14
  8.500E+01  4.56422E-01  6.55975E-10  8.39453E-10  9.04501E-14  6.22288E-14
  8.550E+01  4.60770E-01  6.47165E-10  8.35493E-10  8.97480E-14  6.20349E-14
  8.600E+01  4.65122E-01  6.38501E-10  8.31563E-10  8.90496E-14  6.18376E-14
  8.650E+01  4.69476E-01  6.29981E-10  8.27663E-10  8.83548E-14  6.16372E-14
  8.700E+01  4.73832E-01  6.21600E-10  8.23792E-10  8.76637E-14  6.14335E-14
  8.750E+01  4.78190E-01  6.13358E-10  8.19952E-10  8.69762E-14  6.12266E-14
  8.800E+01  4.82550E-01  6.05251E-10  8.16141E-10  8.62923E-14  6.10167E-14
  8.850E+01  4.86912E-01  5.97278E-10  8.12360E-10  8.56120E-14  6.08036E-14
  8.900E+01  4.91274E-01  5.89435E-10  8.08609E-10  8.49353E-14  6.05876E-14
  8.950E+01  4.95637E-01  5.81721E-10  8.04887E-10  8.42622E-14  6.03687E-14
  9.000E+01  5.00000E-01  5.74133E-10  8.01195E-10  8.35927E-14  6.01468E-14
  9.050E+01  5.04363E-01  5.66669E-10  7.97532E-10  8.29268E-14  5.99220E-14
  9.100E+01  5.08726E-01  5.59326E-10  7.93899E-10  8.22644E-14  5.96945E-14
  9.150E+01  5.13088E-01  5.52103E-10  7.90296E-10  8.16055E-14  5.94642E-14
  9.200E+01  5.17450E-01  5.44997E-10  7.86721E-10  8.09502E-14  5.92312E-14
  9.250E+01  5.21810E-01  5.38007E-10  7.83176E-10  8.02983E-14  5.89955E-14
  9.300E+01  5.26168E-01  5.31130E-10  7.79660E-10  7.96500E-14  5.87571E-14
  9.350E+01  5.30524E-01  5.24365E-10  7.76173E-10  7.90051E-14  5.85162E-14
  9.400E+01  5.34878E-01  5.17708E-10  7.72715E-10  7.83637E-14  5.82728E-14
  9.450E+01  5.39230E-01  5.11160E-10  7.69286E-10  7.77257E-14  5.80269E-14
  9.500E+01  5.43578E-01  5.04716E-10  7.65885E-10  7.70911E-14  5.77785E-14
  9.550E+01  5.47923E-01  4.98377E-10  7.62514E-10  7.64599E-14  5.75277E-14
  9.600E+01  5.52264E-01  4.92139E-10  7.59171E-10  7.58321E-14  5.72745E-14
  9.650E+01  5.56602E-01  4.86002E-10  7.55856E-10  7.52076E-14  5.70190E-14
  9.700E+01  5.60935E-01  4.79963E-10  7.52570E-10  7.45865E-14  5.67612E-14
  9.750E+01  5.65263E-01  4.74021E-10  7.49312E-10  7.39687E-14  5.65012E-14
  9.800E+01  5.69587E-01  4.68173E-10  7.46082E-10  7.33541E-14  5.62389E-14
  9.850E+01  5.73905E-01  4.62420E-10  7.42881E-10  7.27429E-14  5.59745E-14
  9.900E+01  5.78217E-01  4.56758E-10  7.39707E-10  7.21349E-14  5.57080E-14
  9.950E+01  5.82524E-01  4.51186E-10  7.36561E-10  7.15301E-14  5.54393E-14
  1.000E+02  5.86824E-01  4.45703E-10  7.33443E-10  7.09284E-14  5.51686E-14
  1.005E+02  5.91118E-01  4.40307E-10  7.30353E-10  7.03300E-14  5.48959E-14
  1.010E+02  5.95404E-01  4.34997E-10  7.27290E-10  6.97347E-14  5.46212E-14
  1.015E+02  5.99684E-01  4.29771E-10  7.24254E-10  6.91426E-14  5.43445E-14
  1.020E+02  6.03956E-01  4.24628E-10  7.21246E-10  6.85536E-14  5.40659E-14
  1.025E+02  6.08220E-01  4.19566E-10  7.18265E-10  6.79676E-14  5.37855E-14
  1.030E+02  6.12476E-01  4.14584E-10  7.15311E-10  6.73847E-14  5.35031E-14
  1.035E+02  6.16723E-01  4.09681E-10  7.12383E-10  6.68048E-14  5.32190E-14
  1.040E+02  6.20961E-01  4.04856E-10  7.09483E-10  6.62280E-14  5.29331E-14
  1.045E+02  6.25190E-01  4.00106E-10  7.06609E-10  6.56541E-14  5.26454E-14
  1.050E+02  6.29410E-01  3.95431E-10  7.03762E-10  6.50832E-14  5.23560E-14
  1.055E+02  6.33619E-01  3.90830E-10  7.00941E-10  6.45152E-14  5.20649E-14
  1.060E+02  6.37819E-01  3.86302E-10  6.98147E-10  6.39501E-14  5.17722E-14
  1.065E+02  6.42008E-01  3.81844E-10  6.95379E-10  6.33880E-14  5.14778E-14
  1.070E+02  6.46186E-01  3.77457E-10  6.92636E-10  6.28286E-14  5.11818E-14
  1.075E+02  6.50353E-01  3.73138E-10  6.89920E-10  6.22722E-14  5.08843E-14
  1.080E+02  6.54508E-01  3.68887E-10  6.87230E-10  6.17185E-14  5.05852E-14
  1.085E+02  6.58652E-01  3.64702E-10  6.84565E-10  6.11676E-14  5.02846E-14
  1.090E+02  6.62784E-01  3.60584E-10  6.81925E-10  6.06195E-14  4.99825E-14
  1.095E+02  6.66903E-01  3.56529E-10  6.79311E-10  6.00741E-14  4.96789E-14
  1.100E+02  6.71010E-01  3.52538E-10  6.76723E-10  5.95314E-14  4.93739E-14
  1.105E+02  6.75104E-01  3.48610E-10  6.74159E-10  5.89915E-14  4.90675E-14
  1.110E+02  6.79184E-01  3.44743E-10  6.71621E-10  5.84541E-14  4.87597E-14
  1.115E+02  6.83251E-01  3.40936E-10  6.69107E-10  5.79195E-14  4.84506E-14
  1.120E+02  6.87303E-01  3.37188E-10  6.66618E-10  5.73874E-14  4.81401E-14
  1.125E+02  6.91342E-01  3.33500E-10  6.64154E-10  5.68579E-14  4.78284E-14
  1.130E+02  6.95366E-01  3.29868E-10  6.61714E-10  5.63310E-14  4.75153E-14
  1.135E+02  6.99375E-01  3.26294E-10  6.59299E-10  5.58066E-14  4.72010E-14
  1.140E+02  7.03368E-01  3.22775E-10  6.56908E-10  5.52848E-14  4.68854E-14
  1.145E+02  7.07347E-01  3.19311E-10  6.54541E-10  5.47654E-14  4.65687E-14
  1.150E+02  7.11309E-01  3.15901E-10  6.52198E-10  5.42485E-14  4.62507E-14
  1.155E+02  7.15256E-01  3.12544E-10  6.49879E-10  5.37340E-14  4.59316E-14
  1.160E+02  7.19186E-01  3.09240E-10  6.47584E-10  5.32220E-14  4.56114E-14
  1.165E+02  7.23099E-01  3.05987E-10  6.45312E-10  5.27123E-14  4.52900E-14
  1.170E+02  7.26995E-01  3.02785E-10  6.43064E-10  5.22050E-14  4.49675E-14
  1.175E+02  7.30874E-01  2.99633E-10  6.40839E-10  5.17001E-14  4.46439E-14
  1.180E+02  7.34736E-01  2.96530E-10  6.38637E-10  5.11974E-14  4.43193E-14
  1.185E+02  7.38579E-01  2.93475E-10  6.36459E-10  5.06971E-14  4.39936E-14
  1.190E+02  7.42405E-01  2.90468E-10  6.34303E-10  5.01990E-14  4.36669E-14
  1.195E+02  7.46212E-01  2.87509E-10  6.32170E-10  4.97032E-14  4.33392E-14
  1.200E+02  7.50000E-01  2.84595E-10  6.30060E-10  4.92096E-14  4.30106E-14
  1.205E+02  7.53769E-01  2.81727E-10  6.27973E-10  4.87182E-14  4.26809E-14
  1.210E+02  7.57519E-01  2.78904E-10  6.25908E-10  4.82290E-14  4.23503E-14
  1.215E+02  7.61249E-01  2.76125E-10  6.23866E-10  4.77419E-14  4.20188E-14
  1.220E+02  7.64960E-01  2.73390E-10  6.21845E-10  4.72570E-14  4.16864E-14
  1.225E+02  7.68650E-01  2.70698E-10  6.19847E-10  4.67742E-14  4.13531E-14
  1.230E+02  7.72320E-01  2.68047E-10  6.17871E-10  4.62934E-14  4.10189E-14
  1.235E+02  7.75968E-01  2.65439E-10  6.15917E-10  4.58147E-14  4.06839E-14
  1.240E+02  7.79596E-01  2.62872E-10  6.13984E-10  4.53381E-14  4.03480E-14
  1.245E+02  7.83203E-01  2.60345E-10  6.12074E-10  4.48635E-14  4.00113E-14
  1.250E+02  7.86788E-01  2.57858E-10  6.10184E-10  4.43908E-14  3.96738E-14
  1.255E+02  7.90351E-01  2.55410E-10  6.08316E-10  4.39201E-14  3.93355E-14
  1.260E+02  7.93893E-01  2.53001E-10  6.06470E-10  4.34514E-14  3.89964E-14
  1.265E+02  7.97411E-01  2.50630E-10  6.04644E-10  4.29846E-14  3.86565E-14
  1.270E+02  8.00908E-01  2.48297E-10  6.02840E-10  4.25197E-14  3.83159E-14
  1.275E+02  8.04381E-01  2.46001E-10  6.01057E-10  4.20566E-14  3.79746E-14
  1.280E+02  8.07831E-01  2.43741E-10  5.99294E-10  4.15955E-14  3.76326E-14
  1.285E+02  8.11257E-01  2.41518E-10  5.97553E-10  4.11361E-14  3.72898E-14
  1.290E+02  8.14660E-01  2.39330E-10  5.95831E-10  4.06786E-14  3.69464E-14
  1.295E+02  8.18039E-01  2.37177E-10  5.94131E-10  4.02229E-14  3.66023E-14
  1.300E+02  8.21394E-01  2.35059E-10  5.92451E-10  3.97689E-14  3.62575E-14
  1.305E+02  8.24724E-01  2.32975E-10  5.90791E-10  3.93167E-14  3.59121E-14
  1.310E+02  8.28030E-01  2.30924E-10  5.89151E-10  3.88662E-14  3.55660E-14
  1.315E+02  8.31310E-01  2.28907E-10  5.87531E-10  3.84174E-14  3.52194E-14
  1.320E+02  8.34565E-01  2.26922E-10  5.85932E-10  3.79702E-14  3.48721E-14
  1.325E+02  8.37795E-01  2.24970E-10  5.84352E-10  3.75248E-14  3.45242E-14
  1.330E+02  8.40999E-01  2.23050E-10  5.82792E-10  3.70810E-14  3.41757E-14
  1.335E+02  8.44177E-01  2.21161E-10  5.81252E-10  3.66388E-14  3.38267E-14
  1.340E+02  8.47329E-01  2.19303E-10  5.79731E-10  3.61982E-14  3.34770E-14
  1.345E+02  8.50455E-01  2.17475E-10  5.78230E-10  3.57592E-14  3.31269E-14
  1.350E+02  8.53553E-01  2.15678E-10  5.76748E-10  3.53217E-14  3.27762E-14
  1.355E+02  8.56625E-01  2.13911E-10  5.75285E-10  3.48858E-14  3.24250E-14
  1.360E+02  8.59670E-01  2.12173E-10  5.73842E-10  3.44514E-14  3.20732E-14
  1.365E+02  8.62687E-01  2.10464E-10  5.72418E-10  3.40185E-14  3.17210E-14
  1.370E+02  8.65677E-01  2.08784E-10  5.71012E-10  3.35871E-14  3.13682E-14
  1.375E+02  8.68639E-01  2.07133E-10  5.69626E-10  3.31571E-14  3.10150E-14
  1.380E+02  8.71572E-01  2.05509E-10  5.68258E-10  3.27285E-14  3.06613E-14
  1.385E+02  8.74478E-01  2.03913E-10  5.66909E-10  3.23014E-14  3.03071E-14
  1.390E+02  8.77355E-01  2.02344E-10  5.65579E-10  3.18757E-14  2.99525E-14
  1.395E+02  8.80203E-01  2.00802E-10  5.64268E-10  3.14513E-14  2.95974E-14
  1.400E+02  8.83022E-01  1.99287E-10  5.62974E-10  3.10283E-14  2.92419E-14
  1.405E+02  8.85812E-01  1.97798E-10  5.61699E-10  3.06067E-14  2.88860E-14
  1.410E+02  8.88573E-01  1.96335E-10  5.60443E-10  3.01863E-14  2.85296E-14
  1.415E+02  8.91304E-01  1.94898E-10  5.59204E-10  2.97673E-14  2.81728E-14
  1.420E+02  8.94005E-01  1.93486E-10  5.57984E-10  2.93495E-14  2.78157E-14
  1.425E+02  8.96677E-01  1.92099E-10  5.56782E-10  2.89330E-14  2.74581E-14
  1.430E+02  8.99318E-01  1.90737E-10  5.55597E-10  2.85177E-14  2.71002E-14
  1.435E+02  9.01928E-01  1.89400E-10  5.54431E-10  2.81037E-14  2.67419E-14
  1.440E+02  9.04508E-01  1.88087E-10  5.53282E-10  2.76909E-14  2.63832E-14
  1.445E+02  9.07058E-01  1.86797E-10  5.52151E-10  2.72792E-14  2.60242E-14
  1.450E+02  9.09576E-01  1.85532E-10  5.51037E-10  2.68687E-14  2.56648E-14
  1.455E+02  9.12063E-01  1.84290E-10  5.49942E-10  2.64594E-14  2.53050E-14
  1.460E+02  9.14519E-01  1.83071E-10  5.48863E-10  2.60512E-14  2.49450E-14
  1.465E+02  9.16943E-01  1.81875E-10  5.47802E-10  2.56441E-14  2.45846E-14
  1.470E+02  9.19335E-01  1.80701E-10  5.46759E-10  2.52380E-14  2.42239E-14
  1.475E+02  9.21696E-01  1.79550E-10  5.45732E-10  2.48331E-14  2.38629E-14
  1.480E+02  9.24024E-01  1.78422E-10  5.44723E-10  2.44292E-14  2.35015E-14
  1.485E+02  9.26320E-01  1.77315E-10  5.43731E-10  2.40264E-14  2.31399E-14
  1.490E+02  9.28584E-01  1.76230E-10  5.42756E-10  2.36246E-14  2.27780E-14
  1.495E+02  9.30815E-01  1.75166E-10  5.41798E-10  2.32237E-14  2.24158E-14
  1.500E+02  9.33013E-01  1.74124E-10  5.40856E-10  2.28239E-14  2.20533E-14
  1.505E+02  9.35178E-01  1.73103E-10  5.39932E-10  2.24250E-14  2.16906E-14
  1.510E+02  9.37310E-01  1.72103E-10  5.39024E-10  2.20271E-14  2.13276E-14
  1.515E+02  9.39409E-01  1.71123E-10  5.38133E-10  2.16301E-14  2.09643E-14
  1.520E+02  9.41474E-01  1.70164E-10  5.37259E-10  2.12340E-14  2.06008E-14
  1.525E+02  9.43505E-01  1.69226E-10  5.36402E-10  2.08389E-14  2.02370E-14
  1.530E+02  9.45503E-01  1.68307E-10  5.35560E-10  2.04446E-14  1.98730E-14
  1.535E+02  9.47467E-01  1.67408E-10  5.34736E-10  2.00511E-14  1.95087E-14
  1.540E+02  9.49397E-01  1.66529E-10  5.33928E-10  1.96585E-14  1.91443E-14
  1.545E+02  9.51293E-01  1.65670E-10  5.33136E-10  1.92668E-14  1.87796E-14
  1.550E+02  9.53154E-01  1.64830E-10  5.32360E-10  1.88758E-14  1.84147E-14
  1.555E+02  9.54981E-01  1.64009E-10  5.31601E-10  1.84856E-14  1.80496E-14
  1.560E+02  9.56773E-01  1.63207E-10  5.30858E-10  1.80963E-14  1.76842E-14
  1.565E+02  9.58530E-01  1.62425E-10  5.30131E-10  1.77076E-14  1.73187E-14
  1.570E+02  9.60252E-01  1.61661E-10  5.29420E-10  1.73197E-14  1.69530E-14
  1.575E+02  9.61940E-01  1.60915E-10  5.28725E-10  1.69326E-14  1.65871E-14
  1.580E+02  9.63592E-01  1.60188E-10  5.28046E-10  1.65461E-14  1.62210E-14
  1.585E+02  9.65209E-01  1.59479E-10  5.27383E-10  1.61604E-14  1.58547E-14
  1.590E+02  9.66790E-01  1.58789E-10  5.26736E-10  1.57753E-14  1.54883E-14
  1.595E+02  9.68336E-01  1.58116E-10  5.26105E-10  1.53909E-14  1.51217E-14
  1.600E+02  9.69846E-01  1.57462E-10  5.25490E-10  1.50071E-14  1.47549E-14
  1.605E+02  9.71321E-01  1.56825E-10  5.24890E-10  1.46240E-14  1.43880E-14
  1.610E+02  9.72759E-01  1.56206E-10  5.24306E-10  1.42414E-14  1.40209E-14
  1.615E+02  9.74162E-01  1.55604E-10  5.23738E-10  1.38595E-14  1.36537E-14
  1.620E+02  9.75528E-01  1.55020E-10  5.23185E-10  1.34781E-14  1.32863E-14
  1.625E+02  9.76858E-01  1.54453E-10  5.22648E-10  1.30973E-14  1.29188E-14
  1.630E+02  9.78152E-01  1.53904E-10  5.22127E-10  1.27170E-14  1.25511E-14
  1.635E+02  9.79410E-01  1.53371E-10  5.21621E-10  1.23373E-14  1.21834E-14
  1.640E+02  9.80631E-01  1.52855E-10  5.21130E-10  1.19581E-14  1.18155E-14
  1.645E+02  9.81815E-01  1.52357E-10  5.20655E-10  1.15794E-14  1.14474E-14
  1.650E+02  9.82963E-01  1.51875E-10  5.20196E-10  1.12011E-14  1.10793E-14
  1.655E+02  9.84074E-01  1.51409E-10  5.19752E-10  1.08234E-14  1.07110E-14
  1.660E+02  9.85148E-01  1.50961E-10  5.19323E-10  1.04460E-14  1.03426E-14
  1.665E+02  9.86185E-01  1.50528E-10  5.18909E-10  1.00691E-14  9.97417E-15
  1.670E+02  9.87185E-01  1.50113E-10  5.18511E-10  9.69267E-15  9.60560E-15
  1.675E+02  9.88148E-01  1.49713E-10  5.18128E-10  9.31660E-15  9.23693E-15
  1.680E+02  9.89074E-01  1.49330E-10  5.17760E-10  8.94092E-15  8.86816E-15
  1.685E+02  9.89962E-01  1.48963E-10  5.17408E-10  8.56561E-15  8.49931E-15
  1.690E+02  9.90814E-01  1.48612E-10  5.17071E-10  8.19065E-15  8.13037E-15
  1.695E+02  9.91627E-01  1.48278E-10  5.16748E-10  7.81604E-15  7.76135E-15
  1.700E+02  9.92404E-01  1.47959E-10  5.16441E-10  7.44174E-15  7.39226E-15
  1.705E+02  9.93143E-01  1.47656E-10  5.16150E-10  7.06776E-15  7.02309E-15
  1.710E+02  9.93844E-01  1.47369E-10  5.15873E-10  6.69406E-15  6.65385E-15
  1.715E+02  9.94508E-01  1.47098E-10  5.15611E-10  6.32065E-15  6.28455E-15
  1.720E+02  9.95134E-01  1.46842E-10  5.15364E-10  5.94749E-15  5.91519E-15
  1.725E+02  9.95722E-01  1.46603E-10  5.15133E-10  5.57459E-15  5.54576E-15
  1.730E+02  9.96273E-01  1.46379E-10  5.14916E-10  5.20191E-15  5.17629E-15
  1.735E+02  9.96786E-01  1.46170E-10  5.14714E-10  4.82945E-15  4.80676E-15
  1.740E+02  9.97261E-01  1.45978E-10  5.14528E-10  4.45718E-15  4.43719E-15
  1.745E+02  9.97698E-01  1.45801E-10  5.14356E-10  4.08510E-15  4.06757E-15
  1.750E+02  9.98097E-01  1.45639E-10  5.14200E-10  3.71320E-15  3.69792E-15
  1.755E+02  9.98459E-01  1.45493E-10  5.14058E-10  3.34144E-15  3.32823E-15
  1.760E+02  9.98782E-01  1.45362E-10  5.13931E-10  2.96982E-15  2.95851E-15
  1.765E+02  9.99067E-01  1.45247E-10  5.13819E-10  2.59832E-15  2.58876E-15
  1.770E+02  9.99315E-01  1.45147E-10  5.13722E-10  2.22694E-15  2.21898E-15
  1.775E+02  9.99524E-01  1.45062E-10  5.13640E-10  1.85564E-15  1.84918E-15
  1.780E+02  9.99695E-01  1.44993E-10  5.13573E-10  1.48442E-15  1.47937E-15
  1.785E+02  9.99829E-01  1.44940E-10  5.13521E-10  1.11326E-15  1.10954E-15
  1.790E+02  9.99924E-01  1.44901E-10  5.13484E-10  7.42149E-16  7.39697E-16
  1.795E+02  9.99981E-01  1.44878E-10  5.13461E-10  3.71067E-16  3.69851E-16
  1.800E+02  1.00000E+00  1.44870E-10  5.13454E-10  5.20730E-30  5.19028E-30
