 #  Scattering amplitudes (in cm)      MU=(1-cos(TH))/2
 #  Z =   1,   projectile: electron
 #  Kinetic energy = 2.08000E+02 eV
 #
 # TH (deg)      MU          Re(F)        Im(F)        Re(G)        Im(G)
 #--------------------------------------------------------------------------
  0.000E+00  0.00000E+00  5.58710E-09  8.61966E-10  0.00000E+00  0.00000E+00
  1.000E-04  7.61557E-13  5.58710E-09  8.61966E-10  2.07445E-18  2.86953E-19
  1.250E-04  1.18994E-12  5.58710E-09  8.61966E-10  2.59306E-18  3.58691E-19
  1.500E-04  1.71346E-12  5.58710E-09  8.61966E-10  3.11168E-18  4.30430E-19
  1.750E-04  2.33225E-12  5.58710E-09  8.61966E-10  3.63029E-18  5.02168E-19
  2.000E-04  3.04617E-12  5.58710E-09  8.61966E-10  4.14890E-18  5.73906E-19
  2.250E-04  3.85530E-12  5.58710E-09  8.61966E-10  4.66751E-18  6.45645E-19
  2.500E-04  4.75964E-12  5.58710E-09  8.61966E-10  5.18613E-18  7.17383E-19
  2.750E-04  5.75917E-12  5.58710E-09  8.61966E-10  5.70474E-18  7.89121E-19
  3.000E-04  6.85391E-12  5.58710E-09  8.61966E-10  6.22335E-18  8.60859E-19
  3.250E-04  8.04379E-12  5.58710E-09  8.61966E-10  6.74197E-18  9.32598E-19
  3.500E-04  9.32893E-12  5.58710E-09  8.61966E-10  7.26058E-18  1.00434E-18
  3.750E-04  1.07092E-11  5.58710E-09  8.61966E-10  7.77919E-18  1.07607E-18
  4.000E-04  1.21847E-11  5.58710E-09  8.61966E-10  8.29780E-18  1.14781E-18
  4.250E-04  1.37554E-11  5.58710E-09  8.61966E-10  8.81642E-18  1.21955E-18
  4.500E-04  1.54213E-11  5.58710E-09  8.61966E-10  9.33503E-18  1.29129E-18
  4.750E-04  1.71823E-11  5.58710E-09  8.61966E-10  9.85364E-18  1.36303E-18
  5.000E-04  1.90386E-11  5.58710E-09  8.61966E-10  1.03723E-17  1.43477E-18
  5.250E-04  2.09900E-11  5.58710E-09  8.61966E-10  1.08909E-17  1.50650E-18
  5.500E-04  2.30367E-11  5.58710E-09  8.61966E-10  1.14095E-17  1.57824E-18
  5.750E-04  2.51785E-11  5.58710E-09  8.61966E-10  1.19281E-17  1.64998E-18
  6.000E-04  2.74156E-11  5.58710E-09  8.61966E-10  1.24467E-17  1.72172E-18
  6.250E-04  2.97478E-11  5.58710E-09  8.61966E-10  1.29653E-17  1.79346E-18
  6.500E-04  3.21752E-11  5.58710E-09  8.61966E-10  1.34839E-17  1.86520E-18
  6.750E-04  3.46979E-11  5.58710E-09  8.61966E-10  1.40025E-17  1.93693E-18
  7.000E-04  3.73157E-11  5.58710E-09  8.61966E-10  1.45212E-17  2.00867E-18
  7.250E-04  4.00286E-11  5.58710E-09  8.61966E-10  1.50398E-17  2.08041E-18
  7.500E-04  4.28368E-11  5.58710E-09  8.61966E-10  1.55584E-17  2.15215E-18
  7.750E-04  4.57402E-11  5.58710E-09  8.61966E-10  1.60770E-17  2.22389E-18
  8.000E-04  4.87388E-11  5.58710E-09  8.61966E-10  1.65956E-17  2.29563E-18
  8.250E-04  5.18325E-11  5.58710E-09  8.61966E-10  1.71142E-17  2.36736E-18
  8.500E-04  5.50215E-11  5.58710E-09  8.61966E-10  1.76328E-17  2.43910E-18
  8.750E-04  5.83057E-11  5.58710E-09  8.61966E-10  1.81514E-17  2.51084E-18
  9.000E-04  6.16850E-11  5.58710E-09  8.61966E-10  1.86701E-17  2.58258E-18
  9.250E-04  6.51595E-11  5.58710E-09  8.61966E-10  1.91887E-17  2.65432E-18
  9.500E-04  6.87293E-11  5.58710E-09  8.61966E-10  1.97073E-17  2.72606E-18
  9.750E-04  7.23943E-11  5.58710E-09  8.61966E-10  2.02259E-17  2.79779E-18
  1.000E-03  7.61544E-11  5.58710E-09  8.61966E-10  2.07445E-17  2.86953E-18
  1.250E-03  1.18991E-10  5.58710E-09  8.61966E-10  2.59306E-17  3.58691E-18
  1.500E-03  1.71347E-10  5.58710E-09  8.61966E-10  3.11168E-17  4.30430E-18
  1.750E-03  2.33223E-10  5.58710E-09  8.61966E-10  3.63029E-17  5.02168E-18
  2.000E-03  3.04617E-10  5.58710E-09  8.61966E-10  4.14890E-17  5.73906E-18
  2.250E-03  3.85531E-10  5.58710E-09  8.61966E-10  4.66751E-17  6.45645E-18
  2.500E-03  4.75965E-10  5.58710E-09  8.61966E-10  5.18613E-17  7.17383E-18
  2.750E-03  5.75917E-10  5.58710E-09  8.61966E-10  5.70474E-17  7.89121E-18
  3.000E-03  6.85389E-10  5.58710E-09  8.61966E-10  6.22335E-17  8.60859E-18
  3.250E-03  8.04380E-10  5.58710E-09  8.61966E-10  6.74197E-17  9.32598E-18
  3.500E-03  9.32891E-10  5.58710E-09  8.61966E-10  7.26058E-17  1.00434E-17
  3.750E-03  1.07092E-09  5.58710E-09  8.61966E-10  7.77919E-17  1.07607E-17
  4.000E-03  1.21847E-09  5.58710E-09  8.61966E-10  8.29780E-17  1.14781E-17
  4.250E-03  1.37554E-09  5.58710E-09  8.61966E-10  8.81642E-17  1.21955E-17
  4.500E-03  1.54213E-09  5.58710E-09  8.61966E-10  9.33503E-17  1.29129E-17
  4.750E-03  1.71823E-09  5.58710E-09  8.61966E-10  9.85364E-17  1.36303E-17
  5.000E-03  1.90386E-09  5.58710E-09  8.61966E-10  1.03723E-16  1.43477E-17
  5.250E-03  2.09900E-09  5.58710E-09  8.61966E-10  1.08909E-16  1.50650E-17
  5.500E-03  2.30367E-09  5.58710E-09  8.61966E-10  1.14095E-16  1.57824E-17
  5.750E-03  2.51785E-09  5.58710E-09  8.61966E-10  1.19281E-16  1.64998E-17
  6.000E-03  2.74156E-09  5.58710E-09  8.61966E-10  1.24467E-16  1.72172E-17
  6.250E-03  2.97478E-09  5.58710E-09  8.61966E-10  1.29653E-16  1.79346E-17
  6.500E-03  3.21752E-09  5.58710E-09  8.61966E-10  1.34839E-16  1.86520E-17
  6.750E-03  3.46978E-09  5.58710E-09  8.61966E-10  1.40025E-16  1.93693E-17
  7.000E-03  3.73156E-09  5.58710E-09  8.61966E-10  1.45212E-16  2.00867E-17
  7.250E-03  4.00286E-09  5.58710E-09  8.61966E-10  1.50398E-16  2.08041E-17
  7.500E-03  4.28368E-09  5.58710E-09  8.61966E-10  1.55584E-16  2.15215E-17
  7.750E-03  4.57402E-09  5.58710E-09  8.61966E-10  1.60770E-16  2.22389E-17
  8.000E-03  4.87388E-09  5.58710E-09  8.61966E-10  1.65956E-16  2.29563E-17
  8.250E-03  5.18326E-09  5.58710E-09  8.61966E-10  1.71142E-16  2.36736E-17
  8.500E-03  5.50215E-09  5.58710E-09  8.61966E-10  1.76328E-16  2.43910E-17
  8.750E-03  5.83057E-09  5.58710E-09  8.61966E-10  1.81514E-16  2.51084E-17
  9.000E-03  6.16850E-09  5.58710E-09  8.61966E-10  1.86701E-16  2.58258E-17
  9.250E-03  6.51596E-09  5.58710E-09  8.61966E-10  1.91887E-16  2.65432E-17
  9.500E-03  6.87293E-09  5.58710E-09  8.61966E-10  1.97073E-16  2.72605E-17
  9.750E-03  7.23942E-09  5.58710E-09  8.61966E-10  2.02259E-16  2.79779E-17
  1.000E-02  7.61544E-09  5.58710E-09  8.61966E-10  2.07445E-16  2.86953E-17
  1.250E-02  1.18991E-08  5.58710E-09  8.61966E-10  2.59306E-16  3.58691E-17
  1.500E-02  1.71347E-08  5.58710E-09  8.61966E-10  3.11168E-16  4.30430E-17
  1.750E-02  2.33223E-08  5.58710E-09  8.61966E-10  3.63029E-16  5.02168E-17
  2.000E-02  3.04617E-08  5.58710E-09  8.61966E-10  4.14890E-16  5.73906E-17
  2.250E-02  3.85531E-08  5.58709E-09  8.61966E-10  4.66751E-16  6.45644E-17
  2.500E-02  4.75965E-08  5.58709E-09  8.61966E-10  5.18612E-16  7.17383E-17
  2.750E-02  5.75917E-08  5.58709E-09  8.61966E-10  5.70473E-16  7.89121E-17
  3.000E-02  6.85389E-08  5.58709E-09  8.61966E-10  6.22334E-16  8.60859E-17
  3.250E-02  8.04380E-08  5.58709E-09  8.61966E-10  6.74195E-16  9.32597E-17
  3.500E-02  9.32891E-08  5.58709E-09  8.61966E-10  7.26056E-16  1.00434E-16
  3.750E-02  1.07092E-07  5.58709E-09  8.61966E-10  7.77917E-16  1.07607E-16
  4.000E-02  1.21847E-07  5.58708E-09  8.61966E-10  8.29778E-16  1.14781E-16
  4.250E-02  1.37554E-07  5.58708E-09  8.61966E-10  8.81639E-16  1.21955E-16
  4.500E-02  1.54213E-07  5.58708E-09  8.61966E-10  9.33500E-16  1.29129E-16
  4.750E-02  1.71823E-07  5.58708E-09  8.61966E-10  9.85360E-16  1.36303E-16
  5.000E-02  1.90386E-07  5.58707E-09  8.61966E-10  1.03722E-15  1.43476E-16
  5.250E-02  2.09900E-07  5.58707E-09  8.61966E-10  1.08908E-15  1.50650E-16
  5.500E-02  2.30367E-07  5.58707E-09  8.61965E-10  1.14094E-15  1.57824E-16
  5.750E-02  2.51785E-07  5.58707E-09  8.61965E-10  1.19280E-15  1.64998E-16
  6.000E-02  2.74156E-07  5.58706E-09  8.61965E-10  1.24466E-15  1.72172E-16
  6.250E-02  2.97478E-07  5.58706E-09  8.61965E-10  1.29652E-15  1.79345E-16
  6.500E-02  3.21752E-07  5.58706E-09  8.61965E-10  1.34838E-15  1.86519E-16
  6.750E-02  3.46978E-07  5.58705E-09  8.61965E-10  1.40024E-15  1.93693E-16
  7.000E-02  3.73156E-07  5.58705E-09  8.61965E-10  1.45210E-15  2.00867E-16
  7.250E-02  4.00286E-07  5.58705E-09  8.61965E-10  1.50396E-15  2.08041E-16
  7.500E-02  4.28368E-07  5.58704E-09  8.61965E-10  1.55582E-15  2.15214E-16
  7.750E-02  4.57402E-07  5.58704E-09  8.61965E-10  1.60768E-15  2.22388E-16
  8.000E-02  4.87388E-07  5.58703E-09  8.61964E-10  1.65954E-15  2.29562E-16
  8.250E-02  5.18325E-07  5.58703E-09  8.61964E-10  1.71140E-15  2.36736E-16
  8.500E-02  5.50215E-07  5.58703E-09  8.61964E-10  1.76326E-15  2.43910E-16
  8.750E-02  5.83057E-07  5.58702E-09  8.61964E-10  1.81512E-15  2.51083E-16
  9.000E-02  6.16850E-07  5.58702E-09  8.61964E-10  1.86698E-15  2.58257E-16
  9.250E-02  6.51596E-07  5.58701E-09  8.61964E-10  1.91884E-15  2.65431E-16
  9.500E-02  6.87293E-07  5.58701E-09  8.61964E-10  1.97070E-15  2.72605E-16
  9.750E-02  7.23942E-07  5.58700E-09  8.61963E-10  2.02256E-15  2.79778E-16
  1.000E-01  7.61543E-07  5.58700E-09  8.61963E-10  2.07441E-15  2.86952E-16
  1.250E-01  1.18991E-06  5.58694E-09  8.61962E-10  2.59299E-15  3.58689E-16
  1.500E-01  1.71347E-06  5.58687E-09  8.61960E-10  3.11155E-15  4.30426E-16
  1.750E-01  2.33223E-06  5.58679E-09  8.61957E-10  3.63009E-15  5.02162E-16
  2.000E-01  3.04617E-06  5.58670E-09  8.61954E-10  4.14860E-15  5.73897E-16
  2.250E-01  3.85531E-06  5.58659E-09  8.61951E-10  4.66709E-15  6.45632E-16
  2.500E-01  4.75964E-06  5.58647E-09  8.61947E-10  5.18555E-15  7.17365E-16
  2.750E-01  5.75916E-06  5.58633E-09  8.61943E-10  5.70397E-15  7.89098E-16
  3.000E-01  6.85388E-06  5.58619E-09  8.61939E-10  6.22235E-15  8.60829E-16
  3.250E-01  8.04378E-06  5.58603E-09  8.61934E-10  6.74069E-15  9.32559E-16
  3.500E-01  9.32888E-06  5.58586E-09  8.61929E-10  7.25899E-15  1.00429E-15
  3.750E-01  1.07092E-05  5.58568E-09  8.61924E-10  7.77723E-15  1.07602E-15
  4.000E-01  1.21846E-05  5.58548E-09  8.61918E-10  8.29543E-15  1.14774E-15
  4.250E-01  1.37553E-05  5.58527E-09  8.61911E-10  8.81357E-15  1.21947E-15
  4.500E-01  1.54212E-05  5.58505E-09  8.61905E-10  9.33165E-15  1.29119E-15
  4.750E-01  1.71822E-05  5.58482E-09  8.61898E-10  9.84966E-15  1.36291E-15
  5.000E-01  1.90385E-05  5.58457E-09  8.61890E-10  1.03676E-14  1.43463E-15
  5.250E-01  2.09899E-05  5.58431E-09  8.61883E-10  1.08855E-14  1.50634E-15
  5.500E-01  2.30365E-05  5.58404E-09  8.61874E-10  1.14033E-14  1.57806E-15
  5.750E-01  2.51783E-05  5.58376E-09  8.61866E-10  1.19210E-14  1.64977E-15
  6.000E-01  2.74153E-05  5.58346E-09  8.61857E-10  1.24387E-14  1.72148E-15
  6.250E-01  2.97475E-05  5.58315E-09  8.61848E-10  1.29563E-14  1.79318E-15
  6.500E-01  3.21749E-05  5.58283E-09  8.61838E-10  1.34737E-14  1.86489E-15
  6.750E-01  3.46974E-05  5.58249E-09  8.61828E-10  1.39911E-14  1.93659E-15
  7.000E-01  3.73152E-05  5.58215E-09  8.61818E-10  1.45084E-14  2.00829E-15
  7.250E-01  4.00281E-05  5.58179E-09  8.61807E-10  1.50256E-14  2.07998E-15
  7.500E-01  4.28362E-05  5.58142E-09  8.61795E-10  1.55427E-14  2.15168E-15
  7.750E-01  4.57395E-05  5.58103E-09  8.61784E-10  1.60597E-14  2.22337E-15
  8.000E-01  4.87380E-05  5.58063E-09  8.61772E-10  1.65766E-14  2.29505E-15
  8.250E-01  5.18317E-05  5.58022E-09  8.61760E-10  1.70934E-14  2.36674E-15
  8.500E-01  5.50205E-05  5.57980E-09  8.61747E-10  1.76100E-14  2.43842E-15
  8.750E-01  5.83045E-05  5.57937E-09  8.61734E-10  1.81266E-14  2.51009E-15
  9.000E-01  6.16838E-05  5.57892E-09  8.61720E-10  1.86430E-14  2.58176E-15
  9.250E-01  6.51582E-05  5.57846E-09  8.61706E-10  1.91593E-14  2.65343E-15
  9.500E-01  6.87277E-05  5.57798E-09  8.61692E-10  1.96755E-14  2.72510E-15
  9.750E-01  7.23925E-05  5.57750E-09  8.61678E-10  2.01915E-14  2.79676E-15
  1.000E+00  7.61524E-05  5.57700E-09  8.61663E-10  2.07074E-14  2.86841E-15
  1.100E+00  9.21439E-05  5.57488E-09  8.61599E-10  2.27696E-14  3.15500E-15
  1.200E+00  1.09658E-04  5.57257E-09  8.61529E-10  2.48294E-14  3.44151E-15
  1.300E+00  1.28695E-04  5.57005E-09  8.61453E-10  2.68865E-14  3.72794E-15
  1.400E+00  1.49255E-04  5.56734E-09  8.61371E-10  2.89407E-14  4.01428E-15
  1.500E+00  1.71338E-04  5.56442E-09  8.61283E-10  3.09918E-14  4.30053E-15
  1.600E+00  1.94942E-04  5.56131E-09  8.61189E-10  3.30397E-14  4.58668E-15
  1.700E+00  2.20070E-04  5.55800E-09  8.61089E-10  3.50840E-14  4.87272E-15
  1.800E+00  2.46720E-04  5.55450E-09  8.60983E-10  3.71246E-14  5.15865E-15
  1.900E+00  2.74892E-04  5.55079E-09  8.60871E-10  3.91612E-14  5.44445E-15
  2.000E+00  3.04586E-04  5.54690E-09  8.60753E-10  4.11937E-14  5.73013E-15
  2.100E+00  3.35803E-04  5.54280E-09  8.60629E-10  4.32219E-14  6.01568E-15
  2.200E+00  3.68542E-04  5.53852E-09  8.60498E-10  4.52454E-14  6.30109E-15
  2.300E+00  4.02802E-04  5.53404E-09  8.60362E-10  4.72642E-14  6.58635E-15
  2.400E+00  4.38585E-04  5.52937E-09  8.60220E-10  4.92780E-14  6.87146E-15
  2.500E+00  4.75889E-04  5.52451E-09  8.60072E-10  5.12866E-14  7.15640E-15
  2.600E+00  5.14715E-04  5.51945E-09  8.59918E-10  5.32898E-14  7.44118E-15
  2.700E+00  5.55063E-04  5.51421E-09  8.59757E-10  5.52874E-14  7.72579E-15
  2.800E+00  5.96931E-04  5.50878E-09  8.59591E-10  5.72793E-14  8.01022E-15
  2.900E+00  6.40321E-04  5.50316E-09  8.59419E-10  5.92651E-14  8.29446E-15
  3.000E+00  6.85233E-04  5.49735E-09  8.59241E-10  6.12448E-14  8.57851E-15
  3.100E+00  7.31665E-04  5.49136E-09  8.59057E-10  6.32180E-14  8.86236E-15
  3.200E+00  7.79618E-04  5.48518E-09  8.58867E-10  6.51847E-14  9.14601E-15
  3.300E+00  8.29092E-04  5.47883E-09  8.58671E-10  6.71447E-14  9.42944E-15
  3.400E+00  8.80086E-04  5.47228E-09  8.58469E-10  6.90977E-14  9.71266E-15
  3.500E+00  9.32601E-04  5.46556E-09  8.58261E-10  7.10436E-14  9.99565E-15
  3.600E+00  9.86636E-04  5.45866E-09  8.58047E-10  7.29822E-14  1.02784E-14
  3.700E+00  1.04219E-03  5.45158E-09  8.57828E-10  7.49132E-14  1.05609E-14
  3.800E+00  1.09927E-03  5.44432E-09  8.57602E-10  7.68366E-14  1.08432E-14
  3.900E+00  1.15786E-03  5.43689E-09  8.57371E-10  7.87522E-14  1.11252E-14
  4.000E+00  1.21797E-03  5.42928E-09  8.57134E-10  8.06597E-14  1.14070E-14
  4.100E+00  1.27961E-03  5.42150E-09  8.56891E-10  8.25590E-14  1.16885E-14
  4.200E+00  1.34276E-03  5.41355E-09  8.56642E-10  8.44500E-14  1.19697E-14
  4.300E+00  1.40743E-03  5.40542E-09  8.56387E-10  8.63324E-14  1.22507E-14
  4.400E+00  1.47362E-03  5.39713E-09  8.56126E-10  8.82061E-14  1.25314E-14
  4.500E+00  1.54133E-03  5.38867E-09  8.55860E-10  9.00710E-14  1.28118E-14
  4.600E+00  1.61056E-03  5.38005E-09  8.55587E-10  9.19269E-14  1.30919E-14
  4.700E+00  1.68131E-03  5.37125E-09  8.55309E-10  9.37735E-14  1.33717E-14
  4.800E+00  1.75357E-03  5.36230E-09  8.55026E-10  9.56109E-14  1.36512E-14
  4.900E+00  1.82735E-03  5.35319E-09  8.54736E-10  9.74387E-14  1.39303E-14
  5.000E+00  1.90265E-03  5.34391E-09  8.54441E-10  9.92569E-14  1.42092E-14
  5.100E+00  1.97947E-03  5.33448E-09  8.54139E-10  1.01065E-13  1.44877E-14
  5.200E+00  2.05780E-03  5.32489E-09  8.53833E-10  1.02864E-13  1.47659E-14
  5.300E+00  2.13765E-03  5.31514E-09  8.53520E-10  1.04652E-13  1.50438E-14
  5.400E+00  2.21902E-03  5.30524E-09  8.53202E-10  1.06431E-13  1.53213E-14
  5.500E+00  2.30190E-03  5.29519E-09  8.52878E-10  1.08199E-13  1.55985E-14
  5.600E+00  2.38630E-03  5.28499E-09  8.52548E-10  1.09956E-13  1.58753E-14
  5.700E+00  2.47222E-03  5.27464E-09  8.52213E-10  1.11703E-13  1.61518E-14
  5.800E+00  2.55965E-03  5.26415E-09  8.51872E-10  1.13439E-13  1.64278E-14
  5.900E+00  2.64859E-03  5.25351E-09  8.51525E-10  1.15164E-13  1.67036E-14
  6.000E+00  2.73905E-03  5.24273E-09  8.51173E-10  1.16879E-13  1.69789E-14
  6.100E+00  2.83103E-03  5.23180E-09  8.50815E-10  1.18582E-13  1.72538E-14
  6.200E+00  2.92452E-03  5.22074E-09  8.50452E-10  1.20274E-13  1.75284E-14
  6.300E+00  3.01952E-03  5.20953E-09  8.50083E-10  1.21954E-13  1.78026E-14
  6.400E+00  3.11604E-03  5.19820E-09  8.49709E-10  1.23624E-13  1.80763E-14
  6.500E+00  3.21407E-03  5.18672E-09  8.49329E-10  1.25281E-13  1.83497E-14
  6.600E+00  3.31362E-03  5.17512E-09  8.48943E-10  1.26928E-13  1.86226E-14
  6.700E+00  3.41468E-03  5.16338E-09  8.48552E-10  1.28562E-13  1.88951E-14
  6.800E+00  3.51725E-03  5.15152E-09  8.48155E-10  1.30184E-13  1.91672E-14
  6.900E+00  3.62133E-03  5.13953E-09  8.47753E-10  1.31795E-13  1.94389E-14
  7.000E+00  3.72692E-03  5.12741E-09  8.47346E-10  1.33394E-13  1.97101E-14
  7.100E+00  3.83403E-03  5.11517E-09  8.46933E-10  1.34980E-13  1.99809E-14
  7.200E+00  3.94265E-03  5.10281E-09  8.46515E-10  1.36554E-13  2.02512E-14
  7.300E+00  4.05278E-03  5.09034E-09  8.46091E-10  1.38116E-13  2.05211E-14
  7.400E+00  4.16442E-03  5.07774E-09  8.45662E-10  1.39666E-13  2.07905E-14
  7.500E+00  4.27757E-03  5.06503E-09  8.45227E-10  1.41203E-13  2.10595E-14
  7.600E+00  4.39223E-03  5.05220E-09  8.44787E-10  1.42728E-13  2.13280E-14
  7.700E+00  4.50840E-03  5.03926E-09  8.44342E-10  1.44240E-13  2.15960E-14
  7.800E+00  4.62608E-03  5.02622E-09  8.43892E-10  1.45739E-13  2.18635E-14
  7.900E+00  4.74527E-03  5.01306E-09  8.43436E-10  1.47226E-13  2.21306E-14
  8.000E+00  4.86597E-03  4.99980E-09  8.42975E-10  1.48700E-13  2.23971E-14
  8.100E+00  4.98817E-03  4.98644E-09  8.42509E-10  1.50161E-13  2.26632E-14
  8.200E+00  5.11188E-03  4.97297E-09  8.42037E-10  1.51609E-13  2.29287E-14
  8.300E+00  5.23711E-03  4.95940E-09  8.41560E-10  1.53044E-13  2.31938E-14
  8.400E+00  5.36383E-03  4.94574E-09  8.41078E-10  1.54467E-13  2.34583E-14
  8.500E+00  5.49207E-03  4.93198E-09  8.40591E-10  1.55876E-13  2.37223E-14
  8.600E+00  5.62181E-03  4.91812E-09  8.40099E-10  1.57272E-13  2.39858E-14
  8.700E+00  5.75306E-03  4.90417E-09  8.39602E-10  1.58655E-13  2.42488E-14
  8.800E+00  5.88581E-03  4.89013E-09  8.39099E-10  1.60025E-13  2.45113E-14
  8.900E+00  6.02007E-03  4.87601E-09  8.38592E-10  1.61381E-13  2.47732E-14
  9.000E+00  6.15583E-03  4.86179E-09  8.38079E-10  1.62725E-13  2.50345E-14
  9.100E+00  6.29310E-03  4.84750E-09  8.37561E-10  1.64055E-13  2.52953E-14
  9.200E+00  6.43187E-03  4.83312E-09  8.37038E-10  1.65371E-13  2.55556E-14
  9.300E+00  6.57214E-03  4.81865E-09  8.36511E-10  1.66675E-13  2.58153E-14
  9.400E+00  6.71392E-03  4.80411E-09  8.35978E-10  1.67965E-13  2.60745E-14
  9.500E+00  6.85720E-03  4.78950E-09  8.35440E-10  1.69242E-13  2.63330E-14
  9.600E+00  7.00198E-03  4.77480E-09  8.34897E-10  1.70505E-13  2.65910E-14
  9.700E+00  7.14827E-03  4.76004E-09  8.34350E-10  1.71755E-13  2.68485E-14
  9.800E+00  7.29605E-03  4.74520E-09  8.33797E-10  1.72991E-13  2.71053E-14
  9.900E+00  7.44534E-03  4.73029E-09  8.33240E-10  1.74214E-13  2.73616E-14
  1.000E+01  7.59612E-03  4.71532E-09  8.32678E-10  1.75424E-13  2.76173E-14
  1.025E+01  7.97965E-03  4.67760E-09  8.31251E-10  1.78389E-13  2.82538E-14
  1.050E+01  8.37255E-03  4.63950E-09  8.29795E-10  1.81270E-13  2.88866E-14
  1.075E+01  8.77480E-03  4.60104E-09  8.28309E-10  1.84067E-13  2.95156E-14
  1.100E+01  9.18641E-03  4.56226E-09  8.26794E-10  1.86780E-13  3.01406E-14
  1.125E+01  9.60736E-03  4.52319E-09  8.25250E-10  1.89410E-13  3.07617E-14
  1.150E+01  1.00376E-02  4.48384E-09  8.23678E-10  1.91956E-13  3.13787E-14
  1.175E+01  1.04773E-02  4.44425E-09  8.22078E-10  1.94420E-13  3.19916E-14
  1.200E+01  1.09262E-02  4.40444E-09  8.20451E-10  1.96801E-13  3.26003E-14
  1.225E+01  1.13844E-02  4.36444E-09  8.18796E-10  1.99100E-13  3.32048E-14
  1.250E+01  1.18520E-02  4.32428E-09  8.17115E-10  2.01318E-13  3.38050E-14
  1.275E+01  1.23288E-02  4.28397E-09  8.15407E-10  2.03456E-13  3.44008E-14
  1.300E+01  1.28150E-02  4.24355E-09  8.13673E-10  2.05514E-13  3.49923E-14
  1.325E+01  1.33104E-02  4.20303E-09  8.11913E-10  2.07493E-13  3.55793E-14
  1.350E+01  1.38150E-02  4.16244E-09  8.10129E-10  2.09394E-13  3.61618E-14
  1.375E+01  1.43290E-02  4.12180E-09  8.08319E-10  2.11217E-13  3.67398E-14
  1.400E+01  1.48521E-02  4.08114E-09  8.06486E-10  2.12965E-13  3.73132E-14
  1.425E+01  1.53845E-02  4.04047E-09  8.04628E-10  2.14637E-13  3.78819E-14
  1.450E+01  1.59262E-02  3.99981E-09  8.02747E-10  2.16235E-13  3.84459E-14
  1.475E+01  1.64770E-02  3.95918E-09  8.00843E-10  2.17760E-13  3.90052E-14
  1.500E+01  1.70371E-02  3.91861E-09  7.98916E-10  2.19213E-13  3.95598E-14
  1.525E+01  1.76063E-02  3.87811E-09  7.96967E-10  2.20595E-13  4.01095E-14
  1.550E+01  1.81848E-02  3.83769E-09  7.94996E-10  2.21908E-13  4.06544E-14
  1.575E+01  1.87724E-02  3.79738E-09  7.93004E-10  2.23152E-13  4.11944E-14
  1.600E+01  1.93692E-02  3.75719E-09  7.90991E-10  2.24329E-13  4.17295E-14
  1.625E+01  1.99751E-02  3.71714E-09  7.88957E-10  2.25440E-13  4.22596E-14
  1.650E+01  2.05901E-02  3.67723E-09  7.86903E-10  2.26487E-13  4.27848E-14
  1.675E+01  2.12143E-02  3.63750E-09  7.84830E-10  2.27470E-13  4.33049E-14
  1.700E+01  2.18476E-02  3.59794E-09  7.82737E-10  2.28391E-13  4.38200E-14
  1.725E+01  2.24900E-02  3.55857E-09  7.80626E-10  2.29251E-13  4.43300E-14
  1.750E+01  2.31415E-02  3.51941E-09  7.78496E-10  2.30052E-13  4.48349E-14
  1.775E+01  2.38021E-02  3.48046E-09  7.76349E-10  2.30794E-13  4.53348E-14
  1.800E+01  2.44717E-02  3.44174E-09  7.74184E-10  2.31480E-13  4.58294E-14
  1.825E+01  2.51504E-02  3.40326E-09  7.72002E-10  2.32110E-13  4.63190E-14
  1.850E+01  2.58382E-02  3.36502E-09  7.69803E-10  2.32686E-13  4.68033E-14
  1.875E+01  2.65349E-02  3.32704E-09  7.67588E-10  2.33209E-13  4.72825E-14
  1.900E+01  2.72407E-02  3.28933E-09  7.65357E-10  2.33680E-13  4.77564E-14
  1.925E+01  2.79555E-02  3.25189E-09  7.63111E-10  2.34102E-13  4.82251E-14
  1.950E+01  2.86793E-02  3.21473E-09  7.60850E-10  2.34474E-13  4.86886E-14
  1.975E+01  2.94120E-02  3.17786E-09  7.58575E-10  2.34798E-13  4.91468E-14
  2.000E+01  3.01537E-02  3.14128E-09  7.56285E-10  2.35076E-13  4.95998E-14
  2.025E+01  3.09043E-02  3.10501E-09  7.53982E-10  2.35309E-13  5.00475E-14
  2.050E+01  3.16639E-02  3.06904E-09  7.51666E-10  2.35498E-13  5.04900E-14
  2.075E+01  3.24324E-02  3.03339E-09  7.49336E-10  2.35644E-13  5.09271E-14
  2.100E+01  3.32098E-02  2.99805E-09  7.46995E-10  2.35749E-13  5.13590E-14
  2.125E+01  3.39961E-02  2.96304E-09  7.44641E-10  2.35814E-13  5.17855E-14
  2.150E+01  3.47912E-02  2.92835E-09  7.42276E-10  2.35839E-13  5.22068E-14
  2.175E+01  3.55952E-02  2.89399E-09  7.39900E-10  2.35827E-13  5.26228E-14
  2.200E+01  3.64081E-02  2.85996E-09  7.37513E-10  2.35778E-13  5.30335E-14
  2.225E+01  3.72297E-02  2.82627E-09  7.35115E-10  2.35694E-13  5.34389E-14
  2.250E+01  3.80602E-02  2.79292E-09  7.32708E-10  2.35575E-13  5.38391E-14
  2.275E+01  3.88995E-02  2.75991E-09  7.30291E-10  2.35422E-13  5.42339E-14
  2.300E+01  3.97476E-02  2.72724E-09  7.27865E-10  2.35238E-13  5.46235E-14
  2.325E+01  4.06044E-02  2.69491E-09  7.25430E-10  2.35022E-13  5.50078E-14
  2.350E+01  4.14700E-02  2.66293E-09  7.22986E-10  2.34776E-13  5.53868E-14
  2.375E+01  4.23443E-02  2.63130E-09  7.20535E-10  2.34502E-13  5.57606E-14
  2.400E+01  4.32273E-02  2.60001E-09  7.18076E-10  2.34199E-13  5.61291E-14
  2.425E+01  4.41190E-02  2.56907E-09  7.15609E-10  2.33868E-13  5.64925E-14
  2.450E+01  4.50194E-02  2.53847E-09  7.13136E-10  2.33512E-13  5.68505E-14
  2.475E+01  4.59284E-02  2.50823E-09  7.10656E-10  2.33131E-13  5.72034E-14
  2.500E+01  4.68461E-02  2.47833E-09  7.08170E-10  2.32725E-13  5.75511E-14
  2.550E+01  4.87074E-02  2.41957E-09  7.03181E-10  2.31844E-13  5.82309E-14
  2.600E+01  5.06030E-02  2.36218E-09  6.98172E-10  2.30876E-13  5.88902E-14
  2.650E+01  5.25328E-02  2.30617E-09  6.93145E-10  2.29829E-13  5.95290E-14
  2.700E+01  5.44967E-02  2.25151E-09  6.88102E-10  2.28708E-13  6.01475E-14
  2.750E+01  5.64946E-02  2.19820E-09  6.83048E-10  2.27519E-13  6.07459E-14
  2.800E+01  5.85262E-02  2.14621E-09  6.77983E-10  2.26268E-13  6.13244E-14
  2.850E+01  6.05914E-02  2.09553E-09  6.72911E-10  2.24960E-13  6.18831E-14
  2.900E+01  6.26901E-02  2.04614E-09  6.67834E-10  2.23600E-13  6.24223E-14
  2.950E+01  6.48222E-02  1.99802E-09  6.62755E-10  2.22194E-13  6.29421E-14
  3.000E+01  6.69873E-02  1.95114E-09  6.57675E-10  2.20745E-13  6.34429E-14
  3.050E+01  6.91854E-02  1.90548E-09  6.52597E-10  2.19258E-13  6.39248E-14
  3.100E+01  7.14163E-02  1.86102E-09  6.47523E-10  2.17737E-13  6.43880E-14
  3.150E+01  7.36799E-02  1.81774E-09  6.42454E-10  2.16185E-13  6.48329E-14
  3.200E+01  7.59760E-02  1.77560E-09  6.37394E-10  2.14607E-13  6.52596E-14
  3.250E+01  7.83043E-02  1.73459E-09  6.32343E-10  2.13004E-13  6.56684E-14
  3.300E+01  8.06647E-02  1.69467E-09  6.27304E-10  2.11381E-13  6.60596E-14
  3.350E+01  8.30571E-02  1.65583E-09  6.22279E-10  2.09741E-13  6.64335E-14
  3.400E+01  8.54812E-02  1.61803E-09  6.17268E-10  2.08085E-13  6.67903E-14
  3.450E+01  8.79369E-02  1.58125E-09  6.12274E-10  2.06417E-13  6.71303E-14
  3.500E+01  9.04240E-02  1.54547E-09  6.07299E-10  2.04738E-13  6.74538E-14
  3.550E+01  9.29422E-02  1.51065E-09  6.02343E-10  2.03051E-13  6.77610E-14
  3.600E+01  9.54915E-02  1.47678E-09  5.97408E-10  2.01358E-13  6.80523E-14
  3.650E+01  9.80716E-02  1.44383E-09  5.92495E-10  1.99661E-13  6.83279E-14
  3.700E+01  1.00682E-01  1.41177E-09  5.87606E-10  1.97962E-13  6.85881E-14
  3.750E+01  1.03323E-01  1.38058E-09  5.82742E-10  1.96261E-13  6.88332E-14
  3.800E+01  1.05995E-01  1.35024E-09  5.77904E-10  1.94561E-13  6.90634E-14
  3.850E+01  1.08696E-01  1.32072E-09  5.73093E-10  1.92862E-13  6.92792E-14
  3.900E+01  1.11427E-01  1.29201E-09  5.68311E-10  1.91167E-13  6.94807E-14
  3.950E+01  1.14188E-01  1.26406E-09  5.63557E-10  1.89476E-13  6.96682E-14
  4.000E+01  1.16978E-01  1.23688E-09  5.58834E-10  1.87790E-13  6.98421E-14
  4.050E+01  1.19797E-01  1.21043E-09  5.54141E-10  1.86111E-13  7.00026E-14
  4.100E+01  1.22645E-01  1.18469E-09  5.49480E-10  1.84439E-13  7.01500E-14
  4.150E+01  1.25522E-01  1.15964E-09  5.44852E-10  1.82774E-13  7.02845E-14
  4.200E+01  1.28428E-01  1.13526E-09  5.40256E-10  1.81119E-13  7.04065E-14
  4.250E+01  1.31361E-01  1.11154E-09  5.35695E-10  1.79473E-13  7.05162E-14
  4.300E+01  1.34323E-01  1.08845E-09  5.31168E-10  1.77836E-13  7.06139E-14
  4.350E+01  1.37313E-01  1.06597E-09  5.26676E-10  1.76211E-13  7.06999E-14
  4.400E+01  1.40330E-01  1.04409E-09  5.22219E-10  1.74596E-13  7.07744E-14
  4.450E+01  1.43375E-01  1.02280E-09  5.17799E-10  1.72993E-13  7.08377E-14
  4.500E+01  1.46447E-01  1.00206E-09  5.13414E-10  1.71401E-13  7.08900E-14
  4.550E+01  1.49545E-01  9.81868E-10  5.09067E-10  1.69822E-13  7.09317E-14
  4.600E+01  1.52671E-01  9.62206E-10  5.04757E-10  1.68255E-13  7.09629E-14
  4.650E+01  1.55823E-01  9.43058E-10  5.00484E-10  1.66702E-13  7.09840E-14
  4.700E+01  1.59001E-01  9.24409E-10  4.96249E-10  1.65161E-13  7.09952E-14
  4.750E+01  1.62205E-01  9.06244E-10  4.92052E-10  1.63633E-13  7.09966E-14
  4.800E+01  1.65435E-01  8.88549E-10  4.87893E-10  1.62119E-13  7.09886E-14
  4.850E+01  1.68690E-01  8.71309E-10  4.83773E-10  1.60618E-13  7.09714E-14
  4.900E+01  1.71970E-01  8.54512E-10  4.79691E-10  1.59131E-13  7.09452E-14
  4.950E+01  1.75276E-01  8.38144E-10  4.75648E-10  1.57658E-13  7.09103E-14
  5.000E+01  1.78606E-01  8.22194E-10  4.71644E-10  1.56198E-13  7.08669E-14
  5.050E+01  1.81961E-01  8.06647E-10  4.67679E-10  1.54753E-13  7.08151E-14
  5.100E+01  1.85340E-01  7.91494E-10  4.63752E-10  1.53321E-13  7.07553E-14
  5.150E+01  1.88743E-01  7.76721E-10  4.59865E-10  1.51903E-13  7.06876E-14
  5.200E+01  1.92169E-01  7.62319E-10  4.56016E-10  1.50500E-13  7.06122E-14
  5.250E+01  1.95619E-01  7.48276E-10  4.52206E-10  1.49110E-13  7.05293E-14
  5.300E+01  1.99092E-01  7.34582E-10  4.48435E-10  1.47734E-13  7.04392E-14
  5.350E+01  2.02589E-01  7.21226E-10  4.44703E-10  1.46372E-13  7.03420E-14
  5.400E+01  2.06107E-01  7.08200E-10  4.41010E-10  1.45023E-13  7.02380E-14
  5.450E+01  2.09649E-01  6.95493E-10  4.37355E-10  1.43689E-13  7.01272E-14
  5.500E+01  2.13212E-01  6.83096E-10  4.33739E-10  1.42368E-13  7.00100E-14
  5.550E+01  2.16797E-01  6.71000E-10  4.30162E-10  1.41061E-13  6.98864E-14
  5.600E+01  2.20404E-01  6.59197E-10  4.26622E-10  1.39767E-13  6.97567E-14
  5.650E+01  2.24032E-01  6.47678E-10  4.23121E-10  1.38487E-13  6.96211E-14
  5.700E+01  2.27680E-01  6.36436E-10  4.19657E-10  1.37220E-13  6.94796E-14
  5.750E+01  2.31350E-01  6.25462E-10  4.16231E-10  1.35966E-13  6.93325E-14
  5.800E+01  2.35040E-01  6.14749E-10  4.12843E-10  1.34725E-13  6.91799E-14
  5.850E+01  2.38751E-01  6.04290E-10  4.09492E-10  1.33498E-13  6.90220E-14
  5.900E+01  2.42481E-01  5.94076E-10  4.06178E-10  1.32283E-13  6.88589E-14
  5.950E+01  2.46231E-01  5.84103E-10  4.02902E-10  1.31081E-13  6.86908E-14
  6.000E+01  2.50000E-01  5.74362E-10  3.99661E-10  1.29891E-13  6.85179E-14
  6.050E+01  2.53788E-01  5.64847E-10  3.96457E-10  1.28714E-13  6.83402E-14
  6.100E+01  2.57595E-01  5.55552E-10  3.93290E-10  1.27550E-13  6.81579E-14
  6.150E+01  2.61421E-01  5.46472E-10  3.90158E-10  1.26398E-13  6.79712E-14
  6.200E+01  2.65264E-01  5.37599E-10  3.87061E-10  1.25257E-13  6.77802E-14
  6.250E+01  2.69126E-01  5.28929E-10  3.84001E-10  1.24129E-13  6.75850E-14
  6.300E+01  2.73005E-01  5.20456E-10  3.80975E-10  1.23012E-13  6.73857E-14
  6.350E+01  2.76901E-01  5.12175E-10  3.77984E-10  1.21908E-13  6.71825E-14
  6.400E+01  2.80814E-01  5.04079E-10  3.75027E-10  1.20814E-13  6.69755E-14
  6.450E+01  2.84744E-01  4.96165E-10  3.72105E-10  1.19732E-13  6.67648E-14
  6.500E+01  2.88691E-01  4.88428E-10  3.69216E-10  1.18662E-13  6.65505E-14
  6.550E+01  2.92653E-01  4.80862E-10  3.66361E-10  1.17602E-13  6.63327E-14
  6.600E+01  2.96632E-01  4.73464E-10  3.63539E-10  1.16553E-13  6.61116E-14
  6.650E+01  3.00625E-01  4.66228E-10  3.60751E-10  1.15516E-13  6.58872E-14
  6.700E+01  3.04634E-01  4.59151E-10  3.57995E-10  1.14489E-13  6.56597E-14
  6.750E+01  3.08658E-01  4.52228E-10  3.55271E-10  1.13472E-13  6.54291E-14
  6.800E+01  3.12697E-01  4.45455E-10  3.52580E-10  1.12466E-13  6.51956E-14
  6.850E+01  3.16749E-01  4.38829E-10  3.49920E-10  1.11470E-13  6.49592E-14
  6.900E+01  3.20816E-01  4.32345E-10  3.47292E-10  1.10484E-13  6.47200E-14
  6.950E+01  3.24896E-01  4.26000E-10  3.44695E-10  1.09509E-13  6.44781E-14
  7.000E+01  3.28990E-01  4.19790E-10  3.42128E-10  1.08543E-13  6.42337E-14
  7.050E+01  3.33097E-01  4.13712E-10  3.39592E-10  1.07587E-13  6.39868E-14
  7.100E+01  3.37216E-01  4.07762E-10  3.37086E-10  1.06640E-13  6.37374E-14
  7.150E+01  3.41348E-01  4.01938E-10  3.34610E-10  1.05703E-13  6.34857E-14
  7.200E+01  3.45492E-01  3.96235E-10  3.32164E-10  1.04775E-13  6.32318E-14
  7.250E+01  3.49647E-01  3.90652E-10  3.29747E-10  1.03857E-13  6.29756E-14
  7.300E+01  3.53814E-01  3.85184E-10  3.27359E-10  1.02947E-13  6.27174E-14
  7.350E+01  3.57992E-01  3.79829E-10  3.24999E-10  1.02046E-13  6.24571E-14
  7.400E+01  3.62181E-01  3.74585E-10  3.22668E-10  1.01155E-13  6.21949E-14
  7.450E+01  3.66381E-01  3.69448E-10  3.20364E-10  1.00272E-13  6.19307E-14
  7.500E+01  3.70590E-01  3.64416E-10  3.18089E-10  9.93970E-14  6.16647E-14
  7.550E+01  3.74810E-01  3.59486E-10  3.15840E-10  9.85309E-14  6.13970E-14
  7.600E+01  3.79039E-01  3.54656E-10  3.13619E-10  9.76731E-14  6.11276E-14
  7.650E+01  3.83277E-01  3.49923E-10  3.11424E-10  9.68235E-14  6.08565E-14
  7.700E+01  3.87524E-01  3.45285E-10  3.09256E-10  9.59820E-14  6.05838E-14
  7.750E+01  3.91780E-01  3.40739E-10  3.07114E-10  9.51485E-14  6.03096E-14
  7.800E+01  3.96044E-01  3.36284E-10  3.04998E-10  9.43228E-14  6.00339E-14
  7.850E+01  4.00316E-01  3.31918E-10  3.02907E-10  9.35048E-14  5.97568E-14
  7.900E+01  4.04596E-01  3.27637E-10  3.00842E-10  9.26944E-14  5.94784E-14
  7.950E+01  4.08882E-01  3.23441E-10  2.98801E-10  9.18916E-14  5.91986E-14
  8.000E+01  4.13176E-01  3.19326E-10  2.96785E-10  9.10962E-14  5.89176E-14
  8.050E+01  4.17476E-01  3.15292E-10  2.94794E-10  9.03080E-14  5.86354E-14
  8.100E+01  4.21783E-01  3.11336E-10  2.92826E-10  8.95271E-14  5.83520E-14
  8.150E+01  4.26095E-01  3.07457E-10  2.90883E-10  8.87532E-14  5.80675E-14
  8.200E+01  4.30413E-01  3.03652E-10  2.88963E-10  8.79863E-14  5.77819E-14
  8.250E+01  4.34737E-01  2.99921E-10  2.87066E-10  8.72263E-14  5.74953E-14
  8.300E+01  4.39065E-01  2.96260E-10  2.85192E-10  8.64731E-14  5.72077E-14
  8.350E+01  4.43398E-01  2.92669E-10  2.83341E-10  8.57266E-14  5.69191E-14
  8.400E+01  4.47736E-01  2.89147E-10  2.81512E-10  8.49866E-14  5.66296E-14
  8.450E+01  4.52077E-01  2.85691E-10  2.79706E-10  8.42531E-14  5.63393E-14
  8.500E+01  4.56422E-01  2.82299E-10  2.77921E-10  8.35260E-14  5.60481E-14
  8.550E+01  4.60770E-01  2.78972E-10  2.76158E-10  8.28052E-14  5.57562E-14
  8.600E+01  4.65122E-01  2.75706E-10  2.74416E-10  8.20906E-14  5.54634E-14
  8.650E+01  4.69476E-01  2.72501E-10  2.72695E-10  8.13822E-14  5.51700E-14
  8.700E+01  4.73832E-01  2.69356E-10  2.70996E-10  8.06797E-14  5.48758E-14
  8.750E+01  4.78190E-01  2.66269E-10  2.69316E-10  7.99832E-14  5.45810E-14
  8.800E+01  4.82550E-01  2.63238E-10  2.67658E-10  7.92926E-14  5.42855E-14
  8.850E+01  4.86912E-01  2.60263E-10  2.66019E-10  7.86077E-14  5.39894E-14
  8.900E+01  4.91274E-01  2.57342E-10  2.64400E-10  7.79285E-14  5.36928E-14
  8.950E+01  4.95637E-01  2.54475E-10  2.62801E-10  7.72549E-14  5.33956E-14
  9.000E+01  5.00000E-01  2.51659E-10  2.61221E-10  7.65868E-14  5.30979E-14
  9.050E+01  5.04363E-01  2.48894E-10  2.59660E-10  7.59242E-14  5.27997E-14
  9.100E+01  5.08726E-01  2.46180E-10  2.58118E-10  7.52669E-14  5.25010E-14
  9.150E+01  5.13088E-01  2.43513E-10  2.56595E-10  7.46149E-14  5.22019E-14
  9.200E+01  5.17450E-01  2.40895E-10  2.55091E-10  7.39681E-14  5.19024E-14
  9.250E+01  5.21810E-01  2.38323E-10  2.53604E-10  7.33264E-14  5.16025E-14
  9.300E+01  5.26168E-01  2.35797E-10  2.52136E-10  7.26898E-14  5.13022E-14
  9.350E+01  5.30524E-01  2.33315E-10  2.50685E-10  7.20581E-14  5.10016E-14
  9.400E+01  5.34878E-01  2.30878E-10  2.49253E-10  7.14314E-14  5.07006E-14
  9.450E+01  5.39230E-01  2.28483E-10  2.47837E-10  7.08095E-14  5.03993E-14
  9.500E+01  5.43578E-01  2.26130E-10  2.46439E-10  7.01924E-14  5.00978E-14
  9.550E+01  5.47923E-01  2.23818E-10  2.45057E-10  6.95800E-14  4.97959E-14
  9.600E+01  5.52264E-01  2.21547E-10  2.43692E-10  6.89722E-14  4.94938E-14
  9.650E+01  5.56602E-01  2.19315E-10  2.42344E-10  6.83690E-14  4.91915E-14
  9.700E+01  5.60935E-01  2.17122E-10  2.41013E-10  6.77702E-14  4.88890E-14
  9.750E+01  5.65263E-01  2.14967E-10  2.39697E-10  6.71759E-14  4.85863E-14
  9.800E+01  5.69587E-01  2.12848E-10  2.38397E-10  6.65860E-14  4.82834E-14
  9.850E+01  5.73905E-01  2.10766E-10  2.37114E-10  6.60004E-14  4.79803E-14
  9.900E+01  5.78217E-01  2.08720E-10  2.35845E-10  6.54190E-14  4.76771E-14
  9.950E+01  5.82524E-01  2.06709E-10  2.34593E-10  6.48418E-14  4.73737E-14
  1.000E+02  5.86824E-01  2.04732E-10  2.33355E-10  6.42688E-14  4.70702E-14
  1.005E+02  5.91118E-01  2.02788E-10  2.32132E-10  6.36998E-14  4.67666E-14
  1.010E+02  5.95404E-01  2.00877E-10  2.30925E-10  6.31348E-14  4.64630E-14
  1.015E+02  5.99684E-01  1.98999E-10  2.29732E-10  6.25737E-14  4.61592E-14
  1.020E+02  6.03956E-01  1.97152E-10  2.28553E-10  6.20166E-14  4.58554E-14
  1.025E+02  6.08220E-01  1.95336E-10  2.27389E-10  6.14633E-14  4.55515E-14
  1.030E+02  6.12476E-01  1.93551E-10  2.26239E-10  6.09138E-14  4.52475E-14
  1.035E+02  6.16723E-01  1.91796E-10  2.25103E-10  6.03680E-14  4.49436E-14
  1.040E+02  6.20961E-01  1.90069E-10  2.23981E-10  5.98258E-14  4.46396E-14
  1.045E+02  6.25190E-01  1.88372E-10  2.22873E-10  5.92873E-14  4.43356E-14
  1.050E+02  6.29410E-01  1.86702E-10  2.21778E-10  5.87524E-14  4.40316E-14
  1.055E+02  6.33619E-01  1.85061E-10  2.20696E-10  5.82210E-14  4.37276E-14
  1.060E+02  6.37819E-01  1.83446E-10  2.19628E-10  5.76930E-14  4.34236E-14
  1.065E+02  6.42008E-01  1.81858E-10  2.18573E-10  5.71685E-14  4.31196E-14
  1.070E+02  6.46186E-01  1.80296E-10  2.17530E-10  5.66474E-14  4.28157E-14
  1.075E+02  6.50353E-01  1.78760E-10  2.16501E-10  5.61295E-14  4.25118E-14
  1.080E+02  6.54508E-01  1.77249E-10  2.15484E-10  5.56150E-14  4.22080E-14
  1.085E+02  6.58652E-01  1.75763E-10  2.14479E-10  5.51037E-14  4.19042E-14
  1.090E+02  6.62784E-01  1.74301E-10  2.13487E-10  5.45955E-14  4.16005E-14
  1.095E+02  6.66903E-01  1.72862E-10  2.12507E-10  5.40905E-14  4.12969E-14
  1.100E+02  6.71010E-01  1.71447E-10  2.11540E-10  5.35886E-14  4.09933E-14
  1.105E+02  6.75104E-01  1.70055E-10  2.10584E-10  5.30898E-14  4.06899E-14
  1.110E+02  6.79184E-01  1.68686E-10  2.09639E-10  5.25939E-14  4.03865E-14
  1.115E+02  6.83251E-01  1.67339E-10  2.08707E-10  5.21010E-14  4.00832E-14
  1.120E+02  6.87303E-01  1.66013E-10  2.07786E-10  5.16111E-14  3.97800E-14
  1.125E+02  6.91342E-01  1.64709E-10  2.06876E-10  5.11240E-14  3.94770E-14
  1.130E+02  6.95366E-01  1.63426E-10  2.05978E-10  5.06397E-14  3.91740E-14
  1.135E+02  6.99375E-01  1.62164E-10  2.05091E-10  5.01583E-14  3.88712E-14
  1.140E+02  7.03368E-01  1.60922E-10  2.04215E-10  4.96796E-14  3.85685E-14
  1.145E+02  7.07347E-01  1.59699E-10  2.03350E-10  4.92036E-14  3.82659E-14
  1.150E+02  7.11309E-01  1.58497E-10  2.02495E-10  4.87304E-14  3.79635E-14
  1.155E+02  7.15256E-01  1.57313E-10  2.01651E-10  4.82597E-14  3.76612E-14
  1.160E+02  7.19186E-01  1.56149E-10  2.00818E-10  4.77917E-14  3.73590E-14
  1.165E+02  7.23099E-01  1.55003E-10  1.99995E-10  4.73262E-14  3.70570E-14
  1.170E+02  7.26995E-01  1.53876E-10  1.99183E-10  4.68633E-14  3.67551E-14
  1.175E+02  7.30874E-01  1.52766E-10  1.98381E-10  4.64028E-14  3.64534E-14
  1.180E+02  7.34736E-01  1.51674E-10  1.97589E-10  4.59449E-14  3.61518E-14
  1.185E+02  7.38579E-01  1.50600E-10  1.96806E-10  4.54893E-14  3.58504E-14
  1.190E+02  7.42405E-01  1.49542E-10  1.96034E-10  4.50361E-14  3.55492E-14
  1.195E+02  7.46212E-01  1.48502E-10  1.95272E-10  4.45853E-14  3.52481E-14
  1.200E+02  7.50000E-01  1.47478E-10  1.94519E-10  4.41368E-14  3.49472E-14
  1.205E+02  7.53769E-01  1.46470E-10  1.93776E-10  4.36906E-14  3.46465E-14
  1.210E+02  7.57519E-01  1.45479E-10  1.93042E-10  4.32467E-14  3.43459E-14
  1.215E+02  7.61249E-01  1.44503E-10  1.92318E-10  4.28050E-14  3.40455E-14
  1.220E+02  7.64960E-01  1.43542E-10  1.91603E-10  4.23655E-14  3.37453E-14
  1.225E+02  7.68650E-01  1.42597E-10  1.90897E-10  4.19281E-14  3.34453E-14
  1.230E+02  7.72320E-01  1.41667E-10  1.90201E-10  4.14929E-14  3.31454E-14
  1.235E+02  7.75968E-01  1.40752E-10  1.89513E-10  4.10597E-14  3.28457E-14
  1.240E+02  7.79596E-01  1.39851E-10  1.88835E-10  4.06287E-14  3.25462E-14
  1.245E+02  7.83203E-01  1.38965E-10  1.88165E-10  4.01996E-14  3.22469E-14
  1.250E+02  7.86788E-01  1.38093E-10  1.87504E-10  3.97726E-14  3.19478E-14
  1.255E+02  7.90351E-01  1.37234E-10  1.86851E-10  3.93476E-14  3.16489E-14
  1.260E+02  7.93893E-01  1.36390E-10  1.86207E-10  3.89245E-14  3.13501E-14
  1.265E+02  7.97411E-01  1.35558E-10  1.85572E-10  3.85033E-14  3.10516E-14
  1.270E+02  8.00908E-01  1.34741E-10  1.84945E-10  3.80840E-14  3.07532E-14
  1.275E+02  8.04381E-01  1.33936E-10  1.84327E-10  3.76666E-14  3.04550E-14
  1.280E+02  8.07831E-01  1.33144E-10  1.83716E-10  3.72511E-14  3.01570E-14
  1.285E+02  8.11257E-01  1.32365E-10  1.83114E-10  3.68373E-14  2.98592E-14
  1.290E+02  8.14660E-01  1.31598E-10  1.82520E-10  3.64253E-14  2.95616E-14
  1.295E+02  8.18039E-01  1.30844E-10  1.81934E-10  3.60151E-14  2.92642E-14
  1.300E+02  8.21394E-01  1.30102E-10  1.81356E-10  3.56066E-14  2.89669E-14
  1.305E+02  8.24724E-01  1.29372E-10  1.80786E-10  3.51998E-14  2.86699E-14
  1.310E+02  8.28030E-01  1.28653E-10  1.80224E-10  3.47947E-14  2.83731E-14
  1.315E+02  8.31310E-01  1.27947E-10  1.79669E-10  3.43913E-14  2.80764E-14
  1.320E+02  8.34565E-01  1.27251E-10  1.79122E-10  3.39895E-14  2.77799E-14
  1.325E+02  8.37795E-01  1.26567E-10  1.78583E-10  3.35893E-14  2.74837E-14
  1.330E+02  8.40999E-01  1.25895E-10  1.78051E-10  3.31907E-14  2.71876E-14
  1.335E+02  8.44177E-01  1.25233E-10  1.77527E-10  3.27936E-14  2.68917E-14
  1.340E+02  8.47329E-01  1.24582E-10  1.77010E-10  3.23981E-14  2.65960E-14
  1.345E+02  8.50455E-01  1.23942E-10  1.76501E-10  3.20040E-14  2.63005E-14
  1.350E+02  8.53553E-01  1.23313E-10  1.75998E-10  3.16115E-14  2.60052E-14
  1.355E+02  8.56625E-01  1.22694E-10  1.75503E-10  3.12204E-14  2.57100E-14
  1.360E+02  8.59670E-01  1.22085E-10  1.75015E-10  3.08308E-14  2.54151E-14
  1.365E+02  8.62687E-01  1.21486E-10  1.74534E-10  3.04426E-14  2.51203E-14
  1.370E+02  8.65677E-01  1.20898E-10  1.74061E-10  3.00558E-14  2.48257E-14
  1.375E+02  8.68639E-01  1.20319E-10  1.73594E-10  2.96703E-14  2.45313E-14
  1.380E+02  8.71572E-01  1.19750E-10  1.73134E-10  2.92863E-14  2.42371E-14
  1.385E+02  8.74478E-01  1.19191E-10  1.72681E-10  2.89035E-14  2.39431E-14
  1.390E+02  8.77355E-01  1.18641E-10  1.72235E-10  2.85221E-14  2.36493E-14
  1.395E+02  8.80203E-01  1.18101E-10  1.71795E-10  2.81419E-14  2.33556E-14
  1.400E+02  8.83022E-01  1.17569E-10  1.71362E-10  2.77630E-14  2.30621E-14
  1.405E+02  8.85812E-01  1.17048E-10  1.70936E-10  2.73854E-14  2.27688E-14
  1.410E+02  8.88573E-01  1.16535E-10  1.70516E-10  2.70089E-14  2.24757E-14
  1.415E+02  8.91304E-01  1.16031E-10  1.70103E-10  2.66337E-14  2.21827E-14
  1.420E+02  8.94005E-01  1.15536E-10  1.69697E-10  2.62597E-14  2.18900E-14
  1.425E+02  8.96677E-01  1.15050E-10  1.69297E-10  2.58869E-14  2.15974E-14
  1.430E+02  8.99318E-01  1.14572E-10  1.68903E-10  2.55151E-14  2.13049E-14
  1.435E+02  9.01928E-01  1.14103E-10  1.68516E-10  2.51446E-14  2.10127E-14
  1.440E+02  9.04508E-01  1.13643E-10  1.68135E-10  2.47751E-14  2.07206E-14
  1.445E+02  9.07058E-01  1.13191E-10  1.67760E-10  2.44067E-14  2.04286E-14
  1.450E+02  9.09576E-01  1.12747E-10  1.67391E-10  2.40394E-14  2.01369E-14
  1.455E+02  9.12063E-01  1.12311E-10  1.67029E-10  2.36731E-14  1.98453E-14
  1.460E+02  9.14519E-01  1.11883E-10  1.66673E-10  2.33079E-14  1.95538E-14
  1.465E+02  9.16943E-01  1.11463E-10  1.66322E-10  2.29437E-14  1.92626E-14
  1.470E+02  9.19335E-01  1.11052E-10  1.65978E-10  2.25804E-14  1.89714E-14
  1.475E+02  9.21696E-01  1.10648E-10  1.65640E-10  2.22182E-14  1.86805E-14
  1.480E+02  9.24024E-01  1.10251E-10  1.65308E-10  2.18569E-14  1.83897E-14
  1.485E+02  9.26320E-01  1.09863E-10  1.64982E-10  2.14965E-14  1.80990E-14
  1.490E+02  9.28584E-01  1.09482E-10  1.64661E-10  2.11371E-14  1.78085E-14
  1.495E+02  9.30815E-01  1.09109E-10  1.64347E-10  2.07786E-14  1.75181E-14
  1.500E+02  9.33013E-01  1.08743E-10  1.64038E-10  2.04210E-14  1.72279E-14
  1.505E+02  9.35178E-01  1.08384E-10  1.63735E-10  2.00642E-14  1.69379E-14
  1.510E+02  9.37310E-01  1.08033E-10  1.63438E-10  1.97083E-14  1.66480E-14
  1.515E+02  9.39409E-01  1.07688E-10  1.63146E-10  1.93533E-14  1.63582E-14
  1.520E+02  9.41474E-01  1.07351E-10  1.62861E-10  1.89990E-14  1.60685E-14
  1.525E+02  9.43505E-01  1.07022E-10  1.62580E-10  1.86456E-14  1.57790E-14
  1.530E+02  9.45503E-01  1.06699E-10  1.62306E-10  1.82930E-14  1.54897E-14
  1.535E+02  9.47467E-01  1.06383E-10  1.62037E-10  1.79411E-14  1.52004E-14
  1.540E+02  9.49397E-01  1.06074E-10  1.61773E-10  1.75900E-14  1.49113E-14
  1.545E+02  9.51293E-01  1.05772E-10  1.61515E-10  1.72396E-14  1.46224E-14
  1.550E+02  9.53154E-01  1.05476E-10  1.61263E-10  1.68899E-14  1.43335E-14
  1.555E+02  9.54981E-01  1.05188E-10  1.61016E-10  1.65410E-14  1.40448E-14
  1.560E+02  9.56773E-01  1.04906E-10  1.60774E-10  1.61927E-14  1.37562E-14
  1.565E+02  9.58530E-01  1.04630E-10  1.60538E-10  1.58451E-14  1.34677E-14
  1.570E+02  9.60252E-01  1.04362E-10  1.60307E-10  1.54982E-14  1.31793E-14
  1.575E+02  9.61940E-01  1.04099E-10  1.60082E-10  1.51519E-14  1.28911E-14
  1.580E+02  9.63592E-01  1.03843E-10  1.59862E-10  1.48063E-14  1.26030E-14
  1.585E+02  9.65209E-01  1.03594E-10  1.59647E-10  1.44613E-14  1.23149E-14
  1.590E+02  9.66790E-01  1.03351E-10  1.59437E-10  1.41168E-14  1.20270E-14
  1.595E+02  9.68336E-01  1.03114E-10  1.59233E-10  1.37730E-14  1.17392E-14
  1.600E+02  9.69846E-01  1.02884E-10  1.59034E-10  1.34297E-14  1.14515E-14
  1.605E+02  9.71321E-01  1.02660E-10  1.58840E-10  1.30870E-14  1.11639E-14
  1.610E+02  9.72759E-01  1.02442E-10  1.58651E-10  1.27448E-14  1.08764E-14
  1.615E+02  9.74162E-01  1.02230E-10  1.58468E-10  1.24031E-14  1.05890E-14
  1.620E+02  9.75528E-01  1.02024E-10  1.58289E-10  1.20619E-14  1.03017E-14
  1.625E+02  9.76858E-01  1.01824E-10  1.58116E-10  1.17213E-14  1.00144E-14
  1.630E+02  9.78152E-01  1.01631E-10  1.57948E-10  1.13811E-14  9.72729E-15
  1.635E+02  9.79410E-01  1.01443E-10  1.57785E-10  1.10414E-14  9.44024E-15
  1.640E+02  9.80631E-01  1.01261E-10  1.57626E-10  1.07021E-14  9.15328E-15
  1.645E+02  9.81815E-01  1.01086E-10  1.57473E-10  1.03633E-14  8.86640E-15
  1.650E+02  9.82963E-01  1.00916E-10  1.57325E-10  1.00248E-14  8.57960E-15
  1.655E+02  9.84074E-01  1.00752E-10  1.57182E-10  9.68684E-15  8.29287E-15
  1.660E+02  9.85148E-01  1.00594E-10  1.57044E-10  9.34924E-15  8.00622E-15
  1.665E+02  9.86185E-01  1.00441E-10  1.56911E-10  9.01201E-15  7.71964E-15
  1.670E+02  9.87185E-01  1.00295E-10  1.56783E-10  8.67514E-15  7.43314E-15
  1.675E+02  9.88148E-01  1.00154E-10  1.56660E-10  8.33863E-15  7.14669E-15
  1.680E+02  9.89074E-01  1.00019E-10  1.56542E-10  8.00245E-15  6.86032E-15
  1.685E+02  9.89962E-01  9.98894E-11  1.56429E-10  7.66660E-15  6.57400E-15
  1.690E+02  9.90814E-01  9.97656E-11  1.56321E-10  7.33106E-15  6.28775E-15
  1.695E+02  9.91627E-01  9.96476E-11  1.56217E-10  6.99582E-15  6.00155E-15
  1.700E+02  9.92404E-01  9.95351E-11  1.56119E-10  6.66085E-15  5.71541E-15
  1.705E+02  9.93143E-01  9.94283E-11  1.56025E-10  6.32616E-15  5.42931E-15
  1.710E+02  9.93844E-01  9.93271E-11  1.55936E-10  5.99172E-15  5.14327E-15
  1.715E+02  9.94508E-01  9.92315E-11  1.55852E-10  5.65752E-15  4.85728E-15
  1.720E+02  9.95134E-01  9.91414E-11  1.55773E-10  5.32355E-15  4.57132E-15
  1.725E+02  9.95722E-01  9.90568E-11  1.55699E-10  4.98979E-15  4.28541E-15
  1.730E+02  9.96273E-01  9.89778E-11  1.55629E-10  4.65624E-15  3.99954E-15
  1.735E+02  9.96786E-01  9.89043E-11  1.55565E-10  4.32287E-15  3.71371E-15
  1.740E+02  9.97261E-01  9.88363E-11  1.55505E-10  3.98968E-15  3.42791E-15
  1.745E+02  9.97698E-01  9.87737E-11  1.55450E-10  3.65664E-15  3.14214E-15
  1.750E+02  9.98097E-01  9.87167E-11  1.55400E-10  3.32375E-15  2.85640E-15
  1.755E+02  9.98459E-01  9.86651E-11  1.55354E-10  2.99100E-15  2.57069E-15
  1.760E+02  9.98782E-01  9.86190E-11  1.55314E-10  2.65836E-15  2.28499E-15
  1.765E+02  9.99067E-01  9.85783E-11  1.55278E-10  2.32583E-15  1.99932E-15
  1.770E+02  9.99315E-01  9.85430E-11  1.55247E-10  1.99340E-15  1.71367E-15
  1.775E+02  9.99524E-01  9.85132E-11  1.55221E-10  1.66104E-15  1.42804E-15
  1.780E+02  9.99695E-01  9.84888E-11  1.55199E-10  1.32875E-15  1.14241E-15
  1.785E+02  9.99829E-01  9.84699E-11  1.55183E-10  9.96519E-16  8.56801E-16
  1.790E+02  9.99924E-01  9.84563E-11  1.55171E-10  6.64324E-16  5.71196E-16
  1.795E+02  9.99981E-01  9.84482E-11  1.55163E-10  3.32155E-16  2.85597E-16
  1.800E+02  1.00000E+00  9.84455E-11  1.55161E-10  4.66124E-30  4.00789E-30
