

  **** PARTIAL WAVE ANALYSIS (DPWA0) ******************************************


  KINETIC ENERGY = 1.32000E+02 eV

      L       PHASE(SPIN UP)     PHASE(SPIN DOWN)
  -----------------------------------------------
       0      2.18751625E-01      0.00000000E+00
       1     -1.38878732E+00     -1.38682014E+00
       2      7.18771082E-01      7.19090956E-01
       3      2.88080602E-01      2.88168073E-01
       4      1.21637260E-01      1.21668558E-01
       5      5.36226541E-02      5.36353420E-02
       6      2.43479056E-02      2.43533893E-02
       7      1.12870155E-02      1.12894759E-02
       8      5.31261865E-03      5.31374980E-03
       9      2.52973218E-03      2.53026127E-03
      10      1.21554781E-03      1.21579851E-03
      11      5.88281503E-04      5.88401493E-04
      12      2.86344619E-04      2.86402504E-04
      13      1.40021248E-04      1.40049350E-04
      14      6.87244877E-05      6.87382002E-05
      15      3.38323026E-05      3.38390213E-05
      16      1.66957390E-05      1.66990419E-05
      17      8.25533129E-06      8.25695931E-06
      18      4.08844489E-06      4.08924912E-06
      19      2.02744012E-06      2.02783811E-06
      20      1.00646978E-06      1.00666701E-06
      21      5.00072388E-07      5.00170245E-07
      22      2.48643572E-07      2.48692174E-07
      23      1.23702732E-07      1.23726885E-07
      24      6.15735835E-08      6.15855989E-08
      25      3.06610164E-08      3.06669979E-08
      26      1.52730943E-08      1.52760743E-08
      27      7.61008957E-09      7.61157331E-09
      28      3.79271797E-09      3.79345600E-09
      29      1.89058935E-09      1.89095697E-09
      30      9.42592973E-10      9.42775738E-10
      31      4.70012888E-10      4.70103439E-10


  *** SCATTERING AMPLITUDES AND DIFFERENTIAL CROSS SECTION ***

    ANGLE      DCS       ASYMMETRY    DIRECT AMPLITUDE       SPIN-FLIP AMPLITUDE     ERROR
    (deg)   (cm**2/sr)                      (cm)                    (cm)
  -------------------------------------------------------------------------------------------
  0.000E+00 2.17632E-16  0.000E+00  1.089E-08  9.949E-09  0.000E+00  0.000E+00  1.00E-07
  1.000E-04 2.17632E-16  3.235E-10  1.089E-08  9.949E-09 -1.471E-18  1.888E-18  1.00E-07
  1.250E-04 2.17632E-16  4.043E-10  1.089E-08  9.949E-09 -1.839E-18  2.360E-18  1.00E-07
  1.500E-04 2.17632E-16  4.852E-10  1.089E-08  9.949E-09 -2.207E-18  2.832E-18  1.00E-07
  1.750E-04 2.17632E-16  5.661E-10  1.089E-08  9.949E-09 -2.575E-18  3.304E-18  1.00E-07
  2.000E-04 2.17632E-16  6.469E-10  1.089E-08  9.949E-09 -2.942E-18  3.775E-18  1.00E-07
  2.250E-04 2.17632E-16  7.278E-10  1.089E-08  9.949E-09 -3.310E-18  4.247E-18  1.00E-07
  2.500E-04 2.17632E-16  8.087E-10  1.089E-08  9.949E-09 -3.678E-18  4.719E-18  1.00E-07
  2.750E-04 2.17632E-16  8.896E-10  1.089E-08  9.949E-09 -4.046E-18  5.191E-18  1.00E-07
  3.000E-04 2.17632E-16  9.704E-10  1.089E-08  9.949E-09 -4.414E-18  5.663E-18  1.00E-07
  3.250E-04 2.17632E-16  1.051E-09  1.089E-08  9.949E-09 -4.781E-18  6.135E-18  1.00E-07
  3.500E-04 2.17632E-16  1.132E-09  1.089E-08  9.949E-09 -5.149E-18  6.607E-18  1.00E-07
  3.750E-04 2.17632E-16  1.213E-09  1.089E-08  9.949E-09 -5.517E-18  7.079E-18  1.00E-07
  4.000E-04 2.17632E-16  1.294E-09  1.089E-08  9.949E-09 -5.885E-18  7.551E-18  1.00E-07
  4.250E-04 2.17632E-16  1.375E-09  1.089E-08  9.949E-09 -6.253E-18  8.023E-18  1.00E-07
  4.500E-04 2.17632E-16  1.456E-09  1.089E-08  9.949E-09 -6.620E-18  8.495E-18  1.00E-07
  4.750E-04 2.17632E-16  1.537E-09  1.089E-08  9.949E-09 -6.988E-18  8.967E-18  1.00E-07
  5.000E-04 2.17632E-16  1.617E-09  1.089E-08  9.949E-09 -7.356E-18  9.439E-18  1.00E-07
  5.250E-04 2.17632E-16  1.698E-09  1.089E-08  9.949E-09 -7.724E-18  9.911E-18  1.00E-07
  5.500E-04 2.17632E-16  1.779E-09  1.089E-08  9.949E-09 -8.092E-18  1.038E-17  1.00E-07
  5.750E-04 2.17632E-16  1.860E-09  1.089E-08  9.949E-09 -8.459E-18  1.085E-17  1.00E-07
  6.000E-04 2.17632E-16  1.941E-09  1.089E-08  9.949E-09 -8.827E-18  1.133E-17  1.00E-07
  6.250E-04 2.17632E-16  2.022E-09  1.089E-08  9.949E-09 -9.195E-18  1.180E-17  1.00E-07
  6.500E-04 2.17632E-16  2.103E-09  1.089E-08  9.949E-09 -9.563E-18  1.227E-17  1.00E-07
  6.750E-04 2.17632E-16  2.183E-09  1.089E-08  9.949E-09 -9.931E-18  1.274E-17  1.00E-07
  7.000E-04 2.17632E-16  2.264E-09  1.089E-08  9.949E-09 -1.030E-17  1.321E-17  1.00E-07
  7.250E-04 2.17632E-16  2.345E-09  1.089E-08  9.949E-09 -1.067E-17  1.369E-17  1.00E-07
  7.500E-04 2.17632E-16  2.426E-09  1.089E-08  9.949E-09 -1.103E-17  1.416E-17  1.00E-07
  7.750E-04 2.17632E-16  2.507E-09  1.089E-08  9.949E-09 -1.140E-17  1.463E-17  1.00E-07
  8.000E-04 2.17632E-16  2.588E-09  1.089E-08  9.949E-09 -1.177E-17  1.510E-17  1.00E-07
  8.250E-04 2.17632E-16  2.669E-09  1.089E-08  9.949E-09 -1.214E-17  1.557E-17  1.00E-07
  8.500E-04 2.17632E-16  2.750E-09  1.089E-08  9.949E-09 -1.251E-17  1.605E-17  1.00E-07
  8.750E-04 2.17632E-16  2.830E-09  1.089E-08  9.949E-09 -1.287E-17  1.652E-17  1.00E-07
  9.000E-04 2.17632E-16  2.911E-09  1.089E-08  9.949E-09 -1.324E-17  1.699E-17  1.00E-07
  9.250E-04 2.17632E-16  2.992E-09  1.089E-08  9.949E-09 -1.361E-17  1.746E-17  1.00E-07
  9.500E-04 2.17632E-16  3.073E-09  1.089E-08  9.949E-09 -1.398E-17  1.793E-17  1.00E-07
  9.750E-04 2.17632E-16  3.154E-09  1.089E-08  9.949E-09 -1.434E-17  1.841E-17  1.00E-07
  1.000E-03 2.17632E-16  3.235E-09  1.089E-08  9.949E-09 -1.471E-17  1.888E-17  1.00E-07
  1.250E-03 2.17632E-16  4.043E-09  1.089E-08  9.949E-09 -1.839E-17  2.360E-17  1.00E-07
  1.500E-03 2.17632E-16  4.852E-09  1.089E-08  9.949E-09 -2.207E-17  2.832E-17  1.00E-07
  1.750E-03 2.17632E-16  5.661E-09  1.089E-08  9.949E-09 -2.575E-17  3.304E-17  1.00E-07
  2.000E-03 2.17632E-16  6.469E-09  1.089E-08  9.949E-09 -2.942E-17  3.775E-17  1.00E-07
  2.250E-03 2.17632E-16  7.278E-09  1.089E-08  9.949E-09 -3.310E-17  4.247E-17  1.00E-07
  2.500E-03 2.17632E-16  8.087E-09  1.089E-08  9.949E-09 -3.678E-17  4.719E-17  1.00E-07
  2.750E-03 2.17632E-16  8.896E-09  1.089E-08  9.949E-09 -4.046E-17  5.191E-17  1.00E-07
  3.000E-03 2.17632E-16  9.704E-09  1.089E-08  9.949E-09 -4.414E-17  5.663E-17  1.00E-07
  3.250E-03 2.17632E-16  1.051E-08  1.089E-08  9.949E-09 -4.781E-17  6.135E-17  1.00E-07
  3.500E-03 2.17632E-16  1.132E-08  1.089E-08  9.949E-09 -5.149E-17  6.607E-17  1.00E-07
  3.750E-03 2.17632E-16  1.213E-08  1.089E-08  9.949E-09 -5.517E-17  7.079E-17  1.00E-07
  4.000E-03 2.17632E-16  1.294E-08  1.089E-08  9.949E-09 -5.885E-17  7.551E-17  1.00E-07
  4.250E-03 2.17632E-16  1.375E-08  1.089E-08  9.949E-09 -6.253E-17  8.023E-17  1.00E-07
  4.500E-03 2.17632E-16  1.456E-08  1.089E-08  9.949E-09 -6.620E-17  8.495E-17  1.00E-07
  4.750E-03 2.17632E-16  1.537E-08  1.089E-08  9.949E-09 -6.988E-17  8.967E-17  1.00E-07
  5.000E-03 2.17632E-16  1.617E-08  1.089E-08  9.949E-09 -7.356E-17  9.439E-17  1.00E-07
  5.250E-03 2.17632E-16  1.698E-08  1.089E-08  9.949E-09 -7.724E-17  9.911E-17  1.00E-07
  5.500E-03 2.17632E-16  1.779E-08  1.089E-08  9.949E-09 -8.092E-17  1.038E-16  1.00E-07
  5.750E-03 2.17632E-16  1.860E-08  1.089E-08  9.949E-09 -8.459E-17  1.085E-16  1.00E-07
  6.000E-03 2.17632E-16  1.941E-08  1.089E-08  9.949E-09 -8.827E-17  1.133E-16  1.00E-07
  6.250E-03 2.17632E-16  2.022E-08  1.089E-08  9.949E-09 -9.195E-17  1.180E-16  1.00E-07
  6.500E-03 2.17632E-16  2.103E-08  1.089E-08  9.949E-09 -9.563E-17  1.227E-16  1.00E-07
  6.750E-03 2.17632E-16  2.183E-08  1.089E-08  9.949E-09 -9.931E-17  1.274E-16  1.00E-07
  7.000E-03 2.17632E-16  2.264E-08  1.089E-08  9.949E-09 -1.030E-16  1.321E-16  1.00E-07
  7.250E-03 2.17632E-16  2.345E-08  1.089E-08  9.949E-09 -1.067E-16  1.369E-16  1.00E-07
  7.500E-03 2.17632E-16  2.426E-08  1.089E-08  9.949E-09 -1.103E-16  1.416E-16  1.00E-07
  7.750E-03 2.17632E-16  2.507E-08  1.089E-08  9.949E-09 -1.140E-16  1.463E-16  1.00E-07
  8.000E-03 2.17632E-16  2.588E-08  1.089E-08  9.949E-09 -1.177E-16  1.510E-16  1.00E-07
  8.250E-03 2.17632E-16  2.669E-08  1.089E-08  9.949E-09 -1.214E-16  1.557E-16  1.00E-07
  8.500E-03 2.17632E-16  2.750E-08  1.089E-08  9.949E-09 -1.251E-16  1.605E-16  1.00E-07
  8.750E-03 2.17632E-16  2.830E-08  1.089E-08  9.949E-09 -1.287E-16  1.652E-16  1.00E-07
  9.000E-03 2.17632E-16  2.911E-08  1.089E-08  9.949E-09 -1.324E-16  1.699E-16  1.00E-07
  9.250E-03 2.17632E-16  2.992E-08  1.089E-08  9.949E-09 -1.361E-16  1.746E-16  1.00E-07
  9.500E-03 2.17632E-16  3.073E-08  1.089E-08  9.949E-09 -1.398E-16  1.793E-16  1.00E-07
  9.750E-03 2.17632E-16  3.154E-08  1.089E-08  9.949E-09 -1.434E-16  1.841E-16  1.00E-07
  1.000E-02 2.17632E-16  3.235E-08  1.089E-08  9.949E-09 -1.471E-16  1.888E-16  1.00E-07
  1.250E-02 2.17632E-16  4.043E-08  1.089E-08  9.949E-09 -1.839E-16  2.360E-16  1.00E-07
  1.500E-02 2.17632E-16  4.852E-08  1.089E-08  9.949E-09 -2.207E-16  2.832E-16  1.00E-07
  1.750E-02 2.17632E-16  5.661E-08  1.089E-08  9.949E-09 -2.575E-16  3.304E-16  1.00E-07
  2.000E-02 2.17632E-16  6.469E-08  1.089E-08  9.949E-09 -2.942E-16  3.775E-16  1.00E-07
  2.250E-02 2.17632E-16  7.278E-08  1.089E-08  9.949E-09 -3.310E-16  4.247E-16  1.00E-07
  2.500E-02 2.17632E-16  8.087E-08  1.089E-08  9.949E-09 -3.678E-16  4.719E-16  1.00E-07
  2.750E-02 2.17632E-16  8.896E-08  1.089E-08  9.949E-09 -4.046E-16  5.191E-16  1.00E-07
  3.000E-02 2.17632E-16  9.704E-08  1.089E-08  9.949E-09 -4.414E-16  5.663E-16  1.00E-07
  3.250E-02 2.17631E-16  1.051E-07  1.089E-08  9.949E-09 -4.781E-16  6.135E-16  1.00E-07
  3.500E-02 2.17631E-16  1.132E-07  1.089E-08  9.949E-09 -5.149E-16  6.607E-16  1.00E-07
  3.750E-02 2.17631E-16  1.213E-07  1.089E-08  9.949E-09 -5.517E-16  7.079E-16  1.00E-07
  4.000E-02 2.17631E-16  1.294E-07  1.089E-08  9.949E-09 -5.885E-16  7.551E-16  1.00E-07
  4.250E-02 2.17631E-16  1.375E-07  1.089E-08  9.949E-09 -6.253E-16  8.023E-16  1.00E-07
  4.500E-02 2.17631E-16  1.456E-07  1.089E-08  9.949E-09 -6.620E-16  8.495E-16  1.00E-07
  4.750E-02 2.17631E-16  1.537E-07  1.089E-08  9.949E-09 -6.988E-16  8.967E-16  1.00E-07
  5.000E-02 2.17631E-16  1.617E-07  1.089E-08  9.949E-09 -7.356E-16  9.439E-16  1.00E-07
  5.250E-02 2.17631E-16  1.698E-07  1.089E-08  9.949E-09 -7.724E-16  9.910E-16  1.00E-07
  5.500E-02 2.17631E-16  1.779E-07  1.089E-08  9.949E-09 -8.092E-16  1.038E-15  1.00E-07
  5.750E-02 2.17631E-16  1.860E-07  1.089E-08  9.949E-09 -8.459E-16  1.085E-15  1.00E-07
  6.000E-02 2.17630E-16  1.941E-07  1.089E-08  9.949E-09 -8.827E-16  1.133E-15  1.00E-07
  6.250E-02 2.17630E-16  2.022E-07  1.089E-08  9.949E-09 -9.195E-16  1.180E-15  1.00E-07
  6.500E-02 2.17630E-16  2.103E-07  1.089E-08  9.949E-09 -9.563E-16  1.227E-15  1.00E-07
  6.750E-02 2.17630E-16  2.183E-07  1.089E-08  9.949E-09 -9.931E-16  1.274E-15  1.00E-07
  7.000E-02 2.17630E-16  2.264E-07  1.089E-08  9.949E-09 -1.030E-15  1.321E-15  1.00E-07
  7.250E-02 2.17630E-16  2.345E-07  1.089E-08  9.949E-09 -1.067E-15  1.369E-15  1.00E-07
  7.500E-02 2.17630E-16  2.426E-07  1.089E-08  9.949E-09 -1.103E-15  1.416E-15  1.00E-07
  7.750E-02 2.17629E-16  2.507E-07  1.089E-08  9.949E-09 -1.140E-15  1.463E-15  1.00E-07
  8.000E-02 2.17629E-16  2.588E-07  1.089E-08  9.949E-09 -1.177E-15  1.510E-15  1.00E-07
  8.250E-02 2.17629E-16  2.669E-07  1.089E-08  9.949E-09 -1.214E-15  1.557E-15  1.00E-07
  8.500E-02 2.17629E-16  2.750E-07  1.089E-08  9.949E-09 -1.251E-15  1.605E-15  1.00E-07
  8.750E-02 2.17629E-16  2.830E-07  1.089E-08  9.949E-09 -1.287E-15  1.652E-15  1.00E-07
  9.000E-02 2.17629E-16  2.911E-07  1.089E-08  9.949E-09 -1.324E-15  1.699E-15  1.00E-07
  9.250E-02 2.17628E-16  2.992E-07  1.089E-08  9.949E-09 -1.361E-15  1.746E-15  1.00E-07
  9.500E-02 2.17628E-16  3.073E-07  1.089E-08  9.949E-09 -1.398E-15  1.793E-15  1.00E-07
  9.750E-02 2.17628E-16  3.154E-07  1.089E-08  9.949E-09 -1.434E-15  1.841E-15  1.00E-07
  1.000E-01 2.17628E-16  3.235E-07  1.089E-08  9.949E-09 -1.471E-15  1.888E-15  1.00E-07
  1.250E-01 2.17626E-16  4.044E-07  1.089E-08  9.948E-09 -1.839E-15  2.360E-15  1.00E-07
  1.500E-01 2.17623E-16  4.852E-07  1.089E-08  9.948E-09 -2.207E-15  2.832E-15  1.00E-07
  1.750E-01 2.17619E-16  5.661E-07  1.089E-08  9.948E-09 -2.575E-15  3.303E-15  1.00E-07
  2.000E-01 2.17616E-16  6.470E-07  1.089E-08  9.948E-09 -2.943E-15  3.775E-15  1.00E-07
  2.250E-01 2.17611E-16  7.279E-07  1.089E-08  9.948E-09 -3.311E-15  4.247E-15  1.00E-07
  2.500E-01 2.17606E-16  8.088E-07  1.089E-08  9.948E-09 -3.679E-15  4.719E-15  1.00E-07
  2.750E-01 2.17601E-16  8.897E-07  1.089E-08  9.948E-09 -4.047E-15  5.191E-15  1.00E-07
  3.000E-01 2.17595E-16  9.706E-07  1.089E-08  9.948E-09 -4.415E-15  5.663E-15  1.00E-07
  3.250E-01 2.17589E-16  1.051E-06  1.089E-08  9.948E-09 -4.783E-15  6.135E-15  1.00E-07
  3.500E-01 2.17582E-16  1.132E-06  1.089E-08  9.948E-09 -5.151E-15  6.607E-15  1.00E-07
  3.750E-01 2.17575E-16  1.213E-06  1.089E-08  9.948E-09 -5.519E-15  7.078E-15  1.00E-07
  4.000E-01 2.17567E-16  1.294E-06  1.089E-08  9.948E-09 -5.887E-15  7.550E-15  1.00E-07
  4.250E-01 2.17559E-16  1.375E-06  1.089E-08  9.948E-09 -6.255E-15  8.022E-15  1.00E-07
  4.500E-01 2.17550E-16  1.456E-06  1.089E-08  9.948E-09 -6.624E-15  8.494E-15  1.00E-07
  4.750E-01 2.17540E-16  1.537E-06  1.089E-08  9.948E-09 -6.992E-15  8.965E-15  1.00E-07
  5.000E-01 2.17530E-16  1.618E-06  1.089E-08  9.948E-09 -7.361E-15  9.437E-15  1.00E-07
  5.250E-01 2.17520E-16  1.699E-06  1.089E-08  9.947E-09 -7.729E-15  9.909E-15  1.00E-07
  5.500E-01 2.17509E-16  1.780E-06  1.089E-08  9.947E-09 -8.098E-15  1.038E-14  1.00E-07
  5.750E-01 2.17498E-16  1.861E-06  1.089E-08  9.947E-09 -8.466E-15  1.085E-14  1.00E-07
  6.000E-01 2.17486E-16  1.942E-06  1.089E-08  9.947E-09 -8.835E-15  1.132E-14  1.00E-07
  6.250E-01 2.17473E-16  2.023E-06  1.089E-08  9.947E-09 -9.204E-15  1.180E-14  1.00E-07
  6.500E-01 2.17460E-16  2.104E-06  1.089E-08  9.947E-09 -9.573E-15  1.227E-14  1.00E-07
  6.750E-01 2.17447E-16  2.185E-06  1.089E-08  9.947E-09 -9.942E-15  1.274E-14  1.00E-07
  7.000E-01 2.17433E-16  2.266E-06  1.089E-08  9.947E-09 -1.031E-14  1.321E-14  1.00E-07
  7.250E-01 2.17418E-16  2.347E-06  1.089E-08  9.947E-09 -1.068E-14  1.368E-14  1.00E-07
  7.500E-01 2.17403E-16  2.428E-06  1.088E-08  9.946E-09 -1.105E-14  1.415E-14  1.00E-07
  7.750E-01 2.17388E-16  2.509E-06  1.088E-08  9.946E-09 -1.142E-14  1.462E-14  1.00E-07
  8.000E-01 2.17372E-16  2.590E-06  1.088E-08  9.946E-09 -1.179E-14  1.510E-14  1.00E-07
  8.250E-01 2.17356E-16  2.672E-06  1.088E-08  9.946E-09 -1.216E-14  1.557E-14  1.00E-07
  8.500E-01 2.17339E-16  2.753E-06  1.088E-08  9.946E-09 -1.253E-14  1.604E-14  1.00E-07
  8.750E-01 2.17321E-16  2.834E-06  1.088E-08  9.946E-09 -1.290E-14  1.651E-14  1.00E-07
  9.000E-01 2.17303E-16  2.915E-06  1.088E-08  9.945E-09 -1.327E-14  1.698E-14  1.00E-07
  9.250E-01 2.17285E-16  2.996E-06  1.088E-08  9.945E-09 -1.364E-14  1.745E-14  1.00E-07
  9.500E-01 2.17266E-16  3.077E-06  1.088E-08  9.945E-09 -1.401E-14  1.792E-14  1.00E-07
  9.750E-01 2.17246E-16  3.159E-06  1.088E-08  9.945E-09 -1.438E-14  1.839E-14  1.00E-07
  1.000E+00 2.17226E-16  3.240E-06  1.088E-08  9.945E-09 -1.475E-14  1.887E-14  1.00E-07
  1.100E+00 2.17141E-16  3.565E-06  1.087E-08  9.944E-09 -1.623E-14  2.075E-14  1.00E-07
  1.200E+00 2.17048E-16  3.891E-06  1.087E-08  9.943E-09 -1.772E-14  2.263E-14  1.00E-07
  1.300E+00 2.16947E-16  4.217E-06  1.087E-08  9.942E-09 -1.921E-14  2.452E-14  1.00E-07
  1.400E+00 2.16837E-16  4.543E-06  1.086E-08  9.941E-09 -2.070E-14  2.640E-14  1.00E-07
  1.500E+00 2.16720E-16  4.870E-06  1.086E-08  9.940E-09 -2.219E-14  2.828E-14  1.00E-07
  1.600E+00 2.16595E-16  5.197E-06  1.085E-08  9.939E-09 -2.369E-14  3.016E-14  1.00E-07
  1.700E+00 2.16462E-16  5.524E-06  1.085E-08  9.937E-09 -2.519E-14  3.204E-14  1.00E-07
  1.800E+00 2.16321E-16  5.853E-06  1.084E-08  9.936E-09 -2.670E-14  3.391E-14  1.00E-07
  1.900E+00 2.16171E-16  6.182E-06  1.084E-08  9.935E-09 -2.821E-14  3.579E-14  1.00E-07
  2.000E+00 2.16014E-16  6.511E-06  1.083E-08  9.933E-09 -2.972E-14  3.767E-14  1.00E-07
  2.100E+00 2.15849E-16  6.841E-06  1.083E-08  9.932E-09 -3.124E-14  3.954E-14  1.00E-07
  2.200E+00 2.15677E-16  7.172E-06  1.082E-08  9.930E-09 -3.276E-14  4.141E-14  1.00E-07
  2.300E+00 2.15496E-16  7.503E-06  1.081E-08  9.928E-09 -3.429E-14  4.328E-14  1.00E-07
  2.400E+00 2.15308E-16  7.835E-06  1.081E-08  9.926E-09 -3.582E-14  4.515E-14  1.00E-07
  2.500E+00 2.15111E-16  8.168E-06  1.080E-08  9.925E-09 -3.736E-14  4.702E-14  1.00E-07
  2.600E+00 2.14907E-16  8.501E-06  1.079E-08  9.923E-09 -3.890E-14  4.889E-14  1.00E-07
  2.700E+00 2.14696E-16  8.836E-06  1.078E-08  9.921E-09 -4.045E-14  5.075E-14  1.00E-07
  2.800E+00 2.14476E-16  9.171E-06  1.077E-08  9.918E-09 -4.200E-14  5.261E-14  1.00E-07
  2.900E+00 2.14249E-16  9.507E-06  1.077E-08  9.916E-09 -4.356E-14  5.447E-14  1.00E-07
  3.000E+00 2.14014E-16  9.844E-06  1.076E-08  9.914E-09 -4.513E-14  5.633E-14  1.00E-07
  3.100E+00 2.13772E-16  1.018E-05  1.075E-08  9.912E-09 -4.670E-14  5.819E-14  1.00E-07
  3.200E+00 2.13522E-16  1.052E-05  1.074E-08  9.909E-09 -4.828E-14  6.005E-14  1.00E-07
  3.300E+00 2.13264E-16  1.086E-05  1.073E-08  9.907E-09 -4.987E-14  6.190E-14  1.00E-07
  3.400E+00 2.12999E-16  1.120E-05  1.072E-08  9.904E-09 -5.146E-14  6.375E-14  1.00E-07
  3.500E+00 2.12727E-16  1.154E-05  1.071E-08  9.902E-09 -5.306E-14  6.560E-14  1.00E-07
  3.600E+00 2.12447E-16  1.189E-05  1.070E-08  9.899E-09 -5.467E-14  6.744E-14  1.00E-07
  3.700E+00 2.12160E-16  1.223E-05  1.069E-08  9.896E-09 -5.629E-14  6.929E-14  1.00E-07
  3.800E+00 2.11865E-16  1.258E-05  1.068E-08  9.893E-09 -5.791E-14  7.113E-14  1.00E-07
  3.900E+00 2.11563E-16  1.292E-05  1.067E-08  9.890E-09 -5.955E-14  7.297E-14  1.00E-07
  4.000E+00 2.11254E-16  1.327E-05  1.065E-08  9.887E-09 -6.119E-14  7.480E-14  1.00E-07
  4.100E+00 2.10937E-16  1.362E-05  1.064E-08  9.884E-09 -6.284E-14  7.664E-14  1.00E-07
  4.200E+00 2.10614E-16  1.397E-05  1.063E-08  9.881E-09 -6.450E-14  7.847E-14  1.00E-07
  4.300E+00 2.10283E-16  1.432E-05  1.062E-08  9.878E-09 -6.616E-14  8.030E-14  1.00E-07
  4.400E+00 2.09945E-16  1.468E-05  1.060E-08  9.874E-09 -6.784E-14  8.212E-14  1.00E-07
  4.500E+00 2.09600E-16  1.503E-05  1.059E-08  9.871E-09 -6.953E-14  8.394E-14  1.00E-07
  4.600E+00 2.09248E-16  1.539E-05  1.058E-08  9.868E-09 -7.122E-14  8.576E-14  1.00E-07
  4.700E+00 2.08889E-16  1.575E-05  1.056E-08  9.864E-09 -7.293E-14  8.758E-14  1.00E-07
  4.800E+00 2.08524E-16  1.610E-05  1.055E-08  9.860E-09 -7.464E-14  8.939E-14  1.00E-07
  4.900E+00 2.08151E-16  1.646E-05  1.054E-08  9.857E-09 -7.637E-14  9.120E-14  1.00E-07
  5.000E+00 2.07771E-16  1.683E-05  1.052E-08  9.853E-09 -7.810E-14  9.301E-14  1.00E-07
  5.100E+00 2.07385E-16  1.719E-05  1.051E-08  9.849E-09 -7.985E-14  9.481E-14  1.00E-07
  5.200E+00 2.06992E-16  1.756E-05  1.049E-08  9.845E-09 -8.160E-14  9.661E-14  1.00E-07
  5.300E+00 2.06593E-16  1.792E-05  1.048E-08  9.841E-09 -8.337E-14  9.841E-14  1.00E-07
  5.400E+00 2.06187E-16  1.829E-05  1.046E-08  9.837E-09 -8.515E-14  1.002E-13  1.00E-07
  5.500E+00 2.05774E-16  1.866E-05  1.044E-08  9.833E-09 -8.694E-14  1.020E-13  1.00E-07
  5.600E+00 2.05355E-16  1.903E-05  1.043E-08  9.829E-09 -8.874E-14  1.038E-13  1.00E-07
  5.700E+00 2.04930E-16  1.941E-05  1.041E-08  9.824E-09 -9.055E-14  1.056E-13  1.00E-07
  5.800E+00 2.04498E-16  1.979E-05  1.040E-08  9.820E-09 -9.238E-14  1.073E-13  1.00E-07
  5.900E+00 2.04059E-16  2.016E-05  1.038E-08  9.816E-09 -9.421E-14  1.091E-13  1.00E-07
  6.000E+00 2.03615E-16  2.054E-05  1.036E-08  9.811E-09 -9.606E-14  1.109E-13  1.00E-07
  6.100E+00 2.03164E-16  2.092E-05  1.034E-08  9.807E-09 -9.792E-14  1.127E-13  1.00E-07
  6.200E+00 2.02707E-16  2.131E-05  1.033E-08  9.802E-09 -9.980E-14  1.144E-13  1.00E-07
  6.300E+00 2.02245E-16  2.169E-05  1.031E-08  9.797E-09 -1.017E-13  1.162E-13  1.00E-07
  6.400E+00 2.01776E-16  2.208E-05  1.029E-08  9.792E-09 -1.036E-13  1.179E-13  1.00E-07
  6.500E+00 2.01301E-16  2.247E-05  1.027E-08  9.787E-09 -1.055E-13  1.197E-13  1.00E-07
  6.600E+00 2.00820E-16  2.286E-05  1.025E-08  9.783E-09 -1.074E-13  1.214E-13  1.00E-07
  6.700E+00 2.00333E-16  2.326E-05  1.023E-08  9.777E-09 -1.094E-13  1.232E-13  1.00E-07
  6.800E+00 1.99841E-16  2.366E-05  1.021E-08  9.772E-09 -1.113E-13  1.249E-13  1.00E-07
  6.900E+00 1.99343E-16  2.405E-05  1.020E-08  9.767E-09 -1.133E-13  1.266E-13  1.00E-07
  7.000E+00 1.98839E-16  2.446E-05  1.018E-08  9.762E-09 -1.152E-13  1.284E-13  1.00E-07
  7.100E+00 1.98330E-16  2.486E-05  1.016E-08  9.757E-09 -1.172E-13  1.301E-13  1.00E-07
  7.200E+00 1.97815E-16  2.526E-05  1.014E-08  9.751E-09 -1.192E-13  1.318E-13  1.00E-07
  7.300E+00 1.97295E-16  2.567E-05  1.012E-08  9.746E-09 -1.213E-13  1.335E-13  1.00E-07
  7.400E+00 1.96769E-16  2.608E-05  1.009E-08  9.740E-09 -1.233E-13  1.352E-13  1.00E-07
  7.500E+00 1.96238E-16  2.650E-05  1.007E-08  9.735E-09 -1.253E-13  1.370E-13  1.00E-07
  7.600E+00 1.95702E-16  2.691E-05  1.005E-08  9.729E-09 -1.274E-13  1.387E-13  1.00E-07
  7.700E+00 1.95161E-16  2.733E-05  1.003E-08  9.723E-09 -1.295E-13  1.404E-13  1.00E-07
  7.800E+00 1.94614E-16  2.775E-05  1.001E-08  9.717E-09 -1.316E-13  1.420E-13  1.00E-07
  7.900E+00 1.94063E-16  2.817E-05  9.988E-09  9.711E-09 -1.337E-13  1.437E-13  1.00E-07
  8.000E+00 1.93506E-16  2.860E-05  9.966E-09  9.705E-09 -1.358E-13  1.454E-13  1.00E-07
  8.100E+00 1.92945E-16  2.903E-05  9.943E-09  9.699E-09 -1.379E-13  1.471E-13  1.00E-07
  8.200E+00 1.92379E-16  2.946E-05  9.921E-09  9.693E-09 -1.401E-13  1.488E-13  1.00E-07
  8.300E+00 1.91808E-16  2.990E-05  9.898E-09  9.687E-09 -1.423E-13  1.504E-13  1.00E-07
  8.400E+00 1.91232E-16  3.033E-05  9.875E-09  9.681E-09 -1.445E-13  1.521E-13  1.00E-07
  8.500E+00 1.90652E-16  3.077E-05  9.852E-09  9.674E-09 -1.467E-13  1.537E-13  1.00E-07
  8.600E+00 1.90067E-16  3.122E-05  9.828E-09  9.668E-09 -1.489E-13  1.554E-13  1.00E-07
  8.700E+00 1.89477E-16  3.166E-05  9.805E-09  9.662E-09 -1.511E-13  1.570E-13  1.00E-07
  8.800E+00 1.88883E-16  3.211E-05  9.781E-09  9.655E-09 -1.534E-13  1.587E-13  1.00E-07
  8.900E+00 1.88285E-16  3.256E-05  9.757E-09  9.648E-09 -1.556E-13  1.603E-13  1.00E-07
  9.000E+00 1.87683E-16  3.302E-05  9.732E-09  9.642E-09 -1.579E-13  1.619E-13  1.00E-07
  9.100E+00 1.87076E-16  3.348E-05  9.708E-09  9.635E-09 -1.602E-13  1.636E-13  1.00E-07
  9.200E+00 1.86465E-16  3.394E-05  9.683E-09  9.628E-09 -1.625E-13  1.652E-13  1.00E-07
  9.300E+00 1.85850E-16  3.440E-05  9.658E-09  9.621E-09 -1.648E-13  1.668E-13  1.00E-07
  9.400E+00 1.85231E-16  3.487E-05  9.633E-09  9.614E-09 -1.672E-13  1.684E-13  1.00E-07
  9.500E+00 1.84608E-16  3.534E-05  9.608E-09  9.607E-09 -1.696E-13  1.700E-13  1.00E-07
  9.600E+00 1.83982E-16  3.582E-05  9.582E-09  9.600E-09 -1.719E-13  1.716E-13  1.00E-07
  9.700E+00 1.83351E-16  3.629E-05  9.557E-09  9.593E-09 -1.743E-13  1.732E-13  1.00E-07
  9.800E+00 1.82717E-16  3.678E-05  9.531E-09  9.586E-09 -1.768E-13  1.747E-13  1.00E-07
  9.900E+00 1.82079E-16  3.726E-05  9.505E-09  9.578E-09 -1.792E-13  1.763E-13  1.00E-07
  1.000E+01 1.81438E-16  3.775E-05  9.478E-09  9.571E-09 -1.816E-13  1.779E-13  1.00E-07
  1.025E+01 1.79819E-16  3.899E-05  9.412E-09  9.552E-09 -1.879E-13  1.818E-13  1.00E-07
  1.050E+01 1.78179E-16  4.025E-05  9.344E-09  9.533E-09 -1.942E-13  1.856E-13  1.00E-07
  1.075E+01 1.76520E-16  4.153E-05  9.275E-09  9.513E-09 -2.006E-13  1.894E-13  1.00E-07
  1.100E+01 1.74843E-16  4.284E-05  9.205E-09  9.493E-09 -2.072E-13  1.932E-13  1.00E-07
  1.125E+01 1.73147E-16  4.417E-05  9.133E-09  9.473E-09 -2.138E-13  1.969E-13  1.00E-07
  1.150E+01 1.71436E-16  4.553E-05  9.061E-09  9.452E-09 -2.206E-13  2.006E-13  1.00E-07
  1.175E+01 1.69710E-16  4.692E-05  8.988E-09  9.430E-09 -2.275E-13  2.042E-13  1.00E-07
  1.200E+01 1.67969E-16  4.833E-05  8.913E-09  9.409E-09 -2.345E-13  2.078E-13  1.00E-07
  1.225E+01 1.66215E-16  4.977E-05  8.838E-09  9.386E-09 -2.416E-13  2.114E-13  1.00E-07
  1.250E+01 1.64450E-16  5.124E-05  8.762E-09  9.364E-09 -2.489E-13  2.149E-13  1.00E-07
  1.275E+01 1.62673E-16  5.274E-05  8.685E-09  9.341E-09 -2.563E-13  2.183E-13  1.00E-07
  1.300E+01 1.60887E-16  5.427E-05  8.607E-09  9.317E-09 -2.638E-13  2.217E-13  1.00E-07
  1.325E+01 1.59092E-16  5.584E-05  8.528E-09  9.294E-09 -2.714E-13  2.251E-13  1.00E-07
  1.350E+01 1.57289E-16  5.743E-05  8.448E-09  9.269E-09 -2.791E-13  2.284E-13  1.00E-07
  1.375E+01 1.55479E-16  5.906E-05  8.367E-09  9.245E-09 -2.870E-13  2.316E-13  1.00E-07
  1.400E+01 1.53664E-16  6.072E-05  8.286E-09  9.220E-09 -2.950E-13  2.348E-13  1.00E-07
  1.425E+01 1.51844E-16  6.242E-05  8.204E-09  9.194E-09 -3.031E-13  2.380E-13  1.00E-07
  1.450E+01 1.50020E-16  6.415E-05  8.121E-09  9.169E-09 -3.113E-13  2.411E-13  1.00E-07
  1.475E+01 1.48193E-16  6.593E-05  8.038E-09  9.142E-09 -3.197E-13  2.441E-13  1.00E-07
  1.500E+01 1.46365E-16  6.773E-05  7.954E-09  9.116E-09 -3.282E-13  2.471E-13  1.00E-07
  1.525E+01 1.44535E-16  6.958E-05  7.869E-09  9.089E-09 -3.368E-13  2.500E-13  1.00E-07
  1.550E+01 1.42705E-16  7.147E-05  7.784E-09  9.061E-09 -3.455E-13  2.529E-13  1.00E-07
  1.575E+01 1.40876E-16  7.340E-05  7.698E-09  9.034E-09 -3.544E-13  2.557E-13  1.00E-07
  1.600E+01 1.39048E-16  7.537E-05  7.612E-09  9.006E-09 -3.633E-13  2.585E-13  1.00E-07
  1.625E+01 1.37223E-16  7.738E-05  7.525E-09  8.977E-09 -3.724E-13  2.612E-13  1.00E-07
  1.650E+01 1.35401E-16  7.944E-05  7.438E-09  8.948E-09 -3.817E-13  2.638E-13  1.00E-07
  1.675E+01 1.33584E-16  8.154E-05  7.350E-09  8.919E-09 -3.910E-13  2.664E-13  1.00E-07
  1.700E+01 1.31770E-16  8.368E-05  7.262E-09  8.890E-09 -4.005E-13  2.689E-13  1.00E-07
  1.725E+01 1.29963E-16  8.588E-05  7.174E-09  8.860E-09 -4.101E-13  2.714E-13  1.00E-07
  1.750E+01 1.28161E-16  8.812E-05  7.085E-09  8.830E-09 -4.198E-13  2.738E-13  1.00E-07
  1.775E+01 1.26367E-16  9.041E-05  6.996E-09  8.799E-09 -4.296E-13  2.761E-13  1.00E-07
  1.800E+01 1.24580E-16  9.275E-05  6.906E-09  8.768E-09 -4.396E-13  2.784E-13  1.00E-07
  1.825E+01 1.22801E-16  9.514E-05  6.817E-09  8.737E-09 -4.497E-13  2.806E-13  1.00E-07
  1.850E+01 1.21031E-16  9.759E-05  6.727E-09  8.705E-09 -4.599E-13  2.828E-13  1.00E-07
  1.875E+01 1.19271E-16  1.001E-04  6.637E-09  8.673E-09 -4.702E-13  2.849E-13  1.00E-07
  1.900E+01 1.17521E-16  1.026E-04  6.546E-09  8.641E-09 -4.806E-13  2.869E-13  1.00E-07
  1.925E+01 1.15781E-16  1.053E-04  6.456E-09  8.608E-09 -4.912E-13  2.889E-13  1.00E-07
  1.950E+01 1.14052E-16  1.079E-04  6.365E-09  8.576E-09 -5.018E-13  2.907E-13  1.00E-07
  1.975E+01 1.12335E-16  1.106E-04  6.274E-09  8.542E-09 -5.126E-13  2.926E-13  1.00E-07
  2.000E+01 1.10630E-16  1.134E-04  6.183E-09  8.509E-09 -5.235E-13  2.943E-13  1.00E-07
  2.025E+01 1.08938E-16  1.163E-04  6.092E-09  8.475E-09 -5.345E-13  2.960E-13  1.00E-07
  2.050E+01 1.07259E-16  1.192E-04  6.001E-09  8.441E-09 -5.456E-13  2.976E-13  1.00E-07
  2.075E+01 1.05593E-16  1.222E-04  5.910E-09  8.406E-09 -5.569E-13  2.992E-13  1.00E-07
  2.100E+01 1.03941E-16  1.252E-04  5.819E-09  8.371E-09 -5.682E-13  3.007E-13  1.00E-07
  2.125E+01 1.02304E-16  1.283E-04  5.728E-09  8.336E-09 -5.796E-13  3.021E-13  1.00E-07
  2.150E+01 1.00681E-16  1.315E-04  5.637E-09  8.301E-09 -5.912E-13  3.034E-13  1.00E-07
  2.175E+01 9.90725E-17  1.347E-04  5.546E-09  8.265E-09 -6.028E-13  3.047E-13  1.00E-07
  2.200E+01 9.74797E-17  1.380E-04  5.455E-09  8.229E-09 -6.146E-13  3.059E-13  1.00E-07
  2.225E+01 9.59025E-17  1.414E-04  5.365E-09  8.193E-09 -6.264E-13  3.071E-13  1.00E-07
  2.250E+01 9.43411E-17  1.448E-04  5.274E-09  8.156E-09 -6.384E-13  3.081E-13  1.00E-07
  2.275E+01 9.27958E-17  1.484E-04  5.183E-09  8.120E-09 -6.505E-13  3.091E-13  1.00E-07
  2.300E+01 9.12669E-17  1.520E-04  5.093E-09  8.082E-09 -6.626E-13  3.100E-13  1.00E-07
  2.325E+01 8.97546E-17  1.556E-04  5.003E-09  8.045E-09 -6.749E-13  3.109E-13  1.00E-07
  2.350E+01 8.82590E-17  1.594E-04  4.913E-09  8.008E-09 -6.872E-13  3.116E-13  1.00E-07
  2.375E+01 8.67804E-17  1.632E-04  4.823E-09  7.970E-09 -6.996E-13  3.123E-13  1.00E-07
  2.400E+01 8.53190E-17  1.671E-04  4.734E-09  7.931E-09 -7.122E-13  3.130E-13  1.00E-07
  2.425E+01 8.38748E-17  1.711E-04  4.645E-09  7.893E-09 -7.248E-13  3.135E-13  1.00E-07
  2.450E+01 8.24480E-17  1.752E-04  4.556E-09  7.854E-09 -7.375E-13  3.140E-13  1.00E-07
  2.475E+01 8.10388E-17  1.794E-04  4.467E-09  7.816E-09 -7.503E-13  3.144E-13  1.00E-07
  2.500E+01 7.96472E-17  1.836E-04  4.379E-09  7.776E-09 -7.632E-13  3.147E-13  1.00E-07
  2.550E+01 7.69174E-17  1.924E-04  4.203E-09  7.697E-09 -7.892E-13  3.152E-13  1.00E-07
  2.600E+01 7.42590E-17  2.015E-04  4.029E-09  7.618E-09 -8.155E-13  3.153E-13  1.00E-07
  2.650E+01 7.16725E-17  2.110E-04  3.856E-09  7.537E-09 -8.422E-13  3.151E-13  1.00E-07
  2.700E+01 6.91579E-17  2.209E-04  3.685E-09  7.455E-09 -8.691E-13  3.147E-13  1.00E-07
  2.750E+01 6.67151E-17  2.312E-04  3.516E-09  7.373E-09 -8.963E-13  3.139E-13  1.00E-07
  2.800E+01 6.43440E-17  2.419E-04  3.348E-09  7.289E-09 -9.238E-13  3.128E-13  1.00E-07
  2.850E+01 6.20441E-17  2.530E-04  3.182E-09  7.205E-09 -9.515E-13  3.114E-13  1.00E-07
  2.900E+01 5.98148E-17  2.645E-04  3.019E-09  7.121E-09 -9.795E-13  3.097E-13  1.00E-07
  2.950E+01 5.76555E-17  2.764E-04  2.857E-09  7.035E-09 -1.008E-12  3.077E-13  1.00E-07
  3.000E+01 5.55653E-17  2.888E-04  2.698E-09  6.949E-09 -1.036E-12  3.054E-13  1.00E-07
  3.050E+01 5.35432E-17  3.016E-04  2.540E-09  6.862E-09 -1.065E-12  3.027E-13  1.00E-07
  3.100E+01 5.15884E-17  3.149E-04  2.385E-09  6.775E-09 -1.093E-12  2.998E-13  1.00E-07
  3.150E+01 4.96995E-17  3.287E-04  2.233E-09  6.687E-09 -1.122E-12  2.965E-13  1.00E-07
  3.200E+01 4.78755E-17  3.429E-04  2.082E-09  6.598E-09 -1.152E-12  2.930E-13  1.00E-07
  3.250E+01 4.61151E-17  3.576E-04  1.935E-09  6.509E-09 -1.181E-12  2.891E-13  1.00E-07
  3.300E+01 4.44168E-17  3.728E-04  1.789E-09  6.420E-09 -1.210E-12  2.849E-13  1.00E-07
  3.350E+01 4.27793E-17  3.884E-04  1.647E-09  6.330E-09 -1.240E-12  2.804E-13  1.00E-07
  3.400E+01 4.12013E-17  4.046E-04  1.506E-09  6.240E-09 -1.269E-12  2.756E-13  1.00E-07
  3.450E+01 3.96812E-17  4.212E-04  1.369E-09  6.149E-09 -1.299E-12  2.705E-13  1.00E-07
  3.500E+01 3.82175E-17  4.383E-04  1.234E-09  6.058E-09 -1.329E-12  2.650E-13  1.00E-07
  3.550E+01 3.68087E-17  4.559E-04  1.101E-09  5.966E-09 -1.358E-12  2.593E-13  1.00E-07
  3.600E+01 3.54534E-17  4.739E-04  9.714E-10  5.875E-09 -1.388E-12  2.533E-13  1.00E-07
  3.650E+01 3.41499E-17  4.924E-04  8.443E-10  5.782E-09 -1.418E-12  2.470E-13  1.00E-07
  3.700E+01 3.28967E-17  5.114E-04  7.199E-10  5.690E-09 -1.448E-12  2.403E-13  1.00E-07
  3.750E+01 3.16924E-17  5.309E-04  5.982E-10  5.598E-09 -1.478E-12  2.334E-13  1.00E-07
  3.800E+01 3.05352E-17  5.507E-04  4.792E-10  5.505E-09 -1.508E-12  2.262E-13  1.00E-07
  3.850E+01 2.94239E-17  5.711E-04  3.629E-10  5.412E-09 -1.538E-12  2.187E-13  1.00E-07
  3.900E+01 2.83567E-17  5.918E-04  2.494E-10  5.319E-09 -1.567E-12  2.108E-13  1.00E-07
  3.950E+01 2.73323E-17  6.129E-04  1.385E-10  5.226E-09 -1.597E-12  2.028E-13  1.00E-07
  4.000E+01 2.63492E-17  6.344E-04  3.034E-11  5.133E-09 -1.627E-12  1.944E-13  1.00E-07
  4.050E+01 2.54059E-17  6.562E-04 -7.511E-11  5.040E-09 -1.657E-12  1.857E-13  1.00E-07
  4.100E+01 2.45011E-17  6.784E-04 -1.779E-10  4.947E-09 -1.686E-12  1.768E-13  1.00E-07
  4.150E+01 2.36332E-17  7.008E-04 -2.779E-10  4.853E-09 -1.716E-12  1.675E-13  1.00E-07
  4.200E+01 2.28010E-17  7.236E-04 -3.753E-10  4.760E-09 -1.745E-12  1.580E-13  1.00E-07
  4.250E+01 2.20032E-17  7.465E-04 -4.700E-10  4.667E-09 -1.775E-12  1.483E-13  1.00E-07
  4.300E+01 2.12383E-17  7.697E-04 -5.621E-10  4.574E-09 -1.804E-12  1.382E-13  1.00E-07
  4.350E+01 2.05052E-17  7.930E-04 -6.515E-10  4.481E-09 -1.833E-12  1.279E-13  1.00E-07
  4.400E+01 1.98026E-17  8.165E-04 -7.383E-10  4.388E-09 -1.862E-12  1.174E-13  1.00E-07
  4.450E+01 1.91293E-17  8.401E-04 -8.225E-10  4.296E-09 -1.891E-12  1.066E-13  1.00E-07
  4.500E+01 1.84842E-17  8.636E-04 -9.041E-10  4.203E-09 -1.920E-12  9.551E-14  1.00E-07
  4.550E+01 1.78660E-17  8.872E-04 -9.831E-10  4.111E-09 -1.948E-12  8.420E-14  1.00E-07
  4.600E+01 1.72738E-17  9.107E-04 -1.060E-09  4.019E-09 -1.976E-12  7.264E-14  1.00E-07
  4.650E+01 1.67064E-17  9.341E-04 -1.134E-09  3.927E-09 -2.005E-12  6.084E-14  1.00E-07
  4.700E+01 1.61628E-17  9.574E-04 -1.205E-09  3.835E-09 -2.033E-12  4.880E-14  1.00E-07
  4.750E+01 1.56421E-17  9.804E-04 -1.274E-09  3.744E-09 -2.060E-12  3.653E-14  1.00E-07
  4.800E+01 1.51432E-17  1.003E-03 -1.341E-09  3.653E-09 -2.088E-12  2.404E-14  1.00E-07
  4.850E+01 1.46653E-17  1.026E-03 -1.405E-09  3.563E-09 -2.115E-12  1.132E-14  1.00E-07
  4.900E+01 1.42074E-17  1.048E-03 -1.467E-09  3.472E-09 -2.143E-12 -1.613E-15  1.00E-07
  4.950E+01 1.37687E-17  1.069E-03 -1.526E-09  3.382E-09 -2.169E-12 -1.476E-14  1.00E-07
  5.000E+01 1.33484E-17  1.090E-03 -1.583E-09  3.293E-09 -2.196E-12 -2.812E-14  1.00E-07
  5.050E+01 1.29456E-17  1.111E-03 -1.638E-09  3.204E-09 -2.223E-12 -4.169E-14  1.00E-07
  5.100E+01 1.25597E-17  1.130E-03 -1.690E-09  3.115E-09 -2.249E-12 -5.545E-14  1.00E-07
  5.150E+01 1.21898E-17  1.149E-03 -1.741E-09  3.027E-09 -2.275E-12 -6.941E-14  1.00E-07
  5.200E+01 1.18353E-17  1.168E-03 -1.789E-09  2.939E-09 -2.301E-12 -8.356E-14  1.00E-07
  5.250E+01 1.14955E-17  1.185E-03 -1.834E-09  2.851E-09 -2.326E-12 -9.789E-14  1.00E-07
  5.300E+01 1.11698E-17  1.202E-03 -1.878E-09  2.765E-09 -2.351E-12 -1.124E-13  1.00E-07
  5.350E+01 1.08575E-17  1.217E-03 -1.920E-09  2.678E-09 -2.376E-12 -1.271E-13  1.00E-07
  5.400E+01 1.05581E-17  1.232E-03 -1.959E-09  2.592E-09 -2.401E-12 -1.419E-13  1.00E-07
  5.450E+01 1.02709E-17  1.245E-03 -1.996E-09  2.507E-09 -2.425E-12 -1.570E-13  1.00E-07
  5.500E+01 9.99548E-18  1.257E-03 -2.032E-09  2.422E-09 -2.449E-12 -1.721E-13  1.00E-07
  5.550E+01 9.73128E-18  1.268E-03 -2.065E-09  2.338E-09 -2.473E-12 -1.875E-13  1.00E-07
  5.600E+01 9.47783E-18  1.278E-03 -2.096E-09  2.255E-09 -2.497E-12 -2.030E-13  1.00E-07
  5.650E+01 9.23464E-18  1.286E-03 -2.126E-09  2.172E-09 -2.520E-12 -2.186E-13  1.00E-07
  5.700E+01 9.00127E-18  1.292E-03 -2.153E-09  2.089E-09 -2.543E-12 -2.344E-13  1.00E-07
  5.750E+01 8.77729E-18  1.298E-03 -2.179E-09  2.007E-09 -2.565E-12 -2.503E-13  1.00E-07
  5.800E+01 8.56230E-18  1.301E-03 -2.203E-09  1.926E-09 -2.587E-12 -2.663E-13  1.00E-07
  5.850E+01 8.35591E-18  1.303E-03 -2.225E-09  1.846E-09 -2.609E-12 -2.824E-13  1.00E-07
  5.900E+01 8.15774E-18  1.303E-03 -2.245E-09  1.766E-09 -2.631E-12 -2.987E-13  1.00E-07
  5.950E+01 7.96746E-18  1.302E-03 -2.263E-09  1.687E-09 -2.652E-12 -3.151E-13  1.00E-07
  6.000E+01 7.78472E-18  1.299E-03 -2.280E-09  1.608E-09 -2.673E-12 -3.315E-13  1.00E-07
  6.050E+01 7.60921E-18  1.294E-03 -2.295E-09  1.530E-09 -2.694E-12 -3.481E-13  1.00E-07
  6.100E+01 7.44063E-18  1.287E-03 -2.308E-09  1.453E-09 -2.714E-12 -3.648E-13  1.00E-07
  6.150E+01 7.27870E-18  1.278E-03 -2.320E-09  1.377E-09 -2.734E-12 -3.816E-13  1.00E-07
  6.200E+01 7.12314E-18  1.267E-03 -2.330E-09  1.301E-09 -2.754E-12 -3.984E-13  1.00E-07
  6.250E+01 6.97369E-18  1.254E-03 -2.339E-09  1.226E-09 -2.773E-12 -4.153E-13  1.00E-07
  6.300E+01 6.83011E-18  1.239E-03 -2.346E-09  1.152E-09 -2.792E-12 -4.323E-13  1.00E-07
  6.350E+01 6.69217E-18  1.221E-03 -2.351E-09  1.078E-09 -2.810E-12 -4.494E-13  1.00E-07
  6.400E+01 6.55966E-18  1.202E-03 -2.356E-09  1.005E-09 -2.829E-12 -4.665E-13  1.00E-07
  6.450E+01 6.43236E-18  1.181E-03 -2.358E-09  9.334E-10 -2.847E-12 -4.837E-13  1.00E-07
  6.500E+01 6.31007E-18  1.157E-03 -2.359E-09  8.622E-10 -2.864E-12 -5.009E-13  1.00E-07
  6.550E+01 6.19262E-18  1.132E-03 -2.359E-09  7.917E-10 -2.881E-12 -5.182E-13  1.00E-07
  6.600E+01 6.07982E-18  1.104E-03 -2.358E-09  7.219E-10 -2.898E-12 -5.355E-13  1.00E-07
  6.650E+01 5.97151E-18  1.073E-03 -2.355E-09  6.529E-10 -2.914E-12 -5.529E-13  1.00E-07
  6.700E+01 5.86753E-18  1.041E-03 -2.351E-09  5.848E-10 -2.930E-12 -5.703E-13  1.00E-07
  6.750E+01 5.76773E-18  1.006E-03 -2.345E-09  5.174E-10 -2.946E-12 -5.877E-13  1.00E-07
  6.800E+01 5.67198E-18  9.697E-04 -2.339E-09  4.507E-10 -2.962E-12 -6.051E-13  1.00E-07
  6.850E+01 5.58013E-18  9.307E-04 -2.331E-09  3.849E-10 -2.977E-12 -6.225E-13  1.00E-07
  6.900E+01 5.49206E-18  8.895E-04 -2.322E-09  3.199E-10 -2.991E-12 -6.400E-13  1.00E-07
  6.950E+01 5.40766E-18  8.462E-04 -2.311E-09  2.557E-10 -3.005E-12 -6.574E-13  1.00E-07
  7.000E+01 5.32681E-18  8.007E-04 -2.300E-09  1.923E-10 -3.019E-12 -6.749E-13  1.00E-07
  7.050E+01 5.24940E-18  7.532E-04 -2.287E-09  1.297E-10 -3.033E-12 -6.923E-13  1.00E-07
  7.100E+01 5.17534E-18  7.036E-04 -2.274E-09  6.788E-11 -3.046E-12 -7.097E-13  1.00E-07
  7.150E+01 5.10453E-18  6.519E-04 -2.259E-09  6.902E-12 -3.059E-12 -7.271E-13  1.00E-07
  7.200E+01 5.03688E-18  5.983E-04 -2.244E-09 -5.327E-11 -3.071E-12 -7.445E-13  1.00E-07
  7.250E+01 4.97231E-18  5.427E-04 -2.227E-09 -1.126E-10 -3.083E-12 -7.618E-13  1.00E-07
  7.300E+01 4.91074E-18  4.853E-04 -2.209E-09 -1.712E-10 -3.095E-12 -7.791E-13  1.00E-07
  7.350E+01 4.85209E-18  4.262E-04 -2.191E-09 -2.289E-10 -3.106E-12 -7.964E-13  1.00E-07
  7.400E+01 4.79629E-18  3.652E-04 -2.171E-09 -2.858E-10 -3.117E-12 -8.136E-13  1.00E-07
  7.450E+01 4.74328E-18  3.027E-04 -2.151E-09 -3.418E-10 -3.128E-12 -8.308E-13  1.00E-07
  7.500E+01 4.69299E-18  2.385E-04 -2.130E-09 -3.971E-10 -3.138E-12 -8.479E-13  1.00E-07
  7.550E+01 4.64536E-18  1.729E-04 -2.107E-09 -4.515E-10 -3.148E-12 -8.650E-13  1.00E-07
  7.600E+01 4.60034E-18  1.060E-04 -2.085E-09 -5.051E-10 -3.157E-12 -8.820E-13  1.00E-07
  7.650E+01 4.55788E-18  3.768E-05 -2.061E-09 -5.579E-10 -3.166E-12 -8.989E-13  1.00E-07
  7.700E+01 4.51791E-18 -3.177E-05 -2.036E-09 -6.099E-10 -3.175E-12 -9.157E-13  1.00E-07
  7.750E+01 4.48040E-18 -1.023E-04 -2.011E-09 -6.611E-10 -3.183E-12 -9.325E-13  1.00E-07
  7.800E+01 4.44531E-18 -1.738E-04 -1.985E-09 -7.114E-10 -3.191E-12 -9.492E-13  1.00E-07
  7.850E+01 4.41258E-18 -2.461E-04 -1.958E-09 -7.609E-10 -3.199E-12 -9.658E-13  1.00E-07
  7.900E+01 4.38217E-18 -3.192E-04 -1.930E-09 -8.097E-10 -3.206E-12 -9.823E-13  1.00E-07
  7.950E+01 4.35406E-18 -3.929E-04 -1.902E-09 -8.576E-10 -3.213E-12 -9.987E-13  1.00E-07
  8.000E+01 4.32820E-18 -4.670E-04 -1.873E-09 -9.047E-10 -3.219E-12 -1.015E-12  1.00E-07
  8.050E+01 4.30455E-18 -5.416E-04 -1.844E-09 -9.509E-10 -3.225E-12 -1.031E-12  1.00E-07
  8.100E+01 4.28309E-18 -6.163E-04 -1.814E-09 -9.964E-10 -3.231E-12 -1.047E-12  1.00E-07
  8.150E+01 4.26378E-18 -6.912E-04 -1.783E-09 -1.041E-09 -3.237E-12 -1.063E-12  1.00E-07
  8.200E+01 4.24660E-18 -7.660E-04 -1.752E-09 -1.085E-09 -3.242E-12 -1.079E-12  1.00E-07
  8.250E+01 4.23151E-18 -8.407E-04 -1.720E-09 -1.128E-09 -3.246E-12 -1.095E-12  1.00E-07
  8.300E+01 4.21849E-18 -9.151E-04 -1.688E-09 -1.170E-09 -3.251E-12 -1.110E-12  1.00E-07
  8.350E+01 4.20751E-18 -9.891E-04 -1.655E-09 -1.212E-09 -3.255E-12 -1.126E-12  1.00E-07
  8.400E+01 4.19855E-18 -1.062E-03 -1.622E-09 -1.253E-09 -3.258E-12 -1.141E-12  1.00E-07
  8.450E+01 4.19158E-18 -1.135E-03 -1.588E-09 -1.292E-09 -3.262E-12 -1.156E-12  1.00E-07
  8.500E+01 4.18657E-18 -1.207E-03 -1.553E-09 -1.332E-09 -3.264E-12 -1.172E-12  1.00E-07
  8.550E+01 4.18352E-18 -1.278E-03 -1.519E-09 -1.370E-09 -3.267E-12 -1.186E-12  1.00E-07
  8.600E+01 4.18239E-18 -1.348E-03 -1.484E-09 -1.408E-09 -3.269E-12 -1.201E-12  1.00E-07
  8.650E+01 4.18316E-18 -1.417E-03 -1.448E-09 -1.444E-09 -3.271E-12 -1.216E-12  1.00E-07
  8.700E+01 4.18582E-18 -1.485E-03 -1.412E-09 -1.481E-09 -3.273E-12 -1.230E-12  1.00E-07
  8.750E+01 4.19034E-18 -1.552E-03 -1.376E-09 -1.516E-09 -3.274E-12 -1.244E-12  1.00E-07
  8.800E+01 4.19670E-18 -1.617E-03 -1.339E-09 -1.550E-09 -3.275E-12 -1.259E-12  1.00E-07
  8.850E+01 4.20489E-18 -1.680E-03 -1.302E-09 -1.584E-09 -3.275E-12 -1.273E-12  1.00E-07
  8.900E+01 4.21489E-18 -1.742E-03 -1.264E-09 -1.617E-09 -3.275E-12 -1.286E-12  1.00E-07
  8.950E+01 4.22668E-18 -1.802E-03 -1.227E-09 -1.650E-09 -3.275E-12 -1.300E-12  1.00E-07
  9.000E+01 4.24024E-18 -1.861E-03 -1.189E-09 -1.681E-09 -3.275E-12 -1.313E-12  1.00E-07
  9.050E+01 4.25555E-18 -1.917E-03 -1.151E-09 -1.712E-09 -3.274E-12 -1.326E-12  1.00E-07
  9.100E+01 4.27260E-18 -1.972E-03 -1.112E-09 -1.742E-09 -3.273E-12 -1.340E-12  1.00E-07
  9.150E+01 4.29137E-18 -2.025E-03 -1.073E-09 -1.772E-09 -3.271E-12 -1.352E-12  1.00E-07
  9.200E+01 4.31185E-18 -2.076E-03 -1.034E-09 -1.801E-09 -3.269E-12 -1.365E-12  1.00E-07
  9.250E+01 4.33401E-18 -2.125E-03 -9.949E-10 -1.829E-09 -3.267E-12 -1.377E-12  1.00E-07
  9.300E+01 4.35784E-18 -2.172E-03 -9.554E-10 -1.856E-09 -3.265E-12 -1.390E-12  1.00E-07
  9.350E+01 4.38332E-18 -2.216E-03 -9.157E-10 -1.883E-09 -3.262E-12 -1.402E-12  1.00E-07
  9.400E+01 4.41045E-18 -2.259E-03 -8.759E-10 -1.909E-09 -3.259E-12 -1.414E-12  1.00E-07
  9.450E+01 4.43919E-18 -2.300E-03 -8.358E-10 -1.934E-09 -3.255E-12 -1.425E-12  1.00E-07
  9.500E+01 4.46953E-18 -2.338E-03 -7.956E-10 -1.959E-09 -3.252E-12 -1.437E-12  1.00E-07
  9.550E+01 4.50147E-18 -2.375E-03 -7.553E-10 -1.983E-09 -3.247E-12 -1.448E-12  1.00E-07
  9.600E+01 4.53497E-18 -2.409E-03 -7.149E-10 -2.006E-09 -3.243E-12 -1.459E-12  1.00E-07
  9.650E+01 4.57003E-18 -2.441E-03 -6.743E-10 -2.029E-09 -3.238E-12 -1.470E-12  1.00E-07
  9.700E+01 4.60663E-18 -2.472E-03 -6.336E-10 -2.051E-09 -3.233E-12 -1.480E-12  1.00E-07
  9.750E+01 4.64475E-18 -2.500E-03 -5.928E-10 -2.072E-09 -3.228E-12 -1.491E-12  1.00E-07
  9.800E+01 4.68438E-18 -2.526E-03 -5.519E-10 -2.093E-09 -3.223E-12 -1.501E-12  1.00E-07
  9.850E+01 4.72549E-18 -2.550E-03 -5.109E-10 -2.113E-09 -3.217E-12 -1.510E-12  1.00E-07
  9.900E+01 4.76808E-18 -2.572E-03 -4.699E-10 -2.132E-09 -3.211E-12 -1.520E-12  1.00E-07
  9.950E+01 4.81212E-18 -2.592E-03 -4.288E-10 -2.151E-09 -3.204E-12 -1.530E-12  1.00E-07
  1.000E+02 4.85760E-18 -2.611E-03 -3.877E-10 -2.170E-09 -3.197E-12 -1.539E-12  1.00E-07
  1.005E+02 4.90449E-18 -2.627E-03 -3.466E-10 -2.187E-09 -3.190E-12 -1.548E-12  1.00E-07
  1.010E+02 4.95279E-18 -2.642E-03 -3.054E-10 -2.204E-09 -3.183E-12 -1.556E-12  1.00E-07
  1.015E+02 5.00248E-18 -2.654E-03 -2.642E-10 -2.221E-09 -3.175E-12 -1.565E-12  1.00E-07
  1.020E+02 5.05353E-18 -2.665E-03 -2.230E-10 -2.237E-09 -3.167E-12 -1.573E-12  1.00E-07
  1.025E+02 5.10593E-18 -2.675E-03 -1.818E-10 -2.252E-09 -3.159E-12 -1.581E-12  1.00E-07
  1.030E+02 5.15966E-18 -2.682E-03 -1.406E-10 -2.267E-09 -3.151E-12 -1.589E-12  1.00E-07
  1.035E+02 5.21470E-18 -2.688E-03 -9.947E-11 -2.281E-09 -3.142E-12 -1.596E-12  1.00E-07
  1.040E+02 5.27104E-18 -2.693E-03 -5.835E-11 -2.295E-09 -3.133E-12 -1.603E-12  1.00E-07
  1.045E+02 5.32865E-18 -2.696E-03 -1.727E-11 -2.308E-09 -3.124E-12 -1.610E-12  1.00E-07
  1.050E+02 5.38752E-18 -2.698E-03  2.375E-11 -2.321E-09 -3.114E-12 -1.617E-12  1.00E-07
  1.055E+02 5.44762E-18 -2.698E-03  6.472E-11 -2.333E-09 -3.105E-12 -1.624E-12  1.00E-07
  1.060E+02 5.50894E-18 -2.697E-03  1.056E-10 -2.345E-09 -3.095E-12 -1.630E-12  1.00E-07
  1.065E+02 5.57147E-18 -2.694E-03  1.465E-10 -2.356E-09 -3.084E-12 -1.636E-12  1.00E-07
  1.070E+02 5.63517E-18 -2.691E-03  1.872E-10 -2.366E-09 -3.074E-12 -1.641E-12  1.00E-07
  1.075E+02 5.70003E-18 -2.686E-03  2.279E-10 -2.377E-09 -3.063E-12 -1.647E-12  1.00E-07
  1.080E+02 5.76602E-18 -2.680E-03  2.684E-10 -2.386E-09 -3.052E-12 -1.652E-12  1.00E-07
  1.085E+02 5.83314E-18 -2.673E-03  3.089E-10 -2.395E-09 -3.041E-12 -1.657E-12  1.00E-07
  1.090E+02 5.90136E-18 -2.665E-03  3.492E-10 -2.404E-09 -3.029E-12 -1.662E-12  1.00E-07
  1.095E+02 5.97065E-18 -2.655E-03  3.894E-10 -2.412E-09 -3.017E-12 -1.666E-12  1.00E-07
  1.100E+02 6.04100E-18 -2.645E-03  4.295E-10 -2.420E-09 -3.005E-12 -1.670E-12  1.00E-07
  1.105E+02 6.11238E-18 -2.634E-03  4.695E-10 -2.427E-09 -2.993E-12 -1.674E-12  1.00E-07
  1.110E+02 6.18478E-18 -2.623E-03  5.093E-10 -2.434E-09 -2.981E-12 -1.677E-12  1.00E-07
  1.115E+02 6.25817E-18 -2.610E-03  5.490E-10 -2.441E-09 -2.968E-12 -1.681E-12  1.00E-07
  1.120E+02 6.33254E-18 -2.596E-03  5.886E-10 -2.447E-09 -2.955E-12 -1.684E-12  1.00E-07
  1.125E+02 6.40785E-18 -2.582E-03  6.280E-10 -2.452E-09 -2.942E-12 -1.687E-12  1.00E-07
  1.130E+02 6.48409E-18 -2.567E-03  6.672E-10 -2.457E-09 -2.928E-12 -1.689E-12  1.00E-07
  1.135E+02 6.56124E-18 -2.552E-03  7.062E-10 -2.462E-09 -2.915E-12 -1.691E-12  1.00E-07
  1.140E+02 6.63927E-18 -2.536E-03  7.451E-10 -2.467E-09 -2.901E-12 -1.693E-12  1.00E-07
  1.145E+02 6.71817E-18 -2.519E-03  7.838E-10 -2.471E-09 -2.887E-12 -1.695E-12  1.00E-07
  1.150E+02 6.79790E-18 -2.502E-03  8.223E-10 -2.474E-09 -2.873E-12 -1.697E-12  1.00E-07
  1.155E+02 6.87845E-18 -2.484E-03  8.607E-10 -2.477E-09 -2.858E-12 -1.698E-12  1.00E-07
  1.160E+02 6.95979E-18 -2.465E-03  8.988E-10 -2.480E-09 -2.843E-12 -1.699E-12  1.00E-07
  1.165E+02 7.04190E-18 -2.447E-03  9.367E-10 -2.483E-09 -2.829E-12 -1.699E-12  1.00E-07
  1.170E+02 7.12476E-18 -2.428E-03  9.745E-10 -2.485E-09 -2.814E-12 -1.700E-12  1.00E-07
  1.175E+02 7.20834E-18 -2.408E-03  1.012E-09 -2.487E-09 -2.798E-12 -1.700E-12  1.00E-07
  1.180E+02 7.29262E-18 -2.388E-03  1.049E-09 -2.488E-09 -2.783E-12 -1.699E-12  1.00E-07
  1.185E+02 7.37757E-18 -2.368E-03  1.086E-09 -2.489E-09 -2.767E-12 -1.699E-12  1.00E-07
  1.190E+02 7.46318E-18 -2.347E-03  1.123E-09 -2.490E-09 -2.751E-12 -1.698E-12  1.00E-07
  1.195E+02 7.54942E-18 -2.326E-03  1.160E-09 -2.491E-09 -2.735E-12 -1.697E-12  1.00E-07
  1.200E+02 7.63626E-18 -2.305E-03  1.196E-09 -2.491E-09 -2.719E-12 -1.696E-12  1.00E-07
  1.205E+02 7.72369E-18 -2.284E-03  1.233E-09 -2.491E-09 -2.703E-12 -1.694E-12  1.00E-07
  1.210E+02 7.81167E-18 -2.262E-03  1.269E-09 -2.490E-09 -2.686E-12 -1.693E-12  1.00E-07
  1.215E+02 7.90018E-18 -2.241E-03  1.304E-09 -2.490E-09 -2.669E-12 -1.690E-12  1.00E-07
  1.220E+02 7.98920E-18 -2.219E-03  1.340E-09 -2.489E-09 -2.652E-12 -1.688E-12  1.00E-07
  1.225E+02 8.07871E-18 -2.196E-03  1.375E-09 -2.488E-09 -2.635E-12 -1.685E-12  1.00E-07
  1.230E+02 8.16867E-18 -2.174E-03  1.410E-09 -2.486E-09 -2.618E-12 -1.683E-12  1.00E-07
  1.235E+02 8.25907E-18 -2.152E-03  1.445E-09 -2.484E-09 -2.600E-12 -1.679E-12  1.00E-07
  1.240E+02 8.34987E-18 -2.129E-03  1.479E-09 -2.482E-09 -2.583E-12 -1.676E-12  1.00E-07
  1.245E+02 8.44106E-18 -2.107E-03  1.513E-09 -2.480E-09 -2.565E-12 -1.672E-12  1.00E-07
  1.250E+02 8.53261E-18 -2.084E-03  1.547E-09 -2.478E-09 -2.547E-12 -1.668E-12  1.00E-07
  1.255E+02 8.62450E-18 -2.061E-03  1.581E-09 -2.475E-09 -2.529E-12 -1.664E-12  1.00E-07
  1.260E+02 8.71669E-18 -2.038E-03  1.614E-09 -2.472E-09 -2.510E-12 -1.659E-12  1.00E-07
  1.265E+02 8.80917E-18 -2.016E-03  1.648E-09 -2.469E-09 -2.492E-12 -1.655E-12  1.00E-07
  1.270E+02 8.90191E-18 -1.993E-03  1.680E-09 -2.465E-09 -2.473E-12 -1.650E-12  1.00E-07
  1.275E+02 8.99488E-18 -1.970E-03  1.713E-09 -2.462E-09 -2.454E-12 -1.644E-12  1.00E-07
  1.280E+02 9.08807E-18 -1.947E-03  1.745E-09 -2.458E-09 -2.436E-12 -1.639E-12  1.00E-07
  1.285E+02 9.18143E-18 -1.924E-03  1.777E-09 -2.454E-09 -2.416E-12 -1.633E-12  1.00E-07
  1.290E+02 9.27496E-18 -1.901E-03  1.809E-09 -2.450E-09 -2.397E-12 -1.627E-12  1.00E-07
  1.295E+02 9.36862E-18 -1.878E-03  1.841E-09 -2.445E-09 -2.378E-12 -1.621E-12  1.00E-07
  1.300E+02 9.46239E-18 -1.855E-03  1.872E-09 -2.441E-09 -2.358E-12 -1.614E-12  1.00E-07
  1.305E+02 9.55624E-18 -1.833E-03  1.903E-09 -2.436E-09 -2.339E-12 -1.607E-12  1.00E-07
  1.310E+02 9.65015E-18 -1.810E-03  1.933E-09 -2.431E-09 -2.319E-12 -1.600E-12  1.00E-07
  1.315E+02 9.74409E-18 -1.787E-03  1.964E-09 -2.426E-09 -2.299E-12 -1.593E-12  1.00E-07
  1.320E+02 9.83804E-18 -1.764E-03  1.994E-09 -2.421E-09 -2.279E-12 -1.585E-12  1.00E-07
  1.325E+02 9.93198E-18 -1.742E-03  2.024E-09 -2.416E-09 -2.259E-12 -1.577E-12  1.00E-07
  1.330E+02 1.00259E-17 -1.719E-03  2.053E-09 -2.411E-09 -2.239E-12 -1.569E-12  1.00E-07
  1.335E+02 1.01197E-17 -1.697E-03  2.082E-09 -2.405E-09 -2.218E-12 -1.561E-12  1.00E-07
  1.340E+02 1.02134E-17 -1.674E-03  2.111E-09 -2.399E-09 -2.198E-12 -1.552E-12  1.00E-07
  1.345E+02 1.03070E-17 -1.652E-03  2.140E-09 -2.394E-09 -2.177E-12 -1.543E-12  1.00E-07
  1.350E+02 1.04005E-17 -1.630E-03  2.168E-09 -2.388E-09 -2.156E-12 -1.534E-12  1.00E-07
  1.355E+02 1.04938E-17 -1.607E-03  2.196E-09 -2.382E-09 -2.135E-12 -1.525E-12  1.00E-07
  1.360E+02 1.05869E-17 -1.585E-03  2.224E-09 -2.375E-09 -2.114E-12 -1.515E-12  1.00E-07
  1.365E+02 1.06798E-17 -1.563E-03  2.251E-09 -2.369E-09 -2.093E-12 -1.506E-12  1.00E-07
  1.370E+02 1.07725E-17 -1.541E-03  2.278E-09 -2.363E-09 -2.072E-12 -1.495E-12  1.00E-07
  1.375E+02 1.08648E-17 -1.520E-03  2.305E-09 -2.357E-09 -2.051E-12 -1.485E-12  1.00E-07
  1.380E+02 1.09569E-17 -1.498E-03  2.331E-09 -2.350E-09 -2.029E-12 -1.475E-12  1.00E-07
  1.385E+02 1.10487E-17 -1.476E-03  2.357E-09 -2.343E-09 -2.008E-12 -1.464E-12  1.00E-07
  1.390E+02 1.11401E-17 -1.455E-03  2.383E-09 -2.337E-09 -1.986E-12 -1.453E-12  1.00E-07
  1.395E+02 1.12312E-17 -1.433E-03  2.409E-09 -2.330E-09 -1.964E-12 -1.442E-12  1.00E-07
  1.400E+02 1.13219E-17 -1.412E-03  2.434E-09 -2.323E-09 -1.942E-12 -1.430E-12  1.00E-07
  1.405E+02 1.14122E-17 -1.391E-03  2.459E-09 -2.317E-09 -1.920E-12 -1.419E-12  1.00E-07
  1.410E+02 1.15020E-17 -1.370E-03  2.483E-09 -2.310E-09 -1.898E-12 -1.407E-12  1.00E-07
  1.415E+02 1.15914E-17 -1.349E-03  2.508E-09 -2.303E-09 -1.876E-12 -1.395E-12  1.00E-07
  1.420E+02 1.16803E-17 -1.328E-03  2.532E-09 -2.296E-09 -1.854E-12 -1.382E-12  1.00E-07
  1.425E+02 1.17687E-17 -1.307E-03  2.555E-09 -2.289E-09 -1.832E-12 -1.370E-12  1.00E-07
  1.430E+02 1.18565E-17 -1.287E-03  2.578E-09 -2.282E-09 -1.809E-12 -1.357E-12  1.00E-07
  1.435E+02 1.19438E-17 -1.266E-03  2.602E-09 -2.275E-09 -1.787E-12 -1.344E-12  1.00E-07
  1.440E+02 1.20305E-17 -1.246E-03  2.624E-09 -2.268E-09 -1.764E-12 -1.331E-12  1.00E-07
  1.445E+02 1.21167E-17 -1.225E-03  2.647E-09 -2.261E-09 -1.741E-12 -1.318E-12  1.00E-07
  1.450E+02 1.22022E-17 -1.205E-03  2.669E-09 -2.254E-09 -1.719E-12 -1.304E-12  1.00E-07
  1.455E+02 1.22870E-17 -1.185E-03  2.690E-09 -2.247E-09 -1.696E-12 -1.290E-12  1.00E-07
  1.460E+02 1.23712E-17 -1.165E-03  2.712E-09 -2.240E-09 -1.673E-12 -1.276E-12  1.00E-07
  1.465E+02 1.24547E-17 -1.145E-03  2.733E-09 -2.233E-09 -1.650E-12 -1.262E-12  1.00E-07
  1.470E+02 1.25375E-17 -1.126E-03  2.754E-09 -2.226E-09 -1.627E-12 -1.248E-12  1.00E-07
  1.475E+02 1.26196E-17 -1.106E-03  2.774E-09 -2.219E-09 -1.603E-12 -1.233E-12  1.00E-07
  1.480E+02 1.27009E-17 -1.086E-03  2.794E-09 -2.212E-09 -1.580E-12 -1.218E-12  1.00E-07
  1.485E+02 1.27814E-17 -1.067E-03  2.814E-09 -2.205E-09 -1.557E-12 -1.203E-12  1.00E-07
  1.490E+02 1.28611E-17 -1.048E-03  2.834E-09 -2.198E-09 -1.534E-12 -1.188E-12  1.00E-07
  1.495E+02 1.29400E-17 -1.029E-03  2.853E-09 -2.191E-09 -1.510E-12 -1.173E-12  1.00E-07
  1.500E+02 1.30181E-17 -1.009E-03  2.872E-09 -2.184E-09 -1.487E-12 -1.157E-12  1.00E-07
  1.505E+02 1.30953E-17 -9.905E-04  2.891E-09 -2.177E-09 -1.463E-12 -1.142E-12  1.00E-07
  1.510E+02 1.31717E-17 -9.716E-04  2.909E-09 -2.170E-09 -1.439E-12 -1.126E-12  1.00E-07
  1.515E+02 1.32471E-17 -9.528E-04  2.927E-09 -2.163E-09 -1.416E-12 -1.110E-12  1.00E-07
  1.520E+02 1.33216E-17 -9.341E-04  2.944E-09 -2.157E-09 -1.392E-12 -1.094E-12  1.00E-07
  1.525E+02 1.33952E-17 -9.156E-04  2.962E-09 -2.150E-09 -1.368E-12 -1.077E-12  1.00E-07
  1.530E+02 1.34678E-17 -8.971E-04  2.979E-09 -2.143E-09 -1.344E-12 -1.061E-12  1.00E-07
  1.535E+02 1.35394E-17 -8.787E-04  2.996E-09 -2.137E-09 -1.320E-12 -1.044E-12  1.00E-07
  1.540E+02 1.36101E-17 -8.604E-04  3.012E-09 -2.130E-09 -1.296E-12 -1.027E-12  1.00E-07
  1.545E+02 1.36797E-17 -8.422E-04  3.028E-09 -2.124E-09 -1.272E-12 -1.010E-12  1.00E-07
  1.550E+02 1.37483E-17 -8.241E-04  3.044E-09 -2.118E-09 -1.248E-12 -9.929E-13  1.00E-07
  1.555E+02 1.38158E-17 -8.061E-04  3.059E-09 -2.111E-09 -1.224E-12 -9.756E-13  1.00E-07
  1.560E+02 1.38823E-17 -7.882E-04  3.074E-09 -2.105E-09 -1.200E-12 -9.581E-13  1.00E-07
  1.565E+02 1.39477E-17 -7.703E-04  3.089E-09 -2.099E-09 -1.175E-12 -9.405E-13  1.00E-07
  1.570E+02 1.40120E-17 -7.526E-04  3.103E-09 -2.093E-09 -1.151E-12 -9.227E-13  1.00E-07
  1.575E+02 1.40751E-17 -7.349E-04  3.118E-09 -2.087E-09 -1.127E-12 -9.048E-13  1.00E-07
  1.580E+02 1.41372E-17 -7.174E-04  3.132E-09 -2.081E-09 -1.102E-12 -8.867E-13  1.00E-07
  1.585E+02 1.41980E-17 -6.999E-04  3.145E-09 -2.075E-09 -1.078E-12 -8.685E-13  1.00E-07
  1.590E+02 1.42578E-17 -6.825E-04  3.158E-09 -2.070E-09 -1.053E-12 -8.502E-13  1.00E-07
  1.595E+02 1.43163E-17 -6.651E-04  3.171E-09 -2.064E-09 -1.029E-12 -8.318E-13  1.00E-07
  1.600E+02 1.43736E-17 -6.479E-04  3.184E-09 -2.058E-09 -1.004E-12 -8.132E-13  1.00E-07
  1.605E+02 1.44297E-17 -6.307E-04  3.196E-09 -2.053E-09 -9.797E-13 -7.945E-13  1.00E-07
  1.610E+02 1.44846E-17 -6.136E-04  3.208E-09 -2.048E-09 -9.550E-13 -7.756E-13  1.00E-07
  1.615E+02 1.45382E-17 -5.966E-04  3.220E-09 -2.043E-09 -9.303E-13 -7.567E-13  1.00E-07
  1.620E+02 1.45906E-17 -5.796E-04  3.231E-09 -2.038E-09 -9.056E-13 -7.376E-13  1.00E-07
  1.625E+02 1.46417E-17 -5.627E-04  3.242E-09 -2.033E-09 -8.808E-13 -7.184E-13  1.00E-07
  1.630E+02 1.46915E-17 -5.459E-04  3.253E-09 -2.028E-09 -8.560E-13 -6.992E-13  1.00E-07
  1.635E+02 1.47400E-17 -5.291E-04  3.263E-09 -2.023E-09 -8.312E-13 -6.798E-13  1.00E-07
  1.640E+02 1.47873E-17 -5.124E-04  3.273E-09 -2.018E-09 -8.063E-13 -6.603E-13  1.00E-07
  1.645E+02 1.48332E-17 -4.958E-04  3.283E-09 -2.014E-09 -7.815E-13 -6.407E-13  1.00E-07
  1.650E+02 1.48777E-17 -4.792E-04  3.292E-09 -2.009E-09 -7.565E-13 -6.210E-13  1.00E-07
  1.655E+02 1.49209E-17 -4.627E-04  3.302E-09 -2.005E-09 -7.316E-13 -6.012E-13  1.00E-07
  1.660E+02 1.49628E-17 -4.462E-04  3.310E-09 -2.001E-09 -7.066E-13 -5.813E-13  1.00E-07
  1.665E+02 1.50033E-17 -4.298E-04  3.319E-09 -1.997E-09 -6.816E-13 -5.613E-13  1.00E-07
  1.670E+02 1.50424E-17 -4.134E-04  3.327E-09 -1.993E-09 -6.566E-13 -5.413E-13  1.00E-07
  1.675E+02 1.50801E-17 -3.971E-04  3.335E-09 -1.990E-09 -6.315E-13 -5.211E-13  1.00E-07
  1.680E+02 1.51164E-17 -3.809E-04  3.343E-09 -1.986E-09 -6.064E-13 -5.009E-13  1.00E-07
  1.685E+02 1.51513E-17 -3.646E-04  3.350E-09 -1.982E-09 -5.813E-13 -4.806E-13  1.00E-07
  1.690E+02 1.51848E-17 -3.485E-04  3.357E-09 -1.979E-09 -5.562E-13 -4.602E-13  1.00E-07
  1.695E+02 1.52168E-17 -3.323E-04  3.363E-09 -1.976E-09 -5.311E-13 -4.398E-13  1.00E-07
  1.700E+02 1.52475E-17 -3.163E-04  3.370E-09 -1.973E-09 -5.059E-13 -4.193E-13  1.00E-07
  1.705E+02 1.52767E-17 -3.002E-04  3.376E-09 -1.970E-09 -4.807E-13 -3.987E-13  1.00E-07
  1.710E+02 1.53044E-17 -2.842E-04  3.382E-09 -1.967E-09 -4.555E-13 -3.781E-13  1.00E-07
  1.715E+02 1.53307E-17 -2.682E-04  3.387E-09 -1.965E-09 -4.303E-13 -3.574E-13  1.00E-07
  1.720E+02 1.53555E-17 -2.523E-04  3.392E-09 -1.962E-09 -4.051E-13 -3.367E-13  1.00E-07
  1.725E+02 1.53788E-17 -2.363E-04  3.397E-09 -1.960E-09 -3.798E-13 -3.159E-13  1.00E-07
  1.730E+02 1.54007E-17 -2.205E-04  3.401E-09 -1.958E-09 -3.546E-13 -2.950E-13  1.00E-07
  1.735E+02 1.54211E-17 -2.046E-04  3.405E-09 -1.955E-09 -3.293E-13 -2.741E-13  1.00E-07
  1.740E+02 1.54400E-17 -1.888E-04  3.409E-09 -1.954E-09 -3.040E-13 -2.532E-13  1.00E-07
  1.745E+02 1.54573E-17 -1.729E-04  3.413E-09 -1.952E-09 -2.787E-13 -2.323E-13  1.00E-07
  1.750E+02 1.54733E-17 -1.572E-04  3.416E-09 -1.950E-09 -2.534E-13 -2.113E-13  1.00E-07
  1.755E+02 1.54876E-17 -1.414E-04  3.419E-09 -1.949E-09 -2.281E-13 -1.902E-13  1.00E-07
  1.760E+02 1.55005E-17 -1.256E-04  3.422E-09 -1.948E-09 -2.028E-13 -1.692E-13  1.00E-07
  1.765E+02 1.55119E-17 -1.099E-04  3.424E-09 -1.946E-09 -1.774E-13 -1.481E-13  1.00E-07
  1.770E+02 1.55218E-17 -9.417E-05  3.426E-09 -1.945E-09 -1.521E-13 -1.270E-13  1.00E-07
  1.775E+02 1.55302E-17 -7.846E-05  3.428E-09 -1.945E-09 -1.268E-13 -1.058E-13  1.00E-07
  1.780E+02 1.55370E-17 -6.275E-05  3.429E-09 -1.944E-09 -1.014E-13 -8.468E-14  1.00E-07
  1.785E+02 1.55423E-17 -4.706E-05  3.430E-09 -1.943E-09 -7.606E-14 -6.352E-14  1.00E-07
  1.790E+02 1.55461E-17 -3.137E-05  3.431E-09 -1.943E-09 -5.071E-14 -4.235E-14  1.00E-07
  1.795E+02 1.55484E-17 -1.568E-05  3.431E-09 -1.943E-09 -2.536E-14 -2.118E-14  1.00E-07
  1.800E+02 1.55492E-17 -2.201E-19  3.432E-09 -1.943E-09 -3.558E-28 -2.972E-28  1.00E-07

  TOTAL ELASTIC CROSS SECTION = 2.123813E-16 cm**2
               FROM DCS TABLE = 2.123777E-16  (REL. DIF. = 1.69E-05)

  1ST TRANSPORT CROSS SECTION = 1.138548E-16 cm**2
               FROM DCS TABLE = 1.138551E-16  (REL. DIF. = 2.85E-06)

  2ND TRANSPORT CROSS SECTION = 1.107274E-16 cm**2

  **** DPWA0 ENDED ************************************************************

