

  **** PARTIAL WAVE ANALYSIS (DPWA0) ******************************************


  KINETIC ENERGY = 9.20000E+01 eV

      L       PHASE(SPIN UP)     PHASE(SPIN DOWN)
  -----------------------------------------------
       0      6.48276877E-01      0.00000000E+00
       1      2.72215791E-01      2.72275120E-01
       2      1.25187185E-01      1.25207740E-01
       3      5.94112777E-02      5.94201917E-02
       4      2.86042090E-02      2.86083471E-02
       5      1.38666858E-02      1.38686606E-02
       6      6.74227610E-03      6.74323017E-03
       7      3.28111761E-03      3.28158101E-03
       8      1.59636813E-03      1.59659364E-03
       9      7.76053717E-04      7.76163487E-04
      10      3.76861495E-04      3.76914893E-04
      11      1.82792995E-04      1.82818945E-04
      12      8.85565508E-05      8.85691464E-05
      13      4.28529530E-05      4.28590593E-05
      14      2.07140364E-05      2.07169932E-05
      15      1.00023331E-05      1.00037632E-05
      16      4.82524985E-06      4.82594081E-06
      17      2.32567276E-06      2.32600626E-06
      18      1.11999074E-06      1.12015156E-06
      19      5.38942059E-07      5.39019545E-07
      20      2.59151925E-07      2.59189222E-07
      21      1.24529489E-07      1.24547435E-07
      22      5.98018151E-08      5.98104421E-08
      23      2.87011318E-08      2.87052747E-08
      24      1.37670640E-08      1.37690514E-08
      25      6.60016121E-09      6.60111968E-09
      26      3.16263871E-09      3.16310050E-09
      27      1.51477431E-09      1.51499196E-09
      28      7.25190363E-10      7.25294975E-10
      29      3.46989406E-10      3.47042670E-10


  *** SCATTERING AMPLITUDES AND DIFFERENTIAL CROSS SECTION ***

    ANGLE      DCS       ASYMMETRY    DIRECT AMPLITUDE       SPIN-FLIP AMPLITUDE     ERROR
    (deg)   (cm**2/sr)                      (cm)                    (cm)
  -------------------------------------------------------------------------------------------
  0.000E+00 3.67732E-17  0.000E+00  5.897E-09  1.413E-09  0.000E+00  0.000E+00  1.00E-07
  1.000E-04 3.67732E-17 -1.475E-11  5.897E-09  1.413E-09  1.021E-18  1.986E-19  1.00E-07
  1.250E-04 3.67732E-17 -1.844E-11  5.897E-09  1.413E-09  1.276E-18  2.483E-19  1.00E-07
  1.500E-04 3.67732E-17 -2.213E-11  5.897E-09  1.413E-09  1.531E-18  2.980E-19  1.00E-07
  1.750E-04 3.67732E-17 -2.582E-11  5.897E-09  1.413E-09  1.787E-18  3.476E-19  1.00E-07
  2.000E-04 3.67732E-17 -2.951E-11  5.897E-09  1.413E-09  2.042E-18  3.973E-19  1.00E-07
  2.250E-04 3.67732E-17 -3.319E-11  5.897E-09  1.413E-09  2.297E-18  4.470E-19  1.00E-07
  2.500E-04 3.67732E-17 -3.688E-11  5.897E-09  1.413E-09  2.552E-18  4.966E-19  1.00E-07
  2.750E-04 3.67732E-17 -4.057E-11  5.897E-09  1.413E-09  2.808E-18  5.463E-19  1.00E-07
  3.000E-04 3.67732E-17 -4.426E-11  5.897E-09  1.413E-09  3.063E-18  5.959E-19  1.00E-07
  3.250E-04 3.67732E-17 -4.795E-11  5.897E-09  1.413E-09  3.318E-18  6.456E-19  1.00E-07
  3.500E-04 3.67732E-17 -5.163E-11  5.897E-09  1.413E-09  3.573E-18  6.953E-19  1.00E-07
  3.750E-04 3.67732E-17 -5.532E-11  5.897E-09  1.413E-09  3.829E-18  7.449E-19  1.00E-07
  4.000E-04 3.67732E-17 -5.901E-11  5.897E-09  1.413E-09  4.084E-18  7.946E-19  1.00E-07
  4.250E-04 3.67732E-17 -6.270E-11  5.897E-09  1.413E-09  4.339E-18  8.443E-19  1.00E-07
  4.500E-04 3.67732E-17 -6.639E-11  5.897E-09  1.413E-09  4.594E-18  8.939E-19  1.00E-07
  4.750E-04 3.67732E-17 -7.007E-11  5.897E-09  1.413E-09  4.850E-18  9.436E-19  1.00E-07
  5.000E-04 3.67732E-17 -7.376E-11  5.897E-09  1.413E-09  5.105E-18  9.932E-19  1.00E-07
  5.250E-04 3.67732E-17 -7.745E-11  5.897E-09  1.413E-09  5.360E-18  1.043E-18  1.00E-07
  5.500E-04 3.67732E-17 -8.114E-11  5.897E-09  1.413E-09  5.615E-18  1.093E-18  1.00E-07
  5.750E-04 3.67732E-17 -8.483E-11  5.897E-09  1.413E-09  5.870E-18  1.142E-18  1.00E-07
  6.000E-04 3.67732E-17 -8.852E-11  5.897E-09  1.413E-09  6.126E-18  1.192E-18  1.00E-07
  6.250E-04 3.67732E-17 -9.220E-11  5.897E-09  1.413E-09  6.381E-18  1.242E-18  1.00E-07
  6.500E-04 3.67732E-17 -9.589E-11  5.897E-09  1.413E-09  6.636E-18  1.291E-18  1.00E-07
  6.750E-04 3.67732E-17 -9.958E-11  5.897E-09  1.413E-09  6.891E-18  1.341E-18  1.00E-07
  7.000E-04 3.67732E-17 -1.033E-10  5.897E-09  1.413E-09  7.147E-18  1.391E-18  1.00E-07
  7.250E-04 3.67732E-17 -1.070E-10  5.897E-09  1.413E-09  7.402E-18  1.440E-18  1.00E-07
  7.500E-04 3.67732E-17 -1.106E-10  5.897E-09  1.413E-09  7.657E-18  1.490E-18  1.00E-07
  7.750E-04 3.67732E-17 -1.143E-10  5.897E-09  1.413E-09  7.912E-18  1.540E-18  1.00E-07
  8.000E-04 3.67732E-17 -1.180E-10  5.897E-09  1.413E-09  8.168E-18  1.589E-18  1.00E-07
  8.250E-04 3.67732E-17 -1.217E-10  5.897E-09  1.413E-09  8.423E-18  1.639E-18  1.00E-07
  8.500E-04 3.67732E-17 -1.254E-10  5.897E-09  1.413E-09  8.678E-18  1.689E-18  1.00E-07
  8.750E-04 3.67732E-17 -1.291E-10  5.897E-09  1.413E-09  8.933E-18  1.738E-18  1.00E-07
  9.000E-04 3.67732E-17 -1.328E-10  5.897E-09  1.413E-09  9.189E-18  1.788E-18  1.00E-07
  9.250E-04 3.67732E-17 -1.365E-10  5.897E-09  1.413E-09  9.444E-18  1.837E-18  1.00E-07
  9.500E-04 3.67732E-17 -1.401E-10  5.897E-09  1.413E-09  9.699E-18  1.887E-18  1.00E-07
  9.750E-04 3.67732E-17 -1.438E-10  5.897E-09  1.413E-09  9.954E-18  1.937E-18  1.00E-07
  1.000E-03 3.67732E-17 -1.475E-10  5.897E-09  1.413E-09  1.021E-17  1.986E-18  1.00E-07
  1.250E-03 3.67732E-17 -1.844E-10  5.897E-09  1.413E-09  1.276E-17  2.483E-18  1.00E-07
  1.500E-03 3.67732E-17 -2.213E-10  5.897E-09  1.413E-09  1.531E-17  2.980E-18  1.00E-07
  1.750E-03 3.67732E-17 -2.582E-10  5.897E-09  1.413E-09  1.787E-17  3.476E-18  1.00E-07
  2.000E-03 3.67732E-17 -2.951E-10  5.897E-09  1.413E-09  2.042E-17  3.973E-18  1.00E-07
  2.250E-03 3.67732E-17 -3.319E-10  5.897E-09  1.413E-09  2.297E-17  4.470E-18  1.00E-07
  2.500E-03 3.67732E-17 -3.688E-10  5.897E-09  1.413E-09  2.552E-17  4.966E-18  1.00E-07
  2.750E-03 3.67732E-17 -4.057E-10  5.897E-09  1.413E-09  2.808E-17  5.463E-18  1.00E-07
  3.000E-03 3.67732E-17 -4.426E-10  5.897E-09  1.413E-09  3.063E-17  5.959E-18  1.00E-07
  3.250E-03 3.67732E-17 -4.795E-10  5.897E-09  1.413E-09  3.318E-17  6.456E-18  1.00E-07
  3.500E-03 3.67732E-17 -5.163E-10  5.897E-09  1.413E-09  3.573E-17  6.953E-18  1.00E-07
  3.750E-03 3.67732E-17 -5.532E-10  5.897E-09  1.413E-09  3.829E-17  7.449E-18  1.00E-07
  4.000E-03 3.67732E-17 -5.901E-10  5.897E-09  1.413E-09  4.084E-17  7.946E-18  1.00E-07
  4.250E-03 3.67732E-17 -6.270E-10  5.897E-09  1.413E-09  4.339E-17  8.443E-18  1.00E-07
  4.500E-03 3.67732E-17 -6.639E-10  5.897E-09  1.413E-09  4.594E-17  8.939E-18  1.00E-07
  4.750E-03 3.67732E-17 -7.007E-10  5.897E-09  1.413E-09  4.850E-17  9.436E-18  1.00E-07
  5.000E-03 3.67732E-17 -7.376E-10  5.897E-09  1.413E-09  5.105E-17  9.932E-18  1.00E-07
  5.250E-03 3.67732E-17 -7.745E-10  5.897E-09  1.413E-09  5.360E-17  1.043E-17  1.00E-07
  5.500E-03 3.67732E-17 -8.114E-10  5.897E-09  1.413E-09  5.615E-17  1.093E-17  1.00E-07
  5.750E-03 3.67732E-17 -8.483E-10  5.897E-09  1.413E-09  5.870E-17  1.142E-17  1.00E-07
  6.000E-03 3.67732E-17 -8.852E-10  5.897E-09  1.413E-09  6.126E-17  1.192E-17  1.00E-07
  6.250E-03 3.67732E-17 -9.220E-10  5.897E-09  1.413E-09  6.381E-17  1.242E-17  1.00E-07
  6.500E-03 3.67732E-17 -9.589E-10  5.897E-09  1.413E-09  6.636E-17  1.291E-17  1.00E-07
  6.750E-03 3.67732E-17 -9.958E-10  5.897E-09  1.413E-09  6.891E-17  1.341E-17  1.00E-07
  7.000E-03 3.67732E-17 -1.033E-09  5.897E-09  1.413E-09  7.147E-17  1.391E-17  1.00E-07
  7.250E-03 3.67732E-17 -1.070E-09  5.897E-09  1.413E-09  7.402E-17  1.440E-17  1.00E-07
  7.500E-03 3.67732E-17 -1.106E-09  5.897E-09  1.413E-09  7.657E-17  1.490E-17  1.00E-07
  7.750E-03 3.67732E-17 -1.143E-09  5.897E-09  1.413E-09  7.912E-17  1.540E-17  1.00E-07
  8.000E-03 3.67732E-17 -1.180E-09  5.897E-09  1.413E-09  8.168E-17  1.589E-17  1.00E-07
  8.250E-03 3.67732E-17 -1.217E-09  5.897E-09  1.413E-09  8.423E-17  1.639E-17  1.00E-07
  8.500E-03 3.67732E-17 -1.254E-09  5.897E-09  1.413E-09  8.678E-17  1.689E-17  1.00E-07
  8.750E-03 3.67732E-17 -1.291E-09  5.897E-09  1.413E-09  8.933E-17  1.738E-17  1.00E-07
  9.000E-03 3.67732E-17 -1.328E-09  5.897E-09  1.413E-09  9.189E-17  1.788E-17  1.00E-07
  9.250E-03 3.67732E-17 -1.365E-09  5.897E-09  1.413E-09  9.444E-17  1.837E-17  1.00E-07
  9.500E-03 3.67732E-17 -1.401E-09  5.897E-09  1.413E-09  9.699E-17  1.887E-17  1.00E-07
  9.750E-03 3.67732E-17 -1.438E-09  5.897E-09  1.413E-09  9.954E-17  1.937E-17  1.00E-07
  1.000E-02 3.67732E-17 -1.475E-09  5.897E-09  1.413E-09  1.021E-16  1.986E-17  1.00E-07
  1.250E-02 3.67732E-17 -1.844E-09  5.897E-09  1.413E-09  1.276E-16  2.483E-17  1.00E-07
  1.500E-02 3.67731E-17 -2.213E-09  5.897E-09  1.413E-09  1.531E-16  2.980E-17  1.00E-07
  1.750E-02 3.67731E-17 -2.582E-09  5.897E-09  1.413E-09  1.787E-16  3.476E-17  1.00E-07
  2.000E-02 3.67731E-17 -2.951E-09  5.897E-09  1.413E-09  2.042E-16  3.973E-17  1.00E-07
  2.250E-02 3.67731E-17 -3.319E-09  5.897E-09  1.413E-09  2.297E-16  4.470E-17  1.00E-07
  2.500E-02 3.67731E-17 -3.688E-09  5.897E-09  1.413E-09  2.552E-16  4.966E-17  1.00E-07
  2.750E-02 3.67731E-17 -4.057E-09  5.897E-09  1.413E-09  2.808E-16  5.463E-17  1.00E-07
  3.000E-02 3.67731E-17 -4.426E-09  5.897E-09  1.413E-09  3.063E-16  5.959E-17  1.00E-07
  3.250E-02 3.67731E-17 -4.795E-09  5.897E-09  1.413E-09  3.318E-16  6.456E-17  1.00E-07
  3.500E-02 3.67731E-17 -5.163E-09  5.897E-09  1.413E-09  3.573E-16  6.953E-17  1.00E-07
  3.750E-02 3.67731E-17 -5.532E-09  5.897E-09  1.413E-09  3.829E-16  7.449E-17  1.00E-07
  4.000E-02 3.67731E-17 -5.901E-09  5.897E-09  1.413E-09  4.084E-16  7.946E-17  1.00E-07
  4.250E-02 3.67731E-17 -6.270E-09  5.897E-09  1.413E-09  4.339E-16  8.443E-17  1.00E-07
  4.500E-02 3.67730E-17 -6.639E-09  5.897E-09  1.413E-09  4.594E-16  8.939E-17  1.00E-07
  4.750E-02 3.67730E-17 -7.007E-09  5.897E-09  1.413E-09  4.850E-16  9.436E-17  1.00E-07
  5.000E-02 3.67730E-17 -7.376E-09  5.897E-09  1.413E-09  5.105E-16  9.932E-17  1.00E-07
  5.250E-02 3.67730E-17 -7.745E-09  5.897E-09  1.413E-09  5.360E-16  1.043E-16  1.00E-07
  5.500E-02 3.67730E-17 -8.114E-09  5.897E-09  1.413E-09  5.615E-16  1.093E-16  1.00E-07
  5.750E-02 3.67730E-17 -8.483E-09  5.897E-09  1.413E-09  5.870E-16  1.142E-16  1.00E-07
  6.000E-02 3.67729E-17 -8.852E-09  5.897E-09  1.413E-09  6.126E-16  1.192E-16  1.00E-07
  6.250E-02 3.67729E-17 -9.220E-09  5.897E-09  1.413E-09  6.381E-16  1.242E-16  1.00E-07
  6.500E-02 3.67729E-17 -9.589E-09  5.897E-09  1.413E-09  6.636E-16  1.291E-16  1.00E-07
  6.750E-02 3.67729E-17 -9.958E-09  5.897E-09  1.413E-09  6.891E-16  1.341E-16  1.00E-07
  7.000E-02 3.67729E-17 -1.033E-08  5.897E-09  1.413E-09  7.147E-16  1.391E-16  1.00E-07
  7.250E-02 3.67728E-17 -1.070E-08  5.897E-09  1.413E-09  7.402E-16  1.440E-16  1.00E-07
  7.500E-02 3.67728E-17 -1.106E-08  5.897E-09  1.413E-09  7.657E-16  1.490E-16  1.00E-07
  7.750E-02 3.67728E-17 -1.143E-08  5.897E-09  1.413E-09  7.912E-16  1.540E-16  1.00E-07
  8.000E-02 3.67728E-17 -1.180E-08  5.897E-09  1.413E-09  8.168E-16  1.589E-16  1.00E-07
  8.250E-02 3.67728E-17 -1.217E-08  5.897E-09  1.413E-09  8.423E-16  1.639E-16  1.00E-07
  8.500E-02 3.67727E-17 -1.254E-08  5.897E-09  1.413E-09  8.678E-16  1.689E-16  1.00E-07
  8.750E-02 3.67727E-17 -1.291E-08  5.897E-09  1.413E-09  8.933E-16  1.738E-16  1.00E-07
  9.000E-02 3.67727E-17 -1.328E-08  5.897E-09  1.413E-09  9.189E-16  1.788E-16  1.00E-07
  9.250E-02 3.67727E-17 -1.365E-08  5.897E-09  1.413E-09  9.444E-16  1.837E-16  1.00E-07
  9.500E-02 3.67726E-17 -1.402E-08  5.897E-09  1.413E-09  9.699E-16  1.887E-16  1.00E-07
  9.750E-02 3.67726E-17 -1.438E-08  5.897E-09  1.413E-09  9.954E-16  1.937E-16  1.00E-07
  1.000E-01 3.67726E-17 -1.475E-08  5.897E-09  1.413E-09  1.021E-15  1.986E-16  1.00E-07
  1.250E-01 3.67722E-17 -1.844E-08  5.897E-09  1.413E-09  1.276E-15  2.483E-16  1.00E-07
  1.500E-01 3.67718E-17 -2.213E-08  5.897E-09  1.413E-09  1.531E-15  2.980E-16  1.00E-07
  1.750E-01 3.67714E-17 -2.582E-08  5.897E-09  1.413E-09  1.787E-15  3.476E-16  1.00E-07
  2.000E-01 3.67708E-17 -2.951E-08  5.897E-09  1.413E-09  2.042E-15  3.973E-16  1.00E-07
  2.250E-01 3.67702E-17 -3.319E-08  5.897E-09  1.413E-09  2.297E-15  4.470E-16  1.00E-07
  2.500E-01 3.67695E-17 -3.688E-08  5.897E-09  1.413E-09  2.552E-15  4.966E-16  1.00E-07
  2.750E-01 3.67687E-17 -4.057E-08  5.897E-09  1.413E-09  2.807E-15  5.463E-16  1.00E-07
  3.000E-01 3.67678E-17 -4.426E-08  5.897E-09  1.413E-09  3.063E-15  5.959E-16  1.00E-07
  3.250E-01 3.67669E-17 -4.795E-08  5.897E-09  1.413E-09  3.318E-15  6.456E-16  1.00E-07
  3.500E-01 3.67659E-17 -5.164E-08  5.897E-09  1.413E-09  3.573E-15  6.953E-16  1.00E-07
  3.750E-01 3.67649E-17 -5.533E-08  5.896E-09  1.413E-09  3.828E-15  7.449E-16  1.00E-07
  4.000E-01 3.67637E-17 -5.902E-08  5.896E-09  1.413E-09  4.083E-15  7.946E-16  1.00E-07
  4.250E-01 3.67625E-17 -6.271E-08  5.896E-09  1.413E-09  4.338E-15  8.442E-16  1.00E-07
  4.500E-01 3.67612E-17 -6.640E-08  5.896E-09  1.413E-09  4.594E-15  8.939E-16  1.00E-07
  4.750E-01 3.67598E-17 -7.009E-08  5.896E-09  1.413E-09  4.849E-15  9.435E-16  1.00E-07
  5.000E-01 3.67584E-17 -7.378E-08  5.896E-09  1.413E-09  5.104E-15  9.932E-16  1.00E-07
  5.250E-01 3.67569E-17 -7.747E-08  5.896E-09  1.413E-09  5.359E-15  1.043E-15  1.00E-07
  5.500E-01 3.67553E-17 -8.116E-08  5.896E-09  1.413E-09  5.614E-15  1.093E-15  1.00E-07
  5.750E-01 3.67536E-17 -8.485E-08  5.896E-09  1.413E-09  5.869E-15  1.142E-15  1.00E-07
  6.000E-01 3.67519E-17 -8.854E-08  5.895E-09  1.413E-09  6.124E-15  1.192E-15  1.00E-07
  6.250E-01 3.67501E-17 -9.223E-08  5.895E-09  1.413E-09  6.379E-15  1.241E-15  1.00E-07
  6.500E-01 3.67482E-17 -9.593E-08  5.895E-09  1.413E-09  6.634E-15  1.291E-15  1.00E-07
  6.750E-01 3.67463E-17 -9.962E-08  5.895E-09  1.413E-09  6.889E-15  1.341E-15  1.00E-07
  7.000E-01 3.67442E-17 -1.033E-07  5.895E-09  1.413E-09  7.144E-15  1.390E-15  1.00E-07
  7.250E-01 3.67421E-17 -1.070E-07  5.895E-09  1.413E-09  7.399E-15  1.440E-15  1.00E-07
  7.500E-01 3.67400E-17 -1.107E-07  5.894E-09  1.413E-09  7.654E-15  1.490E-15  1.00E-07
  7.750E-01 3.67377E-17 -1.144E-07  5.894E-09  1.413E-09  7.909E-15  1.539E-15  1.00E-07
  8.000E-01 3.67354E-17 -1.181E-07  5.894E-09  1.413E-09  8.163E-15  1.589E-15  1.00E-07
  8.250E-01 3.67330E-17 -1.218E-07  5.894E-09  1.413E-09  8.418E-15  1.639E-15  1.00E-07
  8.500E-01 3.67305E-17 -1.255E-07  5.894E-09  1.413E-09  8.673E-15  1.688E-15  1.00E-07
  8.750E-01 3.67280E-17 -1.292E-07  5.893E-09  1.413E-09  8.928E-15  1.738E-15  1.00E-07
  9.000E-01 3.67254E-17 -1.329E-07  5.893E-09  1.413E-09  9.182E-15  1.788E-15  1.00E-07
  9.250E-01 3.67227E-17 -1.366E-07  5.893E-09  1.413E-09  9.437E-15  1.837E-15  1.00E-07
  9.500E-01 3.67199E-17 -1.403E-07  5.893E-09  1.413E-09  9.692E-15  1.887E-15  1.00E-07
  9.750E-01 3.67171E-17 -1.440E-07  5.892E-09  1.413E-09  9.947E-15  1.936E-15  1.00E-07
  1.000E+00 3.67142E-17 -1.477E-07  5.892E-09  1.413E-09  1.020E-14  1.986E-15  1.00E-07
  1.100E+00 3.67018E-17 -1.624E-07  5.891E-09  1.413E-09  1.122E-14  2.185E-15  1.00E-07
  1.200E+00 3.66882E-17 -1.773E-07  5.890E-09  1.413E-09  1.224E-14  2.383E-15  1.00E-07
  1.300E+00 3.66735E-17 -1.921E-07  5.889E-09  1.413E-09  1.325E-14  2.582E-15  1.00E-07
  1.400E+00 3.66576E-17 -2.069E-07  5.887E-09  1.413E-09  1.427E-14  2.780E-15  1.00E-07
  1.500E+00 3.66406E-17 -2.217E-07  5.886E-09  1.413E-09  1.529E-14  2.978E-15  1.00E-07
  1.600E+00 3.66224E-17 -2.366E-07  5.884E-09  1.413E-09  1.630E-14  3.177E-15  1.00E-07
  1.700E+00 3.66030E-17 -2.514E-07  5.883E-09  1.412E-09  1.732E-14  3.375E-15  1.00E-07
  1.800E+00 3.65825E-17 -2.663E-07  5.881E-09  1.412E-09  1.833E-14  3.573E-15  1.00E-07
  1.900E+00 3.65608E-17 -2.812E-07  5.879E-09  1.412E-09  1.934E-14  3.772E-15  1.00E-07
  2.000E+00 3.65379E-17 -2.961E-07  5.877E-09  1.412E-09  2.035E-14  3.970E-15  1.00E-07
  2.100E+00 3.65139E-17 -3.110E-07  5.875E-09  1.412E-09  2.136E-14  4.168E-15  1.00E-07
  2.200E+00 3.64888E-17 -3.259E-07  5.873E-09  1.412E-09  2.237E-14  4.366E-15  1.00E-07
  2.300E+00 3.64625E-17 -3.409E-07  5.871E-09  1.412E-09  2.338E-14  4.564E-15  1.00E-07
  2.400E+00 3.64351E-17 -3.558E-07  5.869E-09  1.412E-09  2.439E-14  4.762E-15  1.00E-07
  2.500E+00 3.64066E-17 -3.708E-07  5.866E-09  1.412E-09  2.539E-14  4.960E-15  1.00E-07
  2.600E+00 3.63769E-17 -3.858E-07  5.864E-09  1.412E-09  2.640E-14  5.158E-15  1.00E-07
  2.700E+00 3.63460E-17 -4.008E-07  5.861E-09  1.411E-09  2.740E-14  5.356E-15  1.00E-07
  2.800E+00 3.63141E-17 -4.159E-07  5.859E-09  1.411E-09  2.840E-14  5.554E-15  1.00E-07
  2.900E+00 3.62811E-17 -4.309E-07  5.856E-09  1.411E-09  2.940E-14  5.751E-15  1.00E-07
  3.000E+00 3.62469E-17 -4.460E-07  5.853E-09  1.411E-09  3.040E-14  5.949E-15  1.00E-07
  3.100E+00 3.62116E-17 -4.611E-07  5.850E-09  1.411E-09  3.140E-14  6.147E-15  1.00E-07
  3.200E+00 3.61752E-17 -4.762E-07  5.847E-09  1.411E-09  3.240E-14  6.344E-15  1.00E-07
  3.300E+00 3.61377E-17 -4.914E-07  5.844E-09  1.411E-09  3.339E-14  6.542E-15  1.00E-07
  3.400E+00 3.60991E-17 -5.066E-07  5.840E-09  1.411E-09  3.439E-14  6.739E-15  1.00E-07
  3.500E+00 3.60594E-17 -5.218E-07  5.837E-09  1.410E-09  3.538E-14  6.936E-15  1.00E-07
  3.600E+00 3.60187E-17 -5.370E-07  5.834E-09  1.410E-09  3.637E-14  7.134E-15  1.00E-07
  3.700E+00 3.59768E-17 -5.523E-07  5.830E-09  1.410E-09  3.736E-14  7.331E-15  1.00E-07
  3.800E+00 3.59339E-17 -5.676E-07  5.826E-09  1.410E-09  3.834E-14  7.528E-15  1.00E-07
  3.900E+00 3.58899E-17 -5.829E-07  5.823E-09  1.410E-09  3.933E-14  7.725E-15  1.00E-07
  4.000E+00 3.58449E-17 -5.982E-07  5.819E-09  1.410E-09  4.031E-14  7.921E-15  1.00E-07
  4.100E+00 3.57987E-17 -6.136E-07  5.815E-09  1.409E-09  4.129E-14  8.118E-15  1.00E-07
  4.200E+00 3.57516E-17 -6.290E-07  5.811E-09  1.409E-09  4.227E-14  8.315E-15  1.00E-07
  4.300E+00 3.57034E-17 -6.445E-07  5.807E-09  1.409E-09  4.324E-14  8.512E-15  1.00E-07
  4.400E+00 3.56541E-17 -6.600E-07  5.803E-09  1.409E-09  4.422E-14  8.708E-15  1.00E-07
  4.500E+00 3.56038E-17 -6.755E-07  5.798E-09  1.409E-09  4.519E-14  8.904E-15  1.00E-07
  4.600E+00 3.55525E-17 -6.910E-07  5.794E-09  1.408E-09  4.616E-14  9.101E-15  1.00E-07
  4.700E+00 3.55002E-17 -7.066E-07  5.789E-09  1.408E-09  4.713E-14  9.297E-15  1.00E-07
  4.800E+00 3.54468E-17 -7.222E-07  5.785E-09  1.408E-09  4.810E-14  9.493E-15  1.00E-07
  4.900E+00 3.53925E-17 -7.379E-07  5.780E-09  1.408E-09  4.906E-14  9.689E-15  1.00E-07
  5.000E+00 3.53371E-17 -7.535E-07  5.775E-09  1.408E-09  5.002E-14  9.885E-15  1.00E-07
  5.100E+00 3.52808E-17 -7.693E-07  5.771E-09  1.407E-09  5.098E-14  1.008E-14  1.00E-07
  5.200E+00 3.52235E-17 -7.850E-07  5.766E-09  1.407E-09  5.193E-14  1.028E-14  1.00E-07
  5.300E+00 3.51652E-17 -8.009E-07  5.761E-09  1.407E-09  5.289E-14  1.047E-14  1.00E-07
  5.400E+00 3.51059E-17 -8.167E-07  5.756E-09  1.407E-09  5.384E-14  1.067E-14  1.00E-07
  5.500E+00 3.50457E-17 -8.326E-07  5.750E-09  1.406E-09  5.479E-14  1.086E-14  1.00E-07
  5.600E+00 3.49845E-17 -8.485E-07  5.745E-09  1.406E-09  5.574E-14  1.106E-14  1.00E-07
  5.700E+00 3.49223E-17 -8.645E-07  5.740E-09  1.406E-09  5.668E-14  1.125E-14  1.00E-07
  5.800E+00 3.48592E-17 -8.805E-07  5.734E-09  1.406E-09  5.762E-14  1.145E-14  1.00E-07
  5.900E+00 3.47952E-17 -8.966E-07  5.729E-09  1.405E-09  5.856E-14  1.164E-14  1.00E-07
  6.000E+00 3.47303E-17 -9.127E-07  5.723E-09  1.405E-09  5.949E-14  1.184E-14  1.00E-07
  6.100E+00 3.46644E-17 -9.289E-07  5.718E-09  1.405E-09  6.043E-14  1.203E-14  1.00E-07
  6.200E+00 3.45977E-17 -9.451E-07  5.712E-09  1.405E-09  6.136E-14  1.223E-14  1.00E-07
  6.300E+00 3.45300E-17 -9.613E-07  5.706E-09  1.404E-09  6.228E-14  1.242E-14  1.00E-07
  6.400E+00 3.44615E-17 -9.776E-07  5.700E-09  1.404E-09  6.321E-14  1.261E-14  1.00E-07
  6.500E+00 3.43920E-17 -9.940E-07  5.694E-09  1.404E-09  6.413E-14  1.281E-14  1.00E-07
  6.600E+00 3.43217E-17 -1.010E-06  5.688E-09  1.403E-09  6.505E-14  1.300E-14  1.00E-07
  6.700E+00 3.42505E-17 -1.027E-06  5.682E-09  1.403E-09  6.596E-14  1.320E-14  1.00E-07
  6.800E+00 3.41785E-17 -1.043E-06  5.675E-09  1.403E-09  6.688E-14  1.339E-14  1.00E-07
  6.900E+00 3.41056E-17 -1.060E-06  5.669E-09  1.403E-09  6.779E-14  1.358E-14  1.00E-07
  7.000E+00 3.40319E-17 -1.076E-06  5.663E-09  1.402E-09  6.869E-14  1.378E-14  1.00E-07
  7.100E+00 3.39573E-17 -1.093E-06  5.656E-09  1.402E-09  6.960E-14  1.397E-14  1.00E-07
  7.200E+00 3.38820E-17 -1.110E-06  5.650E-09  1.402E-09  7.050E-14  1.416E-14  1.00E-07
  7.300E+00 3.38058E-17 -1.127E-06  5.643E-09  1.401E-09  7.139E-14  1.435E-14  1.00E-07
  7.400E+00 3.37288E-17 -1.143E-06  5.636E-09  1.401E-09  7.229E-14  1.455E-14  1.00E-07
  7.500E+00 3.36510E-17 -1.160E-06  5.629E-09  1.401E-09  7.318E-14  1.474E-14  1.00E-07
  7.600E+00 3.35724E-17 -1.177E-06  5.622E-09  1.400E-09  7.406E-14  1.493E-14  1.00E-07
  7.700E+00 3.34931E-17 -1.194E-06  5.615E-09  1.400E-09  7.495E-14  1.512E-14  1.00E-07
  7.800E+00 3.34129E-17 -1.211E-06  5.608E-09  1.400E-09  7.583E-14  1.531E-14  1.00E-07
  7.900E+00 3.33321E-17 -1.228E-06  5.601E-09  1.399E-09  7.671E-14  1.551E-14  1.00E-07
  8.000E+00 3.32504E-17 -1.246E-06  5.594E-09  1.399E-09  7.758E-14  1.570E-14  1.00E-07
  8.100E+00 3.31681E-17 -1.263E-06  5.587E-09  1.399E-09  7.845E-14  1.589E-14  1.00E-07
  8.200E+00 3.30850E-17 -1.280E-06  5.579E-09  1.398E-09  7.932E-14  1.608E-14  1.00E-07
  8.300E+00 3.30012E-17 -1.298E-06  5.572E-09  1.398E-09  8.018E-14  1.627E-14  1.00E-07
  8.400E+00 3.29166E-17 -1.315E-06  5.565E-09  1.397E-09  8.104E-14  1.646E-14  1.00E-07
  8.500E+00 3.28314E-17 -1.333E-06  5.557E-09  1.397E-09  8.189E-14  1.665E-14  1.00E-07
  8.600E+00 3.27455E-17 -1.350E-06  5.549E-09  1.397E-09  8.275E-14  1.684E-14  1.00E-07
  8.700E+00 3.26589E-17 -1.368E-06  5.542E-09  1.396E-09  8.360E-14  1.703E-14  1.00E-07
  8.800E+00 3.25716E-17 -1.385E-06  5.534E-09  1.396E-09  8.444E-14  1.722E-14  1.00E-07
  8.900E+00 3.24837E-17 -1.403E-06  5.526E-09  1.396E-09  8.528E-14  1.741E-14  1.00E-07
  9.000E+00 3.23951E-17 -1.421E-06  5.518E-09  1.395E-09  8.612E-14  1.760E-14  1.00E-07
  9.100E+00 3.23059E-17 -1.439E-06  5.510E-09  1.395E-09  8.695E-14  1.779E-14  1.00E-07
  9.200E+00 3.22160E-17 -1.457E-06  5.502E-09  1.394E-09  8.778E-14  1.798E-14  1.00E-07
  9.300E+00 3.21255E-17 -1.475E-06  5.494E-09  1.394E-09  8.861E-14  1.817E-14  1.00E-07
  9.400E+00 3.20344E-17 -1.493E-06  5.486E-09  1.394E-09  8.943E-14  1.836E-14  1.00E-07
  9.500E+00 3.19427E-17 -1.511E-06  5.477E-09  1.393E-09  9.025E-14  1.855E-14  1.00E-07
  9.600E+00 3.18504E-17 -1.530E-06  5.469E-09  1.393E-09  9.107E-14  1.874E-14  1.00E-07
  9.700E+00 3.17576E-17 -1.548E-06  5.461E-09  1.392E-09  9.188E-14  1.893E-14  1.00E-07
  9.800E+00 3.16641E-17 -1.566E-06  5.452E-09  1.392E-09  9.268E-14  1.911E-14  1.00E-07
  9.900E+00 3.15701E-17 -1.585E-06  5.444E-09  1.391E-09  9.349E-14  1.930E-14  1.00E-07
  1.000E+01 3.14755E-17 -1.604E-06  5.435E-09  1.391E-09  9.429E-14  1.949E-14  1.00E-07
  1.025E+01 3.12367E-17 -1.650E-06  5.413E-09  1.390E-09  9.627E-14  1.996E-14  1.00E-07
  1.050E+01 3.09947E-17 -1.698E-06  5.391E-09  1.389E-09  9.822E-14  2.042E-14  1.00E-07
  1.075E+01 3.07496E-17 -1.746E-06  5.369E-09  1.388E-09  1.002E-13  2.089E-14  1.00E-07
  1.100E+01 3.05016E-17 -1.794E-06  5.346E-09  1.387E-09  1.021E-13  2.135E-14  1.00E-07
  1.125E+01 3.02507E-17 -1.843E-06  5.323E-09  1.385E-09  1.039E-13  2.181E-14  1.00E-07
  1.150E+01 2.99973E-17 -1.892E-06  5.299E-09  1.384E-09  1.058E-13  2.228E-14  1.00E-07
  1.175E+01 2.97414E-17 -1.942E-06  5.275E-09  1.383E-09  1.076E-13  2.273E-14  1.00E-07
  1.200E+01 2.94831E-17 -1.993E-06  5.251E-09  1.382E-09  1.094E-13  2.319E-14  1.00E-07
  1.225E+01 2.92227E-17 -2.044E-06  5.227E-09  1.380E-09  1.112E-13  2.365E-14  1.00E-07
  1.250E+01 2.89603E-17 -2.096E-06  5.202E-09  1.379E-09  1.129E-13  2.410E-14  1.00E-07
  1.275E+01 2.86960E-17 -2.148E-06  5.177E-09  1.378E-09  1.146E-13  2.456E-14  1.00E-07
  1.300E+01 2.84300E-17 -2.201E-06  5.151E-09  1.376E-09  1.163E-13  2.501E-14  1.00E-07
  1.325E+01 2.81625E-17 -2.255E-06  5.126E-09  1.375E-09  1.180E-13  2.546E-14  1.00E-07
  1.350E+01 2.78935E-17 -2.310E-06  5.100E-09  1.373E-09  1.196E-13  2.590E-14  1.00E-07
  1.375E+01 2.76232E-17 -2.365E-06  5.074E-09  1.372E-09  1.212E-13  2.635E-14  1.00E-07
  1.400E+01 2.73517E-17 -2.420E-06  5.047E-09  1.371E-09  1.228E-13  2.679E-14  1.00E-07
  1.425E+01 2.70793E-17 -2.477E-06  5.020E-09  1.369E-09  1.244E-13  2.724E-14  1.00E-07
  1.450E+01 2.68060E-17 -2.534E-06  4.994E-09  1.368E-09  1.259E-13  2.768E-14  1.00E-07
  1.475E+01 2.65319E-17 -2.592E-06  4.966E-09  1.366E-09  1.274E-13  2.812E-14  1.00E-07
  1.500E+01 2.62572E-17 -2.651E-06  4.939E-09  1.365E-09  1.289E-13  2.855E-14  1.00E-07
  1.525E+01 2.59821E-17 -2.710E-06  4.912E-09  1.363E-09  1.303E-13  2.899E-14  1.00E-07
  1.550E+01 2.57066E-17 -2.770E-06  4.884E-09  1.361E-09  1.317E-13  2.942E-14  1.00E-07
  1.575E+01 2.54309E-17 -2.831E-06  4.856E-09  1.360E-09  1.331E-13  2.985E-14  1.00E-07
  1.600E+01 2.51550E-17 -2.893E-06  4.828E-09  1.358E-09  1.344E-13  3.028E-14  1.00E-07
  1.625E+01 2.48792E-17 -2.955E-06  4.800E-09  1.356E-09  1.358E-13  3.071E-14  1.00E-07
  1.650E+01 2.46034E-17 -3.019E-06  4.772E-09  1.355E-09  1.371E-13  3.113E-14  1.00E-07
  1.675E+01 2.43279E-17 -3.083E-06  4.743E-09  1.353E-09  1.383E-13  3.156E-14  1.00E-07
  1.700E+01 2.40528E-17 -3.148E-06  4.715E-09  1.351E-09  1.396E-13  3.198E-14  1.00E-07
  1.725E+01 2.37781E-17 -3.214E-06  4.686E-09  1.350E-09  1.408E-13  3.240E-14  1.00E-07
  1.750E+01 2.35040E-17 -3.281E-06  4.657E-09  1.348E-09  1.420E-13  3.281E-14  1.00E-07
  1.775E+01 2.32305E-17 -3.349E-06  4.628E-09  1.346E-09  1.431E-13  3.323E-14  1.00E-07
  1.800E+01 2.29577E-17 -3.417E-06  4.599E-09  1.344E-09  1.443E-13  3.364E-14  1.00E-07
  1.825E+01 2.26858E-17 -3.487E-06  4.570E-09  1.342E-09  1.454E-13  3.405E-14  1.00E-07
  1.850E+01 2.24148E-17 -3.557E-06  4.541E-09  1.341E-09  1.464E-13  3.446E-14  1.00E-07
  1.875E+01 2.21449E-17 -3.629E-06  4.511E-09  1.339E-09  1.475E-13  3.486E-14  1.00E-07
  1.900E+01 2.18761E-17 -3.701E-06  4.482E-09  1.337E-09  1.485E-13  3.527E-14  1.00E-07
  1.925E+01 2.16084E-17 -3.775E-06  4.453E-09  1.335E-09  1.495E-13  3.567E-14  1.00E-07
  1.950E+01 2.13420E-17 -3.849E-06  4.423E-09  1.333E-09  1.505E-13  3.607E-14  1.00E-07
  1.975E+01 2.10770E-17 -3.925E-06  4.394E-09  1.331E-09  1.514E-13  3.646E-14  1.00E-07
  2.000E+01 2.08133E-17 -4.001E-06  4.364E-09  1.329E-09  1.523E-13  3.686E-14  1.00E-07
  2.025E+01 2.05512E-17 -4.078E-06  4.335E-09  1.327E-09  1.532E-13  3.725E-14  1.00E-07
  2.050E+01 2.02906E-17 -4.157E-06  4.305E-09  1.325E-09  1.541E-13  3.764E-14  1.00E-07
  2.075E+01 2.00316E-17 -4.236E-06  4.276E-09  1.323E-09  1.549E-13  3.803E-14  1.00E-07
  2.100E+01 1.97743E-17 -4.317E-06  4.246E-09  1.321E-09  1.558E-13  3.841E-14  1.00E-07
  2.125E+01 1.95188E-17 -4.399E-06  4.216E-09  1.319E-09  1.566E-13  3.880E-14  1.00E-07
  2.150E+01 1.92650E-17 -4.482E-06  4.187E-09  1.317E-09  1.573E-13  3.918E-14  1.00E-07
  2.175E+01 1.90131E-17 -4.566E-06  4.157E-09  1.315E-09  1.581E-13  3.956E-14  1.00E-07
  2.200E+01 1.87630E-17 -4.651E-06  4.128E-09  1.313E-09  1.588E-13  3.993E-14  1.00E-07
  2.225E+01 1.85149E-17 -4.737E-06  4.098E-09  1.311E-09  1.595E-13  4.030E-14  1.00E-07
  2.250E+01 1.82688E-17 -4.824E-06  4.069E-09  1.309E-09  1.601E-13  4.068E-14  1.00E-07
  2.275E+01 1.80247E-17 -4.913E-06  4.040E-09  1.307E-09  1.608E-13  4.104E-14  1.00E-07
  2.300E+01 1.77827E-17 -5.003E-06  4.010E-09  1.304E-09  1.614E-13  4.141E-14  1.00E-07
  2.325E+01 1.75428E-17 -5.093E-06  3.981E-09  1.302E-09  1.620E-13  4.177E-14  1.00E-07
  2.350E+01 1.73050E-17 -5.186E-06  3.952E-09  1.300E-09  1.626E-13  4.213E-14  1.00E-07
  2.375E+01 1.70694E-17 -5.279E-06  3.922E-09  1.298E-09  1.631E-13  4.249E-14  1.00E-07
  2.400E+01 1.68360E-17 -5.374E-06  3.893E-09  1.296E-09  1.637E-13  4.285E-14  1.00E-07
  2.425E+01 1.66048E-17 -5.469E-06  3.864E-09  1.293E-09  1.642E-13  4.320E-14  1.00E-07
  2.450E+01 1.63759E-17 -5.566E-06  3.835E-09  1.291E-09  1.647E-13  4.355E-14  1.00E-07
  2.475E+01 1.61492E-17 -5.665E-06  3.806E-09  1.289E-09  1.651E-13  4.390E-14  1.00E-07
  2.500E+01 1.59248E-17 -5.765E-06  3.778E-09  1.287E-09  1.656E-13  4.425E-14  1.00E-07
  2.550E+01 1.54830E-17 -5.968E-06  3.720E-09  1.282E-09  1.664E-13  4.493E-14  1.00E-07
  2.600E+01 1.50506E-17 -6.176E-06  3.663E-09  1.277E-09  1.672E-13  4.560E-14  1.00E-07
  2.650E+01 1.46276E-17 -6.390E-06  3.607E-09  1.273E-09  1.678E-13  4.627E-14  1.00E-07
  2.700E+01 1.42142E-17 -6.610E-06  3.551E-09  1.268E-09  1.684E-13  4.692E-14  1.00E-07
  2.750E+01 1.38104E-17 -6.835E-06  3.495E-09  1.263E-09  1.690E-13  4.756E-14  1.00E-07
  2.800E+01 1.34161E-17 -7.066E-06  3.440E-09  1.258E-09  1.694E-13  4.819E-14  1.00E-07
  2.850E+01 1.30314E-17 -7.302E-06  3.385E-09  1.253E-09  1.698E-13  4.881E-14  1.00E-07
  2.900E+01 1.26563E-17 -7.545E-06  3.331E-09  1.248E-09  1.701E-13  4.942E-14  1.00E-07
  2.950E+01 1.22907E-17 -7.793E-06  3.278E-09  1.243E-09  1.704E-13  5.002E-14  1.00E-07
  3.000E+01 1.19346E-17 -8.047E-06  3.225E-09  1.238E-09  1.706E-13  5.061E-14  1.00E-07
  3.050E+01 1.15878E-17 -8.308E-06  3.173E-09  1.233E-09  1.707E-13  5.119E-14  1.00E-07
  3.100E+01 1.12502E-17 -8.575E-06  3.121E-09  1.228E-09  1.708E-13  5.175E-14  1.00E-07
  3.150E+01 1.09219E-17 -8.848E-06  3.070E-09  1.223E-09  1.708E-13  5.231E-14  1.00E-07
  3.200E+01 1.06025E-17 -9.127E-06  3.020E-09  1.218E-09  1.708E-13  5.285E-14  1.00E-07
  3.250E+01 1.02921E-17 -9.413E-06  2.970E-09  1.213E-09  1.707E-13  5.339E-14  1.00E-07
  3.300E+01 9.99042E-18 -9.705E-06  2.921E-09  1.208E-09  1.706E-13  5.391E-14  1.00E-07
  3.350E+01 9.69737E-18 -1.000E-05  2.873E-09  1.202E-09  1.704E-13  5.442E-14  1.00E-07
  3.400E+01 9.41279E-18 -1.031E-05  2.825E-09  1.197E-09  1.702E-13  5.493E-14  1.00E-07
  3.450E+01 9.13650E-18 -1.062E-05  2.778E-09  1.192E-09  1.699E-13  5.542E-14  1.00E-07
  3.500E+01 8.86834E-18 -1.094E-05  2.731E-09  1.186E-09  1.696E-13  5.590E-14  1.00E-07
  3.550E+01 8.60814E-18 -1.127E-05  2.686E-09  1.181E-09  1.692E-13  5.637E-14  1.00E-07
  3.600E+01 8.35573E-18 -1.160E-05  2.641E-09  1.176E-09  1.689E-13  5.683E-14  1.00E-07
  3.650E+01 8.11093E-18 -1.194E-05  2.596E-09  1.170E-09  1.684E-13  5.727E-14  1.00E-07
  3.700E+01 7.87357E-18 -1.228E-05  2.553E-09  1.165E-09  1.680E-13  5.771E-14  1.00E-07
  3.750E+01 7.64345E-18 -1.264E-05  2.510E-09  1.159E-09  1.675E-13  5.814E-14  1.00E-07
  3.800E+01 7.42040E-18 -1.299E-05  2.468E-09  1.154E-09  1.670E-13  5.855E-14  1.00E-07
  3.850E+01 7.20424E-18 -1.336E-05  2.426E-09  1.149E-09  1.664E-13  5.896E-14  1.00E-07
  3.900E+01 6.99479E-18 -1.374E-05  2.385E-09  1.143E-09  1.659E-13  5.936E-14  1.00E-07
  3.950E+01 6.79187E-18 -1.412E-05  2.345E-09  1.138E-09  1.653E-13  5.974E-14  1.00E-07
  4.000E+01 6.59530E-18 -1.450E-05  2.305E-09  1.132E-09  1.647E-13  6.011E-14  1.00E-07
  4.050E+01 6.40491E-18 -1.490E-05  2.266E-09  1.127E-09  1.640E-13  6.048E-14  1.00E-07
  4.100E+01 6.22052E-18 -1.530E-05  2.228E-09  1.121E-09  1.633E-13  6.083E-14  1.00E-07
  4.150E+01 6.04196E-18 -1.571E-05  2.190E-09  1.116E-09  1.626E-13  6.118E-14  1.00E-07
  4.200E+01 5.86905E-18 -1.612E-05  2.153E-09  1.110E-09  1.619E-13  6.151E-14  1.00E-07
  4.250E+01 5.70164E-18 -1.655E-05  2.117E-09  1.105E-09  1.612E-13  6.183E-14  1.00E-07
  4.300E+01 5.53955E-18 -1.697E-05  2.081E-09  1.099E-09  1.605E-13  6.215E-14  1.00E-07
  4.350E+01 5.38263E-18 -1.741E-05  2.046E-09  1.094E-09  1.597E-13  6.245E-14  1.00E-07
  4.400E+01 5.23072E-18 -1.785E-05  2.012E-09  1.088E-09  1.589E-13  6.274E-14  1.00E-07
  4.450E+01 5.08366E-18 -1.830E-05  1.978E-09  1.082E-09  1.581E-13  6.303E-14  1.00E-07
  4.500E+01 4.94131E-18 -1.876E-05  1.945E-09  1.077E-09  1.573E-13  6.330E-14  1.00E-07
  4.550E+01 4.80351E-18 -1.922E-05  1.912E-09  1.071E-09  1.565E-13  6.357E-14  1.00E-07
  4.600E+01 4.67012E-18 -1.969E-05  1.880E-09  1.066E-09  1.557E-13  6.382E-14  1.00E-07
  4.650E+01 4.54099E-18 -2.017E-05  1.848E-09  1.060E-09  1.548E-13  6.407E-14  1.00E-07
  4.700E+01 4.41600E-18 -2.065E-05  1.817E-09  1.055E-09  1.540E-13  6.430E-14  1.00E-07
  4.750E+01 4.29501E-18 -2.114E-05  1.787E-09  1.050E-09  1.531E-13  6.453E-14  1.00E-07
  4.800E+01 4.17789E-18 -2.164E-05  1.757E-09  1.044E-09  1.523E-13  6.475E-14  1.00E-07
  4.850E+01 4.06450E-18 -2.214E-05  1.728E-09  1.039E-09  1.514E-13  6.496E-14  1.00E-07
  4.900E+01 3.95474E-18 -2.265E-05  1.699E-09  1.033E-09  1.505E-13  6.516E-14  1.00E-07
  4.950E+01 3.84847E-18 -2.316E-05  1.671E-09  1.028E-09  1.496E-13  6.535E-14  1.00E-07
  5.000E+01 3.74559E-18 -2.368E-05  1.643E-09  1.022E-09  1.487E-13  6.553E-14  1.00E-07
  5.050E+01 3.64598E-18 -2.421E-05  1.616E-09  1.017E-09  1.478E-13  6.570E-14  1.00E-07
  5.100E+01 3.54953E-18 -2.474E-05  1.590E-09  1.011E-09  1.469E-13  6.587E-14  1.00E-07
  5.150E+01 3.45614E-18 -2.528E-05  1.563E-09  1.006E-09  1.460E-13  6.602E-14  1.00E-07
  5.200E+01 3.36570E-18 -2.582E-05  1.538E-09  1.001E-09  1.451E-13  6.617E-14  1.00E-07
  5.250E+01 3.27812E-18 -2.637E-05  1.512E-09  9.953E-10  1.442E-13  6.631E-14  1.00E-07
  5.300E+01 3.19329E-18 -2.693E-05  1.488E-09  9.899E-10  1.433E-13  6.644E-14  1.00E-07
  5.350E+01 3.11113E-18 -2.749E-05  1.463E-09  9.846E-10  1.424E-13  6.656E-14  1.00E-07
  5.400E+01 3.03154E-18 -2.805E-05  1.440E-09  9.793E-10  1.414E-13  6.668E-14  1.00E-07
  5.450E+01 2.95444E-18 -2.862E-05  1.416E-09  9.740E-10  1.405E-13  6.678E-14  1.00E-07
  5.500E+01 2.87975E-18 -2.920E-05  1.393E-09  9.688E-10  1.396E-13  6.688E-14  1.00E-07
  5.550E+01 2.80738E-18 -2.978E-05  1.371E-09  9.635E-10  1.387E-13  6.697E-14  1.00E-07
  5.600E+01 2.73725E-18 -3.036E-05  1.349E-09  9.583E-10  1.377E-13  6.706E-14  1.00E-07
  5.650E+01 2.66929E-18 -3.095E-05  1.327E-09  9.531E-10  1.368E-13  6.713E-14  1.00E-07
  5.700E+01 2.60342E-18 -3.155E-05  1.306E-09  9.479E-10  1.359E-13  6.720E-14  1.00E-07
  5.750E+01 2.53957E-18 -3.215E-05  1.285E-09  9.427E-10  1.350E-13  6.726E-14  1.00E-07
  5.800E+01 2.47769E-18 -3.275E-05  1.264E-09  9.376E-10  1.340E-13  6.731E-14  1.00E-07
  5.850E+01 2.41768E-18 -3.335E-05  1.244E-09  9.325E-10  1.331E-13  6.736E-14  1.00E-07
  5.900E+01 2.35951E-18 -3.396E-05  1.225E-09  9.274E-10  1.322E-13  6.740E-14  1.00E-07
  5.950E+01 2.30310E-18 -3.458E-05  1.205E-09  9.223E-10  1.313E-13  6.743E-14  1.00E-07
  6.000E+01 2.24839E-18 -3.519E-05  1.186E-09  9.173E-10  1.304E-13  6.746E-14  1.00E-07
  6.050E+01 2.19532E-18 -3.581E-05  1.168E-09  9.123E-10  1.294E-13  6.747E-14  1.00E-07
  6.100E+01 2.14385E-18 -3.644E-05  1.149E-09  9.073E-10  1.285E-13  6.748E-14  1.00E-07
  6.150E+01 2.09391E-18 -3.706E-05  1.131E-09  9.023E-10  1.276E-13  6.749E-14  1.00E-07
  6.200E+01 2.04546E-18 -3.769E-05  1.114E-09  8.974E-10  1.267E-13  6.749E-14  1.00E-07
  6.250E+01 1.99845E-18 -3.832E-05  1.096E-09  8.925E-10  1.258E-13  6.748E-14  1.00E-07
  6.300E+01 1.95282E-18 -3.896E-05  1.079E-09  8.876E-10  1.249E-13  6.746E-14  1.00E-07
  6.350E+01 1.90853E-18 -3.959E-05  1.063E-09  8.827E-10  1.240E-13  6.744E-14  1.00E-07
  6.400E+01 1.86554E-18 -4.023E-05  1.046E-09  8.779E-10  1.231E-13  6.742E-14  1.00E-07
  6.450E+01 1.82381E-18 -4.087E-05  1.030E-09  8.731E-10  1.222E-13  6.738E-14  1.00E-07
  6.500E+01 1.78328E-18 -4.151E-05  1.015E-09  8.683E-10  1.213E-13  6.734E-14  1.00E-07
  6.550E+01 1.74393E-18 -4.215E-05  9.991E-10  8.636E-10  1.204E-13  6.730E-14  1.00E-07
  6.600E+01 1.70571E-18 -4.280E-05  9.839E-10  8.589E-10  1.195E-13  6.725E-14  1.00E-07
  6.650E+01 1.66858E-18 -4.345E-05  9.690E-10  8.542E-10  1.187E-13  6.719E-14  1.00E-07
  6.700E+01 1.63252E-18 -4.409E-05  9.544E-10  8.495E-10  1.178E-13  6.713E-14  1.00E-07
  6.750E+01 1.59748E-18 -4.474E-05  9.400E-10  8.449E-10  1.169E-13  6.706E-14  1.00E-07
  6.800E+01 1.56343E-18 -4.539E-05  9.259E-10  8.403E-10  1.160E-13  6.699E-14  1.00E-07
  6.850E+01 1.53034E-18 -4.604E-05  9.121E-10  8.357E-10  1.152E-13  6.691E-14  1.00E-07
  6.900E+01 1.49818E-18 -4.669E-05  8.985E-10  8.312E-10  1.143E-13  6.682E-14  1.00E-07
  6.950E+01 1.46692E-18 -4.733E-05  8.852E-10  8.267E-10  1.135E-13  6.674E-14  1.00E-07
  7.000E+01 1.43652E-18 -4.798E-05  8.721E-10  8.222E-10  1.126E-13  6.664E-14  1.00E-07
  7.050E+01 1.40697E-18 -4.863E-05  8.592E-10  8.177E-10  1.118E-13  6.654E-14  1.00E-07
  7.100E+01 1.37823E-18 -4.928E-05  8.466E-10  8.133E-10  1.109E-13  6.644E-14  1.00E-07
  7.150E+01 1.35028E-18 -4.993E-05  8.342E-10  8.089E-10  1.101E-13  6.633E-14  1.00E-07
  7.200E+01 1.32309E-18 -5.057E-05  8.221E-10  8.045E-10  1.092E-13  6.621E-14  1.00E-07
  7.250E+01 1.29664E-18 -5.122E-05  8.101E-10  8.002E-10  1.084E-13  6.609E-14  1.00E-07
  7.300E+01 1.27091E-18 -5.186E-05  7.984E-10  7.959E-10  1.076E-13  6.597E-14  1.00E-07
  7.350E+01 1.24587E-18 -5.250E-05  7.869E-10  7.916E-10  1.068E-13  6.584E-14  1.00E-07
  7.400E+01 1.22150E-18 -5.315E-05  7.756E-10  7.874E-10  1.059E-13  6.571E-14  1.00E-07
  7.450E+01 1.19777E-18 -5.378E-05  7.644E-10  7.832E-10  1.051E-13  6.557E-14  1.00E-07
  7.500E+01 1.17468E-18 -5.442E-05  7.535E-10  7.790E-10  1.043E-13  6.543E-14  1.00E-07
  7.550E+01 1.15220E-18 -5.506E-05  7.428E-10  7.749E-10  1.035E-13  6.529E-14  1.00E-07
  7.600E+01 1.13031E-18 -5.569E-05  7.323E-10  7.708E-10  1.027E-13  6.514E-14  1.00E-07
  7.650E+01 1.10899E-18 -5.632E-05  7.219E-10  7.667E-10  1.019E-13  6.498E-14  1.00E-07
  7.700E+01 1.08823E-18 -5.695E-05  7.118E-10  7.626E-10  1.011E-13  6.483E-14  1.00E-07
  7.750E+01 1.06801E-18 -5.757E-05  7.018E-10  7.586E-10  1.003E-13  6.466E-14  1.00E-07
  7.800E+01 1.04831E-18 -5.819E-05  6.920E-10  7.546E-10  9.957E-14  6.450E-14  1.00E-07
  7.850E+01 1.02911E-18 -5.881E-05  6.824E-10  7.506E-10  9.879E-14  6.433E-14  1.00E-07
  7.900E+01 1.01041E-18 -5.942E-05  6.729E-10  7.467E-10  9.802E-14  6.415E-14  1.00E-07
  7.950E+01 9.92178E-19 -6.003E-05  6.636E-10  7.428E-10  9.725E-14  6.398E-14  1.00E-07
  8.000E+01 9.74411E-19 -6.064E-05  6.545E-10  7.389E-10  9.649E-14  6.380E-14  1.00E-07
  8.050E+01 9.57092E-19 -6.124E-05  6.455E-10  7.351E-10  9.573E-14  6.361E-14  1.00E-07
  8.100E+01 9.40207E-19 -6.184E-05  6.367E-10  7.313E-10  9.498E-14  6.342E-14  1.00E-07
  8.150E+01 9.23743E-19 -6.243E-05  6.281E-10  7.275E-10  9.423E-14  6.323E-14  1.00E-07
  8.200E+01 9.07689E-19 -6.302E-05  6.196E-10  7.238E-10  9.348E-14  6.304E-14  1.00E-07
  8.250E+01 8.92032E-19 -6.361E-05  6.112E-10  7.200E-10  9.274E-14  6.284E-14  1.00E-07
  8.300E+01 8.76761E-19 -6.419E-05  6.030E-10  7.164E-10  9.201E-14  6.264E-14  1.00E-07
  8.350E+01 8.61864E-19 -6.476E-05  5.949E-10  7.127E-10  9.128E-14  6.243E-14  1.00E-07
  8.400E+01 8.47330E-19 -6.533E-05  5.870E-10  7.091E-10  9.055E-14  6.223E-14  1.00E-07
  8.450E+01 8.33149E-19 -6.590E-05  5.792E-10  7.055E-10  8.983E-14  6.202E-14  1.00E-07
  8.500E+01 8.19311E-19 -6.646E-05  5.715E-10  7.019E-10  8.911E-14  6.180E-14  1.00E-07
  8.550E+01 8.05806E-19 -6.701E-05  5.640E-10  6.984E-10  8.839E-14  6.158E-14  1.00E-07
  8.600E+01 7.92624E-19 -6.756E-05  5.566E-10  6.949E-10  8.768E-14  6.136E-14  1.00E-07
  8.650E+01 7.79756E-19 -6.810E-05  5.493E-10  6.914E-10  8.698E-14  6.114E-14  1.00E-07
  8.700E+01 7.67194E-19 -6.863E-05  5.422E-10  6.879E-10  8.628E-14  6.092E-14  1.00E-07
  8.750E+01 7.54928E-19 -6.916E-05  5.351E-10  6.845E-10  8.558E-14  6.069E-14  1.00E-07
  8.800E+01 7.42951E-19 -6.968E-05  5.282E-10  6.811E-10  8.489E-14  6.046E-14  1.00E-07
  8.850E+01 7.31254E-19 -7.020E-05  5.214E-10  6.778E-10  8.420E-14  6.022E-14  1.00E-07
  8.900E+01 7.19830E-19 -7.070E-05  5.148E-10  6.744E-10  8.352E-14  5.999E-14  1.00E-07
  8.950E+01 7.08670E-19 -7.121E-05  5.082E-10  6.711E-10  8.284E-14  5.975E-14  1.00E-07
  9.000E+01 6.97769E-19 -7.170E-05  5.017E-10  6.679E-10  8.216E-14  5.951E-14  1.00E-07
  9.050E+01 6.87118E-19 -7.219E-05  4.954E-10  6.646E-10  8.149E-14  5.926E-14  1.00E-07
  9.100E+01 6.76710E-19 -7.267E-05  4.891E-10  6.614E-10  8.082E-14  5.902E-14  1.00E-07
  9.150E+01 6.66540E-19 -7.314E-05  4.830E-10  6.582E-10  8.016E-14  5.877E-14  1.00E-07
  9.200E+01 6.56600E-19 -7.360E-05  4.770E-10  6.551E-10  7.950E-14  5.852E-14  1.00E-07
  9.250E+01 6.46885E-19 -7.406E-05  4.710E-10  6.519E-10  7.884E-14  5.826E-14  1.00E-07
  9.300E+01 6.37389E-19 -7.451E-05  4.652E-10  6.488E-10  7.819E-14  5.801E-14  1.00E-07
  9.350E+01 6.28105E-19 -7.495E-05  4.595E-10  6.457E-10  7.754E-14  5.775E-14  1.00E-07
  9.400E+01 6.19028E-19 -7.538E-05  4.538E-10  6.427E-10  7.690E-14  5.749E-14  1.00E-07
  9.450E+01 6.10152E-19 -7.580E-05  4.483E-10  6.397E-10  7.626E-14  5.723E-14  1.00E-07
  9.500E+01 6.01473E-19 -7.622E-05  4.428E-10  6.367E-10  7.562E-14  5.697E-14  1.00E-07
  9.550E+01 5.92985E-19 -7.662E-05  4.375E-10  6.337E-10  7.499E-14  5.670E-14  1.00E-07
  9.600E+01 5.84683E-19 -7.702E-05  4.322E-10  6.308E-10  7.436E-14  5.643E-14  1.00E-07
  9.650E+01 5.76561E-19 -7.741E-05  4.270E-10  6.279E-10  7.374E-14  5.616E-14  1.00E-07
  9.700E+01 5.68617E-19 -7.779E-05  4.219E-10  6.250E-10  7.312E-14  5.589E-14  1.00E-07
  9.750E+01 5.60844E-19 -7.816E-05  4.169E-10  6.221E-10  7.250E-14  5.562E-14  1.00E-07
  9.800E+01 5.53239E-19 -7.852E-05  4.119E-10  6.193E-10  7.188E-14  5.534E-14  1.00E-07
  9.850E+01 5.45798E-19 -7.888E-05  4.071E-10  6.165E-10  7.127E-14  5.506E-14  1.00E-07
  9.900E+01 5.38515E-19 -7.922E-05  4.023E-10  6.137E-10  7.067E-14  5.478E-14  1.00E-07
  9.950E+01 5.31388E-19 -7.955E-05  3.976E-10  6.110E-10  7.006E-14  5.450E-14  1.00E-07
  1.000E+02 5.24411E-19 -7.988E-05  3.930E-10  6.083E-10  6.946E-14  5.422E-14  1.00E-07
  1.005E+02 5.17583E-19 -8.019E-05  3.884E-10  6.056E-10  6.887E-14  5.394E-14  1.00E-07
  1.010E+02 5.10898E-19 -8.050E-05  3.840E-10  6.029E-10  6.827E-14  5.365E-14  1.00E-07
  1.015E+02 5.04353E-19 -8.079E-05  3.796E-10  6.002E-10  6.769E-14  5.336E-14  1.00E-07
  1.020E+02 4.97944E-19 -8.108E-05  3.752E-10  5.976E-10  6.710E-14  5.307E-14  1.00E-07
  1.025E+02 4.91670E-19 -8.135E-05  3.710E-10  5.950E-10  6.652E-14  5.278E-14  1.00E-07
  1.030E+02 4.85525E-19 -8.161E-05  3.668E-10  5.925E-10  6.594E-14  5.249E-14  1.00E-07
  1.035E+02 4.79507E-19 -8.187E-05  3.627E-10  5.899E-10  6.536E-14  5.220E-14  1.00E-07
  1.040E+02 4.73613E-19 -8.211E-05  3.586E-10  5.874E-10  6.479E-14  5.190E-14  1.00E-07
  1.045E+02 4.67840E-19 -8.234E-05  3.546E-10  5.849E-10  6.422E-14  5.160E-14  1.00E-07
  1.050E+02 4.62185E-19 -8.257E-05  3.507E-10  5.824E-10  6.365E-14  5.131E-14  1.00E-07
  1.055E+02 4.56645E-19 -8.278E-05  3.468E-10  5.800E-10  6.309E-14  5.101E-14  1.00E-07
  1.060E+02 4.51217E-19 -8.298E-05  3.430E-10  5.775E-10  6.253E-14  5.071E-14  1.00E-07
  1.065E+02 4.45899E-19 -8.317E-05  3.393E-10  5.752E-10  6.197E-14  5.041E-14  1.00E-07
  1.070E+02 4.40688E-19 -8.335E-05  3.356E-10  5.728E-10  6.142E-14  5.010E-14  1.00E-07
  1.075E+02 4.35582E-19 -8.352E-05  3.320E-10  5.704E-10  6.087E-14  4.980E-14  1.00E-07
  1.080E+02 4.30578E-19 -8.368E-05  3.284E-10  5.681E-10  6.032E-14  4.949E-14  1.00E-07
  1.085E+02 4.25674E-19 -8.382E-05  3.249E-10  5.658E-10  5.978E-14  4.919E-14  1.00E-07
  1.090E+02 4.20867E-19 -8.396E-05  3.214E-10  5.635E-10  5.923E-14  4.888E-14  1.00E-07
  1.095E+02 4.16156E-19 -8.409E-05  3.180E-10  5.613E-10  5.869E-14  4.857E-14  1.00E-07
  1.100E+02 4.11537E-19 -8.420E-05  3.147E-10  5.590E-10  5.816E-14  4.826E-14  1.00E-07
  1.105E+02 4.07010E-19 -8.430E-05  3.114E-10  5.568E-10  5.762E-14  4.795E-14  1.00E-07
  1.110E+02 4.02571E-19 -8.439E-05  3.082E-10  5.546E-10  5.709E-14  4.763E-14  1.00E-07
  1.115E+02 3.98220E-19 -8.447E-05  3.050E-10  5.525E-10  5.657E-14  4.732E-14  1.00E-07
  1.120E+02 3.93953E-19 -8.454E-05  3.018E-10  5.503E-10  5.604E-14  4.701E-14  1.00E-07
  1.125E+02 3.89770E-19 -8.460E-05  2.987E-10  5.482E-10  5.552E-14  4.669E-14  1.00E-07
  1.130E+02 3.85667E-19 -8.464E-05  2.957E-10  5.461E-10  5.500E-14  4.637E-14  1.00E-07
  1.135E+02 3.81644E-19 -8.468E-05  2.927E-10  5.440E-10  5.448E-14  4.606E-14  1.00E-07
  1.140E+02 3.77699E-19 -8.470E-05  2.898E-10  5.420E-10  5.397E-14  4.574E-14  1.00E-07
  1.145E+02 3.73830E-19 -8.471E-05  2.869E-10  5.399E-10  5.346E-14  4.542E-14  1.00E-07
  1.150E+02 3.70035E-19 -8.471E-05  2.840E-10  5.379E-10  5.295E-14  4.510E-14  1.00E-07
  1.155E+02 3.66312E-19 -8.470E-05  2.812E-10  5.359E-10  5.244E-14  4.478E-14  1.00E-07
  1.160E+02 3.62661E-19 -8.467E-05  2.785E-10  5.340E-10  5.194E-14  4.446E-14  1.00E-07
  1.165E+02 3.59080E-19 -8.464E-05  2.757E-10  5.320E-10  5.144E-14  4.413E-14  1.00E-07
  1.170E+02 3.55566E-19 -8.459E-05  2.731E-10  5.301E-10  5.094E-14  4.381E-14  1.00E-07
  1.175E+02 3.52120E-19 -8.453E-05  2.704E-10  5.282E-10  5.044E-14  4.348E-14  1.00E-07
  1.180E+02 3.48738E-19 -8.446E-05  2.679E-10  5.263E-10  4.995E-14  4.316E-14  1.00E-07
  1.185E+02 3.45420E-19 -8.437E-05  2.653E-10  5.244E-10  4.945E-14  4.283E-14  1.00E-07
  1.190E+02 3.42165E-19 -8.428E-05  2.628E-10  5.226E-10  4.897E-14  4.251E-14  1.00E-07
  1.195E+02 3.38972E-19 -8.417E-05  2.603E-10  5.208E-10  4.848E-14  4.218E-14  1.00E-07
  1.200E+02 3.35838E-19 -8.405E-05  2.579E-10  5.190E-10  4.799E-14  4.185E-14  1.00E-07
  1.205E+02 3.32763E-19 -8.392E-05  2.555E-10  5.172E-10  4.751E-14  4.152E-14  1.00E-07
  1.210E+02 3.29745E-19 -8.378E-05  2.531E-10  5.154E-10  4.703E-14  4.119E-14  1.00E-07
  1.215E+02 3.26784E-19 -8.363E-05  2.508E-10  5.137E-10  4.655E-14  4.086E-14  1.00E-07
  1.220E+02 3.23878E-19 -8.346E-05  2.485E-10  5.120E-10  4.608E-14  4.053E-14  1.00E-07
  1.225E+02 3.21027E-19 -8.329E-05  2.463E-10  5.103E-10  4.560E-14  4.020E-14  1.00E-07
  1.230E+02 3.18228E-19 -8.310E-05  2.441E-10  5.086E-10  4.513E-14  3.987E-14  1.00E-07
  1.235E+02 3.15481E-19 -8.289E-05  2.419E-10  5.069E-10  4.466E-14  3.953E-14  1.00E-07
  1.240E+02 3.12786E-19 -8.268E-05  2.398E-10  5.053E-10  4.420E-14  3.920E-14  1.00E-07
  1.245E+02 3.10140E-19 -8.246E-05  2.377E-10  5.036E-10  4.373E-14  3.886E-14  1.00E-07
  1.250E+02 3.07543E-19 -8.222E-05  2.356E-10  5.020E-10  4.327E-14  3.853E-14  1.00E-07
  1.255E+02 3.04995E-19 -8.197E-05  2.336E-10  5.004E-10  4.281E-14  3.819E-14  1.00E-07
  1.260E+02 3.02493E-19 -8.171E-05  2.316E-10  4.989E-10  4.235E-14  3.786E-14  1.00E-07
  1.265E+02 3.00038E-19 -8.144E-05  2.296E-10  4.973E-10  4.189E-14  3.752E-14  1.00E-07
  1.270E+02 2.97628E-19 -8.116E-05  2.276E-10  4.958E-10  4.143E-14  3.719E-14  1.00E-07
  1.275E+02 2.95262E-19 -8.086E-05  2.257E-10  4.943E-10  4.098E-14  3.685E-14  1.00E-07
  1.280E+02 2.92940E-19 -8.056E-05  2.239E-10  4.928E-10  4.053E-14  3.651E-14  1.00E-07
  1.285E+02 2.90661E-19 -8.024E-05  2.220E-10  4.913E-10  4.008E-14  3.617E-14  1.00E-07
  1.290E+02 2.88424E-19 -7.991E-05  2.202E-10  4.898E-10  3.963E-14  3.583E-14  1.00E-07
  1.295E+02 2.86228E-19 -7.957E-05  2.184E-10  4.884E-10  3.919E-14  3.549E-14  1.00E-07
  1.300E+02 2.84073E-19 -7.921E-05  2.166E-10  4.870E-10  3.874E-14  3.515E-14  1.00E-07
  1.305E+02 2.81957E-19 -7.885E-05  2.149E-10  4.856E-10  3.830E-14  3.481E-14  1.00E-07
  1.310E+02 2.79881E-19 -7.847E-05  2.132E-10  4.842E-10  3.786E-14  3.447E-14  1.00E-07
  1.315E+02 2.77842E-19 -7.809E-05  2.115E-10  4.828E-10  3.742E-14  3.413E-14  1.00E-07
  1.320E+02 2.75842E-19 -7.769E-05  2.099E-10  4.815E-10  3.698E-14  3.379E-14  1.00E-07
  1.325E+02 2.73878E-19 -7.728E-05  2.082E-10  4.801E-10  3.655E-14  3.345E-14  1.00E-07
  1.330E+02 2.71950E-19 -7.686E-05  2.066E-10  4.788E-10  3.612E-14  3.310E-14  1.00E-07
  1.335E+02 2.70059E-19 -7.643E-05  2.051E-10  4.775E-10  3.568E-14  3.276E-14  1.00E-07
  1.340E+02 2.68202E-19 -7.598E-05  2.035E-10  4.762E-10  3.525E-14  3.242E-14  1.00E-07
  1.345E+02 2.66379E-19 -7.553E-05  2.020E-10  4.749E-10  3.482E-14  3.207E-14  1.00E-07
  1.350E+02 2.64591E-19 -7.506E-05  2.005E-10  4.737E-10  3.440E-14  3.173E-14  1.00E-07
  1.355E+02 2.62836E-19 -7.459E-05  1.991E-10  4.725E-10  3.397E-14  3.139E-14  1.00E-07
  1.360E+02 2.61113E-19 -7.410E-05  1.976E-10  4.712E-10  3.355E-14  3.104E-14  1.00E-07
  1.365E+02 2.59423E-19 -7.360E-05  1.962E-10  4.700E-10  3.312E-14  3.070E-14  1.00E-07
  1.370E+02 2.57764E-19 -7.309E-05  1.948E-10  4.688E-10  3.270E-14  3.035E-14  1.00E-07
  1.375E+02 2.56136E-19 -7.257E-05  1.934E-10  4.677E-10  3.228E-14  3.000E-14  1.00E-07
  1.380E+02 2.54539E-19 -7.204E-05  1.921E-10  4.665E-10  3.187E-14  2.966E-14  1.00E-07
  1.385E+02 2.52972E-19 -7.150E-05  1.908E-10  4.654E-10  3.145E-14  2.931E-14  1.00E-07
  1.390E+02 2.51435E-19 -7.095E-05  1.894E-10  4.643E-10  3.103E-14  2.897E-14  1.00E-07
  1.395E+02 2.49927E-19 -7.039E-05  1.882E-10  4.632E-10  3.062E-14  2.862E-14  1.00E-07
  1.400E+02 2.48447E-19 -6.982E-05  1.869E-10  4.621E-10  3.021E-14  2.827E-14  1.00E-07
  1.405E+02 2.46995E-19 -6.924E-05  1.857E-10  4.610E-10  2.979E-14  2.792E-14  1.00E-07
  1.410E+02 2.45572E-19 -6.864E-05  1.845E-10  4.599E-10  2.938E-14  2.758E-14  1.00E-07
  1.415E+02 2.44175E-19 -6.804E-05  1.833E-10  4.589E-10  2.898E-14  2.723E-14  1.00E-07
  1.420E+02 2.42806E-19 -6.743E-05  1.821E-10  4.579E-10  2.857E-14  2.688E-14  1.00E-07
  1.425E+02 2.41463E-19 -6.681E-05  1.809E-10  4.569E-10  2.816E-14  2.653E-14  1.00E-07
  1.430E+02 2.40146E-19 -6.617E-05  1.798E-10  4.559E-10  2.776E-14  2.618E-14  1.00E-07
  1.435E+02 2.38855E-19 -6.553E-05  1.787E-10  4.549E-10  2.735E-14  2.583E-14  1.00E-07
  1.440E+02 2.37589E-19 -6.488E-05  1.776E-10  4.539E-10  2.695E-14  2.548E-14  1.00E-07
  1.445E+02 2.36348E-19 -6.422E-05  1.765E-10  4.530E-10  2.655E-14  2.514E-14  1.00E-07
  1.450E+02 2.35132E-19 -6.355E-05  1.755E-10  4.520E-10  2.615E-14  2.479E-14  1.00E-07
  1.455E+02 2.33940E-19 -6.287E-05  1.745E-10  4.511E-10  2.575E-14  2.444E-14  1.00E-07
  1.460E+02 2.32772E-19 -6.218E-05  1.735E-10  4.502E-10  2.535E-14  2.409E-14  1.00E-07
  1.465E+02 2.31628E-19 -6.148E-05  1.725E-10  4.493E-10  2.496E-14  2.374E-14  1.00E-07
  1.470E+02 2.30507E-19 -6.077E-05  1.715E-10  4.484E-10  2.456E-14  2.338E-14  1.00E-07
  1.475E+02 2.29408E-19 -6.005E-05  1.705E-10  4.476E-10  2.417E-14  2.303E-14  1.00E-07
  1.480E+02 2.28332E-19 -5.933E-05  1.696E-10  4.467E-10  2.377E-14  2.268E-14  1.00E-07
  1.485E+02 2.27279E-19 -5.859E-05  1.687E-10  4.459E-10  2.338E-14  2.233E-14  1.00E-07
  1.490E+02 2.26248E-19 -5.785E-05  1.678E-10  4.451E-10  2.299E-14  2.198E-14  1.00E-07
  1.495E+02 2.25238E-19 -5.710E-05  1.669E-10  4.443E-10  2.260E-14  2.163E-14  1.00E-07
  1.500E+02 2.24250E-19 -5.634E-05  1.660E-10  4.435E-10  2.221E-14  2.128E-14  1.00E-07
  1.505E+02 2.23283E-19 -5.557E-05  1.652E-10  4.427E-10  2.182E-14  2.093E-14  1.00E-07
  1.510E+02 2.22336E-19 -5.479E-05  1.644E-10  4.420E-10  2.143E-14  2.057E-14  1.00E-07
  1.515E+02 2.21411E-19 -5.401E-05  1.635E-10  4.412E-10  2.105E-14  2.022E-14  1.00E-07
  1.520E+02 2.20506E-19 -5.321E-05  1.627E-10  4.405E-10  2.066E-14  1.987E-14  1.00E-07
  1.525E+02 2.19621E-19 -5.241E-05  1.620E-10  4.398E-10  2.028E-14  1.952E-14  1.00E-07
  1.530E+02 2.18755E-19 -5.160E-05  1.612E-10  4.391E-10  1.989E-14  1.916E-14  1.00E-07
  1.535E+02 2.17910E-19 -5.079E-05  1.605E-10  4.384E-10  1.951E-14  1.881E-14  1.00E-07
  1.540E+02 2.17084E-19 -4.996E-05  1.597E-10  4.377E-10  1.913E-14  1.846E-14  1.00E-07
  1.545E+02 2.16277E-19 -4.913E-05  1.590E-10  4.370E-10  1.875E-14  1.811E-14  1.00E-07
  1.550E+02 2.15489E-19 -4.829E-05  1.583E-10  4.364E-10  1.836E-14  1.775E-14  1.00E-07
  1.555E+02 2.14720E-19 -4.745E-05  1.576E-10  4.357E-10  1.798E-14  1.740E-14  1.00E-07
  1.560E+02 2.13970E-19 -4.659E-05  1.570E-10  4.351E-10  1.761E-14  1.705E-14  1.00E-07
  1.565E+02 2.13238E-19 -4.573E-05  1.563E-10  4.345E-10  1.723E-14  1.669E-14  1.00E-07
  1.570E+02 2.12524E-19 -4.487E-05  1.557E-10  4.339E-10  1.685E-14  1.634E-14  1.00E-07
  1.575E+02 2.11828E-19 -4.399E-05  1.551E-10  4.333E-10  1.647E-14  1.599E-14  1.00E-07
  1.580E+02 2.11149E-19 -4.311E-05  1.545E-10  4.328E-10  1.610E-14  1.563E-14  1.00E-07
  1.585E+02 2.10489E-19 -4.223E-05  1.539E-10  4.322E-10  1.572E-14  1.528E-14  1.00E-07
  1.590E+02 2.09846E-19 -4.133E-05  1.533E-10  4.317E-10  1.535E-14  1.492E-14  1.00E-07
  1.595E+02 2.09220E-19 -4.043E-05  1.528E-10  4.311E-10  1.497E-14  1.457E-14  1.00E-07
  1.600E+02 2.08612E-19 -3.953E-05  1.522E-10  4.306E-10  1.460E-14  1.422E-14  1.00E-07
  1.605E+02 2.08020E-19 -3.862E-05  1.517E-10  4.301E-10  1.423E-14  1.386E-14  1.00E-07
  1.610E+02 2.07445E-19 -3.770E-05  1.512E-10  4.296E-10  1.385E-14  1.351E-14  1.00E-07
  1.615E+02 2.06887E-19 -3.678E-05  1.507E-10  4.292E-10  1.348E-14  1.315E-14  1.00E-07
  1.620E+02 2.06345E-19 -3.585E-05  1.502E-10  4.287E-10  1.311E-14  1.280E-14  1.00E-07
  1.625E+02 2.05820E-19 -3.492E-05  1.497E-10  4.283E-10  1.274E-14  1.244E-14  1.00E-07
  1.630E+02 2.05311E-19 -3.398E-05  1.493E-10  4.278E-10  1.237E-14  1.209E-14  1.00E-07
  1.635E+02 2.04818E-19 -3.303E-05  1.488E-10  4.274E-10  1.200E-14  1.173E-14  1.00E-07
  1.640E+02 2.04341E-19 -3.209E-05  1.484E-10  4.270E-10  1.163E-14  1.138E-14  1.00E-07
  1.645E+02 2.03881E-19 -3.113E-05  1.480E-10  4.266E-10  1.126E-14  1.102E-14  1.00E-07
  1.650E+02 2.03435E-19 -3.017E-05  1.476E-10  4.262E-10  1.090E-14  1.067E-14  1.00E-07
  1.655E+02 2.03006E-19 -2.921E-05  1.472E-10  4.258E-10  1.053E-14  1.031E-14  1.00E-07
  1.660E+02 2.02592E-19 -2.825E-05  1.468E-10  4.255E-10  1.016E-14  9.959E-15  1.00E-07
  1.665E+02 2.02193E-19 -2.727E-05  1.465E-10  4.251E-10  9.795E-15  9.603E-15  1.00E-07
  1.670E+02 2.01810E-19 -2.630E-05  1.461E-10  4.248E-10  9.428E-15  9.248E-15  1.00E-07
  1.675E+02 2.01442E-19 -2.532E-05  1.458E-10  4.245E-10  9.062E-15  8.893E-15  1.00E-07
  1.680E+02 2.01089E-19 -2.434E-05  1.455E-10  4.242E-10  8.697E-15  8.538E-15  1.00E-07
  1.685E+02 2.00751E-19 -2.335E-05  1.452E-10  4.239E-10  8.332E-15  8.182E-15  1.00E-07
  1.690E+02 2.00429E-19 -2.236E-05  1.449E-10  4.236E-10  7.967E-15  7.827E-15  1.00E-07
  1.695E+02 2.00121E-19 -2.137E-05  1.446E-10  4.233E-10  7.603E-15  7.471E-15  1.00E-07
  1.700E+02 1.99828E-19 -2.037E-05  1.443E-10  4.231E-10  7.239E-15  7.116E-15  1.00E-07
  1.705E+02 1.99549E-19 -1.937E-05  1.441E-10  4.228E-10  6.875E-15  6.760E-15  1.00E-07
  1.710E+02 1.99286E-19 -1.837E-05  1.439E-10  4.226E-10  6.511E-15  6.405E-15  1.00E-07
  1.715E+02 1.99037E-19 -1.736E-05  1.436E-10  4.224E-10  6.148E-15  6.049E-15  1.00E-07
  1.720E+02 1.98802E-19 -1.636E-05  1.434E-10  4.222E-10  5.785E-15  5.693E-15  1.00E-07
  1.725E+02 1.98582E-19 -1.535E-05  1.432E-10  4.220E-10  5.422E-15  5.338E-15  1.00E-07
  1.730E+02 1.98377E-19 -1.433E-05  1.430E-10  4.218E-10  5.060E-15  4.982E-15  1.00E-07
  1.735E+02 1.98186E-19 -1.332E-05  1.429E-10  4.216E-10  4.697E-15  4.626E-15  1.00E-07
  1.740E+02 1.98009E-19 -1.230E-05  1.427E-10  4.215E-10  4.335E-15  4.270E-15  1.00E-07
  1.745E+02 1.97846E-19 -1.128E-05  1.426E-10  4.213E-10  3.973E-15  3.915E-15  1.00E-07
  1.750E+02 1.97698E-19 -1.026E-05  1.424E-10  4.212E-10  3.612E-15  3.559E-15  1.00E-07
  1.755E+02 1.97564E-19 -9.240E-06  1.423E-10  4.211E-10  3.250E-15  3.203E-15  1.00E-07
  1.760E+02 1.97444E-19 -8.217E-06  1.422E-10  4.210E-10  2.889E-15  2.847E-15  1.00E-07
  1.765E+02 1.97339E-19 -7.193E-06  1.421E-10  4.209E-10  2.527E-15  2.491E-15  1.00E-07
  1.770E+02 1.97247E-19 -6.167E-06  1.420E-10  4.208E-10  2.166E-15  2.135E-15  1.00E-07
  1.775E+02 1.97170E-19 -5.141E-06  1.419E-10  4.207E-10  1.805E-15  1.780E-15  1.18E-07
  1.780E+02 1.97107E-19 -4.113E-06  1.419E-10  4.207E-10  1.444E-15  1.424E-15  1.41E-07
  1.785E+02 1.97057E-19 -3.086E-06  1.418E-10  4.206E-10  1.083E-15  1.068E-15  1.61E-07
  1.790E+02 1.97022E-19 -2.057E-06  1.418E-10  4.206E-10  7.219E-16  7.118E-16  1.75E-07
  1.795E+02 1.97001E-19 -1.029E-06  1.418E-10  4.206E-10  3.609E-16  3.559E-16  1.85E-07
  1.800E+02 1.96994E-19 -1.444E-20  1.418E-10  4.206E-10  5.065E-30  4.995E-30  1.88E-07

  TOTAL ELASTIC CROSS SECTION = 3.613506E-17 cm**2
               FROM DCS TABLE = 3.613426E-17  (REL. DIF. = 2.22E-05)

  1ST TRANSPORT CROSS SECTION = 1.020225E-17 cm**2
               FROM DCS TABLE = 1.020213E-17  (REL. DIF. = 1.12E-05)

  2ND TRANSPORT CROSS SECTION = 1.890873E-17 cm**2

  **** DPWA0 ENDED ************************************************************

