 #  Scattering amplitudes (in cm)      MU=(1-cos(TH))/2
 #  Z =   1,   projectile: electron
 #  Kinetic energy = 2.90000E+02 eV
 #
 # TH (deg)      MU          Re(F)        Im(F)        Re(G)        Im(G)
 #--------------------------------------------------------------------------
  0.000E+00  0.00000E+00  5.50962E-09  7.13878E-10  0.00000E+00  0.00000E+00
  1.000E-04  7.61557E-13  5.50962E-09  7.13878E-10  2.81721E-18  3.35752E-19
  1.250E-04  1.18994E-12  5.50962E-09  7.13878E-10  3.52151E-18  4.19690E-19
  1.500E-04  1.71346E-12  5.50962E-09  7.13878E-10  4.22581E-18  5.03628E-19
  1.750E-04  2.33225E-12  5.50962E-09  7.13878E-10  4.93011E-18  5.87566E-19
  2.000E-04  3.04617E-12  5.50962E-09  7.13878E-10  5.63442E-18  6.71504E-19
  2.250E-04  3.85530E-12  5.50962E-09  7.13878E-10  6.33872E-18  7.55443E-19
  2.500E-04  4.75964E-12  5.50962E-09  7.13878E-10  7.04302E-18  8.39381E-19
  2.750E-04  5.75917E-12  5.50962E-09  7.13878E-10  7.74732E-18  9.23319E-19
  3.000E-04  6.85391E-12  5.50962E-09  7.13878E-10  8.45162E-18  1.00726E-18
  3.250E-04  8.04379E-12  5.50962E-09  7.13878E-10  9.15592E-18  1.09119E-18
  3.500E-04  9.32893E-12  5.50962E-09  7.13878E-10  9.86023E-18  1.17513E-18
  3.750E-04  1.07092E-11  5.50962E-09  7.13878E-10  1.05645E-17  1.25907E-18
  4.000E-04  1.21847E-11  5.50962E-09  7.13878E-10  1.12688E-17  1.34301E-18
  4.250E-04  1.37554E-11  5.50962E-09  7.13878E-10  1.19731E-17  1.42695E-18
  4.500E-04  1.54213E-11  5.50962E-09  7.13878E-10  1.26774E-17  1.51089E-18
  4.750E-04  1.71823E-11  5.50962E-09  7.13878E-10  1.33817E-17  1.59482E-18
  5.000E-04  1.90386E-11  5.50962E-09  7.13878E-10  1.40860E-17  1.67876E-18
  5.250E-04  2.09900E-11  5.50962E-09  7.13878E-10  1.47903E-17  1.76270E-18
  5.500E-04  2.30367E-11  5.50962E-09  7.13878E-10  1.54946E-17  1.84664E-18
  5.750E-04  2.51785E-11  5.50962E-09  7.13878E-10  1.61989E-17  1.93058E-18
  6.000E-04  2.74156E-11  5.50962E-09  7.13878E-10  1.69032E-17  2.01451E-18
  6.250E-04  2.97478E-11  5.50962E-09  7.13878E-10  1.76075E-17  2.09845E-18
  6.500E-04  3.21752E-11  5.50962E-09  7.13878E-10  1.83118E-17  2.18239E-18
  6.750E-04  3.46979E-11  5.50962E-09  7.13878E-10  1.90162E-17  2.26633E-18
  7.000E-04  3.73157E-11  5.50962E-09  7.13878E-10  1.97205E-17  2.35027E-18
  7.250E-04  4.00286E-11  5.50962E-09  7.13878E-10  2.04248E-17  2.43420E-18
  7.500E-04  4.28368E-11  5.50962E-09  7.13878E-10  2.11291E-17  2.51814E-18
  7.750E-04  4.57402E-11  5.50962E-09  7.13878E-10  2.18334E-17  2.60208E-18
  8.000E-04  4.87388E-11  5.50962E-09  7.13878E-10  2.25377E-17  2.68602E-18
  8.250E-04  5.18325E-11  5.50962E-09  7.13878E-10  2.32420E-17  2.76996E-18
  8.500E-04  5.50215E-11  5.50962E-09  7.13878E-10  2.39463E-17  2.85389E-18
  8.750E-04  5.83057E-11  5.50962E-09  7.13878E-10  2.46506E-17  2.93783E-18
  9.000E-04  6.16850E-11  5.50962E-09  7.13878E-10  2.53549E-17  3.02177E-18
  9.250E-04  6.51595E-11  5.50962E-09  7.13878E-10  2.60592E-17  3.10571E-18
  9.500E-04  6.87293E-11  5.50962E-09  7.13878E-10  2.67635E-17  3.18965E-18
  9.750E-04  7.23943E-11  5.50962E-09  7.13878E-10  2.74678E-17  3.27358E-18
  1.000E-03  7.61544E-11  5.50962E-09  7.13878E-10  2.81721E-17  3.35752E-18
  1.250E-03  1.18991E-10  5.50962E-09  7.13878E-10  3.52151E-17  4.19690E-18
  1.500E-03  1.71347E-10  5.50962E-09  7.13878E-10  4.22581E-17  5.03628E-18
  1.750E-03  2.33223E-10  5.50962E-09  7.13878E-10  4.93011E-17  5.87566E-18
  2.000E-03  3.04617E-10  5.50962E-09  7.13878E-10  5.63442E-17  6.71504E-18
  2.250E-03  3.85531E-10  5.50962E-09  7.13878E-10  6.33872E-17  7.55443E-18
  2.500E-03  4.75965E-10  5.50962E-09  7.13878E-10  7.04302E-17  8.39381E-18
  2.750E-03  5.75917E-10  5.50962E-09  7.13878E-10  7.74732E-17  9.23319E-18
  3.000E-03  6.85389E-10  5.50962E-09  7.13878E-10  8.45162E-17  1.00726E-17
  3.250E-03  8.04380E-10  5.50962E-09  7.13878E-10  9.15592E-17  1.09119E-17
  3.500E-03  9.32891E-10  5.50962E-09  7.13878E-10  9.86023E-17  1.17513E-17
  3.750E-03  1.07092E-09  5.50962E-09  7.13878E-10  1.05645E-16  1.25907E-17
  4.000E-03  1.21847E-09  5.50962E-09  7.13878E-10  1.12688E-16  1.34301E-17
  4.250E-03  1.37554E-09  5.50962E-09  7.13878E-10  1.19731E-16  1.42695E-17
  4.500E-03  1.54213E-09  5.50962E-09  7.13878E-10  1.26774E-16  1.51089E-17
  4.750E-03  1.71823E-09  5.50961E-09  7.13878E-10  1.33817E-16  1.59482E-17
  5.000E-03  1.90386E-09  5.50961E-09  7.13878E-10  1.40860E-16  1.67876E-17
  5.250E-03  2.09900E-09  5.50961E-09  7.13878E-10  1.47903E-16  1.76270E-17
  5.500E-03  2.30367E-09  5.50961E-09  7.13878E-10  1.54946E-16  1.84664E-17
  5.750E-03  2.51785E-09  5.50961E-09  7.13878E-10  1.61989E-16  1.93058E-17
  6.000E-03  2.74156E-09  5.50961E-09  7.13878E-10  1.69032E-16  2.01451E-17
  6.250E-03  2.97478E-09  5.50961E-09  7.13878E-10  1.76075E-16  2.09845E-17
  6.500E-03  3.21752E-09  5.50961E-09  7.13878E-10  1.83118E-16  2.18239E-17
  6.750E-03  3.46978E-09  5.50961E-09  7.13878E-10  1.90161E-16  2.26633E-17
  7.000E-03  3.73156E-09  5.50961E-09  7.13878E-10  1.97205E-16  2.35027E-17
  7.250E-03  4.00286E-09  5.50961E-09  7.13878E-10  2.04248E-16  2.43420E-17
  7.500E-03  4.28368E-09  5.50961E-09  7.13878E-10  2.11291E-16  2.51814E-17
  7.750E-03  4.57402E-09  5.50961E-09  7.13878E-10  2.18334E-16  2.60208E-17
  8.000E-03  4.87388E-09  5.50961E-09  7.13878E-10  2.25377E-16  2.68602E-17
  8.250E-03  5.18326E-09  5.50961E-09  7.13878E-10  2.32420E-16  2.76996E-17
  8.500E-03  5.50215E-09  5.50961E-09  7.13878E-10  2.39463E-16  2.85389E-17
  8.750E-03  5.83057E-09  5.50961E-09  7.13878E-10  2.46506E-16  2.93783E-17
  9.000E-03  6.16850E-09  5.50961E-09  7.13878E-10  2.53549E-16  3.02177E-17
  9.250E-03  6.51596E-09  5.50961E-09  7.13878E-10  2.60592E-16  3.10571E-17
  9.500E-03  6.87293E-09  5.50961E-09  7.13878E-10  2.67635E-16  3.18965E-17
  9.750E-03  7.23942E-09  5.50961E-09  7.13878E-10  2.74678E-16  3.27358E-17
  1.000E-02  7.61544E-09  5.50961E-09  7.13878E-10  2.81721E-16  3.35752E-17
  1.250E-02  1.18991E-08  5.50961E-09  7.13878E-10  3.52151E-16  4.19690E-17
  1.500E-02  1.71347E-08  5.50961E-09  7.13878E-10  4.22581E-16  5.03628E-17
  1.750E-02  2.33223E-08  5.50961E-09  7.13878E-10  4.93011E-16  5.87566E-17
  2.000E-02  3.04617E-08  5.50961E-09  7.13878E-10  5.63441E-16  6.71504E-17
  2.250E-02  3.85531E-08  5.50961E-09  7.13878E-10  6.33871E-16  7.55442E-17
  2.500E-02  4.75965E-08  5.50961E-09  7.13878E-10  7.04301E-16  8.39380E-17
  2.750E-02  5.75917E-08  5.50960E-09  7.13878E-10  7.74731E-16  9.23318E-17
  3.000E-02  6.85389E-08  5.50960E-09  7.13878E-10  8.45160E-16  1.00726E-16
  3.250E-02  8.04380E-08  5.50960E-09  7.13878E-10  9.15590E-16  1.09119E-16
  3.500E-02  9.32891E-08  5.50960E-09  7.13878E-10  9.86020E-16  1.17513E-16
  3.750E-02  1.07092E-07  5.50960E-09  7.13878E-10  1.05645E-15  1.25907E-16
  4.000E-02  1.21847E-07  5.50959E-09  7.13878E-10  1.12688E-15  1.34301E-16
  4.250E-02  1.37554E-07  5.50959E-09  7.13878E-10  1.19731E-15  1.42695E-16
  4.500E-02  1.54213E-07  5.50959E-09  7.13878E-10  1.26774E-15  1.51088E-16
  4.750E-02  1.71823E-07  5.50958E-09  7.13878E-10  1.33817E-15  1.59482E-16
  5.000E-02  1.90386E-07  5.50958E-09  7.13877E-10  1.40860E-15  1.67876E-16
  5.250E-02  2.09900E-07  5.50958E-09  7.13877E-10  1.47902E-15  1.76270E-16
  5.500E-02  2.30367E-07  5.50957E-09  7.13877E-10  1.54945E-15  1.84663E-16
  5.750E-02  2.51785E-07  5.50957E-09  7.13877E-10  1.61988E-15  1.93057E-16
  6.000E-02  2.74156E-07  5.50957E-09  7.13877E-10  1.69031E-15  2.01451E-16
  6.250E-02  2.97478E-07  5.50956E-09  7.13877E-10  1.76074E-15  2.09845E-16
  6.500E-02  3.21752E-07  5.50956E-09  7.13877E-10  1.83117E-15  2.18238E-16
  6.750E-02  3.46978E-07  5.50955E-09  7.13877E-10  1.90159E-15  2.26632E-16
  7.000E-02  3.73156E-07  5.50955E-09  7.13877E-10  1.97202E-15  2.35026E-16
  7.250E-02  4.00286E-07  5.50954E-09  7.13876E-10  2.04245E-15  2.43420E-16
  7.500E-02  4.28368E-07  5.50954E-09  7.13876E-10  2.11288E-15  2.51813E-16
  7.750E-02  4.57402E-07  5.50953E-09  7.13876E-10  2.18330E-15  2.60207E-16
  8.000E-02  4.87388E-07  5.50953E-09  7.13876E-10  2.25373E-15  2.68601E-16
  8.250E-02  5.18325E-07  5.50952E-09  7.13876E-10  2.32416E-15  2.76995E-16
  8.500E-02  5.50215E-07  5.50952E-09  7.13876E-10  2.39458E-15  2.85388E-16
  8.750E-02  5.83057E-07  5.50951E-09  7.13876E-10  2.46501E-15  2.93782E-16
  9.000E-02  6.16850E-07  5.50950E-09  7.13875E-10  2.53544E-15  3.02176E-16
  9.250E-02  6.51596E-07  5.50950E-09  7.13875E-10  2.60586E-15  3.10569E-16
  9.500E-02  6.87293E-07  5.50949E-09  7.13875E-10  2.67629E-15  3.18963E-16
  9.750E-02  7.23942E-07  5.50948E-09  7.13875E-10  2.74671E-15  3.27357E-16
  1.000E-01  7.61543E-07  5.50948E-09  7.13875E-10  2.81714E-15  3.35750E-16
  1.250E-01  1.18991E-06  5.50940E-09  7.13873E-10  3.52137E-15  4.19687E-16
  1.500E-01  1.71347E-06  5.50931E-09  7.13870E-10  4.22558E-15  5.03622E-16
  1.750E-01  2.33223E-06  5.50919E-09  7.13868E-10  4.92974E-15  5.87557E-16
  2.000E-01  3.04617E-06  5.50906E-09  7.13864E-10  5.63386E-15  6.71490E-16
  2.250E-01  3.85531E-06  5.50892E-09  7.13861E-10  6.33792E-15  7.55422E-16
  2.500E-01  4.75964E-06  5.50876E-09  7.13856E-10  7.04193E-15  8.39353E-16
  2.750E-01  5.75916E-06  5.50857E-09  7.13852E-10  7.74587E-15  9.23282E-16
  3.000E-01  6.85388E-06  5.50838E-09  7.13847E-10  8.44974E-15  1.00721E-15
  3.250E-01  8.04378E-06  5.50816E-09  7.13841E-10  9.15353E-15  1.09113E-15
  3.500E-01  9.32888E-06  5.50793E-09  7.13835E-10  9.85723E-15  1.17506E-15
  3.750E-01  1.07092E-05  5.50768E-09  7.13829E-10  1.05608E-14  1.25898E-15
  4.000E-01  1.21846E-05  5.50741E-09  7.13822E-10  1.12644E-14  1.34290E-15
  4.250E-01  1.37553E-05  5.50713E-09  7.13815E-10  1.19678E-14  1.42681E-15
  4.500E-01  1.54212E-05  5.50683E-09  7.13807E-10  1.26711E-14  1.51072E-15
  4.750E-01  1.71822E-05  5.50651E-09  7.13799E-10  1.33743E-14  1.59463E-15
  5.000E-01  1.90385E-05  5.50618E-09  7.13791E-10  1.40773E-14  1.67854E-15
  5.250E-01  2.09899E-05  5.50582E-09  7.13782E-10  1.47802E-14  1.76244E-15
  5.500E-01  2.30365E-05  5.50545E-09  7.13773E-10  1.54830E-14  1.84634E-15
  5.750E-01  2.51783E-05  5.50507E-09  7.13763E-10  1.61857E-14  1.93024E-15
  6.000E-01  2.74153E-05  5.50466E-09  7.13752E-10  1.68882E-14  2.01413E-15
  6.250E-01  2.97475E-05  5.50424E-09  7.13742E-10  1.75905E-14  2.09802E-15
  6.500E-01  3.21749E-05  5.50381E-09  7.13731E-10  1.82927E-14  2.18190E-15
  6.750E-01  3.46974E-05  5.50335E-09  7.13719E-10  1.89947E-14  2.26578E-15
  7.000E-01  3.73152E-05  5.50288E-09  7.13707E-10  1.96965E-14  2.34966E-15
  7.250E-01  4.00281E-05  5.50239E-09  7.13695E-10  2.03982E-14  2.43353E-15
  7.500E-01  4.28362E-05  5.50188E-09  7.13682E-10  2.10996E-14  2.51739E-15
  7.750E-01  4.57395E-05  5.50136E-09  7.13668E-10  2.18009E-14  2.60125E-15
  8.000E-01  4.87380E-05  5.50082E-09  7.13655E-10  2.25020E-14  2.68511E-15
  8.250E-01  5.18317E-05  5.50026E-09  7.13640E-10  2.32028E-14  2.76896E-15
  8.500E-01  5.50205E-05  5.49969E-09  7.13626E-10  2.39035E-14  2.85280E-15
  8.750E-01  5.83045E-05  5.49910E-09  7.13611E-10  2.46039E-14  2.93664E-15
  9.000E-01  6.16838E-05  5.49849E-09  7.13595E-10  2.53041E-14  3.02048E-15
  9.250E-01  6.51582E-05  5.49786E-09  7.13579E-10  2.60040E-14  3.10430E-15
  9.500E-01  6.87277E-05  5.49722E-09  7.13563E-10  2.67037E-14  3.18813E-15
  9.750E-01  7.23925E-05  5.49656E-09  7.13546E-10  2.74032E-14  3.27194E-15
  1.000E+00  7.61524E-05  5.49588E-09  7.13529E-10  2.81024E-14  3.35575E-15
  1.100E+00  9.21439E-05  5.49301E-09  7.13455E-10  3.08966E-14  3.69091E-15
  1.200E+00  1.09658E-04  5.48986E-09  7.13375E-10  3.36862E-14  4.02596E-15
  1.300E+00  1.28695E-04  5.48644E-09  7.13288E-10  3.64709E-14  4.36088E-15
  1.400E+00  1.49255E-04  5.48275E-09  7.13194E-10  3.92502E-14  4.69567E-15
  1.500E+00  1.71338E-04  5.47880E-09  7.13092E-10  4.20237E-14  5.03030E-15
  1.600E+00  1.94942E-04  5.47458E-09  7.12984E-10  4.47910E-14  5.36477E-15
  1.700E+00  2.20070E-04  5.47009E-09  7.12869E-10  4.75517E-14  5.69908E-15
  1.800E+00  2.46720E-04  5.46534E-09  7.12747E-10  5.03055E-14  6.03320E-15
  1.900E+00  2.74892E-04  5.46032E-09  7.12618E-10  5.30519E-14  6.36714E-15
  2.000E+00  3.04586E-04  5.45504E-09  7.12482E-10  5.57906E-14  6.70087E-15
  2.100E+00  3.35803E-04  5.44950E-09  7.12339E-10  5.85211E-14  7.03439E-15
  2.200E+00  3.68542E-04  5.44370E-09  7.12190E-10  6.12431E-14  7.36769E-15
  2.300E+00  4.02802E-04  5.43765E-09  7.12033E-10  6.39562E-14  7.70076E-15
  2.400E+00  4.38585E-04  5.43133E-09  7.11870E-10  6.66600E-14  8.03359E-15
  2.500E+00  4.75889E-04  5.42476E-09  7.11699E-10  6.93542E-14  8.36616E-15
  2.600E+00  5.14715E-04  5.41794E-09  7.11522E-10  7.20384E-14  8.69847E-15
  2.700E+00  5.55063E-04  5.41087E-09  7.11338E-10  7.47123E-14  9.03050E-15
  2.800E+00  5.96931E-04  5.40354E-09  7.11147E-10  7.73754E-14  9.36225E-15
  2.900E+00  6.40321E-04  5.39597E-09  7.10950E-10  8.00274E-14  9.69371E-15
  3.000E+00  6.85233E-04  5.38815E-09  7.10745E-10  8.26680E-14  1.00249E-14
  3.100E+00  7.31665E-04  5.38009E-09  7.10534E-10  8.52969E-14  1.03557E-14
  3.200E+00  7.79618E-04  5.37179E-09  7.10316E-10  8.79136E-14  1.06862E-14
  3.300E+00  8.29092E-04  5.36324E-09  7.10091E-10  9.05179E-14  1.10164E-14
  3.400E+00  8.80086E-04  5.35446E-09  7.09859E-10  9.31094E-14  1.13462E-14
  3.500E+00  9.32601E-04  5.34545E-09  7.09621E-10  9.56879E-14  1.16757E-14
  3.600E+00  9.86636E-04  5.33620E-09  7.09376E-10  9.82529E-14  1.20048E-14
  3.700E+00  1.04219E-03  5.32671E-09  7.09124E-10  1.00804E-13  1.23335E-14
  3.800E+00  1.09927E-03  5.31700E-09  7.08865E-10  1.03341E-13  1.26619E-14
  3.900E+00  1.15786E-03  5.30707E-09  7.08600E-10  1.05864E-13  1.29898E-14
  4.000E+00  1.21797E-03  5.29691E-09  7.08328E-10  1.08373E-13  1.33174E-14
  4.100E+00  1.27961E-03  5.28652E-09  7.08050E-10  1.10866E-13  1.36445E-14
  4.200E+00  1.34276E-03  5.27592E-09  7.07765E-10  1.13344E-13  1.39713E-14
  4.300E+00  1.40743E-03  5.26510E-09  7.07473E-10  1.15807E-13  1.42975E-14
  4.400E+00  1.47362E-03  5.25407E-09  7.07174E-10  1.18254E-13  1.46234E-14
  4.500E+00  1.54133E-03  5.24283E-09  7.06869E-10  1.20685E-13  1.49487E-14
  4.600E+00  1.61056E-03  5.23137E-09  7.06558E-10  1.23100E-13  1.52737E-14
  4.700E+00  1.68131E-03  5.21971E-09  7.06240E-10  1.25498E-13  1.55981E-14
  4.800E+00  1.75357E-03  5.20785E-09  7.05915E-10  1.27879E-13  1.59221E-14
  4.900E+00  1.82735E-03  5.19579E-09  7.05584E-10  1.30243E-13  1.62456E-14
  5.000E+00  1.90265E-03  5.18353E-09  7.05246E-10  1.32590E-13  1.65685E-14
  5.100E+00  1.97947E-03  5.17107E-09  7.04902E-10  1.34920E-13  1.68910E-14
  5.200E+00  2.05780E-03  5.15842E-09  7.04552E-10  1.37232E-13  1.72129E-14
  5.300E+00  2.13765E-03  5.14558E-09  7.04195E-10  1.39526E-13  1.75343E-14
  5.400E+00  2.21902E-03  5.13256E-09  7.03831E-10  1.41802E-13  1.78552E-14
  5.500E+00  2.30190E-03  5.11935E-09  7.03462E-10  1.44059E-13  1.81755E-14
  5.600E+00  2.38630E-03  5.10596E-09  7.03086E-10  1.46298E-13  1.84953E-14
  5.700E+00  2.47222E-03  5.09240E-09  7.02703E-10  1.48518E-13  1.88145E-14
  5.800E+00  2.55965E-03  5.07865E-09  7.02314E-10  1.50719E-13  1.91331E-14
  5.900E+00  2.64859E-03  5.06474E-09  7.01919E-10  1.52902E-13  1.94512E-14
  6.000E+00  2.73905E-03  5.05066E-09  7.01518E-10  1.55065E-13  1.97686E-14
  6.100E+00  2.83103E-03  5.03641E-09  7.01110E-10  1.57208E-13  2.00855E-14
  6.200E+00  2.92452E-03  5.02200E-09  7.00697E-10  1.59332E-13  2.04017E-14
  6.300E+00  3.01952E-03  5.00743E-09  7.00277E-10  1.61436E-13  2.07174E-14
  6.400E+00  3.11604E-03  4.99270E-09  6.99850E-10  1.63521E-13  2.10324E-14
  6.500E+00  3.21407E-03  4.97782E-09  6.99418E-10  1.65585E-13  2.13467E-14
  6.600E+00  3.31362E-03  4.96279E-09  6.98980E-10  1.67629E-13  2.16604E-14
  6.700E+00  3.41468E-03  4.94761E-09  6.98535E-10  1.69653E-13  2.19735E-14
  6.800E+00  3.51725E-03  4.93228E-09  6.98084E-10  1.71657E-13  2.22859E-14
  6.900E+00  3.62133E-03  4.91682E-09  6.97628E-10  1.73640E-13  2.25976E-14
  7.000E+00  3.72692E-03  4.90122E-09  6.97165E-10  1.75602E-13  2.29087E-14
  7.100E+00  3.83403E-03  4.88548E-09  6.96696E-10  1.77544E-13  2.32191E-14
  7.200E+00  3.94265E-03  4.86961E-09  6.96222E-10  1.79465E-13  2.35287E-14
  7.300E+00  4.05278E-03  4.85361E-09  6.95741E-10  1.81365E-13  2.38377E-14
  7.400E+00  4.16442E-03  4.83748E-09  6.95255E-10  1.83244E-13  2.41460E-14
  7.500E+00  4.27757E-03  4.82124E-09  6.94762E-10  1.85102E-13  2.44535E-14
  7.600E+00  4.39223E-03  4.80487E-09  6.94264E-10  1.86939E-13  2.47603E-14
  7.700E+00  4.50840E-03  4.78838E-09  6.93760E-10  1.88755E-13  2.50664E-14
  7.800E+00  4.62608E-03  4.77179E-09  6.93250E-10  1.90549E-13  2.53718E-14
  7.900E+00  4.74527E-03  4.75508E-09  6.92734E-10  1.92322E-13  2.56763E-14
  8.000E+00  4.86597E-03  4.73826E-09  6.92213E-10  1.94074E-13  2.59802E-14
  8.100E+00  4.98817E-03  4.72134E-09  6.91686E-10  1.95805E-13  2.62832E-14
  8.200E+00  5.11188E-03  4.70432E-09  6.91153E-10  1.97514E-13  2.65855E-14
  8.300E+00  5.23711E-03  4.68720E-09  6.90615E-10  1.99202E-13  2.68871E-14
  8.400E+00  5.36383E-03  4.66999E-09  6.90071E-10  2.00868E-13  2.71878E-14
  8.500E+00  5.49207E-03  4.65268E-09  6.89521E-10  2.02513E-13  2.74877E-14
  8.600E+00  5.62181E-03  4.63528E-09  6.88966E-10  2.04137E-13  2.77869E-14
  8.700E+00  5.75306E-03  4.61780E-09  6.88405E-10  2.05739E-13  2.80852E-14
  8.800E+00  5.88581E-03  4.60023E-09  6.87839E-10  2.07319E-13  2.83827E-14
  8.900E+00  6.02007E-03  4.58259E-09  6.87267E-10  2.08878E-13  2.86794E-14
  9.000E+00  6.15583E-03  4.56486E-09  6.86690E-10  2.10416E-13  2.89752E-14
  9.100E+00  6.29310E-03  4.54706E-09  6.86107E-10  2.11932E-13  2.92702E-14
  9.200E+00  6.43187E-03  4.52919E-09  6.85519E-10  2.13427E-13  2.95644E-14
  9.300E+00  6.57214E-03  4.51125E-09  6.84926E-10  2.14900E-13  2.98577E-14
  9.400E+00  6.71392E-03  4.49325E-09  6.84328E-10  2.16352E-13  3.01502E-14
  9.500E+00  6.85720E-03  4.47518E-09  6.83724E-10  2.17783E-13  3.04418E-14
  9.600E+00  7.00198E-03  4.45705E-09  6.83115E-10  2.19192E-13  3.07326E-14
  9.700E+00  7.14827E-03  4.43887E-09  6.82500E-10  2.20580E-13  3.10224E-14
  9.800E+00  7.29605E-03  4.42062E-09  6.81881E-10  2.21947E-13  3.13114E-14
  9.900E+00  7.44534E-03  4.40233E-09  6.81256E-10  2.23293E-13  3.15995E-14
  1.000E+01  7.59612E-03  4.38399E-09  6.80627E-10  2.24617E-13  3.18867E-14
  1.025E+01  7.97965E-03  4.33793E-09  6.79030E-10  2.27837E-13  3.26007E-14
  1.050E+01  8.37255E-03  4.29163E-09  6.77403E-10  2.30927E-13  3.33090E-14
  1.075E+01  8.77480E-03  4.24511E-09  6.75745E-10  2.33887E-13  3.40115E-14
  1.100E+01  9.18641E-03  4.19842E-09  6.74056E-10  2.36720E-13  3.47081E-14
  1.125E+01  9.60736E-03  4.15160E-09  6.72338E-10  2.39426E-13  3.53987E-14
  1.150E+01  1.00376E-02  4.10467E-09  6.70591E-10  2.42008E-13  3.60833E-14
  1.175E+01  1.04773E-02  4.05769E-09  6.68816E-10  2.44467E-13  3.67617E-14
  1.200E+01  1.09262E-02  4.01068E-09  6.67013E-10  2.46805E-13  3.74339E-14
  1.225E+01  1.13844E-02  3.96367E-09  6.65183E-10  2.49024E-13  3.80998E-14
  1.250E+01  1.18520E-02  3.91670E-09  6.63325E-10  2.51125E-13  3.87593E-14
  1.275E+01  1.23288E-02  3.86980E-09  6.61442E-10  2.53112E-13  3.94124E-14
  1.300E+01  1.28150E-02  3.82299E-09  6.59533E-10  2.54986E-13  4.00591E-14
  1.325E+01  1.33104E-02  3.77631E-09  6.57599E-10  2.56749E-13  4.06991E-14
  1.350E+01  1.38150E-02  3.72977E-09  6.55640E-10  2.58403E-13  4.13326E-14
  1.375E+01  1.43290E-02  3.68342E-09  6.53658E-10  2.59952E-13  4.19595E-14
  1.400E+01  1.48521E-02  3.63726E-09  6.51653E-10  2.61397E-13  4.25796E-14
  1.425E+01  1.53845E-02  3.59133E-09  6.49624E-10  2.62741E-13  4.31929E-14
  1.450E+01  1.59262E-02  3.54564E-09  6.47574E-10  2.63986E-13  4.37995E-14
  1.475E+01  1.64770E-02  3.50022E-09  6.45502E-10  2.65135E-13  4.43993E-14
  1.500E+01  1.70371E-02  3.45508E-09  6.43409E-10  2.66189E-13  4.49921E-14
  1.525E+01  1.76063E-02  3.41025E-09  6.41296E-10  2.67153E-13  4.55780E-14
  1.550E+01  1.81848E-02  3.36574E-09  6.39163E-10  2.68027E-13  4.61570E-14
  1.575E+01  1.87724E-02  3.32156E-09  6.37011E-10  2.68815E-13  4.67291E-14
  1.600E+01  1.93692E-02  3.27773E-09  6.34841E-10  2.69519E-13  4.72941E-14
  1.625E+01  1.99751E-02  3.23427E-09  6.32652E-10  2.70141E-13  4.78521E-14
  1.650E+01  2.05901E-02  3.19119E-09  6.30446E-10  2.70685E-13  4.84030E-14
  1.675E+01  2.12143E-02  3.14849E-09  6.28223E-10  2.71151E-13  4.89469E-14
  1.700E+01  2.18476E-02  3.10620E-09  6.25984E-10  2.71544E-13  4.94837E-14
  1.725E+01  2.24900E-02  3.06432E-09  6.23729E-10  2.71865E-13  5.00134E-14
  1.750E+01  2.31415E-02  3.02285E-09  6.21458E-10  2.72116E-13  5.05360E-14
  1.775E+01  2.38021E-02  2.98182E-09  6.19174E-10  2.72300E-13  5.10514E-14
  1.800E+01  2.44717E-02  2.94122E-09  6.16875E-10  2.72419E-13  5.15598E-14
  1.825E+01  2.51504E-02  2.90106E-09  6.14562E-10  2.72476E-13  5.20610E-14
  1.850E+01  2.58382E-02  2.86135E-09  6.12237E-10  2.72472E-13  5.25551E-14
  1.875E+01  2.65349E-02  2.82209E-09  6.09900E-10  2.72410E-13  5.30421E-14
  1.900E+01  2.72407E-02  2.78329E-09  6.07550E-10  2.72292E-13  5.35219E-14
  1.925E+01  2.79555E-02  2.74495E-09  6.05189E-10  2.72120E-13  5.39946E-14
  1.950E+01  2.86793E-02  2.70708E-09  6.02817E-10  2.71896E-13  5.44602E-14
  1.975E+01  2.94120E-02  2.66967E-09  6.00436E-10  2.71622E-13  5.49188E-14
  2.000E+01  3.01537E-02  2.63273E-09  5.98044E-10  2.71301E-13  5.53702E-14
  2.025E+01  3.09043E-02  2.59626E-09  5.95643E-10  2.70933E-13  5.58145E-14
  2.050E+01  3.16639E-02  2.56027E-09  5.93233E-10  2.70521E-13  5.62518E-14
  2.075E+01  3.24324E-02  2.52475E-09  5.90816E-10  2.70067E-13  5.66821E-14
  2.100E+01  3.32098E-02  2.48969E-09  5.88390E-10  2.69572E-13  5.71054E-14
  2.125E+01  3.39961E-02  2.45512E-09  5.85957E-10  2.69039E-13  5.75216E-14
  2.150E+01  3.47912E-02  2.42101E-09  5.83518E-10  2.68469E-13  5.79309E-14
  2.175E+01  3.55952E-02  2.38737E-09  5.81072E-10  2.67863E-13  5.83332E-14
  2.200E+01  3.64081E-02  2.35420E-09  5.78621E-10  2.67224E-13  5.87286E-14
  2.225E+01  3.72297E-02  2.32149E-09  5.76164E-10  2.66552E-13  5.91172E-14
  2.250E+01  3.80602E-02  2.28925E-09  5.73702E-10  2.65849E-13  5.94988E-14
  2.275E+01  3.88995E-02  2.25747E-09  5.71236E-10  2.65117E-13  5.98736E-14
  2.300E+01  3.97476E-02  2.22615E-09  5.68766E-10  2.64358E-13  6.02417E-14
  2.325E+01  4.06044E-02  2.19529E-09  5.66292E-10  2.63572E-13  6.06030E-14
  2.350E+01  4.14700E-02  2.16488E-09  5.63815E-10  2.62761E-13  6.09575E-14
  2.375E+01  4.23443E-02  2.13491E-09  5.61336E-10  2.61925E-13  6.13054E-14
  2.400E+01  4.32273E-02  2.10540E-09  5.58854E-10  2.61068E-13  6.16466E-14
  2.425E+01  4.41190E-02  2.07632E-09  5.56370E-10  2.60189E-13  6.19812E-14
  2.450E+01  4.50194E-02  2.04768E-09  5.53885E-10  2.59289E-13  6.23093E-14
  2.475E+01  4.59284E-02  2.01947E-09  5.51399E-10  2.58371E-13  6.26308E-14
  2.500E+01  4.68461E-02  1.99169E-09  5.48912E-10  2.57435E-13  6.29459E-14
  2.550E+01  4.87074E-02  1.93741E-09  5.43938E-10  2.55512E-13  6.35567E-14
  2.600E+01  5.06030E-02  1.88478E-09  5.38966E-10  2.53530E-13  6.41422E-14
  2.650E+01  5.25328E-02  1.83377E-09  5.33999E-10  2.51495E-13  6.47027E-14
  2.700E+01  5.44967E-02  1.78435E-09  5.29038E-10  2.49414E-13  6.52386E-14
  2.750E+01  5.64946E-02  1.73646E-09  5.24088E-10  2.47295E-13  6.57503E-14
  2.800E+01  5.85262E-02  1.69008E-09  5.19150E-10  2.45142E-13  6.62383E-14
  2.850E+01  6.05914E-02  1.64515E-09  5.14228E-10  2.42961E-13  6.67029E-14
  2.900E+01  6.26901E-02  1.60165E-09  5.09322E-10  2.40757E-13  6.71446E-14
  2.950E+01  6.48222E-02  1.55952E-09  5.04435E-10  2.38535E-13  6.75638E-14
  3.000E+01  6.69873E-02  1.51872E-09  4.99570E-10  2.36299E-13  6.79610E-14
  3.050E+01  6.91854E-02  1.47922E-09  4.94728E-10  2.34053E-13  6.83366E-14
  3.100E+01  7.14163E-02  1.44097E-09  4.89911E-10  2.31800E-13  6.86911E-14
  3.150E+01  7.36799E-02  1.40394E-09  4.85121E-10  2.29543E-13  6.90250E-14
  3.200E+01  7.59760E-02  1.36809E-09  4.80359E-10  2.27286E-13  6.93386E-14
  3.250E+01  7.83043E-02  1.33337E-09  4.75627E-10  2.25031E-13  6.96325E-14
  3.300E+01  8.06647E-02  1.29975E-09  4.70927E-10  2.22781E-13  6.99070E-14
  3.350E+01  8.30571E-02  1.26720E-09  4.66259E-10  2.20538E-13  7.01628E-14
  3.400E+01  8.54812E-02  1.23568E-09  4.61626E-10  2.18304E-13  7.04001E-14
  3.450E+01  8.79369E-02  1.20515E-09  4.57027E-10  2.16080E-13  7.06195E-14
  3.500E+01  9.04240E-02  1.17559E-09  4.52465E-10  2.13869E-13  7.08214E-14
  3.550E+01  9.29422E-02  1.14695E-09  4.47940E-10  2.11671E-13  7.10063E-14
  3.600E+01  9.54915E-02  1.11921E-09  4.43453E-10  2.09488E-13  7.11745E-14
  3.650E+01  9.80716E-02  1.09233E-09  4.39005E-10  2.07322E-13  7.13266E-14
  3.700E+01  1.00682E-01  1.06629E-09  4.34597E-10  2.05173E-13  7.14630E-14
  3.750E+01  1.03323E-01  1.04106E-09  4.30229E-10  2.03041E-13  7.15840E-14
  3.800E+01  1.05995E-01  1.01660E-09  4.25902E-10  2.00929E-13  7.16901E-14
  3.850E+01  1.08696E-01  9.92904E-10  4.21617E-10  1.98836E-13  7.17817E-14
  3.900E+01  1.11427E-01  9.69929E-10  4.17374E-10  1.96764E-13  7.18593E-14
  3.950E+01  1.14188E-01  9.47655E-10  4.13173E-10  1.94712E-13  7.19232E-14
  4.000E+01  1.16978E-01  9.26058E-10  4.09016E-10  1.92681E-13  7.19738E-14
  4.050E+01  1.19797E-01  9.05113E-10  4.04902E-10  1.90672E-13  7.20115E-14
  4.100E+01  1.22645E-01  8.84800E-10  4.00831E-10  1.88684E-13  7.20367E-14
  4.150E+01  1.25522E-01  8.65095E-10  3.96804E-10  1.86719E-13  7.20498E-14
  4.200E+01  1.28428E-01  8.45977E-10  3.92821E-10  1.84776E-13  7.20511E-14
  4.250E+01  1.31361E-01  8.27427E-10  3.88883E-10  1.82855E-13  7.20409E-14
  4.300E+01  1.34323E-01  8.09424E-10  3.84988E-10  1.80956E-13  7.20197E-14
  4.350E+01  1.37313E-01  7.91951E-10  3.81138E-10  1.79080E-13  7.19878E-14
  4.400E+01  1.40330E-01  7.74987E-10  3.77332E-10  1.77226E-13  7.19454E-14
  4.450E+01  1.43375E-01  7.58517E-10  3.73570E-10  1.75395E-13  7.18930E-14
  4.500E+01  1.46447E-01  7.42524E-10  3.69853E-10  1.73586E-13  7.18309E-14
  4.550E+01  1.49545E-01  7.26990E-10  3.66180E-10  1.71799E-13  7.17593E-14
  4.600E+01  1.52671E-01  7.11901E-10  3.62550E-10  1.70034E-13  7.16786E-14
  4.650E+01  1.55823E-01  6.97241E-10  3.58965E-10  1.68292E-13  7.15890E-14
  4.700E+01  1.59001E-01  6.82995E-10  3.55424E-10  1.66571E-13  7.14910E-14
  4.750E+01  1.62205E-01  6.69151E-10  3.51925E-10  1.64872E-13  7.13846E-14
  4.800E+01  1.65435E-01  6.55694E-10  3.48471E-10  1.63195E-13  7.12703E-14
  4.850E+01  1.68690E-01  6.42612E-10  3.45059E-10  1.61539E-13  7.11482E-14
  4.900E+01  1.71970E-01  6.29891E-10  3.41691E-10  1.59904E-13  7.10187E-14
  4.950E+01  1.75276E-01  6.17521E-10  3.38364E-10  1.58290E-13  7.08820E-14
  5.000E+01  1.78606E-01  6.05489E-10  3.35081E-10  1.56697E-13  7.07384E-14
  5.050E+01  1.81961E-01  5.93785E-10  3.31839E-10  1.55124E-13  7.05880E-14
  5.100E+01  1.85340E-01  5.82397E-10  3.28639E-10  1.53571E-13  7.04312E-14
  5.150E+01  1.88743E-01  5.71315E-10  3.25480E-10  1.52038E-13  7.02681E-14
  5.200E+01  1.92169E-01  5.60530E-10  3.22362E-10  1.50525E-13  7.00989E-14
  5.250E+01  1.95619E-01  5.50031E-10  3.19285E-10  1.49031E-13  6.99240E-14
  5.300E+01  1.99092E-01  5.39810E-10  3.16248E-10  1.47557E-13  6.97434E-14
  5.350E+01  2.02589E-01  5.29858E-10  3.13251E-10  1.46101E-13  6.95574E-14
  5.400E+01  2.06107E-01  5.20166E-10  3.10294E-10  1.44664E-13  6.93662E-14
  5.450E+01  2.09649E-01  5.10726E-10  3.07375E-10  1.43245E-13  6.91700E-14
  5.500E+01  2.13212E-01  5.01529E-10  3.04496E-10  1.41845E-13  6.89690E-14
  5.550E+01  2.16797E-01  4.92569E-10  3.01655E-10  1.40462E-13  6.87633E-14
  5.600E+01  2.20404E-01  4.83838E-10  2.98851E-10  1.39097E-13  6.85531E-14
  5.650E+01  2.24032E-01  4.75328E-10  2.96086E-10  1.37749E-13  6.83386E-14
  5.700E+01  2.27680E-01  4.67034E-10  2.93357E-10  1.36418E-13  6.81199E-14
  5.750E+01  2.31350E-01  4.58947E-10  2.90665E-10  1.35104E-13  6.78973E-14
  5.800E+01  2.35040E-01  4.51063E-10  2.88009E-10  1.33806E-13  6.76708E-14
  5.850E+01  2.38751E-01  4.43374E-10  2.85389E-10  1.32524E-13  6.74406E-14
  5.900E+01  2.42481E-01  4.35875E-10  2.82805E-10  1.31259E-13  6.72068E-14
  5.950E+01  2.46231E-01  4.28560E-10  2.80255E-10  1.30009E-13  6.69697E-14
  6.000E+01  2.50000E-01  4.21423E-10  2.77740E-10  1.28774E-13  6.67293E-14
  6.050E+01  2.53788E-01  4.14460E-10  2.75260E-10  1.27555E-13  6.64857E-14
  6.100E+01  2.57595E-01  4.07665E-10  2.72813E-10  1.26351E-13  6.62391E-14
  6.150E+01  2.61421E-01  4.01033E-10  2.70399E-10  1.25161E-13  6.59897E-14
  6.200E+01  2.65264E-01  3.94559E-10  2.68018E-10  1.23986E-13  6.57374E-14
  6.250E+01  2.69126E-01  3.88238E-10  2.65669E-10  1.22825E-13  6.54825E-14
  6.300E+01  2.73005E-01  3.82067E-10  2.63353E-10  1.21678E-13  6.52250E-14
  6.350E+01  2.76901E-01  3.76041E-10  2.61068E-10  1.20545E-13  6.49651E-14
  6.400E+01  2.80814E-01  3.70155E-10  2.58814E-10  1.19425E-13  6.47029E-14
  6.450E+01  2.84744E-01  3.64406E-10  2.56591E-10  1.18318E-13  6.44384E-14
  6.500E+01  2.88691E-01  3.58789E-10  2.54399E-10  1.17225E-13  6.41718E-14
  6.550E+01  2.92653E-01  3.53302E-10  2.52236E-10  1.16144E-13  6.39031E-14
  6.600E+01  2.96632E-01  3.47940E-10  2.50103E-10  1.15076E-13  6.36325E-14
  6.650E+01  3.00625E-01  3.42699E-10  2.47999E-10  1.14021E-13  6.33600E-14
  6.700E+01  3.04634E-01  3.37577E-10  2.45923E-10  1.12977E-13  6.30857E-14
  6.750E+01  3.08658E-01  3.32570E-10  2.43877E-10  1.11946E-13  6.28097E-14
  6.800E+01  3.12697E-01  3.27675E-10  2.41857E-10  1.10926E-13  6.25321E-14
  6.850E+01  3.16749E-01  3.22889E-10  2.39866E-10  1.09918E-13  6.22530E-14
  6.900E+01  3.20816E-01  3.18208E-10  2.37902E-10  1.08921E-13  6.19723E-14
  6.950E+01  3.24896E-01  3.13631E-10  2.35964E-10  1.07936E-13  6.16903E-14
  7.000E+01  3.28990E-01  3.09153E-10  2.34053E-10  1.06961E-13  6.14069E-14
  7.050E+01  3.33097E-01  3.04773E-10  2.32168E-10  1.05997E-13  6.11223E-14
  7.100E+01  3.37216E-01  3.00488E-10  2.30308E-10  1.05044E-13  6.08365E-14
  7.150E+01  3.41348E-01  2.96296E-10  2.28474E-10  1.04101E-13  6.05495E-14
  7.200E+01  3.45492E-01  2.92193E-10  2.26665E-10  1.03169E-13  6.02615E-14
  7.250E+01  3.49647E-01  2.88177E-10  2.24880E-10  1.02246E-13  5.99724E-14
  7.300E+01  3.53814E-01  2.84247E-10  2.23120E-10  1.01334E-13  5.96824E-14
  7.350E+01  3.57992E-01  2.80400E-10  2.21383E-10  1.00431E-13  5.93915E-14
  7.400E+01  3.62181E-01  2.76634E-10  2.19670E-10  9.95381E-14  5.90997E-14
  7.450E+01  3.66381E-01  2.72946E-10  2.17980E-10  9.86544E-14  5.88071E-14
  7.500E+01  3.70590E-01  2.69335E-10  2.16313E-10  9.77799E-14  5.85137E-14
  7.550E+01  3.74810E-01  2.65799E-10  2.14669E-10  9.69145E-14  5.82196E-14
  7.600E+01  3.79039E-01  2.62335E-10  2.13047E-10  9.60581E-14  5.79249E-14
  7.650E+01  3.83277E-01  2.58943E-10  2.11446E-10  9.52105E-14  5.76295E-14
  7.700E+01  3.87524E-01  2.55619E-10  2.09867E-10  9.43716E-14  5.73336E-14
  7.750E+01  3.91780E-01  2.52363E-10  2.08310E-10  9.35412E-14  5.70371E-14
  7.800E+01  3.96044E-01  2.49173E-10  2.06773E-10  9.27191E-14  5.67401E-14
  7.850E+01  4.00316E-01  2.46047E-10  2.05257E-10  9.19052E-14  5.64426E-14
  7.900E+01  4.04596E-01  2.42984E-10  2.03762E-10  9.10995E-14  5.61447E-14
  7.950E+01  4.08882E-01  2.39982E-10  2.02286E-10  9.03017E-14  5.58464E-14
  8.000E+01  4.13176E-01  2.37039E-10  2.00830E-10  8.95117E-14  5.55478E-14
  8.050E+01  4.17476E-01  2.34154E-10  1.99394E-10  8.87294E-14  5.52488E-14
  8.100E+01  4.21783E-01  2.31326E-10  1.97976E-10  8.79547E-14  5.49495E-14
  8.150E+01  4.26095E-01  2.28553E-10  1.96578E-10  8.71874E-14  5.46500E-14
  8.200E+01  4.30413E-01  2.25834E-10  1.95198E-10  8.64274E-14  5.43502E-14
  8.250E+01  4.34737E-01  2.23168E-10  1.93837E-10  8.56747E-14  5.40502E-14
  8.300E+01  4.39065E-01  2.20553E-10  1.92494E-10  8.49290E-14  5.37500E-14
  8.350E+01  4.43398E-01  2.17989E-10  1.91168E-10  8.41902E-14  5.34497E-14
  8.400E+01  4.47736E-01  2.15474E-10  1.89861E-10  8.34584E-14  5.31492E-14
  8.450E+01  4.52077E-01  2.13006E-10  1.88570E-10  8.27332E-14  5.28487E-14
  8.500E+01  4.56422E-01  2.10585E-10  1.87297E-10  8.20147E-14  5.25480E-14
  8.550E+01  4.60770E-01  2.08210E-10  1.86040E-10  8.13027E-14  5.22473E-14
  8.600E+01  4.65122E-01  2.05880E-10  1.84800E-10  8.05971E-14  5.19465E-14
  8.650E+01  4.69476E-01  2.03593E-10  1.83576E-10  7.98979E-14  5.16457E-14
  8.700E+01  4.73832E-01  2.01349E-10  1.82369E-10  7.92048E-14  5.13449E-14
  8.750E+01  4.78190E-01  1.99146E-10  1.81177E-10  7.85179E-14  5.10442E-14
  8.800E+01  4.82550E-01  1.96985E-10  1.80001E-10  7.78369E-14  5.07434E-14
  8.850E+01  4.86912E-01  1.94863E-10  1.78841E-10  7.71619E-14  5.04427E-14
  8.900E+01  4.91274E-01  1.92780E-10  1.77695E-10  7.64927E-14  5.01421E-14
  8.950E+01  4.95637E-01  1.90735E-10  1.76565E-10  7.58292E-14  4.98416E-14
  9.000E+01  5.00000E-01  1.88727E-10  1.75449E-10  7.51714E-14  4.95411E-14
  9.050E+01  5.04363E-01  1.86756E-10  1.74348E-10  7.45191E-14  4.92408E-14
  9.100E+01  5.08726E-01  1.84820E-10  1.73262E-10  7.38722E-14  4.89406E-14
  9.150E+01  5.13088E-01  1.82919E-10  1.72189E-10  7.32308E-14  4.86406E-14
  9.200E+01  5.17450E-01  1.81052E-10  1.71131E-10  7.25946E-14  4.83407E-14
  9.250E+01  5.21810E-01  1.79219E-10  1.70086E-10  7.19636E-14  4.80409E-14
  9.300E+01  5.26168E-01  1.77418E-10  1.69055E-10  7.13378E-14  4.77414E-14
  9.350E+01  5.30524E-01  1.75649E-10  1.68037E-10  7.07170E-14  4.74420E-14
  9.400E+01  5.34878E-01  1.73911E-10  1.67033E-10  7.01012E-14  4.71429E-14
  9.450E+01  5.39230E-01  1.72204E-10  1.66041E-10  6.94902E-14  4.68439E-14
  9.500E+01  5.43578E-01  1.70527E-10  1.65062E-10  6.88841E-14  4.65452E-14
  9.550E+01  5.47923E-01  1.68879E-10  1.64096E-10  6.82827E-14  4.62467E-14
  9.600E+01  5.52264E-01  1.67260E-10  1.63143E-10  6.76859E-14  4.59484E-14
  9.650E+01  5.56602E-01  1.65669E-10  1.62202E-10  6.70938E-14  4.56504E-14
  9.700E+01  5.60935E-01  1.64105E-10  1.61273E-10  6.65061E-14  4.53526E-14
  9.750E+01  5.65263E-01  1.62568E-10  1.60356E-10  6.59229E-14  4.50551E-14
  9.800E+01  5.69587E-01  1.61058E-10  1.59450E-10  6.53441E-14  4.47579E-14
  9.850E+01  5.73905E-01  1.59574E-10  1.58557E-10  6.47696E-14  4.44610E-14
  9.900E+01  5.78217E-01  1.58115E-10  1.57675E-10  6.41994E-14  4.41643E-14
  9.950E+01  5.82524E-01  1.56681E-10  1.56804E-10  6.36333E-14  4.38679E-14
  1.000E+02  5.86824E-01  1.55271E-10  1.55944E-10  6.30714E-14  4.35719E-14
  1.005E+02  5.91118E-01  1.53885E-10  1.55096E-10  6.25135E-14  4.32761E-14
  1.010E+02  5.95404E-01  1.52523E-10  1.54258E-10  6.19596E-14  4.29806E-14
  1.015E+02  5.99684E-01  1.51183E-10  1.53431E-10  6.14096E-14  4.26855E-14
  1.020E+02  6.03956E-01  1.49866E-10  1.52615E-10  6.08636E-14  4.23906E-14
  1.025E+02  6.08220E-01  1.48571E-10  1.51809E-10  6.03213E-14  4.20961E-14
  1.030E+02  6.12476E-01  1.47297E-10  1.51014E-10  5.97828E-14  4.18019E-14
  1.035E+02  6.16723E-01  1.46045E-10  1.50229E-10  5.92480E-14  4.15081E-14
  1.040E+02  6.20961E-01  1.44813E-10  1.49454E-10  5.87168E-14  4.12146E-14
  1.045E+02  6.25190E-01  1.43602E-10  1.48688E-10  5.81892E-14  4.09214E-14
  1.050E+02  6.29410E-01  1.42411E-10  1.47933E-10  5.76652E-14  4.06285E-14
  1.055E+02  6.33619E-01  1.41239E-10  1.47187E-10  5.71446E-14  4.03360E-14
  1.060E+02  6.37819E-01  1.40087E-10  1.46451E-10  5.66275E-14  4.00438E-14
  1.065E+02  6.42008E-01  1.38953E-10  1.45724E-10  5.61138E-14  3.97520E-14
  1.070E+02  6.46186E-01  1.37839E-10  1.45007E-10  5.56033E-14  3.94606E-14
  1.075E+02  6.50353E-01  1.36742E-10  1.44298E-10  5.50962E-14  3.91695E-14
  1.080E+02  6.54508E-01  1.35663E-10  1.43599E-10  5.45923E-14  3.88787E-14
  1.085E+02  6.58652E-01  1.34602E-10  1.42909E-10  5.40916E-14  3.85883E-14
  1.090E+02  6.62784E-01  1.33558E-10  1.42227E-10  5.35940E-14  3.82983E-14
  1.095E+02  6.66903E-01  1.32530E-10  1.41555E-10  5.30995E-14  3.80086E-14
  1.100E+02  6.71010E-01  1.31520E-10  1.40891E-10  5.26081E-14  3.77193E-14
  1.105E+02  6.75104E-01  1.30525E-10  1.40235E-10  5.21196E-14  3.74303E-14
  1.110E+02  6.79184E-01  1.29547E-10  1.39588E-10  5.16341E-14  3.71417E-14
  1.115E+02  6.83251E-01  1.28584E-10  1.38949E-10  5.11515E-14  3.68535E-14
  1.120E+02  6.87303E-01  1.27637E-10  1.38318E-10  5.06718E-14  3.65656E-14
  1.125E+02  6.91342E-01  1.26705E-10  1.37696E-10  5.01949E-14  3.62781E-14
  1.130E+02  6.95366E-01  1.25788E-10  1.37081E-10  4.97208E-14  3.59909E-14
  1.135E+02  6.99375E-01  1.24885E-10  1.36475E-10  4.92494E-14  3.57041E-14
  1.140E+02  7.03368E-01  1.23997E-10  1.35876E-10  4.87807E-14  3.54177E-14
  1.145E+02  7.07347E-01  1.23123E-10  1.35285E-10  4.83147E-14  3.51317E-14
  1.150E+02  7.11309E-01  1.22263E-10  1.34702E-10  4.78513E-14  3.48460E-14
  1.155E+02  7.15256E-01  1.21417E-10  1.34126E-10  4.73905E-14  3.45606E-14
  1.160E+02  7.19186E-01  1.20584E-10  1.33557E-10  4.69323E-14  3.42757E-14
  1.165E+02  7.23099E-01  1.19764E-10  1.32996E-10  4.64765E-14  3.39910E-14
  1.170E+02  7.26995E-01  1.18957E-10  1.32443E-10  4.60233E-14  3.37068E-14
  1.175E+02  7.30874E-01  1.18163E-10  1.31896E-10  4.55724E-14  3.34229E-14
  1.180E+02  7.34736E-01  1.17381E-10  1.31356E-10  4.51240E-14  3.31394E-14
  1.185E+02  7.38579E-01  1.16612E-10  1.30824E-10  4.46779E-14  3.28562E-14
  1.190E+02  7.42405E-01  1.15855E-10  1.30299E-10  4.42342E-14  3.25734E-14
  1.195E+02  7.46212E-01  1.15110E-10  1.29780E-10  4.37927E-14  3.22910E-14
  1.200E+02  7.50000E-01  1.14377E-10  1.29268E-10  4.33535E-14  3.20089E-14
  1.205E+02  7.53769E-01  1.13655E-10  1.28763E-10  4.29165E-14  3.17271E-14
  1.210E+02  7.57519E-01  1.12944E-10  1.28264E-10  4.24818E-14  3.14457E-14
  1.215E+02  7.61249E-01  1.12245E-10  1.27773E-10  4.20492E-14  3.11647E-14
  1.220E+02  7.64960E-01  1.11557E-10  1.27287E-10  4.16187E-14  3.08840E-14
  1.225E+02  7.68650E-01  1.10880E-10  1.26808E-10  4.11903E-14  3.06037E-14
  1.230E+02  7.72320E-01  1.10213E-10  1.26335E-10  4.07640E-14  3.03237E-14
  1.235E+02  7.75968E-01  1.09557E-10  1.25869E-10  4.03397E-14  3.00440E-14
  1.240E+02  7.79596E-01  1.08911E-10  1.25409E-10  3.99175E-14  2.97647E-14
  1.245E+02  7.83203E-01  1.08275E-10  1.24955E-10  3.94972E-14  2.94857E-14
  1.250E+02  7.86788E-01  1.07650E-10  1.24507E-10  3.90788E-14  2.92071E-14
  1.255E+02  7.90351E-01  1.07034E-10  1.24065E-10  3.86624E-14  2.89288E-14
  1.260E+02  7.93893E-01  1.06428E-10  1.23629E-10  3.82479E-14  2.86509E-14
  1.265E+02  7.97411E-01  1.05831E-10  1.23199E-10  3.78352E-14  2.83732E-14
  1.270E+02  8.00908E-01  1.05244E-10  1.22775E-10  3.74244E-14  2.80959E-14
  1.275E+02  8.04381E-01  1.04667E-10  1.22356E-10  3.70153E-14  2.78190E-14
  1.280E+02  8.07831E-01  1.04098E-10  1.21944E-10  3.66081E-14  2.75423E-14
  1.285E+02  8.11257E-01  1.03539E-10  1.21537E-10  3.62026E-14  2.72660E-14
  1.290E+02  8.14660E-01  1.02988E-10  1.21135E-10  3.57988E-14  2.69900E-14
  1.295E+02  8.18039E-01  1.02447E-10  1.20739E-10  3.53968E-14  2.67144E-14
  1.300E+02  8.21394E-01  1.01913E-10  1.20349E-10  3.49964E-14  2.64390E-14
  1.305E+02  8.24724E-01  1.01389E-10  1.19964E-10  3.45976E-14  2.61640E-14
  1.310E+02  8.28030E-01  1.00873E-10  1.19584E-10  3.42005E-14  2.58892E-14
  1.315E+02  8.31310E-01  1.00365E-10  1.19210E-10  3.38050E-14  2.56148E-14
  1.320E+02  8.34565E-01  9.98652E-11  1.18841E-10  3.34110E-14  2.53407E-14
  1.325E+02  8.37795E-01  9.93736E-11  1.18477E-10  3.30186E-14  2.50669E-14
  1.330E+02  8.40999E-01  9.88899E-11  1.18118E-10  3.26278E-14  2.47934E-14
  1.335E+02  8.44177E-01  9.84141E-11  1.17765E-10  3.22384E-14  2.45202E-14
  1.340E+02  8.47329E-01  9.79461E-11  1.17416E-10  3.18505E-14  2.42473E-14
  1.345E+02  8.50455E-01  9.74856E-11  1.17073E-10  3.14641E-14  2.39747E-14
  1.350E+02  8.53553E-01  9.70328E-11  1.16734E-10  3.10791E-14  2.37024E-14
  1.355E+02  8.56625E-01  9.65873E-11  1.16401E-10  3.06955E-14  2.34303E-14
  1.360E+02  8.59670E-01  9.61492E-11  1.16072E-10  3.03133E-14  2.31586E-14
  1.365E+02  8.62687E-01  9.57184E-11  1.15748E-10  2.99325E-14  2.28871E-14
  1.370E+02  8.65677E-01  9.52947E-11  1.15430E-10  2.95530E-14  2.26159E-14
  1.375E+02  8.68639E-01  9.48781E-11  1.15115E-10  2.91748E-14  2.23450E-14
  1.380E+02  8.71572E-01  9.44685E-11  1.14806E-10  2.87980E-14  2.20744E-14
  1.385E+02  8.74478E-01  9.40657E-11  1.14501E-10  2.84224E-14  2.18040E-14
  1.390E+02  8.77355E-01  9.36698E-11  1.14201E-10  2.80481E-14  2.15339E-14
  1.395E+02  8.80203E-01  9.32806E-11  1.13905E-10  2.76750E-14  2.12641E-14
  1.400E+02  8.83022E-01  9.28980E-11  1.13614E-10  2.73032E-14  2.09945E-14
  1.405E+02  8.85812E-01  9.25220E-11  1.13328E-10  2.69325E-14  2.07252E-14
  1.410E+02  8.88573E-01  9.21525E-11  1.13046E-10  2.65630E-14  2.04561E-14
  1.415E+02  8.91304E-01  9.17894E-11  1.12768E-10  2.61947E-14  2.01873E-14
  1.420E+02  8.94005E-01  9.14326E-11  1.12495E-10  2.58275E-14  1.99188E-14
  1.425E+02  8.96677E-01  9.10821E-11  1.12226E-10  2.54615E-14  1.96505E-14
  1.430E+02  8.99318E-01  9.07378E-11  1.11962E-10  2.50965E-14  1.93824E-14
  1.435E+02  9.01928E-01  9.03996E-11  1.11702E-10  2.47327E-14  1.91146E-14
  1.440E+02  9.04508E-01  9.00674E-11  1.11446E-10  2.43699E-14  1.88471E-14
  1.445E+02  9.07058E-01  8.97413E-11  1.11195E-10  2.40081E-14  1.85797E-14
  1.450E+02  9.09576E-01  8.94210E-11  1.10947E-10  2.36474E-14  1.83126E-14
  1.455E+02  9.12063E-01  8.91066E-11  1.10704E-10  2.32877E-14  1.80457E-14
  1.460E+02  9.14519E-01  8.87980E-11  1.10465E-10  2.29289E-14  1.77791E-14
  1.465E+02  9.16943E-01  8.84952E-11  1.10230E-10  2.25712E-14  1.75126E-14
  1.470E+02  9.19335E-01  8.81980E-11  1.09999E-10  2.22144E-14  1.72464E-14
  1.475E+02  9.21696E-01  8.79064E-11  1.09773E-10  2.18585E-14  1.69804E-14
  1.480E+02  9.24024E-01  8.76204E-11  1.09550E-10  2.15036E-14  1.67147E-14
  1.485E+02  9.26320E-01  8.73399E-11  1.09331E-10  2.11495E-14  1.64491E-14
  1.490E+02  9.28584E-01  8.70648E-11  1.09116E-10  2.07964E-14  1.61837E-14
  1.495E+02  9.30815E-01  8.67951E-11  1.08906E-10  2.04441E-14  1.59186E-14
  1.500E+02  9.33013E-01  8.65308E-11  1.08699E-10  2.00927E-14  1.56536E-14
  1.505E+02  9.35178E-01  8.62717E-11  1.08496E-10  1.97421E-14  1.53888E-14
  1.510E+02  9.37310E-01  8.60179E-11  1.08297E-10  1.93923E-14  1.51243E-14
  1.515E+02  9.39409E-01  8.57693E-11  1.08101E-10  1.90434E-14  1.48599E-14
  1.520E+02  9.41474E-01  8.55258E-11  1.07910E-10  1.86952E-14  1.45957E-14
  1.525E+02  9.43505E-01  8.52874E-11  1.07722E-10  1.83478E-14  1.43317E-14
  1.530E+02  9.45503E-01  8.50541E-11  1.07538E-10  1.80011E-14  1.40679E-14
  1.535E+02  9.47467E-01  8.48258E-11  1.07358E-10  1.76552E-14  1.38042E-14
  1.540E+02  9.49397E-01  8.46024E-11  1.07182E-10  1.73100E-14  1.35408E-14
  1.545E+02  9.51293E-01  8.43840E-11  1.07009E-10  1.69655E-14  1.32775E-14
  1.550E+02  9.53154E-01  8.41705E-11  1.06840E-10  1.66217E-14  1.30143E-14
  1.555E+02  9.54981E-01  8.39618E-11  1.06675E-10  1.62786E-14  1.27514E-14
  1.560E+02  9.56773E-01  8.37579E-11  1.06513E-10  1.59362E-14  1.24886E-14
  1.565E+02  9.58530E-01  8.35587E-11  1.06355E-10  1.55944E-14  1.22259E-14
  1.570E+02  9.60252E-01  8.33643E-11  1.06201E-10  1.52532E-14  1.19635E-14
  1.575E+02  9.61940E-01  8.31746E-11  1.06050E-10  1.49127E-14  1.17011E-14
  1.580E+02  9.63592E-01  8.29896E-11  1.05903E-10  1.45727E-14  1.14389E-14
  1.585E+02  9.65209E-01  8.28091E-11  1.05759E-10  1.42334E-14  1.11769E-14
  1.590E+02  9.66790E-01  8.26333E-11  1.05619E-10  1.38946E-14  1.09150E-14
  1.595E+02  9.68336E-01  8.24620E-11  1.05482E-10  1.35564E-14  1.06532E-14
  1.600E+02  9.69846E-01  8.22953E-11  1.05349E-10  1.32187E-14  1.03916E-14
  1.605E+02  9.71321E-01  8.21330E-11  1.05220E-10  1.28815E-14  1.01301E-14
  1.610E+02  9.72759E-01  8.19752E-11  1.05094E-10  1.25449E-14  9.86875E-15
  1.615E+02  9.74162E-01  8.18219E-11  1.04971E-10  1.22087E-14  9.60751E-15
  1.620E+02  9.75528E-01  8.16729E-11  1.04852E-10  1.18731E-14  9.34640E-15
  1.625E+02  9.76858E-01  8.15284E-11  1.04736E-10  1.15379E-14  9.08540E-15
  1.630E+02  9.78152E-01  8.13882E-11  1.04623E-10  1.12032E-14  8.82452E-15
  1.635E+02  9.79410E-01  8.12523E-11  1.04514E-10  1.08689E-14  8.56376E-15
  1.640E+02  9.80631E-01  8.11208E-11  1.04409E-10  1.05351E-14  8.30310E-15
  1.645E+02  9.81815E-01  8.09935E-11  1.04306E-10  1.02017E-14  8.04255E-15
  1.650E+02  9.82963E-01  8.08705E-11  1.04208E-10  9.86865E-15  7.78210E-15
  1.655E+02  9.84074E-01  8.07518E-11  1.04112E-10  9.53602E-15  7.52175E-15
  1.660E+02  9.85148E-01  8.06372E-11  1.04020E-10  9.20377E-15  7.26150E-15
  1.665E+02  9.86185E-01  8.05269E-11  1.03931E-10  8.87188E-15  7.00134E-15
  1.670E+02  9.87185E-01  8.04207E-11  1.03845E-10  8.54034E-15  6.74127E-15
  1.675E+02  9.88148E-01  8.03187E-11  1.03763E-10  8.20913E-15  6.48128E-15
  1.680E+02  9.89074E-01  8.02208E-11  1.03684E-10  7.87825E-15  6.22138E-15
  1.685E+02  9.89962E-01  8.01271E-11  1.03609E-10  7.54768E-15  5.96156E-15
  1.690E+02  9.90814E-01  8.00375E-11  1.03536E-10  7.21741E-15  5.70181E-15
  1.695E+02  9.91627E-01  7.99519E-11  1.03467E-10  6.88742E-15  5.44214E-15
  1.700E+02  9.92404E-01  7.98705E-11  1.03402E-10  6.55770E-15  5.18254E-15
  1.705E+02  9.93143E-01  7.97931E-11  1.03339E-10  6.22823E-15  4.92300E-15
  1.710E+02  9.93844E-01  7.97197E-11  1.03280E-10  5.89901E-15  4.66353E-15
  1.715E+02  9.94508E-01  7.96504E-11  1.03224E-10  5.57002E-15  4.40411E-15
  1.720E+02  9.95134E-01  7.95852E-11  1.03171E-10  5.24125E-15  4.14476E-15
  1.725E+02  9.95722E-01  7.95239E-11  1.03121E-10  4.91268E-15  3.88545E-15
  1.730E+02  9.96273E-01  7.94666E-11  1.03075E-10  4.58431E-15  3.62620E-15
  1.735E+02  9.96786E-01  7.94133E-11  1.03032E-10  4.25611E-15  3.36699E-15
  1.740E+02  9.97261E-01  7.93640E-11  1.02992E-10  3.92808E-15  3.10782E-15
  1.745E+02  9.97698E-01  7.93187E-11  1.02955E-10  3.60020E-15  2.84870E-15
  1.750E+02  9.98097E-01  7.92774E-11  1.02922E-10  3.27247E-15  2.58961E-15
  1.755E+02  9.98459E-01  7.92400E-11  1.02891E-10  2.94486E-15  2.33055E-15
  1.760E+02  9.98782E-01  7.92065E-11  1.02864E-10  2.61736E-15  2.07153E-15
  1.765E+02  9.99067E-01  7.91771E-11  1.02840E-10  2.28997E-15  1.81253E-15
  1.770E+02  9.99315E-01  7.91515E-11  1.02820E-10  1.96266E-15  1.55355E-15
  1.775E+02  9.99524E-01  7.91299E-11  1.02802E-10  1.63544E-15  1.29460E-15
  1.780E+02  9.99695E-01  7.91123E-11  1.02788E-10  1.30827E-15  1.03566E-15
  1.785E+02  9.99829E-01  7.90985E-11  1.02777E-10  9.81159E-16  7.76732E-16
  1.790E+02  9.99924E-01  7.90887E-11  1.02769E-10  6.54084E-16  5.17816E-16
  1.795E+02  9.99981E-01  7.90828E-11  1.02764E-10  3.27036E-16  2.58906E-16
  1.800E+02  1.00000E+00  7.90809E-11  1.02762E-10  4.58940E-30  3.63333E-30
