 #  Scattering amplitudes (in cm)      MU=(1-cos(TH))/2
 #  Z =   8,   projectile: electron
 #  Kinetic energy = 1.74000E+02 eV
 #
 # TH (deg)      MU          Re(F)        Im(F)        Re(G)        Im(G)
 #--------------------------------------------------------------------------
  0.000E+00  0.00000E+00  1.16791E-08  9.58585E-09  0.00000E+00  0.00000E+00
  1.000E-04  7.61557E-13  1.16791E-08  9.58585E-09  1.82853E-21  3.60261E-18
  1.250E-04  1.18994E-12  1.16791E-08  9.58585E-09  2.28567E-21  4.50326E-18
  1.500E-04  1.71346E-12  1.16791E-08  9.58585E-09  2.74280E-21  5.40391E-18
  1.750E-04  2.33225E-12  1.16791E-08  9.58585E-09  3.19994E-21  6.30456E-18
  2.000E-04  3.04617E-12  1.16791E-08  9.58585E-09  3.65707E-21  7.20521E-18
  2.250E-04  3.85530E-12  1.16791E-08  9.58585E-09  4.11420E-21  8.10586E-18
  2.500E-04  4.75964E-12  1.16791E-08  9.58585E-09  4.57134E-21  9.00652E-18
  2.750E-04  5.75917E-12  1.16791E-08  9.58585E-09  5.02847E-21  9.90717E-18
  3.000E-04  6.85391E-12  1.16791E-08  9.58585E-09  5.48560E-21  1.08078E-17
  3.250E-04  8.04379E-12  1.16791E-08  9.58585E-09  5.94274E-21  1.17085E-17
  3.500E-04  9.32893E-12  1.16791E-08  9.58585E-09  6.39987E-21  1.26091E-17
  3.750E-04  1.07092E-11  1.16791E-08  9.58585E-09  6.85700E-21  1.35098E-17
  4.000E-04  1.21847E-11  1.16791E-08  9.58585E-09  7.31414E-21  1.44104E-17
  4.250E-04  1.37554E-11  1.16791E-08  9.58585E-09  7.77127E-21  1.53111E-17
  4.500E-04  1.54213E-11  1.16791E-08  9.58585E-09  8.22840E-21  1.62117E-17
  4.750E-04  1.71823E-11  1.16791E-08  9.58585E-09  8.68553E-21  1.71124E-17
  5.000E-04  1.90386E-11  1.16791E-08  9.58585E-09  9.14267E-21  1.80130E-17
  5.250E-04  2.09900E-11  1.16791E-08  9.58585E-09  9.59980E-21  1.89137E-17
  5.500E-04  2.30367E-11  1.16791E-08  9.58585E-09  1.00569E-20  1.98143E-17
  5.750E-04  2.51785E-11  1.16791E-08  9.58585E-09  1.05141E-20  2.07150E-17
  6.000E-04  2.74156E-11  1.16791E-08  9.58585E-09  1.09712E-20  2.16156E-17
  6.250E-04  2.97478E-11  1.16791E-08  9.58585E-09  1.14283E-20  2.25163E-17
  6.500E-04  3.21752E-11  1.16791E-08  9.58585E-09  1.18855E-20  2.34169E-17
  6.750E-04  3.46979E-11  1.16791E-08  9.58585E-09  1.23426E-20  2.43176E-17
  7.000E-04  3.73157E-11  1.16791E-08  9.58585E-09  1.27997E-20  2.52182E-17
  7.250E-04  4.00286E-11  1.16791E-08  9.58585E-09  1.32569E-20  2.61189E-17
  7.500E-04  4.28368E-11  1.16791E-08  9.58585E-09  1.37140E-20  2.70195E-17
  7.750E-04  4.57402E-11  1.16791E-08  9.58585E-09  1.41711E-20  2.79202E-17
  8.000E-04  4.87388E-11  1.16791E-08  9.58585E-09  1.46282E-20  2.88208E-17
  8.250E-04  5.18325E-11  1.16791E-08  9.58585E-09  1.50854E-20  2.97215E-17
  8.500E-04  5.50215E-11  1.16791E-08  9.58585E-09  1.55425E-20  3.06222E-17
  8.750E-04  5.83057E-11  1.16791E-08  9.58585E-09  1.59996E-20  3.15228E-17
  9.000E-04  6.16850E-11  1.16791E-08  9.58585E-09  1.64568E-20  3.24235E-17
  9.250E-04  6.51595E-11  1.16791E-08  9.58585E-09  1.69139E-20  3.33241E-17
  9.500E-04  6.87293E-11  1.16791E-08  9.58585E-09  1.73710E-20  3.42248E-17
  9.750E-04  7.23943E-11  1.16791E-08  9.58585E-09  1.78282E-20  3.51254E-17
  1.000E-03  7.61544E-11  1.16791E-08  9.58585E-09  1.82853E-20  3.60261E-17
  1.250E-03  1.18991E-10  1.16791E-08  9.58585E-09  2.28566E-20  4.50326E-17
  1.500E-03  1.71347E-10  1.16791E-08  9.58585E-09  2.74278E-20  5.40391E-17
  1.750E-03  2.33223E-10  1.16791E-08  9.58585E-09  3.19990E-20  6.30456E-17
  2.000E-03  3.04617E-10  1.16791E-08  9.58585E-09  3.65702E-20  7.20521E-17
  2.250E-03  3.85531E-10  1.16791E-08  9.58585E-09  4.11413E-20  8.10586E-17
  2.500E-03  4.75965E-10  1.16791E-08  9.58585E-09  4.57124E-20  9.00652E-17
  2.750E-03  5.75917E-10  1.16791E-08  9.58585E-09  5.02834E-20  9.90717E-17
  3.000E-03  6.85389E-10  1.16791E-08  9.58585E-09  5.48544E-20  1.08078E-16
  3.250E-03  8.04380E-10  1.16791E-08  9.58585E-09  5.94253E-20  1.17085E-16
  3.500E-03  9.32891E-10  1.16791E-08  9.58585E-09  6.39961E-20  1.26091E-16
  3.750E-03  1.07092E-09  1.16791E-08  9.58585E-09  6.85668E-20  1.35098E-16
  4.000E-03  1.21847E-09  1.16791E-08  9.58585E-09  7.31374E-20  1.44104E-16
  4.250E-03  1.37554E-09  1.16791E-08  9.58585E-09  7.77080E-20  1.53111E-16
  4.500E-03  1.54213E-09  1.16791E-08  9.58585E-09  8.22784E-20  1.62117E-16
  4.750E-03  1.71823E-09  1.16791E-08  9.58585E-09  8.68488E-20  1.71124E-16
  5.000E-03  1.90386E-09  1.16791E-08  9.58585E-09  9.14190E-20  1.80130E-16
  5.250E-03  2.09900E-09  1.16791E-08  9.58585E-09  9.59891E-20  1.89137E-16
  5.500E-03  2.30367E-09  1.16791E-08  9.58585E-09  1.00559E-19  1.98143E-16
  5.750E-03  2.51785E-09  1.16791E-08  9.58585E-09  1.05129E-19  2.07150E-16
  6.000E-03  2.74156E-09  1.16791E-08  9.58585E-09  1.09699E-19  2.16156E-16
  6.250E-03  2.97478E-09  1.16791E-08  9.58585E-09  1.14268E-19  2.25163E-16
  6.500E-03  3.21752E-09  1.16791E-08  9.58585E-09  1.18838E-19  2.34169E-16
  6.750E-03  3.46978E-09  1.16791E-08  9.58585E-09  1.23407E-19  2.43176E-16
  7.000E-03  3.73156E-09  1.16791E-08  9.58585E-09  1.27976E-19  2.52182E-16
  7.250E-03  4.00286E-09  1.16791E-08  9.58585E-09  1.32545E-19  2.61189E-16
  7.500E-03  4.28368E-09  1.16791E-08  9.58585E-09  1.37114E-19  2.70195E-16
  7.750E-03  4.57402E-09  1.16791E-08  9.58585E-09  1.41683E-19  2.79202E-16
  8.000E-03  4.87388E-09  1.16791E-08  9.58585E-09  1.46251E-19  2.88208E-16
  8.250E-03  5.18326E-09  1.16791E-08  9.58585E-09  1.50819E-19  2.97215E-16
  8.500E-03  5.50215E-09  1.16791E-08  9.58585E-09  1.55388E-19  3.06222E-16
  8.750E-03  5.83057E-09  1.16791E-08  9.58585E-09  1.59955E-19  3.15228E-16
  9.000E-03  6.16850E-09  1.16791E-08  9.58585E-09  1.64523E-19  3.24235E-16
  9.250E-03  6.51596E-09  1.16791E-08  9.58585E-09  1.69091E-19  3.33241E-16
  9.500E-03  6.87293E-09  1.16791E-08  9.58585E-09  1.73658E-19  3.42248E-16
  9.750E-03  7.23942E-09  1.16791E-08  9.58585E-09  1.78225E-19  3.51254E-16
  1.000E-02  7.61544E-09  1.16791E-08  9.58585E-09  1.82792E-19  3.60261E-16
  1.250E-02  1.18991E-08  1.16791E-08  9.58585E-09  2.28446E-19  4.50326E-16
  1.500E-02  1.71347E-08  1.16791E-08  9.58585E-09  2.74072E-19  5.40391E-16
  1.750E-02  2.33223E-08  1.16791E-08  9.58585E-09  3.19663E-19  6.30456E-16
  2.000E-02  3.04617E-08  1.16791E-08  9.58585E-09  3.65213E-19  7.20521E-16
  2.250E-02  3.85531E-08  1.16791E-08  9.58585E-09  4.10717E-19  8.10586E-16
  2.500E-02  4.75965E-08  1.16791E-08  9.58585E-09  4.56168E-19  9.00651E-16
  2.750E-02  5.75917E-08  1.16791E-08  9.58585E-09  5.01562E-19  9.90716E-16
  3.000E-02  6.85389E-08  1.16791E-08  9.58585E-09  5.46892E-19  1.08078E-15
  3.250E-02  8.04380E-08  1.16791E-08  9.58584E-09  5.92153E-19  1.17085E-15
  3.500E-02  9.32891E-08  1.16791E-08  9.58584E-09  6.37338E-19  1.26091E-15
  3.750E-02  1.07092E-07  1.16791E-08  9.58584E-09  6.82443E-19  1.35098E-15
  4.000E-02  1.21847E-07  1.16791E-08  9.58584E-09  7.27460E-19  1.44104E-15
  4.250E-02  1.37554E-07  1.16791E-08  9.58584E-09  7.72385E-19  1.53111E-15
  4.500E-02  1.54213E-07  1.16791E-08  9.58584E-09  8.17211E-19  1.62117E-15
  4.750E-02  1.71823E-07  1.16791E-08  9.58584E-09  8.61933E-19  1.71124E-15
  5.000E-02  1.90386E-07  1.16791E-08  9.58584E-09  9.06545E-19  1.80130E-15
  5.250E-02  2.09900E-07  1.16791E-08  9.58584E-09  9.51041E-19  1.89137E-15
  5.500E-02  2.30367E-07  1.16791E-08  9.58584E-09  9.95416E-19  1.98143E-15
  5.750E-02  2.51785E-07  1.16791E-08  9.58583E-09  1.03966E-18  2.07150E-15
  6.000E-02  2.74156E-07  1.16791E-08  9.58583E-09  1.08378E-18  2.16156E-15
  6.250E-02  2.97478E-07  1.16791E-08  9.58583E-09  1.12775E-18  2.25162E-15
  6.500E-02  3.21752E-07  1.16791E-08  9.58583E-09  1.17158E-18  2.34169E-15
  6.750E-02  3.46978E-07  1.16791E-08  9.58583E-09  1.21526E-18  2.43175E-15
  7.000E-02  3.73156E-07  1.16790E-08  9.58583E-09  1.25878E-18  2.52182E-15
  7.250E-02  4.00286E-07  1.16790E-08  9.58583E-09  1.30215E-18  2.61188E-15
  7.500E-02  4.28368E-07  1.16790E-08  9.58583E-09  1.34534E-18  2.70195E-15
  7.750E-02  4.57402E-07  1.16790E-08  9.58582E-09  1.38836E-18  2.79201E-15
  8.000E-02  4.87388E-07  1.16790E-08  9.58582E-09  1.43120E-18  2.88208E-15
  8.250E-02  5.18325E-07  1.16790E-08  9.58582E-09  1.47385E-18  2.97214E-15
  8.500E-02  5.50215E-07  1.16790E-08  9.58582E-09  1.51631E-18  3.06221E-15
  8.750E-02  5.83057E-07  1.16790E-08  9.58582E-09  1.55858E-18  3.15227E-15
  9.000E-02  6.16850E-07  1.16790E-08  9.58581E-09  1.60064E-18  3.24233E-15
  9.250E-02  6.51596E-07  1.16790E-08  9.58581E-09  1.64250E-18  3.33240E-15
  9.500E-02  6.87293E-07  1.16790E-08  9.58581E-09  1.68414E-18  3.42246E-15
  9.750E-02  7.23942E-07  1.16790E-08  9.58581E-09  1.72556E-18  3.51253E-15
  1.000E-01  7.61543E-07  1.16789E-08  9.58581E-09  1.76676E-18  3.60259E-15
  1.250E-01  1.18991E-06  1.16788E-08  9.58578E-09  2.16501E-18  4.50323E-15
  1.500E-01  1.71347E-06  1.16787E-08  9.58575E-09  2.53430E-18  5.40386E-15
  1.750E-01  2.33223E-06  1.16785E-08  9.58572E-09  2.86885E-18  6.30448E-15
  2.000E-01  3.04617E-06  1.16784E-08  9.58568E-09  3.16285E-18  7.20508E-15
  2.250E-01  3.85531E-06  1.16782E-08  9.58563E-09  3.41053E-18  8.10568E-15
  2.500E-01  4.75964E-06  1.16779E-08  9.58558E-09  3.60609E-18  9.00627E-15
  2.750E-01  5.75916E-06  1.16777E-08  9.58553E-09  3.74375E-18  9.90684E-15
  3.000E-01  6.85388E-06  1.16774E-08  9.58547E-09  3.81770E-18  1.08074E-14
  3.250E-01  8.04378E-06  1.16771E-08  9.58540E-09  3.82218E-18  1.17079E-14
  3.500E-01  9.32888E-06  1.16768E-08  9.58533E-09  3.75138E-18  1.26084E-14
  3.750E-01  1.07092E-05  1.16764E-08  9.58525E-09  3.59953E-18  1.35089E-14
  4.000E-01  1.21846E-05  1.16760E-08  9.58517E-09  3.36084E-18  1.44094E-14
  4.250E-01  1.37553E-05  1.16756E-08  9.58508E-09  3.02953E-18  1.53099E-14
  4.500E-01  1.54212E-05  1.16752E-08  9.58499E-09  2.59980E-18  1.62103E-14
  4.750E-01  1.71822E-05  1.16748E-08  9.58489E-09  2.06589E-18  1.71107E-14
  5.000E-01  1.90385E-05  1.16743E-08  9.58479E-09  1.42201E-18  1.80110E-14
  5.250E-01  2.09899E-05  1.16738E-08  9.58468E-09  6.62378E-19  1.89114E-14
  5.500E-01  2.30365E-05  1.16733E-08  9.58456E-09 -2.18781E-19  1.98117E-14
  5.750E-01  2.51783E-05  1.16727E-08  9.58444E-09 -1.22725E-18  2.07120E-14
  6.000E-01  2.74153E-05  1.16722E-08  9.58432E-09 -2.36879E-18  2.16122E-14
  6.250E-01  2.97475E-05  1.16716E-08  9.58419E-09 -3.64919E-18  2.25124E-14
  6.500E-01  3.21749E-05  1.16710E-08  9.58405E-09 -5.07421E-18  2.34126E-14
  6.750E-01  3.46974E-05  1.16703E-08  9.58391E-09 -6.64963E-18  2.43127E-14
  7.000E-01  3.73152E-05  1.16697E-08  9.58377E-09 -8.38122E-18  2.52128E-14
  7.250E-01  4.00281E-05  1.16690E-08  9.58361E-09 -1.02747E-17  2.61128E-14
  7.500E-01  4.28362E-05  1.16683E-08  9.58346E-09 -1.23360E-17  2.70128E-14
  7.750E-01  4.57395E-05  1.16675E-08  9.58329E-09 -1.45706E-17  2.79128E-14
  8.000E-01  4.87380E-05  1.16668E-08  9.58313E-09 -1.69846E-17  2.88127E-14
  8.250E-01  5.18317E-05  1.16660E-08  9.58295E-09 -1.95834E-17  2.97125E-14
  8.500E-01  5.50205E-05  1.16652E-08  9.58278E-09 -2.23731E-17  3.06124E-14
  8.750E-01  5.83045E-05  1.16643E-08  9.58259E-09 -2.53592E-17  3.15121E-14
  9.000E-01  6.16838E-05  1.16635E-08  9.58240E-09 -2.85476E-17  3.24118E-14
  9.250E-01  6.51582E-05  1.16626E-08  9.58221E-09 -3.19440E-17  3.33115E-14
  9.500E-01  6.87277E-05  1.16617E-08  9.58201E-09 -3.55541E-17  3.42111E-14
  9.750E-01  7.23925E-05  1.16608E-08  9.58181E-09 -3.93838E-17  3.51106E-14
  1.000E+00  7.61524E-05  1.16598E-08  9.58160E-09 -4.34386E-17  3.60101E-14
  1.100E+00  9.21439E-05  1.16557E-08  9.58070E-09 -6.20253E-17  3.96075E-14
  1.200E+00  1.09658E-04  1.16513E-08  9.57973E-09 -8.46748E-17  4.32037E-14
  1.300E+00  1.28695E-04  1.16465E-08  9.57866E-09 -1.11753E-16  4.67989E-14
  1.400E+00  1.49255E-04  1.16413E-08  9.57752E-09 -1.43626E-16  5.03928E-14
  1.500E+00  1.71338E-04  1.16357E-08  9.57628E-09 -1.80658E-16  5.39853E-14
  1.600E+00  1.94942E-04  1.16297E-08  9.57497E-09 -2.23213E-16  5.75764E-14
  1.700E+00  2.20070E-04  1.16233E-08  9.57356E-09 -2.71654E-16  6.11660E-14
  1.800E+00  2.46720E-04  1.16166E-08  9.57208E-09 -3.26342E-16  6.47540E-14
  1.900E+00  2.74892E-04  1.16095E-08  9.57051E-09 -3.87639E-16  6.83402E-14
  2.000E+00  3.04586E-04  1.16020E-08  9.56885E-09 -4.55902E-16  7.19247E-14
  2.100E+00  3.35803E-04  1.15941E-08  9.56711E-09 -5.31492E-16  7.55072E-14
  2.200E+00  3.68542E-04  1.15859E-08  9.56528E-09 -6.14764E-16  7.90877E-14
  2.300E+00  4.02802E-04  1.15772E-08  9.56337E-09 -7.06074E-16  8.26662E-14
  2.400E+00  4.38585E-04  1.15682E-08  9.56138E-09 -8.05777E-16  8.62424E-14
  2.500E+00  4.75889E-04  1.15588E-08  9.55930E-09 -9.14225E-16  8.98163E-14
  2.600E+00  5.14715E-04  1.15491E-08  9.55714E-09 -1.03177E-15  9.33879E-14
  2.700E+00  5.55063E-04  1.15389E-08  9.55489E-09 -1.15876E-15  9.69570E-14
  2.800E+00  5.96931E-04  1.15284E-08  9.55256E-09 -1.29554E-15  1.00524E-13
  2.900E+00  6.40321E-04  1.15176E-08  9.55014E-09 -1.44247E-15  1.04087E-13
  3.000E+00  6.85233E-04  1.15063E-08  9.54764E-09 -1.59987E-15  1.07648E-13
  3.100E+00  7.31665E-04  1.14947E-08  9.54506E-09 -1.76811E-15  1.11207E-13
  3.200E+00  7.79618E-04  1.14827E-08  9.54239E-09 -1.94751E-15  1.14762E-13
  3.300E+00  8.29092E-04  1.14704E-08  9.53964E-09 -2.13842E-15  1.18314E-13
  3.400E+00  8.80086E-04  1.14577E-08  9.53680E-09 -2.34117E-15  1.21863E-13
  3.500E+00  9.32601E-04  1.14446E-08  9.53388E-09 -2.55610E-15  1.25409E-13
  3.600E+00  9.86636E-04  1.14311E-08  9.53087E-09 -2.78353E-15  1.28952E-13
  3.700E+00  1.04219E-03  1.14173E-08  9.52779E-09 -3.02381E-15  1.32491E-13
  3.800E+00  1.09927E-03  1.14032E-08  9.52462E-09 -3.27726E-15  1.36027E-13
  3.900E+00  1.15786E-03  1.13887E-08  9.52136E-09 -3.54421E-15  1.39559E-13
  4.000E+00  1.21797E-03  1.13738E-08  9.51802E-09 -3.82497E-15  1.43087E-13
  4.100E+00  1.27961E-03  1.13586E-08  9.51460E-09 -4.11987E-15  1.46611E-13
  4.200E+00  1.34276E-03  1.13430E-08  9.51109E-09 -4.42923E-15  1.50132E-13
  4.300E+00  1.40743E-03  1.13270E-08  9.50751E-09 -4.75337E-15  1.53649E-13
  4.400E+00  1.47362E-03  1.13108E-08  9.50383E-09 -5.09259E-15  1.57161E-13
  4.500E+00  1.54133E-03  1.12941E-08  9.50008E-09 -5.44722E-15  1.60670E-13
  4.600E+00  1.61056E-03  1.12772E-08  9.49624E-09 -5.81756E-15  1.64174E-13
  4.700E+00  1.68131E-03  1.12598E-08  9.49232E-09 -6.20391E-15  1.67674E-13
  4.800E+00  1.75357E-03  1.12422E-08  9.48832E-09 -6.60658E-15  1.71170E-13
  4.900E+00  1.82735E-03  1.12241E-08  9.48423E-09 -7.02587E-15  1.74660E-13
  5.000E+00  1.90265E-03  1.12058E-08  9.48006E-09 -7.46207E-15  1.78147E-13
  5.100E+00  1.97947E-03  1.11871E-08  9.47581E-09 -7.91550E-15  1.81628E-13
  5.200E+00  2.05780E-03  1.11681E-08  9.47148E-09 -8.38642E-15  1.85105E-13
  5.300E+00  2.13765E-03  1.11487E-08  9.46706E-09 -8.87514E-15  1.88577E-13
  5.400E+00  2.21902E-03  1.11290E-08  9.46257E-09 -9.38194E-15  1.92044E-13
  5.500E+00  2.30190E-03  1.11090E-08  9.45799E-09 -9.90710E-15  1.95506E-13
  5.600E+00  2.38630E-03  1.10887E-08  9.45332E-09 -1.04509E-14  1.98962E-13
  5.700E+00  2.47222E-03  1.10680E-08  9.44858E-09 -1.10136E-14  2.02414E-13
  5.800E+00  2.55965E-03  1.10470E-08  9.44376E-09 -1.15956E-14  2.05860E-13
  5.900E+00  2.64859E-03  1.10257E-08  9.43885E-09 -1.21970E-14  2.09301E-13
  6.000E+00  2.73905E-03  1.10041E-08  9.43386E-09 -1.28181E-14  2.12736E-13
  6.100E+00  2.83103E-03  1.09821E-08  9.42879E-09 -1.34592E-14  2.16165E-13
  6.200E+00  2.92452E-03  1.09598E-08  9.42364E-09 -1.41206E-14  2.19589E-13
  6.300E+00  3.01952E-03  1.09372E-08  9.41841E-09 -1.48025E-14  2.23007E-13
  6.400E+00  3.11604E-03  1.09143E-08  9.41309E-09 -1.55052E-14  2.26419E-13
  6.500E+00  3.21407E-03  1.08911E-08  9.40770E-09 -1.62289E-14  2.29826E-13
  6.600E+00  3.31362E-03  1.08676E-08  9.40223E-09 -1.69739E-14  2.33226E-13
  6.700E+00  3.41468E-03  1.08438E-08  9.39667E-09 -1.77404E-14  2.36620E-13
  6.800E+00  3.51725E-03  1.08197E-08  9.39103E-09 -1.85287E-14  2.40007E-13
  6.900E+00  3.62133E-03  1.07953E-08  9.38532E-09 -1.93390E-14  2.43389E-13
  7.000E+00  3.72692E-03  1.07706E-08  9.37952E-09 -2.01715E-14  2.46764E-13
  7.100E+00  3.83403E-03  1.07456E-08  9.37365E-09 -2.10265E-14  2.50132E-13
  7.200E+00  3.94265E-03  1.07203E-08  9.36769E-09 -2.19041E-14  2.53494E-13
  7.300E+00  4.05278E-03  1.06947E-08  9.36165E-09 -2.28047E-14  2.56850E-13
  7.400E+00  4.16442E-03  1.06688E-08  9.35554E-09 -2.37284E-14  2.60198E-13
  7.500E+00  4.27757E-03  1.06426E-08  9.34934E-09 -2.46755E-14  2.63540E-13
  7.600E+00  4.39223E-03  1.06162E-08  9.34307E-09 -2.56462E-14  2.66875E-13
  7.700E+00  4.50840E-03  1.05894E-08  9.33672E-09 -2.66406E-14  2.70202E-13
  7.800E+00  4.62608E-03  1.05624E-08  9.33028E-09 -2.76590E-14  2.73523E-13
  7.900E+00  4.74527E-03  1.05351E-08  9.32377E-09 -2.87016E-14  2.76837E-13
  8.000E+00  4.86597E-03  1.05076E-08  9.31718E-09 -2.97687E-14  2.80143E-13
  8.100E+00  4.98817E-03  1.04798E-08  9.31051E-09 -3.08602E-14  2.83442E-13
  8.200E+00  5.11188E-03  1.04517E-08  9.30377E-09 -3.19766E-14  2.86733E-13
  8.300E+00  5.23711E-03  1.04233E-08  9.29694E-09 -3.31179E-14  2.90017E-13
  8.400E+00  5.36383E-03  1.03947E-08  9.29004E-09 -3.42844E-14  2.93293E-13
  8.500E+00  5.49207E-03  1.03658E-08  9.28306E-09 -3.54763E-14  2.96562E-13
  8.600E+00  5.62181E-03  1.03367E-08  9.27600E-09 -3.66936E-14  2.99823E-13
  8.700E+00  5.75306E-03  1.03073E-08  9.26886E-09 -3.79366E-14  3.03076E-13
  8.800E+00  5.88581E-03  1.02776E-08  9.26165E-09 -3.92055E-14  3.06321E-13
  8.900E+00  6.02007E-03  1.02477E-08  9.25435E-09 -4.05003E-14  3.09558E-13
  9.000E+00  6.15583E-03  1.02176E-08  9.24699E-09 -4.18214E-14  3.12787E-13
  9.100E+00  6.29310E-03  1.01872E-08  9.23954E-09 -4.31688E-14  3.16007E-13
  9.200E+00  6.43187E-03  1.01566E-08  9.23202E-09 -4.45427E-14  3.19220E-13
  9.300E+00  6.57214E-03  1.01257E-08  9.22442E-09 -4.59433E-14  3.22424E-13
  9.400E+00  6.71392E-03  1.00946E-08  9.21675E-09 -4.73706E-14  3.25620E-13
  9.500E+00  6.85720E-03  1.00633E-08  9.20899E-09 -4.88249E-14  3.28807E-13
  9.600E+00  7.00198E-03  1.00317E-08  9.20117E-09 -5.03063E-14  3.31986E-13
  9.700E+00  7.14827E-03  9.99991E-09  9.19327E-09 -5.18148E-14  3.35156E-13
  9.800E+00  7.29605E-03  9.96789E-09  9.18529E-09 -5.33508E-14  3.38317E-13
  9.900E+00  7.44534E-03  9.93564E-09  9.17723E-09 -5.49142E-14  3.41469E-13
  1.000E+01  7.59612E-03  9.90318E-09  9.16910E-09 -5.65052E-14  3.44613E-13
  1.025E+01  7.97965E-03  9.82108E-09  9.14845E-09 -6.06043E-14  3.52432E-13
  1.050E+01  8.37255E-03  9.73767E-09  9.12734E-09 -6.48784E-14  3.60193E-13
  1.075E+01  8.77480E-03  9.65299E-09  9.10576E-09 -6.93293E-14  3.67897E-13
  1.100E+01  9.18641E-03  9.56708E-09  9.08372E-09 -7.39585E-14  3.75540E-13
  1.125E+01  9.60736E-03  9.47999E-09  9.06122E-09 -7.87672E-14  3.83122E-13
  1.150E+01  1.00376E-02  9.39176E-09  9.03827E-09 -8.37568E-14  3.90643E-13
  1.175E+01  1.04773E-02  9.30243E-09  9.01487E-09 -8.89283E-14  3.98100E-13
  1.200E+01  1.09262E-02  9.21205E-09  8.99103E-09 -9.42828E-14  4.05492E-13
  1.225E+01  1.13844E-02  9.12066E-09  8.96674E-09 -9.98209E-14  4.12819E-13
  1.250E+01  1.18520E-02  9.02831E-09  8.94201E-09 -1.05543E-13  4.20079E-13
  1.275E+01  1.23288E-02  8.93504E-09  8.91684E-09 -1.11451E-13  4.27272E-13
  1.300E+01  1.28150E-02  8.84088E-09  8.89125E-09 -1.17544E-13  4.34395E-13
  1.325E+01  1.33104E-02  8.74589E-09  8.86522E-09 -1.23822E-13  4.41449E-13
  1.350E+01  1.38150E-02  8.65011E-09  8.83877E-09 -1.30287E-13  4.48431E-13
  1.375E+01  1.43290E-02  8.55357E-09  8.81189E-09 -1.36937E-13  4.55342E-13
  1.400E+01  1.48521E-02  8.45632E-09  8.78460E-09 -1.43773E-13  4.62180E-13
  1.425E+01  1.53845E-02  8.35840E-09  8.75690E-09 -1.50794E-13  4.68943E-13
  1.450E+01  1.59262E-02  8.25986E-09  8.72878E-09 -1.58001E-13  4.75631E-13
  1.475E+01  1.64770E-02  8.16073E-09  8.70026E-09 -1.65393E-13  4.82244E-13
  1.500E+01  1.70371E-02  8.06105E-09  8.67134E-09 -1.72969E-13  4.88779E-13
  1.525E+01  1.76063E-02  7.96086E-09  8.64201E-09 -1.80728E-13  4.95236E-13
  1.550E+01  1.81848E-02  7.86021E-09  8.61230E-09 -1.88671E-13  5.01615E-13
  1.575E+01  1.87724E-02  7.75912E-09  8.58219E-09 -1.96795E-13  5.07914E-13
  1.600E+01  1.93692E-02  7.65765E-09  8.55170E-09 -2.05101E-13  5.14132E-13
  1.625E+01  1.99751E-02  7.55582E-09  8.52083E-09 -2.13587E-13  5.20268E-13
  1.650E+01  2.05901E-02  7.45368E-09  8.48957E-09 -2.22252E-13  5.26322E-13
  1.675E+01  2.12143E-02  7.35125E-09  8.45795E-09 -2.31094E-13  5.32293E-13
  1.700E+01  2.18476E-02  7.24859E-09  8.42596E-09 -2.40113E-13  5.38179E-13
  1.725E+01  2.24900E-02  7.14571E-09  8.39360E-09 -2.49306E-13  5.43981E-13
  1.750E+01  2.31415E-02  7.04266E-09  8.36088E-09 -2.58674E-13  5.49697E-13
  1.775E+01  2.38021E-02  6.93948E-09  8.32780E-09 -2.68213E-13  5.55327E-13
  1.800E+01  2.44717E-02  6.83618E-09  8.29438E-09 -2.77923E-13  5.60869E-13
  1.825E+01  2.51504E-02  6.73282E-09  8.26060E-09 -2.87801E-13  5.66323E-13
  1.850E+01  2.58382E-02  6.62941E-09  8.22648E-09 -2.97846E-13  5.71688E-13
  1.875E+01  2.65349E-02  6.52600E-09  8.19203E-09 -3.08056E-13  5.76965E-13
  1.900E+01  2.72407E-02  6.42260E-09  8.15724E-09 -3.18429E-13  5.82150E-13
  1.925E+01  2.79555E-02  6.31926E-09  8.12212E-09 -3.28963E-13  5.87246E-13
  1.950E+01  2.86793E-02  6.21600E-09  8.08668E-09 -3.39656E-13  5.92249E-13
  1.975E+01  2.94120E-02  6.11286E-09  8.05092E-09 -3.50507E-13  5.97161E-13
  2.000E+01  3.01537E-02  6.00985E-09  8.01484E-09 -3.61512E-13  6.01980E-13
  2.025E+01  3.09043E-02  5.90700E-09  7.97845E-09 -3.72670E-13  6.06705E-13
  2.050E+01  3.16639E-02  5.80436E-09  7.94175E-09 -3.83979E-13  6.11337E-13
  2.075E+01  3.24324E-02  5.70193E-09  7.90475E-09 -3.95436E-13  6.15874E-13
  2.100E+01  3.32098E-02  5.59974E-09  7.86746E-09 -4.07039E-13  6.20316E-13
  2.125E+01  3.39961E-02  5.49783E-09  7.82987E-09 -4.18785E-13  6.24663E-13
  2.150E+01  3.47912E-02  5.39621E-09  7.79199E-09 -4.30673E-13  6.28913E-13
  2.175E+01  3.55952E-02  5.29490E-09  7.75384E-09 -4.42700E-13  6.33067E-13
  2.200E+01  3.64081E-02  5.19394E-09  7.71540E-09 -4.54863E-13  6.37124E-13
  2.225E+01  3.72297E-02  5.09334E-09  7.67669E-09 -4.67160E-13  6.41084E-13
  2.250E+01  3.80602E-02  4.99313E-09  7.63771E-09 -4.79588E-13  6.44945E-13
  2.275E+01  3.88995E-02  4.89331E-09  7.59847E-09 -4.92146E-13  6.48709E-13
  2.300E+01  3.97476E-02  4.79393E-09  7.55896E-09 -5.04830E-13  6.52373E-13
  2.325E+01  4.06044E-02  4.69499E-09  7.51921E-09 -5.17637E-13  6.55938E-13
  2.350E+01  4.14700E-02  4.59651E-09  7.47920E-09 -5.30566E-13  6.59404E-13
  2.375E+01  4.23443E-02  4.49852E-09  7.43895E-09 -5.43614E-13  6.62770E-13
  2.400E+01  4.32273E-02  4.40102E-09  7.39846E-09 -5.56778E-13  6.66035E-13
  2.425E+01  4.41190E-02  4.30404E-09  7.35773E-09 -5.70055E-13  6.69200E-13
  2.450E+01  4.50194E-02  4.20760E-09  7.31677E-09 -5.83443E-13  6.72265E-13
  2.475E+01  4.59284E-02  4.11170E-09  7.27558E-09 -5.96939E-13  6.75228E-13
  2.500E+01  4.68461E-02  4.01637E-09  7.23418E-09 -6.10541E-13  6.78089E-13
  2.550E+01  4.87074E-02  3.82746E-09  7.15072E-09 -6.38050E-13  6.83508E-13
  2.600E+01  5.06030E-02  3.64097E-09  7.06644E-09 -6.65950E-13  6.88517E-13
  2.650E+01  5.25328E-02  3.45702E-09  6.98137E-09 -6.94219E-13  6.93117E-13
  2.700E+01  5.44967E-02  3.27568E-09  6.89554E-09 -7.22836E-13  6.97306E-13
  2.750E+01  5.64946E-02  3.09706E-09  6.80900E-09 -7.51780E-13  7.01083E-13
  2.800E+01  5.85262E-02  2.92122E-09  6.72179E-09 -7.81030E-13  7.04446E-13
  2.850E+01  6.05914E-02  2.74824E-09  6.63394E-09 -8.10565E-13  7.07397E-13
  2.900E+01  6.26901E-02  2.57818E-09  6.54548E-09 -8.40365E-13  7.09934E-13
  2.950E+01  6.48222E-02  2.41110E-09  6.45647E-09 -8.70408E-13  7.12057E-13
  3.000E+01  6.69873E-02  2.24704E-09  6.36692E-09 -9.00676E-13  7.13768E-13
  3.050E+01  6.91854E-02  2.08605E-09  6.27689E-09 -9.31147E-13  7.15065E-13
  3.100E+01  7.14163E-02  1.92817E-09  6.18640E-09 -9.61802E-13  7.15951E-13
  3.150E+01  7.36799E-02  1.77342E-09  6.09549E-09 -9.92623E-13  7.16426E-13
  3.200E+01  7.59760E-02  1.62184E-09  6.00420E-09 -1.02359E-12  7.16492E-13
  3.250E+01  7.83043E-02  1.47344E-09  5.91256E-09 -1.05468E-12  7.16149E-13
  3.300E+01  8.06647E-02  1.32824E-09  5.82061E-09 -1.08588E-12  7.15400E-13
  3.350E+01  8.30571E-02  1.18625E-09  5.72838E-09 -1.11718E-12  7.14247E-13
  3.400E+01  8.54812E-02  1.04749E-09  5.63590E-09 -1.14854E-12  7.12691E-13
  3.450E+01  8.79369E-02  9.11945E-10  5.54322E-09 -1.17996E-12  7.10735E-13
  3.500E+01  9.04240E-02  7.79625E-10  5.45036E-09 -1.21142E-12  7.08382E-13
  3.550E+01  9.29422E-02  6.50522E-10  5.35735E-09 -1.24291E-12  7.05634E-13
  3.600E+01  9.54915E-02  5.24631E-10  5.26423E-09 -1.27440E-12  7.02494E-13
  3.650E+01  9.80716E-02  4.01941E-10  5.17103E-09 -1.30588E-12  6.98966E-13
  3.700E+01  1.00682E-01  2.82438E-10  5.07778E-09 -1.33733E-12  6.95052E-13
  3.750E+01  1.03323E-01  1.66106E-10  4.98451E-09 -1.36875E-12  6.90757E-13
  3.800E+01  1.05995E-01  5.29270E-11  4.89126E-09 -1.40011E-12  6.86083E-13
  3.850E+01  1.08696E-01 -5.71206E-11  4.79804E-09 -1.43140E-12  6.81035E-13
  3.900E+01  1.11427E-01 -1.64060E-10  4.70490E-09 -1.46261E-12  6.75617E-13
  3.950E+01  1.14188E-01 -2.67915E-10  4.61185E-09 -1.49372E-12  6.69833E-13
  4.000E+01  1.16978E-01 -3.68715E-10  4.51894E-09 -1.52472E-12  6.63686E-13
  4.050E+01  1.19797E-01 -4.66486E-10  4.42617E-09 -1.55560E-12  6.57182E-13
  4.100E+01  1.22645E-01 -5.61260E-10  4.33359E-09 -1.58635E-12  6.50325E-13
  4.150E+01  1.25522E-01 -6.53068E-10  4.24122E-09 -1.61695E-12  6.43120E-13
  4.200E+01  1.28428E-01 -7.41943E-10  4.14908E-09 -1.64740E-12  6.35572E-13
  4.250E+01  1.31361E-01 -8.27920E-10  4.05719E-09 -1.67767E-12  6.27685E-13
  4.300E+01  1.34323E-01 -9.11033E-10  3.96560E-09 -1.70777E-12  6.19465E-13
  4.350E+01  1.37313E-01 -9.91318E-10  3.87431E-09 -1.73767E-12  6.10917E-13
  4.400E+01  1.40330E-01 -1.06881E-09  3.78335E-09 -1.76738E-12  6.02046E-13
  4.450E+01  1.43375E-01 -1.14356E-09  3.69275E-09 -1.79687E-12  5.92857E-13
  4.500E+01  1.46447E-01 -1.21558E-09  3.60252E-09 -1.82615E-12  5.83357E-13
  4.550E+01  1.49545E-01 -1.28494E-09  3.51269E-09 -1.85519E-12  5.73550E-13
  4.600E+01  1.52671E-01 -1.35166E-09  3.42328E-09 -1.88400E-12  5.63443E-13
  4.650E+01  1.55823E-01 -1.41578E-09  3.33431E-09 -1.91256E-12  5.53041E-13
  4.700E+01  1.59001E-01 -1.47735E-09  3.24580E-09 -1.94087E-12  5.42350E-13
  4.750E+01  1.62205E-01 -1.53640E-09  3.15777E-09 -1.96892E-12  5.31376E-13
  4.800E+01  1.65435E-01 -1.59298E-09  3.07023E-09 -1.99669E-12  5.20124E-13
  4.850E+01  1.68690E-01 -1.64713E-09  2.98322E-09 -2.02419E-12  5.08602E-13
  4.900E+01  1.71970E-01 -1.69888E-09  2.89673E-09 -2.05140E-12  4.96815E-13
  4.950E+01  1.75276E-01 -1.74829E-09  2.81080E-09 -2.07832E-12  4.84769E-13
  5.000E+01  1.78606E-01 -1.79539E-09  2.72544E-09 -2.10495E-12  4.72470E-13
  5.050E+01  1.81961E-01 -1.84022E-09  2.64066E-09 -2.13127E-12  4.59925E-13
  5.100E+01  1.85340E-01 -1.88282E-09  2.55648E-09 -2.15728E-12  4.47141E-13
  5.150E+01  1.88743E-01 -1.92324E-09  2.47291E-09 -2.18297E-12  4.34122E-13
  5.200E+01  1.92169E-01 -1.96152E-09  2.38997E-09 -2.20835E-12  4.20877E-13
  5.250E+01  1.95619E-01 -1.99769E-09  2.30767E-09 -2.23340E-12  4.07411E-13
  5.300E+01  1.99092E-01 -2.03180E-09  2.22603E-09 -2.25811E-12  3.93730E-13
  5.350E+01  2.02589E-01 -2.06390E-09  2.14505E-09 -2.28250E-12  3.79841E-13
  5.400E+01  2.06107E-01 -2.09401E-09  2.06476E-09 -2.30654E-12  3.65751E-13
  5.450E+01  2.09649E-01 -2.12218E-09  1.98515E-09 -2.33023E-12  3.51467E-13
  5.500E+01  2.13212E-01 -2.14844E-09  1.90625E-09 -2.35358E-12  3.36993E-13
  5.550E+01  2.16797E-01 -2.17285E-09  1.82807E-09 -2.37658E-12  3.22338E-13
  5.600E+01  2.20404E-01 -2.19544E-09  1.75060E-09 -2.39922E-12  3.07508E-13
  5.650E+01  2.24032E-01 -2.21624E-09  1.67387E-09 -2.42150E-12  2.92508E-13
  5.700E+01  2.27680E-01 -2.23529E-09  1.59788E-09 -2.44341E-12  2.77347E-13
  5.750E+01  2.31350E-01 -2.25264E-09  1.52264E-09 -2.46497E-12  2.62029E-13
  5.800E+01  2.35040E-01 -2.26832E-09  1.44817E-09 -2.48615E-12  2.46563E-13
  5.850E+01  2.38751E-01 -2.28237E-09  1.37445E-09 -2.50696E-12  2.30953E-13
  5.900E+01  2.42481E-01 -2.29482E-09  1.30152E-09 -2.52740E-12  2.15208E-13
  5.950E+01  2.46231E-01 -2.30572E-09  1.22936E-09 -2.54746E-12  1.99332E-13
  6.000E+01  2.50000E-01 -2.31509E-09  1.15799E-09 -2.56715E-12  1.83333E-13
  6.050E+01  2.53788E-01 -2.32298E-09  1.08741E-09 -2.58645E-12  1.67218E-13
  6.100E+01  2.57595E-01 -2.32941E-09  1.01763E-09 -2.60537E-12  1.50991E-13
  6.150E+01  2.61421E-01 -2.33443E-09  9.48659E-10 -2.62391E-12  1.34661E-13
  6.200E+01  2.65264E-01 -2.33806E-09  8.80493E-10 -2.64207E-12  1.18233E-13
  6.250E+01  2.69126E-01 -2.34035E-09  8.13140E-10 -2.65983E-12  1.01713E-13
  6.300E+01  2.73005E-01 -2.34132E-09  7.46604E-10 -2.67722E-12  8.51086E-14
  6.350E+01  2.76901E-01 -2.34101E-09  6.80888E-10 -2.69421E-12  6.84250E-14
  6.400E+01  2.80814E-01 -2.33945E-09  6.15995E-10 -2.71081E-12  5.16687E-14
  6.450E+01  2.84744E-01 -2.33667E-09  5.51928E-10 -2.72703E-12  3.48459E-14
  6.500E+01  2.88691E-01 -2.33271E-09  4.88690E-10 -2.74285E-12  1.79628E-14
  6.550E+01  2.92653E-01 -2.32759E-09  4.26282E-10 -2.75828E-12  1.02537E-15
  6.600E+01  2.96632E-01 -2.32135E-09  3.64706E-10 -2.77332E-12 -1.59602E-14
  6.650E+01  3.00625E-01 -2.31402E-09  3.03964E-10 -2.78797E-12 -3.29881E-14
  6.700E+01  3.04634E-01 -2.30562E-09  2.44057E-10 -2.80223E-12 -5.00521E-14
  6.750E+01  3.08658E-01 -2.29619E-09  1.84985E-10 -2.81610E-12 -6.71466E-14
  6.800E+01  3.12697E-01 -2.28575E-09  1.26749E-10 -2.82957E-12 -8.42655E-14
  6.850E+01  3.16749E-01 -2.27434E-09  6.93480E-11 -2.84265E-12 -1.01403E-13
  6.900E+01  3.20816E-01 -2.26197E-09  1.27830E-11 -2.85535E-12 -1.18554E-13
  6.950E+01  3.24896E-01 -2.24869E-09 -4.29471E-11 -2.86765E-12 -1.35712E-13
  7.000E+01  3.28990E-01 -2.23451E-09 -9.78428E-11 -2.87956E-12 -1.52871E-13
  7.050E+01  3.33097E-01 -2.21946E-09 -1.51905E-10 -2.89108E-12 -1.70026E-13
  7.100E+01  3.37216E-01 -2.20358E-09 -2.05136E-10 -2.90222E-12 -1.87173E-13
  7.150E+01  3.41348E-01 -2.18687E-09 -2.57537E-10 -2.91297E-12 -2.04304E-13
  7.200E+01  3.45492E-01 -2.16938E-09 -3.09109E-10 -2.92333E-12 -2.21414E-13
  7.250E+01  3.49647E-01 -2.15112E-09 -3.59855E-10 -2.93330E-12 -2.38499E-13
  7.300E+01  3.53814E-01 -2.13212E-09 -4.09777E-10 -2.94289E-12 -2.55554E-13
  7.350E+01  3.57992E-01 -2.11240E-09 -4.58878E-10 -2.95210E-12 -2.72572E-13
  7.400E+01  3.62181E-01 -2.09199E-09 -5.07160E-10 -2.96092E-12 -2.89548E-13
  7.450E+01  3.66381E-01 -2.07090E-09 -5.54627E-10 -2.96936E-12 -3.06479E-13
  7.500E+01  3.70590E-01 -2.04917E-09 -6.01282E-10 -2.97743E-12 -3.23358E-13
  7.550E+01  3.74810E-01 -2.02682E-09 -6.47128E-10 -2.98512E-12 -3.40180E-13
  7.600E+01  3.79039E-01 -2.00386E-09 -6.92168E-10 -2.99243E-12 -3.56942E-13
  7.650E+01  3.83277E-01 -1.98032E-09 -7.36408E-10 -2.99936E-12 -3.73637E-13
  7.700E+01  3.87524E-01 -1.95622E-09 -7.79851E-10 -3.00592E-12 -3.90262E-13
  7.750E+01  3.91780E-01 -1.93158E-09 -8.22500E-10 -3.01211E-12 -4.06811E-13
  7.800E+01  3.96044E-01 -1.90642E-09 -8.64361E-10 -3.01794E-12 -4.23281E-13
  7.850E+01  4.00316E-01 -1.88076E-09 -9.05438E-10 -3.02339E-12 -4.39665E-13
  7.900E+01  4.04596E-01 -1.85462E-09 -9.45735E-10 -3.02848E-12 -4.55961E-13
  7.950E+01  4.08882E-01 -1.82802E-09 -9.85259E-10 -3.03320E-12 -4.72163E-13
  8.000E+01  4.13176E-01 -1.80097E-09 -1.02401E-09 -3.03757E-12 -4.88268E-13
  8.050E+01  4.17476E-01 -1.77350E-09 -1.06200E-09 -3.04157E-12 -5.04270E-13
  8.100E+01  4.21783E-01 -1.74563E-09 -1.09923E-09 -3.04522E-12 -5.20167E-13
  8.150E+01  4.26095E-01 -1.71737E-09 -1.13571E-09 -3.04851E-12 -5.35953E-13
  8.200E+01  4.30413E-01 -1.68874E-09 -1.17144E-09 -3.05145E-12 -5.51625E-13
  8.250E+01  4.34737E-01 -1.65976E-09 -1.20643E-09 -3.05404E-12 -5.67178E-13
  8.300E+01  4.39065E-01 -1.63044E-09 -1.24068E-09 -3.05628E-12 -5.82610E-13
  8.350E+01  4.43398E-01 -1.60080E-09 -1.27420E-09 -3.05818E-12 -5.97915E-13
  8.400E+01  4.47736E-01 -1.57085E-09 -1.30700E-09 -3.05973E-12 -6.13091E-13
  8.450E+01  4.52077E-01 -1.54062E-09 -1.33908E-09 -3.06094E-12 -6.28134E-13
  8.500E+01  4.56422E-01 -1.51011E-09 -1.37044E-09 -3.06181E-12 -6.43039E-13
  8.550E+01  4.60770E-01 -1.47934E-09 -1.40110E-09 -3.06235E-12 -6.57804E-13
  8.600E+01  4.65122E-01 -1.44833E-09 -1.43107E-09 -3.06255E-12 -6.72425E-13
  8.650E+01  4.69476E-01 -1.41709E-09 -1.46034E-09 -3.06242E-12 -6.86898E-13
  8.700E+01  4.73832E-01 -1.38564E-09 -1.48892E-09 -3.06197E-12 -7.01221E-13
  8.750E+01  4.78190E-01 -1.35398E-09 -1.51683E-09 -3.06119E-12 -7.15390E-13
  8.800E+01  4.82550E-01 -1.32213E-09 -1.54406E-09 -3.06008E-12 -7.29402E-13
  8.850E+01  4.86912E-01 -1.29011E-09 -1.57063E-09 -3.05866E-12 -7.43254E-13
  8.900E+01  4.91274E-01 -1.25793E-09 -1.59653E-09 -3.05692E-12 -7.56942E-13
  8.950E+01  4.95637E-01 -1.22560E-09 -1.62179E-09 -3.05486E-12 -7.70465E-13
  9.000E+01  5.00000E-01 -1.19313E-09 -1.64640E-09 -3.05249E-12 -7.83818E-13
  9.050E+01  5.04363E-01 -1.16054E-09 -1.67038E-09 -3.04982E-12 -7.97000E-13
  9.100E+01  5.08726E-01 -1.12783E-09 -1.69372E-09 -3.04683E-12 -8.10006E-13
  9.150E+01  5.13088E-01 -1.09502E-09 -1.71644E-09 -3.04355E-12 -8.22836E-13
  9.200E+01  5.17450E-01 -1.06211E-09 -1.73854E-09 -3.03996E-12 -8.35486E-13
  9.250E+01  5.21810E-01 -1.02913E-09 -1.76004E-09 -3.03607E-12 -8.47953E-13
  9.300E+01  5.26168E-01 -9.96082E-10 -1.78093E-09 -3.03189E-12 -8.60235E-13
  9.350E+01  5.30524E-01 -9.62972E-10 -1.80123E-09 -3.02742E-12 -8.72330E-13
  9.400E+01  5.34878E-01 -9.29812E-10 -1.82094E-09 -3.02266E-12 -8.84236E-13
  9.450E+01  5.39230E-01 -8.96614E-10 -1.84007E-09 -3.01761E-12 -8.95949E-13
  9.500E+01  5.43578E-01 -8.63387E-10 -1.85863E-09 -3.01228E-12 -9.07469E-13
  9.550E+01  5.47923E-01 -8.30139E-10 -1.87662E-09 -3.00667E-12 -9.18792E-13
  9.600E+01  5.52264E-01 -7.96880E-10 -1.89406E-09 -3.00078E-12 -9.29917E-13
  9.650E+01  5.56602E-01 -7.63620E-10 -1.91094E-09 -2.99461E-12 -9.40842E-13
  9.700E+01  5.60935E-01 -7.30367E-10 -1.92729E-09 -2.98818E-12 -9.51565E-13
  9.750E+01  5.65263E-01 -6.97129E-10 -1.94309E-09 -2.98147E-12 -9.62083E-13
  9.800E+01  5.69587E-01 -6.63914E-10 -1.95837E-09 -2.97450E-12 -9.72396E-13
  9.850E+01  5.73905E-01 -6.30732E-10 -1.97313E-09 -2.96727E-12 -9.82501E-13
  9.900E+01  5.78217E-01 -5.97588E-10 -1.98738E-09 -2.95977E-12 -9.92397E-13
  9.950E+01  5.82524E-01 -5.64492E-10 -2.00112E-09 -2.95202E-12 -1.00208E-12
  1.000E+02  5.86824E-01 -5.31451E-10 -2.01436E-09 -2.94402E-12 -1.01155E-12
  1.005E+02  5.91118E-01 -4.98471E-10 -2.02711E-09 -2.93576E-12 -1.02081E-12
  1.010E+02  5.95404E-01 -4.65561E-10 -2.03938E-09 -2.92726E-12 -1.02986E-12
  1.015E+02  5.99684E-01 -4.32725E-10 -2.05118E-09 -2.91851E-12 -1.03868E-12
  1.020E+02  6.03956E-01 -3.99973E-10 -2.06250E-09 -2.90951E-12 -1.04729E-12
  1.025E+02  6.08220E-01 -3.67309E-10 -2.07336E-09 -2.90028E-12 -1.05568E-12
  1.030E+02  6.12476E-01 -3.34739E-10 -2.08377E-09 -2.89081E-12 -1.06385E-12
  1.035E+02  6.16723E-01 -3.02272E-10 -2.09374E-09 -2.88111E-12 -1.07180E-12
  1.040E+02  6.20961E-01 -2.69911E-10 -2.10326E-09 -2.87118E-12 -1.07952E-12
  1.045E+02  6.25190E-01 -2.37662E-10 -2.11235E-09 -2.86102E-12 -1.08702E-12
  1.050E+02  6.29410E-01 -2.05532E-10 -2.12102E-09 -2.85063E-12 -1.09430E-12
  1.055E+02  6.33619E-01 -1.73526E-10 -2.12927E-09 -2.84002E-12 -1.10135E-12
  1.060E+02  6.37819E-01 -1.41649E-10 -2.13711E-09 -2.82919E-12 -1.10818E-12
  1.065E+02  6.42008E-01 -1.09906E-10 -2.14455E-09 -2.81815E-12 -1.11478E-12
  1.070E+02  6.46186E-01 -7.83012E-11 -2.15159E-09 -2.80689E-12 -1.12115E-12
  1.075E+02  6.50353E-01 -4.68404E-11 -2.15825E-09 -2.79542E-12 -1.12729E-12
  1.080E+02  6.54508E-01 -1.55278E-11 -2.16452E-09 -2.78375E-12 -1.13320E-12
  1.085E+02  6.58652E-01  1.56321E-11 -2.17042E-09 -2.77186E-12 -1.13889E-12
  1.090E+02  6.62784E-01  4.66350E-11 -2.17595E-09 -2.75978E-12 -1.14434E-12
  1.095E+02  6.66903E-01  7.74768E-11 -2.18112E-09 -2.74749E-12 -1.14956E-12
  1.100E+02  6.71010E-01  1.08154E-10 -2.18594E-09 -2.73501E-12 -1.15455E-12
  1.105E+02  6.75104E-01  1.38661E-10 -2.19041E-09 -2.72234E-12 -1.15932E-12
  1.110E+02  6.79184E-01  1.68996E-10 -2.19454E-09 -2.70947E-12 -1.16384E-12
  1.115E+02  6.83251E-01  1.99155E-10 -2.19834E-09 -2.69642E-12 -1.16814E-12
  1.120E+02  6.87303E-01  2.29133E-10 -2.20182E-09 -2.68318E-12 -1.17221E-12
  1.125E+02  6.91342E-01  2.58929E-10 -2.20497E-09 -2.66975E-12 -1.17604E-12
  1.130E+02  6.95366E-01  2.88538E-10 -2.20781E-09 -2.65615E-12 -1.17964E-12
  1.135E+02  6.99375E-01  3.17958E-10 -2.21035E-09 -2.64236E-12 -1.18301E-12
  1.140E+02  7.03368E-01  3.47185E-10 -2.21259E-09 -2.62840E-12 -1.18615E-12
  1.145E+02  7.07347E-01  3.76216E-10 -2.21453E-09 -2.61427E-12 -1.18905E-12
  1.150E+02  7.11309E-01  4.05050E-10 -2.21619E-09 -2.59997E-12 -1.19172E-12
  1.155E+02  7.15256E-01  4.33683E-10 -2.21757E-09 -2.58550E-12 -1.19416E-12
  1.160E+02  7.19186E-01  4.62112E-10 -2.21868E-09 -2.57087E-12 -1.19637E-12
  1.165E+02  7.23099E-01  4.90336E-10 -2.21952E-09 -2.55607E-12 -1.19835E-12
  1.170E+02  7.26995E-01  5.18352E-10 -2.22010E-09 -2.54112E-12 -1.20009E-12
  1.175E+02  7.30874E-01  5.46157E-10 -2.22042E-09 -2.52600E-12 -1.20160E-12
  1.180E+02  7.34736E-01  5.73751E-10 -2.22050E-09 -2.51073E-12 -1.20289E-12
  1.185E+02  7.38579E-01  6.01129E-10 -2.22034E-09 -2.49531E-12 -1.20394E-12
  1.190E+02  7.42405E-01  6.28292E-10 -2.21994E-09 -2.47974E-12 -1.20476E-12
  1.195E+02  7.46212E-01  6.55236E-10 -2.21931E-09 -2.46402E-12 -1.20536E-12
  1.200E+02  7.50000E-01  6.81960E-10 -2.21846E-09 -2.44816E-12 -1.20572E-12
  1.205E+02  7.53769E-01  7.08463E-10 -2.21739E-09 -2.43215E-12 -1.20586E-12
  1.210E+02  7.57519E-01  7.34743E-10 -2.21611E-09 -2.41601E-12 -1.20577E-12
  1.215E+02  7.61249E-01  7.60797E-10 -2.21462E-09 -2.39972E-12 -1.20545E-12
  1.220E+02  7.64960E-01  7.86626E-10 -2.21293E-09 -2.38330E-12 -1.20490E-12
  1.225E+02  7.68650E-01  8.12228E-10 -2.21105E-09 -2.36674E-12 -1.20413E-12
  1.230E+02  7.72320E-01  8.37601E-10 -2.20898E-09 -2.35006E-12 -1.20313E-12
  1.235E+02  7.75968E-01  8.62744E-10 -2.20673E-09 -2.33324E-12 -1.20191E-12
  1.240E+02  7.79596E-01  8.87656E-10 -2.20430E-09 -2.31630E-12 -1.20047E-12
  1.245E+02  7.83203E-01  9.12337E-10 -2.20170E-09 -2.29923E-12 -1.19880E-12
  1.250E+02  7.86788E-01  9.36784E-10 -2.19893E-09 -2.28204E-12 -1.19692E-12
  1.255E+02  7.90351E-01  9.60998E-10 -2.19600E-09 -2.26473E-12 -1.19481E-12
  1.260E+02  7.93893E-01  9.84977E-10 -2.19292E-09 -2.24731E-12 -1.19248E-12
  1.265E+02  7.97411E-01  1.00872E-09 -2.18968E-09 -2.22976E-12 -1.18993E-12
  1.270E+02  8.00908E-01  1.03223E-09 -2.18630E-09 -2.21210E-12 -1.18717E-12
  1.275E+02  8.04381E-01  1.05550E-09 -2.18279E-09 -2.19433E-12 -1.18419E-12
  1.280E+02  8.07831E-01  1.07853E-09 -2.17913E-09 -2.17645E-12 -1.18099E-12
  1.285E+02  8.11257E-01  1.10133E-09 -2.17535E-09 -2.15847E-12 -1.17758E-12
  1.290E+02  8.14660E-01  1.12389E-09 -2.17144E-09 -2.14037E-12 -1.17395E-12
  1.295E+02  8.18039E-01  1.14621E-09 -2.16741E-09 -2.12218E-12 -1.17011E-12
  1.300E+02  8.21394E-01  1.16829E-09 -2.16327E-09 -2.10388E-12 -1.16607E-12
  1.305E+02  8.24724E-01  1.19013E-09 -2.15902E-09 -2.08548E-12 -1.16181E-12
  1.310E+02  8.28030E-01  1.21173E-09 -2.15466E-09 -2.06698E-12 -1.15734E-12
  1.315E+02  8.31310E-01  1.23309E-09 -2.15020E-09 -2.04839E-12 -1.15267E-12
  1.320E+02  8.34565E-01  1.25422E-09 -2.14565E-09 -2.02970E-12 -1.14779E-12
  1.325E+02  8.37795E-01  1.27510E-09 -2.14101E-09 -2.01092E-12 -1.14271E-12
  1.330E+02  8.40999E-01  1.29574E-09 -2.13628E-09 -1.99205E-12 -1.13742E-12
  1.335E+02  8.44177E-01  1.31614E-09 -2.13146E-09 -1.97309E-12 -1.13193E-12
  1.340E+02  8.47329E-01  1.33630E-09 -2.12657E-09 -1.95404E-12 -1.12625E-12
  1.345E+02  8.50455E-01  1.35623E-09 -2.12161E-09 -1.93491E-12 -1.12036E-12
  1.350E+02  8.53553E-01  1.37591E-09 -2.11658E-09 -1.91569E-12 -1.11428E-12
  1.355E+02  8.56625E-01  1.39535E-09 -2.11148E-09 -1.89639E-12 -1.10800E-12
  1.360E+02  8.59670E-01  1.41455E-09 -2.10632E-09 -1.87701E-12 -1.10152E-12
  1.365E+02  8.62687E-01  1.43352E-09 -2.10111E-09 -1.85755E-12 -1.09486E-12
  1.370E+02  8.65677E-01  1.45224E-09 -2.09584E-09 -1.83802E-12 -1.08800E-12
  1.375E+02  8.68639E-01  1.47072E-09 -2.09052E-09 -1.81841E-12 -1.08095E-12
  1.380E+02  8.71572E-01  1.48897E-09 -2.08517E-09 -1.79872E-12 -1.07372E-12
  1.385E+02  8.74478E-01  1.50698E-09 -2.07977E-09 -1.77897E-12 -1.06630E-12
  1.390E+02  8.77355E-01  1.52475E-09 -2.07433E-09 -1.75914E-12 -1.05869E-12
  1.395E+02  8.80203E-01  1.54228E-09 -2.06886E-09 -1.73924E-12 -1.05090E-12
  1.400E+02  8.83022E-01  1.55957E-09 -2.06337E-09 -1.71928E-12 -1.04294E-12
  1.405E+02  8.85812E-01  1.57663E-09 -2.05784E-09 -1.69924E-12 -1.03479E-12
  1.410E+02  8.88573E-01  1.59345E-09 -2.05230E-09 -1.67915E-12 -1.02646E-12
  1.415E+02  8.91304E-01  1.61003E-09 -2.04674E-09 -1.65899E-12 -1.01796E-12
  1.420E+02  8.94005E-01  1.62638E-09 -2.04117E-09 -1.63877E-12 -1.00929E-12
  1.425E+02  8.96677E-01  1.64250E-09 -2.03558E-09 -1.61848E-12 -1.00044E-12
  1.430E+02  8.99318E-01  1.65837E-09 -2.02999E-09 -1.59814E-12 -9.91421E-13
  1.435E+02  9.01928E-01  1.67402E-09 -2.02439E-09 -1.57774E-12 -9.82235E-13
  1.440E+02  9.04508E-01  1.68943E-09 -2.01879E-09 -1.55728E-12 -9.72883E-13
  1.445E+02  9.07058E-01  1.70461E-09 -2.01320E-09 -1.53677E-12 -9.63366E-13
  1.450E+02  9.09576E-01  1.71955E-09 -2.00761E-09 -1.51621E-12 -9.53686E-13
  1.455E+02  9.12063E-01  1.73427E-09 -2.00203E-09 -1.49559E-12 -9.43845E-13
  1.460E+02  9.14519E-01  1.74875E-09 -1.99646E-09 -1.47492E-12 -9.33846E-13
  1.465E+02  9.16943E-01  1.76300E-09 -1.99090E-09 -1.45420E-12 -9.23690E-13
  1.470E+02  9.19335E-01  1.77702E-09 -1.98537E-09 -1.43343E-12 -9.13378E-13
  1.475E+02  9.21696E-01  1.79082E-09 -1.97986E-09 -1.41261E-12 -9.02914E-13
  1.480E+02  9.24024E-01  1.80438E-09 -1.97437E-09 -1.39174E-12 -8.92300E-13
  1.485E+02  9.26320E-01  1.81771E-09 -1.96890E-09 -1.37083E-12 -8.81536E-13
  1.490E+02  9.28584E-01  1.83082E-09 -1.96347E-09 -1.34988E-12 -8.70625E-13
  1.495E+02  9.30815E-01  1.84370E-09 -1.95807E-09 -1.32888E-12 -8.59570E-13
  1.500E+02  9.33013E-01  1.85636E-09 -1.95271E-09 -1.30784E-12 -8.48372E-13
  1.505E+02  9.35178E-01  1.86879E-09 -1.94738E-09 -1.28675E-12 -8.37033E-13
  1.510E+02  9.37310E-01  1.88099E-09 -1.94210E-09 -1.26563E-12 -8.25556E-13
  1.515E+02  9.39409E-01  1.89297E-09 -1.93685E-09 -1.24447E-12 -8.13942E-13
  1.520E+02  9.41474E-01  1.90473E-09 -1.93165E-09 -1.22327E-12 -8.02195E-13
  1.525E+02  9.43505E-01  1.91626E-09 -1.92651E-09 -1.20203E-12 -7.90315E-13
  1.530E+02  9.45503E-01  1.92757E-09 -1.92141E-09 -1.18076E-12 -7.78305E-13
  1.535E+02  9.47467E-01  1.93866E-09 -1.91636E-09 -1.15945E-12 -7.66167E-13
  1.540E+02  9.49397E-01  1.94953E-09 -1.91137E-09 -1.13811E-12 -7.53903E-13
  1.545E+02  9.51293E-01  1.96018E-09 -1.90644E-09 -1.11673E-12 -7.41517E-13
  1.550E+02  9.53154E-01  1.97061E-09 -1.90156E-09 -1.09532E-12 -7.29008E-13
  1.555E+02  9.54981E-01  1.98082E-09 -1.89675E-09 -1.07388E-12 -7.16381E-13
  1.560E+02  9.56773E-01  1.99081E-09 -1.89200E-09 -1.05241E-12 -7.03637E-13
  1.565E+02  9.58530E-01  2.00058E-09 -1.88732E-09 -1.03091E-12 -6.90778E-13
  1.570E+02  9.60252E-01  2.01014E-09 -1.88271E-09 -1.00938E-12 -6.77807E-13
  1.575E+02  9.61940E-01  2.01948E-09 -1.87816E-09 -9.87820E-13 -6.64726E-13
  1.580E+02  9.63592E-01  2.02860E-09 -1.87369E-09 -9.66234E-13 -6.51537E-13
  1.585E+02  9.65209E-01  2.03751E-09 -1.86930E-09 -9.44623E-13 -6.38242E-13
  1.590E+02  9.66790E-01  2.04621E-09 -1.86497E-09 -9.22985E-13 -6.24844E-13
  1.595E+02  9.68336E-01  2.05469E-09 -1.86073E-09 -9.01323E-13 -6.11345E-13
  1.600E+02  9.69846E-01  2.06296E-09 -1.85656E-09 -8.79637E-13 -5.97747E-13
  1.605E+02  9.71321E-01  2.07102E-09 -1.85248E-09 -8.57927E-13 -5.84052E-13
  1.610E+02  9.72759E-01  2.07886E-09 -1.84848E-09 -8.36195E-13 -5.70264E-13
  1.615E+02  9.74162E-01  2.08649E-09 -1.84456E-09 -8.14441E-13 -5.56384E-13
  1.620E+02  9.75528E-01  2.09391E-09 -1.84073E-09 -7.92665E-13 -5.42414E-13
  1.625E+02  9.76858E-01  2.10112E-09 -1.83698E-09 -7.70870E-13 -5.28357E-13
  1.630E+02  9.78152E-01  2.10813E-09 -1.83333E-09 -7.49054E-13 -5.14215E-13
  1.635E+02  9.79410E-01  2.11492E-09 -1.82976E-09 -7.27220E-13 -4.99991E-13
  1.640E+02  9.80631E-01  2.12150E-09 -1.82629E-09 -7.05367E-13 -4.85686E-13
  1.645E+02  9.81815E-01  2.12788E-09 -1.82291E-09 -6.83497E-13 -4.71304E-13
  1.650E+02  9.82963E-01  2.13404E-09 -1.81962E-09 -6.61609E-13 -4.56846E-13
  1.655E+02  9.84074E-01  2.14000E-09 -1.81643E-09 -6.39705E-13 -4.42316E-13
  1.660E+02  9.85148E-01  2.14576E-09 -1.81334E-09 -6.17786E-13 -4.27714E-13
  1.665E+02  9.86185E-01  2.15130E-09 -1.81034E-09 -5.95851E-13 -4.13045E-13
  1.670E+02  9.87185E-01  2.15665E-09 -1.80745E-09 -5.73902E-13 -3.98309E-13
  1.675E+02  9.88148E-01  2.16178E-09 -1.80465E-09 -5.51939E-13 -3.83511E-13
  1.680E+02  9.89074E-01  2.16671E-09 -1.80196E-09 -5.29962E-13 -3.68651E-13
  1.685E+02  9.89962E-01  2.17144E-09 -1.79936E-09 -5.07973E-13 -3.53732E-13
  1.690E+02  9.90814E-01  2.17596E-09 -1.79688E-09 -4.85972E-13 -3.38757E-13
  1.695E+02  9.91627E-01  2.18028E-09 -1.79449E-09 -4.63960E-13 -3.23728E-13
  1.700E+02  9.92404E-01  2.18440E-09 -1.79221E-09 -4.41936E-13 -3.08648E-13
  1.705E+02  9.93143E-01  2.18831E-09 -1.79004E-09 -4.19902E-13 -2.93519E-13
  1.710E+02  9.93844E-01  2.19202E-09 -1.78797E-09 -3.97859E-13 -2.78343E-13
  1.715E+02  9.94508E-01  2.19553E-09 -1.78601E-09 -3.75806E-13 -2.63123E-13
  1.720E+02  9.95134E-01  2.19883E-09 -1.78416E-09 -3.53744E-13 -2.47862E-13
  1.725E+02  9.95722E-01  2.20194E-09 -1.78241E-09 -3.31674E-13 -2.32561E-13
  1.730E+02  9.96273E-01  2.20484E-09 -1.78078E-09 -3.09597E-13 -2.17223E-13
  1.735E+02  9.96786E-01  2.20754E-09 -1.77926E-09 -2.87512E-13 -2.01851E-13
  1.740E+02  9.97261E-01  2.21004E-09 -1.77785E-09 -2.65421E-13 -1.86447E-13
  1.745E+02  9.97698E-01  2.21234E-09 -1.77654E-09 -2.43323E-13 -1.71014E-13
  1.750E+02  9.98097E-01  2.21444E-09 -1.77535E-09 -2.21221E-13 -1.55553E-13
  1.755E+02  9.98459E-01  2.21633E-09 -1.77428E-09 -1.99113E-13 -1.40068E-13
  1.760E+02  9.98782E-01  2.21803E-09 -1.77331E-09 -1.77000E-13 -1.24561E-13
  1.765E+02  9.99067E-01  2.21953E-09 -1.77246E-09 -1.54884E-13 -1.09034E-13
  1.770E+02  9.99315E-01  2.22083E-09 -1.77172E-09 -1.32764E-13 -9.34893E-14
  1.775E+02  9.99524E-01  2.22193E-09 -1.77109E-09 -1.10642E-13 -7.79303E-14
  1.780E+02  9.99695E-01  2.22282E-09 -1.77058E-09 -8.85162E-14 -6.23590E-14
  1.785E+02  9.99829E-01  2.22352E-09 -1.77018E-09 -6.63889E-14 -4.67779E-14
  1.790E+02  9.99924E-01  2.22402E-09 -1.76990E-09 -4.42601E-14 -3.11894E-14
  1.795E+02  9.99981E-01  2.22432E-09 -1.76972E-09 -2.21303E-14 -1.55959E-14
  1.800E+02  1.00000E+00  2.22442E-09 -1.76967E-09 -3.10565E-28 -2.18870E-28
