 #  Scattering amplitudes (in cm)      MU=(1-cos(TH))/2
 #  Z =   8,   projectile: electron
 #  Kinetic energy = 6.60000E+01 eV
 #
 # TH (deg)      MU          Re(F)        Im(F)        Re(G)        Im(G)
 #--------------------------------------------------------------------------
  0.000E+00  0.00000E+00  8.43565E-09  1.09493E-08  0.00000E+00  0.00000E+00
  1.000E-04  7.61557E-13  8.43565E-09  1.09493E-08 -3.33018E-18 -3.22764E-18
  1.250E-04  1.18994E-12  8.43565E-09  1.09493E-08 -4.16272E-18 -4.03455E-18
  1.500E-04  1.71346E-12  8.43565E-09  1.09493E-08 -4.99526E-18 -4.84146E-18
  1.750E-04  2.33225E-12  8.43565E-09  1.09493E-08 -5.82781E-18 -5.64837E-18
  2.000E-04  3.04617E-12  8.43565E-09  1.09493E-08 -6.66035E-18 -6.45528E-18
  2.250E-04  3.85530E-12  8.43565E-09  1.09493E-08 -7.49290E-18 -7.26219E-18
  2.500E-04  4.75964E-12  8.43565E-09  1.09493E-08 -8.32544E-18 -8.06910E-18
  2.750E-04  5.75917E-12  8.43565E-09  1.09493E-08 -9.15799E-18 -8.87601E-18
  3.000E-04  6.85391E-12  8.43565E-09  1.09493E-08 -9.99053E-18 -9.68292E-18
  3.250E-04  8.04379E-12  8.43565E-09  1.09493E-08 -1.08231E-17 -1.04898E-17
  3.500E-04  9.32893E-12  8.43565E-09  1.09493E-08 -1.16556E-17 -1.12967E-17
  3.750E-04  1.07092E-11  8.43565E-09  1.09493E-08 -1.24882E-17 -1.21037E-17
  4.000E-04  1.21847E-11  8.43565E-09  1.09493E-08 -1.33207E-17 -1.29106E-17
  4.250E-04  1.37554E-11  8.43565E-09  1.09493E-08 -1.41532E-17 -1.37175E-17
  4.500E-04  1.54213E-11  8.43565E-09  1.09493E-08 -1.49858E-17 -1.45244E-17
  4.750E-04  1.71823E-11  8.43565E-09  1.09493E-08 -1.58183E-17 -1.53313E-17
  5.000E-04  1.90386E-11  8.43565E-09  1.09493E-08 -1.66509E-17 -1.61382E-17
  5.250E-04  2.09900E-11  8.43565E-09  1.09493E-08 -1.74834E-17 -1.69451E-17
  5.500E-04  2.30367E-11  8.43565E-09  1.09493E-08 -1.83160E-17 -1.77520E-17
  5.750E-04  2.51785E-11  8.43565E-09  1.09493E-08 -1.91485E-17 -1.85589E-17
  6.000E-04  2.74156E-11  8.43565E-09  1.09493E-08 -1.99811E-17 -1.93658E-17
  6.250E-04  2.97478E-11  8.43565E-09  1.09493E-08 -2.08136E-17 -2.01728E-17
  6.500E-04  3.21752E-11  8.43565E-09  1.09493E-08 -2.16461E-17 -2.09797E-17
  6.750E-04  3.46979E-11  8.43565E-09  1.09493E-08 -2.24787E-17 -2.17866E-17
  7.000E-04  3.73157E-11  8.43565E-09  1.09493E-08 -2.33112E-17 -2.25935E-17
  7.250E-04  4.00286E-11  8.43565E-09  1.09493E-08 -2.41438E-17 -2.34004E-17
  7.500E-04  4.28368E-11  8.43565E-09  1.09493E-08 -2.49763E-17 -2.42073E-17
  7.750E-04  4.57402E-11  8.43565E-09  1.09493E-08 -2.58089E-17 -2.50142E-17
  8.000E-04  4.87388E-11  8.43565E-09  1.09493E-08 -2.66414E-17 -2.58211E-17
  8.250E-04  5.18325E-11  8.43565E-09  1.09493E-08 -2.74740E-17 -2.66280E-17
  8.500E-04  5.50215E-11  8.43565E-09  1.09493E-08 -2.83065E-17 -2.74350E-17
  8.750E-04  5.83057E-11  8.43565E-09  1.09493E-08 -2.91390E-17 -2.82419E-17
  9.000E-04  6.16850E-11  8.43565E-09  1.09493E-08 -2.99716E-17 -2.90488E-17
  9.250E-04  6.51595E-11  8.43565E-09  1.09493E-08 -3.08041E-17 -2.98557E-17
  9.500E-04  6.87293E-11  8.43565E-09  1.09493E-08 -3.16367E-17 -3.06626E-17
  9.750E-04  7.23943E-11  8.43565E-09  1.09493E-08 -3.24692E-17 -3.14695E-17
  1.000E-03  7.61544E-11  8.43565E-09  1.09493E-08 -3.33018E-17 -3.22764E-17
  1.250E-03  1.18991E-10  8.43565E-09  1.09493E-08 -4.16272E-17 -4.03455E-17
  1.500E-03  1.71347E-10  8.43565E-09  1.09493E-08 -4.99526E-17 -4.84146E-17
  1.750E-03  2.33223E-10  8.43565E-09  1.09493E-08 -5.82781E-17 -5.64837E-17
  2.000E-03  3.04617E-10  8.43565E-09  1.09493E-08 -6.66035E-17 -6.45528E-17
  2.250E-03  3.85531E-10  8.43565E-09  1.09493E-08 -7.49290E-17 -7.26219E-17
  2.500E-03  4.75965E-10  8.43565E-09  1.09493E-08 -8.32544E-17 -8.06910E-17
  2.750E-03  5.75917E-10  8.43565E-09  1.09493E-08 -9.15799E-17 -8.87601E-17
  3.000E-03  6.85389E-10  8.43565E-09  1.09493E-08 -9.99053E-17 -9.68292E-17
  3.250E-03  8.04380E-10  8.43565E-09  1.09493E-08 -1.08231E-16 -1.04898E-16
  3.500E-03  9.32891E-10  8.43565E-09  1.09493E-08 -1.16556E-16 -1.12967E-16
  3.750E-03  1.07092E-09  8.43565E-09  1.09493E-08 -1.24882E-16 -1.21037E-16
  4.000E-03  1.21847E-09  8.43565E-09  1.09493E-08 -1.33207E-16 -1.29106E-16
  4.250E-03  1.37554E-09  8.43565E-09  1.09493E-08 -1.41532E-16 -1.37175E-16
  4.500E-03  1.54213E-09  8.43565E-09  1.09493E-08 -1.49858E-16 -1.45244E-16
  4.750E-03  1.71823E-09  8.43565E-09  1.09493E-08 -1.58183E-16 -1.53313E-16
  5.000E-03  1.90386E-09  8.43565E-09  1.09493E-08 -1.66509E-16 -1.61382E-16
  5.250E-03  2.09900E-09  8.43565E-09  1.09493E-08 -1.74834E-16 -1.69451E-16
  5.500E-03  2.30367E-09  8.43565E-09  1.09493E-08 -1.83160E-16 -1.77520E-16
  5.750E-03  2.51785E-09  8.43565E-09  1.09493E-08 -1.91485E-16 -1.85589E-16
  6.000E-03  2.74156E-09  8.43565E-09  1.09493E-08 -1.99811E-16 -1.93658E-16
  6.250E-03  2.97478E-09  8.43565E-09  1.09493E-08 -2.08136E-16 -2.01728E-16
  6.500E-03  3.21752E-09  8.43565E-09  1.09493E-08 -2.16461E-16 -2.09797E-16
  6.750E-03  3.46978E-09  8.43565E-09  1.09493E-08 -2.24787E-16 -2.17866E-16
  7.000E-03  3.73156E-09  8.43565E-09  1.09493E-08 -2.33112E-16 -2.25935E-16
  7.250E-03  4.00286E-09  8.43565E-09  1.09493E-08 -2.41438E-16 -2.34004E-16
  7.500E-03  4.28368E-09  8.43565E-09  1.09493E-08 -2.49763E-16 -2.42073E-16
  7.750E-03  4.57402E-09  8.43565E-09  1.09493E-08 -2.58089E-16 -2.50142E-16
  8.000E-03  4.87388E-09  8.43565E-09  1.09493E-08 -2.66414E-16 -2.58211E-16
  8.250E-03  5.18326E-09  8.43565E-09  1.09493E-08 -2.74740E-16 -2.66280E-16
  8.500E-03  5.50215E-09  8.43565E-09  1.09493E-08 -2.83065E-16 -2.74350E-16
  8.750E-03  5.83057E-09  8.43565E-09  1.09493E-08 -2.91390E-16 -2.82419E-16
  9.000E-03  6.16850E-09  8.43565E-09  1.09493E-08 -2.99716E-16 -2.90488E-16
  9.250E-03  6.51596E-09  8.43565E-09  1.09493E-08 -3.08041E-16 -2.98557E-16
  9.500E-03  6.87293E-09  8.43565E-09  1.09493E-08 -3.16367E-16 -3.06626E-16
  9.750E-03  7.23942E-09  8.43565E-09  1.09493E-08 -3.24692E-16 -3.14695E-16
  1.000E-02  7.61544E-09  8.43565E-09  1.09493E-08 -3.33018E-16 -3.22764E-16
  1.250E-02  1.18991E-08  8.43565E-09  1.09493E-08 -4.16272E-16 -4.03455E-16
  1.500E-02  1.71347E-08  8.43565E-09  1.09493E-08 -4.99527E-16 -4.84146E-16
  1.750E-02  2.33223E-08  8.43565E-09  1.09493E-08 -5.82781E-16 -5.64837E-16
  2.000E-02  3.04617E-08  8.43565E-09  1.09493E-08 -6.66035E-16 -6.45528E-16
  2.250E-02  3.85531E-08  8.43565E-09  1.09493E-08 -7.49290E-16 -7.26219E-16
  2.500E-02  4.75965E-08  8.43565E-09  1.09493E-08 -8.32544E-16 -8.06910E-16
  2.750E-02  5.75917E-08  8.43564E-09  1.09493E-08 -9.15799E-16 -8.87601E-16
  3.000E-02  6.85389E-08  8.43564E-09  1.09493E-08 -9.99053E-16 -9.68293E-16
  3.250E-02  8.04380E-08  8.43564E-09  1.09493E-08 -1.08231E-15 -1.04898E-15
  3.500E-02  9.32891E-08  8.43564E-09  1.09493E-08 -1.16556E-15 -1.12967E-15
  3.750E-02  1.07092E-07  8.43564E-09  1.09493E-08 -1.24882E-15 -1.21037E-15
  4.000E-02  1.21847E-07  8.43564E-09  1.09493E-08 -1.33207E-15 -1.29106E-15
  4.250E-02  1.37554E-07  8.43564E-09  1.09493E-08 -1.41533E-15 -1.37175E-15
  4.500E-02  1.54213E-07  8.43563E-09  1.09493E-08 -1.49858E-15 -1.45244E-15
  4.750E-02  1.71823E-07  8.43563E-09  1.09493E-08 -1.58183E-15 -1.53313E-15
  5.000E-02  1.90386E-07  8.43563E-09  1.09493E-08 -1.66509E-15 -1.61382E-15
  5.250E-02  2.09900E-07  8.43563E-09  1.09493E-08 -1.74834E-15 -1.69451E-15
  5.500E-02  2.30367E-07  8.43563E-09  1.09493E-08 -1.83160E-15 -1.77520E-15
  5.750E-02  2.51785E-07  8.43562E-09  1.09493E-08 -1.91485E-15 -1.85589E-15
  6.000E-02  2.74156E-07  8.43562E-09  1.09493E-08 -1.99811E-15 -1.93659E-15
  6.250E-02  2.97478E-07  8.43562E-09  1.09493E-08 -2.08136E-15 -2.01728E-15
  6.500E-02  3.21752E-07  8.43562E-09  1.09493E-08 -2.16462E-15 -2.09797E-15
  6.750E-02  3.46978E-07  8.43561E-09  1.09493E-08 -2.24787E-15 -2.17866E-15
  7.000E-02  3.73156E-07  8.43561E-09  1.09493E-08 -2.33113E-15 -2.25935E-15
  7.250E-02  4.00286E-07  8.43561E-09  1.09493E-08 -2.41438E-15 -2.34004E-15
  7.500E-02  4.28368E-07  8.43560E-09  1.09493E-08 -2.49764E-15 -2.42073E-15
  7.750E-02  4.57402E-07  8.43560E-09  1.09493E-08 -2.58089E-15 -2.50142E-15
  8.000E-02  4.87388E-07  8.43560E-09  1.09493E-08 -2.66415E-15 -2.58211E-15
  8.250E-02  5.18325E-07  8.43559E-09  1.09493E-08 -2.74740E-15 -2.66281E-15
  8.500E-02  5.50215E-07  8.43559E-09  1.09493E-08 -2.83066E-15 -2.74350E-15
  8.750E-02  5.83057E-07  8.43559E-09  1.09493E-08 -2.91391E-15 -2.82419E-15
  9.000E-02  6.16850E-07  8.43558E-09  1.09493E-08 -2.99717E-15 -2.90488E-15
  9.250E-02  6.51596E-07  8.43558E-09  1.09493E-08 -3.08042E-15 -2.98557E-15
  9.500E-02  6.87293E-07  8.43558E-09  1.09493E-08 -3.16368E-15 -3.06626E-15
  9.750E-02  7.23942E-07  8.43557E-09  1.09493E-08 -3.24693E-15 -3.14695E-15
  1.000E-01  7.61543E-07  8.43557E-09  1.09493E-08 -3.33019E-15 -3.22764E-15
  1.250E-01  1.18991E-06  8.43552E-09  1.09493E-08 -4.16274E-15 -4.03456E-15
  1.500E-01  1.71347E-06  8.43546E-09  1.09493E-08 -4.99530E-15 -4.84147E-15
  1.750E-01  2.33223E-06  8.43540E-09  1.09492E-08 -5.82786E-15 -5.64839E-15
  2.000E-01  3.04617E-06  8.43532E-09  1.09492E-08 -6.66044E-15 -6.45531E-15
  2.250E-01  3.85531E-06  8.43523E-09  1.09492E-08 -7.49302E-15 -7.26223E-15
  2.500E-01  4.75964E-06  8.43513E-09  1.09491E-08 -8.32560E-15 -8.06915E-15
  2.750E-01  5.75916E-06  8.43502E-09  1.09491E-08 -9.15820E-15 -8.87607E-15
  3.000E-01  6.85388E-06  8.43490E-09  1.09491E-08 -9.99081E-15 -9.68300E-15
  3.250E-01  8.04378E-06  8.43477E-09  1.09490E-08 -1.08234E-14 -1.04899E-14
  3.500E-01  9.32888E-06  8.43463E-09  1.09490E-08 -1.16561E-14 -1.12969E-14
  3.750E-01  1.07092E-05  8.43448E-09  1.09489E-08 -1.24887E-14 -1.21038E-14
  4.000E-01  1.21846E-05  8.43432E-09  1.09489E-08 -1.33214E-14 -1.29107E-14
  4.250E-01  1.37553E-05  8.43415E-09  1.09488E-08 -1.41541E-14 -1.37177E-14
  4.500E-01  1.54212E-05  8.43397E-09  1.09487E-08 -1.49867E-14 -1.45246E-14
  4.750E-01  1.71822E-05  8.43378E-09  1.09487E-08 -1.58195E-14 -1.53316E-14
  5.000E-01  1.90385E-05  8.43357E-09  1.09486E-08 -1.66522E-14 -1.61386E-14
  5.250E-01  2.09899E-05  8.43336E-09  1.09485E-08 -1.74849E-14 -1.69455E-14
  5.500E-01  2.30365E-05  8.43314E-09  1.09484E-08 -1.83177E-14 -1.77525E-14
  5.750E-01  2.51783E-05  8.43290E-09  1.09484E-08 -1.91505E-14 -1.85595E-14
  6.000E-01  2.74153E-05  8.43266E-09  1.09483E-08 -1.99833E-14 -1.93665E-14
  6.250E-01  2.97475E-05  8.43241E-09  1.09482E-08 -2.08161E-14 -2.01735E-14
  6.500E-01  3.21749E-05  8.43214E-09  1.09481E-08 -2.16490E-14 -2.09805E-14
  6.750E-01  3.46974E-05  8.43187E-09  1.09480E-08 -2.24819E-14 -2.17875E-14
  7.000E-01  3.73152E-05  8.43158E-09  1.09479E-08 -2.33148E-14 -2.25945E-14
  7.250E-01  4.00281E-05  8.43129E-09  1.09478E-08 -2.41478E-14 -2.34015E-14
  7.500E-01  4.28362E-05  8.43098E-09  1.09477E-08 -2.49807E-14 -2.42085E-14
  7.750E-01  4.57395E-05  8.43066E-09  1.09476E-08 -2.58137E-14 -2.50155E-14
  8.000E-01  4.87380E-05  8.43034E-09  1.09475E-08 -2.66468E-14 -2.58226E-14
  8.250E-01  5.18317E-05  8.43000E-09  1.09473E-08 -2.74798E-14 -2.66296E-14
  8.500E-01  5.50205E-05  8.42965E-09  1.09472E-08 -2.83129E-14 -2.74367E-14
  8.750E-01  5.83045E-05  8.42929E-09  1.09471E-08 -2.91460E-14 -2.82438E-14
  9.000E-01  6.16838E-05  8.42893E-09  1.09470E-08 -2.99792E-14 -2.90509E-14
  9.250E-01  6.51582E-05  8.42855E-09  1.09468E-08 -3.08124E-14 -2.98579E-14
  9.500E-01  6.87277E-05  8.42816E-09  1.09467E-08 -3.16456E-14 -3.06650E-14
  9.750E-01  7.23925E-05  8.42776E-09  1.09466E-08 -3.24789E-14 -3.14721E-14
  1.000E+00  7.61524E-05  8.42735E-09  1.09464E-08 -3.33122E-14 -3.22793E-14
  1.100E+00  9.21439E-05  8.42561E-09  1.09458E-08 -3.66458E-14 -3.55078E-14
  1.200E+00  1.09658E-04  8.42370E-09  1.09451E-08 -3.99801E-14 -3.87366E-14
  1.300E+00  1.28695E-04  8.42162E-09  1.09444E-08 -4.33152E-14 -4.19656E-14
  1.400E+00  1.49255E-04  8.41938E-09  1.09436E-08 -4.66511E-14 -4.51948E-14
  1.500E+00  1.71338E-04  8.41698E-09  1.09428E-08 -4.99878E-14 -4.84242E-14
  1.600E+00  1.94942E-04  8.41441E-09  1.09419E-08 -5.33255E-14 -5.16539E-14
  1.700E+00  2.20070E-04  8.41168E-09  1.09409E-08 -5.66642E-14 -5.48839E-14
  1.800E+00  2.46720E-04  8.40878E-09  1.09399E-08 -6.00039E-14 -5.81142E-14
  1.900E+00  2.74892E-04  8.40571E-09  1.09388E-08 -6.33448E-14 -6.13447E-14
  2.000E+00  3.04586E-04  8.40248E-09  1.09377E-08 -6.66869E-14 -6.45756E-14
  2.100E+00  3.35803E-04  8.39909E-09  1.09365E-08 -7.00301E-14 -6.78068E-14
  2.200E+00  3.68542E-04  8.39553E-09  1.09352E-08 -7.33747E-14 -7.10384E-14
  2.300E+00  4.02802E-04  8.39181E-09  1.09339E-08 -7.67207E-14 -7.42704E-14
  2.400E+00  4.38585E-04  8.38792E-09  1.09325E-08 -8.00681E-14 -7.75028E-14
  2.500E+00  4.75889E-04  8.38387E-09  1.09311E-08 -8.34170E-14 -8.07355E-14
  2.600E+00  5.14715E-04  8.37966E-09  1.09296E-08 -8.67674E-14 -8.39687E-14
  2.700E+00  5.55063E-04  8.37528E-09  1.09281E-08 -9.01195E-14 -8.72024E-14
  2.800E+00  5.96931E-04  8.37074E-09  1.09265E-08 -9.34732E-14 -9.04364E-14
  2.900E+00  6.40321E-04  8.36604E-09  1.09248E-08 -9.68287E-14 -9.36710E-14
  3.000E+00  6.85233E-04  8.36117E-09  1.09231E-08 -1.00186E-13 -9.69061E-14
  3.100E+00  7.31665E-04  8.35614E-09  1.09213E-08 -1.03545E-13 -1.00142E-13
  3.200E+00  7.79618E-04  8.35095E-09  1.09195E-08 -1.06906E-13 -1.03378E-13
  3.300E+00  8.29092E-04  8.34560E-09  1.09176E-08 -1.10269E-13 -1.06614E-13
  3.400E+00  8.80086E-04  8.34008E-09  1.09157E-08 -1.13634E-13 -1.09852E-13
  3.500E+00  9.32601E-04  8.33441E-09  1.09137E-08 -1.17001E-13 -1.13089E-13
  3.600E+00  9.86636E-04  8.32857E-09  1.09116E-08 -1.20370E-13 -1.16328E-13
  3.700E+00  1.04219E-03  8.32257E-09  1.09095E-08 -1.23742E-13 -1.19567E-13
  3.800E+00  1.09927E-03  8.31641E-09  1.09073E-08 -1.27116E-13 -1.22806E-13
  3.900E+00  1.15786E-03  8.31009E-09  1.09050E-08 -1.30492E-13 -1.26047E-13
  4.000E+00  1.21797E-03  8.30361E-09  1.09027E-08 -1.33870E-13 -1.29288E-13
  4.100E+00  1.27961E-03  8.29697E-09  1.09004E-08 -1.37251E-13 -1.32529E-13
  4.200E+00  1.34276E-03  8.29017E-09  1.08980E-08 -1.40635E-13 -1.35771E-13
  4.300E+00  1.40743E-03  8.28321E-09  1.08955E-08 -1.44021E-13 -1.39014E-13
  4.400E+00  1.47362E-03  8.27609E-09  1.08930E-08 -1.47409E-13 -1.42258E-13
  4.500E+00  1.54133E-03  8.26882E-09  1.08904E-08 -1.50801E-13 -1.45503E-13
  4.600E+00  1.61056E-03  8.26138E-09  1.08878E-08 -1.54195E-13 -1.48748E-13
  4.700E+00  1.68131E-03  8.25379E-09  1.08851E-08 -1.57591E-13 -1.51994E-13
  4.800E+00  1.75357E-03  8.24604E-09  1.08823E-08 -1.60991E-13 -1.55241E-13
  4.900E+00  1.82735E-03  8.23814E-09  1.08795E-08 -1.64394E-13 -1.58488E-13
  5.000E+00  1.90265E-03  8.23007E-09  1.08766E-08 -1.67799E-13 -1.61737E-13
  5.100E+00  1.97947E-03  8.22185E-09  1.08737E-08 -1.71208E-13 -1.64986E-13
  5.200E+00  2.05780E-03  8.21348E-09  1.08707E-08 -1.74619E-13 -1.68236E-13
  5.300E+00  2.13765E-03  8.20495E-09  1.08677E-08 -1.78034E-13 -1.71487E-13
  5.400E+00  2.21902E-03  8.19626E-09  1.08646E-08 -1.81452E-13 -1.74739E-13
  5.500E+00  2.30190E-03  8.18742E-09  1.08614E-08 -1.84873E-13 -1.77992E-13
  5.600E+00  2.38630E-03  8.17842E-09  1.08582E-08 -1.88298E-13 -1.81246E-13
  5.700E+00  2.47222E-03  8.16927E-09  1.08549E-08 -1.91726E-13 -1.84501E-13
  5.800E+00  2.55965E-03  8.15997E-09  1.08516E-08 -1.95157E-13 -1.87756E-13
  5.900E+00  2.64859E-03  8.15051E-09  1.08482E-08 -1.98592E-13 -1.91013E-13
  6.000E+00  2.73905E-03  8.14090E-09  1.08447E-08 -2.02030E-13 -1.94270E-13
  6.100E+00  2.83103E-03  8.13114E-09  1.08412E-08 -2.05472E-13 -1.97529E-13
  6.200E+00  2.92452E-03  8.12123E-09  1.08377E-08 -2.08917E-13 -2.00789E-13
  6.300E+00  3.01952E-03  8.11116E-09  1.08341E-08 -2.12366E-13 -2.04049E-13
  6.400E+00  3.11604E-03  8.10095E-09  1.08304E-08 -2.15819E-13 -2.07311E-13
  6.500E+00  3.21407E-03  8.09058E-09  1.08267E-08 -2.19276E-13 -2.10574E-13
  6.600E+00  3.31362E-03  8.08007E-09  1.08229E-08 -2.22736E-13 -2.13838E-13
  6.700E+00  3.41468E-03  8.06940E-09  1.08190E-08 -2.26201E-13 -2.17103E-13
  6.800E+00  3.51725E-03  8.05859E-09  1.08151E-08 -2.29669E-13 -2.20369E-13
  6.900E+00  3.62133E-03  8.04762E-09  1.08112E-08 -2.33141E-13 -2.23636E-13
  7.000E+00  3.72692E-03  8.03651E-09  1.08072E-08 -2.36618E-13 -2.26905E-13
  7.100E+00  3.83403E-03  8.02526E-09  1.08031E-08 -2.40098E-13 -2.30174E-13
  7.200E+00  3.94265E-03  8.01385E-09  1.07990E-08 -2.43583E-13 -2.33445E-13
  7.300E+00  4.05278E-03  8.00230E-09  1.07948E-08 -2.47071E-13 -2.36717E-13
  7.400E+00  4.16442E-03  7.99060E-09  1.07905E-08 -2.50564E-13 -2.39990E-13
  7.500E+00  4.27757E-03  7.97876E-09  1.07862E-08 -2.54061E-13 -2.43264E-13
  7.600E+00  4.39223E-03  7.96677E-09  1.07819E-08 -2.57563E-13 -2.46540E-13
  7.700E+00  4.50840E-03  7.95464E-09  1.07775E-08 -2.61069E-13 -2.49817E-13
  7.800E+00  4.62608E-03  7.94237E-09  1.07730E-08 -2.64579E-13 -2.53095E-13
  7.900E+00  4.74527E-03  7.92995E-09  1.07685E-08 -2.68094E-13 -2.56375E-13
  8.000E+00  4.86597E-03  7.91739E-09  1.07639E-08 -2.71614E-13 -2.59655E-13
  8.100E+00  4.98817E-03  7.90469E-09  1.07593E-08 -2.75138E-13 -2.62937E-13
  8.200E+00  5.11188E-03  7.89184E-09  1.07546E-08 -2.78666E-13 -2.66221E-13
  8.300E+00  5.23711E-03  7.87886E-09  1.07499E-08 -2.82200E-13 -2.69506E-13
  8.400E+00  5.36383E-03  7.86573E-09  1.07451E-08 -2.85738E-13 -2.72792E-13
  8.500E+00  5.49207E-03  7.85247E-09  1.07402E-08 -2.89280E-13 -2.76079E-13
  8.600E+00  5.62181E-03  7.83906E-09  1.07353E-08 -2.92828E-13 -2.79368E-13
  8.700E+00  5.75306E-03  7.82552E-09  1.07303E-08 -2.96380E-13 -2.82659E-13
  8.800E+00  5.88581E-03  7.81184E-09  1.07253E-08 -2.99937E-13 -2.85950E-13
  8.900E+00  6.02007E-03  7.79802E-09  1.07202E-08 -3.03500E-13 -2.89244E-13
  9.000E+00  6.15583E-03  7.78407E-09  1.07151E-08 -3.07067E-13 -2.92538E-13
  9.100E+00  6.29310E-03  7.76998E-09  1.07099E-08 -3.10639E-13 -2.95834E-13
  9.200E+00  6.43187E-03  7.75575E-09  1.07046E-08 -3.14216E-13 -2.99132E-13
  9.300E+00  6.57214E-03  7.74139E-09  1.06993E-08 -3.17799E-13 -3.02431E-13
  9.400E+00  6.71392E-03  7.72690E-09  1.06940E-08 -3.21386E-13 -3.05732E-13
  9.500E+00  6.85720E-03  7.71227E-09  1.06886E-08 -3.24979E-13 -3.09034E-13
  9.600E+00  7.00198E-03  7.69751E-09  1.06831E-08 -3.28577E-13 -3.12338E-13
  9.700E+00  7.14827E-03  7.68262E-09  1.06776E-08 -3.32180E-13 -3.15643E-13
  9.800E+00  7.29605E-03  7.66759E-09  1.06720E-08 -3.35789E-13 -3.18950E-13
  9.900E+00  7.44534E-03  7.65244E-09  1.06664E-08 -3.39403E-13 -3.22258E-13
  1.000E+01  7.59612E-03  7.63715E-09  1.06607E-08 -3.43022E-13 -3.25568E-13
  1.025E+01  7.97965E-03  7.59837E-09  1.06462E-08 -3.52094E-13 -3.33850E-13
  1.050E+01  8.37255E-03  7.55879E-09  1.06314E-08 -3.61201E-13 -3.42143E-13
  1.075E+01  8.77480E-03  7.51843E-09  1.06163E-08 -3.70342E-13 -3.50446E-13
  1.100E+01  9.18641E-03  7.47728E-09  1.06008E-08 -3.79520E-13 -3.58760E-13
  1.125E+01  9.60736E-03  7.43538E-09  1.05850E-08 -3.88734E-13 -3.67085E-13
  1.150E+01  1.00376E-02  7.39271E-09  1.05689E-08 -3.97984E-13 -3.75421E-13
  1.175E+01  1.04773E-02  7.34930E-09  1.05524E-08 -4.07272E-13 -3.83768E-13
  1.200E+01  1.09262E-02  7.30516E-09  1.05356E-08 -4.16598E-13 -3.92128E-13
  1.225E+01  1.13844E-02  7.26030E-09  1.05184E-08 -4.25961E-13 -4.00499E-13
  1.250E+01  1.18520E-02  7.21473E-09  1.05009E-08 -4.35364E-13 -4.08882E-13
  1.275E+01  1.23288E-02  7.16847E-09  1.04831E-08 -4.44806E-13 -4.17277E-13
  1.300E+01  1.28150E-02  7.12152E-09  1.04650E-08 -4.54287E-13 -4.25685E-13
  1.325E+01  1.33104E-02  7.07390E-09  1.04465E-08 -4.63808E-13 -4.34105E-13
  1.350E+01  1.38150E-02  7.02562E-09  1.04277E-08 -4.73370E-13 -4.42539E-13
  1.375E+01  1.43290E-02  6.97669E-09  1.04086E-08 -4.82972E-13 -4.50985E-13
  1.400E+01  1.48521E-02  6.92712E-09  1.03891E-08 -4.92616E-13 -4.59444E-13
  1.425E+01  1.53845E-02  6.87693E-09  1.03693E-08 -5.02301E-13 -4.67917E-13
  1.450E+01  1.59262E-02  6.82614E-09  1.03492E-08 -5.12028E-13 -4.76404E-13
  1.475E+01  1.64770E-02  6.77474E-09  1.03288E-08 -5.21796E-13 -4.84904E-13
  1.500E+01  1.70371E-02  6.72276E-09  1.03081E-08 -5.31608E-13 -4.93419E-13
  1.525E+01  1.76063E-02  6.67021E-09  1.02871E-08 -5.41461E-13 -5.01947E-13
  1.550E+01  1.81848E-02  6.61710E-09  1.02657E-08 -5.51358E-13 -5.10490E-13
  1.575E+01  1.87724E-02  6.56344E-09  1.02440E-08 -5.61297E-13 -5.19047E-13
  1.600E+01  1.93692E-02  6.50925E-09  1.02220E-08 -5.71280E-13 -5.27619E-13
  1.625E+01  1.99751E-02  6.45455E-09  1.01997E-08 -5.81306E-13 -5.36206E-13
  1.650E+01  2.05901E-02  6.39933E-09  1.01771E-08 -5.91376E-13 -5.44807E-13
  1.675E+01  2.12143E-02  6.34362E-09  1.01542E-08 -6.01489E-13 -5.53424E-13
  1.700E+01  2.18476E-02  6.28743E-09  1.01310E-08 -6.11647E-13 -5.62056E-13
  1.725E+01  2.24900E-02  6.23077E-09  1.01075E-08 -6.21848E-13 -5.70704E-13
  1.750E+01  2.31415E-02  6.17366E-09  1.00837E-08 -6.32093E-13 -5.79367E-13
  1.775E+01  2.38021E-02  6.11611E-09  1.00596E-08 -6.42383E-13 -5.88046E-13
  1.800E+01  2.44717E-02  6.05813E-09  1.00352E-08 -6.52716E-13 -5.96741E-13
  1.825E+01  2.51504E-02  5.99973E-09  1.00104E-08 -6.63094E-13 -6.05451E-13
  1.850E+01  2.58382E-02  5.94094E-09  9.98544E-09 -6.73517E-13 -6.14178E-13
  1.875E+01  2.65349E-02  5.88175E-09  9.96014E-09 -6.83983E-13 -6.22922E-13
  1.900E+01  2.72407E-02  5.82219E-09  9.93455E-09 -6.94494E-13 -6.31681E-13
  1.925E+01  2.79555E-02  5.76227E-09  9.90867E-09 -7.05048E-13 -6.40457E-13
  1.950E+01  2.86793E-02  5.70200E-09  9.88251E-09 -7.15647E-13 -6.49250E-13
  1.975E+01  2.94120E-02  5.64140E-09  9.85606E-09 -7.26290E-13 -6.58060E-13
  2.000E+01  3.01537E-02  5.58047E-09  9.82932E-09 -7.36977E-13 -6.66886E-13
  2.025E+01  3.09043E-02  5.51923E-09  9.80231E-09 -7.47708E-13 -6.75730E-13
  2.050E+01  3.16639E-02  5.45770E-09  9.77501E-09 -7.58483E-13 -6.84590E-13
  2.075E+01  3.24324E-02  5.39588E-09  9.74744E-09 -7.69301E-13 -6.93468E-13
  2.100E+01  3.32098E-02  5.33379E-09  9.71959E-09 -7.80163E-13 -7.02363E-13
  2.125E+01  3.39961E-02  5.27144E-09  9.69147E-09 -7.91068E-13 -7.11276E-13
  2.150E+01  3.47912E-02  5.20885E-09  9.66308E-09 -8.02016E-13 -7.20206E-13
  2.175E+01  3.55952E-02  5.14603E-09  9.63442E-09 -8.13007E-13 -7.29153E-13
  2.200E+01  3.64081E-02  5.08298E-09  9.60549E-09 -8.24041E-13 -7.38118E-13
  2.225E+01  3.72297E-02  5.01973E-09  9.57630E-09 -8.35117E-13 -7.47101E-13
  2.250E+01  3.80602E-02  4.95629E-09  9.54684E-09 -8.46236E-13 -7.56102E-13
  2.275E+01  3.88995E-02  4.89266E-09  9.51712E-09 -8.57397E-13 -7.65121E-13
  2.300E+01  3.97476E-02  4.82886E-09  9.48714E-09 -8.68599E-13 -7.74158E-13
  2.325E+01  4.06044E-02  4.76491E-09  9.45691E-09 -8.79842E-13 -7.83213E-13
  2.350E+01  4.14700E-02  4.70081E-09  9.42642E-09 -8.91127E-13 -7.92286E-13
  2.375E+01  4.23443E-02  4.63657E-09  9.39568E-09 -9.02453E-13 -8.01377E-13
  2.400E+01  4.32273E-02  4.57222E-09  9.36469E-09 -9.13819E-13 -8.10486E-13
  2.425E+01  4.41190E-02  4.50775E-09  9.33345E-09 -9.25225E-13 -8.19614E-13
  2.450E+01  4.50194E-02  4.44319E-09  9.30196E-09 -9.36671E-13 -8.28759E-13
  2.475E+01  4.59284E-02  4.37854E-09  9.27023E-09 -9.48156E-13 -8.37924E-13
  2.500E+01  4.68461E-02  4.31382E-09  9.23825E-09 -9.59680E-13 -8.47106E-13
  2.550E+01  4.87074E-02  4.18420E-09  9.17359E-09 -9.82844E-13 -8.65527E-13
  2.600E+01  5.06030E-02  4.05442E-09  9.10799E-09 -1.00616E-12 -8.84022E-13
  2.650E+01  5.25328E-02  3.92457E-09  9.04146E-09 -1.02962E-12 -9.02590E-13
  2.700E+01  5.44967E-02  3.79474E-09  8.97404E-09 -1.05323E-12 -9.21234E-13
  2.750E+01  5.64946E-02  3.66501E-09  8.90572E-09 -1.07697E-12 -9.39951E-13
  2.800E+01  5.85262E-02  3.53547E-09  8.83654E-09 -1.10086E-12 -9.58742E-13
  2.850E+01  6.05914E-02  3.40620E-09  8.76651E-09 -1.12487E-12 -9.77608E-13
  2.900E+01  6.26901E-02  3.27727E-09  8.69565E-09 -1.14901E-12 -9.96548E-13
  2.950E+01  6.48222E-02  3.14877E-09  8.62398E-09 -1.17327E-12 -1.01556E-12
  3.000E+01  6.69873E-02  3.02078E-09  8.55152E-09 -1.19766E-12 -1.03465E-12
  3.050E+01  6.91854E-02  2.89335E-09  8.47828E-09 -1.22215E-12 -1.05381E-12
  3.100E+01  7.14163E-02  2.76658E-09  8.40429E-09 -1.24675E-12 -1.07304E-12
  3.150E+01  7.36799E-02  2.64052E-09  8.32957E-09 -1.27146E-12 -1.09235E-12
  3.200E+01  7.59760E-02  2.51524E-09  8.25414E-09 -1.29627E-12 -1.11172E-12
  3.250E+01  7.83043E-02  2.39081E-09  8.17801E-09 -1.32117E-12 -1.13117E-12
  3.300E+01  8.06647E-02  2.26729E-09  8.10121E-09 -1.34615E-12 -1.15069E-12
  3.350E+01  8.30571E-02  2.14474E-09  8.02375E-09 -1.37122E-12 -1.17028E-12
  3.400E+01  8.54812E-02  2.02322E-09  7.94565E-09 -1.39637E-12 -1.18993E-12
  3.450E+01  8.79369E-02  1.90279E-09  7.86694E-09 -1.42159E-12 -1.20966E-12
  3.500E+01  9.04240E-02  1.78350E-09  7.78764E-09 -1.44687E-12 -1.22945E-12
  3.550E+01  9.29422E-02  1.66540E-09  7.70776E-09 -1.47222E-12 -1.24930E-12
  3.600E+01  9.54915E-02  1.54855E-09  7.62733E-09 -1.49761E-12 -1.26922E-12
  3.650E+01  9.80716E-02  1.43299E-09  7.54636E-09 -1.52306E-12 -1.28921E-12
  3.700E+01  1.00682E-01  1.31877E-09  7.46487E-09 -1.54855E-12 -1.30926E-12
  3.750E+01  1.03323E-01  1.20593E-09  7.38289E-09 -1.57408E-12 -1.32936E-12
  3.800E+01  1.05995E-01  1.09451E-09  7.30043E-09 -1.59964E-12 -1.34953E-12
  3.850E+01  1.08696E-01  9.84562E-10  7.21752E-09 -1.62523E-12 -1.36976E-12
  3.900E+01  1.11427E-01  8.76115E-10  7.13418E-09 -1.65083E-12 -1.39004E-12
  3.950E+01  1.14188E-01  7.69208E-10  7.05042E-09 -1.67645E-12 -1.41038E-12
  4.000E+01  1.16978E-01  6.63875E-10  6.96626E-09 -1.70208E-12 -1.43077E-12
  4.050E+01  1.19797E-01  5.60149E-10  6.88173E-09 -1.72770E-12 -1.45121E-12
  4.100E+01  1.22645E-01  4.58060E-10  6.79684E-09 -1.75333E-12 -1.47171E-12
  4.150E+01  1.25522E-01  3.57639E-10  6.71162E-09 -1.77894E-12 -1.49225E-12
  4.200E+01  1.28428E-01  2.58912E-10  6.62608E-09 -1.80454E-12 -1.51284E-12
  4.250E+01  1.31361E-01  1.61906E-10  6.54024E-09 -1.83012E-12 -1.53347E-12
  4.300E+01  1.34323E-01  6.66436E-11  6.45413E-09 -1.85567E-12 -1.55414E-12
  4.350E+01  1.37313E-01 -2.68518E-11  6.36776E-09 -1.88118E-12 -1.57486E-12
  4.400E+01  1.40330E-01 -1.18559E-10  6.28115E-09 -1.90666E-12 -1.59561E-12
  4.450E+01  1.43375E-01 -2.08460E-10  6.19433E-09 -1.93209E-12 -1.61640E-12
  4.500E+01  1.46447E-01 -2.96535E-10  6.10730E-09 -1.95747E-12 -1.63723E-12
  4.550E+01  1.49545E-01 -3.82769E-10  6.02010E-09 -1.98279E-12 -1.65808E-12
  4.600E+01  1.52671E-01 -4.67147E-10  5.93273E-09 -2.00806E-12 -1.67897E-12
  4.650E+01  1.55823E-01 -5.49655E-10  5.84523E-09 -2.03325E-12 -1.69988E-12
  4.700E+01  1.59001E-01 -6.30280E-10  5.75760E-09 -2.05837E-12 -1.72082E-12
  4.750E+01  1.62205E-01 -7.09012E-10  5.66986E-09 -2.08341E-12 -1.74178E-12
  4.800E+01  1.65435E-01 -7.85842E-10  5.58204E-09 -2.10836E-12 -1.76275E-12
  4.850E+01  1.68690E-01 -8.60760E-10  5.49415E-09 -2.13323E-12 -1.78375E-12
  4.900E+01  1.71970E-01 -9.33759E-10  5.40621E-09 -2.15800E-12 -1.80476E-12
  4.950E+01  1.75276E-01 -1.00483E-09  5.31824E-09 -2.18267E-12 -1.82578E-12
  5.000E+01  1.78606E-01 -1.07398E-09  5.23026E-09 -2.20723E-12 -1.84681E-12
  5.050E+01  1.81961E-01 -1.14119E-09  5.14228E-09 -2.23168E-12 -1.86784E-12
  5.100E+01  1.85340E-01 -1.20647E-09  5.05433E-09 -2.25601E-12 -1.88888E-12
  5.150E+01  1.88743E-01 -1.26981E-09  4.96641E-09 -2.28022E-12 -1.90992E-12
  5.200E+01  1.92169E-01 -1.33121E-09  4.87855E-09 -2.30430E-12 -1.93096E-12
  5.250E+01  1.95619E-01 -1.39067E-09  4.79077E-09 -2.32825E-12 -1.95199E-12
  5.300E+01  1.99092E-01 -1.44819E-09  4.70307E-09 -2.35206E-12 -1.97301E-12
  5.350E+01  2.02589E-01 -1.50378E-09  4.61549E-09 -2.37573E-12 -1.99402E-12
  5.400E+01  2.06107E-01 -1.55744E-09  4.52803E-09 -2.39926E-12 -2.01501E-12
  5.450E+01  2.09649E-01 -1.60917E-09  4.44070E-09 -2.42263E-12 -2.03599E-12
  5.500E+01  2.13212E-01 -1.65897E-09  4.35354E-09 -2.44584E-12 -2.05695E-12
  5.550E+01  2.16797E-01 -1.70685E-09  4.26655E-09 -2.46889E-12 -2.07788E-12
  5.600E+01  2.20404E-01 -1.75283E-09  4.17975E-09 -2.49178E-12 -2.09878E-12
  5.650E+01  2.24032E-01 -1.79689E-09  4.09315E-09 -2.51449E-12 -2.11965E-12
  5.700E+01  2.27680E-01 -1.83906E-09  4.00678E-09 -2.53703E-12 -2.14049E-12
  5.750E+01  2.31350E-01 -1.87934E-09  3.92063E-09 -2.55938E-12 -2.16129E-12
  5.800E+01  2.35040E-01 -1.91773E-09  3.83474E-09 -2.58156E-12 -2.18205E-12
  5.850E+01  2.38751E-01 -1.95425E-09  3.74912E-09 -2.60354E-12 -2.20277E-12
  5.900E+01  2.42481E-01 -1.98891E-09  3.66377E-09 -2.62534E-12 -2.22344E-12
  5.950E+01  2.46231E-01 -2.02172E-09  3.57871E-09 -2.64693E-12 -2.24405E-12
  6.000E+01  2.50000E-01 -2.05269E-09  3.49397E-09 -2.66832E-12 -2.26461E-12
  6.050E+01  2.53788E-01 -2.08183E-09  3.40955E-09 -2.68951E-12 -2.28512E-12
  6.100E+01  2.57595E-01 -2.10915E-09  3.32546E-09 -2.71049E-12 -2.30556E-12
  6.150E+01  2.61421E-01 -2.13466E-09  3.24172E-09 -2.73126E-12 -2.32593E-12
  6.200E+01  2.65264E-01 -2.15838E-09  3.15834E-09 -2.75181E-12 -2.34624E-12
  6.250E+01  2.69126E-01 -2.18033E-09  3.07534E-09 -2.77214E-12 -2.36647E-12
  6.300E+01  2.73005E-01 -2.20051E-09  2.99272E-09 -2.79224E-12 -2.38663E-12
  6.350E+01  2.76901E-01 -2.21894E-09  2.91051E-09 -2.81212E-12 -2.40670E-12
  6.400E+01  2.80814E-01 -2.23563E-09  2.82870E-09 -2.83176E-12 -2.42670E-12
  6.450E+01  2.84744E-01 -2.25060E-09  2.74733E-09 -2.85117E-12 -2.44660E-12
  6.500E+01  2.88691E-01 -2.26387E-09  2.66639E-09 -2.87034E-12 -2.46642E-12
  6.550E+01  2.92653E-01 -2.27545E-09  2.58589E-09 -2.88927E-12 -2.48614E-12
  6.600E+01  2.96632E-01 -2.28535E-09  2.50586E-09 -2.90795E-12 -2.50576E-12
  6.650E+01  3.00625E-01 -2.29359E-09  2.42629E-09 -2.92639E-12 -2.52527E-12
  6.700E+01  3.04634E-01 -2.30019E-09  2.34721E-09 -2.94457E-12 -2.54469E-12
  6.750E+01  3.08658E-01 -2.30517E-09  2.26862E-09 -2.96250E-12 -2.56399E-12
  6.800E+01  3.12697E-01 -2.30854E-09  2.19053E-09 -2.98017E-12 -2.58318E-12
  6.850E+01  3.16749E-01 -2.31032E-09  2.11295E-09 -2.99759E-12 -2.60225E-12
  6.900E+01  3.20816E-01 -2.31052E-09  2.03590E-09 -3.01473E-12 -2.62120E-12
  6.950E+01  3.24896E-01 -2.30917E-09  1.95937E-09 -3.03162E-12 -2.64002E-12
  7.000E+01  3.28990E-01 -2.30628E-09  1.88339E-09 -3.04823E-12 -2.65872E-12
  7.050E+01  3.33097E-01 -2.30187E-09  1.80796E-09 -3.06457E-12 -2.67728E-12
  7.100E+01  3.37216E-01 -2.29595E-09  1.73308E-09 -3.08064E-12 -2.69571E-12
  7.150E+01  3.41348E-01 -2.28856E-09  1.65878E-09 -3.09643E-12 -2.71399E-12
  7.200E+01  3.45492E-01 -2.27969E-09  1.58504E-09 -3.11194E-12 -2.73213E-12
  7.250E+01  3.49647E-01 -2.26938E-09  1.51190E-09 -3.12717E-12 -2.75013E-12
  7.300E+01  3.53814E-01 -2.25764E-09  1.43934E-09 -3.14211E-12 -2.76797E-12
  7.350E+01  3.57992E-01 -2.24450E-09  1.36739E-09 -3.15677E-12 -2.78566E-12
  7.400E+01  3.62181E-01 -2.22996E-09  1.29604E-09 -3.17114E-12 -2.80319E-12
  7.450E+01  3.66381E-01 -2.21405E-09  1.22530E-09 -3.18522E-12 -2.82055E-12
  7.500E+01  3.70590E-01 -2.19678E-09  1.15519E-09 -3.19901E-12 -2.83775E-12
  7.550E+01  3.74810E-01 -2.17819E-09  1.08570E-09 -3.21251E-12 -2.85477E-12
  7.600E+01  3.79039E-01 -2.15827E-09  1.01685E-09 -3.22570E-12 -2.87163E-12
  7.650E+01  3.83277E-01 -2.13707E-09  9.48640E-10 -3.23860E-12 -2.88830E-12
  7.700E+01  3.87524E-01 -2.11458E-09  8.81075E-10 -3.25120E-12 -2.90479E-12
  7.750E+01  3.91780E-01 -2.09084E-09  8.14161E-10 -3.26349E-12 -2.92110E-12
  7.800E+01  3.96044E-01 -2.06587E-09  7.47906E-10 -3.27548E-12 -2.93722E-12
  7.850E+01  4.00316E-01 -2.03967E-09  6.82313E-10 -3.28717E-12 -2.95314E-12
  7.900E+01  4.04596E-01 -2.01228E-09  6.17387E-10 -3.29855E-12 -2.96887E-12
  7.950E+01  4.08882E-01 -1.98370E-09  5.53134E-10 -3.30962E-12 -2.98440E-12
  8.000E+01  4.13176E-01 -1.95397E-09  4.89559E-10 -3.32038E-12 -2.99972E-12
  8.050E+01  4.17476E-01 -1.92310E-09  4.26664E-10 -3.33082E-12 -3.01484E-12
  8.100E+01  4.21783E-01 -1.89110E-09  3.64456E-10 -3.34096E-12 -3.02974E-12
  8.150E+01  4.26095E-01 -1.85800E-09  3.02936E-10 -3.35078E-12 -3.04443E-12
  8.200E+01  4.30413E-01 -1.82383E-09  2.42110E-10 -3.36029E-12 -3.05890E-12
  8.250E+01  4.34737E-01 -1.78858E-09  1.81980E-10 -3.36947E-12 -3.07315E-12
  8.300E+01  4.39065E-01 -1.75230E-09  1.22549E-10 -3.37835E-12 -3.08718E-12
  8.350E+01  4.43398E-01 -1.71499E-09  6.38217E-11 -3.38690E-12 -3.10097E-12
  8.400E+01  4.47736E-01 -1.67667E-09  5.79930E-12 -3.39513E-12 -3.11454E-12
  8.450E+01  4.52077E-01 -1.63737E-09 -5.15152E-11 -3.40304E-12 -3.12786E-12
  8.500E+01  4.56422E-01 -1.59710E-09 -1.08120E-10 -3.41063E-12 -3.14095E-12
  8.550E+01  4.60770E-01 -1.55589E-09 -1.64012E-10 -3.41790E-12 -3.15380E-12
  8.600E+01  4.65122E-01 -1.51375E-09 -2.19189E-10 -3.42484E-12 -3.16640E-12
  8.650E+01  4.69476E-01 -1.47069E-09 -2.73651E-10 -3.43146E-12 -3.17875E-12
  8.700E+01  4.73832E-01 -1.42675E-09 -3.27396E-10 -3.43775E-12 -3.19085E-12
  8.750E+01  4.78190E-01 -1.38193E-09 -3.80422E-10 -3.44372E-12 -3.20269E-12
  8.800E+01  4.82550E-01 -1.33627E-09 -4.32728E-10 -3.44937E-12 -3.21427E-12
  8.850E+01  4.86912E-01 -1.28976E-09 -4.84313E-10 -3.45468E-12 -3.22559E-12
  8.900E+01  4.91274E-01 -1.24245E-09 -5.35177E-10 -3.45967E-12 -3.23665E-12
  8.950E+01  4.95637E-01 -1.19433E-09 -5.85320E-10 -3.46433E-12 -3.24744E-12
  9.000E+01  5.00000E-01 -1.14544E-09 -6.34740E-10 -3.46867E-12 -3.25795E-12
  9.050E+01  5.04363E-01 -1.09579E-09 -6.83439E-10 -3.47267E-12 -3.26819E-12
  9.100E+01  5.08726E-01 -1.04539E-09 -7.31415E-10 -3.47635E-12 -3.27816E-12
  9.150E+01  5.13088E-01 -9.94275E-10 -7.78670E-10 -3.47970E-12 -3.28784E-12
  9.200E+01  5.17450E-01 -9.42452E-10 -8.25203E-10 -3.48272E-12 -3.29724E-12
  9.250E+01  5.21810E-01 -8.89943E-10 -8.71016E-10 -3.48541E-12 -3.30636E-12
  9.300E+01  5.26168E-01 -8.36764E-10 -9.16110E-10 -3.48777E-12 -3.31518E-12
  9.350E+01  5.30524E-01 -7.82934E-10 -9.60484E-10 -3.48980E-12 -3.32371E-12
  9.400E+01  5.34878E-01 -7.28471E-10 -1.00414E-09 -3.49150E-12 -3.33195E-12
  9.450E+01  5.39230E-01 -6.73392E-10 -1.04708E-09 -3.49287E-12 -3.33989E-12
  9.500E+01  5.43578E-01 -6.17715E-10 -1.08931E-09 -3.49391E-12 -3.34753E-12
  9.550E+01  5.47923E-01 -5.61457E-10 -1.13082E-09 -3.49463E-12 -3.35487E-12
  9.600E+01  5.52264E-01 -5.04636E-10 -1.17162E-09 -3.49501E-12 -3.36190E-12
  9.650E+01  5.56602E-01 -4.47269E-10 -1.21172E-09 -3.49507E-12 -3.36863E-12
  9.700E+01  5.60935E-01 -3.89372E-10 -1.25111E-09 -3.49480E-12 -3.37504E-12
  9.750E+01  5.65263E-01 -3.30964E-10 -1.28979E-09 -3.49420E-12 -3.38114E-12
  9.800E+01  5.69587E-01 -2.72061E-10 -1.32777E-09 -3.49327E-12 -3.38693E-12
  9.850E+01  5.73905E-01 -2.12680E-10 -1.36505E-09 -3.49201E-12 -3.39239E-12
  9.900E+01  5.78217E-01 -1.52837E-10 -1.40164E-09 -3.49043E-12 -3.39754E-12
  9.950E+01  5.82524E-01 -9.25496E-11 -1.43753E-09 -3.48852E-12 -3.40237E-12
  1.000E+02  5.86824E-01 -3.18336E-11 -1.47273E-09 -3.48629E-12 -3.40687E-12
  1.005E+02  5.91118E-01  2.92946E-11 -1.50725E-09 -3.48372E-12 -3.41105E-12
  1.010E+02  5.95404E-01  9.08187E-11 -1.54108E-09 -3.48084E-12 -3.41489E-12
  1.015E+02  5.99684E-01  1.52723E-10 -1.57423E-09 -3.47763E-12 -3.41841E-12
  1.020E+02  6.03956E-01  2.14990E-10 -1.60671E-09 -3.47409E-12 -3.42159E-12
  1.025E+02  6.08220E-01  2.77606E-10 -1.63851E-09 -3.47024E-12 -3.42444E-12
  1.030E+02  6.12476E-01  3.40554E-10 -1.66964E-09 -3.46606E-12 -3.42695E-12
  1.035E+02  6.16723E-01  4.03819E-10 -1.70011E-09 -3.46156E-12 -3.42913E-12
  1.040E+02  6.20961E-01  4.67384E-10 -1.72992E-09 -3.45673E-12 -3.43096E-12
  1.045E+02  6.25190E-01  5.31236E-10 -1.75908E-09 -3.45159E-12 -3.43245E-12
  1.050E+02  6.29410E-01  5.95358E-10 -1.78758E-09 -3.44613E-12 -3.43360E-12
  1.055E+02  6.33619E-01  6.59736E-10 -1.81544E-09 -3.44035E-12 -3.43441E-12
  1.060E+02  6.37819E-01  7.24354E-10 -1.84265E-09 -3.43425E-12 -3.43486E-12
  1.065E+02  6.42008E-01  7.89197E-10 -1.86923E-09 -3.42784E-12 -3.43497E-12
  1.070E+02  6.46186E-01  8.54252E-10 -1.89517E-09 -3.42111E-12 -3.43473E-12
  1.075E+02  6.50353E-01  9.19503E-10 -1.92049E-09 -3.41407E-12 -3.43414E-12
  1.080E+02  6.54508E-01  9.84936E-10 -1.94518E-09 -3.40672E-12 -3.43319E-12
  1.085E+02  6.58652E-01  1.05054E-09 -1.96926E-09 -3.39905E-12 -3.43189E-12
  1.090E+02  6.62784E-01  1.11629E-09 -1.99273E-09 -3.39107E-12 -3.43024E-12
  1.095E+02  6.66903E-01  1.18218E-09 -2.01559E-09 -3.38278E-12 -3.42823E-12
  1.100E+02  6.71010E-01  1.24820E-09 -2.03785E-09 -3.37418E-12 -3.42586E-12
  1.105E+02  6.75104E-01  1.31433E-09 -2.05951E-09 -3.36528E-12 -3.42314E-12
  1.110E+02  6.79184E-01  1.38056E-09 -2.08059E-09 -3.35607E-12 -3.42005E-12
  1.115E+02  6.83251E-01  1.44687E-09 -2.10108E-09 -3.34655E-12 -3.41661E-12
  1.120E+02  6.87303E-01  1.51325E-09 -2.12099E-09 -3.33674E-12 -3.41280E-12
  1.125E+02  6.91342E-01  1.57969E-09 -2.14033E-09 -3.32661E-12 -3.40863E-12
  1.130E+02  6.95366E-01  1.64617E-09 -2.15911E-09 -3.31619E-12 -3.40410E-12
  1.135E+02  6.99375E-01  1.71269E-09 -2.17732E-09 -3.30547E-12 -3.39920E-12
  1.140E+02  7.03368E-01  1.77922E-09 -2.19499E-09 -3.29445E-12 -3.39394E-12
  1.145E+02  7.07347E-01  1.84576E-09 -2.21210E-09 -3.28314E-12 -3.38832E-12
  1.150E+02  7.11309E-01  1.91229E-09 -2.22868E-09 -3.27152E-12 -3.38233E-12
  1.155E+02  7.15256E-01  1.97881E-09 -2.24472E-09 -3.25962E-12 -3.37598E-12
  1.160E+02  7.19186E-01  2.04529E-09 -2.26023E-09 -3.24742E-12 -3.36925E-12
  1.165E+02  7.23099E-01  2.11172E-09 -2.27522E-09 -3.23493E-12 -3.36217E-12
  1.170E+02  7.26995E-01  2.17810E-09 -2.28970E-09 -3.22216E-12 -3.35471E-12
  1.175E+02  7.30874E-01  2.24441E-09 -2.30366E-09 -3.20909E-12 -3.34689E-12
  1.180E+02  7.34736E-01  2.31064E-09 -2.31713E-09 -3.19574E-12 -3.33870E-12
  1.185E+02  7.38579E-01  2.37678E-09 -2.33010E-09 -3.18211E-12 -3.33014E-12
  1.190E+02  7.42405E-01  2.44281E-09 -2.34259E-09 -3.16819E-12 -3.32122E-12
  1.195E+02  7.46212E-01  2.50873E-09 -2.35459E-09 -3.15399E-12 -3.31193E-12
  1.200E+02  7.50000E-01  2.57452E-09 -2.36612E-09 -3.13952E-12 -3.30227E-12
  1.205E+02  7.53769E-01  2.64018E-09 -2.37718E-09 -3.12476E-12 -3.29225E-12
  1.210E+02  7.57519E-01  2.70568E-09 -2.38778E-09 -3.10973E-12 -3.28185E-12
  1.215E+02  7.61249E-01  2.77103E-09 -2.39792E-09 -3.09443E-12 -3.27109E-12
  1.220E+02  7.64960E-01  2.83620E-09 -2.40762E-09 -3.07885E-12 -3.25997E-12
  1.225E+02  7.68650E-01  2.90119E-09 -2.41688E-09 -3.06301E-12 -3.24847E-12
  1.230E+02  7.72320E-01  2.96599E-09 -2.42571E-09 -3.04689E-12 -3.23662E-12
  1.235E+02  7.75968E-01  3.03059E-09 -2.43412E-09 -3.03051E-12 -3.22439E-12
  1.240E+02  7.79596E-01  3.09497E-09 -2.44210E-09 -3.01386E-12 -3.21181E-12
  1.245E+02  7.83203E-01  3.15913E-09 -2.44968E-09 -2.99695E-12 -3.19885E-12
  1.250E+02  7.86788E-01  3.22306E-09 -2.45685E-09 -2.97978E-12 -3.18554E-12
  1.255E+02  7.90351E-01  3.28674E-09 -2.46363E-09 -2.96235E-12 -3.17186E-12
  1.260E+02  7.93893E-01  3.35017E-09 -2.47002E-09 -2.94466E-12 -3.15782E-12
  1.265E+02  7.97411E-01  3.41334E-09 -2.47602E-09 -2.92672E-12 -3.14342E-12
  1.270E+02  8.00908E-01  3.47623E-09 -2.48165E-09 -2.90852E-12 -3.12866E-12
  1.275E+02  8.04381E-01  3.53884E-09 -2.48692E-09 -2.89008E-12 -3.11354E-12
  1.280E+02  8.07831E-01  3.60116E-09 -2.49182E-09 -2.87138E-12 -3.09806E-12
  1.285E+02  8.11257E-01  3.66317E-09 -2.49637E-09 -2.85244E-12 -3.08223E-12
  1.290E+02  8.14660E-01  3.72488E-09 -2.50058E-09 -2.83325E-12 -3.06604E-12
  1.295E+02  8.18039E-01  3.78627E-09 -2.50445E-09 -2.81381E-12 -3.04949E-12
  1.300E+02  8.21394E-01  3.84732E-09 -2.50798E-09 -2.79414E-12 -3.03259E-12
  1.305E+02  8.24724E-01  3.90804E-09 -2.51120E-09 -2.77423E-12 -3.01534E-12
  1.310E+02  8.28030E-01  3.96842E-09 -2.51410E-09 -2.75408E-12 -2.99774E-12
  1.315E+02  8.31310E-01  4.02844E-09 -2.51669E-09 -2.73369E-12 -2.97979E-12
  1.320E+02  8.34565E-01  4.08809E-09 -2.51897E-09 -2.71307E-12 -2.96149E-12
  1.325E+02  8.37795E-01  4.14738E-09 -2.52097E-09 -2.69222E-12 -2.94285E-12
  1.330E+02  8.40999E-01  4.20629E-09 -2.52268E-09 -2.67114E-12 -2.92386E-12
  1.335E+02  8.44177E-01  4.26480E-09 -2.52410E-09 -2.64984E-12 -2.90453E-12
  1.340E+02  8.47329E-01  4.32292E-09 -2.52526E-09 -2.62831E-12 -2.88486E-12
  1.345E+02  8.50455E-01  4.38064E-09 -2.52615E-09 -2.60656E-12 -2.86484E-12
  1.350E+02  8.53553E-01  4.43795E-09 -2.52678E-09 -2.58459E-12 -2.84449E-12
  1.355E+02  8.56625E-01  4.49483E-09 -2.52716E-09 -2.56240E-12 -2.82381E-12
  1.360E+02  8.59670E-01  4.55129E-09 -2.52730E-09 -2.53999E-12 -2.80279E-12
  1.365E+02  8.62687E-01  4.60732E-09 -2.52720E-09 -2.51738E-12 -2.78144E-12
  1.370E+02  8.65677E-01  4.66290E-09 -2.52687E-09 -2.49455E-12 -2.75975E-12
  1.375E+02  8.68639E-01  4.71804E-09 -2.52632E-09 -2.47151E-12 -2.73775E-12
  1.380E+02  8.71572E-01  4.77271E-09 -2.52555E-09 -2.44826E-12 -2.71541E-12
  1.385E+02  8.74478E-01  4.82693E-09 -2.52458E-09 -2.42481E-12 -2.69275E-12
  1.390E+02  8.77355E-01  4.88067E-09 -2.52340E-09 -2.40116E-12 -2.66978E-12
  1.395E+02  8.80203E-01  4.93394E-09 -2.52203E-09 -2.37731E-12 -2.64648E-12
  1.400E+02  8.83022E-01  4.98672E-09 -2.52047E-09 -2.35326E-12 -2.62287E-12
  1.405E+02  8.85812E-01  5.03902E-09 -2.51873E-09 -2.32901E-12 -2.59894E-12
  1.410E+02  8.88573E-01  5.09081E-09 -2.51682E-09 -2.30458E-12 -2.57470E-12
  1.415E+02  8.91304E-01  5.14210E-09 -2.51474E-09 -2.27995E-12 -2.55015E-12
  1.420E+02  8.94005E-01  5.19289E-09 -2.51250E-09 -2.25513E-12 -2.52530E-12
  1.425E+02  8.96677E-01  5.24315E-09 -2.51011E-09 -2.23013E-12 -2.50014E-12
  1.430E+02  8.99318E-01  5.29290E-09 -2.50757E-09 -2.20494E-12 -2.47468E-12
  1.435E+02  9.01928E-01  5.34211E-09 -2.50489E-09 -2.17957E-12 -2.44893E-12
  1.440E+02  9.04508E-01  5.39080E-09 -2.50207E-09 -2.15402E-12 -2.42288E-12
  1.445E+02  9.07058E-01  5.43894E-09 -2.49913E-09 -2.12829E-12 -2.39653E-12
  1.450E+02  9.09576E-01  5.48653E-09 -2.49607E-09 -2.10239E-12 -2.36990E-12
  1.455E+02  9.12063E-01  5.53358E-09 -2.49289E-09 -2.07632E-12 -2.34298E-12
  1.460E+02  9.14519E-01  5.58007E-09 -2.48960E-09 -2.05008E-12 -2.31577E-12
  1.465E+02  9.16943E-01  5.62599E-09 -2.48621E-09 -2.02367E-12 -2.28829E-12
  1.470E+02  9.19335E-01  5.67135E-09 -2.48273E-09 -1.99709E-12 -2.26052E-12
  1.475E+02  9.21696E-01  5.71614E-09 -2.47915E-09 -1.97036E-12 -2.23248E-12
  1.480E+02  9.24024E-01  5.76034E-09 -2.47550E-09 -1.94346E-12 -2.20417E-12
  1.485E+02  9.26320E-01  5.80397E-09 -2.47176E-09 -1.91640E-12 -2.17560E-12
  1.490E+02  9.28584E-01  5.84700E-09 -2.46795E-09 -1.88919E-12 -2.14675E-12
  1.495E+02  9.30815E-01  5.88945E-09 -2.46408E-09 -1.86182E-12 -2.11765E-12
  1.500E+02  9.33013E-01  5.93129E-09 -2.46015E-09 -1.83431E-12 -2.08828E-12
  1.505E+02  9.35178E-01  5.97253E-09 -2.45616E-09 -1.80664E-12 -2.05867E-12
  1.510E+02  9.37310E-01  6.01317E-09 -2.45213E-09 -1.77883E-12 -2.02880E-12
  1.515E+02  9.39409E-01  6.05319E-09 -2.44805E-09 -1.75088E-12 -1.99868E-12
  1.520E+02  9.41474E-01  6.09260E-09 -2.44393E-09 -1.72279E-12 -1.96831E-12
  1.525E+02  9.43505E-01  6.13139E-09 -2.43978E-09 -1.69455E-12 -1.93771E-12
  1.530E+02  9.45503E-01  6.16955E-09 -2.43561E-09 -1.66618E-12 -1.90687E-12
  1.535E+02  9.47467E-01  6.20708E-09 -2.43141E-09 -1.63768E-12 -1.87579E-12
  1.540E+02  9.49397E-01  6.24399E-09 -2.42720E-09 -1.60904E-12 -1.84448E-12
  1.545E+02  9.51293E-01  6.28025E-09 -2.42298E-09 -1.58028E-12 -1.81295E-12
  1.550E+02  9.53154E-01  6.31587E-09 -2.41875E-09 -1.55139E-12 -1.78119E-12
  1.555E+02  9.54981E-01  6.35085E-09 -2.41452E-09 -1.52237E-12 -1.74922E-12
  1.560E+02  9.56773E-01  6.38518E-09 -2.41030E-09 -1.49324E-12 -1.71703E-12
  1.565E+02  9.58530E-01  6.41886E-09 -2.40608E-09 -1.46398E-12 -1.68463E-12
  1.570E+02  9.60252E-01  6.45188E-09 -2.40188E-09 -1.43461E-12 -1.65201E-12
  1.575E+02  9.61940E-01  6.48425E-09 -2.39770E-09 -1.40512E-12 -1.61920E-12
  1.580E+02  9.63592E-01  6.51595E-09 -2.39353E-09 -1.37552E-12 -1.58619E-12
  1.585E+02  9.65209E-01  6.54698E-09 -2.38940E-09 -1.34581E-12 -1.55298E-12
  1.590E+02  9.66790E-01  6.57735E-09 -2.38530E-09 -1.31600E-12 -1.51957E-12
  1.595E+02  9.68336E-01  6.60704E-09 -2.38123E-09 -1.28608E-12 -1.48598E-12
  1.600E+02  9.69846E-01  6.63606E-09 -2.37721E-09 -1.25606E-12 -1.45221E-12
  1.605E+02  9.71321E-01  6.66440E-09 -2.37323E-09 -1.22594E-12 -1.41825E-12
  1.610E+02  9.72759E-01  6.69206E-09 -2.36929E-09 -1.19572E-12 -1.38412E-12
  1.615E+02  9.74162E-01  6.71904E-09 -2.36541E-09 -1.16541E-12 -1.34982E-12
  1.620E+02  9.75528E-01  6.74533E-09 -2.36159E-09 -1.13500E-12 -1.31535E-12
  1.625E+02  9.76858E-01  6.77093E-09 -2.35783E-09 -1.10451E-12 -1.28072E-12
  1.630E+02  9.78152E-01  6.79584E-09 -2.35413E-09 -1.07392E-12 -1.24593E-12
  1.635E+02  9.79410E-01  6.82005E-09 -2.35049E-09 -1.04326E-12 -1.21099E-12
  1.640E+02  9.80631E-01  6.84356E-09 -2.34693E-09 -1.01251E-12 -1.17589E-12
  1.645E+02  9.81815E-01  6.86638E-09 -2.34344E-09 -9.81680E-13 -1.14065E-12
  1.650E+02  9.82963E-01  6.88850E-09 -2.34003E-09 -9.50774E-13 -1.10526E-12
  1.655E+02  9.84074E-01  6.90991E-09 -2.33670E-09 -9.19793E-13 -1.06974E-12
  1.660E+02  9.85148E-01  6.93061E-09 -2.33346E-09 -8.88740E-13 -1.03409E-12
  1.665E+02  9.86185E-01  6.95061E-09 -2.33030E-09 -8.57617E-13 -9.98303E-13
  1.670E+02  9.87185E-01  6.96989E-09 -2.32723E-09 -8.26427E-13 -9.62395E-13
  1.675E+02  9.88148E-01  6.98847E-09 -2.32425E-09 -7.95172E-13 -9.26367E-13
  1.680E+02  9.89074E-01  7.00633E-09 -2.32137E-09 -7.63854E-13 -8.90224E-13
  1.685E+02  9.89962E-01  7.02348E-09 -2.31858E-09 -7.32477E-13 -8.53970E-13
  1.690E+02  9.90814E-01  7.03990E-09 -2.31590E-09 -7.01042E-13 -8.17609E-13
  1.695E+02  9.91627E-01  7.05561E-09 -2.31331E-09 -6.69552E-13 -7.81147E-13
  1.700E+02  9.92404E-01  7.07060E-09 -2.31084E-09 -6.38010E-13 -7.44587E-13
  1.705E+02  9.93143E-01  7.08487E-09 -2.30847E-09 -6.06418E-13 -7.07934E-13
  1.710E+02  9.93844E-01  7.09841E-09 -2.30620E-09 -5.74778E-13 -6.71192E-13
  1.715E+02  9.94508E-01  7.11123E-09 -2.30405E-09 -5.43094E-13 -6.34367E-13
  1.720E+02  9.95134E-01  7.12332E-09 -2.30202E-09 -5.11367E-13 -5.97463E-13
  1.725E+02  9.95722E-01  7.13469E-09 -2.30009E-09 -4.79600E-13 -5.60484E-13
  1.730E+02  9.96273E-01  7.14533E-09 -2.29829E-09 -4.47796E-13 -5.23435E-13
  1.735E+02  9.96786E-01  7.15524E-09 -2.29660E-09 -4.15956E-13 -4.86321E-13
  1.740E+02  9.97261E-01  7.16442E-09 -2.29503E-09 -3.84085E-13 -4.49146E-13
  1.745E+02  9.97698E-01  7.17286E-09 -2.29358E-09 -3.52183E-13 -4.11915E-13
  1.750E+02  9.98097E-01  7.18058E-09 -2.29225E-09 -3.20254E-13 -3.74632E-13
  1.755E+02  9.98459E-01  7.18756E-09 -2.29105E-09 -2.88299E-13 -3.37302E-13
  1.760E+02  9.98782E-01  7.19381E-09 -2.28997E-09 -2.56323E-13 -2.99931E-13
  1.765E+02  9.99067E-01  7.19933E-09 -2.28901E-09 -2.24326E-13 -2.62521E-13
  1.770E+02  9.99315E-01  7.20411E-09 -2.28818E-09 -1.92312E-13 -2.25079E-13
  1.775E+02  9.99524E-01  7.20816E-09 -2.28748E-09 -1.60283E-13 -1.87609E-13
  1.780E+02  9.99695E-01  7.21147E-09 -2.28690E-09 -1.28241E-13 -1.50116E-13
  1.785E+02  9.99829E-01  7.21404E-09 -2.28646E-09 -9.61898E-14 -1.12603E-13
  1.790E+02  9.99924E-01  7.21588E-09 -2.28614E-09 -6.41307E-14 -7.50765E-14
  1.795E+02  9.99981E-01  7.21699E-09 -2.28594E-09 -3.20666E-14 -3.75406E-14
  1.800E+02  1.00000E+00  7.21736E-09 -2.28588E-09 -4.50010E-28 -5.26834E-28
