 #  Scattering field.
 #  All quantities in atomic units (a.u.), unless otherwise indicated.
 #  Z =   6, NELEC =   6,   projectile: electron
 #  Kinetic energy = 5.07141E+00 a.u. = 1.38000E+02 eV
 #
 #   i       r           r*V         r*Vst        r*Vex       r*Vpol       r*Wabs        rho_e
 #------------------------------------------------------------------------------------------------
     1  0.00000E+00 -6.00000E+00 -6.00000E+00  0.00000E+00  0.00000E+00  0.00000E+00  1.29741E+02
     2  2.81877E-08 -6.00000E+00 -6.00000E+00 -5.39751E-14  0.00000E+00  0.00000E+00  1.29741E+02
     3  5.71700E-08 -6.00000E+00 -6.00000E+00 -2.22028E-13  0.00000E+00  0.00000E+00  1.29740E+02
     4  8.69693E-08 -6.00000E+00 -6.00000E+00 -5.13806E-13  0.00000E+00  0.00000E+00  1.29739E+02
     5  1.17608E-07 -6.00000E+00 -6.00000E+00 -9.39598E-13  0.00000E+00  0.00000E+00  1.29738E+02
     6  1.49111E-07 -6.00000E+00 -6.00000E+00 -1.51037E-12  0.00000E+00  0.00000E+00  1.29736E+02
     7  1.81502E-07 -6.00000E+00 -6.00000E+00 -2.23780E-12  0.00000E+00  0.00000E+00  1.29735E+02
     8  2.14806E-07 -6.00000E+00 -6.00000E+00 -3.13435E-12  0.00000E+00  0.00000E+00  1.29734E+02
     9  2.49049E-07 -6.00000E+00 -6.00000E+00 -4.21326E-12  0.00000E+00  0.00000E+00  1.29733E+02
    10  2.84257E-07 -6.00000E+00 -6.00000E+00 -5.48867E-12  0.00000E+00  0.00000E+00  1.29732E+02
    11  3.20457E-07 -6.00000E+00 -6.00000E+00 -6.97559E-12  0.00000E+00  0.00000E+00  1.29731E+02
    12  3.57678E-07 -5.99999E+00 -5.99999E+00 -8.69003E-12  0.00000E+00  0.00000E+00  1.29729E+02
    13  3.95948E-07 -5.99999E+00 -5.99999E+00 -1.06490E-11  0.00000E+00  0.00000E+00  1.29728E+02
    14  4.35296E-07 -5.99999E+00 -5.99999E+00 -1.28706E-11  0.00000E+00  0.00000E+00  1.29727E+02
    15  4.75754E-07 -5.99999E+00 -5.99999E+00 -1.53741E-11  0.00000E+00  0.00000E+00  1.29725E+02
    16  5.17352E-07 -5.99999E+00 -5.99999E+00 -1.81799E-11  0.00000E+00  0.00000E+00  1.29724E+02
    17  5.60123E-07 -5.99999E+00 -5.99999E+00 -2.13099E-11  0.00000E+00  0.00000E+00  1.29723E+02
    18  6.04100E-07 -5.99999E+00 -5.99999E+00 -2.47871E-11  0.00000E+00  0.00000E+00  1.29721E+02
    19  6.49316E-07 -5.99999E+00 -5.99999E+00 -2.86362E-11  0.00000E+00  0.00000E+00  1.29720E+02
    20  6.95806E-07 -5.99999E+00 -5.99999E+00 -3.28833E-11  0.00000E+00  0.00000E+00  1.29718E+02
    21  7.43607E-07 -5.99999E+00 -5.99999E+00 -3.75562E-11  0.00000E+00  0.00000E+00  1.29716E+02
    22  7.92755E-07 -5.99999E+00 -5.99999E+00 -4.26842E-11  0.00000E+00  0.00000E+00  1.29715E+02
    23  8.43289E-07 -5.99999E+00 -5.99999E+00 -4.82988E-11  0.00000E+00  0.00000E+00  1.29713E+02
    24  8.95247E-07 -5.99999E+00 -5.99999E+00 -5.44332E-11  0.00000E+00  0.00000E+00  1.29711E+02
    25  9.48670E-07 -5.99999E+00 -5.99999E+00 -6.11227E-11  0.00000E+00  0.00000E+00  1.29710E+02
    26  1.00360E-06 -5.99999E+00 -5.99999E+00 -6.84048E-11  0.00000E+00  0.00000E+00  1.29708E+02
    27  1.06008E-06 -5.99998E+00 -5.99998E+00 -7.63192E-11  0.00000E+00  0.00000E+00  1.29706E+02
    28  1.11814E-06 -5.99998E+00 -5.99998E+00 -8.49083E-11  0.00000E+00  0.00000E+00  1.29704E+02
    29  1.17785E-06 -5.99998E+00 -5.99998E+00 -9.42167E-11  0.00000E+00  0.00000E+00  1.29702E+02
    30  1.23924E-06 -5.99998E+00 -5.99998E+00 -1.04292E-10  0.00000E+00  0.00000E+00  1.29701E+02
    31  1.30236E-06 -5.99998E+00 -5.99998E+00 -1.15185E-10  0.00000E+00  0.00000E+00  1.29699E+02
    32  1.36726E-06 -5.99998E+00 -5.99998E+00 -1.26949E-10  0.00000E+00  0.00000E+00  1.29697E+02
    33  1.43398E-06 -5.99998E+00 -5.99998E+00 -1.39640E-10  0.00000E+00  0.00000E+00  1.29694E+02
    34  1.50259E-06 -5.99998E+00 -5.99998E+00 -1.53319E-10  0.00000E+00  0.00000E+00  1.29692E+02
    35  1.57314E-06 -5.99998E+00 -5.99998E+00 -1.68050E-10  0.00000E+00  0.00000E+00  1.29690E+02
    36  1.64567E-06 -5.99998E+00 -5.99998E+00 -1.83901E-10  0.00000E+00  0.00000E+00  1.29688E+02
    37  1.72024E-06 -5.99997E+00 -5.99997E+00 -2.00942E-10  0.00000E+00  0.00000E+00  1.29686E+02
    38  1.79692E-06 -5.99997E+00 -5.99997E+00 -2.19251E-10  0.00000E+00  0.00000E+00  1.29683E+02
    39  1.87576E-06 -5.99997E+00 -5.99997E+00 -2.38908E-10  0.00000E+00  0.00000E+00  1.29681E+02
    40  1.95682E-06 -5.99997E+00 -5.99997E+00 -2.59998E-10  0.00000E+00  0.00000E+00  1.29679E+02
    41  2.04017E-06 -5.99997E+00 -5.99997E+00 -2.82613E-10  0.00000E+00  0.00000E+00  1.29676E+02
    42  2.12586E-06 -5.99997E+00 -5.99997E+00 -3.06847E-10  0.00000E+00  0.00000E+00  1.29674E+02
    43  2.21397E-06 -5.99997E+00 -5.99997E+00 -3.32804E-10  0.00000E+00  0.00000E+00  1.29671E+02
    44  2.30457E-06 -5.99997E+00 -5.99997E+00 -3.60590E-10  0.00000E+00  0.00000E+00  1.29669E+02
    45  2.39772E-06 -5.99996E+00 -5.99996E+00 -3.90321E-10  0.00000E+00  0.00000E+00  1.29666E+02
    46  2.49349E-06 -5.99996E+00 -5.99996E+00 -4.22117E-10  0.00000E+00  0.00000E+00  1.29663E+02
    47  2.59196E-06 -5.99996E+00 -5.99996E+00 -4.56106E-10  0.00000E+00  0.00000E+00  1.29661E+02
    48  2.69321E-06 -5.99996E+00 -5.99996E+00 -4.92425E-10  0.00000E+00  0.00000E+00  1.29658E+02
    49  2.79732E-06 -5.99996E+00 -5.99996E+00 -5.31218E-10  0.00000E+00  0.00000E+00  1.29655E+02
    50  2.90435E-06 -5.99996E+00 -5.99996E+00 -5.72636E-10  0.00000E+00  0.00000E+00  1.29652E+02
    51  3.01441E-06 -5.99996E+00 -5.99996E+00 -6.16843E-10  0.00000E+00  0.00000E+00  1.29649E+02
    52  3.12757E-06 -5.99995E+00 -5.99995E+00 -6.64008E-10  0.00000E+00  0.00000E+00  1.29646E+02
    53  3.24391E-06 -5.99995E+00 -5.99995E+00 -7.14313E-10  0.00000E+00  0.00000E+00  1.29643E+02
    54  3.36354E-06 -5.99995E+00 -5.99995E+00 -7.67950E-10  0.00000E+00  0.00000E+00  1.29640E+02
    55  3.48654E-06 -5.99995E+00 -5.99995E+00 -8.25122E-10  0.00000E+00  0.00000E+00  1.29637E+02
    56  3.61300E-06 -5.99995E+00 -5.99995E+00 -8.86044E-10  0.00000E+00  0.00000E+00  1.29634E+02
    57  3.74303E-06 -5.99995E+00 -5.99995E+00 -9.50945E-10  0.00000E+00  0.00000E+00  1.29630E+02
    58  3.87673E-06 -5.99994E+00 -5.99994E+00 -1.02007E-09  0.00000E+00  0.00000E+00  1.29627E+02
    59  4.01419E-06 -5.99994E+00 -5.99994E+00 -1.09366E-09  0.00000E+00  0.00000E+00  1.29624E+02
    60  4.15553E-06 -5.99994E+00 -5.99994E+00 -1.17200E-09  0.00000E+00  0.00000E+00  1.29620E+02
    61  4.30085E-06 -5.99994E+00 -5.99994E+00 -1.25537E-09  0.00000E+00  0.00000E+00  1.29617E+02
    62  4.45027E-06 -5.99993E+00 -5.99993E+00 -1.34408E-09  0.00000E+00  0.00000E+00  1.29613E+02
    63  4.60390E-06 -5.99993E+00 -5.99993E+00 -1.43844E-09  0.00000E+00  0.00000E+00  1.29610E+02
    64  4.76187E-06 -5.99993E+00 -5.99993E+00 -1.53880E-09  0.00000E+00  0.00000E+00  1.29606E+02
    65  4.92428E-06 -5.99993E+00 -5.99993E+00 -1.64552E-09  0.00000E+00  0.00000E+00  1.29603E+02
    66  5.09127E-06 -5.99993E+00 -5.99993E+00 -1.75896E-09  0.00000E+00  0.00000E+00  1.29599E+02
    67  5.26297E-06 -5.99992E+00 -5.99992E+00 -1.87955E-09  0.00000E+00  0.00000E+00  1.29596E+02
    68  5.43951E-06 -5.99992E+00 -5.99992E+00 -2.00770E-09  0.00000E+00  0.00000E+00  1.29592E+02
    69  5.62103E-06 -5.99992E+00 -5.99992E+00 -2.14387E-09  0.00000E+00  0.00000E+00  1.29588E+02
    70  5.80766E-06 -5.99991E+00 -5.99991E+00 -2.28853E-09  0.00000E+00  0.00000E+00  1.29584E+02
    71  5.99955E-06 -5.99991E+00 -5.99991E+00 -2.44219E-09  0.00000E+00  0.00000E+00  1.29581E+02
    72  6.19685E-06 -5.99991E+00 -5.99991E+00 -2.60539E-09  0.00000E+00  0.00000E+00  1.29577E+02
    73  6.39972E-06 -5.99991E+00 -5.99991E+00 -2.77868E-09  0.00000E+00  0.00000E+00  1.29573E+02
    74  6.60830E-06 -5.99990E+00 -5.99990E+00 -2.96267E-09  0.00000E+00  0.00000E+00  1.29569E+02
    75  6.82276E-06 -5.99990E+00 -5.99990E+00 -3.15800E-09  0.00000E+00  0.00000E+00  1.29565E+02
    76  7.04326E-06 -5.99990E+00 -5.99990E+00 -3.36533E-09  0.00000E+00  0.00000E+00  1.29561E+02
    77  7.26998E-06 -5.99989E+00 -5.99989E+00 -3.58537E-09  0.00000E+00  0.00000E+00  1.29558E+02
    78  7.50310E-06 -5.99989E+00 -5.99989E+00 -3.81887E-09  0.00000E+00  0.00000E+00  1.29554E+02
    79  7.74278E-06 -5.99989E+00 -5.99989E+00 -4.06663E-09  0.00000E+00  0.00000E+00  1.29550E+02
    80  7.98922E-06 -5.99988E+00 -5.99988E+00 -4.32949E-09  0.00000E+00  0.00000E+00  1.29546E+02
    81  8.24261E-06 -5.99988E+00 -5.99988E+00 -4.60834E-09  0.00000E+00  0.00000E+00  1.29542E+02
    82  8.50313E-06 -5.99988E+00 -5.99988E+00 -4.90412E-09  0.00000E+00  0.00000E+00  1.29538E+02
    83  8.77101E-06 -5.99987E+00 -5.99987E+00 -5.21782E-09  0.00000E+00  0.00000E+00  1.29534E+02
    84  9.04643E-06 -5.99987E+00 -5.99987E+00 -5.55050E-09  0.00000E+00  0.00000E+00  1.29531E+02
    85  9.32961E-06 -5.99986E+00 -5.99986E+00 -5.90327E-09  0.00000E+00  0.00000E+00  1.29527E+02
    86  9.62078E-06 -5.99986E+00 -5.99986E+00 -6.27731E-09  0.00000E+00  0.00000E+00  1.29523E+02
    87  9.92016E-06 -5.99985E+00 -5.99985E+00 -6.67388E-09  0.00000E+00  0.00000E+00  1.29520E+02
    88  1.02280E-05 -5.99985E+00 -5.99985E+00 -7.09428E-09  0.00000E+00  0.00000E+00  1.29516E+02
    89  1.05445E-05 -5.99985E+00 -5.99985E+00 -7.53992E-09  0.00000E+00  0.00000E+00  1.29512E+02
    90  1.08699E-05 -5.99984E+00 -5.99984E+00 -8.01226E-09  0.00000E+00  0.00000E+00  1.29509E+02
    91  1.12045E-05 -5.99984E+00 -5.99984E+00 -8.51288E-09  0.00000E+00  0.00000E+00  1.29506E+02
    92  1.15485E-05 -5.99983E+00 -5.99983E+00 -9.04343E-09  0.00000E+00  0.00000E+00  1.29502E+02
    93  1.19022E-05 -5.99983E+00 -5.99983E+00 -9.60565E-09  0.00000E+00  0.00000E+00  1.29499E+02
    94  1.22659E-05 -5.99982E+00 -5.99982E+00 -1.02014E-08  0.00000E+00  0.00000E+00  1.29496E+02
    95  1.26398E-05 -5.99981E+00 -5.99981E+00 -1.08326E-08  0.00000E+00  0.00000E+00  1.29493E+02
    96  1.30243E-05 -5.99981E+00 -5.99981E+00 -1.15014E-08  0.00000E+00  0.00000E+00  1.29490E+02
    97  1.34196E-05 -5.99980E+00 -5.99980E+00 -1.22099E-08  0.00000E+00  0.00000E+00  1.29487E+02
    98  1.38261E-05 -5.99980E+00 -5.99980E+00 -1.29605E-08  0.00000E+00  0.00000E+00  1.29484E+02
    99  1.42440E-05 -5.99979E+00 -5.99979E+00 -1.37555E-08  0.00000E+00  0.00000E+00  1.29481E+02
   100  1.46737E-05 -5.99978E+00 -5.99978E+00 -1.45977E-08  0.00000E+00  0.00000E+00  1.29479E+02
   101  1.51155E-05 -5.99978E+00 -5.99978E+00 -1.54897E-08  0.00000E+00  0.00000E+00  1.29476E+02
   102  1.55697E-05 -5.99977E+00 -5.99977E+00 -1.64344E-08  0.00000E+00  0.00000E+00  1.29474E+02
   103  1.60368E-05 -5.99976E+00 -5.99976E+00 -1.74349E-08  0.00000E+00  0.00000E+00  1.29472E+02
   104  1.65170E-05 -5.99976E+00 -5.99976E+00 -1.84945E-08  0.00000E+00  0.00000E+00  1.29470E+02
   105  1.70108E-05 -5.99975E+00 -5.99975E+00 -1.96165E-08  0.00000E+00  0.00000E+00  1.29468E+02
   106  1.75185E-05 -5.99974E+00 -5.99974E+00 -2.08046E-08  0.00000E+00  0.00000E+00  1.29466E+02
   107  1.80405E-05 -5.99974E+00 -5.99974E+00 -2.20626E-08  0.00000E+00  0.00000E+00  1.29464E+02
   108  1.85772E-05 -5.99973E+00 -5.99973E+00 -2.33946E-08  0.00000E+00  0.00000E+00  1.29463E+02
   109  1.91290E-05 -5.99972E+00 -5.99972E+00 -2.48048E-08  0.00000E+00  0.00000E+00  1.29461E+02
   110  1.96964E-05 -5.99971E+00 -5.99971E+00 -2.62979E-08  0.00000E+00  0.00000E+00  1.29460E+02
   111  2.02798E-05 -5.99970E+00 -5.99970E+00 -2.78785E-08  0.00000E+00  0.00000E+00  1.29459E+02
   112  2.08796E-05 -5.99969E+00 -5.99969E+00 -2.95518E-08  0.00000E+00  0.00000E+00  1.29457E+02
   113  2.14963E-05 -5.99968E+00 -5.99968E+00 -3.13231E-08  0.00000E+00  0.00000E+00  1.29456E+02
   114  2.21305E-05 -5.99967E+00 -5.99967E+00 -3.31981E-08  0.00000E+00  0.00000E+00  1.29455E+02
   115  2.27824E-05 -5.99967E+00 -5.99967E+00 -3.51827E-08  0.00000E+00  0.00000E+00  1.29453E+02
   116  2.34528E-05 -5.99966E+00 -5.99966E+00 -3.72833E-08  0.00000E+00  0.00000E+00  1.29452E+02
   117  2.41421E-05 -5.99965E+00 -5.99965E+00 -3.95065E-08  0.00000E+00  0.00000E+00  1.29451E+02
   118  2.48508E-05 -5.99964E+00 -5.99963E+00 -4.18596E-08  0.00000E+00  0.00000E+00  1.29449E+02
   119  2.55795E-05 -5.99962E+00 -5.99962E+00 -4.43499E-08  0.00000E+00  0.00000E+00  1.29447E+02
   120  2.63287E-05 -5.99961E+00 -5.99961E+00 -4.69853E-08  0.00000E+00  0.00000E+00  1.29446E+02
   121  2.70990E-05 -5.99960E+00 -5.99960E+00 -4.97743E-08  0.00000E+00  0.00000E+00  1.29444E+02
   122  2.78911E-05 -5.99959E+00 -5.99959E+00 -5.27257E-08  0.00000E+00  0.00000E+00  1.29442E+02
   123  2.87054E-05 -5.99958E+00 -5.99958E+00 -5.58489E-08  0.00000E+00  0.00000E+00  1.29440E+02
   124  2.95428E-05 -5.99957E+00 -5.99957E+00 -5.91537E-08  0.00000E+00  0.00000E+00  1.29438E+02
   125  3.04037E-05 -5.99955E+00 -5.99955E+00 -6.26506E-08  0.00000E+00  0.00000E+00  1.29435E+02
   126  3.12889E-05 -5.99954E+00 -5.99954E+00 -6.63507E-08  0.00000E+00  0.00000E+00  1.29433E+02
   127  3.21990E-05 -5.99953E+00 -5.99953E+00 -7.02657E-08  0.00000E+00  0.00000E+00  1.29431E+02
   128  3.31348E-05 -5.99951E+00 -5.99951E+00 -7.44080E-08  0.00000E+00  0.00000E+00  1.29428E+02
   129  3.40970E-05 -5.99950E+00 -5.99950E+00 -7.87905E-08  0.00000E+00  0.00000E+00  1.29425E+02
   130  3.50863E-05 -5.99948E+00 -5.99948E+00 -8.34273E-08  0.00000E+00  0.00000E+00  1.29422E+02
   131  3.61035E-05 -5.99947E+00 -5.99947E+00 -8.83327E-08  0.00000E+00  0.00000E+00  1.29419E+02
   132  3.71494E-05 -5.99945E+00 -5.99945E+00 -9.35224E-08  0.00000E+00  0.00000E+00  1.29416E+02
   133  3.82247E-05 -5.99944E+00 -5.99944E+00 -9.90127E-08  0.00000E+00  0.00000E+00  1.29413E+02
   134  3.93304E-05 -5.99942E+00 -5.99942E+00 -1.04821E-07  0.00000E+00  0.00000E+00  1.29409E+02
   135  4.04672E-05 -5.99941E+00 -5.99941E+00 -1.10965E-07  0.00000E+00  0.00000E+00  1.29406E+02
   136  4.16360E-05 -5.99939E+00 -5.99939E+00 -1.17465E-07  0.00000E+00  0.00000E+00  1.29402E+02
   137  4.28379E-05 -5.99937E+00 -5.99937E+00 -1.24340E-07  0.00000E+00  0.00000E+00  1.29398E+02
   138  4.40735E-05 -5.99935E+00 -5.99935E+00 -1.31613E-07  0.00000E+00  0.00000E+00  1.29393E+02
   139  4.53441E-05 -5.99933E+00 -5.99933E+00 -1.39306E-07  0.00000E+00  0.00000E+00  1.29389E+02
   140  4.66504E-05 -5.99931E+00 -5.99931E+00 -1.47443E-07  0.00000E+00  0.00000E+00  1.29384E+02
   141  4.79935E-05 -5.99930E+00 -5.99930E+00 -1.56050E-07  0.00000E+00  0.00000E+00  1.29380E+02
   142  4.93746E-05 -5.99927E+00 -5.99927E+00 -1.65154E-07  0.00000E+00  0.00000E+00  1.29375E+02
   143  5.07945E-05 -5.99925E+00 -5.99925E+00 -1.74783E-07  0.00000E+00  0.00000E+00  1.29369E+02
   144  5.22545E-05 -5.99923E+00 -5.99923E+00 -1.84967E-07  0.00000E+00  0.00000E+00  1.29364E+02
   145  5.37556E-05 -5.99921E+00 -5.99921E+00 -1.95739E-07  0.00000E+00  0.00000E+00  1.29358E+02
   146  5.52990E-05 -5.99919E+00 -5.99919E+00 -2.07132E-07  0.00000E+00  0.00000E+00  1.29352E+02
   147  5.68859E-05 -5.99916E+00 -5.99916E+00 -2.19181E-07  0.00000E+00  0.00000E+00  1.29346E+02
   148  5.85176E-05 -5.99914E+00 -5.99914E+00 -2.31924E-07  0.00000E+00  0.00000E+00  1.29340E+02
   149  6.01953E-05 -5.99912E+00 -5.99912E+00 -2.45401E-07  0.00000E+00  0.00000E+00  1.29334E+02
   150  6.19202E-05 -5.99909E+00 -5.99909E+00 -2.59654E-07  0.00000E+00  0.00000E+00  1.29327E+02
   151  6.36938E-05 -5.99906E+00 -5.99906E+00 -2.74728E-07  0.00000E+00  0.00000E+00  1.29320E+02
   152  6.55174E-05 -5.99904E+00 -5.99904E+00 -2.90669E-07  0.00000E+00  0.00000E+00  1.29313E+02
   153  6.73923E-05 -5.99901E+00 -5.99901E+00 -3.07527E-07  0.00000E+00  0.00000E+00  1.29305E+02
   154  6.93201E-05 -5.99898E+00 -5.99898E+00 -3.25355E-07  0.00000E+00  0.00000E+00  1.29298E+02
   155  7.13023E-05 -5.99895E+00 -5.99895E+00 -3.44208E-07  0.00000E+00  0.00000E+00  1.29290E+02
   156  7.33403E-05 -5.99892E+00 -5.99892E+00 -3.64145E-07  0.00000E+00  0.00000E+00  1.29282E+02
   157  7.54358E-05 -5.99889E+00 -5.99889E+00 -3.85228E-07  0.00000E+00  0.00000E+00  1.29274E+02
   158  7.75903E-05 -5.99886E+00 -5.99886E+00 -4.07522E-07  0.00000E+00  0.00000E+00  1.29266E+02
   159  7.98056E-05 -5.99883E+00 -5.99883E+00 -4.31098E-07  0.00000E+00  0.00000E+00  1.29257E+02
   160  8.20833E-05 -5.99879E+00 -5.99879E+00 -4.56028E-07  0.00000E+00  0.00000E+00  1.29249E+02
   161  8.44252E-05 -5.99876E+00 -5.99876E+00 -4.82390E-07  0.00000E+00  0.00000E+00  1.29240E+02
   162  8.68331E-05 -5.99873E+00 -5.99872E+00 -5.10265E-07  0.00000E+00  0.00000E+00  1.29231E+02
   163  8.93089E-05 -5.99869E+00 -5.99869E+00 -5.39741E-07  0.00000E+00  0.00000E+00  1.29222E+02
   164  9.18545E-05 -5.99865E+00 -5.99865E+00 -5.70909E-07  0.00000E+00  0.00000E+00  1.29212E+02
   165  9.44719E-05 -5.99861E+00 -5.99861E+00 -6.03866E-07  0.00000E+00  0.00000E+00  1.29203E+02
   166  9.71630E-05 -5.99857E+00 -5.99857E+00 -6.38714E-07  0.00000E+00  0.00000E+00  1.29193E+02
   167  9.99300E-05 -5.99853E+00 -5.99853E+00 -6.75561E-07  0.00000E+00  0.00000E+00  1.29183E+02
   168  1.02775E-04 -5.99849E+00 -5.99849E+00 -7.14522E-07  0.00000E+00  0.00000E+00  1.29173E+02
   169  1.05700E-04 -5.99845E+00 -5.99845E+00 -7.55717E-07  0.00000E+00  0.00000E+00  1.29162E+02
   170  1.08708E-04 -5.99840E+00 -5.99840E+00 -7.99274E-07  0.00000E+00  0.00000E+00  1.29152E+02
   171  1.11800E-04 -5.99836E+00 -5.99836E+00 -8.45329E-07  0.00000E+00  0.00000E+00  1.29141E+02
   172  1.14980E-04 -5.99831E+00 -5.99831E+00 -8.94024E-07  0.00000E+00  0.00000E+00  1.29130E+02
   173  1.18249E-04 -5.99826E+00 -5.99826E+00 -9.45510E-07  0.00000E+00  0.00000E+00  1.29119E+02
   174  1.21610E-04 -5.99821E+00 -5.99821E+00 -9.99946E-07  0.00000E+00  0.00000E+00  1.29108E+02
   175  1.25066E-04 -5.99816E+00 -5.99816E+00 -1.05750E-06  0.00000E+00  0.00000E+00  1.29097E+02
   176  1.28620E-04 -5.99811E+00 -5.99811E+00 -1.11835E-06  0.00000E+00  0.00000E+00  1.29085E+02
   177  1.32273E-04 -5.99806E+00 -5.99806E+00 -1.18269E-06  0.00000E+00  0.00000E+00  1.29073E+02
   178  1.36030E-04 -5.99800E+00 -5.99800E+00 -1.25072E-06  0.00000E+00  0.00000E+00  1.29061E+02
   179  1.39892E-04 -5.99795E+00 -5.99795E+00 -1.32264E-06  0.00000E+00  0.00000E+00  1.29049E+02
   180  1.43864E-04 -5.99789E+00 -5.99789E+00 -1.39867E-06  0.00000E+00  0.00000E+00  1.29037E+02
   181  1.47947E-04 -5.99783E+00 -5.99783E+00 -1.47906E-06  0.00000E+00  0.00000E+00  1.29024E+02
   182  1.52146E-04 -5.99777E+00 -5.99777E+00 -1.56405E-06  0.00000E+00  0.00000E+00  1.29012E+02
   183  1.56462E-04 -5.99770E+00 -5.99770E+00 -1.65391E-06  0.00000E+00  0.00000E+00  1.28999E+02
   184  1.60901E-04 -5.99764E+00 -5.99764E+00 -1.74891E-06  0.00000E+00  0.00000E+00  1.28985E+02
   185  1.65464E-04 -5.99757E+00 -5.99757E+00 -1.84935E-06  0.00000E+00  0.00000E+00  1.28972E+02
   186  1.70157E-04 -5.99750E+00 -5.99750E+00 -1.95553E-06  0.00000E+00  0.00000E+00  1.28958E+02
   187  1.74981E-04 -5.99743E+00 -5.99743E+00 -2.06778E-06  0.00000E+00  0.00000E+00  1.28944E+02
   188  1.79941E-04 -5.99736E+00 -5.99736E+00 -2.18646E-06  0.00000E+00  0.00000E+00  1.28930E+02
   189  1.85042E-04 -5.99728E+00 -5.99728E+00 -2.31192E-06  0.00000E+00  0.00000E+00  1.28916E+02
   190  1.90286E-04 -5.99721E+00 -5.99720E+00 -2.44456E-06  0.00000E+00  0.00000E+00  1.28901E+02
   191  1.95678E-04 -5.99713E+00 -5.99713E+00 -2.58478E-06  0.00000E+00  0.00000E+00  1.28887E+02
   192  2.01221E-04 -5.99705E+00 -5.99704E+00 -2.73302E-06  0.00000E+00  0.00000E+00  1.28872E+02
   193  2.06921E-04 -5.99696E+00 -5.99696E+00 -2.88974E-06  0.00000E+00  0.00000E+00  1.28856E+02
   194  2.12782E-04 -5.99688E+00 -5.99687E+00 -3.05541E-06  0.00000E+00  0.00000E+00  1.28841E+02
   195  2.18808E-04 -5.99679E+00 -5.99679E+00 -3.23055E-06  0.00000E+00  0.00000E+00  1.28825E+02
   196  2.25004E-04 -5.99670E+00 -5.99669E+00 -3.41570E-06  0.00000E+00  0.00000E+00  1.28809E+02
   197  2.31374E-04 -5.99660E+00 -5.99660E+00 -3.61143E-06  0.00000E+00  0.00000E+00  1.28792E+02
   198  2.37924E-04 -5.99651E+00 -5.99651E+00 -3.81834E-06  0.00000E+00  0.00000E+00  1.28776E+02
   199  2.44659E-04 -5.99641E+00 -5.99641E+00 -4.03707E-06  0.00000E+00  0.00000E+00  1.28759E+02
   200  2.51583E-04 -5.99631E+00 -5.99630E+00 -4.26829E-06  0.00000E+00  0.00000E+00  1.28741E+02
   201  2.58703E-04 -5.99620E+00 -5.99620E+00 -4.51272E-06  0.00000E+00  0.00000E+00  1.28724E+02
   202  2.66023E-04 -5.99610E+00 -5.99609E+00 -4.77111E-06  0.00000E+00  0.00000E+00  1.28706E+02
   203  2.73550E-04 -5.99599E+00 -5.99598E+00 -5.04425E-06  0.00000E+00  0.00000E+00  1.28687E+02
   204  2.81288E-04 -5.99587E+00 -5.99587E+00 -5.33299E-06  0.00000E+00  0.00000E+00  1.28669E+02
   205  2.89245E-04 -5.99576E+00 -5.99575E+00 -5.63821E-06  0.00000E+00  0.00000E+00  1.28650E+02
   206  2.97426E-04 -5.99564E+00 -5.99563E+00 -5.96085E-06  0.00000E+00  0.00000E+00  1.28631E+02
   207  3.05838E-04 -5.99551E+00 -5.99551E+00 -6.30191E-06  0.00000E+00  0.00000E+00  1.28611E+02
   208  3.14487E-04 -5.99539E+00 -5.99538E+00 -6.66243E-06  0.00000E+00  0.00000E+00  1.28591E+02
   209  3.23379E-04 -5.99526E+00 -5.99525E+00 -7.04352E-06  0.00000E+00  0.00000E+00  1.28571E+02
   210  3.32523E-04 -5.99512E+00 -5.99512E+00 -7.44635E-06  0.00000E+00  0.00000E+00  1.28550E+02
   211  3.41924E-04 -5.99499E+00 -5.99498E+00 -7.87217E-06  0.00000E+00  0.00000E+00  1.28529E+02
   212  3.51590E-04 -5.99484E+00 -5.99484E+00 -8.32227E-06  0.00000E+00  0.00000E+00  1.28507E+02
   213  3.61528E-04 -5.99470E+00 -5.99469E+00 -8.79804E-06  0.00000E+00  0.00000E+00  1.28485E+02
   214  3.71747E-04 -5.99455E+00 -5.99454E+00 -9.30094E-06  0.00000E+00  0.00000E+00  1.28462E+02
   215  3.82253E-04 -5.99439E+00 -5.99439E+00 -9.83252E-06  0.00000E+00  0.00000E+00  1.28440E+02
   216  3.93056E-04 -5.99424E+00 -5.99423E+00 -1.03944E-05  0.00000E+00  0.00000E+00  1.28416E+02
   217  4.04163E-04 -5.99407E+00 -5.99406E+00 -1.09883E-05  0.00000E+00  0.00000E+00  1.28392E+02
   218  4.15583E-04 -5.99391E+00 -5.99390E+00 -1.16161E-05  0.00000E+00  0.00000E+00  1.28368E+02
   219  4.27325E-04 -5.99374E+00 -5.99372E+00 -1.22796E-05  0.00000E+00  0.00000E+00  1.28343E+02
   220  4.39398E-04 -5.99356E+00 -5.99355E+00 -1.29810E-05  0.00000E+00  0.00000E+00  1.28318E+02
   221  4.51811E-04 -5.99338E+00 -5.99336E+00 -1.37223E-05  0.00000E+00  0.00000E+00  1.28292E+02
   222  4.64575E-04 -5.99319E+00 -5.99318E+00 -1.45058E-05  0.00000E+00  0.00000E+00  1.28266E+02
   223  4.77698E-04 -5.99300E+00 -5.99298E+00 -1.53340E-05  0.00000E+00  0.00000E+00  1.28239E+02
   224  4.91190E-04 -5.99280E+00 -5.99278E+00 -1.62093E-05  0.00000E+00  0.00000E+00  1.28211E+02
   225  5.05064E-04 -5.99260E+00 -5.99258E+00 -1.71345E-05  0.00000E+00  0.00000E+00  1.28183E+02
   226  5.19328E-04 -5.99239E+00 -5.99237E+00 -1.81124E-05  0.00000E+00  0.00000E+00  1.28154E+02
   227  5.33994E-04 -5.99218E+00 -5.99216E+00 -1.91459E-05  0.00000E+00  0.00000E+00  1.28125E+02
   228  5.49073E-04 -5.99195E+00 -5.99193E+00 -2.02383E-05  0.00000E+00  0.00000E+00  1.28095E+02
   229  5.64578E-04 -5.99173E+00 -5.99171E+00 -2.13928E-05  0.00000E+00  0.00000E+00  1.28065E+02
   230  5.80519E-04 -5.99150E+00 -5.99147E+00 -2.26130E-05  0.00000E+00  0.00000E+00  1.28033E+02
   231  5.96910E-04 -5.99126E+00 -5.99123E+00 -2.39026E-05  0.00000E+00  0.00000E+00  1.28002E+02
   232  6.13763E-04 -5.99101E+00 -5.99098E+00 -2.52656E-05  0.00000E+00  0.00000E+00  1.27969E+02
   233  6.31091E-04 -5.99076E+00 -5.99073E+00 -2.67061E-05  0.00000E+00  0.00000E+00  1.27936E+02
   234  6.48907E-04 -5.99050E+00 -5.99047E+00 -2.82286E-05  0.00000E+00  0.00000E+00  1.27901E+02
   235  6.67225E-04 -5.99023E+00 -5.99020E+00 -2.98375E-05  0.00000E+00  0.00000E+00  1.27867E+02
   236  6.86060E-04 -5.98995E+00 -5.98992E+00 -3.15380E-05  0.00000E+00  0.00000E+00  1.27831E+02
   237  7.05425E-04 -5.98967E+00 -5.98964E+00 -3.33351E-05  0.00000E+00  0.00000E+00  1.27794E+02
   238  7.25336E-04 -5.98938E+00 -5.98935E+00 -3.52343E-05  0.00000E+00  0.00000E+00  1.27757E+02
   239  7.45809E-04 -5.98908E+00 -5.98904E+00 -3.72414E-05  0.00000E+00  0.00000E+00  1.27719E+02
   240  7.66858E-04 -5.98877E+00 -5.98874E+00 -3.93625E-05  0.00000E+00  0.00000E+00  1.27680E+02
   241  7.88501E-04 -5.98846E+00 -5.98842E+00 -4.16041E-05  0.00000E+00  0.00000E+00  1.27640E+02
   242  8.10754E-04 -5.98813E+00 -5.98809E+00 -4.39730E-05  0.00000E+00  0.00000E+00  1.27599E+02
   243  8.33633E-04 -5.98780E+00 -5.98775E+00 -4.64764E-05  0.00000E+00  0.00000E+00  1.27558E+02
   244  8.57158E-04 -5.98746E+00 -5.98741E+00 -4.91218E-05  0.00000E+00  0.00000E+00  1.27515E+02
   245  8.81345E-04 -5.98711E+00 -5.98705E+00 -5.19174E-05  0.00000E+00  0.00000E+00  1.27471E+02
   246  9.06215E-04 -5.98674E+00 -5.98669E+00 -5.48715E-05  0.00000E+00  0.00000E+00  1.27426E+02
   247  9.31785E-04 -5.98637E+00 -5.98631E+00 -5.79932E-05  0.00000E+00  0.00000E+00  1.27380E+02
   248  9.58076E-04 -5.98599E+00 -5.98593E+00 -6.12920E-05  0.00000E+00  0.00000E+00  1.27333E+02
   249  9.85107E-04 -5.98559E+00 -5.98553E+00 -6.47778E-05  0.00000E+00  0.00000E+00  1.27285E+02
   250  1.01290E-03 -5.98519E+00 -5.98512E+00 -6.84611E-05  0.00000E+00  0.00000E+00  1.27236E+02
   251  1.04148E-03 -5.98477E+00 -5.98470E+00 -7.23532E-05  0.00000E+00  0.00000E+00  1.27186E+02
   252  1.07086E-03 -5.98435E+00 -5.98427E+00 -7.64658E-05  0.00000E+00  0.00000E+00  1.27134E+02
   253  1.10107E-03 -5.98391E+00 -5.98383E+00 -8.08114E-05  0.00000E+00  0.00000E+00  1.27082E+02
   254  1.13213E-03 -5.98346E+00 -5.98337E+00 -8.54029E-05  0.00000E+00  0.00000E+00  1.27027E+02
   255  1.16407E-03 -5.98299E+00 -5.98290E+00 -9.02545E-05  0.00000E+00  0.00000E+00  1.26972E+02
   256  1.19691E-03 -5.98251E+00 -5.98242E+00 -9.53805E-05  0.00000E+00  0.00000E+00  1.26915E+02
   257  1.23067E-03 -5.98202E+00 -5.98192E+00 -1.00797E-04  0.00000E+00  0.00000E+00  1.26857E+02
   258  1.26538E-03 -5.98152E+00 -5.98141E+00 -1.06519E-04  0.00000E+00  0.00000E+00  1.26798E+02
   259  1.30107E-03 -5.98100E+00 -5.98089E+00 -1.12565E-04  0.00000E+00  0.00000E+00  1.26737E+02
   260  1.33777E-03 -5.98047E+00 -5.98035E+00 -1.18953E-04  0.00000E+00  0.00000E+00  1.26674E+02
   261  1.37550E-03 -5.97992E+00 -5.97980E+00 -1.25701E-04  0.00000E+00  0.00000E+00  1.26610E+02
   262  1.41430E-03 -5.97936E+00 -5.97923E+00 -1.32831E-04  0.00000E+00  0.00000E+00  1.26544E+02
   263  1.45419E-03 -5.97878E+00 -5.97864E+00 -1.40364E-04  0.00000E+00  0.00000E+00  1.26477E+02
   264  1.49520E-03 -5.97819E+00 -5.97804E+00 -1.48322E-04  0.00000E+00  0.00000E+00  1.26408E+02
   265  1.53737E-03 -5.97758E+00 -5.97742E+00 -1.56729E-04  0.00000E+00  0.00000E+00  1.26338E+02
   266  1.58073E-03 -5.97695E+00 -5.97678E+00 -1.65610E-04  0.00000E+00  0.00000E+00  1.26265E+02
   267  1.62531E-03 -5.97630E+00 -5.97613E+00 -1.74992E-04  0.00000E+00  0.00000E+00  1.26191E+02
   268  1.67114E-03 -5.97564E+00 -5.97545E+00 -1.84902E-04  0.00000E+00  0.00000E+00  1.26115E+02
   269  1.71827E-03 -5.97496E+00 -5.97476E+00 -1.95372E-04  0.00000E+00  0.00000E+00  1.26037E+02
   270  1.76672E-03 -5.97426E+00 -5.97405E+00 -2.06431E-04  0.00000E+00  0.00000E+00  1.25957E+02
   271  1.81654E-03 -5.97354E+00 -5.97332E+00 -2.18112E-04  0.00000E+00  0.00000E+00  1.25875E+02
   272  1.86777E-03 -5.97280E+00 -5.97257E+00 -2.30451E-04  0.00000E+00  0.00000E+00  1.25791E+02
   273  1.92043E-03 -5.97204E+00 -5.97179E+00 -2.43484E-04  0.00000E+00  0.00000E+00  1.25705E+02
   274  1.97458E-03 -5.97125E+00 -5.97100E+00 -2.57250E-04  0.00000E+00  0.00000E+00  1.25617E+02
   275  2.03026E-03 -5.97045E+00 -5.97018E+00 -2.71789E-04  0.00000E+00  0.00000E+00  1.25526E+02
   276  2.08751E-03 -5.96963E+00 -5.96934E+00 -2.87145E-04  0.00000E+00  0.00000E+00  1.25433E+02
   277  2.14636E-03 -5.96878E+00 -5.96847E+00 -3.03363E-04  0.00000E+00  0.00000E+00  1.25338E+02
   278  2.20688E-03 -5.96791E+00 -5.96759E+00 -3.20492E-04  0.00000E+00  0.00000E+00  1.25240E+02
   279  2.26910E-03 -5.96701E+00 -5.96667E+00 -3.38581E-04  0.00000E+00  0.00000E+00  1.25140E+02
   280  2.33308E-03 -5.96609E+00 -5.96573E+00 -3.57684E-04  0.00000E+00  0.00000E+00  1.25038E+02
   281  2.39886E-03 -5.96514E+00 -5.96477E+00 -3.77858E-04  0.00000E+00  0.00000E+00  1.24933E+02
   282  2.46649E-03 -5.96417E+00 -5.96377E+00 -3.99161E-04  0.00000E+00  0.00000E+00  1.24825E+02
   283  2.53603E-03 -5.96317E+00 -5.96275E+00 -4.21656E-04  0.00000E+00  0.00000E+00  1.24714E+02
   284  2.60752E-03 -5.96215E+00 -5.96170E+00 -4.45410E-04  0.00000E+00  0.00000E+00  1.24600E+02
   285  2.68103E-03 -5.96109E+00 -5.96062E+00 -4.70491E-04  0.00000E+00  0.00000E+00  1.24484E+02
   286  2.75661E-03 -5.96001E+00 -5.95951E+00 -4.96973E-04  0.00000E+00  0.00000E+00  1.24365E+02
   287  2.83432E-03 -5.95890E+00 -5.95837E+00 -5.24934E-04  0.00000E+00  0.00000E+00  1.24242E+02
   288  2.91422E-03 -5.95775E+00 -5.95720E+00 -5.54455E-04  0.00000E+00  0.00000E+00  1.24116E+02
   289  2.99637E-03 -5.95658E+00 -5.95599E+00 -5.85621E-04  0.00000E+00  0.00000E+00  1.23988E+02
   290  3.08084E-03 -5.95537E+00 -5.95475E+00 -6.18524E-04  0.00000E+00  0.00000E+00  1.23856E+02
   291  3.16768E-03 -5.95413E+00 -5.95348E+00 -6.53258E-04  0.00000E+00  0.00000E+00  1.23720E+02
   292  3.25698E-03 -5.95286E+00 -5.95217E+00 -6.89925E-04  0.00000E+00  0.00000E+00  1.23581E+02
   293  3.34878E-03 -5.95155E+00 -5.95082E+00 -7.28630E-04  0.00000E+00  0.00000E+00  1.23439E+02
   294  3.44317E-03 -5.95020E+00 -5.94943E+00 -7.69484E-04  0.00000E+00  0.00000E+00  1.23292E+02
   295  3.54023E-03 -5.94882E+00 -5.94801E+00 -8.12605E-04  0.00000E+00  0.00000E+00  1.23142E+02
   296  3.64001E-03 -5.94740E+00 -5.94654E+00 -8.58118E-04  0.00000E+00  0.00000E+00  1.22989E+02
   297  3.74261E-03 -5.94594E+00 -5.94504E+00 -9.06152E-04  0.00000E+00  0.00000E+00  1.22831E+02
   298  3.84810E-03 -5.94445E+00 -5.94349E+00 -9.56845E-04  0.00000E+00  0.00000E+00  1.22669E+02
   299  3.95655E-03 -5.94291E+00 -5.94190E+00 -1.01034E-03  0.00000E+00  0.00000E+00  1.22503E+02
   300  4.06807E-03 -5.94133E+00 -5.94026E+00 -1.06679E-03  0.00000E+00  0.00000E+00  1.22333E+02
   301  4.18272E-03 -5.93970E+00 -5.93858E+00 -1.12636E-03  0.00000E+00  0.00000E+00  1.22158E+02
   302  4.30060E-03 -5.93804E+00 -5.93685E+00 -1.18921E-03  0.00000E+00  0.00000E+00  1.21979E+02
   303  4.42181E-03 -5.93633E+00 -5.93507E+00 -1.25553E-03  0.00000E+00  0.00000E+00  1.21796E+02
   304  4.54642E-03 -5.93457E+00 -5.93324E+00 -1.32549E-03  0.00000E+00  0.00000E+00  1.21608E+02
   305  4.67455E-03 -5.93276E+00 -5.93136E+00 -1.39930E-03  0.00000E+00  0.00000E+00  1.21414E+02
   306  4.80628E-03 -5.93091E+00 -5.92943E+00 -1.47716E-03  0.00000E+00  0.00000E+00  1.21216E+02
   307  4.94173E-03 -5.92900E+00 -5.92744E+00 -1.55929E-03  0.00000E+00  0.00000E+00  1.21013E+02
   308  5.08099E-03 -5.92704E+00 -5.92540E+00 -1.64592E-03  0.00000E+00  0.00000E+00  1.20805E+02
   309  5.22417E-03 -5.92504E+00 -5.92330E+00 -1.73729E-03  0.00000E+00  0.00000E+00  1.20591E+02
   310  5.37138E-03 -5.92297E+00 -5.92114E+00 -1.83365E-03  0.00000E+00  0.00000E+00  1.20372E+02
   311  5.52274E-03 -5.92085E+00 -5.91892E+00 -1.93527E-03  0.00000E+00  0.00000E+00  1.20148E+02
   312  5.67836E-03 -5.91868E+00 -5.91664E+00 -2.04242E-03  0.00000E+00  0.00000E+00  1.19918E+02
   313  5.83836E-03 -5.91645E+00 -5.91429E+00 -2.15541E-03  0.00000E+00  0.00000E+00  1.19682E+02
   314  6.00287E-03 -5.91415E+00 -5.91188E+00 -2.27453E-03  0.00000E+00  0.00000E+00  1.19439E+02
   315  6.17201E-03 -5.91180E+00 -5.90940E+00 -2.40012E-03  0.00000E+00  0.00000E+00  1.19191E+02
   316  6.34591E-03 -5.90938E+00 -5.90685E+00 -2.53252E-03  0.00000E+00  0.00000E+00  1.18937E+02
   317  6.52471E-03 -5.90690E+00 -5.90423E+00 -2.67207E-03  0.00000E+00  0.00000E+00  1.18676E+02
   318  6.70854E-03 -5.90435E+00 -5.90154E+00 -2.81916E-03  0.00000E+00  0.00000E+00  1.18408E+02
   319  6.89754E-03 -5.90174E+00 -5.89877E+00 -2.97419E-03  0.00000E+00  0.00000E+00  1.18134E+02
   320  7.09187E-03 -5.89906E+00 -5.89592E+00 -3.13755E-03  0.00000E+00  0.00000E+00  1.17853E+02
   321  7.29167E-03 -5.89630E+00 -5.89299E+00 -3.30969E-03  0.00000E+00  0.00000E+00  1.17565E+02
   322  7.49709E-03 -5.89347E+00 -5.88998E+00 -3.49107E-03  0.00000E+00  0.00000E+00  1.17270E+02
   323  7.70829E-03 -5.89057E+00 -5.88689E+00 -3.68215E-03  0.00000E+00  0.00000E+00  1.16967E+02
   324  7.92544E-03 -5.88759E+00 -5.88371E+00 -3.88344E-03  0.00000E+00  0.00000E+00  1.16657E+02
   325  8.14870E-03 -5.88454E+00 -5.88044E+00 -4.09546E-03  0.00000E+00  0.00000E+00  1.16340E+02
   326  8.37825E-03 -5.88140E+00 -5.87708E+00 -4.31876E-03  0.00000E+00  0.00000E+00  1.16014E+02
   327  8.61425E-03 -5.87818E+00 -5.87363E+00 -4.55392E-03  0.00000E+00  0.00000E+00  1.15680E+02
   328  8.85690E-03 -5.87488E+00 -5.87008E+00 -4.80154E-03  0.00000E+00  0.00000E+00  1.15339E+02
   329  9.10637E-03 -5.87149E+00 -5.86643E+00 -5.06224E-03  0.00000E+00  0.00000E+00  1.14988E+02
   330  9.36287E-03 -5.86801E+00 -5.86268E+00 -5.33670E-03  0.00000E+00  0.00000E+00  1.14630E+02
   331  9.62658E-03 -5.86445E+00 -5.85882E+00 -5.62559E-03  0.00000E+00  0.00000E+00  1.14262E+02
   332  9.89771E-03 -5.86079E+00 -5.85486E+00 -5.92964E-03  0.00000E+00  0.00000E+00  1.13886E+02
   333  1.01765E-02 -5.85703E+00 -5.85078E+00 -6.24960E-03  0.00000E+00  0.00000E+00  1.13500E+02
   334  1.04631E-02 -5.85318E+00 -5.84660E+00 -6.58627E-03  0.00000E+00  0.00000E+00  1.13105E+02
   335  1.07577E-02 -5.84923E+00 -5.84229E+00 -6.94046E-03  0.00000E+00  0.00000E+00  1.12701E+02
   336  1.10607E-02 -5.84518E+00 -5.83787E+00 -7.31304E-03  0.00000E+00  0.00000E+00  1.12287E+02
   337  1.13722E-02 -5.84103E+00 -5.83332E+00 -7.70490E-03  0.00000E+00  0.00000E+00  1.11863E+02
   338  1.16924E-02 -5.83677E+00 -5.82865E+00 -8.11698E-03  0.00000E+00  0.00000E+00  1.11429E+02
   339  1.20217E-02 -5.83240E+00 -5.82385E+00 -8.55026E-03  0.00000E+00  0.00000E+00  1.10985E+02
   340  1.23602E-02 -5.82792E+00 -5.81891E+00 -9.00575E-03  0.00000E+00  0.00000E+00  1.10530E+02
   341  1.27082E-02 -5.82332E+00 -5.81384E+00 -9.48453E-03  0.00000E+00  0.00000E+00  1.10065E+02
   342  1.30660E-02 -5.81861E+00 -5.80863E+00 -9.98768E-03  0.00000E+00  0.00000E+00  1.09589E+02
   343  1.34339E-02 -5.81379E+00 -5.80327E+00 -1.05164E-02  0.00000E+00  0.00000E+00  1.09102E+02
   344  1.38121E-02 -5.80884E+00 -5.79776E+00 -1.10718E-02  0.00000E+00  0.00000E+00  1.08604E+02
   345  1.42009E-02 -5.80376E+00 -5.79211E+00 -1.16552E-02  0.00000E+00  0.00000E+00  1.08094E+02
   346  1.46007E-02 -5.79856E+00 -5.78629E+00 -1.22678E-02  0.00000E+00  0.00000E+00  1.07572E+02
   347  1.50117E-02 -5.79323E+00 -5.78032E+00 -1.29111E-02  0.00000E+00  0.00000E+00  1.07039E+02
   348  1.54343E-02 -5.78777E+00 -5.77418E+00 -1.35864E-02  0.00000E+00  0.00000E+00  1.06494E+02
   349  1.58688E-02 -5.78217E+00 -5.76788E+00 -1.42951E-02  0.00000E+00  0.00000E+00  1.05936E+02
   350  1.63154E-02 -5.77644E+00 -5.76140E+00 -1.50387E-02  0.00000E+00  0.00000E+00  1.05366E+02
   351  1.67746E-02 -5.77056E+00 -5.75474E+00 -1.58189E-02  0.00000E+00  0.00000E+00  1.04784E+02
   352  1.72468E-02 -5.76454E+00 -5.74790E+00 -1.66372E-02  0.00000E+00  0.00000E+00  1.04189E+02
   353  1.77321E-02 -5.75837E+00 -5.74088E+00 -1.74952E-02  0.00000E+00  0.00000E+00  1.03580E+02
   354  1.82312E-02 -5.75206E+00 -5.73366E+00 -1.83947E-02  0.00000E+00  0.00000E+00  1.02959E+02
   355  1.87442E-02 -5.74558E+00 -5.72625E+00 -1.93375E-02  0.00000E+00  0.00000E+00  1.02324E+02
   356  1.92716E-02 -5.73896E+00 -5.71863E+00 -2.03253E-02  0.00000E+00  0.00000E+00  1.01676E+02
   357  1.98139E-02 -5.73217E+00 -5.71081E+00 -2.13601E-02  0.00000E+00  0.00000E+00  1.01014E+02
   358  2.03714E-02 -5.72522E+00 -5.70277E+00 -2.24438E-02  0.00000E+00  0.00000E+00  1.00338E+02
   359  2.09445E-02 -5.71810E+00 -5.69452E+00 -2.35783E-02  0.00000E+00  0.00000E+00  9.96480E+01
   360  2.15338E-02 -5.71081E+00 -5.68605E+00 -2.47658E-02  0.00000E+00  0.00000E+00  9.89439E+01
   361  2.21395E-02 -5.70335E+00 -5.67735E+00 -2.60084E-02  0.00000E+00  0.00000E+00  9.82255E+01
   362  2.27623E-02 -5.69572E+00 -5.66841E+00 -2.73081E-02  0.00000E+00  0.00000E+00  9.74925E+01
   363  2.34026E-02 -5.68790E+00 -5.65923E+00 -2.86671E-02  0.00000E+00  0.00000E+00  9.67450E+01
   364  2.40608E-02 -5.67990E+00 -5.64981E+00 -3.00878E-02  0.00000E+00  0.00000E+00  9.59827E+01
   365  2.47375E-02 -5.67171E+00 -5.64014E+00 -3.15724E-02  0.00000E+00  0.00000E+00  9.52056E+01
   366  2.54332E-02 -5.66333E+00 -5.63021E+00 -3.31232E-02  0.00000E+00  0.00000E+00  9.44134E+01
   367  2.61484E-02 -5.65476E+00 -5.62002E+00 -3.47426E-02  0.00000E+00  0.00000E+00  9.36062E+01
   368  2.68837E-02 -5.64599E+00 -5.60955E+00 -3.64331E-02  0.00000E+00  0.00000E+00  9.27838E+01
   369  2.76396E-02 -5.63701E+00 -5.59882E+00 -3.81969E-02  0.00000E+00  0.00000E+00  9.19462E+01
   370  2.84167E-02 -5.62783E+00 -5.58779E+00 -4.00367E-02  0.00000E+00  0.00000E+00  9.10932E+01
   371  2.92155E-02 -5.61844E+00 -5.57649E+00 -4.19548E-02  0.00000E+00  0.00000E+00  9.02249E+01
   372  3.00368E-02 -5.60884E+00 -5.56488E+00 -4.39538E-02  0.00000E+00  0.00000E+00  8.93411E+01
   373  3.08811E-02 -5.59901E+00 -5.55298E+00 -4.60362E-02  0.00000E+00  0.00000E+00  8.84419E+01
   374  3.17490E-02 -5.58897E+00 -5.54076E+00 -4.82044E-02  0.00000E+00  0.00000E+00  8.75272E+01
   375  3.26413E-02 -5.57869E+00 -5.52823E+00 -5.04609E-02  0.00000E+00  0.00000E+00  8.65971E+01
   376  3.35586E-02 -5.56819E+00 -5.51538E+00 -5.28082E-02  0.00000E+00  0.00000E+00  8.56516E+01
   377  3.45015E-02 -5.55745E+00 -5.50220E+00 -5.52487E-02  0.00000E+00  0.00000E+00  8.46906E+01
   378  3.54709E-02 -5.54648E+00 -5.48869E+00 -5.77848E-02  0.00000E+00  0.00000E+00  8.37143E+01
   379  3.64674E-02 -5.53525E+00 -5.47484E+00 -6.04189E-02  0.00000E+00  0.00000E+00  8.27228E+01
   380  3.74919E-02 -5.52379E+00 -5.46063E+00 -6.31532E-02  0.00000E+00  0.00000E+00  8.17161E+01
   381  3.85449E-02 -5.51206E+00 -5.44607E+00 -6.59898E-02  0.00000E+00  0.00000E+00  8.06944E+01
   382  3.96275E-02 -5.50008E+00 -5.43115E+00 -6.89310E-02  0.00000E+00  0.00000E+00  7.96577E+01
   383  4.07404E-02 -5.48784E+00 -5.41586E+00 -7.19786E-02  0.00000E+00  0.00000E+00  7.86063E+01
   384  4.18843E-02 -5.47533E+00 -5.40019E+00 -7.51345E-02  0.00000E+00  0.00000E+00  7.75404E+01
   385  4.30603E-02 -5.46255E+00 -5.38414E+00 -7.84004E-02  0.00000E+00  0.00000E+00  7.64601E+01
   386  4.42692E-02 -5.44948E+00 -5.36771E+00 -8.17778E-02  0.00000E+00  0.00000E+00  7.53657E+01
   387  4.55118E-02 -5.43614E+00 -5.35087E+00 -8.52682E-02  0.00000E+00  0.00000E+00  7.42575E+01
   388  4.67892E-02 -5.42251E+00 -5.33364E+00 -8.88725E-02  0.00000E+00  0.00000E+00  7.31357E+01
   389  4.81023E-02 -5.40858E+00 -5.31599E+00 -9.25918E-02  0.00000E+00  0.00000E+00  7.20007E+01
   390  4.94520E-02 -5.39436E+00 -5.29793E+00 -9.64267E-02  0.00000E+00  0.00000E+00  7.08528E+01
   391  5.08395E-02 -5.37983E+00 -5.27945E+00 -1.00377E-01  0.00000E+00  0.00000E+00  6.96924E+01
   392  5.22657E-02 -5.36499E+00 -5.26055E+00 -1.04444E-01  0.00000E+00  0.00000E+00  6.85199E+01
   393  5.37317E-02 -5.34984E+00 -5.24121E+00 -1.08627E-01  0.00000E+00  0.00000E+00  6.73357E+01
   394  5.52386E-02 -5.33436E+00 -5.22143E+00 -1.12924E-01  0.00000E+00  0.00000E+00  6.61403E+01
   395  5.67876E-02 -5.31855E+00 -5.20121E+00 -1.17336E-01  0.00000E+00  0.00000E+00  6.49342E+01
   396  5.83797E-02 -5.30240E+00 -5.18054E+00 -1.21860E-01  0.00000E+00  0.00000E+00  6.37179E+01
   397  6.00163E-02 -5.28592E+00 -5.15942E+00 -1.26495E-01  0.00000E+00  0.00000E+00  6.24919E+01
   398  6.16984E-02 -5.26908E+00 -5.13785E+00 -1.31239E-01  0.00000E+00  0.00000E+00  6.12570E+01
   399  6.34275E-02 -5.25189E+00 -5.11581E+00 -1.36088E-01  0.00000E+00  0.00000E+00  6.00137E+01
   400  6.52047E-02 -5.23434E+00 -5.09330E+00 -1.41038E-01  0.00000E+00  0.00000E+00  5.87626E+01
   401  6.70314E-02 -5.21642E+00 -5.07033E+00 -1.46087E-01  0.00000E+00  0.00000E+00  5.75044E+01
   402  6.89089E-02 -5.19812E+00 -5.04689E+00 -1.51230E-01  0.00000E+00  0.00000E+00  5.62400E+01
   403  7.08387E-02 -5.17943E+00 -5.02297E+00 -1.56461E-01  0.00000E+00  0.00000E+00  5.49699E+01
   404  7.28221E-02 -5.16035E+00 -4.99858E+00 -1.61774E-01  0.00000E+00  0.00000E+00  5.36951E+01
   405  7.48608E-02 -5.14088E+00 -4.97371E+00 -1.67163E-01  0.00000E+00  0.00000E+00  5.24162E+01
   406  7.69561E-02 -5.12099E+00 -4.94837E+00 -1.72621E-01  0.00000E+00  0.00000E+00  5.11343E+01
   407  7.91096E-02 -5.10068E+00 -4.92254E+00 -1.78139E-01  0.00000E+00  0.00000E+00  4.98501E+01
   408  8.13229E-02 -5.07995E+00 -4.89624E+00 -1.83709E-01  0.00000E+00  0.00000E+00  4.85645E+01
   409  8.35977E-02 -5.05878E+00 -4.86946E+00 -1.89321E-01  0.00000E+00  0.00000E+00  4.72785E+01
   410  8.59356E-02 -5.03717E+00 -4.84221E+00 -1.94966E-01  0.00000E+00  0.00000E+00  4.59931E+01
   411  8.83383E-02 -5.01511E+00 -4.81448E+00 -2.00632E-01  0.00000E+00  0.00000E+00  4.47091E+01
   412  9.08077E-02 -4.99259E+00 -4.78628E+00 -2.06306E-01  0.00000E+00  0.00000E+00  4.34276E+01
   413  9.33455E-02 -4.96959E+00 -4.75762E+00 -2.11977E-01  0.00000E+00  0.00000E+00  4.21497E+01
   414  9.59536E-02 -4.94612E+00 -4.72849E+00 -2.17631E-01  0.00000E+00  0.00000E+00  4.08764E+01
   415  9.86339E-02 -4.92216E+00 -4.69891E+00 -2.23253E-01  0.00000E+00  0.00000E+00  3.96086E+01
   416  1.01388E-01 -4.89770E+00 -4.66887E+00 -2.28829E-01  0.00000E+00  0.00000E+00  3.83476E+01
   417  1.04219E-01 -4.87273E+00 -4.63839E+00 -2.34342E-01  0.00000E+00  0.00000E+00  3.70943E+01
   418  1.07128E-01 -4.84725E+00 -4.60747E+00 -2.39776E-01  0.00000E+00  0.00000E+00  3.58498E+01
   419  1.10117E-01 -4.82124E+00 -4.57613E+00 -2.45113E-01  0.00000E+00  0.00000E+00  3.46153E+01
   420  1.13189E-01 -4.79470E+00 -4.54436E+00 -2.50336E-01  0.00000E+00  0.00000E+00  3.33919E+01
   421  1.16346E-01 -4.76761E+00 -4.51219E+00 -2.55426E-01  0.00000E+00  0.00000E+00  3.21806E+01
   422  1.19590E-01 -4.73998E+00 -4.47961E+00 -2.60363E-01  0.00000E+00  0.00000E+00  3.09825E+01
   423  1.22923E-01 -4.71178E+00 -4.44665E+00 -2.65128E-01  0.00000E+00  0.00000E+00  2.97987E+01
   424  1.26348E-01 -4.68301E+00 -4.41331E+00 -2.69701E-01  0.00000E+00  0.00000E+00  2.86303E+01
   425  1.29867E-01 -4.65368E+00 -4.37961E+00 -2.74062E-01  0.00000E+00  0.00000E+00  2.74783E+01
   426  1.33483E-01 -4.62375E+00 -4.34556E+00 -2.78189E-01  0.00000E+00  0.00000E+00  2.63438E+01
   427  1.37199E-01 -4.59324E+00 -4.31118E+00 -2.82062E-01  0.00000E+00  0.00000E+00  2.52278E+01
   428  1.41016E-01 -4.56214E+00 -4.27648E+00 -2.85660E-01  0.00000E+00  0.00000E+00  2.41313E+01
   429  1.44939E-01 -4.53043E+00 -4.24147E+00 -2.88962E-01  0.00000E+00  0.00000E+00  2.30552E+01
   430  1.48969E-01 -4.49812E+00 -4.20618E+00 -2.91947E-01  0.00000E+00  0.00000E+00  2.20004E+01
   431  1.53109E-01 -4.46521E+00 -4.17061E+00 -2.94597E-01  0.00000E+00  0.00000E+00  2.09679E+01
   432  1.57363E-01 -4.43168E+00 -4.13479E+00 -2.96890E-01  0.00000E+00  0.00000E+00  1.99585E+01
   433  1.61734E-01 -4.39754E+00 -4.09873E+00 -2.98808E-01  0.00000E+00  0.00000E+00  1.89730E+01
   434  1.66224E-01 -4.36279E+00 -4.06246E+00 -3.00333E-01  0.00000E+00  0.00000E+00  1.80121E+01
   435  1.70836E-01 -4.32743E+00 -4.02598E+00 -3.01449E-01  0.00000E+00  0.00000E+00  1.70765E+01
   436  1.75575E-01 -4.29146E+00 -3.98932E+00 -3.02139E-01  0.00000E+00  0.00000E+00  1.61670E+01
   437  1.80443E-01 -4.25488E+00 -3.95249E+00 -3.02388E-01  0.00000E+00  0.00000E+00  1.52839E+01
   438  1.85443E-01 -4.21770E+00 -3.91551E+00 -3.02186E-01  0.00000E+00  0.00000E+00  1.44280E+01
   439  1.90580E-01 -4.17992E+00 -3.87840E+00 -3.01519E-01  0.00000E+00  0.00000E+00  1.35996E+01
   440  1.95857E-01 -4.14156E+00 -3.84118E+00 -3.00380E-01  0.00000E+00  0.00000E+00  1.27992E+01
   441  2.01277E-01 -4.10262E+00 -3.80386E+00 -2.98762E-01  0.00000E+00  0.00000E+00  1.20270E+01
   442  2.06844E-01 -4.06311E+00 -3.76645E+00 -2.96660E-01  0.00000E+00  0.00000E+00  1.12833E+01
   443  2.12562E-01 -4.02305E+00 -3.72898E+00 -2.94073E-01  0.00000E+00  0.00000E+00  1.05683E+01
   444  2.18435E-01 -3.98245E+00 -3.69145E+00 -2.91001E-01  0.00000E+00  0.00000E+00  9.88207E+00
   445  2.24467E-01 -3.94132E+00 -3.65387E+00 -2.87447E-01  0.00000E+00  0.00000E+00  9.22470E+00
   446  2.30663E-01 -3.89969E+00 -3.61627E+00 -2.83420E-01  0.00000E+00  0.00000E+00  8.59612E+00
   447  2.37025E-01 -3.85758E+00 -3.57865E+00 -2.78927E-01  0.00000E+00  0.00000E+00  7.99622E+00
   448  2.43559E-01 -3.81500E+00 -3.54101E+00 -2.73983E-01  0.00000E+00  0.00000E+00  7.42483E+00
   449  2.50270E-01 -3.77198E+00 -3.50337E+00 -2.68603E-01  0.00000E+00  0.00000E+00  6.88167E+00
   450  2.57160E-01 -3.72854E+00 -3.46574E+00 -2.62807E-01  0.00000E+00  0.00000E+00  6.36643E+00
   451  2.64236E-01 -3.68472E+00 -3.42810E+00 -2.56617E-01  0.00000E+00  0.00000E+00  5.87872E+00
   452  2.71502E-01 -3.64053E+00 -3.39047E+00 -2.50060E-01  0.00000E+00  0.00000E+00  5.41807E+00
   453  2.78963E-01 -3.59602E+00 -3.35285E+00 -2.43163E-01  0.00000E+00  0.00000E+00  4.98396E+00
   454  2.86623E-01 -3.55120E+00 -3.31524E+00 -2.35960E-01  0.00000E+00  0.00000E+00  4.57581E+00
   455  2.94489E-01 -3.50611E+00 -3.27762E+00 -2.28486E-01  0.00000E+00  0.00000E+00  4.19298E+00
   456  3.02564E-01 -3.46078E+00 -3.24000E+00 -2.20777E-01  0.00000E+00  0.00000E+00  3.83478E+00
   457  3.10854E-01 -3.41524E+00 -3.20237E+00 -2.12874E-01  0.00000E+00  0.00000E+00  3.50047E+00
   458  3.19366E-01 -3.36953E+00 -3.16471E+00 -2.04819E-01  0.00000E+00  0.00000E+00  3.18927E+00
   459  3.28103E-01 -3.32367E+00 -3.12701E+00 -1.96657E-01  0.00000E+00  0.00000E+00  2.90036E+00
   460  3.37072E-01 -3.27770E+00 -3.08926E+00 -1.88432E-01  0.00000E+00  0.00000E+00  2.63287E+00
   461  3.46279E-01 -3.23164E+00 -3.05145E+00 -1.80190E-01  0.00000E+00  0.00000E+00  2.38592E+00
   462  3.55729E-01 -3.18553E+00 -3.01355E+00 -1.71980E-01  0.00000E+00  0.00000E+00  2.15861E+00
   463  3.65428E-01 -3.13940E+00 -2.97555E+00 -1.63846E-01  0.00000E+00  0.00000E+00  1.94999E+00
   464  3.75384E-01 -3.09326E+00 -2.93742E+00 -1.55837E-01  0.00000E+00  0.00000E+00  1.75914E+00
   465  3.85601E-01 -3.04714E+00 -2.89914E+00 -1.47997E-01  0.00000E+00  0.00000E+00  1.58509E+00
   466  3.96086E-01 -3.00107E+00 -2.86070E+00 -1.40371E-01  0.00000E+00  0.00000E+00  1.42689E+00
   467  4.06846E-01 -2.95505E+00 -2.82205E+00 -1.33001E-01  0.00000E+00  0.00000E+00  1.28359E+00
   468  4.17888E-01 -2.90911E+00 -2.78319E+00 -1.25925E-01  0.00000E+00  0.00000E+00  1.15424E+00
   469  4.29218E-01 -2.86326E+00 -2.74408E+00 -1.19181E-01  0.00000E+00  0.00000E+00  1.03790E+00
   470  4.40843E-01 -2.81749E+00 -2.70469E+00 -1.12802E-01  0.00000E+00  0.00000E+00  9.33660E-01
   471  4.52770E-01 -2.77183E+00 -2.66501E+00 -1.06816E-01  0.00000E+00  0.00000E+00  8.40611E-01
   472  4.65007E-01 -2.72626E+00 -2.62501E+00 -1.01249E-01  0.00000E+00  0.00000E+00  7.57879E-01
   473  4.77560E-01 -2.68078E+00 -2.58466E+00 -9.61226E-02  0.00000E+00  0.00000E+00  6.84614E-01
   474  4.90438E-01 -2.63540E+00 -2.54394E+00 -9.14511E-02  0.00000E+00  0.00000E+00  6.19998E-01
   475  5.03647E-01 -2.59008E+00 -2.50284E+00 -8.72461E-02  0.00000E+00  0.00000E+00  5.63245E-01
   476  5.17196E-01 -2.54483E+00 -2.46132E+00 -8.35137E-02  0.00000E+00  0.00000E+00  5.13603E-01
   477  5.31093E-01 -2.49963E+00 -2.41937E+00 -8.02549E-02  0.00000E+00  0.00000E+00  4.70361E-01
   478  5.45344E-01 -2.45445E+00 -2.37698E+00 -7.74661E-02  0.00000E+00  0.00000E+00  4.32844E-01
   479  5.59960E-01 -2.40927E+00 -2.33413E+00 -7.51387E-02  0.00000E+00  0.00000E+00  4.00417E-01
   480  5.74947E-01 -2.36408E+00 -2.29082E+00 -7.32595E-02  0.00000E+00  0.00000E+00  3.72490E-01
   481  5.90315E-01 -2.31885E+00 -2.24704E+00 -7.18112E-02  0.00000E+00  0.00000E+00  3.48508E-01
   482  6.06072E-01 -2.27356E+00 -2.20279E+00 -7.07725E-02  0.00000E+00  0.00000E+00  3.27964E-01
   483  6.22227E-01 -2.22818E+00 -2.15806E+00 -7.01184E-02  0.00000E+00  0.00000E+00  3.10387E-01
   484  6.38788E-01 -2.18268E+00 -2.11286E+00 -6.98206E-02  0.00000E+00  0.00000E+00  2.95348E-01
   485  6.55764E-01 -2.13705E+00 -2.06720E+00 -6.98484E-02  0.00000E+00  0.00000E+00  2.82458E-01
   486  6.73166E-01 -2.09127E+00 -2.02110E+00 -7.01686E-02  0.00000E+00  0.00000E+00  2.71366E-01
   487  6.91002E-01 -2.04532E+00 -1.97457E+00 -7.07461E-02  0.00000E+00  0.00000E+00  2.61757E-01
   488  7.09281E-01 -1.99918E+00 -1.92763E+00 -7.15446E-02  0.00000E+00  0.00000E+00  2.53352E-01
   489  7.28013E-01 -1.95284E+00 -1.88032E+00 -7.25269E-02  0.00000E+00  0.00000E+00  2.45904E-01
   490  7.47208E-01 -1.90631E+00 -1.83265E+00 -7.36556E-02  0.00000E+00  0.00000E+00  2.39199E-01
   491  7.66875E-01 -1.85956E+00 -1.78467E+00 -7.48931E-02  0.00000E+00  0.00000E+00  2.33051E-01
   492  7.87025E-01 -1.81261E+00 -1.73641E+00 -7.62026E-02  0.00000E+00  0.00000E+00  2.27303E-01
   493  8.07668E-01 -1.76546E+00 -1.68792E+00 -7.75481E-02  0.00000E+00  0.00000E+00  2.21821E-01
   494  8.28814E-01 -1.71813E+00 -1.63924E+00 -7.88949E-02  0.00000E+00  0.00000E+00  2.16496E-01
   495  8.50473E-01 -1.67063E+00 -1.59042E+00 -8.02100E-02  0.00000E+00  0.00000E+00  2.11238E-01
   496  8.72656E-01 -1.62299E+00 -1.54152E+00 -8.14625E-02  0.00000E+00  0.00000E+00  2.05977E-01
   497  8.95373E-01 -1.57522E+00 -1.49260E+00 -8.26235E-02  0.00000E+00  0.00000E+00  2.00659E-01
   498  9.18635E-01 -1.52737E+00 -1.44371E+00 -8.36668E-02  0.00000E+00  0.00000E+00  1.95246E-01
   499  9.42454E-01 -1.47948E+00 -1.39491E+00 -8.45689E-02  0.00000E+00  0.00000E+00  1.89712E-01
   500  9.66839E-01 -1.43158E+00 -1.34627E+00 -8.53091E-02  0.00000E+00  0.00000E+00  1.84042E-01
   501  9.91802E-01 -1.38373E+00 -1.29786E+00 -8.58695E-02  0.00000E+00  0.00000E+00  1.78231E-01
   502  1.01735E+00 -1.33597E+00 -1.24974E+00 -8.62354E-02  0.00000E+00  0.00000E+00  1.72283E-01
   503  1.04351E+00 -1.28837E+00 -1.20197E+00 -8.63953E-02  0.00000E+00  0.00000E+00  1.66207E-01
   504  1.07027E+00 -1.24098E+00 -1.15464E+00 -8.63404E-02  0.00000E+00  0.00000E+00  1.60018E-01
   505  1.09766E+00 -1.19386E+00 -1.10779E+00 -8.60652E-02  0.00000E+00  0.00000E+00  1.53735E-01
   506  1.12568E+00 -1.14707E+00 -1.06151E+00 -8.55671E-02  0.00000E+00  0.00000E+00  1.47379E-01
   507  1.15435E+00 -1.10069E+00 -1.01585E+00 -8.48462E-02  0.00000E+00  0.00000E+00  1.40976E-01
   508  1.18368E+00 -1.05478E+00 -9.70878E-01 -8.39056E-02  0.00000E+00  0.00000E+00  1.34551E-01
   509  1.21368E+00 -1.00941E+00 -9.26663E-01 -8.27505E-02  0.00000E+00  0.00000E+00  1.28130E-01
   510  1.24436E+00 -9.64649E-01 -8.83260E-01 -8.13889E-02  0.00000E+00  0.00000E+00  1.21738E-01
   511  1.27573E+00 -9.20560E-01 -8.40729E-01 -7.98304E-02  0.00000E+00  0.00000E+00  1.15403E-01
   512  1.30781E+00 -8.77210E-01 -7.99123E-01 -7.80870E-02  0.00000E+00  0.00000E+00  1.09147E-01
   513  1.34060E+00 -8.34666E-01 -7.58494E-01 -7.61719E-02  0.00000E+00  0.00000E+00  1.02995E-01
   514  1.37413E+00 -7.92990E-01 -7.18890E-01 -7.40999E-02  0.00000E+00  0.00000E+00  9.69673E-02
   515  1.40840E+00 -7.52240E-01 -6.80353E-01 -7.18869E-02  0.00000E+00  0.00000E+00  9.10843E-02
   516  1.44342E+00 -7.12474E-01 -6.42924E-01 -6.95496E-02  0.00000E+00  0.00000E+00  8.53634E-02
   517  1.47921E+00 -6.73743E-01 -6.06638E-01 -6.71053E-02  0.00000E+00  0.00000E+00  7.98201E-02
   518  1.51577E+00 -6.36096E-01 -5.71524E-01 -6.45716E-02  0.00000E+00  0.00000E+00  7.44676E-02
   519  1.55313E+00 -5.99576E-01 -5.37610E-01 -6.19662E-02  0.00000E+00  0.00000E+00  6.93173E-02
   520  1.59129E+00 -5.64222E-01 -5.04915E-01 -5.93067E-02  0.00000E+00  0.00000E+00  6.43780E-02
   521  1.63027E+00 -5.30068E-01 -4.73457E-01 -5.66104E-02  0.00000E+00  0.00000E+00  5.96567E-02
   522  1.67007E+00 -4.97141E-01 -4.43247E-01 -5.38937E-02  0.00000E+00  0.00000E+00  5.51582E-02
   523  1.71071E+00 -4.65465E-01 -4.14292E-01 -5.11728E-02  0.00000E+00  0.00000E+00  5.08855E-02
   524  1.75220E+00 -4.35057E-01 -3.86594E-01 -4.84626E-02  0.00000E+00  0.00000E+00  4.68399E-02
   525  1.79455E+00 -4.05928E-01 -3.60151E-01 -4.57773E-02  0.00000E+00  0.00000E+00  4.30209E-02
   526  1.83778E+00 -3.78085E-01 -3.34956E-01 -4.31298E-02  0.00000E+00  0.00000E+00  3.94265E-02
   527  1.88190E+00 -3.51529E-01 -3.10997E-01 -4.05320E-02  0.00000E+00  0.00000E+00  3.60533E-02
   528  1.92692E+00 -3.26256E-01 -2.88261E-01 -3.79946E-02  0.00000E+00  0.00000E+00  3.28970E-02
   529  1.97285E+00 -3.02255E-01 -2.66728E-01 -3.55268E-02  0.00000E+00  0.00000E+00  2.99519E-02
   530  2.01970E+00 -2.79513E-01 -2.46377E-01 -3.31367E-02  0.00000E+00  0.00000E+00  2.72115E-02
   531  2.06748E+00 -2.58012E-01 -2.27180E-01 -3.08314E-02  0.00000E+00  0.00000E+00  2.46686E-02
   532  2.11621E+00 -2.37728E-01 -2.09111E-01 -2.86163E-02  0.00000E+00  0.00000E+00  2.23154E-02
   533  2.16590E+00 -2.18634E-01 -1.92138E-01 -2.64960E-02  0.00000E+00  0.00000E+00  2.01436E-02
   534  2.21655E+00 -2.00702E-01 -1.76228E-01 -2.44738E-02  0.00000E+00  0.00000E+00  1.81445E-02
   535  2.26819E+00 -1.83896E-01 -1.61344E-01 -2.25520E-02  0.00000E+00  0.00000E+00  1.63091E-02
   536  2.32081E+00 -1.68182E-01 -1.47450E-01 -2.07320E-02  0.00000E+00  0.00000E+00  1.46285E-02
   537  2.37444E+00 -1.53522E-01 -1.34508E-01 -1.90140E-02  0.00000E+00  0.00000E+00  1.30934E-02
   538  2.42907E+00 -1.39874E-01 -1.22476E-01 -1.73978E-02  0.00000E+00  0.00000E+00  1.16948E-02
   539  2.48474E+00 -1.27198E-01 -1.11316E-01 -1.58821E-02  0.00000E+00  0.00000E+00  1.04238E-02
   540  2.54143E+00 -1.15450E-01 -1.00985E-01 -1.44652E-02  0.00000E+00  0.00000E+00  9.27160E-03
   541  2.59917E+00 -1.04587E-01 -9.14421E-02 -1.31445E-02  0.00000E+00  0.00000E+00  8.22963E-03
   542  2.65796E+00 -9.45636E-02 -8.26462E-02 -1.19174E-02  0.00000E+00  0.00000E+00  7.28966E-03
   543  2.71781E+00 -8.53364E-02 -7.45559E-02 -1.07805E-02  0.00000E+00  0.00000E+00  6.44375E-03
   544  2.77873E+00 -7.68608E-02 -6.71305E-02 -9.73026E-03  0.00000E+00  0.00000E+00  5.68429E-03
   545  2.84074E+00 -6.90928E-02 -6.03300E-02 -8.76278E-03  0.00000E+00  0.00000E+00  5.00409E-03
   546  2.90384E+00 -6.19891E-02 -5.41151E-02 -7.87404E-03  0.00000E+00  0.00000E+00  4.39629E-03
   547  2.96804E+00 -5.55075E-02 -4.84476E-02 -7.05988E-03  0.00000E+00  0.00000E+00  3.85446E-03
   548  3.03334E+00 -4.96064E-02 -4.32903E-02 -6.31607E-03  0.00000E+00  0.00000E+00  3.37256E-03
   549  3.09977E+00 -4.42459E-02 -3.86076E-02 -5.63833E-03  0.00000E+00  0.00000E+00  2.94496E-03
   550  3.16732E+00 -3.93872E-02 -3.43647E-02 -5.02242E-03  0.00000E+00  0.00000E+00  2.56639E-03
   551  3.23600E+00 -3.49930E-02 -3.05288E-02 -4.46416E-03  0.00000E+00  0.00000E+00  2.23200E-03
   552  3.30582E+00 -3.10278E-02 -2.70683E-02 -3.95945E-03  0.00000E+00  0.00000E+00  1.93730E-03
   553  3.37679E+00 -2.74575E-02 -2.39532E-02 -3.50432E-03  0.00000E+00  0.00000E+00  1.67815E-03
   554  3.44892E+00 -2.42500E-02 -2.11551E-02 -3.09491E-03  0.00000E+00  0.00000E+00  1.45079E-03
   555  3.52221E+00 -2.13747E-02 -1.86472E-02 -2.72756E-03  0.00000E+00  0.00000E+00  1.25175E-03
   556  3.59667E+00 -1.88030E-02 -1.64042E-02 -2.39875E-03  0.00000E+00  0.00000E+00  1.07788E-03
   557  3.67230E+00 -1.65077E-02 -1.44025E-02 -2.10516E-03  0.00000E+00  0.00000E+00  9.26335E-04
   558  3.74911E+00 -1.44637E-02 -1.26201E-02 -1.84364E-03  0.00000E+00  0.00000E+00  7.94538E-04
   559  3.82712E+00 -1.26475E-02 -1.10363E-02 -1.61125E-03  0.00000E+00  0.00000E+00  6.80159E-04
   560  3.90631E+00 -1.10373E-02 -9.63207E-03 -1.40523E-03  0.00000E+00  0.00000E+00  5.81111E-04
   561  3.98670E+00 -9.61278E-03 -8.38976E-03 -1.22302E-03  0.00000E+00  0.00000E+00  4.95522E-04
   562  4.06830E+00 -8.35532E-03 -7.29308E-03 -1.06224E-03  0.00000E+00  0.00000E+00  4.21720E-04
   563  4.15110E+00 -7.24777E-03 -6.32706E-03 -9.20707E-04  0.00000E+00  0.00000E+00  3.58216E-04
   564  4.23511E+00 -6.27438E-03 -5.47798E-03 -7.96395E-04  0.00000E+00  0.00000E+00  3.03688E-04
   565  4.32034E+00 -5.42077E-03 -4.73331E-03 -6.87460E-04  0.00000E+00  0.00000E+00  2.56965E-04
   566  4.40679E+00 -4.67384E-03 -4.08163E-03 -5.92216E-04  0.00000E+00  0.00000E+00  2.17013E-04
   567  4.49446E+00 -4.02169E-03 -3.51256E-03 -5.09130E-04  0.00000E+00  0.00000E+00  1.82922E-04
   568  4.58335E+00 -3.45353E-03 -3.01672E-03 -4.36813E-04  0.00000E+00  0.00000E+00  1.53891E-04
   569  4.67347E+00 -2.95963E-03 -2.58562E-03 -3.74008E-04  0.00000E+00  0.00000E+00  1.29221E-04
   570  4.76482E+00 -2.53121E-03 -2.21162E-03 -3.19586E-04  0.00000E+00  0.00000E+00  1.08299E-04
   571  4.85741E+00 -2.16041E-03 -1.88787E-03 -2.72531E-04  0.00000E+00  0.00000E+00  9.05913E-05
   572  4.95123E+00 -1.84017E-03 -1.60823E-03 -2.31936E-04  0.00000E+00  0.00000E+00  7.56351E-05
   573  5.04629E+00 -1.56420E-03 -1.36721E-03 -1.96989E-04  0.00000E+00  0.00000E+00  6.30282E-05
   574  5.14258E+00 -1.32691E-03 -1.15994E-03 -1.66972E-04  0.00000E+00  0.00000E+00  5.24229E-05
   575  5.24011E+00 -1.12331E-03 -9.82067E-04 -1.41243E-04  0.00000E+00  0.00000E+00  4.35194E-05
   576  5.33888E+00 -9.49005E-04 -8.29765E-04 -1.19239E-04  0.00000E+00  0.00000E+00  3.60596E-05
   577  5.43889E+00 -8.00102E-04 -6.99642E-04 -1.00461E-04  0.00000E+00  0.00000E+00  2.98219E-05
   578  5.54014E+00 -6.73178E-04 -5.88709E-04 -8.44692E-05  0.00000E+00  0.00000E+00  2.46165E-05
   579  5.64262E+00 -5.65224E-04 -4.94344E-04 -7.08806E-05  0.00000E+00  0.00000E+00  2.02811E-05
   580  5.74635E+00 -4.73606E-04 -4.14247E-04 -5.93584E-05  0.00000E+00  0.00000E+00  1.66776E-05
   581  5.85131E+00 -3.96020E-04 -3.46411E-04 -4.96092E-05  0.00000E+00  0.00000E+00  1.36884E-05
   582  5.95751E+00 -3.30461E-04 -2.89083E-04 -4.13778E-05  0.00000E+00  0.00000E+00  1.12136E-05
   583  6.06494E+00 -2.75185E-04 -2.40743E-04 -3.44428E-05  0.00000E+00  0.00000E+00  9.16880E-06
   584  6.17361E+00 -2.28682E-04 -2.00070E-04 -2.86123E-05  0.00000E+00  0.00000E+00  7.48263E-06
   585  6.28351E+00 -1.89644E-04 -1.65924E-04 -2.37210E-05  0.00000E+00  0.00000E+00  6.09494E-06
   586  6.39464E+00 -1.56945E-04 -1.37319E-04 -1.96261E-05  0.00000E+00  0.00000E+00  4.95516E-06
   587  6.50700E+00 -1.29615E-04 -1.13410E-04 -1.62054E-05  0.00000E+00  0.00000E+00  4.02085E-06
   588  6.62058E+00 -1.06822E-04 -9.34685E-05 -1.33539E-05  0.00000E+00  0.00000E+00  3.25649E-06
   589  6.73539E+00 -8.78553E-05 -7.68734E-05 -1.09819E-05  0.00000E+00  0.00000E+00  2.63241E-06
   590  6.85141E+00 -7.21062E-05 -6.30933E-05 -9.01298E-06  0.00000E+00  0.00000E+00  2.12386E-06
   591  6.96865E+00 -5.90577E-05 -5.16756E-05 -7.38211E-06  0.00000E+00  0.00000E+00  1.71029E-06
   592  7.08711E+00 -4.82702E-05 -4.22361E-05 -6.03411E-06  0.00000E+00  0.00000E+00  1.37462E-06
   593  7.20677E+00 -3.93714E-05 -3.44491E-05 -4.92227E-06  0.00000E+00  0.00000E+00  1.10271E-06
   594  7.32763E+00 -3.20466E-05 -2.80395E-05 -4.00718E-06  0.00000E+00  0.00000E+00  8.82902E-07
   595  7.44970E+00 -2.60306E-05 -2.27750E-05 -3.25561E-06  0.00000E+00  0.00000E+00  7.05555E-07
   596  7.57296E+00 -2.11003E-05 -1.84606E-05 -2.63964E-06  0.00000E+00  0.00000E+00  5.62752E-07
   597  7.69742E+00 -1.70684E-05 -1.49325E-05 -2.13589E-06  0.00000E+00  0.00000E+00  4.47993E-07
   598  7.82306E+00 -1.37785E-05 -1.20537E-05 -1.72478E-06  0.00000E+00  0.00000E+00  3.55954E-07
   599  7.94988E+00 -1.10998E-05 -9.70980E-06 -1.38998E-06  0.00000E+00  0.00000E+00  2.82283E-07
   600  8.07788E+00 -8.92345E-06 -7.80555E-06 -1.11790E-06  0.00000E+00  0.00000E+00  2.23431E-07
   601  8.20706E+00 -7.15911E-06 -6.26184E-06 -8.97270E-07  0.00000E+00  0.00000E+00  1.76512E-07
   602  8.33740E+00 -5.73185E-06 -5.01312E-06 -7.18730E-07  0.00000E+00  0.00000E+00  1.39179E-07
   603  8.46890E+00 -4.57975E-06 -4.00519E-06 -5.74556E-07  0.00000E+00  0.00000E+00  1.09532E-07
   604  8.60156E+00 -3.65176E-06 -3.19338E-06 -4.58380E-07  0.00000E+00  0.00000E+00  8.60370E-08
   605  8.73537E+00 -2.90588E-06 -2.54092E-06 -3.64960E-07  0.00000E+00  0.00000E+00  6.74530E-08
   606  8.87032E+00 -2.30766E-06 -2.01767E-06 -2.89997E-07  0.00000E+00  0.00000E+00  5.27827E-08
   607  9.00641E+00 -1.82889E-06 -1.59892E-06 -2.29971E-07  0.00000E+00  0.00000E+00  4.12248E-08
   608  9.14363E+00 -1.44652E-06 -1.26452E-06 -1.82006E-07  0.00000E+00  0.00000E+00  3.21369E-08
   609  9.28198E+00 -1.14180E-06 -9.98045E-07 -1.43758E-07  0.00000E+00  0.00000E+00  2.50051E-08
   610  9.42144E+00 -8.99469E-07 -7.86146E-07 -1.13323E-07  0.00000E+00  0.00000E+00  1.94194E-08
   611  9.56202E+00 -7.07154E-07 -6.18000E-07 -8.91539E-08  0.00000E+00  0.00000E+00  1.50532E-08
   612  9.70371E+00 -5.54854E-07 -4.84852E-07 -7.00015E-08  0.00000E+00  0.00000E+00  1.16468E-08
   613  9.84649E+00 -4.34493E-07 -3.79638E-07 -5.48554E-08  0.00000E+00  0.00000E+00  8.99445E-09
   614  9.99037E+00 -3.39571E-07 -2.96669E-07 -4.29022E-08  0.00000E+00  0.00000E+00  6.93323E-09
   615  1.01353E+01 -2.64866E-07 -2.31378E-07 -3.34882E-08  0.00000E+00  0.00000E+00  5.33447E-09
   616  1.02814E+01 -2.06193E-07 -1.80104E-07 -2.60891E-08  0.00000E+00  0.00000E+00  4.09681E-09
   617  1.04285E+01 -1.60205E-07 -1.39919E-07 -2.02855E-08  0.00000E+00  0.00000E+00  3.14052E-09
   618  1.05767E+01 -1.24233E-07 -1.08491E-07 -1.57425E-08  0.00000E+00  0.00000E+00  2.40305E-09
   619  1.07259E+01 -9.61535E-08 -8.39600E-08 -1.21935E-08  0.00000E+00  0.00000E+00  1.83540E-09
   620  1.08762E+01 -7.42780E-08 -6.48515E-08 -9.42657E-09  0.00000E+00  0.00000E+00  1.39931E-09
   621  1.10275E+01 -5.72702E-08 -4.99966E-08 -7.27365E-09  0.00000E+00  0.00000E+00  1.06491E-09
   622  1.11799E+01 -4.40733E-08 -3.84714E-08 -5.60184E-09  0.00000E+00  0.00000E+00  8.08967E-10
   623  1.13333E+01 -3.38535E-08 -2.95474E-08 -4.30617E-09  0.00000E+00  0.00000E+00  6.13441E-10
   624  1.14877E+01 -2.59549E-08 -2.26510E-08 -3.30399E-09  0.00000E+00  0.00000E+00  4.64348E-10
   625  1.16431E+01 -1.98623E-08 -1.73319E-08 -2.53034E-09  0.00000E+00  0.00000E+00  3.50871E-10
   626  1.17995E+01 -1.51717E-08 -1.32374E-08 -1.93426E-09  0.00000E+00  0.00000E+00  2.64659E-10
   627  1.19570E+01 -1.15676E-08 -1.00917E-08 -1.47589E-09  0.00000E+00  0.00000E+00  1.99283E-10
   628  1.21154E+01 -8.80357E-09 -7.67948E-09 -1.12408E-09  0.00000E+00  0.00000E+00  1.49795E-10
   629  1.22748E+01 -6.68786E-09 -5.83328E-09 -8.54582E-10  0.00000E+00  0.00000E+00  1.12403E-10
   630  1.24352E+01 -5.07147E-09 -4.42294E-09 -6.48523E-10  0.00000E+00  0.00000E+00  8.41996E-11
   631  1.25965E+01 -3.83887E-09 -3.34760E-09 -4.91268E-10  0.00000E+00  0.00000E+00  6.29658E-11
   632  1.27589E+01 -2.90069E-09 -2.52921E-09 -3.71482E-10  0.00000E+00  0.00000E+00  4.70071E-11
   633  1.29221E+01 -2.18793E-09 -1.90753E-09 -2.80408E-10  0.00000E+00  0.00000E+00  3.50343E-11
   634  1.30863E+01 -1.64743E-09 -1.43614E-09 -2.11290E-10  0.00000E+00  0.00000E+00  2.60674E-11
   635  1.32515E+01 -1.23829E-09 -1.07936E-09 -1.58931E-10  0.00000E+00  0.00000E+00  1.93634E-11
   636  1.34176E+01 -9.29161E-10 -8.09821E-10 -1.19341E-10  0.00000E+00  0.00000E+00  1.43599E-11
   637  1.35846E+01 -6.96009E-10 -6.06550E-10 -8.94583E-11  0.00000E+00  0.00000E+00  1.06319E-11
   638  1.37525E+01 -5.20475E-10 -4.53531E-10 -6.69440E-11  0.00000E+00  0.00000E+00  7.85901E-12
   639  1.39213E+01 -3.88555E-10 -3.38543E-10 -5.00112E-11  0.00000E+00  0.00000E+00  5.79995E-12
   640  1.40910E+01 -2.89586E-10 -2.52287E-10 -3.72985E-11  0.00000E+00  0.00000E+00  4.27352E-12
   641  1.42617E+01 -2.15467E-10 -1.87696E-10 -2.77711E-11  0.00000E+00  0.00000E+00  3.14383E-12
   642  1.44332E+01 -1.60055E-10 -1.39412E-10 -2.06430E-11  0.00000E+00  0.00000E+00  2.30914E-12
   643  1.46055E+01 -1.18699E-10 -1.03380E-10 -1.53194E-11  0.00000E+00  0.00000E+00  1.69341E-12
   644  1.47788E+01 -8.78862E-11 -7.65361E-11 -1.13501E-11  0.00000E+00  0.00000E+00  1.23994E-12
   645  1.49529E+01 -6.49674E-11 -5.65716E-11 -8.39574E-12  0.00000E+00  0.00000E+00  9.06505E-13
   646  1.51279E+01 -4.79492E-11 -4.17488E-11 -6.20040E-12  0.00000E+00  0.00000E+00  6.61726E-13
   647  1.53037E+01 -3.53330E-11 -3.07612E-11 -4.57182E-12  0.00000E+00  0.00000E+00  4.82314E-13
   648  1.54804E+01 -2.59947E-11 -2.26290E-11 -3.36569E-12  0.00000E+00  0.00000E+00  3.51018E-13
   649  1.56579E+01 -1.90952E-11 -1.66214E-11 -2.47388E-12  0.00000E+00  0.00000E+00  2.55084E-13
   650  1.58362E+01 -1.40058E-11 -1.21902E-11 -1.81555E-12  0.00000E+00  0.00000E+00  1.85095E-13
   651  1.60153E+01 -1.02566E-11 -8.92619E-12 -1.33037E-12  0.00000E+00  0.00000E+00  1.34113E-13
   652  1.61953E+01 -7.49969E-12 -6.52634E-12 -9.73352E-13  0.00000E+00  0.00000E+00  9.70328E-14
   653  1.63760E+01 -5.47615E-12 -4.76508E-12 -7.11068E-13  0.00000E+00  0.00000E+00  7.01035E-14
   654  1.65576E+01 -3.99235E-12 -3.47367E-12 -5.18683E-13  0.00000E+00  0.00000E+00  5.05757E-14
   655  1.67399E+01 -2.90643E-12 -2.52864E-12 -3.77785E-13  0.00000E+00  0.00000E+00  3.64358E-14
   656  1.69231E+01 -2.11240E-12 -1.83764E-12 -2.74756E-13  0.00000E+00  0.00000E+00  2.62123E-14
   657  1.71070E+01 -1.53358E-12 -1.33404E-12 -1.99533E-13  0.00000E+00  0.00000E+00  1.88312E-14
   658  1.72916E+01 -1.11192E-12 -9.67226E-13 -1.44695E-13  0.00000E+00  0.00000E+00  1.35100E-14
   659  1.74771E+01 -8.04662E-13 -6.99885E-13 -1.04777E-13  0.00000E+00  0.00000E+00  9.67909E-15
   660  1.76633E+01 -5.82025E-13 -5.06262E-13 -7.57637E-14  0.00000E+00  0.00000E+00  6.92512E-15
   661  1.78502E+01 -4.19748E-13 -3.65041E-13 -5.47069E-14  0.00000E+00  0.00000E+00  4.94807E-15
   662  1.80379E+01 -3.02348E-13 -2.62901E-13 -3.94471E-14  0.00000E+00  0.00000E+00  3.53075E-15
   663  1.82263E+01 -2.18475E-13 -1.90070E-13 -2.84044E-14  0.00000E+00  0.00000E+00  2.51608E-15
   664  1.84155E+01 -1.56316E-13 -1.35891E-13 -2.04249E-14  0.00000E+00  0.00000E+00  1.79066E-15
   665  1.86053E+01 -1.12367E-13 -9.76996E-14 -1.46670E-14  0.00000E+00  0.00000E+00  1.27274E-15
   666  1.87959E+01 -1.05180E-14  0.00000E+00 -1.05180E-14  0.00000E+00  0.00000E+00  9.03459E-16
   667  1.87959E+01  0.00000E+00  0.00000E+00  0.00000E+00  0.00000E+00  0.00000E+00  0.00000E+00
   668  3.75918E+01  0.00000E+00  0.00000E+00  0.00000E+00  0.00000E+00  0.00000E+00  0.00000E+00
   669  7.51836E+01  0.00000E+00  0.00000E+00  0.00000E+00  0.00000E+00  0.00000E+00  0.00000E+00
   670  1.50367E+02  0.00000E+00  0.00000E+00  0.00000E+00  0.00000E+00  0.00000E+00  0.00000E+00
   671  3.00735E+02  0.00000E+00  0.00000E+00  0.00000E+00  0.00000E+00  0.00000E+00  0.00000E+00
   672  6.01469E+02  0.00000E+00  0.00000E+00  0.00000E+00  0.00000E+00  0.00000E+00  0.00000E+00
   673  1.20294E+03  0.00000E+00  0.00000E+00  0.00000E+00  0.00000E+00  0.00000E+00  0.00000E+00
   674  2.40588E+03  0.00000E+00  0.00000E+00  0.00000E+00  0.00000E+00  0.00000E+00  0.00000E+00
   675  4.81175E+03  0.00000E+00  0.00000E+00  0.00000E+00  0.00000E+00  0.00000E+00  0.00000E+00
   676  9.62351E+03  0.00000E+00  0.00000E+00  0.00000E+00  0.00000E+00  0.00000E+00  0.00000E+00
   677  1.92470E+04  0.00000E+00  0.00000E+00  0.00000E+00  0.00000E+00  0.00000E+00  0.00000E+00
