

  **** PARTIAL WAVE ANALYSIS (DPWA0) ******************************************


  KINETIC ENERGY = 1.66000E+02 eV

      L       PHASE(SPIN UP)     PHASE(SPIN DOWN)
  -----------------------------------------------
       0      6.16647819E-02      0.00000000E+00
       1     -1.45272949E+00     -1.45073650E+00
       2      7.56448861E-01      7.56816478E-01
       3      3.35016101E-01      3.35130422E-01
       4      1.53741046E-01      1.53785772E-01
       5      7.30549562E-02      7.30744816E-02
       6      3.56344318E-02      3.56434793E-02
       7      1.77196396E-02      1.77239861E-02
       8      8.94042088E-03      8.94255984E-03
       9      4.56216263E-03      4.56323347E-03
      10      2.34900647E-03      2.34954957E-03
      11      1.21826979E-03      1.21854805E-03
      12      6.35570494E-04      6.35714224E-04
      13      3.33181291E-04      3.33256025E-04
      14      1.75355611E-04      1.75394679E-04
      15      9.25926042E-05      9.26131189E-05
      16      4.90231928E-05      4.90340045E-05
      17      2.60130766E-05      2.60187917E-05
      18      1.38286447E-05      1.38316732E-05
      19      7.36255077E-06      7.36415901E-06
      20      3.92487129E-06      3.92572676E-06
      21      2.09449212E-06      2.09494781E-06
      22      1.11869692E-06      1.11893994E-06
      23      5.97949125E-07      5.98078855E-07
      24      3.19803119E-07      3.19872428E-07
      25      1.71129644E-07      1.71166696E-07
      26      9.16129596E-08      9.16327825E-08
      27      4.90623659E-08      4.90729750E-08
      28      2.62829846E-08      2.62886651E-08
      29      1.40836629E-08      1.40867040E-08
      30      7.54842266E-09      7.55005010E-09
      31      4.04650714E-09      4.04738050E-09
      32      2.16954419E-09      2.17001296E-09
      33      1.16334366E-09      1.16359409E-09
      34      6.23892477E-10      6.24027807E-10
      35      3.34629669E-10      3.34698966E-10


  *** SCATTERING AMPLITUDES AND DIFFERENTIAL CROSS SECTION ***

    ANGLE      DCS       ASYMMETRY    DIRECT AMPLITUDE       SPIN-FLIP AMPLITUDE     ERROR
    (deg)   (cm**2/sr)                      (cm)                    (cm)
  -------------------------------------------------------------------------------------------
  0.000E+00 2.26379E-16  0.000E+00  1.155E-08  9.646E-09  0.000E+00  0.000E+00  1.00E-07
  1.000E-04 2.26379E-16  3.626E-10  1.155E-08  9.646E-09 -2.829E-19  3.318E-18  1.00E-07
  1.250E-04 2.26379E-16  4.532E-10  1.155E-08  9.646E-09 -3.536E-19  4.147E-18  1.00E-07
  1.500E-04 2.26379E-16  5.438E-10  1.155E-08  9.646E-09 -4.243E-19  4.977E-18  1.00E-07
  1.750E-04 2.26379E-16  6.345E-10  1.155E-08  9.646E-09 -4.950E-19  5.806E-18  1.00E-07
  2.000E-04 2.26379E-16  7.251E-10  1.155E-08  9.646E-09 -5.657E-19  6.635E-18  1.00E-07
  2.250E-04 2.26379E-16  8.158E-10  1.155E-08  9.646E-09 -6.365E-19  7.465E-18  1.00E-07
  2.500E-04 2.26379E-16  9.064E-10  1.155E-08  9.646E-09 -7.072E-19  8.294E-18  1.00E-07
  2.750E-04 2.26379E-16  9.971E-10  1.155E-08  9.646E-09 -7.779E-19  9.124E-18  1.00E-07
  3.000E-04 2.26379E-16  1.088E-09  1.155E-08  9.646E-09 -8.486E-19  9.953E-18  1.00E-07
  3.250E-04 2.26379E-16  1.178E-09  1.155E-08  9.646E-09 -9.193E-19  1.078E-17  1.00E-07
  3.500E-04 2.26379E-16  1.269E-09  1.155E-08  9.646E-09 -9.901E-19  1.161E-17  1.00E-07
  3.750E-04 2.26379E-16  1.360E-09  1.155E-08  9.646E-09 -1.061E-18  1.244E-17  1.00E-07
  4.000E-04 2.26379E-16  1.450E-09  1.155E-08  9.646E-09 -1.131E-18  1.327E-17  1.00E-07
  4.250E-04 2.26379E-16  1.541E-09  1.155E-08  9.646E-09 -1.202E-18  1.410E-17  1.00E-07
  4.500E-04 2.26379E-16  1.632E-09  1.155E-08  9.646E-09 -1.273E-18  1.493E-17  1.00E-07
  4.750E-04 2.26379E-16  1.722E-09  1.155E-08  9.646E-09 -1.344E-18  1.576E-17  1.00E-07
  5.000E-04 2.26379E-16  1.813E-09  1.155E-08  9.646E-09 -1.414E-18  1.659E-17  1.00E-07
  5.250E-04 2.26379E-16  1.903E-09  1.155E-08  9.646E-09 -1.485E-18  1.742E-17  1.00E-07
  5.500E-04 2.26379E-16  1.994E-09  1.155E-08  9.646E-09 -1.556E-18  1.825E-17  1.00E-07
  5.750E-04 2.26379E-16  2.085E-09  1.155E-08  9.646E-09 -1.627E-18  1.908E-17  1.00E-07
  6.000E-04 2.26379E-16  2.175E-09  1.155E-08  9.646E-09 -1.697E-18  1.991E-17  1.00E-07
  6.250E-04 2.26379E-16  2.266E-09  1.155E-08  9.646E-09 -1.768E-18  2.074E-17  1.00E-07
  6.500E-04 2.26379E-16  2.357E-09  1.155E-08  9.646E-09 -1.839E-18  2.157E-17  1.00E-07
  6.750E-04 2.26379E-16  2.447E-09  1.155E-08  9.646E-09 -1.909E-18  2.239E-17  1.00E-07
  7.000E-04 2.26379E-16  2.538E-09  1.155E-08  9.646E-09 -1.980E-18  2.322E-17  1.00E-07
  7.250E-04 2.26379E-16  2.629E-09  1.155E-08  9.646E-09 -2.051E-18  2.405E-17  1.00E-07
  7.500E-04 2.26379E-16  2.719E-09  1.155E-08  9.646E-09 -2.122E-18  2.488E-17  1.00E-07
  7.750E-04 2.26379E-16  2.810E-09  1.155E-08  9.646E-09 -2.192E-18  2.571E-17  1.00E-07
  8.000E-04 2.26379E-16  2.901E-09  1.155E-08  9.646E-09 -2.263E-18  2.654E-17  1.00E-07
  8.250E-04 2.26379E-16  2.991E-09  1.155E-08  9.646E-09 -2.334E-18  2.737E-17  1.00E-07
  8.500E-04 2.26379E-16  3.082E-09  1.155E-08  9.646E-09 -2.404E-18  2.820E-17  1.00E-07
  8.750E-04 2.26379E-16  3.172E-09  1.155E-08  9.646E-09 -2.475E-18  2.903E-17  1.00E-07
  9.000E-04 2.26379E-16  3.263E-09  1.155E-08  9.646E-09 -2.546E-18  2.986E-17  1.00E-07
  9.250E-04 2.26379E-16  3.354E-09  1.155E-08  9.646E-09 -2.617E-18  3.069E-17  1.00E-07
  9.500E-04 2.26379E-16  3.444E-09  1.155E-08  9.646E-09 -2.687E-18  3.152E-17  1.00E-07
  9.750E-04 2.26379E-16  3.535E-09  1.155E-08  9.646E-09 -2.758E-18  3.235E-17  1.00E-07
  1.000E-03 2.26379E-16  3.626E-09  1.155E-08  9.646E-09 -2.829E-18  3.318E-17  1.00E-07
  1.250E-03 2.26379E-16  4.532E-09  1.155E-08  9.646E-09 -3.536E-18  4.147E-17  1.00E-07
  1.500E-03 2.26379E-16  5.438E-09  1.155E-08  9.646E-09 -4.243E-18  4.977E-17  1.00E-07
  1.750E-03 2.26379E-16  6.345E-09  1.155E-08  9.646E-09 -4.950E-18  5.806E-17  1.00E-07
  2.000E-03 2.26379E-16  7.251E-09  1.155E-08  9.646E-09 -5.657E-18  6.635E-17  1.00E-07
  2.250E-03 2.26379E-16  8.158E-09  1.155E-08  9.646E-09 -6.365E-18  7.465E-17  1.00E-07
  2.500E-03 2.26379E-16  9.064E-09  1.155E-08  9.646E-09 -7.072E-18  8.294E-17  1.00E-07
  2.750E-03 2.26379E-16  9.971E-09  1.155E-08  9.646E-09 -7.779E-18  9.124E-17  1.00E-07
  3.000E-03 2.26379E-16  1.088E-08  1.155E-08  9.646E-09 -8.486E-18  9.953E-17  1.00E-07
  3.250E-03 2.26379E-16  1.178E-08  1.155E-08  9.646E-09 -9.193E-18  1.078E-16  1.00E-07
  3.500E-03 2.26379E-16  1.269E-08  1.155E-08  9.646E-09 -9.901E-18  1.161E-16  1.00E-07
  3.750E-03 2.26379E-16  1.360E-08  1.155E-08  9.646E-09 -1.061E-17  1.244E-16  1.00E-07
  4.000E-03 2.26379E-16  1.450E-08  1.155E-08  9.646E-09 -1.131E-17  1.327E-16  1.00E-07
  4.250E-03 2.26379E-16  1.541E-08  1.155E-08  9.646E-09 -1.202E-17  1.410E-16  1.00E-07
  4.500E-03 2.26379E-16  1.632E-08  1.155E-08  9.646E-09 -1.273E-17  1.493E-16  1.00E-07
  4.750E-03 2.26379E-16  1.722E-08  1.155E-08  9.646E-09 -1.344E-17  1.576E-16  1.00E-07
  5.000E-03 2.26379E-16  1.813E-08  1.155E-08  9.646E-09 -1.414E-17  1.659E-16  1.00E-07
  5.250E-03 2.26379E-16  1.903E-08  1.155E-08  9.646E-09 -1.485E-17  1.742E-16  1.00E-07
  5.500E-03 2.26379E-16  1.994E-08  1.155E-08  9.646E-09 -1.556E-17  1.825E-16  1.00E-07
  5.750E-03 2.26379E-16  2.085E-08  1.155E-08  9.646E-09 -1.627E-17  1.908E-16  1.00E-07
  6.000E-03 2.26379E-16  2.175E-08  1.155E-08  9.646E-09 -1.697E-17  1.991E-16  1.00E-07
  6.250E-03 2.26379E-16  2.266E-08  1.155E-08  9.646E-09 -1.768E-17  2.074E-16  1.00E-07
  6.500E-03 2.26379E-16  2.357E-08  1.155E-08  9.646E-09 -1.839E-17  2.157E-16  1.00E-07
  6.750E-03 2.26379E-16  2.447E-08  1.155E-08  9.646E-09 -1.909E-17  2.239E-16  1.00E-07
  7.000E-03 2.26379E-16  2.538E-08  1.155E-08  9.646E-09 -1.980E-17  2.322E-16  1.00E-07
  7.250E-03 2.26379E-16  2.629E-08  1.155E-08  9.646E-09 -2.051E-17  2.405E-16  1.00E-07
  7.500E-03 2.26379E-16  2.719E-08  1.155E-08  9.646E-09 -2.122E-17  2.488E-16  1.00E-07
  7.750E-03 2.26379E-16  2.810E-08  1.155E-08  9.646E-09 -2.192E-17  2.571E-16  1.00E-07
  8.000E-03 2.26379E-16  2.901E-08  1.155E-08  9.646E-09 -2.263E-17  2.654E-16  1.00E-07
  8.250E-03 2.26379E-16  2.991E-08  1.155E-08  9.646E-09 -2.334E-17  2.737E-16  1.00E-07
  8.500E-03 2.26379E-16  3.082E-08  1.155E-08  9.646E-09 -2.404E-17  2.820E-16  1.00E-07
  8.750E-03 2.26379E-16  3.172E-08  1.155E-08  9.646E-09 -2.475E-17  2.903E-16  1.00E-07
  9.000E-03 2.26379E-16  3.263E-08  1.155E-08  9.646E-09 -2.546E-17  2.986E-16  1.00E-07
  9.250E-03 2.26379E-16  3.354E-08  1.155E-08  9.646E-09 -2.617E-17  3.069E-16  1.00E-07
  9.500E-03 2.26379E-16  3.444E-08  1.155E-08  9.646E-09 -2.687E-17  3.152E-16  1.00E-07
  9.750E-03 2.26379E-16  3.535E-08  1.155E-08  9.646E-09 -2.758E-17  3.235E-16  1.00E-07
  1.000E-02 2.26379E-16  3.626E-08  1.155E-08  9.646E-09 -2.829E-17  3.318E-16  1.00E-07
  1.250E-02 2.26379E-16  4.532E-08  1.155E-08  9.646E-09 -3.536E-17  4.147E-16  1.00E-07
  1.500E-02 2.26379E-16  5.438E-08  1.155E-08  9.646E-09 -4.243E-17  4.977E-16  1.00E-07
  1.750E-02 2.26379E-16  6.345E-08  1.155E-08  9.646E-09 -4.950E-17  5.806E-16  1.00E-07
  2.000E-02 2.26379E-16  7.251E-08  1.155E-08  9.646E-09 -5.657E-17  6.635E-16  1.00E-07
  2.250E-02 2.26379E-16  8.158E-08  1.155E-08  9.646E-09 -6.365E-17  7.465E-16  1.00E-07
  2.500E-02 2.26379E-16  9.064E-08  1.155E-08  9.646E-09 -7.072E-17  8.294E-16  1.00E-07
  2.750E-02 2.26379E-16  9.971E-08  1.155E-08  9.646E-09 -7.779E-17  9.124E-16  1.00E-07
  3.000E-02 2.26379E-16  1.088E-07  1.155E-08  9.646E-09 -8.486E-17  9.953E-16  1.00E-07
  3.250E-02 2.26379E-16  1.178E-07  1.155E-08  9.646E-09 -9.194E-17  1.078E-15  1.00E-07
  3.500E-02 2.26379E-16  1.269E-07  1.155E-08  9.646E-09 -9.901E-17  1.161E-15  1.00E-07
  3.750E-02 2.26379E-16  1.360E-07  1.155E-08  9.646E-09 -1.061E-16  1.244E-15  1.00E-07
  4.000E-02 2.26378E-16  1.450E-07  1.155E-08  9.646E-09 -1.132E-16  1.327E-15  1.00E-07
  4.250E-02 2.26378E-16  1.541E-07  1.155E-08  9.646E-09 -1.202E-16  1.410E-15  1.00E-07
  4.500E-02 2.26378E-16  1.632E-07  1.155E-08  9.646E-09 -1.273E-16  1.493E-15  1.00E-07
  4.750E-02 2.26378E-16  1.722E-07  1.155E-08  9.646E-09 -1.344E-16  1.576E-15  1.00E-07
  5.000E-02 2.26378E-16  1.813E-07  1.155E-08  9.646E-09 -1.414E-16  1.659E-15  1.00E-07
  5.250E-02 2.26378E-16  1.903E-07  1.155E-08  9.646E-09 -1.485E-16  1.742E-15  1.00E-07
  5.500E-02 2.26378E-16  1.994E-07  1.155E-08  9.646E-09 -1.556E-16  1.825E-15  1.00E-07
  5.750E-02 2.26378E-16  2.085E-07  1.155E-08  9.646E-09 -1.627E-16  1.908E-15  1.00E-07
  6.000E-02 2.26377E-16  2.175E-07  1.155E-08  9.646E-09 -1.697E-16  1.991E-15  1.00E-07
  6.250E-02 2.26377E-16  2.266E-07  1.155E-08  9.646E-09 -1.768E-16  2.074E-15  1.00E-07
  6.500E-02 2.26377E-16  2.357E-07  1.155E-08  9.646E-09 -1.839E-16  2.157E-15  1.00E-07
  6.750E-02 2.26377E-16  2.447E-07  1.155E-08  9.646E-09 -1.910E-16  2.239E-15  1.00E-07
  7.000E-02 2.26377E-16  2.538E-07  1.155E-08  9.646E-09 -1.980E-16  2.322E-15  1.00E-07
  7.250E-02 2.26377E-16  2.629E-07  1.155E-08  9.646E-09 -2.051E-16  2.405E-15  1.00E-07
  7.500E-02 2.26376E-16  2.719E-07  1.155E-08  9.646E-09 -2.122E-16  2.488E-15  1.00E-07
  7.750E-02 2.26376E-16  2.810E-07  1.155E-08  9.646E-09 -2.193E-16  2.571E-15  1.00E-07
  8.000E-02 2.26376E-16  2.901E-07  1.155E-08  9.646E-09 -2.263E-16  2.654E-15  1.00E-07
  8.250E-02 2.26376E-16  2.991E-07  1.155E-08  9.646E-09 -2.334E-16  2.737E-15  1.00E-07
  8.500E-02 2.26376E-16  3.082E-07  1.155E-08  9.646E-09 -2.405E-16  2.820E-15  1.00E-07
  8.750E-02 2.26375E-16  3.172E-07  1.155E-08  9.646E-09 -2.476E-16  2.903E-15  1.00E-07
  9.000E-02 2.26375E-16  3.263E-07  1.155E-08  9.646E-09 -2.546E-16  2.986E-15  1.00E-07
  9.250E-02 2.26375E-16  3.354E-07  1.155E-08  9.646E-09 -2.617E-16  3.069E-15  1.00E-07
  9.500E-02 2.26375E-16  3.444E-07  1.155E-08  9.646E-09 -2.688E-16  3.152E-15  1.00E-07
  9.750E-02 2.26374E-16  3.535E-07  1.155E-08  9.646E-09 -2.759E-16  3.235E-15  1.00E-07
  1.000E-01 2.26374E-16  3.626E-07  1.155E-08  9.646E-09 -2.829E-16  3.318E-15  1.00E-07
  1.250E-01 2.26371E-16  4.532E-07  1.155E-08  9.646E-09 -3.537E-16  4.147E-15  1.00E-07
  1.500E-01 2.26368E-16  5.439E-07  1.155E-08  9.646E-09 -4.245E-16  4.977E-15  1.00E-07
  1.750E-01 2.26364E-16  6.345E-07  1.155E-08  9.646E-09 -4.953E-16  5.806E-15  1.00E-07
  2.000E-01 2.26359E-16  7.252E-07  1.155E-08  9.646E-09 -5.662E-16  6.635E-15  1.00E-07
  2.250E-01 2.26354E-16  8.158E-07  1.155E-08  9.646E-09 -6.371E-16  7.465E-15  1.00E-07
  2.500E-01 2.26347E-16  9.065E-07  1.155E-08  9.646E-09 -7.081E-16  8.294E-15  1.00E-07
  2.750E-01 2.26341E-16  9.972E-07  1.155E-08  9.646E-09 -7.791E-16  9.123E-15  1.00E-07
  3.000E-01 2.26333E-16  1.088E-06  1.155E-08  9.646E-09 -8.501E-16  9.953E-15  1.00E-07
  3.250E-01 2.26326E-16  1.179E-06  1.155E-08  9.645E-09 -9.213E-16  1.078E-14  1.00E-07
  3.500E-01 2.26317E-16  1.269E-06  1.154E-08  9.645E-09 -9.925E-16  1.161E-14  1.00E-07
  3.750E-01 2.26308E-16  1.360E-06  1.154E-08  9.645E-09 -1.064E-15  1.244E-14  1.00E-07
  4.000E-01 2.26298E-16  1.451E-06  1.154E-08  9.645E-09 -1.135E-15  1.327E-14  1.00E-07
  4.250E-01 2.26287E-16  1.541E-06  1.154E-08  9.645E-09 -1.207E-15  1.410E-14  1.00E-07
  4.500E-01 2.26276E-16  1.632E-06  1.154E-08  9.645E-09 -1.278E-15  1.493E-14  1.00E-07
  4.750E-01 2.26264E-16  1.723E-06  1.154E-08  9.645E-09 -1.350E-15  1.576E-14  1.00E-07
  5.000E-01 2.26252E-16  1.814E-06  1.154E-08  9.645E-09 -1.421E-15  1.659E-14  1.00E-07
  5.250E-01 2.26239E-16  1.904E-06  1.154E-08  9.645E-09 -1.493E-15  1.742E-14  1.00E-07
  5.500E-01 2.26225E-16  1.995E-06  1.154E-08  9.645E-09 -1.565E-15  1.824E-14  1.00E-07
  5.750E-01 2.26211E-16  2.086E-06  1.154E-08  9.645E-09 -1.637E-15  1.907E-14  1.00E-07
  6.000E-01 2.26196E-16  2.177E-06  1.154E-08  9.644E-09 -1.709E-15  1.990E-14  1.00E-07
  6.250E-01 2.26181E-16  2.267E-06  1.154E-08  9.644E-09 -1.782E-15  2.073E-14  1.00E-07
  6.500E-01 2.26164E-16  2.358E-06  1.154E-08  9.644E-09 -1.854E-15  2.156E-14  1.00E-07
  6.750E-01 2.26147E-16  2.449E-06  1.154E-08  9.644E-09 -1.927E-15  2.239E-14  1.00E-07
  7.000E-01 2.26130E-16  2.540E-06  1.154E-08  9.644E-09 -2.000E-15  2.322E-14  1.00E-07
  7.250E-01 2.26112E-16  2.631E-06  1.154E-08  9.644E-09 -2.072E-15  2.405E-14  1.00E-07
  7.500E-01 2.26093E-16  2.722E-06  1.154E-08  9.644E-09 -2.145E-15  2.488E-14  1.00E-07
  7.750E-01 2.26074E-16  2.813E-06  1.154E-08  9.643E-09 -2.219E-15  2.571E-14  1.00E-07
  8.000E-01 2.26054E-16  2.904E-06  1.154E-08  9.643E-09 -2.292E-15  2.653E-14  1.00E-07
  8.250E-01 2.26033E-16  2.994E-06  1.153E-08  9.643E-09 -2.365E-15  2.736E-14  1.00E-07
  8.500E-01 2.26012E-16  3.085E-06  1.153E-08  9.643E-09 -2.439E-15  2.819E-14  1.00E-07
  8.750E-01 2.25990E-16  3.176E-06  1.153E-08  9.643E-09 -2.513E-15  2.902E-14  1.00E-07
  9.000E-01 2.25967E-16  3.267E-06  1.153E-08  9.643E-09 -2.587E-15  2.985E-14  1.00E-07
  9.250E-01 2.25944E-16  3.358E-06  1.153E-08  9.642E-09 -2.661E-15  3.068E-14  1.00E-07
  9.500E-01 2.25920E-16  3.449E-06  1.153E-08  9.642E-09 -2.736E-15  3.151E-14  1.00E-07
  9.750E-01 2.25896E-16  3.540E-06  1.153E-08  9.642E-09 -2.810E-15  3.233E-14  1.00E-07
  1.000E+00 2.25871E-16  3.632E-06  1.153E-08  9.642E-09 -2.885E-15  3.316E-14  1.00E-07
  1.100E+00 2.25764E-16  3.996E-06  1.152E-08  9.641E-09 -3.187E-15  3.647E-14  1.00E-07
  1.200E+00 2.25648E-16  4.361E-06  1.152E-08  9.640E-09 -3.492E-15  3.979E-14  1.00E-07
  1.300E+00 2.25521E-16  4.726E-06  1.152E-08  9.639E-09 -3.802E-15  4.310E-14  1.00E-07
  1.400E+00 2.25384E-16  5.092E-06  1.151E-08  9.638E-09 -4.115E-15  4.641E-14  1.00E-07
  1.500E+00 2.25237E-16  5.458E-06  1.151E-08  9.637E-09 -4.434E-15  4.972E-14  1.00E-07
  1.600E+00 2.25081E-16  5.825E-06  1.150E-08  9.635E-09 -4.757E-15  5.302E-14  1.00E-07
  1.700E+00 2.24914E-16  6.193E-06  1.149E-08  9.634E-09 -5.086E-15  5.633E-14  1.00E-07
  1.800E+00 2.24737E-16  6.561E-06  1.149E-08  9.632E-09 -5.421E-15  5.963E-14  1.00E-07
  1.900E+00 2.24551E-16  6.929E-06  1.148E-08  9.631E-09 -5.762E-15  6.293E-14  1.00E-07
  2.000E+00 2.24354E-16  7.299E-06  1.147E-08  9.629E-09 -6.109E-15  6.623E-14  1.00E-07
  2.100E+00 2.24148E-16  7.669E-06  1.147E-08  9.628E-09 -6.462E-15  6.953E-14  1.00E-07
  2.200E+00 2.23932E-16  8.039E-06  1.146E-08  9.626E-09 -6.823E-15  7.283E-14  1.00E-07
  2.300E+00 2.23706E-16  8.411E-06  1.145E-08  9.624E-09 -7.192E-15  7.613E-14  1.00E-07
  2.400E+00 2.23471E-16  8.783E-06  1.144E-08  9.622E-09 -7.567E-15  7.942E-14  1.00E-07
  2.500E+00 2.23226E-16  9.157E-06  1.143E-08  9.620E-09 -7.951E-15  8.271E-14  1.00E-07
  2.600E+00 2.22971E-16  9.531E-06  1.142E-08  9.618E-09 -8.344E-15  8.600E-14  1.00E-07
  2.700E+00 2.22706E-16  9.906E-06  1.141E-08  9.615E-09 -8.745E-15  8.928E-14  1.00E-07
  2.800E+00 2.22432E-16  1.028E-05  1.140E-08  9.613E-09 -9.154E-15  9.257E-14  1.00E-07
  2.900E+00 2.22149E-16  1.066E-05  1.139E-08  9.611E-09 -9.574E-15  9.585E-14  1.00E-07
  3.000E+00 2.21856E-16  1.104E-05  1.138E-08  9.608E-09 -1.000E-14  9.913E-14  1.00E-07
  3.100E+00 2.21554E-16  1.142E-05  1.137E-08  9.606E-09 -1.044E-14  1.024E-13  1.00E-07
  3.200E+00 2.21242E-16  1.180E-05  1.136E-08  9.603E-09 -1.089E-14  1.057E-13  1.00E-07
  3.300E+00 2.20921E-16  1.218E-05  1.135E-08  9.601E-09 -1.135E-14  1.089E-13  1.00E-07
  3.400E+00 2.20591E-16  1.256E-05  1.133E-08  9.598E-09 -1.182E-14  1.122E-13  1.00E-07
  3.500E+00 2.20252E-16  1.294E-05  1.132E-08  9.595E-09 -1.230E-14  1.155E-13  1.00E-07
  3.600E+00 2.19903E-16  1.333E-05  1.131E-08  9.592E-09 -1.279E-14  1.187E-13  1.00E-07
  3.700E+00 2.19546E-16  1.372E-05  1.130E-08  9.589E-09 -1.330E-14  1.220E-13  1.00E-07
  3.800E+00 2.19179E-16  1.410E-05  1.128E-08  9.586E-09 -1.382E-14  1.253E-13  1.00E-07
  3.900E+00 2.18804E-16  1.449E-05  1.127E-08  9.583E-09 -1.435E-14  1.285E-13  1.00E-07
  4.000E+00 2.18419E-16  1.488E-05  1.125E-08  9.579E-09 -1.489E-14  1.318E-13  1.00E-07
  4.100E+00 2.18026E-16  1.527E-05  1.124E-08  9.576E-09 -1.544E-14  1.350E-13  1.00E-07
  4.200E+00 2.17624E-16  1.567E-05  1.122E-08  9.572E-09 -1.601E-14  1.382E-13  1.00E-07
  4.300E+00 2.17213E-16  1.606E-05  1.121E-08  9.569E-09 -1.659E-14  1.415E-13  1.00E-07
  4.400E+00 2.16794E-16  1.646E-05  1.119E-08  9.565E-09 -1.719E-14  1.447E-13  1.00E-07
  4.500E+00 2.16366E-16  1.686E-05  1.118E-08  9.562E-09 -1.780E-14  1.479E-13  1.00E-07
  4.600E+00 2.15930E-16  1.726E-05  1.116E-08  9.558E-09 -1.842E-14  1.512E-13  1.00E-07
  4.700E+00 2.15485E-16  1.766E-05  1.114E-08  9.554E-09 -1.906E-14  1.544E-13  1.00E-07
  4.800E+00 2.15032E-16  1.806E-05  1.113E-08  9.550E-09 -1.972E-14  1.576E-13  1.00E-07
  4.900E+00 2.14571E-16  1.847E-05  1.111E-08  9.546E-09 -2.038E-14  1.608E-13  1.00E-07
  5.000E+00 2.14101E-16  1.887E-05  1.109E-08  9.542E-09 -2.107E-14  1.640E-13  1.00E-07
  5.100E+00 2.13624E-16  1.928E-05  1.107E-08  9.538E-09 -2.177E-14  1.672E-13  1.00E-07
  5.200E+00 2.13138E-16  1.969E-05  1.106E-08  9.534E-09 -2.249E-14  1.704E-13  1.00E-07
  5.300E+00 2.12644E-16  2.011E-05  1.104E-08  9.529E-09 -2.322E-14  1.736E-13  1.00E-07
  5.400E+00 2.12143E-16  2.052E-05  1.102E-08  9.525E-09 -2.397E-14  1.768E-13  1.00E-07
  5.500E+00 2.11634E-16  2.094E-05  1.100E-08  9.520E-09 -2.474E-14  1.800E-13  1.00E-07
  5.600E+00 2.11117E-16  2.135E-05  1.098E-08  9.516E-09 -2.552E-14  1.832E-13  1.00E-07
  5.700E+00 2.10592E-16  2.177E-05  1.096E-08  9.511E-09 -2.632E-14  1.863E-13  1.00E-07
  5.800E+00 2.10060E-16  2.220E-05  1.094E-08  9.506E-09 -2.714E-14  1.895E-13  1.00E-07
  5.900E+00 2.09520E-16  2.262E-05  1.092E-08  9.501E-09 -2.798E-14  1.927E-13  1.00E-07
  6.000E+00 2.08973E-16  2.305E-05  1.090E-08  9.497E-09 -2.883E-14  1.958E-13  1.00E-07
  6.100E+00 2.08419E-16  2.348E-05  1.088E-08  9.492E-09 -2.970E-14  1.990E-13  1.00E-07
  6.200E+00 2.07858E-16  2.391E-05  1.086E-08  9.486E-09 -3.059E-14  2.021E-13  1.00E-07
  6.300E+00 2.07289E-16  2.434E-05  1.083E-08  9.481E-09 -3.151E-14  2.053E-13  1.00E-07
  6.400E+00 2.06714E-16  2.478E-05  1.081E-08  9.476E-09 -3.244E-14  2.084E-13  1.00E-07
  6.500E+00 2.06131E-16  2.522E-05  1.079E-08  9.471E-09 -3.338E-14  2.116E-13  1.00E-07
  6.600E+00 2.05542E-16  2.566E-05  1.077E-08  9.465E-09 -3.435E-14  2.147E-13  1.00E-07
  6.700E+00 2.04946E-16  2.610E-05  1.074E-08  9.460E-09 -3.534E-14  2.178E-13  1.00E-07
  6.800E+00 2.04343E-16  2.655E-05  1.072E-08  9.454E-09 -3.635E-14  2.209E-13  1.00E-07
  6.900E+00 2.03733E-16  2.700E-05  1.070E-08  9.449E-09 -3.738E-14  2.240E-13  1.00E-07
  7.000E+00 2.03118E-16  2.745E-05  1.067E-08  9.443E-09 -3.843E-14  2.271E-13  1.00E-07
  7.100E+00 2.02495E-16  2.790E-05  1.065E-08  9.437E-09 -3.950E-14  2.302E-13  1.00E-07
  7.200E+00 2.01867E-16  2.836E-05  1.063E-08  9.431E-09 -4.059E-14  2.333E-13  1.00E-07
  7.300E+00 2.01232E-16  2.882E-05  1.060E-08  9.426E-09 -4.170E-14  2.364E-13  1.00E-07
  7.400E+00 2.00591E-16  2.928E-05  1.058E-08  9.420E-09 -4.283E-14  2.395E-13  1.00E-07
  7.500E+00 1.99944E-16  2.974E-05  1.055E-08  9.413E-09 -4.399E-14  2.426E-13  1.00E-07
  7.600E+00 1.99292E-16  3.021E-05  1.053E-08  9.407E-09 -4.517E-14  2.456E-13  1.00E-07
  7.700E+00 1.98633E-16  3.068E-05  1.050E-08  9.401E-09 -4.636E-14  2.487E-13  1.00E-07
  7.800E+00 1.97969E-16  3.115E-05  1.047E-08  9.395E-09 -4.759E-14  2.517E-13  1.00E-07
  7.900E+00 1.97299E-16  3.163E-05  1.045E-08  9.388E-09 -4.883E-14  2.548E-13  1.00E-07
  8.000E+00 1.96623E-16  3.211E-05  1.042E-08  9.382E-09 -5.009E-14  2.578E-13  1.00E-07
  8.100E+00 1.95942E-16  3.259E-05  1.039E-08  9.375E-09 -5.138E-14  2.609E-13  1.00E-07
  8.200E+00 1.95256E-16  3.308E-05  1.037E-08  9.369E-09 -5.269E-14  2.639E-13  1.00E-07
  8.300E+00 1.94565E-16  3.357E-05  1.034E-08  9.362E-09 -5.403E-14  2.669E-13  1.00E-07
  8.400E+00 1.93868E-16  3.406E-05  1.031E-08  9.355E-09 -5.538E-14  2.699E-13  1.00E-07
  8.500E+00 1.93166E-16  3.456E-05  1.028E-08  9.348E-09 -5.677E-14  2.729E-13  1.00E-07
  8.600E+00 1.92460E-16  3.505E-05  1.026E-08  9.341E-09 -5.817E-14  2.759E-13  1.00E-07
  8.700E+00 1.91748E-16  3.556E-05  1.023E-08  9.334E-09 -5.960E-14  2.789E-13  1.00E-07
  8.800E+00 1.91032E-16  3.606E-05  1.020E-08  9.327E-09 -6.105E-14  2.819E-13  1.00E-07
  8.900E+00 1.90311E-16  3.657E-05  1.017E-08  9.320E-09 -6.253E-14  2.849E-13  1.00E-07
  9.000E+00 1.89586E-16  3.708E-05  1.014E-08  9.313E-09 -6.403E-14  2.878E-13  1.00E-07
  9.100E+00 1.88856E-16  3.760E-05  1.011E-08  9.305E-09 -6.555E-14  2.908E-13  1.00E-07
  9.200E+00 1.88122E-16  3.812E-05  1.008E-08  9.298E-09 -6.710E-14  2.937E-13  1.00E-07
  9.300E+00 1.87384E-16  3.864E-05  1.005E-08  9.291E-09 -6.867E-14  2.967E-13  1.00E-07
  9.400E+00 1.86641E-16  3.917E-05  1.002E-08  9.283E-09 -7.027E-14  2.996E-13  1.00E-07
  9.500E+00 1.85894E-16  3.970E-05  9.993E-09  9.275E-09 -7.189E-14  3.025E-13  1.00E-07
  9.600E+00 1.85144E-16  4.023E-05  9.963E-09  9.268E-09 -7.354E-14  3.054E-13  1.00E-07
  9.700E+00 1.84389E-16  4.077E-05  9.932E-09  9.260E-09 -7.522E-14  3.084E-13  1.00E-07
  9.800E+00 1.83631E-16  4.132E-05  9.901E-09  9.252E-09 -7.692E-14  3.113E-13  1.00E-07
  9.900E+00 1.82869E-16  4.186E-05  9.870E-09  9.244E-09 -7.864E-14  3.142E-13  1.00E-07
  1.000E+01 1.82104E-16  4.241E-05  9.839E-09  9.236E-09 -8.039E-14  3.170E-13  1.00E-07
  1.025E+01 1.80175E-16  4.381E-05  9.759E-09  9.216E-09 -8.488E-14  3.242E-13  1.00E-07
  1.050E+01 1.78227E-16  4.522E-05  9.679E-09  9.195E-09 -8.953E-14  3.313E-13  1.00E-07
  1.075E+01 1.76260E-16  4.667E-05  9.597E-09  9.174E-09 -9.434E-14  3.384E-13  1.00E-07
  1.100E+01 1.74275E-16  4.814E-05  9.514E-09  9.152E-09 -9.932E-14  3.454E-13  1.00E-07
  1.125E+01 1.72275E-16  4.965E-05  9.430E-09  9.130E-09 -1.045E-13  3.524E-13  1.00E-07
  1.150E+01 1.70261E-16  5.118E-05  9.344E-09  9.107E-09 -1.098E-13  3.593E-13  1.00E-07
  1.175E+01 1.68235E-16  5.274E-05  9.258E-09  9.084E-09 -1.153E-13  3.661E-13  1.00E-07
  1.200E+01 1.66197E-16  5.433E-05  9.171E-09  9.061E-09 -1.209E-13  3.729E-13  1.00E-07
  1.225E+01 1.64149E-16  5.596E-05  9.082E-09  9.037E-09 -1.267E-13  3.796E-13  1.00E-07
  1.250E+01 1.62093E-16  5.761E-05  8.993E-09  9.013E-09 -1.327E-13  3.862E-13  1.00E-07
  1.275E+01 1.60029E-16  5.931E-05  8.902E-09  8.988E-09 -1.389E-13  3.928E-13  1.00E-07
  1.300E+01 1.57960E-16  6.103E-05  8.811E-09  8.963E-09 -1.452E-13  3.993E-13  1.00E-07
  1.325E+01 1.55887E-16  6.279E-05  8.719E-09  8.937E-09 -1.518E-13  4.058E-13  1.00E-07
  1.350E+01 1.53810E-16  6.459E-05  8.626E-09  8.911E-09 -1.584E-13  4.122E-13  1.00E-07
  1.375E+01 1.51732E-16  6.642E-05  8.532E-09  8.884E-09 -1.653E-13  4.185E-13  1.00E-07
  1.400E+01 1.49652E-16  6.830E-05  8.438E-09  8.857E-09 -1.723E-13  4.247E-13  1.00E-07
  1.425E+01 1.47574E-16  7.021E-05  8.343E-09  8.830E-09 -1.795E-13  4.309E-13  1.00E-07
  1.450E+01 1.45497E-16  7.216E-05  8.247E-09  8.802E-09 -1.869E-13  4.370E-13  1.00E-07
  1.475E+01 1.43423E-16  7.415E-05  8.151E-09  8.774E-09 -1.945E-13  4.431E-13  1.00E-07
  1.500E+01 1.41353E-16  7.619E-05  8.054E-09  8.746E-09 -2.022E-13  4.490E-13  1.00E-07
  1.525E+01 1.39288E-16  7.827E-05  7.956E-09  8.717E-09 -2.101E-13  4.549E-13  1.00E-07
  1.550E+01 1.37229E-16  8.039E-05  7.858E-09  8.688E-09 -2.182E-13  4.607E-13  1.00E-07
  1.575E+01 1.35177E-16  8.256E-05  7.760E-09  8.658E-09 -2.264E-13  4.665E-13  1.00E-07
  1.600E+01 1.33134E-16  8.478E-05  7.661E-09  8.628E-09 -2.348E-13  4.721E-13  1.00E-07
  1.625E+01 1.31099E-16  8.704E-05  7.562E-09  8.597E-09 -2.434E-13  4.777E-13  1.00E-07
  1.650E+01 1.29074E-16  8.935E-05  7.462E-09  8.567E-09 -2.522E-13  4.832E-13  1.00E-07
  1.675E+01 1.27060E-16  9.171E-05  7.363E-09  8.535E-09 -2.611E-13  4.887E-13  1.00E-07
  1.700E+01 1.25057E-16  9.412E-05  7.262E-09  8.504E-09 -2.702E-13  4.940E-13  1.00E-07
  1.725E+01 1.23067E-16  9.658E-05  7.162E-09  8.472E-09 -2.794E-13  4.993E-13  1.00E-07
  1.750E+01 1.21090E-16  9.910E-05  7.061E-09  8.440E-09 -2.888E-13  5.045E-13  1.00E-07
  1.775E+01 1.19127E-16  1.017E-04  6.961E-09  8.407E-09 -2.984E-13  5.096E-13  1.00E-07
  1.800E+01 1.17178E-16  1.043E-04  6.860E-09  8.374E-09 -3.081E-13  5.146E-13  1.00E-07
  1.825E+01 1.15245E-16  1.070E-04  6.759E-09  8.341E-09 -3.180E-13  5.195E-13  1.00E-07
  1.850E+01 1.13327E-16  1.097E-04  6.658E-09  8.307E-09 -3.281E-13  5.244E-13  1.00E-07
  1.875E+01 1.11426E-16  1.125E-04  6.556E-09  8.273E-09 -3.383E-13  5.292E-13  1.00E-07
  1.900E+01 1.09542E-16  1.154E-04  6.455E-09  8.238E-09 -3.487E-13  5.338E-13  1.00E-07
  1.925E+01 1.07675E-16  1.183E-04  6.354E-09  8.204E-09 -3.592E-13  5.384E-13  1.00E-07
  1.950E+01 1.05826E-16  1.213E-04  6.253E-09  8.169E-09 -3.698E-13  5.430E-13  1.00E-07
  1.975E+01 1.03996E-16  1.243E-04  6.152E-09  8.133E-09 -3.807E-13  5.474E-13  1.00E-07
  2.000E+01 1.02185E-16  1.274E-04  6.051E-09  8.098E-09 -3.916E-13  5.517E-13  1.00E-07
  2.025E+01 1.00393E-16  1.306E-04  5.950E-09  8.062E-09 -4.027E-13  5.560E-13  1.00E-07
  2.050E+01 9.86211E-17  1.338E-04  5.849E-09  8.026E-09 -4.140E-13  5.601E-13  1.00E-07
  2.075E+01 9.68690E-17  1.371E-04  5.749E-09  7.989E-09 -4.254E-13  5.642E-13  1.00E-07
  2.100E+01 9.51373E-17  1.405E-04  5.648E-09  7.952E-09 -4.369E-13  5.682E-13  1.00E-07
  2.125E+01 9.34262E-17  1.440E-04  5.548E-09  7.915E-09 -4.486E-13  5.721E-13  1.00E-07
  2.150E+01 9.17360E-17  1.475E-04  5.448E-09  7.877E-09 -4.604E-13  5.759E-13  1.00E-07
  2.175E+01 9.00670E-17  1.511E-04  5.349E-09  7.840E-09 -4.723E-13  5.796E-13  1.00E-07
  2.200E+01 8.84194E-17  1.547E-04  5.249E-09  7.802E-09 -4.844E-13  5.832E-13  1.00E-07
  2.225E+01 8.67933E-17  1.585E-04  5.150E-09  7.763E-09 -4.966E-13  5.867E-13  1.00E-07
  2.250E+01 8.51890E-17  1.623E-04  5.051E-09  7.725E-09 -5.089E-13  5.901E-13  1.00E-07
  2.275E+01 8.36066E-17  1.662E-04  4.953E-09  7.686E-09 -5.214E-13  5.935E-13  1.00E-07
  2.300E+01 8.20461E-17  1.702E-04  4.855E-09  7.647E-09 -5.340E-13  5.967E-13  1.00E-07
  2.325E+01 8.05077E-17  1.742E-04  4.758E-09  7.607E-09 -5.466E-13  5.999E-13  1.00E-07
  2.350E+01 7.89915E-17  1.783E-04  4.660E-09  7.568E-09 -5.594E-13  6.029E-13  1.00E-07
  2.375E+01 7.74975E-17  1.826E-04  4.564E-09  7.528E-09 -5.724E-13  6.059E-13  1.00E-07
  2.400E+01 7.60258E-17  1.869E-04  4.467E-09  7.488E-09 -5.854E-13  6.087E-13  1.00E-07
  2.425E+01 7.45763E-17  1.912E-04  4.372E-09  7.448E-09 -5.985E-13  6.115E-13  1.00E-07
  2.450E+01 7.31492E-17  1.957E-04  4.276E-09  7.407E-09 -6.118E-13  6.142E-13  1.00E-07
  2.475E+01 7.17442E-17  2.003E-04  4.181E-09  7.366E-09 -6.251E-13  6.168E-13  1.00E-07
  2.500E+01 7.03615E-17  2.049E-04  4.087E-09  7.325E-09 -6.386E-13  6.192E-13  1.00E-07
  2.550E+01 6.76626E-17  2.145E-04  3.900E-09  7.242E-09 -6.658E-13  6.239E-13  1.00E-07
  2.600E+01 6.50518E-17  2.244E-04  3.715E-09  7.159E-09 -6.934E-13  6.282E-13  1.00E-07
  2.650E+01 6.25284E-17  2.347E-04  3.533E-09  7.074E-09 -7.214E-13  6.321E-13  1.00E-07
  2.700E+01 6.00913E-17  2.453E-04  3.353E-09  6.989E-09 -7.496E-13  6.356E-13  1.00E-07
  2.750E+01 5.77394E-17  2.563E-04  3.176E-09  6.903E-09 -7.783E-13  6.387E-13  1.00E-07
  2.800E+01 5.54713E-17  2.678E-04  3.001E-09  6.817E-09 -8.072E-13  6.414E-13  1.00E-07
  2.850E+01 5.32857E-17  2.796E-04  2.829E-09  6.729E-09 -8.364E-13  6.437E-13  1.00E-07
  2.900E+01 5.11808E-17  2.918E-04  2.659E-09  6.641E-09 -8.658E-13  6.456E-13  1.00E-07
  2.950E+01 4.91551E-17  3.044E-04  2.493E-09  6.553E-09 -8.955E-13  6.471E-13  1.00E-07
  3.000E+01 4.72067E-17  3.174E-04  2.329E-09  6.464E-09 -9.254E-13  6.482E-13  1.00E-07
  3.050E+01 4.53338E-17  3.308E-04  2.168E-09  6.374E-09 -9.556E-13  6.490E-13  1.00E-07
  3.100E+01 4.35344E-17  3.446E-04  2.011E-09  6.284E-09 -9.859E-13  6.493E-13  1.00E-07
  3.150E+01 4.18066E-17  3.588E-04  1.856E-09  6.194E-09 -1.016E-12  6.492E-13  1.00E-07
  3.200E+01 4.01484E-17  3.734E-04  1.704E-09  6.103E-09 -1.047E-12  6.488E-13  1.00E-07
  3.250E+01 3.85577E-17  3.883E-04  1.555E-09  6.012E-09 -1.078E-12  6.479E-13  1.00E-07
  3.300E+01 3.70325E-17  4.037E-04  1.410E-09  5.920E-09 -1.109E-12  6.467E-13  1.00E-07
  3.350E+01 3.55708E-17  4.194E-04  1.267E-09  5.828E-09 -1.140E-12  6.451E-13  1.00E-07
  3.400E+01 3.41703E-17  4.355E-04  1.128E-09  5.736E-09 -1.171E-12  6.431E-13  1.00E-07
  3.450E+01 3.28292E-17  4.519E-04  9.914E-10  5.643E-09 -1.202E-12  6.407E-13  1.00E-07
  3.500E+01 3.15453E-17  4.686E-04  8.583E-10  5.551E-09 -1.233E-12  6.379E-13  1.00E-07
  3.550E+01 3.03166E-17  4.856E-04  7.282E-10  5.458E-09 -1.264E-12  6.348E-13  1.00E-07
  3.600E+01 2.91412E-17  5.030E-04  6.013E-10  5.365E-09 -1.295E-12  6.312E-13  1.00E-07
  3.650E+01 2.80170E-17  5.206E-04  4.775E-10  5.272E-09 -1.327E-12  6.273E-13  1.00E-07
  3.700E+01 2.69422E-17  5.384E-04  3.568E-10  5.178E-09 -1.358E-12  6.231E-13  1.00E-07
  3.750E+01 2.59148E-17  5.565E-04  2.392E-10  5.085E-09 -1.389E-12  6.184E-13  1.00E-07
  3.800E+01 2.49329E-17  5.747E-04  1.247E-10  4.992E-09 -1.420E-12  6.134E-13  1.00E-07
  3.850E+01 2.39948E-17  5.931E-04  1.327E-11  4.898E-09 -1.451E-12  6.080E-13  1.00E-07
  3.900E+01 2.30987E-17  6.117E-04 -9.512E-11  4.805E-09 -1.482E-12  6.023E-13  1.00E-07
  3.950E+01 2.22428E-17  6.303E-04 -2.005E-10  4.712E-09 -1.513E-12  5.962E-13  1.00E-07
  4.000E+01 2.14255E-17  6.489E-04 -3.028E-10  4.619E-09 -1.544E-12  5.898E-13  1.00E-07
  4.050E+01 2.06451E-17  6.676E-04 -4.022E-10  4.526E-09 -1.574E-12  5.830E-13  1.00E-07
  4.100E+01 1.99001E-17  6.862E-04 -4.986E-10  4.433E-09 -1.605E-12  5.759E-13  1.00E-07
  4.150E+01 1.91890E-17  7.048E-04 -5.921E-10  4.340E-09 -1.635E-12  5.685E-13  1.00E-07
  4.200E+01 1.85102E-17  7.232E-04 -6.827E-10  4.248E-09 -1.666E-12  5.607E-13  1.00E-07
  4.250E+01 1.78623E-17  7.414E-04 -7.704E-10  4.156E-09 -1.696E-12  5.526E-13  1.00E-07
  4.300E+01 1.72440E-17  7.594E-04 -8.553E-10  4.064E-09 -1.726E-12  5.441E-13  1.00E-07
  4.350E+01 1.66540E-17  7.772E-04 -9.373E-10  3.972E-09 -1.756E-12  5.354E-13  1.00E-07
  4.400E+01 1.60909E-17  7.946E-04 -1.017E-09  3.880E-09 -1.785E-12  5.263E-13  1.00E-07
  4.450E+01 1.55535E-17  8.116E-04 -1.093E-09  3.789E-09 -1.815E-12  5.169E-13  1.00E-07
  4.500E+01 1.50406E-17  8.281E-04 -1.167E-09  3.698E-09 -1.844E-12  5.072E-13  1.00E-07
  4.550E+01 1.45512E-17  8.442E-04 -1.238E-09  3.608E-09 -1.873E-12  4.973E-13  1.00E-07
  4.600E+01 1.40840E-17  8.597E-04 -1.307E-09  3.518E-09 -1.902E-12  4.870E-13  1.00E-07
  4.650E+01 1.36382E-17  8.745E-04 -1.373E-09  3.428E-09 -1.930E-12  4.764E-13  1.00E-07
  4.700E+01 1.32126E-17  8.887E-04 -1.436E-09  3.339E-09 -1.959E-12  4.656E-13  1.00E-07
  4.750E+01 1.28063E-17  9.022E-04 -1.497E-09  3.250E-09 -1.987E-12  4.545E-13  1.00E-07
  4.800E+01 1.24184E-17  9.148E-04 -1.556E-09  3.162E-09 -2.014E-12  4.431E-13  1.00E-07
  4.850E+01 1.20481E-17  9.266E-04 -1.611E-09  3.074E-09 -2.042E-12  4.314E-13  1.00E-07
  4.900E+01 1.16944E-17  9.375E-04 -1.665E-09  2.987E-09 -2.069E-12  4.195E-13  1.00E-07
  4.950E+01 1.13567E-17  9.474E-04 -1.716E-09  2.900E-09 -2.096E-12  4.074E-13  1.00E-07
  5.000E+01 1.10340E-17  9.563E-04 -1.765E-09  2.814E-09 -2.123E-12  3.950E-13  1.00E-07
  5.050E+01 1.07258E-17  9.642E-04 -1.812E-09  2.728E-09 -2.149E-12  3.823E-13  1.00E-07
  5.100E+01 1.04312E-17  9.709E-04 -1.856E-09  2.643E-09 -2.175E-12  3.694E-13  1.00E-07
  5.150E+01 1.01498E-17  9.764E-04 -1.898E-09  2.559E-09 -2.201E-12  3.563E-13  1.00E-07
  5.200E+01 9.88071E-18  9.807E-04 -1.938E-09  2.475E-09 -2.226E-12  3.430E-13  1.00E-07
  5.250E+01 9.62348E-18  9.837E-04 -1.976E-09  2.391E-09 -2.252E-12  3.294E-13  1.00E-07
  5.300E+01 9.37751E-18  9.854E-04 -2.012E-09  2.309E-09 -2.276E-12  3.157E-13  1.00E-07
  5.350E+01 9.14225E-18  9.858E-04 -2.046E-09  2.227E-09 -2.301E-12  3.017E-13  1.00E-07
  5.400E+01 8.91720E-18  9.847E-04 -2.077E-09  2.145E-09 -2.325E-12  2.875E-13  1.00E-07
  5.450E+01 8.70187E-18  9.822E-04 -2.107E-09  2.064E-09 -2.349E-12  2.732E-13  1.00E-07
  5.500E+01 8.49579E-18  9.783E-04 -2.135E-09  1.984E-09 -2.373E-12  2.586E-13  1.00E-07
  5.550E+01 8.29852E-18  9.728E-04 -2.161E-09  1.905E-09 -2.396E-12  2.439E-13  1.00E-07
  5.600E+01 8.10965E-18  9.659E-04 -2.185E-09  1.826E-09 -2.419E-12  2.290E-13  1.00E-07
  5.650E+01 7.92879E-18  9.574E-04 -2.207E-09  1.748E-09 -2.441E-12  2.140E-13  1.00E-07
  5.700E+01 7.75554E-18  9.473E-04 -2.228E-09  1.671E-09 -2.463E-12  1.987E-13  1.00E-07
  5.750E+01 7.58957E-18  9.356E-04 -2.247E-09  1.595E-09 -2.485E-12  1.834E-13  1.00E-07
  5.800E+01 7.43053E-18  9.223E-04 -2.264E-09  1.519E-09 -2.506E-12  1.678E-13  1.00E-07
  5.850E+01 7.27811E-18  9.074E-04 -2.279E-09  1.444E-09 -2.527E-12  1.522E-13  1.00E-07
  5.900E+01 7.13199E-18  8.909E-04 -2.293E-09  1.369E-09 -2.548E-12  1.364E-13  1.00E-07
  5.950E+01 6.99190E-18  8.727E-04 -2.305E-09  1.296E-09 -2.568E-12  1.205E-13  1.00E-07
  6.000E+01 6.85757E-18  8.529E-04 -2.315E-09  1.223E-09 -2.588E-12  1.044E-13  1.00E-07
  6.050E+01 6.72873E-18  8.314E-04 -2.324E-09  1.151E-09 -2.608E-12  8.825E-14  1.00E-07
  6.100E+01 6.60515E-18  8.084E-04 -2.332E-09  1.080E-09 -2.627E-12  7.197E-14  1.00E-07
  6.150E+01 6.48659E-18  7.837E-04 -2.338E-09  1.010E-09 -2.646E-12  5.560E-14  1.00E-07
  6.200E+01 6.37283E-18  7.573E-04 -2.343E-09  9.402E-10 -2.664E-12  3.912E-14  1.00E-07
  6.250E+01 6.26368E-18  7.294E-04 -2.346E-09  8.714E-10 -2.682E-12  2.256E-14  1.00E-07
  6.300E+01 6.15894E-18  6.999E-04 -2.348E-09  8.034E-10 -2.700E-12  5.910E-15  1.00E-07
  6.350E+01 6.05841E-18  6.688E-04 -2.349E-09  7.362E-10 -2.717E-12 -1.082E-14  1.00E-07
  6.400E+01 5.96194E-18  6.362E-04 -2.348E-09  6.699E-10 -2.734E-12 -2.762E-14  1.00E-07
  6.450E+01 5.86935E-18  6.020E-04 -2.346E-09  6.043E-10 -2.751E-12 -4.448E-14  1.00E-07
  6.500E+01 5.78049E-18  5.664E-04 -2.343E-09  5.396E-10 -2.767E-12 -6.141E-14  1.00E-07
  6.550E+01 5.69521E-18  5.292E-04 -2.339E-09  4.757E-10 -2.783E-12 -7.839E-14  1.00E-07
  6.600E+01 5.61337E-18  4.907E-04 -2.333E-09  4.126E-10 -2.798E-12 -9.542E-14  1.00E-07
  6.650E+01 5.53484E-18  4.507E-04 -2.326E-09  3.504E-10 -2.813E-12 -1.125E-13  1.00E-07
  6.700E+01 5.45950E-18  4.094E-04 -2.319E-09  2.890E-10 -2.828E-12 -1.296E-13  1.00E-07
  6.750E+01 5.38723E-18  3.668E-04 -2.310E-09  2.284E-10 -2.842E-12 -1.467E-13  1.00E-07
  6.800E+01 5.31791E-18  3.229E-04 -2.300E-09  1.686E-10 -2.856E-12 -1.639E-13  1.00E-07
  6.850E+01 5.25145E-18  2.778E-04 -2.289E-09  1.097E-10 -2.869E-12 -1.811E-13  1.00E-07
  6.900E+01 5.18774E-18  2.314E-04 -2.277E-09  5.163E-11 -2.882E-12 -1.983E-13  1.00E-07
  6.950E+01 5.12669E-18  1.840E-04 -2.264E-09 -5.628E-12 -2.895E-12 -2.155E-13  1.00E-07
  7.000E+01 5.06821E-18  1.355E-04 -2.250E-09 -6.205E-11 -2.907E-12 -2.327E-13  1.00E-07
  7.050E+01 5.01221E-18  8.592E-05 -2.236E-09 -1.176E-10 -2.919E-12 -2.499E-13  1.00E-07
  7.100E+01 4.95862E-18  3.541E-05 -2.220E-09 -1.724E-10 -2.930E-12 -2.671E-13  1.00E-07
  7.150E+01 4.90735E-18 -1.601E-05 -2.204E-09 -2.263E-10 -2.942E-12 -2.843E-13  1.00E-07
  7.200E+01 4.85834E-18 -6.828E-05 -2.186E-09 -2.794E-10 -2.952E-12 -3.014E-13  1.00E-07
  7.250E+01 4.81152E-18 -1.213E-04 -2.168E-09 -3.317E-10 -2.963E-12 -3.186E-13  1.00E-07
  7.300E+01 4.76683E-18 -1.751E-04 -2.149E-09 -3.831E-10 -2.973E-12 -3.357E-13  1.00E-07
  7.350E+01 4.72420E-18 -2.295E-04 -2.130E-09 -4.338E-10 -2.982E-12 -3.528E-13  1.00E-07
  7.400E+01 4.68357E-18 -2.846E-04 -2.109E-09 -4.836E-10 -2.991E-12 -3.698E-13  1.00E-07
  7.450E+01 4.64489E-18 -3.401E-04 -2.088E-09 -5.325E-10 -3.000E-12 -3.868E-13  1.00E-07
  7.500E+01 4.60811E-18 -3.961E-04 -2.067E-09 -5.807E-10 -3.009E-12 -4.037E-13  1.00E-07
  7.550E+01 4.57318E-18 -4.525E-04 -2.044E-09 -6.280E-10 -3.017E-12 -4.206E-13  1.00E-07
  7.600E+01 4.54004E-18 -5.093E-04 -2.021E-09 -6.746E-10 -3.024E-12 -4.374E-13  1.00E-07
  7.650E+01 4.50866E-18 -5.662E-04 -1.997E-09 -7.203E-10 -3.032E-12 -4.542E-13  1.00E-07
  7.700E+01 4.47899E-18 -6.234E-04 -1.973E-09 -7.652E-10 -3.039E-12 -4.708E-13  1.00E-07
  7.750E+01 4.45099E-18 -6.807E-04 -1.948E-09 -8.093E-10 -3.045E-12 -4.874E-13  1.00E-07
  7.800E+01 4.42461E-18 -7.380E-04 -1.923E-09 -8.527E-10 -3.051E-12 -5.040E-13  1.00E-07
  7.850E+01 4.39983E-18 -7.953E-04 -1.897E-09 -8.952E-10 -3.057E-12 -5.204E-13  1.00E-07
  7.900E+01 4.37661E-18 -8.524E-04 -1.870E-09 -9.369E-10 -3.063E-12 -5.368E-13  1.00E-07
  7.950E+01 4.35490E-18 -9.095E-04 -1.844E-09 -9.779E-10 -3.068E-12 -5.530E-13  1.00E-07
  8.000E+01 4.33469E-18 -9.662E-04 -1.816E-09 -1.018E-09 -3.072E-12 -5.692E-13  1.00E-07
  8.050E+01 4.31593E-18 -1.023E-03 -1.788E-09 -1.057E-09 -3.077E-12 -5.853E-13  1.00E-07
  8.100E+01 4.29859E-18 -1.079E-03 -1.760E-09 -1.096E-09 -3.081E-12 -6.012E-13  1.00E-07
  8.150E+01 4.28266E-18 -1.135E-03 -1.731E-09 -1.134E-09 -3.084E-12 -6.171E-13  1.00E-07
  8.200E+01 4.26809E-18 -1.190E-03 -1.702E-09 -1.171E-09 -3.088E-12 -6.328E-13  1.00E-07
  8.250E+01 4.25486E-18 -1.244E-03 -1.672E-09 -1.207E-09 -3.091E-12 -6.484E-13  1.00E-07
  8.300E+01 4.24295E-18 -1.298E-03 -1.642E-09 -1.243E-09 -3.093E-12 -6.639E-13  1.00E-07
  8.350E+01 4.23233E-18 -1.352E-03 -1.612E-09 -1.278E-09 -3.095E-12 -6.793E-13  1.00E-07
  8.400E+01 4.22297E-18 -1.404E-03 -1.582E-09 -1.312E-09 -3.097E-12 -6.945E-13  1.00E-07
  8.450E+01 4.21485E-18 -1.456E-03 -1.551E-09 -1.345E-09 -3.099E-12 -7.096E-13  1.00E-07
  8.500E+01 4.20796E-18 -1.507E-03 -1.519E-09 -1.378E-09 -3.100E-12 -7.246E-13  1.00E-07
  8.550E+01 4.20226E-18 -1.557E-03 -1.488E-09 -1.410E-09 -3.101E-12 -7.394E-13  1.00E-07
  8.600E+01 4.19773E-18 -1.607E-03 -1.456E-09 -1.441E-09 -3.102E-12 -7.541E-13  1.00E-07
  8.650E+01 4.19436E-18 -1.655E-03 -1.424E-09 -1.472E-09 -3.102E-12 -7.686E-13  1.00E-07
  8.700E+01 4.19212E-18 -1.702E-03 -1.392E-09 -1.502E-09 -3.102E-12 -7.830E-13  1.00E-07
  8.750E+01 4.19099E-18 -1.748E-03 -1.359E-09 -1.531E-09 -3.101E-12 -7.972E-13  1.00E-07
  8.800E+01 4.19096E-18 -1.793E-03 -1.327E-09 -1.559E-09 -3.100E-12 -8.113E-13  1.00E-07
  8.850E+01 4.19200E-18 -1.837E-03 -1.294E-09 -1.587E-09 -3.099E-12 -8.252E-13  1.00E-07
  8.900E+01 4.19410E-18 -1.880E-03 -1.261E-09 -1.614E-09 -3.098E-12 -8.389E-13  1.00E-07
  8.950E+01 4.19723E-18 -1.921E-03 -1.227E-09 -1.640E-09 -3.096E-12 -8.525E-13  1.00E-07
  9.000E+01 4.20139E-18 -1.962E-03 -1.194E-09 -1.666E-09 -3.094E-12 -8.659E-13  1.00E-07
  9.050E+01 4.20655E-18 -2.001E-03 -1.160E-09 -1.691E-09 -3.092E-12 -8.791E-13  1.00E-07
  9.100E+01 4.21269E-18 -2.039E-03 -1.127E-09 -1.716E-09 -3.089E-12 -8.922E-13  1.00E-07
  9.150E+01 4.21980E-18 -2.075E-03 -1.093E-09 -1.740E-09 -3.086E-12 -9.050E-13  1.00E-07
  9.200E+01 4.22786E-18 -2.111E-03 -1.059E-09 -1.763E-09 -3.082E-12 -9.177E-13  1.00E-07
  9.250E+01 4.23686E-18 -2.145E-03 -1.025E-09 -1.785E-09 -3.079E-12 -9.302E-13  1.00E-07
  9.300E+01 4.24678E-18 -2.177E-03 -9.904E-10 -1.807E-09 -3.075E-12 -9.426E-13  1.00E-07
  9.350E+01 4.25760E-18 -2.209E-03 -9.562E-10 -1.828E-09 -3.071E-12 -9.547E-13  1.00E-07
  9.400E+01 4.26930E-18 -2.239E-03 -9.219E-10 -1.849E-09 -3.066E-12 -9.666E-13  1.00E-07
  9.450E+01 4.28188E-18 -2.267E-03 -8.875E-10 -1.869E-09 -3.061E-12 -9.784E-13  1.00E-07
  9.500E+01 4.29532E-18 -2.295E-03 -8.531E-10 -1.889E-09 -3.056E-12 -9.899E-13  1.00E-07
  9.550E+01 4.30960E-18 -2.321E-03 -8.186E-10 -1.908E-09 -3.051E-12 -1.001E-12  1.00E-07
  9.600E+01 4.32470E-18 -2.345E-03 -7.841E-10 -1.926E-09 -3.045E-12 -1.012E-12  1.00E-07
  9.650E+01 4.34062E-18 -2.369E-03 -7.496E-10 -1.944E-09 -3.039E-12 -1.023E-12  1.00E-07
  9.700E+01 4.35733E-18 -2.391E-03 -7.151E-10 -1.961E-09 -3.033E-12 -1.034E-12  1.00E-07
  9.750E+01 4.37482E-18 -2.412E-03 -6.806E-10 -1.978E-09 -3.027E-12 -1.045E-12  1.00E-07
  9.800E+01 4.39309E-18 -2.431E-03 -6.461E-10 -1.994E-09 -3.020E-12 -1.055E-12  1.00E-07
  9.850E+01 4.41210E-18 -2.449E-03 -6.116E-10 -2.009E-09 -3.013E-12 -1.065E-12  1.00E-07
  9.900E+01 4.43186E-18 -2.466E-03 -5.771E-10 -2.025E-09 -3.005E-12 -1.075E-12  1.00E-07
  9.950E+01 4.45234E-18 -2.482E-03 -5.427E-10 -2.039E-09 -2.998E-12 -1.085E-12  1.00E-07
  1.000E+02 4.47353E-18 -2.496E-03 -5.083E-10 -2.053E-09 -2.990E-12 -1.094E-12  1.00E-07
  1.005E+02 4.49542E-18 -2.509E-03 -4.739E-10 -2.067E-09 -2.982E-12 -1.103E-12  1.00E-07
  1.010E+02 4.51800E-18 -2.521E-03 -4.396E-10 -2.080E-09 -2.974E-12 -1.112E-12  1.00E-07
  1.015E+02 4.54124E-18 -2.532E-03 -4.054E-10 -2.092E-09 -2.965E-12 -1.121E-12  1.00E-07
  1.020E+02 4.56514E-18 -2.541E-03 -3.713E-10 -2.104E-09 -2.956E-12 -1.130E-12  1.00E-07
  1.025E+02 4.58968E-18 -2.550E-03 -3.372E-10 -2.116E-09 -2.947E-12 -1.138E-12  1.00E-07
  1.030E+02 4.61485E-18 -2.557E-03 -3.032E-10 -2.127E-09 -2.938E-12 -1.146E-12  1.00E-07
  1.035E+02 4.64064E-18 -2.563E-03 -2.693E-10 -2.137E-09 -2.928E-12 -1.154E-12  1.00E-07
  1.040E+02 4.66702E-18 -2.568E-03 -2.355E-10 -2.147E-09 -2.918E-12 -1.162E-12  1.00E-07
  1.045E+02 4.69400E-18 -2.573E-03 -2.018E-10 -2.157E-09 -2.908E-12 -1.169E-12  1.00E-07
  1.050E+02 4.72155E-18 -2.576E-03 -1.682E-10 -2.166E-09 -2.898E-12 -1.177E-12  1.00E-07
  1.055E+02 4.74967E-18 -2.578E-03 -1.347E-10 -2.175E-09 -2.888E-12 -1.184E-12  1.00E-07
  1.060E+02 4.77833E-18 -2.579E-03 -1.014E-10 -2.184E-09 -2.877E-12 -1.190E-12  1.00E-07
  1.065E+02 4.80753E-18 -2.579E-03 -6.816E-11 -2.192E-09 -2.866E-12 -1.197E-12  1.00E-07
  1.070E+02 4.83725E-18 -2.578E-03 -3.507E-11 -2.199E-09 -2.855E-12 -1.203E-12  1.00E-07
  1.075E+02 4.86749E-18 -2.576E-03 -2.116E-12 -2.206E-09 -2.843E-12 -1.209E-12  1.00E-07
  1.080E+02 4.89822E-18 -2.574E-03  3.070E-11 -2.213E-09 -2.832E-12 -1.215E-12  1.00E-07
  1.085E+02 4.92943E-18 -2.570E-03  6.336E-11 -2.219E-09 -2.820E-12 -1.221E-12  1.00E-07
  1.090E+02 4.96111E-18 -2.566E-03  9.587E-11 -2.225E-09 -2.808E-12 -1.226E-12  1.00E-07
  1.095E+02 4.99326E-18 -2.561E-03  1.282E-10 -2.231E-09 -2.796E-12 -1.231E-12  1.00E-07
  1.100E+02 5.02584E-18 -2.555E-03  1.604E-10 -2.236E-09 -2.783E-12 -1.236E-12  1.00E-07
  1.105E+02 5.05887E-18 -2.549E-03  1.925E-10 -2.241E-09 -2.770E-12 -1.241E-12  1.00E-07
  1.110E+02 5.09231E-18 -2.542E-03  2.243E-10 -2.245E-09 -2.758E-12 -1.245E-12  1.00E-07
  1.115E+02 5.12616E-18 -2.534E-03  2.560E-10 -2.250E-09 -2.745E-12 -1.249E-12  1.00E-07
  1.120E+02 5.16040E-18 -2.525E-03  2.875E-10 -2.253E-09 -2.731E-12 -1.253E-12  1.00E-07
  1.125E+02 5.19503E-18 -2.516E-03  3.188E-10 -2.257E-09 -2.718E-12 -1.257E-12  1.00E-07
  1.130E+02 5.23003E-18 -2.506E-03  3.500E-10 -2.260E-09 -2.704E-12 -1.260E-12  1.00E-07
  1.135E+02 5.26538E-18 -2.495E-03  3.809E-10 -2.263E-09 -2.690E-12 -1.264E-12  1.00E-07
  1.140E+02 5.30108E-18 -2.484E-03  4.117E-10 -2.265E-09 -2.676E-12 -1.267E-12  1.00E-07
  1.145E+02 5.33712E-18 -2.473E-03  4.423E-10 -2.267E-09 -2.662E-12 -1.269E-12  1.00E-07
  1.150E+02 5.37347E-18 -2.460E-03  4.726E-10 -2.269E-09 -2.648E-12 -1.272E-12  1.00E-07
  1.155E+02 5.41013E-18 -2.448E-03  5.028E-10 -2.271E-09 -2.633E-12 -1.274E-12  1.00E-07
  1.160E+02 5.44709E-18 -2.434E-03  5.328E-10 -2.272E-09 -2.619E-12 -1.276E-12  1.00E-07
  1.165E+02 5.48434E-18 -2.421E-03  5.625E-10 -2.273E-09 -2.604E-12 -1.278E-12  1.00E-07
  1.170E+02 5.52185E-18 -2.407E-03  5.921E-10 -2.274E-09 -2.589E-12 -1.280E-12  1.00E-07
  1.175E+02 5.55963E-18 -2.392E-03  6.214E-10 -2.275E-09 -2.574E-12 -1.281E-12  1.00E-07
  1.180E+02 5.59765E-18 -2.377E-03  6.505E-10 -2.275E-09 -2.558E-12 -1.282E-12  1.00E-07
  1.185E+02 5.63591E-18 -2.362E-03  6.794E-10 -2.275E-09 -2.543E-12 -1.283E-12  1.00E-07
  1.190E+02 5.67439E-18 -2.346E-03  7.081E-10 -2.274E-09 -2.527E-12 -1.283E-12  1.00E-07
  1.195E+02 5.71309E-18 -2.330E-03  7.366E-10 -2.274E-09 -2.511E-12 -1.284E-12  1.00E-07
  1.200E+02 5.75199E-18 -2.314E-03  7.648E-10 -2.273E-09 -2.495E-12 -1.284E-12  1.00E-07
  1.205E+02 5.79107E-18 -2.297E-03  7.929E-10 -2.272E-09 -2.479E-12 -1.284E-12  1.00E-07
  1.210E+02 5.83034E-18 -2.280E-03  8.206E-10 -2.271E-09 -2.463E-12 -1.283E-12  1.00E-07
  1.215E+02 5.86976E-18 -2.263E-03  8.482E-10 -2.269E-09 -2.447E-12 -1.283E-12  1.00E-07
  1.220E+02 5.90935E-18 -2.245E-03  8.755E-10 -2.268E-09 -2.430E-12 -1.282E-12  1.00E-07
  1.225E+02 5.94907E-18 -2.227E-03  9.026E-10 -2.266E-09 -2.413E-12 -1.281E-12  1.00E-07
  1.230E+02 5.98893E-18 -2.209E-03  9.295E-10 -2.264E-09 -2.396E-12 -1.280E-12  1.00E-07
  1.235E+02 6.02891E-18 -2.191E-03  9.561E-10 -2.262E-09 -2.379E-12 -1.278E-12  1.00E-07
  1.240E+02 6.06899E-18 -2.172E-03  9.825E-10 -2.259E-09 -2.362E-12 -1.276E-12  1.00E-07
  1.245E+02 6.10917E-18 -2.153E-03  1.009E-09 -2.256E-09 -2.345E-12 -1.274E-12  1.00E-07
  1.250E+02 6.14944E-18 -2.134E-03  1.035E-09 -2.254E-09 -2.328E-12 -1.272E-12  1.00E-07
  1.255E+02 6.18978E-18 -2.115E-03  1.060E-09 -2.251E-09 -2.310E-12 -1.270E-12  1.00E-07
  1.260E+02 6.23019E-18 -2.096E-03  1.086E-09 -2.248E-09 -2.293E-12 -1.267E-12  1.00E-07
  1.265E+02 6.27065E-18 -2.076E-03  1.111E-09 -2.244E-09 -2.275E-12 -1.264E-12  1.00E-07
  1.270E+02 6.31115E-18 -2.057E-03  1.136E-09 -2.241E-09 -2.257E-12 -1.261E-12  1.00E-07
  1.275E+02 6.35168E-18 -2.037E-03  1.161E-09 -2.237E-09 -2.239E-12 -1.258E-12  1.00E-07
  1.280E+02 6.39224E-18 -2.017E-03  1.185E-09 -2.233E-09 -2.221E-12 -1.254E-12  1.00E-07
  1.285E+02 6.43280E-18 -1.997E-03  1.209E-09 -2.229E-09 -2.203E-12 -1.251E-12  1.00E-07
  1.290E+02 6.47336E-18 -1.977E-03  1.233E-09 -2.225E-09 -2.184E-12 -1.247E-12  1.00E-07
  1.295E+02 6.51391E-18 -1.957E-03  1.257E-09 -2.221E-09 -2.166E-12 -1.242E-12  1.00E-07
  1.300E+02 6.55443E-18 -1.936E-03  1.280E-09 -2.217E-09 -2.148E-12 -1.238E-12  1.00E-07
  1.305E+02 6.59493E-18 -1.916E-03  1.304E-09 -2.213E-09 -2.129E-12 -1.233E-12  1.00E-07
  1.310E+02 6.63538E-18 -1.896E-03  1.327E-09 -2.208E-09 -2.110E-12 -1.228E-12  1.00E-07
  1.315E+02 6.67577E-18 -1.875E-03  1.349E-09 -2.203E-09 -2.091E-12 -1.223E-12  1.00E-07
  1.320E+02 6.71610E-18 -1.854E-03  1.372E-09 -2.199E-09 -2.072E-12 -1.218E-12  1.00E-07
  1.325E+02 6.75636E-18 -1.834E-03  1.394E-09 -2.194E-09 -2.053E-12 -1.212E-12  1.00E-07
  1.330E+02 6.79653E-18 -1.813E-03  1.416E-09 -2.189E-09 -2.034E-12 -1.207E-12  1.00E-07
  1.335E+02 6.83661E-18 -1.792E-03  1.438E-09 -2.184E-09 -2.015E-12 -1.201E-12  1.00E-07
  1.340E+02 6.87659E-18 -1.772E-03  1.459E-09 -2.179E-09 -1.996E-12 -1.195E-12  1.00E-07
  1.345E+02 6.91645E-18 -1.751E-03  1.480E-09 -2.174E-09 -1.976E-12 -1.188E-12  1.00E-07
  1.350E+02 6.95619E-18 -1.730E-03  1.501E-09 -2.168E-09 -1.957E-12 -1.182E-12  1.00E-07
  1.355E+02 6.99579E-18 -1.709E-03  1.522E-09 -2.163E-09 -1.937E-12 -1.175E-12  1.00E-07
  1.360E+02 7.03525E-18 -1.688E-03  1.543E-09 -2.158E-09 -1.917E-12 -1.168E-12  1.00E-07
  1.365E+02 7.07455E-18 -1.667E-03  1.563E-09 -2.152E-09 -1.898E-12 -1.161E-12  1.00E-07
  1.370E+02 7.11370E-18 -1.647E-03  1.583E-09 -2.147E-09 -1.878E-12 -1.153E-12  1.00E-07
  1.375E+02 7.15267E-18 -1.626E-03  1.603E-09 -2.141E-09 -1.858E-12 -1.146E-12  1.00E-07
  1.380E+02 7.19146E-18 -1.605E-03  1.622E-09 -2.136E-09 -1.838E-12 -1.138E-12  1.00E-07
  1.385E+02 7.23006E-18 -1.584E-03  1.641E-09 -2.130E-09 -1.818E-12 -1.130E-12  1.00E-07
  1.390E+02 7.26846E-18 -1.563E-03  1.660E-09 -2.124E-09 -1.798E-12 -1.122E-12  1.00E-07
  1.395E+02 7.30665E-18 -1.542E-03  1.679E-09 -2.118E-09 -1.777E-12 -1.114E-12  1.00E-07
  1.400E+02 7.34463E-18 -1.522E-03  1.697E-09 -2.113E-09 -1.757E-12 -1.105E-12  1.00E-07
  1.405E+02 7.38237E-18 -1.501E-03  1.716E-09 -2.107E-09 -1.737E-12 -1.097E-12  1.00E-07
  1.410E+02 7.41989E-18 -1.480E-03  1.734E-09 -2.101E-09 -1.716E-12 -1.088E-12  1.00E-07
  1.415E+02 7.45716E-18 -1.459E-03  1.751E-09 -2.095E-09 -1.696E-12 -1.079E-12  1.00E-07
  1.420E+02 7.49417E-18 -1.439E-03  1.769E-09 -2.089E-09 -1.675E-12 -1.069E-12  1.00E-07
  1.425E+02 7.53092E-18 -1.418E-03  1.786E-09 -2.083E-09 -1.654E-12 -1.060E-12  1.00E-07
  1.430E+02 7.56741E-18 -1.398E-03  1.803E-09 -2.078E-09 -1.634E-12 -1.050E-12  1.00E-07
  1.435E+02 7.60361E-18 -1.377E-03  1.820E-09 -2.072E-09 -1.613E-12 -1.041E-12  1.00E-07
  1.440E+02 7.63953E-18 -1.356E-03  1.836E-09 -2.066E-09 -1.592E-12 -1.031E-12  1.00E-07
  1.445E+02 7.67516E-18 -1.336E-03  1.853E-09 -2.060E-09 -1.571E-12 -1.020E-12  1.00E-07
  1.450E+02 7.71048E-18 -1.316E-03  1.869E-09 -2.054E-09 -1.550E-12 -1.010E-12  1.00E-07
  1.455E+02 7.74549E-18 -1.295E-03  1.884E-09 -2.048E-09 -1.529E-12 -9.997E-13  1.00E-07
  1.460E+02 7.78019E-18 -1.275E-03  1.900E-09 -2.042E-09 -1.508E-12 -9.890E-13  1.00E-07
  1.465E+02 7.81455E-18 -1.254E-03  1.915E-09 -2.036E-09 -1.487E-12 -9.782E-13  1.00E-07
  1.470E+02 7.84858E-18 -1.234E-03  1.930E-09 -2.031E-09 -1.466E-12 -9.673E-13  1.00E-07
  1.475E+02 7.88227E-18 -1.214E-03  1.945E-09 -2.025E-09 -1.445E-12 -9.562E-13  1.00E-07
  1.480E+02 7.91562E-18 -1.194E-03  1.959E-09 -2.019E-09 -1.423E-12 -9.449E-13  1.00E-07
  1.485E+02 7.94860E-18 -1.174E-03  1.974E-09 -2.013E-09 -1.402E-12 -9.334E-13  1.00E-07
  1.490E+02 7.98122E-18 -1.154E-03  1.988E-09 -2.007E-09 -1.381E-12 -9.219E-13  1.00E-07
  1.495E+02 8.01347E-18 -1.134E-03  2.002E-09 -2.002E-09 -1.359E-12 -9.101E-13  1.00E-07
  1.500E+02 8.04534E-18 -1.114E-03  2.015E-09 -1.996E-09 -1.338E-12 -8.982E-13  1.00E-07
  1.505E+02 8.07683E-18 -1.094E-03  2.028E-09 -1.990E-09 -1.316E-12 -8.862E-13  1.00E-07
  1.510E+02 8.10792E-18 -1.074E-03  2.042E-09 -1.985E-09 -1.295E-12 -8.740E-13  1.00E-07
  1.515E+02 8.13862E-18 -1.054E-03  2.054E-09 -1.979E-09 -1.273E-12 -8.617E-13  1.00E-07
  1.520E+02 8.16890E-18 -1.035E-03  2.067E-09 -1.974E-09 -1.251E-12 -8.492E-13  1.00E-07
  1.525E+02 8.19878E-18 -1.015E-03  2.079E-09 -1.968E-09 -1.230E-12 -8.366E-13  1.00E-07
  1.530E+02 8.22824E-18 -9.953E-04  2.092E-09 -1.963E-09 -1.208E-12 -8.239E-13  1.00E-07
  1.535E+02 8.25727E-18 -9.757E-04  2.104E-09 -1.958E-09 -1.186E-12 -8.110E-13  1.00E-07
  1.540E+02 8.28587E-18 -9.562E-04  2.115E-09 -1.952E-09 -1.164E-12 -7.980E-13  1.00E-07
  1.545E+02 8.31403E-18 -9.367E-04  2.127E-09 -1.947E-09 -1.143E-12 -7.849E-13  1.00E-07
  1.550E+02 8.34175E-18 -9.173E-04  2.138E-09 -1.942E-09 -1.121E-12 -7.716E-13  1.00E-07
  1.555E+02 8.36902E-18 -8.980E-04  2.149E-09 -1.937E-09 -1.099E-12 -7.582E-13  1.00E-07
  1.560E+02 8.39584E-18 -8.787E-04  2.160E-09 -1.932E-09 -1.077E-12 -7.447E-13  1.00E-07
  1.565E+02 8.42219E-18 -8.595E-04  2.170E-09 -1.927E-09 -1.055E-12 -7.311E-13  1.00E-07
  1.570E+02 8.44808E-18 -8.403E-04  2.180E-09 -1.922E-09 -1.033E-12 -7.174E-13  1.00E-07
  1.575E+02 8.47349E-18 -8.212E-04  2.190E-09 -1.917E-09 -1.011E-12 -7.035E-13  1.00E-07
  1.580E+02 8.49842E-18 -8.021E-04  2.200E-09 -1.913E-09 -9.888E-13 -6.895E-13  1.00E-07
  1.585E+02 8.52288E-18 -7.831E-04  2.210E-09 -1.908E-09 -9.667E-13 -6.755E-13  1.00E-07
  1.590E+02 8.54684E-18 -7.641E-04  2.219E-09 -1.903E-09 -9.446E-13 -6.613E-13  1.00E-07
  1.595E+02 8.57031E-18 -7.452E-04  2.228E-09 -1.899E-09 -9.225E-13 -6.470E-13  1.00E-07
  1.600E+02 8.59328E-18 -7.263E-04  2.237E-09 -1.894E-09 -9.003E-13 -6.326E-13  1.00E-07
  1.605E+02 8.61575E-18 -7.075E-04  2.246E-09 -1.890E-09 -8.781E-13 -6.181E-13  1.00E-07
  1.610E+02 8.63771E-18 -6.887E-04  2.254E-09 -1.886E-09 -8.559E-13 -6.035E-13  1.00E-07
  1.615E+02 8.65916E-18 -6.700E-04  2.262E-09 -1.882E-09 -8.336E-13 -5.888E-13  1.00E-07
  1.620E+02 8.68009E-18 -6.513E-04  2.270E-09 -1.878E-09 -8.114E-13 -5.740E-13  1.00E-07
  1.625E+02 8.70050E-18 -6.326E-04  2.278E-09 -1.874E-09 -7.891E-13 -5.591E-13  1.00E-07
  1.630E+02 8.72038E-18 -6.140E-04  2.286E-09 -1.870E-09 -7.668E-13 -5.441E-13  1.00E-07
  1.635E+02 8.73973E-18 -5.955E-04  2.293E-09 -1.866E-09 -7.444E-13 -5.291E-13  1.00E-07
  1.640E+02 8.75855E-18 -5.770E-04  2.300E-09 -1.862E-09 -7.221E-13 -5.139E-13  1.00E-07
  1.645E+02 8.77683E-18 -5.585E-04  2.307E-09 -1.859E-09 -6.997E-13 -4.987E-13  1.00E-07
  1.650E+02 8.79457E-18 -5.401E-04  2.314E-09 -1.855E-09 -6.773E-13 -4.834E-13  1.00E-07
  1.655E+02 8.81176E-18 -5.217E-04  2.320E-09 -1.852E-09 -6.549E-13 -4.680E-13  1.00E-07
  1.660E+02 8.82841E-18 -5.033E-04  2.326E-09 -1.848E-09 -6.325E-13 -4.525E-13  1.00E-07
  1.665E+02 8.84450E-18 -4.850E-04  2.332E-09 -1.845E-09 -6.100E-13 -4.370E-13  1.00E-07
  1.670E+02 8.86003E-18 -4.668E-04  2.338E-09 -1.842E-09 -5.876E-13 -4.214E-13  1.00E-07
  1.675E+02 8.87501E-18 -4.485E-04  2.344E-09 -1.839E-09 -5.651E-13 -4.058E-13  1.00E-07
  1.680E+02 8.88943E-18 -4.303E-04  2.349E-09 -1.836E-09 -5.426E-13 -3.900E-13  1.00E-07
  1.685E+02 8.90327E-18 -4.121E-04  2.354E-09 -1.834E-09 -5.201E-13 -3.743E-13  1.00E-07
  1.690E+02 8.91655E-18 -3.940E-04  2.359E-09 -1.831E-09 -4.976E-13 -3.584E-13  1.00E-07
  1.695E+02 8.92926E-18 -3.759E-04  2.363E-09 -1.828E-09 -4.750E-13 -3.425E-13  1.00E-07
  1.700E+02 8.94140E-18 -3.578E-04  2.368E-09 -1.826E-09 -4.525E-13 -3.265E-13  1.00E-07
  1.705E+02 8.95296E-18 -3.397E-04  2.372E-09 -1.824E-09 -4.299E-13 -3.105E-13  1.00E-07
  1.710E+02 8.96394E-18 -3.217E-04  2.376E-09 -1.822E-09 -4.074E-13 -2.945E-13  1.00E-07
  1.715E+02 8.97434E-18 -3.037E-04  2.380E-09 -1.819E-09 -3.848E-13 -2.784E-13  1.00E-07
  1.720E+02 8.98416E-18 -2.857E-04  2.383E-09 -1.817E-09 -3.622E-13 -2.622E-13  1.00E-07
  1.725E+02 8.99339E-18 -2.677E-04  2.387E-09 -1.816E-09 -3.396E-13 -2.460E-13  1.00E-07
  1.730E+02 9.00204E-18 -2.498E-04  2.390E-09 -1.814E-09 -3.170E-13 -2.298E-13  1.00E-07
  1.735E+02 9.01010E-18 -2.319E-04  2.393E-09 -1.812E-09 -2.944E-13 -2.135E-13  1.00E-07
  1.740E+02 9.01757E-18 -2.140E-04  2.396E-09 -1.811E-09 -2.718E-13 -1.972E-13  1.00E-07
  1.745E+02 9.02444E-18 -1.961E-04  2.398E-09 -1.809E-09 -2.492E-13 -1.809E-13  1.00E-07
  1.750E+02 9.03073E-18 -1.782E-04  2.400E-09 -1.808E-09 -2.265E-13 -1.646E-13  1.00E-07
  1.755E+02 9.03641E-18 -1.603E-04  2.402E-09 -1.807E-09 -2.039E-13 -1.482E-13  1.00E-07
  1.760E+02 9.04151E-18 -1.425E-04  2.404E-09 -1.806E-09 -1.812E-13 -1.318E-13  1.00E-07
  1.765E+02 9.04600E-18 -1.246E-04  2.406E-09 -1.805E-09 -1.586E-13 -1.153E-13  1.00E-07
  1.770E+02 9.04990E-18 -1.068E-04  2.407E-09 -1.804E-09 -1.360E-13 -9.890E-14  1.00E-07
  1.775E+02 9.05320E-18 -8.901E-05  2.408E-09 -1.804E-09 -1.133E-13 -8.244E-14  1.00E-07
  1.780E+02 9.05590E-18 -7.120E-05  2.409E-09 -1.803E-09 -9.064E-14 -6.597E-14  1.00E-07
  1.785E+02 9.05800E-18 -5.339E-05  2.410E-09 -1.803E-09 -6.798E-14 -4.949E-14  1.00E-07
  1.790E+02 9.05950E-18 -3.559E-05  2.411E-09 -1.802E-09 -4.532E-14 -3.300E-14  1.00E-07
  1.795E+02 9.06041E-18 -1.780E-05  2.411E-09 -1.802E-09 -2.266E-14 -1.650E-14  1.00E-07
  1.800E+02 9.06071E-18 -2.497E-19  2.411E-09 -1.802E-09 -3.180E-28 -2.315E-28  1.00E-07

  TOTAL ELASTIC CROSS SECTION = 1.836224E-16 cm**2
               FROM DCS TABLE = 1.836193E-16  (REL. DIF. = 1.73E-05)

  1ST TRANSPORT CROSS SECTION = 8.546861E-17 cm**2
               FROM DCS TABLE = 8.546884E-17  (REL. DIF. = 2.72E-06)

  2ND TRANSPORT CROSS SECTION = 9.385116E-17 cm**2

  **** DPWA0 ENDED ************************************************************

