

  **** PARTIAL WAVE ANALYSIS (DPWA0) ******************************************


  KINETIC ENERGY = 2.54000E+02 eV

      L       PHASE(SPIN UP)     PHASE(SPIN DOWN)
  -----------------------------------------------
       0      4.80734622E-01      0.00000000E+00
       1      2.51790726E-01      2.51888297E-01
       2      1.49101794E-01      1.49144430E-01
       3      9.20002817E-02      9.20237781E-02
       4      5.78520354E-02      5.78660297E-02
       5      3.67481500E-02      3.67567826E-02
       6      2.34786142E-02      2.34840379E-02
       7      1.50522836E-02      1.50557266E-02
       8      9.66974345E-03      9.67194260E-03
       9      6.21912859E-03      6.22053837E-03
      10      4.00222711E-03      4.00313283E-03
      11      2.57615537E-03      2.57673797E-03
      12      1.65819598E-03      1.65857097E-03
      13      1.06714818E-03      1.06738960E-03
      14      6.86585388E-04      6.86740812E-04
      15      4.41588428E-04      4.41688472E-04
      16      2.83908019E-04      2.83972397E-04
      17      1.82459151E-04      1.82500564E-04
      18      1.17213602E-04      1.17240232E-04
      19      7.52687302E-05      7.52858470E-05
      20      4.83145079E-05      4.83255055E-05
      21      3.10006374E-05      3.10077005E-05
      22      1.98837565E-05      1.98882909E-05
      23      1.27487096E-05      1.27516194E-05
      24      8.17108150E-06      8.17294806E-06
      25      5.23532951E-06      5.23652641E-06
      26      3.35324532E-06      3.35401254E-06
      27      2.14708392E-06      2.14757553E-06
      28      1.37435993E-06      1.37467485E-06
      29      8.79478063E-07      8.79679722E-07
      30      5.62636105E-07      5.62765200E-07
      31      3.59843018E-07      3.59925636E-07
      32      2.30083786E-07      2.30136635E-07
      33      1.47079097E-07      1.47112905E-07
      34      9.39965267E-08      9.40181470E-08
      35      6.00582238E-08      6.00720457E-08
      36      3.83651969E-08      3.83740296E-08
      37      2.45024532E-08      2.45080994E-08
      38      1.56455561E-08      1.56491632E-08
      39      9.98819713E-09      9.99050052E-09
      40      6.37531912E-09      6.37679259E-09
      41      4.06847701E-09      4.06941637E-09
      42      2.59589232E-09      2.59649262E-09
      43      1.65599388E-09      1.65637784E-09
      44      1.05625424E-09      1.05649909E-09
      45      6.73609950E-10      6.73759231E-10
      46      4.29469619E-10      4.29563094E-10


  *** SCATTERING AMPLITUDES AND DIFFERENTIAL CROSS SECTION ***

    ANGLE      DCS       ASYMMETRY    DIRECT AMPLITUDE       SPIN-FLIP AMPLITUDE     ERROR
    (deg)   (cm**2/sr)                      (cm)                    (cm)
  -------------------------------------------------------------------------------------------
  0.000E+00 3.12586E-17  0.000E+00  5.538E-09  7.690E-10  0.000E+00  0.000E+00  1.00E-07
  1.000E-04 3.12586E-17 -1.088E-11  5.538E-09  7.690E-10  2.491E-18  3.152E-19  1.00E-07
  1.250E-04 3.12586E-17 -1.361E-11  5.538E-09  7.690E-10  3.114E-18  3.941E-19  1.00E-07
  1.500E-04 3.12586E-17 -1.633E-11  5.538E-09  7.690E-10  3.737E-18  4.729E-19  1.00E-07
  1.750E-04 3.12586E-17 -1.905E-11  5.538E-09  7.690E-10  4.360E-18  5.517E-19  1.00E-07
  2.000E-04 3.12586E-17 -2.177E-11  5.538E-09  7.690E-10  4.982E-18  6.305E-19  1.00E-07
  2.250E-04 3.12586E-17 -2.449E-11  5.538E-09  7.690E-10  5.605E-18  7.093E-19  1.00E-07
  2.500E-04 3.12586E-17 -2.721E-11  5.538E-09  7.690E-10  6.228E-18  7.881E-19  1.00E-07
  2.750E-04 3.12586E-17 -2.993E-11  5.538E-09  7.690E-10  6.851E-18  8.669E-19  1.00E-07
  3.000E-04 3.12586E-17 -3.265E-11  5.538E-09  7.690E-10  7.474E-18  9.457E-19  1.00E-07
  3.250E-04 3.12586E-17 -3.537E-11  5.538E-09  7.690E-10  8.096E-18  1.025E-18  1.00E-07
  3.500E-04 3.12586E-17 -3.810E-11  5.538E-09  7.690E-10  8.719E-18  1.103E-18  1.00E-07
  3.750E-04 3.12586E-17 -4.082E-11  5.538E-09  7.690E-10  9.342E-18  1.182E-18  1.00E-07
  4.000E-04 3.12586E-17 -4.354E-11  5.538E-09  7.690E-10  9.965E-18  1.261E-18  1.00E-07
  4.250E-04 3.12586E-17 -4.626E-11  5.538E-09  7.690E-10  1.059E-17  1.340E-18  1.00E-07
  4.500E-04 3.12586E-17 -4.898E-11  5.538E-09  7.690E-10  1.121E-17  1.419E-18  1.00E-07
  4.750E-04 3.12586E-17 -5.170E-11  5.538E-09  7.690E-10  1.183E-17  1.497E-18  1.00E-07
  5.000E-04 3.12586E-17 -5.442E-11  5.538E-09  7.690E-10  1.246E-17  1.576E-18  1.00E-07
  5.250E-04 3.12586E-17 -5.714E-11  5.538E-09  7.690E-10  1.308E-17  1.655E-18  1.00E-07
  5.500E-04 3.12586E-17 -5.986E-11  5.538E-09  7.690E-10  1.370E-17  1.734E-18  1.00E-07
  5.750E-04 3.12586E-17 -6.258E-11  5.538E-09  7.690E-10  1.432E-17  1.813E-18  1.00E-07
  6.000E-04 3.12586E-17 -6.531E-11  5.538E-09  7.690E-10  1.495E-17  1.891E-18  1.00E-07
  6.250E-04 3.12586E-17 -6.803E-11  5.538E-09  7.690E-10  1.557E-17  1.970E-18  1.00E-07
  6.500E-04 3.12586E-17 -7.075E-11  5.538E-09  7.690E-10  1.619E-17  2.049E-18  1.00E-07
  6.750E-04 3.12586E-17 -7.347E-11  5.538E-09  7.690E-10  1.682E-17  2.128E-18  1.00E-07
  7.000E-04 3.12586E-17 -7.619E-11  5.538E-09  7.690E-10  1.744E-17  2.207E-18  1.00E-07
  7.250E-04 3.12586E-17 -7.891E-11  5.538E-09  7.690E-10  1.806E-17  2.286E-18  1.00E-07
  7.500E-04 3.12586E-17 -8.163E-11  5.538E-09  7.690E-10  1.868E-17  2.364E-18  1.00E-07
  7.750E-04 3.12586E-17 -8.435E-11  5.538E-09  7.690E-10  1.931E-17  2.443E-18  1.00E-07
  8.000E-04 3.12586E-17 -8.707E-11  5.538E-09  7.690E-10  1.993E-17  2.522E-18  1.00E-07
  8.250E-04 3.12586E-17 -8.980E-11  5.538E-09  7.690E-10  2.055E-17  2.601E-18  1.00E-07
  8.500E-04 3.12586E-17 -9.252E-11  5.538E-09  7.690E-10  2.118E-17  2.680E-18  1.00E-07
  8.750E-04 3.12586E-17 -9.524E-11  5.538E-09  7.690E-10  2.180E-17  2.758E-18  1.00E-07
  9.000E-04 3.12586E-17 -9.796E-11  5.538E-09  7.690E-10  2.242E-17  2.837E-18  1.00E-07
  9.250E-04 3.12586E-17 -1.007E-10  5.538E-09  7.690E-10  2.304E-17  2.916E-18  1.00E-07
  9.500E-04 3.12586E-17 -1.034E-10  5.538E-09  7.690E-10  2.367E-17  2.995E-18  1.00E-07
  9.750E-04 3.12586E-17 -1.061E-10  5.538E-09  7.690E-10  2.429E-17  3.074E-18  1.00E-07
  1.000E-03 3.12586E-17 -1.088E-10  5.538E-09  7.690E-10  2.491E-17  3.152E-18  1.00E-07
  1.250E-03 3.12586E-17 -1.361E-10  5.538E-09  7.690E-10  3.114E-17  3.941E-18  1.00E-07
  1.500E-03 3.12586E-17 -1.633E-10  5.538E-09  7.690E-10  3.737E-17  4.729E-18  1.00E-07
  1.750E-03 3.12586E-17 -1.905E-10  5.538E-09  7.690E-10  4.360E-17  5.517E-18  1.00E-07
  2.000E-03 3.12586E-17 -2.177E-10  5.538E-09  7.690E-10  4.982E-17  6.305E-18  1.00E-07
  2.250E-03 3.12586E-17 -2.449E-10  5.538E-09  7.690E-10  5.605E-17  7.093E-18  1.00E-07
  2.500E-03 3.12586E-17 -2.721E-10  5.538E-09  7.690E-10  6.228E-17  7.881E-18  1.00E-07
  2.750E-03 3.12586E-17 -2.993E-10  5.538E-09  7.690E-10  6.851E-17  8.669E-18  1.00E-07
  3.000E-03 3.12586E-17 -3.265E-10  5.538E-09  7.690E-10  7.474E-17  9.457E-18  1.00E-07
  3.250E-03 3.12586E-17 -3.537E-10  5.538E-09  7.690E-10  8.096E-17  1.025E-17  1.00E-07
  3.500E-03 3.12586E-17 -3.810E-10  5.538E-09  7.690E-10  8.719E-17  1.103E-17  1.00E-07
  3.750E-03 3.12586E-17 -4.082E-10  5.538E-09  7.690E-10  9.342E-17  1.182E-17  1.00E-07
  4.000E-03 3.12586E-17 -4.354E-10  5.538E-09  7.690E-10  9.965E-17  1.261E-17  1.00E-07
  4.250E-03 3.12586E-17 -4.626E-10  5.538E-09  7.690E-10  1.059E-16  1.340E-17  1.00E-07
  4.500E-03 3.12586E-17 -4.898E-10  5.538E-09  7.690E-10  1.121E-16  1.419E-17  1.00E-07
  4.750E-03 3.12586E-17 -5.170E-10  5.538E-09  7.690E-10  1.183E-16  1.497E-17  1.00E-07
  5.000E-03 3.12586E-17 -5.442E-10  5.538E-09  7.690E-10  1.246E-16  1.576E-17  1.00E-07
  5.250E-03 3.12586E-17 -5.714E-10  5.538E-09  7.690E-10  1.308E-16  1.655E-17  1.00E-07
  5.500E-03 3.12586E-17 -5.986E-10  5.538E-09  7.690E-10  1.370E-16  1.734E-17  1.00E-07
  5.750E-03 3.12586E-17 -6.258E-10  5.538E-09  7.690E-10  1.432E-16  1.813E-17  1.00E-07
  6.000E-03 3.12586E-17 -6.531E-10  5.538E-09  7.690E-10  1.495E-16  1.891E-17  1.00E-07
  6.250E-03 3.12586E-17 -6.803E-10  5.538E-09  7.690E-10  1.557E-16  1.970E-17  1.00E-07
  6.500E-03 3.12586E-17 -7.075E-10  5.538E-09  7.690E-10  1.619E-16  2.049E-17  1.00E-07
  6.750E-03 3.12586E-17 -7.347E-10  5.538E-09  7.690E-10  1.682E-16  2.128E-17  1.00E-07
  7.000E-03 3.12586E-17 -7.619E-10  5.538E-09  7.690E-10  1.744E-16  2.207E-17  1.00E-07
  7.250E-03 3.12586E-17 -7.891E-10  5.538E-09  7.690E-10  1.806E-16  2.286E-17  1.00E-07
  7.500E-03 3.12586E-17 -8.163E-10  5.538E-09  7.690E-10  1.868E-16  2.364E-17  1.00E-07
  7.750E-03 3.12586E-17 -8.435E-10  5.538E-09  7.690E-10  1.931E-16  2.443E-17  1.00E-07
  8.000E-03 3.12586E-17 -8.707E-10  5.538E-09  7.690E-10  1.993E-16  2.522E-17  1.00E-07
  8.250E-03 3.12586E-17 -8.980E-10  5.538E-09  7.690E-10  2.055E-16  2.601E-17  1.00E-07
  8.500E-03 3.12586E-17 -9.252E-10  5.538E-09  7.690E-10  2.118E-16  2.680E-17  1.00E-07
  8.750E-03 3.12586E-17 -9.524E-10  5.538E-09  7.690E-10  2.180E-16  2.758E-17  1.00E-07
  9.000E-03 3.12586E-17 -9.796E-10  5.538E-09  7.690E-10  2.242E-16  2.837E-17  1.00E-07
  9.250E-03 3.12586E-17 -1.007E-09  5.538E-09  7.690E-10  2.304E-16  2.916E-17  1.00E-07
  9.500E-03 3.12586E-17 -1.034E-09  5.538E-09  7.690E-10  2.367E-16  2.995E-17  1.00E-07
  9.750E-03 3.12586E-17 -1.061E-09  5.538E-09  7.690E-10  2.429E-16  3.074E-17  1.00E-07
  1.000E-02 3.12586E-17 -1.088E-09  5.538E-09  7.690E-10  2.491E-16  3.152E-17  1.00E-07
  1.250E-02 3.12586E-17 -1.361E-09  5.538E-09  7.690E-10  3.114E-16  3.941E-17  1.00E-07
  1.500E-02 3.12586E-17 -1.633E-09  5.538E-09  7.690E-10  3.737E-16  4.729E-17  1.00E-07
  1.750E-02 3.12586E-17 -1.905E-09  5.538E-09  7.690E-10  4.360E-16  5.517E-17  1.00E-07
  2.000E-02 3.12585E-17 -2.177E-09  5.538E-09  7.690E-10  4.982E-16  6.305E-17  1.00E-07
  2.250E-02 3.12585E-17 -2.449E-09  5.538E-09  7.690E-10  5.605E-16  7.093E-17  1.00E-07
  2.500E-02 3.12585E-17 -2.721E-09  5.538E-09  7.690E-10  6.228E-16  7.881E-17  1.00E-07
  2.750E-02 3.12585E-17 -2.993E-09  5.538E-09  7.690E-10  6.851E-16  8.669E-17  1.00E-07
  3.000E-02 3.12585E-17 -3.265E-09  5.538E-09  7.690E-10  7.474E-16  9.457E-17  1.00E-07
  3.250E-02 3.12585E-17 -3.537E-09  5.538E-09  7.690E-10  8.096E-16  1.025E-16  1.00E-07
  3.500E-02 3.12584E-17 -3.810E-09  5.538E-09  7.690E-10  8.719E-16  1.103E-16  1.00E-07
  3.750E-02 3.12584E-17 -4.082E-09  5.538E-09  7.690E-10  9.342E-16  1.182E-16  1.00E-07
  4.000E-02 3.12584E-17 -4.354E-09  5.538E-09  7.690E-10  9.965E-16  1.261E-16  1.00E-07
  4.250E-02 3.12584E-17 -4.626E-09  5.538E-09  7.690E-10  1.059E-15  1.340E-16  1.00E-07
  4.500E-02 3.12583E-17 -4.898E-09  5.538E-09  7.690E-10  1.121E-15  1.419E-16  1.00E-07
  4.750E-02 3.12583E-17 -5.170E-09  5.538E-09  7.690E-10  1.183E-15  1.497E-16  1.00E-07
  5.000E-02 3.12583E-17 -5.442E-09  5.538E-09  7.690E-10  1.246E-15  1.576E-16  1.00E-07
  5.250E-02 3.12582E-17 -5.714E-09  5.538E-09  7.690E-10  1.308E-15  1.655E-16  1.00E-07
  5.500E-02 3.12582E-17 -5.986E-09  5.538E-09  7.690E-10  1.370E-15  1.734E-16  1.00E-07
  5.750E-02 3.12582E-17 -6.259E-09  5.538E-09  7.690E-10  1.432E-15  1.813E-16  1.00E-07
  6.000E-02 3.12581E-17 -6.531E-09  5.538E-09  7.690E-10  1.495E-15  1.891E-16  1.00E-07
  6.250E-02 3.12581E-17 -6.803E-09  5.538E-09  7.690E-10  1.557E-15  1.970E-16  1.00E-07
  6.500E-02 3.12580E-17 -7.075E-09  5.538E-09  7.690E-10  1.619E-15  2.049E-16  1.00E-07
  6.750E-02 3.12580E-17 -7.347E-09  5.538E-09  7.690E-10  1.682E-15  2.128E-16  1.00E-07
  7.000E-02 3.12579E-17 -7.619E-09  5.538E-09  7.690E-10  1.744E-15  2.207E-16  1.00E-07
  7.250E-02 3.12579E-17 -7.891E-09  5.538E-09  7.690E-10  1.806E-15  2.285E-16  1.00E-07
  7.500E-02 3.12578E-17 -8.163E-09  5.538E-09  7.690E-10  1.868E-15  2.364E-16  1.00E-07
  7.750E-02 3.12578E-17 -8.435E-09  5.538E-09  7.690E-10  1.931E-15  2.443E-16  1.00E-07
  8.000E-02 3.12577E-17 -8.708E-09  5.538E-09  7.690E-10  1.993E-15  2.522E-16  1.00E-07
  8.250E-02 3.12577E-17 -8.980E-09  5.538E-09  7.690E-10  2.055E-15  2.601E-16  1.00E-07
  8.500E-02 3.12576E-17 -9.252E-09  5.538E-09  7.690E-10  2.117E-15  2.680E-16  1.00E-07
  8.750E-02 3.12576E-17 -9.524E-09  5.538E-09  7.690E-10  2.180E-15  2.758E-16  1.00E-07
  9.000E-02 3.12575E-17 -9.796E-09  5.538E-09  7.690E-10  2.242E-15  2.837E-16  1.00E-07
  9.250E-02 3.12574E-17 -1.007E-08  5.538E-09  7.690E-10  2.304E-15  2.916E-16  1.00E-07
  9.500E-02 3.12574E-17 -1.034E-08  5.538E-09  7.690E-10  2.367E-15  2.995E-16  1.00E-07
  9.750E-02 3.12573E-17 -1.061E-08  5.538E-09  7.690E-10  2.429E-15  3.074E-16  1.00E-07
  1.000E-01 3.12573E-17 -1.088E-08  5.538E-09  7.690E-10  2.491E-15  3.152E-16  1.00E-07
  1.250E-01 3.12565E-17 -1.361E-08  5.538E-09  7.690E-10  3.114E-15  3.940E-16  1.00E-07
  1.500E-01 3.12556E-17 -1.633E-08  5.538E-09  7.690E-10  3.737E-15  4.729E-16  1.00E-07
  1.750E-01 3.12545E-17 -1.905E-08  5.537E-09  7.690E-10  4.359E-15  5.517E-16  1.00E-07
  2.000E-01 3.12532E-17 -2.177E-08  5.537E-09  7.690E-10  4.982E-15  6.305E-16  1.00E-07
  2.250E-01 3.12518E-17 -2.449E-08  5.537E-09  7.690E-10  5.605E-15  7.093E-16  1.00E-07
  2.500E-01 3.12502E-17 -2.721E-08  5.537E-09  7.690E-10  6.227E-15  7.881E-16  1.00E-07
  2.750E-01 3.12484E-17 -2.994E-08  5.537E-09  7.690E-10  6.850E-15  8.669E-16  1.00E-07
  3.000E-01 3.12464E-17 -3.266E-08  5.537E-09  7.690E-10  7.472E-15  9.457E-16  1.00E-07
  3.250E-01 3.12443E-17 -3.538E-08  5.537E-09  7.690E-10  8.095E-15  1.024E-15  1.00E-07
  3.500E-01 3.12420E-17 -3.811E-08  5.536E-09  7.690E-10  8.717E-15  1.103E-15  1.00E-07
  3.750E-01 3.12396E-17 -4.083E-08  5.536E-09  7.690E-10  9.339E-15  1.182E-15  1.00E-07
  4.000E-01 3.12370E-17 -4.355E-08  5.536E-09  7.690E-10  9.961E-15  1.261E-15  1.00E-07
  4.250E-01 3.12342E-17 -4.628E-08  5.536E-09  7.690E-10  1.058E-14  1.340E-15  1.00E-07
  4.500E-01 3.12312E-17 -4.900E-08  5.535E-09  7.690E-10  1.121E-14  1.418E-15  1.00E-07
  4.750E-01 3.12281E-17 -5.173E-08  5.535E-09  7.690E-10  1.183E-14  1.497E-15  1.00E-07
  5.000E-01 3.12248E-17 -5.445E-08  5.535E-09  7.690E-10  1.245E-14  1.576E-15  1.00E-07
  5.250E-01 3.12214E-17 -5.718E-08  5.534E-09  7.690E-10  1.307E-14  1.655E-15  1.00E-07
  5.500E-01 3.12177E-17 -5.991E-08  5.534E-09  7.689E-10  1.369E-14  1.734E-15  1.00E-07
  5.750E-01 3.12139E-17 -6.263E-08  5.534E-09  7.689E-10  1.431E-14  1.812E-15  1.00E-07
  6.000E-01 3.12100E-17 -6.536E-08  5.533E-09  7.689E-10  1.494E-14  1.891E-15  1.00E-07
  6.250E-01 3.12059E-17 -6.809E-08  5.533E-09  7.689E-10  1.556E-14  1.970E-15  1.00E-07
  6.500E-01 3.12016E-17 -7.082E-08  5.533E-09  7.689E-10  1.618E-14  2.049E-15  1.00E-07
  6.750E-01 3.11971E-17 -7.355E-08  5.532E-09  7.689E-10  1.680E-14  2.127E-15  1.00E-07
  7.000E-01 3.11925E-17 -7.628E-08  5.532E-09  7.689E-10  1.742E-14  2.206E-15  1.00E-07
  7.250E-01 3.11877E-17 -7.901E-08  5.531E-09  7.689E-10  1.804E-14  2.285E-15  1.00E-07
  7.500E-01 3.11827E-17 -8.174E-08  5.531E-09  7.689E-10  1.866E-14  2.364E-15  1.00E-07
  7.750E-01 3.11775E-17 -8.447E-08  5.530E-09  7.688E-10  1.928E-14  2.442E-15  1.00E-07
  8.000E-01 3.11722E-17 -8.720E-08  5.530E-09  7.688E-10  1.990E-14  2.521E-15  1.00E-07
  8.250E-01 3.11668E-17 -8.994E-08  5.530E-09  7.688E-10  2.052E-14  2.600E-15  1.00E-07
  8.500E-01 3.11611E-17 -9.267E-08  5.529E-09  7.688E-10  2.114E-14  2.679E-15  1.00E-07
  8.750E-01 3.11553E-17 -9.541E-08  5.528E-09  7.688E-10  2.176E-14  2.757E-15  1.00E-07
  9.000E-01 3.11494E-17 -9.814E-08  5.528E-09  7.688E-10  2.238E-14  2.836E-15  1.00E-07
  9.250E-01 3.11432E-17 -1.009E-07  5.527E-09  7.688E-10  2.300E-14  2.915E-15  1.00E-07
  9.500E-01 3.11369E-17 -1.036E-07  5.527E-09  7.687E-10  2.362E-14  2.994E-15  1.00E-07
  9.750E-01 3.11304E-17 -1.064E-07  5.526E-09  7.687E-10  2.424E-14  3.072E-15  1.00E-07
  1.000E+00 3.11238E-17 -1.091E-07  5.526E-09  7.687E-10  2.486E-14  3.151E-15  1.00E-07
  1.100E+00 3.10956E-17 -1.201E-07  5.523E-09  7.686E-10  2.733E-14  3.466E-15  1.00E-07
  1.200E+00 3.10648E-17 -1.310E-07  5.520E-09  7.686E-10  2.980E-14  3.780E-15  1.00E-07
  1.300E+00 3.10313E-17 -1.421E-07  5.517E-09  7.685E-10  3.227E-14  4.095E-15  1.00E-07
  1.400E+00 3.09952E-17 -1.531E-07  5.514E-09  7.684E-10  3.473E-14  4.409E-15  1.00E-07
  1.500E+00 3.09565E-17 -1.641E-07  5.511E-09  7.683E-10  3.719E-14  4.724E-15  1.00E-07
  1.600E+00 3.09151E-17 -1.752E-07  5.507E-09  7.682E-10  3.964E-14  5.038E-15  1.00E-07
  1.700E+00 3.08713E-17 -1.863E-07  5.503E-09  7.681E-10  4.209E-14  5.352E-15  1.00E-07
  1.800E+00 3.08248E-17 -1.974E-07  5.499E-09  7.680E-10  4.453E-14  5.666E-15  1.00E-07
  1.900E+00 3.07758E-17 -2.085E-07  5.494E-09  7.679E-10  4.696E-14  5.979E-15  1.00E-07
  2.000E+00 3.07243E-17 -2.197E-07  5.490E-09  7.677E-10  4.939E-14  6.293E-15  1.00E-07
  2.100E+00 3.06702E-17 -2.309E-07  5.485E-09  7.676E-10  5.182E-14  6.606E-15  1.00E-07
  2.200E+00 3.06137E-17 -2.421E-07  5.479E-09  7.675E-10  5.423E-14  6.920E-15  1.00E-07
  2.300E+00 3.05547E-17 -2.534E-07  5.474E-09  7.673E-10  5.664E-14  7.233E-15  1.00E-07
  2.400E+00 3.04932E-17 -2.647E-07  5.469E-09  7.671E-10  5.905E-14  7.545E-15  1.00E-07
  2.500E+00 3.04293E-17 -2.761E-07  5.463E-09  7.670E-10  6.144E-14  7.858E-15  1.00E-07
  2.600E+00 3.03630E-17 -2.874E-07  5.457E-09  7.668E-10  6.383E-14  8.170E-15  1.00E-07
  2.700E+00 3.02943E-17 -2.988E-07  5.450E-09  7.666E-10  6.621E-14  8.483E-15  1.00E-07
  2.800E+00 3.02232E-17 -3.103E-07  5.444E-09  7.665E-10  6.858E-14  8.795E-15  1.00E-07
  2.900E+00 3.01498E-17 -3.218E-07  5.437E-09  7.663E-10  7.094E-14  9.106E-15  1.00E-07
  3.000E+00 3.00741E-17 -3.334E-07  5.430E-09  7.661E-10  7.330E-14  9.418E-15  1.00E-07
  3.100E+00 2.99961E-17 -3.449E-07  5.423E-09  7.659E-10  7.564E-14  9.729E-15  1.00E-07
  3.200E+00 2.99159E-17 -3.566E-07  5.416E-09  7.657E-10  7.798E-14  1.004E-14  1.00E-07
  3.300E+00 2.98334E-17 -3.683E-07  5.408E-09  7.655E-10  8.030E-14  1.035E-14  1.00E-07
  3.400E+00 2.97487E-17 -3.800E-07  5.400E-09  7.652E-10  8.262E-14  1.066E-14  1.00E-07
  3.500E+00 2.96618E-17 -3.918E-07  5.392E-09  7.650E-10  8.492E-14  1.097E-14  1.00E-07
  3.600E+00 2.95728E-17 -4.036E-07  5.384E-09  7.648E-10  8.722E-14  1.128E-14  1.00E-07
  3.700E+00 2.94816E-17 -4.155E-07  5.376E-09  7.646E-10  8.950E-14  1.159E-14  1.00E-07
  3.800E+00 2.93884E-17 -4.275E-07  5.367E-09  7.643E-10  9.177E-14  1.190E-14  1.00E-07
  3.900E+00 2.92931E-17 -4.395E-07  5.358E-09  7.641E-10  9.403E-14  1.221E-14  1.00E-07
  4.000E+00 2.91958E-17 -4.516E-07  5.349E-09  7.638E-10  9.628E-14  1.252E-14  1.00E-07
  4.100E+00 2.90965E-17 -4.637E-07  5.340E-09  7.635E-10  9.852E-14  1.282E-14  1.00E-07
  4.200E+00 2.89952E-17 -4.759E-07  5.330E-09  7.633E-10  1.007E-13  1.313E-14  1.00E-07
  4.300E+00 2.88920E-17 -4.882E-07  5.321E-09  7.630E-10  1.030E-13  1.344E-14  1.00E-07
  4.400E+00 2.87869E-17 -5.005E-07  5.311E-09  7.627E-10  1.052E-13  1.375E-14  1.00E-07
  4.500E+00 2.86800E-17 -5.129E-07  5.301E-09  7.624E-10  1.074E-13  1.405E-14  1.00E-07
  4.600E+00 2.85712E-17 -5.254E-07  5.291E-09  7.621E-10  1.095E-13  1.436E-14  1.00E-07
  4.700E+00 2.84606E-17 -5.379E-07  5.280E-09  7.618E-10  1.117E-13  1.466E-14  1.00E-07
  4.800E+00 2.83482E-17 -5.505E-07  5.270E-09  7.615E-10  1.138E-13  1.497E-14  1.00E-07
  4.900E+00 2.82342E-17 -5.632E-07  5.259E-09  7.612E-10  1.160E-13  1.528E-14  1.00E-07
  5.000E+00 2.81184E-17 -5.760E-07  5.248E-09  7.609E-10  1.181E-13  1.558E-14  1.00E-07
  5.100E+00 2.80010E-17 -5.888E-07  5.237E-09  7.606E-10  1.202E-13  1.588E-14  1.00E-07
  5.200E+00 2.78819E-17 -6.017E-07  5.225E-09  7.602E-10  1.223E-13  1.619E-14  1.00E-07
  5.300E+00 2.77613E-17 -6.147E-07  5.214E-09  7.599E-10  1.244E-13  1.649E-14  1.00E-07
  5.400E+00 2.76391E-17 -6.278E-07  5.202E-09  7.595E-10  1.264E-13  1.679E-14  1.00E-07
  5.500E+00 2.75155E-17 -6.410E-07  5.190E-09  7.592E-10  1.285E-13  1.710E-14  1.00E-07
  5.600E+00 2.73903E-17 -6.542E-07  5.178E-09  7.588E-10  1.305E-13  1.740E-14  1.00E-07
  5.700E+00 2.72637E-17 -6.676E-07  5.166E-09  7.585E-10  1.326E-13  1.770E-14  1.00E-07
  5.800E+00 2.71357E-17 -6.810E-07  5.154E-09  7.581E-10  1.346E-13  1.800E-14  1.00E-07
  5.900E+00 2.70064E-17 -6.945E-07  5.141E-09  7.577E-10  1.366E-13  1.830E-14  1.00E-07
  6.000E+00 2.68757E-17 -7.081E-07  5.129E-09  7.573E-10  1.385E-13  1.860E-14  1.00E-07
  6.100E+00 2.67437E-17 -7.218E-07  5.116E-09  7.570E-10  1.405E-13  1.890E-14  1.00E-07
  6.200E+00 2.66105E-17 -7.356E-07  5.103E-09  7.566E-10  1.424E-13  1.920E-14  1.00E-07
  6.300E+00 2.64761E-17 -7.495E-07  5.090E-09  7.562E-10  1.444E-13  1.950E-14  1.00E-07
  6.400E+00 2.63404E-17 -7.635E-07  5.076E-09  7.558E-10  1.463E-13  1.980E-14  1.00E-07
  6.500E+00 2.62037E-17 -7.776E-07  5.063E-09  7.554E-10  1.482E-13  2.009E-14  1.00E-07
  6.600E+00 2.60658E-17 -7.918E-07  5.049E-09  7.549E-10  1.500E-13  2.039E-14  1.00E-07
  6.700E+00 2.59269E-17 -8.061E-07  5.036E-09  7.545E-10  1.519E-13  2.069E-14  1.00E-07
  6.800E+00 2.57869E-17 -8.205E-07  5.022E-09  7.541E-10  1.538E-13  2.098E-14  1.00E-07
  6.900E+00 2.56460E-17 -8.350E-07  5.008E-09  7.537E-10  1.556E-13  2.128E-14  1.00E-07
  7.000E+00 2.55041E-17 -8.497E-07  4.994E-09  7.532E-10  1.574E-13  2.157E-14  1.00E-07
  7.100E+00 2.53613E-17 -8.644E-07  4.979E-09  7.528E-10  1.592E-13  2.187E-14  1.00E-07
  7.200E+00 2.52176E-17 -8.792E-07  4.965E-09  7.523E-10  1.610E-13  2.216E-14  1.00E-07
  7.300E+00 2.50730E-17 -8.942E-07  4.951E-09  7.519E-10  1.627E-13  2.245E-14  1.00E-07
  7.400E+00 2.49277E-17 -9.093E-07  4.936E-09  7.514E-10  1.645E-13  2.274E-14  1.00E-07
  7.500E+00 2.47815E-17 -9.245E-07  4.921E-09  7.509E-10  1.662E-13  2.304E-14  1.00E-07
  7.600E+00 2.46347E-17 -9.398E-07  4.906E-09  7.505E-10  1.679E-13  2.333E-14  1.00E-07
  7.700E+00 2.44871E-17 -9.552E-07  4.891E-09  7.500E-10  1.696E-13  2.362E-14  1.00E-07
  7.800E+00 2.43388E-17 -9.708E-07  4.876E-09  7.495E-10  1.713E-13  2.391E-14  1.00E-07
  7.900E+00 2.41900E-17 -9.865E-07  4.861E-09  7.490E-10  1.730E-13  2.420E-14  1.00E-07
  8.000E+00 2.40405E-17 -1.002E-06  4.846E-09  7.485E-10  1.746E-13  2.449E-14  1.00E-07
  8.100E+00 2.38905E-17 -1.018E-06  4.830E-09  7.480E-10  1.762E-13  2.477E-14  1.00E-07
  8.200E+00 2.37399E-17 -1.034E-06  4.815E-09  7.475E-10  1.778E-13  2.506E-14  1.00E-07
  8.300E+00 2.35889E-17 -1.051E-06  4.799E-09  7.470E-10  1.794E-13  2.535E-14  1.00E-07
  8.400E+00 2.34374E-17 -1.067E-06  4.783E-09  7.465E-10  1.810E-13  2.563E-14  1.00E-07
  8.500E+00 2.32855E-17 -1.083E-06  4.767E-09  7.459E-10  1.826E-13  2.592E-14  1.00E-07
  8.600E+00 2.31331E-17 -1.100E-06  4.752E-09  7.454E-10  1.841E-13  2.620E-14  1.00E-07
  8.700E+00 2.29804E-17 -1.117E-06  4.736E-09  7.449E-10  1.856E-13  2.649E-14  1.00E-07
  8.800E+00 2.28274E-17 -1.134E-06  4.719E-09  7.443E-10  1.871E-13  2.677E-14  1.00E-07
  8.900E+00 2.26741E-17 -1.151E-06  4.703E-09  7.438E-10  1.886E-13  2.705E-14  1.00E-07
  9.000E+00 2.25206E-17 -1.168E-06  4.687E-09  7.432E-10  1.901E-13  2.733E-14  1.00E-07
  9.100E+00 2.23668E-17 -1.185E-06  4.671E-09  7.427E-10  1.915E-13  2.762E-14  1.00E-07
  9.200E+00 2.22128E-17 -1.203E-06  4.654E-09  7.421E-10  1.930E-13  2.790E-14  1.00E-07
  9.300E+00 2.20586E-17 -1.220E-06  4.638E-09  7.416E-10  1.944E-13  2.818E-14  1.00E-07
  9.400E+00 2.19043E-17 -1.238E-06  4.621E-09  7.410E-10  1.958E-13  2.846E-14  1.00E-07
  9.500E+00 2.17499E-17 -1.256E-06  4.605E-09  7.404E-10  1.971E-13  2.873E-14  1.00E-07
  9.600E+00 2.15954E-17 -1.274E-06  4.588E-09  7.398E-10  1.985E-13  2.901E-14  1.00E-07
  9.700E+00 2.14408E-17 -1.292E-06  4.571E-09  7.392E-10  1.998E-13  2.929E-14  1.00E-07
  9.800E+00 2.12863E-17 -1.311E-06  4.554E-09  7.386E-10  2.012E-13  2.956E-14  1.00E-07
  9.900E+00 2.11317E-17 -1.329E-06  4.537E-09  7.381E-10  2.025E-13  2.984E-14  1.00E-07
  1.000E+01 2.09771E-17 -1.348E-06  4.520E-09  7.374E-10  2.038E-13  3.011E-14  1.00E-07
  1.025E+01 2.05911E-17 -1.395E-06  4.478E-09  7.359E-10  2.069E-13  3.080E-14  1.00E-07
  1.050E+01 2.02059E-17 -1.444E-06  4.435E-09  7.344E-10  2.099E-13  3.147E-14  1.00E-07
  1.075E+01 1.98218E-17 -1.494E-06  4.391E-09  7.328E-10  2.129E-13  3.215E-14  1.00E-07
  1.100E+01 1.94393E-17 -1.545E-06  4.348E-09  7.312E-10  2.157E-13  3.282E-14  1.00E-07
  1.125E+01 1.90586E-17 -1.596E-06  4.304E-09  7.295E-10  2.184E-13  3.348E-14  1.00E-07
  1.150E+01 1.86803E-17 -1.650E-06  4.260E-09  7.278E-10  2.210E-13  3.414E-14  1.00E-07
  1.175E+01 1.83044E-17 -1.704E-06  4.216E-09  7.261E-10  2.235E-13  3.479E-14  1.00E-07
  1.200E+01 1.79315E-17 -1.760E-06  4.172E-09  7.244E-10  2.259E-13  3.544E-14  1.00E-07
  1.225E+01 1.75617E-17 -1.816E-06  4.128E-09  7.226E-10  2.282E-13  3.608E-14  1.00E-07
  1.250E+01 1.71953E-17 -1.874E-06  4.084E-09  7.209E-10  2.303E-13  3.672E-14  1.00E-07
  1.275E+01 1.68326E-17 -1.934E-06  4.039E-09  7.190E-10  2.324E-13  3.735E-14  1.00E-07
  1.300E+01 1.64737E-17 -1.995E-06  3.995E-09  7.172E-10  2.344E-13  3.797E-14  1.00E-07
  1.325E+01 1.61190E-17 -2.057E-06  3.951E-09  7.153E-10  2.363E-13  3.859E-14  1.00E-07
  1.350E+01 1.57685E-17 -2.121E-06  3.906E-09  7.135E-10  2.381E-13  3.921E-14  1.00E-07
  1.375E+01 1.54225E-17 -2.186E-06  3.862E-09  7.115E-10  2.398E-13  3.981E-14  1.00E-07
  1.400E+01 1.50812E-17 -2.252E-06  3.818E-09  7.096E-10  2.414E-13  4.042E-14  1.00E-07
  1.425E+01 1.47446E-17 -2.320E-06  3.774E-09  7.076E-10  2.429E-13  4.101E-14  1.00E-07
  1.450E+01 1.44129E-17 -2.390E-06  3.730E-09  7.057E-10  2.443E-13  4.160E-14  1.00E-07
  1.475E+01 1.40862E-17 -2.461E-06  3.687E-09  7.037E-10  2.457E-13  4.219E-14  1.00E-07
  1.500E+01 1.37647E-17 -2.534E-06  3.643E-09  7.016E-10  2.469E-13  4.277E-14  1.00E-07
  1.525E+01 1.34483E-17 -2.609E-06  3.600E-09  6.996E-10  2.481E-13  4.334E-14  1.00E-07
  1.550E+01 1.31373E-17 -2.685E-06  3.557E-09  6.975E-10  2.492E-13  4.391E-14  1.00E-07
  1.575E+01 1.28316E-17 -2.763E-06  3.514E-09  6.954E-10  2.502E-13  4.447E-14  1.00E-07
  1.600E+01 1.25313E-17 -2.842E-06  3.471E-09  6.933E-10  2.511E-13  4.502E-14  1.00E-07
  1.625E+01 1.22364E-17 -2.924E-06  3.429E-09  6.912E-10  2.520E-13  4.557E-14  1.00E-07
  1.650E+01 1.19470E-17 -3.007E-06  3.387E-09  6.890E-10  2.528E-13  4.612E-14  1.00E-07
  1.675E+01 1.16631E-17 -3.092E-06  3.345E-09  6.869E-10  2.535E-13  4.665E-14  1.00E-07
  1.700E+01 1.13847E-17 -3.179E-06  3.304E-09  6.847E-10  2.541E-13  4.718E-14  1.00E-07
  1.725E+01 1.11118E-17 -3.267E-06  3.263E-09  6.825E-10  2.547E-13  4.771E-14  1.00E-07
  1.750E+01 1.08444E-17 -3.358E-06  3.222E-09  6.803E-10  2.552E-13  4.822E-14  1.00E-07
  1.775E+01 1.05825E-17 -3.451E-06  3.182E-09  6.780E-10  2.556E-13  4.874E-14  1.00E-07
  1.800E+01 1.03260E-17 -3.545E-06  3.142E-09  6.758E-10  2.560E-13  4.924E-14  1.00E-07
  1.825E+01 1.00749E-17 -3.642E-06  3.102E-09  6.735E-10  2.563E-13  4.974E-14  1.00E-07
  1.850E+01 9.82923E-18 -3.741E-06  3.062E-09  6.712E-10  2.566E-13  5.023E-14  1.00E-07
  1.875E+01 9.58891E-18 -3.841E-06  3.023E-09  6.689E-10  2.568E-13  5.072E-14  1.00E-07
  1.900E+01 9.35388E-18 -3.944E-06  2.985E-09  6.666E-10  2.569E-13  5.120E-14  1.00E-07
  1.925E+01 9.12410E-18 -4.049E-06  2.947E-09  6.643E-10  2.570E-13  5.167E-14  1.00E-07
  1.950E+01 8.89951E-18 -4.156E-06  2.909E-09  6.620E-10  2.570E-13  5.214E-14  1.00E-07
  1.975E+01 8.68006E-18 -4.266E-06  2.871E-09  6.596E-10  2.570E-13  5.260E-14  1.00E-07
  2.000E+01 8.46567E-18 -4.377E-06  2.834E-09  6.573E-10  2.570E-13  5.306E-14  1.00E-07
  2.025E+01 8.25628E-18 -4.491E-06  2.798E-09  6.549E-10  2.569E-13  5.350E-14  1.00E-07
  2.050E+01 8.05183E-18 -4.607E-06  2.762E-09  6.525E-10  2.567E-13  5.395E-14  1.00E-07
  2.075E+01 7.85223E-18 -4.726E-06  2.726E-09  6.502E-10  2.565E-13  5.438E-14  1.00E-07
  2.100E+01 7.65741E-18 -4.846E-06  2.690E-09  6.478E-10  2.563E-13  5.481E-14  1.00E-07
  2.125E+01 7.46730E-18 -4.970E-06  2.655E-09  6.453E-10  2.560E-13  5.523E-14  1.00E-07
  2.150E+01 7.28181E-18 -5.095E-06  2.621E-09  6.429E-10  2.557E-13  5.565E-14  1.00E-07
  2.175E+01 7.10087E-18 -5.223E-06  2.587E-09  6.405E-10  2.554E-13  5.606E-14  1.00E-07
  2.200E+01 6.92439E-18 -5.353E-06  2.553E-09  6.381E-10  2.550E-13  5.647E-14  1.00E-07
  2.225E+01 6.75229E-18 -5.486E-06  2.520E-09  6.356E-10  2.545E-13  5.686E-14  1.00E-07
  2.250E+01 6.58449E-18 -5.622E-06  2.487E-09  6.332E-10  2.541E-13  5.726E-14  1.00E-07
  2.275E+01 6.42090E-18 -5.759E-06  2.454E-09  6.307E-10  2.536E-13  5.764E-14  1.00E-07
  2.300E+01 6.26144E-18 -5.900E-06  2.422E-09  6.283E-10  2.531E-13  5.802E-14  1.00E-07
  2.325E+01 6.10603E-18 -6.043E-06  2.390E-09  6.258E-10  2.525E-13  5.840E-14  1.00E-07
  2.350E+01 5.95457E-18 -6.188E-06  2.359E-09  6.233E-10  2.520E-13  5.876E-14  1.00E-07
  2.375E+01 5.80699E-18 -6.336E-06  2.328E-09  6.209E-10  2.514E-13  5.912E-14  1.00E-07
  2.400E+01 5.66321E-18 -6.487E-06  2.298E-09  6.184E-10  2.507E-13  5.948E-14  1.00E-07
  2.425E+01 5.52313E-18 -6.641E-06  2.268E-09  6.159E-10  2.501E-13  5.983E-14  1.00E-07
  2.450E+01 5.38667E-18 -6.797E-06  2.238E-09  6.134E-10  2.494E-13  6.017E-14  1.00E-07
  2.475E+01 5.25376E-18 -6.956E-06  2.209E-09  6.109E-10  2.487E-13  6.051E-14  1.00E-07
  2.500E+01 5.12431E-18 -7.117E-06  2.180E-09  6.084E-10  2.480E-13  6.084E-14  1.00E-07
  2.550E+01 4.87546E-18 -7.449E-06  2.124E-09  6.034E-10  2.465E-13  6.148E-14  1.00E-07
  2.600E+01 4.63950E-18 -7.791E-06  2.069E-09  5.984E-10  2.449E-13  6.210E-14  1.00E-07
  2.650E+01 4.41580E-18 -8.145E-06  2.016E-09  5.934E-10  2.433E-13  6.270E-14  1.00E-07
  2.700E+01 4.20377E-18 -8.510E-06  1.964E-09  5.884E-10  2.416E-13  6.328E-14  1.00E-07
  2.750E+01 4.00281E-18 -8.887E-06  1.914E-09  5.834E-10  2.399E-13  6.383E-14  1.00E-07
  2.800E+01 3.81237E-18 -9.275E-06  1.865E-09  5.784E-10  2.381E-13  6.436E-14  1.00E-07
  2.850E+01 3.63191E-18 -9.675E-06  1.817E-09  5.734E-10  2.363E-13  6.487E-14  1.00E-07
  2.900E+01 3.46091E-18 -1.009E-05  1.771E-09  5.684E-10  2.344E-13  6.535E-14  1.00E-07
  2.950E+01 3.29888E-18 -1.051E-05  1.727E-09  5.634E-10  2.325E-13  6.582E-14  1.00E-07
  3.000E+01 3.14534E-18 -1.095E-05  1.683E-09  5.584E-10  2.306E-13  6.626E-14  1.00E-07
  3.050E+01 2.99983E-18 -1.139E-05  1.641E-09  5.535E-10  2.286E-13  6.668E-14  1.00E-07
  3.100E+01 2.86193E-18 -1.185E-05  1.600E-09  5.485E-10  2.266E-13  6.708E-14  1.00E-07
  3.150E+01 2.73123E-18 -1.233E-05  1.561E-09  5.436E-10  2.247E-13  6.747E-14  1.00E-07
  3.200E+01 2.60733E-18 -1.281E-05  1.522E-09  5.387E-10  2.227E-13  6.783E-14  1.00E-07
  3.250E+01 2.48986E-18 -1.331E-05  1.485E-09  5.338E-10  2.207E-13  6.817E-14  1.00E-07
  3.300E+01 2.37848E-18 -1.382E-05  1.449E-09  5.290E-10  2.187E-13  6.850E-14  1.00E-07
  3.350E+01 2.27284E-18 -1.434E-05  1.414E-09  5.241E-10  2.167E-13  6.881E-14  1.00E-07
  3.400E+01 2.17264E-18 -1.487E-05  1.379E-09  5.193E-10  2.146E-13  6.910E-14  1.00E-07
  3.450E+01 2.07757E-18 -1.541E-05  1.346E-09  5.145E-10  2.126E-13  6.937E-14  1.00E-07
  3.500E+01 1.98735E-18 -1.597E-05  1.314E-09  5.098E-10  2.106E-13  6.962E-14  1.00E-07
  3.550E+01 1.90171E-18 -1.654E-05  1.283E-09  5.051E-10  2.086E-13  6.986E-14  1.00E-07
  3.600E+01 1.82040E-18 -1.712E-05  1.253E-09  5.004E-10  2.066E-13  7.008E-14  1.00E-07
  3.650E+01 1.74319E-18 -1.772E-05  1.224E-09  4.957E-10  2.046E-13  7.028E-14  1.00E-07
  3.700E+01 1.66985E-18 -1.832E-05  1.195E-09  4.911E-10  2.026E-13  7.047E-14  1.00E-07
  3.750E+01 1.60016E-18 -1.894E-05  1.168E-09  4.865E-10  2.007E-13  7.064E-14  1.00E-07
  3.800E+01 1.53392E-18 -1.957E-05  1.141E-09  4.820E-10  1.987E-13  7.080E-14  1.00E-07
  3.850E+01 1.47095E-18 -2.021E-05  1.115E-09  4.775E-10  1.968E-13  7.094E-14  1.00E-07
  3.900E+01 1.41107E-18 -2.086E-05  1.090E-09  4.730E-10  1.948E-13  7.107E-14  1.00E-07
  3.950E+01 1.35411E-18 -2.153E-05  1.065E-09  4.686E-10  1.929E-13  7.119E-14  1.00E-07
  4.000E+01 1.29990E-18 -2.220E-05  1.041E-09  4.642E-10  1.910E-13  7.129E-14  1.00E-07
  4.050E+01 1.24831E-18 -2.289E-05  1.018E-09  4.598E-10  1.891E-13  7.138E-14  1.00E-07
  4.100E+01 1.19919E-18 -2.358E-05  9.958E-10  4.555E-10  1.873E-13  7.145E-14  1.00E-07
  4.150E+01 1.15241E-18 -2.429E-05  9.741E-10  4.512E-10  1.854E-13  7.152E-14  1.00E-07
  4.200E+01 1.10784E-18 -2.501E-05  9.529E-10  4.470E-10  1.836E-13  7.157E-14  1.00E-07
  4.250E+01 1.06536E-18 -2.574E-05  9.324E-10  4.428E-10  1.817E-13  7.161E-14  1.00E-07
  4.300E+01 1.02487E-18 -2.648E-05  9.124E-10  4.386E-10  1.799E-13  7.163E-14  1.00E-07
  4.350E+01 9.86257E-19 -2.723E-05  8.930E-10  4.345E-10  1.782E-13  7.165E-14  1.00E-07
  4.400E+01 9.49422E-19 -2.799E-05  8.742E-10  4.304E-10  1.764E-13  7.165E-14  1.00E-07
  4.450E+01 9.14274E-19 -2.876E-05  8.558E-10  4.264E-10  1.746E-13  7.165E-14  1.00E-07
  4.500E+01 8.80723E-19 -2.954E-05  8.380E-10  4.224E-10  1.729E-13  7.163E-14  1.00E-07
  4.550E+01 8.48688E-19 -3.033E-05  8.207E-10  4.185E-10  1.712E-13  7.160E-14  1.00E-07
  4.600E+01 8.18090E-19 -3.113E-05  8.039E-10  4.145E-10  1.695E-13  7.157E-14  1.00E-07
  4.650E+01 7.88855E-19 -3.194E-05  7.875E-10  4.107E-10  1.678E-13  7.152E-14  1.00E-07
  4.700E+01 7.60914E-19 -3.276E-05  7.716E-10  4.069E-10  1.662E-13  7.147E-14  1.00E-07
  4.750E+01 7.34200E-19 -3.358E-05  7.561E-10  4.031E-10  1.645E-13  7.140E-14  1.00E-07
  4.800E+01 7.08652E-19 -3.442E-05  7.411E-10  3.993E-10  1.629E-13  7.133E-14  1.00E-07
  4.850E+01 6.84211E-19 -3.526E-05  7.264E-10  3.956E-10  1.613E-13  7.125E-14  1.00E-07
  4.900E+01 6.60821E-19 -3.611E-05  7.122E-10  3.920E-10  1.597E-13  7.116E-14  1.00E-07
  4.950E+01 6.38431E-19 -3.697E-05  6.983E-10  3.884E-10  1.582E-13  7.106E-14  1.00E-07
  5.000E+01 6.16990E-19 -3.784E-05  6.848E-10  3.848E-10  1.566E-13  7.096E-14  1.00E-07
  5.050E+01 5.96453E-19 -3.871E-05  6.716E-10  3.813E-10  1.551E-13  7.085E-14  1.00E-07
  5.100E+01 5.76775E-19 -3.959E-05  6.588E-10  3.778E-10  1.536E-13  7.073E-14  1.00E-07
  5.150E+01 5.57914E-19 -4.048E-05  6.464E-10  3.743E-10  1.521E-13  7.060E-14  1.00E-07
  5.200E+01 5.39831E-19 -4.137E-05  6.342E-10  3.709E-10  1.506E-13  7.047E-14  1.00E-07
  5.250E+01 5.22488E-19 -4.227E-05  6.224E-10  3.675E-10  1.491E-13  7.033E-14  1.00E-07
  5.300E+01 5.05850E-19 -4.318E-05  6.109E-10  3.642E-10  1.477E-13  7.018E-14  1.00E-07
  5.350E+01 4.89884E-19 -4.409E-05  5.997E-10  3.609E-10  1.463E-13  7.003E-14  1.00E-07
  5.400E+01 4.74558E-19 -4.501E-05  5.888E-10  3.577E-10  1.449E-13  6.987E-14  1.00E-07
  5.450E+01 4.59841E-19 -4.594E-05  5.781E-10  3.545E-10  1.435E-13  6.971E-14  1.00E-07
  5.500E+01 4.45707E-19 -4.687E-05  5.677E-10  3.513E-10  1.421E-13  6.954E-14  1.00E-07
  5.550E+01 4.32126E-19 -4.780E-05  5.576E-10  3.482E-10  1.408E-13  6.937E-14  1.00E-07
  5.600E+01 4.19075E-19 -4.874E-05  5.477E-10  3.451E-10  1.394E-13  6.919E-14  1.00E-07
  5.650E+01 4.06529E-19 -4.968E-05  5.381E-10  3.420E-10  1.381E-13  6.900E-14  1.00E-07
  5.700E+01 3.94464E-19 -5.063E-05  5.287E-10  3.390E-10  1.368E-13  6.881E-14  1.00E-07
  5.750E+01 3.82859E-19 -5.158E-05  5.196E-10  3.360E-10  1.355E-13  6.862E-14  1.00E-07
  5.800E+01 3.71694E-19 -5.254E-05  5.106E-10  3.331E-10  1.342E-13  6.842E-14  1.00E-07
  5.850E+01 3.60949E-19 -5.349E-05  5.019E-10  3.302E-10  1.329E-13  6.822E-14  1.00E-07
  5.900E+01 3.50605E-19 -5.446E-05  4.934E-10  3.273E-10  1.317E-13  6.801E-14  1.00E-07
  5.950E+01 3.40645E-19 -5.542E-05  4.851E-10  3.245E-10  1.305E-13  6.780E-14  1.00E-07
  6.000E+01 3.31051E-19 -5.639E-05  4.770E-10  3.217E-10  1.292E-13  6.758E-14  1.00E-07
  6.050E+01 3.21808E-19 -5.736E-05  4.691E-10  3.189E-10  1.280E-13  6.736E-14  1.00E-07
  6.100E+01 3.12900E-19 -5.833E-05  4.614E-10  3.162E-10  1.268E-13  6.714E-14  1.00E-07
  6.150E+01 3.04314E-19 -5.930E-05  4.539E-10  3.135E-10  1.257E-13  6.691E-14  1.00E-07
  6.200E+01 2.96035E-19 -6.028E-05  4.466E-10  3.108E-10  1.245E-13  6.668E-14  1.00E-07
  6.250E+01 2.88051E-19 -6.125E-05  4.394E-10  3.082E-10  1.233E-13  6.645E-14  1.00E-07
  6.300E+01 2.80348E-19 -6.223E-05  4.324E-10  3.056E-10  1.222E-13  6.621E-14  1.00E-07
  6.350E+01 2.72916E-19 -6.321E-05  4.255E-10  3.031E-10  1.211E-13  6.597E-14  1.00E-07
  6.400E+01 2.65742E-19 -6.418E-05  4.188E-10  3.006E-10  1.200E-13  6.573E-14  1.00E-07
  6.450E+01 2.58817E-19 -6.516E-05  4.123E-10  2.981E-10  1.189E-13  6.549E-14  1.00E-07
  6.500E+01 2.52130E-19 -6.614E-05  4.059E-10  2.956E-10  1.178E-13  6.524E-14  1.00E-07
  6.550E+01 2.45671E-19 -6.712E-05  3.996E-10  2.932E-10  1.167E-13  6.499E-14  1.00E-07
  6.600E+01 2.39430E-19 -6.810E-05  3.935E-10  2.908E-10  1.156E-13  6.474E-14  1.00E-07
  6.650E+01 2.33400E-19 -6.907E-05  3.876E-10  2.884E-10  1.146E-13  6.448E-14  1.00E-07
  6.700E+01 2.27572E-19 -7.005E-05  3.817E-10  2.861E-10  1.136E-13  6.422E-14  1.00E-07
  6.750E+01 2.21937E-19 -7.102E-05  3.760E-10  2.838E-10  1.125E-13  6.396E-14  1.00E-07
  6.800E+01 2.16489E-19 -7.200E-05  3.705E-10  2.815E-10  1.115E-13  6.370E-14  1.00E-07
  6.850E+01 2.11219E-19 -7.297E-05  3.650E-10  2.793E-10  1.105E-13  6.344E-14  1.00E-07
  6.900E+01 2.06120E-19 -7.394E-05  3.597E-10  2.770E-10  1.095E-13  6.317E-14  1.00E-07
  6.950E+01 2.01187E-19 -7.490E-05  3.545E-10  2.749E-10  1.085E-13  6.290E-14  1.00E-07
  7.000E+01 1.96412E-19 -7.587E-05  3.494E-10  2.727E-10  1.076E-13  6.263E-14  1.00E-07
  7.050E+01 1.91789E-19 -7.683E-05  3.444E-10  2.706E-10  1.066E-13  6.236E-14  1.00E-07
  7.100E+01 1.87313E-19 -7.779E-05  3.395E-10  2.685E-10  1.056E-13  6.209E-14  1.00E-07
  7.150E+01 1.82979E-19 -7.874E-05  3.347E-10  2.664E-10  1.047E-13  6.181E-14  1.00E-07
  7.200E+01 1.78780E-19 -7.969E-05  3.300E-10  2.643E-10  1.038E-13  6.154E-14  1.00E-07
  7.250E+01 1.74711E-19 -8.064E-05  3.254E-10  2.623E-10  1.029E-13  6.126E-14  1.00E-07
  7.300E+01 1.70769E-19 -8.158E-05  3.209E-10  2.603E-10  1.019E-13  6.098E-14  1.00E-07
  7.350E+01 1.66948E-19 -8.252E-05  3.165E-10  2.584E-10  1.010E-13  6.070E-14  1.00E-07
  7.400E+01 1.63243E-19 -8.346E-05  3.122E-10  2.564E-10  1.001E-13  6.042E-14  1.00E-07
  7.450E+01 1.59650E-19 -8.439E-05  3.080E-10  2.545E-10  9.926E-14  6.013E-14  1.00E-07
  7.500E+01 1.56166E-19 -8.531E-05  3.039E-10  2.526E-10  9.838E-14  5.985E-14  1.00E-07
  7.550E+01 1.52787E-19 -8.623E-05  2.999E-10  2.507E-10  9.751E-14  5.957E-14  1.00E-07
  7.600E+01 1.49508E-19 -8.714E-05  2.959E-10  2.489E-10  9.666E-14  5.928E-14  1.00E-07
  7.650E+01 1.46326E-19 -8.805E-05  2.920E-10  2.471E-10  9.581E-14  5.899E-14  1.00E-07
  7.700E+01 1.43237E-19 -8.895E-05  2.882E-10  2.453E-10  9.497E-14  5.870E-14  1.00E-07
  7.750E+01 1.40239E-19 -8.985E-05  2.845E-10  2.435E-10  9.413E-14  5.841E-14  1.00E-07
  7.800E+01 1.37328E-19 -9.074E-05  2.809E-10  2.417E-10  9.331E-14  5.812E-14  1.00E-07
  7.850E+01 1.34501E-19 -9.162E-05  2.773E-10  2.400E-10  9.249E-14  5.783E-14  1.00E-07
  7.900E+01 1.31755E-19 -9.249E-05  2.738E-10  2.383E-10  9.169E-14  5.754E-14  1.00E-07
  7.950E+01 1.29087E-19 -9.336E-05  2.704E-10  2.366E-10  9.089E-14  5.725E-14  1.00E-07
  8.000E+01 1.26495E-19 -9.422E-05  2.670E-10  2.349E-10  9.009E-14  5.695E-14  1.00E-07
  8.050E+01 1.23976E-19 -9.508E-05  2.637E-10  2.333E-10  8.931E-14  5.666E-14  1.00E-07
  8.100E+01 1.21528E-19 -9.592E-05  2.605E-10  2.317E-10  8.853E-14  5.637E-14  1.00E-07
  8.150E+01 1.19148E-19 -9.676E-05  2.573E-10  2.301E-10  8.776E-14  5.607E-14  1.00E-07
  8.200E+01 1.16833E-19 -9.759E-05  2.542E-10  2.285E-10  8.700E-14  5.578E-14  1.00E-07
  8.250E+01 1.14583E-19 -9.841E-05  2.512E-10  2.269E-10  8.624E-14  5.548E-14  1.00E-07
  8.300E+01 1.12394E-19 -9.922E-05  2.482E-10  2.254E-10  8.549E-14  5.518E-14  1.00E-07
  8.350E+01 1.10264E-19 -1.000E-04  2.452E-10  2.239E-10  8.475E-14  5.489E-14  1.00E-07
  8.400E+01 1.08193E-19 -1.008E-04  2.424E-10  2.224E-10  8.401E-14  5.459E-14  1.00E-07
  8.450E+01 1.06177E-19 -1.016E-04  2.395E-10  2.209E-10  8.328E-14  5.429E-14  1.00E-07
  8.500E+01 1.04214E-19 -1.024E-04  2.368E-10  2.194E-10  8.256E-14  5.399E-14  1.00E-07
  8.550E+01 1.02304E-19 -1.031E-04  2.340E-10  2.180E-10  8.185E-14  5.369E-14  1.00E-07
  8.600E+01 1.00445E-19 -1.039E-04  2.314E-10  2.166E-10  8.114E-14  5.339E-14  1.00E-07
  8.650E+01 9.86344E-20 -1.046E-04  2.288E-10  2.152E-10  8.043E-14  5.309E-14  1.00E-07
  8.700E+01 9.68712E-20 -1.054E-04  2.262E-10  2.138E-10  7.974E-14  5.280E-14  1.00E-07
  8.750E+01 9.51538E-20 -1.061E-04  2.237E-10  2.124E-10  7.905E-14  5.250E-14  1.00E-07
  8.800E+01 9.34809E-20 -1.068E-04  2.212E-10  2.111E-10  7.836E-14  5.220E-14  1.00E-07
  8.850E+01 9.18510E-20 -1.075E-04  2.188E-10  2.097E-10  7.768E-14  5.190E-14  1.00E-07
  8.900E+01 9.02628E-20 -1.082E-04  2.164E-10  2.084E-10  7.701E-14  5.159E-14  1.00E-07
  8.950E+01 8.87150E-20 -1.089E-04  2.141E-10  2.071E-10  7.634E-14  5.129E-14  1.00E-07
  9.000E+01 8.72064E-20 -1.096E-04  2.118E-10  2.058E-10  7.568E-14  5.099E-14  1.00E-07
  9.050E+01 8.57357E-20 -1.102E-04  2.095E-10  2.046E-10  7.502E-14  5.069E-14  1.00E-07
  9.100E+01 8.43019E-20 -1.109E-04  2.073E-10  2.033E-10  7.437E-14  5.039E-14  1.00E-07
  9.150E+01 8.29038E-20 -1.115E-04  2.051E-10  2.021E-10  7.373E-14  5.009E-14  1.00E-07
  9.200E+01 8.15403E-20 -1.121E-04  2.030E-10  2.008E-10  7.309E-14  4.979E-14  1.00E-07
  9.250E+01 8.02105E-20 -1.128E-04  2.009E-10  1.996E-10  7.245E-14  4.949E-14  1.00E-07
  9.300E+01 7.89133E-20 -1.134E-04  1.988E-10  1.984E-10  7.182E-14  4.919E-14  1.00E-07
  9.350E+01 7.76477E-20 -1.139E-04  1.968E-10  1.973E-10  7.120E-14  4.889E-14  1.00E-07
  9.400E+01 7.64128E-20 -1.145E-04  1.948E-10  1.961E-10  7.058E-14  4.859E-14  1.00E-07
  9.450E+01 7.52078E-20 -1.151E-04  1.929E-10  1.950E-10  6.996E-14  4.829E-14  1.00E-07
  9.500E+01 7.40317E-20 -1.156E-04  1.909E-10  1.938E-10  6.935E-14  4.799E-14  1.00E-07
  9.550E+01 7.28837E-20 -1.162E-04  1.891E-10  1.927E-10  6.875E-14  4.768E-14  1.00E-07
  9.600E+01 7.17630E-20 -1.167E-04  1.872E-10  1.916E-10  6.814E-14  4.738E-14  1.00E-07
  9.650E+01 7.06689E-20 -1.172E-04  1.854E-10  1.905E-10  6.755E-14  4.708E-14  1.00E-07
  9.700E+01 6.96006E-20 -1.177E-04  1.836E-10  1.894E-10  6.696E-14  4.678E-14  1.00E-07
  9.750E+01 6.85573E-20 -1.182E-04  1.818E-10  1.884E-10  6.637E-14  4.648E-14  1.00E-07
  9.800E+01 6.75383E-20 -1.186E-04  1.801E-10  1.873E-10  6.579E-14  4.618E-14  1.00E-07
  9.850E+01 6.65430E-20 -1.191E-04  1.784E-10  1.863E-10  6.521E-14  4.588E-14  1.00E-07
  9.900E+01 6.55707E-20 -1.195E-04  1.768E-10  1.853E-10  6.463E-14  4.558E-14  1.00E-07
  9.950E+01 6.46208E-20 -1.200E-04  1.751E-10  1.843E-10  6.406E-14  4.528E-14  1.00E-07
  1.000E+02 6.36927E-20 -1.204E-04  1.735E-10  1.833E-10  6.350E-14  4.498E-14  1.00E-07
  1.005E+02 6.27856E-20 -1.208E-04  1.719E-10  1.823E-10  6.293E-14  4.468E-14  1.00E-07
  1.010E+02 6.18992E-20 -1.211E-04  1.704E-10  1.813E-10  6.238E-14  4.438E-14  1.00E-07
  1.015E+02 6.10328E-20 -1.215E-04  1.688E-10  1.804E-10  6.182E-14  4.408E-14  1.00E-07
  1.020E+02 6.01859E-20 -1.219E-04  1.673E-10  1.794E-10  6.127E-14  4.378E-14  1.00E-07
  1.025E+02 5.93579E-20 -1.222E-04  1.658E-10  1.785E-10  6.073E-14  4.348E-14  1.00E-07
  1.030E+02 5.85484E-20 -1.225E-04  1.644E-10  1.776E-10  6.018E-14  4.319E-14  1.00E-07
  1.035E+02 5.77568E-20 -1.228E-04  1.630E-10  1.766E-10  5.964E-14  4.289E-14  1.00E-07
  1.040E+02 5.69828E-20 -1.231E-04  1.615E-10  1.757E-10  5.911E-14  4.259E-14  1.00E-07
  1.045E+02 5.62257E-20 -1.234E-04  1.602E-10  1.749E-10  5.858E-14  4.229E-14  1.00E-07
  1.050E+02 5.54853E-20 -1.237E-04  1.588E-10  1.740E-10  5.805E-14  4.199E-14  1.00E-07
  1.055E+02 5.47610E-20 -1.239E-04  1.575E-10  1.731E-10  5.752E-14  4.169E-14  1.00E-07
  1.060E+02 5.40524E-20 -1.242E-04  1.561E-10  1.723E-10  5.700E-14  4.140E-14  1.00E-07
  1.065E+02 5.33592E-20 -1.244E-04  1.548E-10  1.714E-10  5.649E-14  4.110E-14  1.00E-07
  1.070E+02 5.26809E-20 -1.246E-04  1.536E-10  1.706E-10  5.597E-14  4.080E-14  1.00E-07
  1.075E+02 5.20172E-20 -1.248E-04  1.523E-10  1.698E-10  5.546E-14  4.051E-14  1.00E-07
  1.080E+02 5.13677E-20 -1.249E-04  1.511E-10  1.689E-10  5.495E-14  4.021E-14  1.00E-07
  1.085E+02 5.07320E-20 -1.251E-04  1.499E-10  1.681E-10  5.445E-14  3.991E-14  1.00E-07
  1.090E+02 5.01097E-20 -1.252E-04  1.487E-10  1.673E-10  5.395E-14  3.962E-14  1.00E-07
  1.095E+02 4.95007E-20 -1.253E-04  1.475E-10  1.666E-10  5.345E-14  3.932E-14  1.00E-07
  1.100E+02 4.89045E-20 -1.254E-04  1.464E-10  1.658E-10  5.295E-14  3.903E-14  1.00E-07
  1.105E+02 4.83207E-20 -1.255E-04  1.452E-10  1.650E-10  5.246E-14  3.873E-14  1.00E-07
  1.110E+02 4.77492E-20 -1.256E-04  1.441E-10  1.643E-10  5.197E-14  3.844E-14  1.00E-07
  1.115E+02 4.71896E-20 -1.257E-04  1.430E-10  1.635E-10  5.148E-14  3.814E-14  1.00E-07
  1.120E+02 4.66416E-20 -1.257E-04  1.419E-10  1.628E-10  5.100E-14  3.785E-14  1.00E-07
  1.125E+02 4.61049E-20 -1.257E-04  1.409E-10  1.621E-10  5.052E-14  3.755E-14  1.00E-07
  1.130E+02 4.55793E-20 -1.257E-04  1.398E-10  1.614E-10  5.004E-14  3.726E-14  1.00E-07
  1.135E+02 4.50645E-20 -1.257E-04  1.388E-10  1.606E-10  4.957E-14  3.696E-14  1.00E-07
  1.140E+02 4.45603E-20 -1.257E-04  1.378E-10  1.599E-10  4.910E-14  3.667E-14  1.00E-07
  1.145E+02 4.40663E-20 -1.257E-04  1.368E-10  1.593E-10  4.863E-14  3.638E-14  1.00E-07
  1.150E+02 4.35824E-20 -1.256E-04  1.358E-10  1.586E-10  4.816E-14  3.609E-14  1.00E-07
  1.155E+02 4.31083E-20 -1.255E-04  1.348E-10  1.579E-10  4.769E-14  3.579E-14  1.00E-07
  1.160E+02 4.26438E-20 -1.254E-04  1.339E-10  1.572E-10  4.723E-14  3.550E-14  1.00E-07
  1.165E+02 4.21887E-20 -1.253E-04  1.329E-10  1.566E-10  4.677E-14  3.521E-14  1.00E-07
  1.170E+02 4.17427E-20 -1.252E-04  1.320E-10  1.559E-10  4.632E-14  3.492E-14  1.00E-07
  1.175E+02 4.13057E-20 -1.251E-04  1.311E-10  1.553E-10  4.586E-14  3.463E-14  1.00E-07
  1.180E+02 4.08774E-20 -1.249E-04  1.302E-10  1.547E-10  4.541E-14  3.433E-14  1.00E-07
  1.185E+02 4.04576E-20 -1.247E-04  1.293E-10  1.541E-10  4.496E-14  3.404E-14  1.00E-07
  1.190E+02 4.00462E-20 -1.246E-04  1.285E-10  1.534E-10  4.451E-14  3.375E-14  1.00E-07
  1.195E+02 3.96430E-20 -1.243E-04  1.276E-10  1.528E-10  4.407E-14  3.346E-14  1.00E-07
  1.200E+02 3.92477E-20 -1.241E-04  1.268E-10  1.522E-10  4.363E-14  3.317E-14  1.00E-07
  1.205E+02 3.88603E-20 -1.239E-04  1.260E-10  1.516E-10  4.319E-14  3.288E-14  1.00E-07
  1.210E+02 3.84804E-20 -1.236E-04  1.251E-10  1.511E-10  4.275E-14  3.259E-14  1.00E-07
  1.215E+02 3.81081E-20 -1.234E-04  1.243E-10  1.505E-10  4.231E-14  3.231E-14  1.00E-07
  1.220E+02 3.77430E-20 -1.231E-04  1.236E-10  1.499E-10  4.188E-14  3.202E-14  1.00E-07
  1.225E+02 3.73851E-20 -1.228E-04  1.228E-10  1.494E-10  4.145E-14  3.173E-14  1.00E-07
  1.230E+02 3.70342E-20 -1.224E-04  1.220E-10  1.488E-10  4.102E-14  3.144E-14  1.00E-07
  1.235E+02 3.66902E-20 -1.221E-04  1.213E-10  1.483E-10  4.059E-14  3.115E-14  1.00E-07
  1.240E+02 3.63528E-20 -1.217E-04  1.205E-10  1.477E-10  4.016E-14  3.086E-14  1.00E-07
  1.245E+02 3.60220E-20 -1.214E-04  1.198E-10  1.472E-10  3.974E-14  3.058E-14  1.00E-07
  1.250E+02 3.56976E-20 -1.210E-04  1.191E-10  1.467E-10  3.932E-14  3.029E-14  1.00E-07
  1.255E+02 3.53795E-20 -1.206E-04  1.184E-10  1.462E-10  3.890E-14  3.000E-14  1.00E-07
  1.260E+02 3.50676E-20 -1.201E-04  1.177E-10  1.456E-10  3.848E-14  2.972E-14  1.00E-07
  1.265E+02 3.47616E-20 -1.197E-04  1.170E-10  1.451E-10  3.807E-14  2.943E-14  1.00E-07
  1.270E+02 3.44616E-20 -1.193E-04  1.164E-10  1.446E-10  3.765E-14  2.915E-14  1.00E-07
  1.275E+02 3.41674E-20 -1.188E-04  1.157E-10  1.442E-10  3.724E-14  2.886E-14  1.00E-07
  1.280E+02 3.38788E-20 -1.183E-04  1.151E-10  1.437E-10  3.683E-14  2.857E-14  1.00E-07
  1.285E+02 3.35958E-20 -1.178E-04  1.144E-10  1.432E-10  3.642E-14  2.829E-14  1.00E-07
  1.290E+02 3.33183E-20 -1.173E-04  1.138E-10  1.427E-10  3.602E-14  2.800E-14  1.00E-07
  1.295E+02 3.30460E-20 -1.167E-04  1.132E-10  1.423E-10  3.561E-14  2.772E-14  1.00E-07
  1.300E+02 3.27790E-20 -1.162E-04  1.126E-10  1.418E-10  3.521E-14  2.744E-14  1.00E-07
  1.305E+02 3.25171E-20 -1.156E-04  1.120E-10  1.414E-10  3.481E-14  2.715E-14  1.00E-07
  1.310E+02 3.22603E-20 -1.150E-04  1.114E-10  1.409E-10  3.441E-14  2.687E-14  1.00E-07
  1.315E+02 3.20084E-20 -1.144E-04  1.108E-10  1.405E-10  3.401E-14  2.659E-14  1.00E-07
  1.320E+02 3.17613E-20 -1.138E-04  1.102E-10  1.400E-10  3.361E-14  2.630E-14  1.00E-07
  1.325E+02 3.15189E-20 -1.132E-04  1.097E-10  1.396E-10  3.322E-14  2.602E-14  1.00E-07
  1.330E+02 3.12813E-20 -1.125E-04  1.091E-10  1.392E-10  3.282E-14  2.574E-14  1.00E-07
  1.335E+02 3.10481E-20 -1.119E-04  1.086E-10  1.388E-10  3.243E-14  2.545E-14  1.00E-07
  1.340E+02 3.08195E-20 -1.112E-04  1.080E-10  1.384E-10  3.204E-14  2.517E-14  1.00E-07
  1.345E+02 3.05952E-20 -1.105E-04  1.075E-10  1.380E-10  3.165E-14  2.489E-14  1.00E-07
  1.350E+02 3.03753E-20 -1.098E-04  1.070E-10  1.376E-10  3.126E-14  2.461E-14  1.00E-07
  1.355E+02 3.01596E-20 -1.091E-04  1.065E-10  1.372E-10  3.088E-14  2.433E-14  1.00E-07
  1.360E+02 2.99481E-20 -1.083E-04  1.060E-10  1.368E-10  3.049E-14  2.405E-14  1.00E-07
  1.365E+02 2.97406E-20 -1.076E-04  1.055E-10  1.364E-10  3.011E-14  2.377E-14  1.00E-07
  1.370E+02 2.95372E-20 -1.068E-04  1.050E-10  1.360E-10  2.973E-14  2.349E-14  1.00E-07
  1.375E+02 2.93377E-20 -1.060E-04  1.045E-10  1.357E-10  2.935E-14  2.321E-14  1.00E-07
  1.380E+02 2.91420E-20 -1.052E-04  1.041E-10  1.353E-10  2.897E-14  2.293E-14  1.00E-07
  1.385E+02 2.89502E-20 -1.044E-04  1.036E-10  1.350E-10  2.859E-14  2.265E-14  1.00E-07
  1.390E+02 2.87621E-20 -1.036E-04  1.032E-10  1.346E-10  2.821E-14  2.237E-14  1.00E-07
  1.395E+02 2.85777E-20 -1.027E-04  1.027E-10  1.343E-10  2.784E-14  2.209E-14  1.00E-07
  1.400E+02 2.83969E-20 -1.019E-04  1.023E-10  1.339E-10  2.746E-14  2.181E-14  1.00E-07
  1.405E+02 2.82197E-20 -1.010E-04  1.019E-10  1.336E-10  2.709E-14  2.153E-14  1.00E-07
  1.410E+02 2.80459E-20 -1.001E-04  1.014E-10  1.332E-10  2.672E-14  2.125E-14  1.00E-07
  1.415E+02 2.78756E-20 -9.924E-05  1.010E-10  1.329E-10  2.635E-14  2.097E-14  1.00E-07
  1.420E+02 2.77086E-20 -9.832E-05  1.006E-10  1.326E-10  2.598E-14  2.069E-14  1.00E-07
  1.425E+02 2.75450E-20 -9.740E-05  1.002E-10  1.323E-10  2.561E-14  2.042E-14  1.00E-07
  1.430E+02 2.73846E-20 -9.645E-05  9.984E-11  1.320E-10  2.524E-14  2.014E-14  1.00E-07
  1.435E+02 2.72275E-20 -9.550E-05  9.945E-11  1.317E-10  2.487E-14  1.986E-14  1.00E-07
  1.440E+02 2.70735E-20 -9.453E-05  9.907E-11  1.314E-10  2.451E-14  1.958E-14  1.00E-07
  1.445E+02 2.69226E-20 -9.355E-05  9.870E-11  1.311E-10  2.415E-14  1.931E-14  1.00E-07
  1.450E+02 2.67748E-20 -9.256E-05  9.834E-11  1.308E-10  2.378E-14  1.903E-14  1.00E-07
  1.455E+02 2.66300E-20 -9.155E-05  9.798E-11  1.305E-10  2.342E-14  1.875E-14  1.00E-07
  1.460E+02 2.64882E-20 -9.053E-05  9.763E-11  1.302E-10  2.306E-14  1.848E-14  1.00E-07
  1.465E+02 2.63493E-20 -8.950E-05  9.728E-11  1.299E-10  2.270E-14  1.820E-14  1.00E-07
  1.470E+02 2.62133E-20 -8.845E-05  9.695E-11  1.297E-10  2.234E-14  1.792E-14  1.00E-07
  1.475E+02 2.60802E-20 -8.739E-05  9.661E-11  1.294E-10  2.198E-14  1.765E-14  1.00E-07
  1.480E+02 2.59498E-20 -8.632E-05  9.629E-11  1.291E-10  2.162E-14  1.737E-14  1.00E-07
  1.485E+02 2.58222E-20 -8.524E-05  9.597E-11  1.289E-10  2.127E-14  1.710E-14  1.00E-07
  1.490E+02 2.56974E-20 -8.415E-05  9.566E-11  1.286E-10  2.091E-14  1.682E-14  1.00E-07
  1.495E+02 2.55752E-20 -8.304E-05  9.535E-11  1.284E-10  2.056E-14  1.655E-14  1.00E-07
  1.500E+02 2.54556E-20 -8.192E-05  9.505E-11  1.281E-10  2.021E-14  1.627E-14  1.00E-07
  1.505E+02 2.53387E-20 -8.079E-05  9.475E-11  1.279E-10  1.985E-14  1.600E-14  1.00E-07
  1.510E+02 2.52243E-20 -7.965E-05  9.447E-11  1.277E-10  1.950E-14  1.572E-14  1.00E-07
  1.515E+02 2.51125E-20 -7.850E-05  9.418E-11  1.274E-10  1.915E-14  1.545E-14  1.00E-07
  1.520E+02 2.50032E-20 -7.733E-05  9.391E-11  1.272E-10  1.880E-14  1.517E-14  1.05E-07
  1.525E+02 2.48963E-20 -7.616E-05  9.364E-11  1.270E-10  1.845E-14  1.490E-14  1.00E-07
  1.530E+02 2.47919E-20 -7.497E-05  9.337E-11  1.268E-10  1.810E-14  1.463E-14  1.00E-07
  1.535E+02 2.46899E-20 -7.378E-05  9.311E-11  1.266E-10  1.775E-14  1.435E-14  1.00E-07
  1.540E+02 2.45903E-20 -7.257E-05  9.286E-11  1.264E-10  1.741E-14  1.408E-14  1.00E-07
  1.545E+02 2.44930E-20 -7.135E-05  9.261E-11  1.262E-10  1.706E-14  1.380E-14  1.00E-07
  1.550E+02 2.43981E-20 -7.013E-05  9.237E-11  1.260E-10  1.671E-14  1.353E-14  1.00E-07
  1.555E+02 2.43055E-20 -6.889E-05  9.213E-11  1.258E-10  1.637E-14  1.326E-14  1.11E-07
  1.560E+02 2.42151E-20 -6.764E-05  9.190E-11  1.256E-10  1.602E-14  1.299E-14  1.14E-07
  1.565E+02 2.41269E-20 -6.639E-05  9.167E-11  1.254E-10  1.568E-14  1.271E-14  1.00E-07
  1.570E+02 2.40410E-20 -6.512E-05  9.145E-11  1.252E-10  1.534E-14  1.244E-14  1.00E-07
  1.575E+02 2.39573E-20 -6.385E-05  9.123E-11  1.250E-10  1.499E-14  1.217E-14  1.00E-07
  1.580E+02 2.38757E-20 -6.256E-05  9.102E-11  1.249E-10  1.465E-14  1.189E-14  1.00E-07
  1.585E+02 2.37963E-20 -6.127E-05  9.082E-11  1.247E-10  1.431E-14  1.162E-14  1.00E-07
  1.590E+02 2.37190E-20 -5.997E-05  9.062E-11  1.245E-10  1.397E-14  1.135E-14  1.06E-07
  1.595E+02 2.36438E-20 -5.866E-05  9.042E-11  1.244E-10  1.363E-14  1.108E-14  1.25E-07
  1.600E+02 2.35707E-20 -5.734E-05  9.023E-11  1.242E-10  1.329E-14  1.081E-14  1.23E-07
  1.605E+02 2.34996E-20 -5.601E-05  9.005E-11  1.241E-10  1.295E-14  1.053E-14  1.01E-07
  1.610E+02 2.34306E-20 -5.468E-05  8.987E-11  1.239E-10  1.261E-14  1.026E-14  1.00E-07
  1.615E+02 2.33636E-20 -5.333E-05  8.970E-11  1.238E-10  1.228E-14  9.992E-15  1.00E-07
  1.620E+02 2.32986E-20 -5.198E-05  8.953E-11  1.236E-10  1.194E-14  9.720E-15  1.00E-07
  1.625E+02 2.32356E-20 -5.063E-05  8.936E-11  1.235E-10  1.160E-14  9.449E-15  1.00E-07
  1.630E+02 2.31745E-20 -4.926E-05  8.920E-11  1.234E-10  1.126E-14  9.178E-15  1.26E-07
  1.635E+02 2.31154E-20 -4.789E-05  8.905E-11  1.232E-10  1.093E-14  8.907E-15  1.41E-07
  1.640E+02 2.30583E-20 -4.651E-05  8.890E-11  1.231E-10  1.059E-14  8.636E-15  1.34E-07
  1.645E+02 2.30030E-20 -4.513E-05  8.876E-11  1.230E-10  1.026E-14  8.365E-15  1.04E-07
  1.650E+02 2.29496E-20 -4.374E-05  8.862E-11  1.229E-10  9.922E-15  8.094E-15  1.00E-07
  1.655E+02 2.28982E-20 -4.234E-05  8.848E-11  1.228E-10  9.588E-15  7.824E-15  1.00E-07
  1.660E+02 2.28486E-20 -4.093E-05  8.835E-11  1.226E-10  9.254E-15  7.553E-15  1.00E-07
  1.665E+02 2.28008E-20 -3.952E-05  8.823E-11  1.225E-10  8.920E-15  7.282E-15  1.16E-07
  1.670E+02 2.27549E-20 -3.811E-05  8.810E-11  1.224E-10  8.586E-15  7.012E-15  1.51E-07
  1.675E+02 2.27109E-20 -3.669E-05  8.799E-11  1.223E-10  8.253E-15  6.742E-15  1.63E-07
  1.680E+02 2.26686E-20 -3.526E-05  8.788E-11  1.223E-10  7.921E-15  6.471E-15  1.48E-07
  1.685E+02 2.26282E-20 -3.383E-05  8.777E-11  1.222E-10  7.588E-15  6.201E-15  1.07E-07
  1.690E+02 2.25896E-20 -3.239E-05  8.767E-11  1.221E-10  7.256E-15  5.931E-15  1.00E-07
  1.695E+02 2.25527E-20 -3.095E-05  8.757E-11  1.220E-10  6.925E-15  5.661E-15  1.00E-07
  1.700E+02 2.25177E-20 -2.951E-05  8.748E-11  1.219E-10  6.593E-15  5.391E-15  1.00E-07
  1.705E+02 2.24844E-20 -2.806E-05  8.739E-11  1.218E-10  6.262E-15  5.121E-15  1.52E-07
  1.710E+02 2.24528E-20 -2.661E-05  8.731E-11  1.218E-10  5.931E-15  4.851E-15  1.88E-07
  1.715E+02 2.24230E-20 -2.515E-05  8.723E-11  1.217E-10  5.600E-15  4.581E-15  1.95E-07
  1.720E+02 2.23950E-20 -2.369E-05  8.716E-11  1.217E-10  5.269E-15  4.312E-15  1.70E-07
  1.725E+02 2.23687E-20 -2.222E-05  8.709E-11  1.216E-10  4.939E-15  4.042E-15  1.14E-07
  1.730E+02 2.23441E-20 -2.076E-05  8.702E-11  1.215E-10  4.609E-15  3.772E-15  1.00E-07
  1.735E+02 2.23213E-20 -1.929E-05  8.696E-11  1.215E-10  4.279E-15  3.503E-15  1.00E-07
  1.740E+02 2.23001E-20 -1.781E-05  8.690E-11  1.214E-10  3.949E-15  3.233E-15  1.44E-07
  1.745E+02 2.22807E-20 -1.634E-05  8.685E-11  1.214E-10  3.620E-15  2.963E-15  2.16E-07
  1.750E+02 2.22630E-20 -1.486E-05  8.681E-11  1.214E-10  3.290E-15  2.694E-15  2.58E-07
  1.755E+02 2.22470E-20 -1.338E-05  8.676E-11  1.213E-10  2.961E-15  2.424E-15  2.60E-07
  1.760E+02 2.22327E-20 -1.190E-05  8.673E-11  1.213E-10  2.631E-15  2.155E-15  2.18E-07
  1.765E+02 2.22200E-20 -1.041E-05  8.669E-11  1.213E-10  2.302E-15  1.886E-15  1.32E-07
  1.770E+02 2.22091E-20 -8.930E-06  8.666E-11  1.212E-10  1.973E-15  1.616E-15  1.00E-07
  1.775E+02 2.21999E-20 -7.443E-06  8.664E-11  1.212E-10  1.644E-15  1.347E-15  1.36E-07
  1.780E+02 2.21923E-20 -5.956E-06  8.662E-11  1.212E-10  1.315E-15  1.077E-15  2.90E-07
  1.785E+02 2.21864E-20 -4.468E-06  8.660E-11  1.212E-10  9.864E-16  8.080E-16  4.35E-07
  1.790E+02 2.21822E-20 -2.979E-06  8.659E-11  1.212E-10  6.576E-16  5.387E-16  5.53E-07
  1.795E+02 2.21797E-20 -1.490E-06  8.658E-11  1.212E-10  3.288E-16  2.693E-16  6.30E-07
  1.800E+02 2.21789E-20 -2.090E-20  8.658E-11  1.212E-10  4.614E-30  3.780E-30  6.57E-07

  TOTAL ELASTIC CROSS SECTION = 1.183459E-17 cm**2
               FROM DCS TABLE = 1.183424E-17  (REL. DIF. = 2.95E-05)

  1ST TRANSPORT CROSS SECTION = 1.717902E-18 cm**2
               FROM DCS TABLE = 1.717877E-18  (REL. DIF. = 1.44E-05)

  2ND TRANSPORT CROSS SECTION = 3.621890E-18 cm**2

  **** DPWA0 ENDED ************************************************************

