

  **** PARTIAL WAVE ANALYSIS (DPWA0) ******************************************


  KINETIC ENERGY = 2.96000E+02 eV

      L       PHASE(SPIN UP)     PHASE(SPIN DOWN)
  -----------------------------------------------
       0     -3.31238528E-01      0.00000000E+00
       1      1.52909993E+00      1.53120541E+00
       2      8.11761930E-01      8.12262244E-01
       3      4.41117301E-01      4.41317620E-01
       4      2.43626511E-01      2.43722744E-01
       5      1.36884624E-01      1.36934563E-01
       6      7.81568064E-02      7.81838846E-02
       7      4.52429140E-02      4.52580275E-02
       8      2.64911955E-02      2.64998066E-02
       9      1.56595328E-02      1.56645152E-02
      10      9.33058684E-03      9.33350451E-03
      11      5.59698102E-03      5.59870617E-03
      12      3.37658301E-03      3.37761121E-03
      13      2.04701281E-03      2.04762971E-03
      14      1.24618577E-03      1.24655801E-03
      15      7.61394800E-04      7.61620492E-04
      16      4.66643349E-04      4.66780759E-04
      17      2.86762562E-04      2.86846521E-04
      18      1.76629108E-04      1.76680567E-04
      19      1.09010189E-04      1.09041813E-04
      20      6.73935891E-05      6.74130672E-05
      21      4.17267855E-05      4.17388068E-05
      22      2.58683387E-05      2.58757706E-05
      23      1.60547708E-05      1.60593722E-05
      24      9.97371406E-06      9.97656662E-06
      25      6.20113690E-06      6.20290726E-06
      26      3.85833138E-06      3.85943116E-06
      27      2.40215162E-06      2.40283540E-06
      28      1.49636879E-06      1.49679422E-06
      29      9.32575032E-07      9.32839901E-07
      30      5.81446231E-07      5.81611219E-07
      31      3.62654752E-07      3.62757575E-07
      32      2.26264147E-07      2.26328256E-07
      33      1.41208075E-07      1.41248058E-07
      34      8.81475253E-08      8.81724673E-08
      35      5.50370544E-08      5.50526270E-08
      36      3.43702734E-08      3.43799892E-08
      37      2.14676358E-08      2.14737026E-08
      38      1.34106374E-08      1.34144231E-08
      39      8.37863543E-09      8.38100613E-09
      40      5.23537211E-09      5.23685089E-09
      41      3.27160722E-09      3.27252774E-09
      42      2.04462123E-09      2.04520293E-09
      43      1.27793828E-09      1.27829892E-09
      44      7.98781180E-10      7.99004403E-10
      45      4.99263960E-10      4.99404870E-10


  *** SCATTERING AMPLITUDES AND DIFFERENTIAL CROSS SECTION ***

    ANGLE      DCS       ASYMMETRY    DIRECT AMPLITUDE       SPIN-FLIP AMPLITUDE     ERROR
    (deg)   (cm**2/sr)                      (cm)                    (cm)
  -------------------------------------------------------------------------------------------
  0.000E+00 2.53265E-16  0.000E+00  1.318E-08  8.926E-09  0.000E+00  0.000E+00  1.00E-07
  1.000E-04 2.53265E-16  3.935E-10  1.318E-08  8.926E-09  4.374E-18  6.745E-18  1.00E-07
  1.250E-04 2.53265E-16  4.918E-10  1.318E-08  8.926E-09  5.467E-18  8.431E-18  1.00E-07
  1.500E-04 2.53265E-16  5.902E-10  1.318E-08  8.926E-09  6.561E-18  1.012E-17  1.00E-07
  1.750E-04 2.53265E-16  6.886E-10  1.318E-08  8.926E-09  7.654E-18  1.180E-17  1.00E-07
  2.000E-04 2.53265E-16  7.869E-10  1.318E-08  8.926E-09  8.748E-18  1.349E-17  1.00E-07
  2.250E-04 2.53265E-16  8.853E-10  1.318E-08  8.926E-09  9.841E-18  1.518E-17  1.00E-07
  2.500E-04 2.53265E-16  9.837E-10  1.318E-08  8.926E-09  1.093E-17  1.686E-17  1.00E-07
  2.750E-04 2.53265E-16  1.082E-09  1.318E-08  8.926E-09  1.203E-17  1.855E-17  1.00E-07
  3.000E-04 2.53265E-16  1.180E-09  1.318E-08  8.926E-09  1.312E-17  2.023E-17  1.00E-07
  3.250E-04 2.53265E-16  1.279E-09  1.318E-08  8.926E-09  1.422E-17  2.192E-17  1.00E-07
  3.500E-04 2.53265E-16  1.377E-09  1.318E-08  8.926E-09  1.531E-17  2.361E-17  1.00E-07
  3.750E-04 2.53265E-16  1.476E-09  1.318E-08  8.926E-09  1.640E-17  2.529E-17  1.00E-07
  4.000E-04 2.53265E-16  1.574E-09  1.318E-08  8.926E-09  1.750E-17  2.698E-17  1.00E-07
  4.250E-04 2.53265E-16  1.672E-09  1.318E-08  8.926E-09  1.859E-17  2.866E-17  1.00E-07
  4.500E-04 2.53265E-16  1.771E-09  1.318E-08  8.926E-09  1.968E-17  3.035E-17  1.00E-07
  4.750E-04 2.53265E-16  1.869E-09  1.318E-08  8.926E-09  2.078E-17  3.204E-17  1.00E-07
  5.000E-04 2.53265E-16  1.967E-09  1.318E-08  8.926E-09  2.187E-17  3.372E-17  1.00E-07
  5.250E-04 2.53265E-16  2.066E-09  1.318E-08  8.926E-09  2.296E-17  3.541E-17  1.00E-07
  5.500E-04 2.53265E-16  2.164E-09  1.318E-08  8.926E-09  2.406E-17  3.710E-17  1.00E-07
  5.750E-04 2.53265E-16  2.262E-09  1.318E-08  8.926E-09  2.515E-17  3.878E-17  1.00E-07
  6.000E-04 2.53265E-16  2.361E-09  1.318E-08  8.926E-09  2.624E-17  4.047E-17  1.00E-07
  6.250E-04 2.53265E-16  2.459E-09  1.318E-08  8.926E-09  2.734E-17  4.215E-17  1.00E-07
  6.500E-04 2.53265E-16  2.558E-09  1.318E-08  8.926E-09  2.843E-17  4.384E-17  1.00E-07
  6.750E-04 2.53265E-16  2.656E-09  1.318E-08  8.926E-09  2.952E-17  4.553E-17  1.00E-07
  7.000E-04 2.53265E-16  2.754E-09  1.318E-08  8.926E-09  3.062E-17  4.721E-17  1.00E-07
  7.250E-04 2.53265E-16  2.853E-09  1.318E-08  8.926E-09  3.171E-17  4.890E-17  1.00E-07
  7.500E-04 2.53265E-16  2.951E-09  1.318E-08  8.926E-09  3.280E-17  5.058E-17  1.00E-07
  7.750E-04 2.53265E-16  3.049E-09  1.318E-08  8.926E-09  3.390E-17  5.227E-17  1.00E-07
  8.000E-04 2.53265E-16  3.148E-09  1.318E-08  8.926E-09  3.499E-17  5.396E-17  1.00E-07
  8.250E-04 2.53265E-16  3.246E-09  1.318E-08  8.926E-09  3.608E-17  5.564E-17  1.00E-07
  8.500E-04 2.53265E-16  3.344E-09  1.318E-08  8.926E-09  3.718E-17  5.733E-17  1.00E-07
  8.750E-04 2.53265E-16  3.443E-09  1.318E-08  8.926E-09  3.827E-17  5.902E-17  1.00E-07
  9.000E-04 2.53265E-16  3.541E-09  1.318E-08  8.926E-09  3.937E-17  6.070E-17  1.00E-07
  9.250E-04 2.53265E-16  3.640E-09  1.318E-08  8.926E-09  4.046E-17  6.239E-17  1.00E-07
  9.500E-04 2.53265E-16  3.738E-09  1.318E-08  8.926E-09  4.155E-17  6.407E-17  1.00E-07
  9.750E-04 2.53265E-16  3.836E-09  1.318E-08  8.926E-09  4.265E-17  6.576E-17  1.00E-07
  1.000E-03 2.53265E-16  3.935E-09  1.318E-08  8.926E-09  4.374E-17  6.745E-17  1.00E-07
  1.250E-03 2.53265E-16  4.918E-09  1.318E-08  8.926E-09  5.467E-17  8.431E-17  1.00E-07
  1.500E-03 2.53265E-16  5.902E-09  1.318E-08  8.926E-09  6.561E-17  1.012E-16  1.00E-07
  1.750E-03 2.53265E-16  6.886E-09  1.318E-08  8.926E-09  7.654E-17  1.180E-16  1.00E-07
  2.000E-03 2.53265E-16  7.869E-09  1.318E-08  8.926E-09  8.748E-17  1.349E-16  1.00E-07
  2.250E-03 2.53265E-16  8.853E-09  1.318E-08  8.926E-09  9.841E-17  1.518E-16  1.00E-07
  2.500E-03 2.53265E-16  9.837E-09  1.318E-08  8.926E-09  1.093E-16  1.686E-16  1.00E-07
  2.750E-03 2.53265E-16  1.082E-08  1.318E-08  8.926E-09  1.203E-16  1.855E-16  1.00E-07
  3.000E-03 2.53265E-16  1.180E-08  1.318E-08  8.926E-09  1.312E-16  2.023E-16  1.00E-07
  3.250E-03 2.53265E-16  1.279E-08  1.318E-08  8.926E-09  1.422E-16  2.192E-16  1.00E-07
  3.500E-03 2.53265E-16  1.377E-08  1.318E-08  8.926E-09  1.531E-16  2.361E-16  1.00E-07
  3.750E-03 2.53265E-16  1.476E-08  1.318E-08  8.926E-09  1.640E-16  2.529E-16  1.00E-07
  4.000E-03 2.53265E-16  1.574E-08  1.318E-08  8.926E-09  1.750E-16  2.698E-16  1.00E-07
  4.250E-03 2.53265E-16  1.672E-08  1.318E-08  8.926E-09  1.859E-16  2.866E-16  1.00E-07
  4.500E-03 2.53265E-16  1.771E-08  1.318E-08  8.926E-09  1.968E-16  3.035E-16  1.00E-07
  4.750E-03 2.53265E-16  1.869E-08  1.318E-08  8.926E-09  2.078E-16  3.204E-16  1.00E-07
  5.000E-03 2.53265E-16  1.967E-08  1.318E-08  8.926E-09  2.187E-16  3.372E-16  1.00E-07
  5.250E-03 2.53265E-16  2.066E-08  1.318E-08  8.926E-09  2.296E-16  3.541E-16  1.00E-07
  5.500E-03 2.53265E-16  2.164E-08  1.318E-08  8.926E-09  2.406E-16  3.710E-16  1.00E-07
  5.750E-03 2.53265E-16  2.262E-08  1.318E-08  8.926E-09  2.515E-16  3.878E-16  1.00E-07
  6.000E-03 2.53265E-16  2.361E-08  1.318E-08  8.926E-09  2.624E-16  4.047E-16  1.00E-07
  6.250E-03 2.53265E-16  2.459E-08  1.318E-08  8.926E-09  2.734E-16  4.215E-16  1.00E-07
  6.500E-03 2.53265E-16  2.558E-08  1.318E-08  8.926E-09  2.843E-16  4.384E-16  1.00E-07
  6.750E-03 2.53265E-16  2.656E-08  1.318E-08  8.926E-09  2.952E-16  4.553E-16  1.00E-07
  7.000E-03 2.53265E-16  2.754E-08  1.318E-08  8.926E-09  3.062E-16  4.721E-16  1.00E-07
  7.250E-03 2.53265E-16  2.853E-08  1.318E-08  8.926E-09  3.171E-16  4.890E-16  1.00E-07
  7.500E-03 2.53265E-16  2.951E-08  1.318E-08  8.926E-09  3.280E-16  5.058E-16  1.00E-07
  7.750E-03 2.53265E-16  3.049E-08  1.318E-08  8.926E-09  3.390E-16  5.227E-16  1.00E-07
  8.000E-03 2.53265E-16  3.148E-08  1.318E-08  8.926E-09  3.499E-16  5.396E-16  1.00E-07
  8.250E-03 2.53265E-16  3.246E-08  1.318E-08  8.926E-09  3.608E-16  5.564E-16  1.00E-07
  8.500E-03 2.53265E-16  3.344E-08  1.318E-08  8.926E-09  3.718E-16  5.733E-16  1.00E-07
  8.750E-03 2.53265E-16  3.443E-08  1.318E-08  8.926E-09  3.827E-16  5.902E-16  1.00E-07
  9.000E-03 2.53265E-16  3.541E-08  1.318E-08  8.926E-09  3.937E-16  6.070E-16  1.00E-07
  9.250E-03 2.53265E-16  3.640E-08  1.318E-08  8.926E-09  4.046E-16  6.239E-16  1.00E-07
  9.500E-03 2.53265E-16  3.738E-08  1.318E-08  8.926E-09  4.155E-16  6.407E-16  1.00E-07
  9.750E-03 2.53265E-16  3.836E-08  1.318E-08  8.926E-09  4.265E-16  6.576E-16  1.00E-07
  1.000E-02 2.53265E-16  3.935E-08  1.318E-08  8.926E-09  4.374E-16  6.745E-16  1.00E-07
  1.250E-02 2.53265E-16  4.918E-08  1.318E-08  8.926E-09  5.467E-16  8.431E-16  1.00E-07
  1.500E-02 2.53265E-16  5.902E-08  1.318E-08  8.926E-09  6.561E-16  1.012E-15  1.00E-07
  1.750E-02 2.53265E-16  6.886E-08  1.318E-08  8.926E-09  7.654E-16  1.180E-15  1.00E-07
  2.000E-02 2.53265E-16  7.869E-08  1.318E-08  8.926E-09  8.748E-16  1.349E-15  1.00E-07
  2.250E-02 2.53264E-16  8.853E-08  1.318E-08  8.926E-09  9.841E-16  1.518E-15  1.00E-07
  2.500E-02 2.53264E-16  9.837E-08  1.318E-08  8.926E-09  1.093E-15  1.686E-15  1.00E-07
  2.750E-02 2.53264E-16  1.082E-07  1.318E-08  8.926E-09  1.203E-15  1.855E-15  1.00E-07
  3.000E-02 2.53264E-16  1.180E-07  1.318E-08  8.926E-09  1.312E-15  2.023E-15  1.00E-07
  3.250E-02 2.53264E-16  1.279E-07  1.318E-08  8.926E-09  1.422E-15  2.192E-15  1.00E-07
  3.500E-02 2.53264E-16  1.377E-07  1.318E-08  8.926E-09  1.531E-15  2.361E-15  1.00E-07
  3.750E-02 2.53264E-16  1.476E-07  1.318E-08  8.926E-09  1.640E-15  2.529E-15  1.00E-07
  4.000E-02 2.53263E-16  1.574E-07  1.318E-08  8.926E-09  1.750E-15  2.698E-15  1.00E-07
  4.250E-02 2.53263E-16  1.672E-07  1.318E-08  8.926E-09  1.859E-15  2.866E-15  1.00E-07
  4.500E-02 2.53263E-16  1.771E-07  1.318E-08  8.926E-09  1.968E-15  3.035E-15  1.00E-07
  4.750E-02 2.53263E-16  1.869E-07  1.318E-08  8.926E-09  2.078E-15  3.204E-15  1.00E-07
  5.000E-02 2.53263E-16  1.967E-07  1.318E-08  8.926E-09  2.187E-15  3.372E-15  1.00E-07
  5.250E-02 2.53262E-16  2.066E-07  1.318E-08  8.926E-09  2.296E-15  3.541E-15  1.00E-07
  5.500E-02 2.53262E-16  2.164E-07  1.318E-08  8.926E-09  2.406E-15  3.710E-15  1.00E-07
  5.750E-02 2.53262E-16  2.262E-07  1.318E-08  8.926E-09  2.515E-15  3.878E-15  1.00E-07
  6.000E-02 2.53262E-16  2.361E-07  1.318E-08  8.926E-09  2.624E-15  4.047E-15  1.00E-07
  6.250E-02 2.53261E-16  2.459E-07  1.318E-08  8.926E-09  2.734E-15  4.215E-15  1.00E-07
  6.500E-02 2.53261E-16  2.558E-07  1.318E-08  8.926E-09  2.843E-15  4.384E-15  1.00E-07
  6.750E-02 2.53261E-16  2.656E-07  1.318E-08  8.926E-09  2.952E-15  4.553E-15  1.00E-07
  7.000E-02 2.53260E-16  2.754E-07  1.318E-08  8.926E-09  3.062E-15  4.721E-15  1.00E-07
  7.250E-02 2.53260E-16  2.853E-07  1.318E-08  8.925E-09  3.171E-15  4.890E-15  1.00E-07
  7.500E-02 2.53260E-16  2.951E-07  1.318E-08  8.925E-09  3.280E-15  5.058E-15  1.00E-07
  7.750E-02 2.53259E-16  3.049E-07  1.318E-08  8.925E-09  3.390E-15  5.227E-15  1.00E-07
  8.000E-02 2.53259E-16  3.148E-07  1.318E-08  8.925E-09  3.499E-15  5.396E-15  1.00E-07
  8.250E-02 2.53259E-16  3.246E-07  1.318E-08  8.925E-09  3.608E-15  5.564E-15  1.00E-07
  8.500E-02 2.53258E-16  3.345E-07  1.318E-08  8.925E-09  3.718E-15  5.733E-15  1.00E-07
  8.750E-02 2.53258E-16  3.443E-07  1.318E-08  8.925E-09  3.827E-15  5.902E-15  1.00E-07
  9.000E-02 2.53257E-16  3.541E-07  1.318E-08  8.925E-09  3.936E-15  6.070E-15  1.00E-07
  9.250E-02 2.53257E-16  3.640E-07  1.318E-08  8.925E-09  4.046E-15  6.239E-15  1.00E-07
  9.500E-02 2.53257E-16  3.738E-07  1.318E-08  8.925E-09  4.155E-15  6.407E-15  1.00E-07
  9.750E-02 2.53256E-16  3.836E-07  1.318E-08  8.925E-09  4.264E-15  6.576E-15  1.00E-07
  1.000E-01 2.53256E-16  3.935E-07  1.318E-08  8.925E-09  4.374E-15  6.745E-15  1.00E-07
  1.250E-01 2.53250E-16  4.919E-07  1.318E-08  8.925E-09  5.467E-15  8.431E-15  1.00E-07
  1.500E-01 2.53244E-16  5.902E-07  1.318E-08  8.925E-09  6.560E-15  1.012E-14  1.00E-07
  1.750E-01 2.53237E-16  6.886E-07  1.317E-08  8.925E-09  7.653E-15  1.180E-14  1.00E-07
  2.000E-01 2.53228E-16  7.870E-07  1.317E-08  8.925E-09  8.746E-15  1.349E-14  1.00E-07
  2.250E-01 2.53218E-16  8.854E-07  1.317E-08  8.925E-09  9.839E-15  1.518E-14  1.00E-07
  2.500E-01 2.53207E-16  9.838E-07  1.317E-08  8.925E-09  1.093E-14  1.686E-14  1.00E-07
  2.750E-01 2.53195E-16  1.082E-06  1.317E-08  8.925E-09  1.202E-14  1.855E-14  1.00E-07
  3.000E-01 2.53182E-16  1.181E-06  1.317E-08  8.925E-09  1.312E-14  2.023E-14  1.00E-07
  3.250E-01 2.53167E-16  1.279E-06  1.317E-08  8.925E-09  1.421E-14  2.192E-14  1.00E-07
  3.500E-01 2.53152E-16  1.377E-06  1.317E-08  8.925E-09  1.530E-14  2.360E-14  1.00E-07
  3.750E-01 2.53135E-16  1.476E-06  1.317E-08  8.925E-09  1.639E-14  2.529E-14  1.00E-07
  4.000E-01 2.53117E-16  1.574E-06  1.317E-08  8.925E-09  1.748E-14  2.698E-14  1.00E-07
  4.250E-01 2.53098E-16  1.673E-06  1.317E-08  8.925E-09  1.858E-14  2.866E-14  1.00E-07
  4.500E-01 2.53078E-16  1.771E-06  1.317E-08  8.924E-09  1.967E-14  3.035E-14  1.00E-07
  4.750E-01 2.53057E-16  1.870E-06  1.317E-08  8.924E-09  2.076E-14  3.203E-14  1.00E-07
  5.000E-01 2.53034E-16  1.968E-06  1.317E-08  8.924E-09  2.185E-14  3.372E-14  1.00E-07
  5.250E-01 2.53011E-16  2.067E-06  1.317E-08  8.924E-09  2.294E-14  3.540E-14  1.00E-07
  5.500E-01 2.52986E-16  2.165E-06  1.317E-08  8.924E-09  2.403E-14  3.709E-14  1.00E-07
  5.750E-01 2.52960E-16  2.264E-06  1.317E-08  8.924E-09  2.512E-14  3.878E-14  1.00E-07
  6.000E-01 2.52933E-16  2.363E-06  1.316E-08  8.924E-09  2.621E-14  4.046E-14  1.00E-07
  6.250E-01 2.52905E-16  2.461E-06  1.316E-08  8.923E-09  2.730E-14  4.215E-14  1.00E-07
  6.500E-01 2.52876E-16  2.560E-06  1.316E-08  8.923E-09  2.838E-14  4.383E-14  1.00E-07
  6.750E-01 2.52845E-16  2.658E-06  1.316E-08  8.923E-09  2.947E-14  4.552E-14  1.00E-07
  7.000E-01 2.52814E-16  2.757E-06  1.316E-08  8.923E-09  3.056E-14  4.720E-14  1.00E-07
  7.250E-01 2.52781E-16  2.856E-06  1.316E-08  8.923E-09  3.165E-14  4.889E-14  1.00E-07
  7.500E-01 2.52747E-16  2.954E-06  1.316E-08  8.923E-09  3.273E-14  5.057E-14  1.00E-07
  7.750E-01 2.52712E-16  3.053E-06  1.316E-08  8.922E-09  3.382E-14  5.226E-14  1.00E-07
  8.000E-01 2.52676E-16  3.152E-06  1.316E-08  8.922E-09  3.491E-14  5.394E-14  1.00E-07
  8.250E-01 2.52638E-16  3.251E-06  1.315E-08  8.922E-09  3.599E-14  5.563E-14  1.00E-07
  8.500E-01 2.52600E-16  3.349E-06  1.315E-08  8.922E-09  3.708E-14  5.731E-14  1.00E-07
  8.750E-01 2.52560E-16  3.448E-06  1.315E-08  8.922E-09  3.816E-14  5.899E-14  1.00E-07
  9.000E-01 2.52519E-16  3.547E-06  1.315E-08  8.921E-09  3.924E-14  6.068E-14  1.00E-07
  9.250E-01 2.52477E-16  3.646E-06  1.315E-08  8.921E-09  4.033E-14  6.236E-14  1.00E-07
  9.500E-01 2.52434E-16  3.745E-06  1.315E-08  8.921E-09  4.141E-14  6.405E-14  1.00E-07
  9.750E-01 2.52390E-16  3.844E-06  1.315E-08  8.921E-09  4.249E-14  6.573E-14  1.00E-07
  1.000E+00 2.52345E-16  3.943E-06  1.314E-08  8.920E-09  4.357E-14  6.741E-14  1.00E-07
  1.100E+00 2.52152E-16  4.339E-06  1.314E-08  8.919E-09  4.789E-14  7.415E-14  1.00E-07
  1.200E+00 2.51942E-16  4.735E-06  1.313E-08  8.918E-09  5.220E-14  8.088E-14  1.00E-07
  1.300E+00 2.51713E-16  5.132E-06  1.312E-08  8.917E-09  5.649E-14  8.761E-14  1.00E-07
  1.400E+00 2.51466E-16  5.530E-06  1.311E-08  8.915E-09  6.078E-14  9.434E-14  1.00E-07
  1.500E+00 2.51201E-16  5.929E-06  1.311E-08  8.914E-09  6.504E-14  1.011E-13  1.00E-07
  1.600E+00 2.50919E-16  6.328E-06  1.310E-08  8.912E-09  6.930E-14  1.078E-13  1.00E-07
  1.700E+00 2.50618E-16  6.728E-06  1.309E-08  8.910E-09  7.354E-14  1.145E-13  1.00E-07
  1.800E+00 2.50300E-16  7.129E-06  1.307E-08  8.909E-09  7.776E-14  1.212E-13  1.00E-07
  1.900E+00 2.49965E-16  7.530E-06  1.306E-08  8.907E-09  8.196E-14  1.279E-13  1.00E-07
  2.000E+00 2.49612E-16  7.933E-06  1.305E-08  8.905E-09  8.615E-14  1.346E-13  1.00E-07
  2.100E+00 2.49241E-16  8.336E-06  1.304E-08  8.903E-09  9.031E-14  1.413E-13  1.00E-07
  2.200E+00 2.48854E-16  8.741E-06  1.302E-08  8.900E-09  9.445E-14  1.480E-13  1.00E-07
  2.300E+00 2.48449E-16  9.146E-06  1.301E-08  8.898E-09  9.858E-14  1.547E-13  1.00E-07
  2.400E+00 2.48027E-16  9.553E-06  1.300E-08  8.896E-09  1.027E-13  1.614E-13  1.00E-07
  2.500E+00 2.47588E-16  9.961E-06  1.298E-08  8.893E-09  1.068E-13  1.681E-13  1.00E-07
  2.600E+00 2.47133E-16  1.037E-05  1.297E-08  8.890E-09  1.108E-13  1.748E-13  1.00E-07
  2.700E+00 2.46660E-16  1.078E-05  1.295E-08  8.888E-09  1.148E-13  1.815E-13  1.00E-07
  2.800E+00 2.46171E-16  1.119E-05  1.293E-08  8.885E-09  1.188E-13  1.882E-13  1.00E-07
  2.900E+00 2.45666E-16  1.160E-05  1.291E-08  8.882E-09  1.228E-13  1.948E-13  1.00E-07
  3.000E+00 2.45145E-16  1.202E-05  1.290E-08  8.879E-09  1.268E-13  2.015E-13  1.00E-07
  3.100E+00 2.44607E-16  1.243E-05  1.288E-08  8.876E-09  1.307E-13  2.082E-13  1.00E-07
  3.200E+00 2.44054E-16  1.285E-05  1.286E-08  8.872E-09  1.346E-13  2.148E-13  1.00E-07
  3.300E+00 2.43484E-16  1.327E-05  1.284E-08  8.869E-09  1.384E-13  2.214E-13  1.00E-07
  3.400E+00 2.42899E-16  1.369E-05  1.282E-08  8.865E-09  1.422E-13  2.281E-13  1.00E-07
  3.500E+00 2.42299E-16  1.411E-05  1.280E-08  8.862E-09  1.460E-13  2.347E-13  1.00E-07
  3.600E+00 2.41683E-16  1.454E-05  1.278E-08  8.858E-09  1.498E-13  2.413E-13  1.00E-07
  3.700E+00 2.41052E-16  1.496E-05  1.275E-08  8.854E-09  1.535E-13  2.480E-13  1.00E-07
  3.800E+00 2.40406E-16  1.539E-05  1.273E-08  8.850E-09  1.572E-13  2.546E-13  1.00E-07
  3.900E+00 2.39745E-16  1.582E-05  1.271E-08  8.847E-09  1.609E-13  2.612E-13  1.00E-07
  4.000E+00 2.39070E-16  1.625E-05  1.268E-08  8.842E-09  1.645E-13  2.678E-13  1.00E-07
  4.100E+00 2.38380E-16  1.668E-05  1.266E-08  8.838E-09  1.681E-13  2.744E-13  1.00E-07
  4.200E+00 2.37676E-16  1.712E-05  1.263E-08  8.834E-09  1.716E-13  2.810E-13  1.00E-07
  4.300E+00 2.36958E-16  1.755E-05  1.261E-08  8.830E-09  1.751E-13  2.875E-13  1.00E-07
  4.400E+00 2.36226E-16  1.799E-05  1.258E-08  8.825E-09  1.786E-13  2.941E-13  1.00E-07
  4.500E+00 2.35481E-16  1.843E-05  1.256E-08  8.820E-09  1.820E-13  3.007E-13  1.00E-07
  4.600E+00 2.34722E-16  1.887E-05  1.253E-08  8.816E-09  1.854E-13  3.072E-13  1.00E-07
  4.700E+00 2.33949E-16  1.932E-05  1.250E-08  8.811E-09  1.887E-13  3.138E-13  1.00E-07
  4.800E+00 2.33164E-16  1.977E-05  1.247E-08  8.806E-09  1.920E-13  3.203E-13  1.00E-07
  4.900E+00 2.32365E-16  2.022E-05  1.245E-08  8.801E-09  1.953E-13  3.268E-13  1.00E-07
  5.000E+00 2.31554E-16  2.067E-05  1.242E-08  8.796E-09  1.985E-13  3.333E-13  1.00E-07
  5.100E+00 2.30731E-16  2.113E-05  1.239E-08  8.791E-09  2.017E-13  3.398E-13  1.00E-07
  5.200E+00 2.29895E-16  2.158E-05  1.236E-08  8.786E-09  2.048E-13  3.463E-13  1.00E-07
  5.300E+00 2.29048E-16  2.204E-05  1.233E-08  8.780E-09  2.079E-13  3.528E-13  1.00E-07
  5.400E+00 2.28188E-16  2.250E-05  1.230E-08  8.775E-09  2.109E-13  3.593E-13  1.00E-07
  5.500E+00 2.27317E-16  2.297E-05  1.226E-08  8.769E-09  2.139E-13  3.658E-13  1.00E-07
  5.600E+00 2.26434E-16  2.344E-05  1.223E-08  8.763E-09  2.168E-13  3.722E-13  1.00E-07
  5.700E+00 2.25541E-16  2.391E-05  1.220E-08  8.758E-09  2.197E-13  3.787E-13  1.00E-07
  5.800E+00 2.24636E-16  2.438E-05  1.217E-08  8.752E-09  2.225E-13  3.851E-13  1.00E-07
  5.900E+00 2.23721E-16  2.486E-05  1.213E-08  8.746E-09  2.253E-13  3.916E-13  1.00E-07
  6.000E+00 2.22795E-16  2.534E-05  1.210E-08  8.740E-09  2.280E-13  3.980E-13  1.00E-07
  6.100E+00 2.21859E-16  2.582E-05  1.207E-08  8.734E-09  2.307E-13  4.044E-13  1.00E-07
  6.200E+00 2.20913E-16  2.630E-05  1.203E-08  8.727E-09  2.334E-13  4.108E-13  1.00E-07
  6.300E+00 2.19957E-16  2.679E-05  1.200E-08  8.721E-09  2.360E-13  4.172E-13  1.00E-07
  6.400E+00 2.18991E-16  2.728E-05  1.196E-08  8.714E-09  2.385E-13  4.235E-13  1.00E-07
  6.500E+00 2.18016E-16  2.778E-05  1.192E-08  8.708E-09  2.410E-13  4.299E-13  1.00E-07
  6.600E+00 2.17032E-16  2.827E-05  1.189E-08  8.701E-09  2.434E-13  4.362E-13  1.00E-07
  6.700E+00 2.16039E-16  2.877E-05  1.185E-08  8.695E-09  2.458E-13  4.426E-13  1.00E-07
  6.800E+00 2.15037E-16  2.928E-05  1.181E-08  8.688E-09  2.481E-13  4.489E-13  1.00E-07
  6.900E+00 2.14027E-16  2.979E-05  1.178E-08  8.681E-09  2.503E-13  4.552E-13  1.00E-07
  7.000E+00 2.13009E-16  3.030E-05  1.174E-08  8.674E-09  2.525E-13  4.615E-13  1.00E-07
  7.100E+00 2.11983E-16  3.081E-05  1.170E-08  8.667E-09  2.547E-13  4.678E-13  1.00E-07
  7.200E+00 2.10949E-16  3.133E-05  1.166E-08  8.659E-09  2.568E-13  4.741E-13  1.00E-07
  7.300E+00 2.09907E-16  3.185E-05  1.162E-08  8.652E-09  2.588E-13  4.803E-13  1.00E-07
  7.400E+00 2.08858E-16  3.238E-05  1.158E-08  8.645E-09  2.608E-13  4.866E-13  1.00E-07
  7.500E+00 2.07802E-16  3.290E-05  1.154E-08  8.637E-09  2.627E-13  4.928E-13  1.00E-07
  7.600E+00 2.06739E-16  3.344E-05  1.150E-08  8.630E-09  2.646E-13  4.990E-13  1.00E-07
  7.700E+00 2.05670E-16  3.397E-05  1.146E-08  8.622E-09  2.664E-13  5.053E-13  1.00E-07
  7.800E+00 2.04594E-16  3.451E-05  1.142E-08  8.614E-09  2.681E-13  5.115E-13  1.00E-07
  7.900E+00 2.03512E-16  3.506E-05  1.138E-08  8.606E-09  2.698E-13  5.176E-13  1.00E-07
  8.000E+00 2.02424E-16  3.560E-05  1.134E-08  8.598E-09  2.714E-13  5.238E-13  1.00E-07
  8.100E+00 2.01331E-16  3.616E-05  1.129E-08  8.590E-09  2.730E-13  5.300E-13  1.00E-07
  8.200E+00 2.00232E-16  3.671E-05  1.125E-08  8.582E-09  2.745E-13  5.361E-13  1.00E-07
  8.300E+00 1.99127E-16  3.727E-05  1.121E-08  8.574E-09  2.760E-13  5.422E-13  1.00E-07
  8.400E+00 1.98018E-16  3.784E-05  1.116E-08  8.565E-09  2.774E-13  5.483E-13  1.00E-07
  8.500E+00 1.96904E-16  3.841E-05  1.112E-08  8.557E-09  2.787E-13  5.544E-13  1.00E-07
  8.600E+00 1.95785E-16  3.898E-05  1.108E-08  8.548E-09  2.800E-13  5.605E-13  1.00E-07
  8.700E+00 1.94662E-16  3.956E-05  1.103E-08  8.540E-09  2.812E-13  5.666E-13  1.00E-07
  8.800E+00 1.93535E-16  4.014E-05  1.099E-08  8.531E-09  2.823E-13  5.726E-13  1.00E-07
  8.900E+00 1.92404E-16  4.072E-05  1.094E-08  8.522E-09  2.834E-13  5.787E-13  1.00E-07
  9.000E+00 1.91269E-16  4.131E-05  1.090E-08  8.513E-09  2.844E-13  5.847E-13  1.00E-07
  9.100E+00 1.90130E-16  4.191E-05  1.085E-08  8.505E-09  2.854E-13  5.907E-13  1.00E-07
  9.200E+00 1.88988E-16  4.251E-05  1.081E-08  8.495E-09  2.863E-13  5.967E-13  1.00E-07
  9.300E+00 1.87843E-16  4.311E-05  1.076E-08  8.486E-09  2.871E-13  6.026E-13  1.00E-07
  9.400E+00 1.86696E-16  4.372E-05  1.072E-08  8.477E-09  2.879E-13  6.086E-13  1.00E-07
  9.500E+00 1.85545E-16  4.434E-05  1.067E-08  8.468E-09  2.886E-13  6.145E-13  1.00E-07
  9.600E+00 1.84392E-16  4.496E-05  1.062E-08  8.458E-09  2.892E-13  6.205E-13  1.00E-07
  9.700E+00 1.83237E-16  4.558E-05  1.058E-08  8.449E-09  2.898E-13  6.264E-13  1.00E-07
  9.800E+00 1.82080E-16  4.621E-05  1.053E-08  8.439E-09  2.903E-13  6.323E-13  1.00E-07
  9.900E+00 1.80921E-16  4.684E-05  1.048E-08  8.430E-09  2.908E-13  6.381E-13  1.00E-07
  1.000E+01 1.79760E-16  4.748E-05  1.043E-08  8.420E-09  2.912E-13  6.440E-13  1.00E-07
  1.025E+01 1.76852E-16  4.910E-05  1.031E-08  8.395E-09  2.919E-13  6.586E-13  1.00E-07
  1.050E+01 1.73938E-16  5.075E-05  1.019E-08  8.370E-09  2.922E-13  6.730E-13  1.00E-07
  1.075E+01 1.71020E-16  5.244E-05  1.007E-08  8.344E-09  2.921E-13  6.874E-13  1.00E-07
  1.100E+01 1.68102E-16  5.416E-05  9.946E-09  8.318E-09  2.916E-13  7.016E-13  1.00E-07
  1.125E+01 1.65186E-16  5.592E-05  9.821E-09  8.291E-09  2.907E-13  7.157E-13  1.00E-07
  1.150E+01 1.62275E-16  5.771E-05  9.695E-09  8.264E-09  2.894E-13  7.297E-13  1.00E-07
  1.175E+01 1.59371E-16  5.954E-05  9.568E-09  8.236E-09  2.877E-13  7.436E-13  1.00E-07
  1.200E+01 1.56476E-16  6.141E-05  9.440E-09  8.207E-09  2.857E-13  7.574E-13  1.00E-07
  1.225E+01 1.53594E-16  6.332E-05  9.312E-09  8.179E-09  2.832E-13  7.710E-13  1.00E-07
  1.250E+01 1.50726E-16  6.527E-05  9.182E-09  8.149E-09  2.803E-13  7.845E-13  1.00E-07
  1.275E+01 1.47874E-16  6.726E-05  9.052E-09  8.120E-09  2.771E-13  7.979E-13  1.00E-07
  1.300E+01 1.45040E-16  6.930E-05  8.922E-09  8.089E-09  2.734E-13  8.112E-13  1.00E-07
  1.325E+01 1.42227E-16  7.137E-05  8.791E-09  8.059E-09  2.694E-13  8.243E-13  1.00E-07
  1.350E+01 1.39436E-16  7.349E-05  8.660E-09  8.027E-09  2.650E-13  8.373E-13  1.00E-07
  1.375E+01 1.36668E-16  7.565E-05  8.529E-09  7.996E-09  2.602E-13  8.501E-13  1.00E-07
  1.400E+01 1.33925E-16  7.786E-05  8.397E-09  7.964E-09  2.551E-13  8.629E-13  1.00E-07
  1.425E+01 1.31210E-16  8.012E-05  8.265E-09  7.931E-09  2.496E-13  8.755E-13  1.00E-07
  1.450E+01 1.28522E-16  8.242E-05  8.133E-09  7.898E-09  2.437E-13  8.879E-13  1.00E-07
  1.475E+01 1.25865E-16  8.478E-05  8.000E-09  7.865E-09  2.374E-13  9.003E-13  1.00E-07
  1.500E+01 1.23237E-16  8.718E-05  7.868E-09  7.831E-09  2.308E-13  9.124E-13  1.00E-07
  1.525E+01 1.20642E-16  8.963E-05  7.736E-09  7.797E-09  2.239E-13  9.245E-13  1.00E-07
  1.550E+01 1.18079E-16  9.213E-05  7.604E-09  7.762E-09  2.166E-13  9.364E-13  1.00E-07
  1.575E+01 1.15550E-16  9.468E-05  7.472E-09  7.727E-09  2.089E-13  9.481E-13  1.00E-07
  1.600E+01 1.13056E-16  9.729E-05  7.341E-09  7.692E-09  2.009E-13  9.597E-13  1.00E-07
  1.625E+01 1.10597E-16  9.995E-05  7.210E-09  7.656E-09  1.926E-13  9.712E-13  1.00E-07
  1.650E+01 1.08174E-16  1.027E-04  7.079E-09  7.620E-09  1.840E-13  9.825E-13  1.00E-07
  1.675E+01 1.05788E-16  1.054E-04  6.948E-09  7.584E-09  1.750E-13  9.936E-13  1.00E-07
  1.700E+01 1.03439E-16  1.082E-04  6.818E-09  7.547E-09  1.658E-13  1.005E-12  1.00E-07
  1.725E+01 1.01128E-16  1.111E-04  6.688E-09  7.510E-09  1.562E-13  1.015E-12  1.00E-07
  1.750E+01 9.88546E-17  1.141E-04  6.559E-09  7.472E-09  1.463E-13  1.026E-12  1.00E-07
  1.775E+01 9.66197E-17  1.171E-04  6.431E-09  7.434E-09  1.361E-13  1.037E-12  1.00E-07
  1.800E+01 9.44234E-17  1.201E-04  6.303E-09  7.396E-09  1.256E-13  1.047E-12  1.00E-07
  1.825E+01 9.22658E-17  1.232E-04  6.175E-09  7.358E-09  1.149E-13  1.057E-12  1.00E-07
  1.850E+01 9.01472E-17  1.264E-04  6.049E-09  7.319E-09  1.039E-13  1.067E-12  1.00E-07
  1.875E+01 8.80677E-17  1.296E-04  5.923E-09  7.279E-09  9.257E-14  1.077E-12  1.00E-07
  1.900E+01 8.60272E-17  1.329E-04  5.797E-09  7.240E-09  8.100E-14  1.087E-12  1.00E-07
  1.925E+01 8.40257E-17  1.362E-04  5.673E-09  7.200E-09  6.917E-14  1.097E-12  1.00E-07
  1.950E+01 8.20632E-17  1.396E-04  5.549E-09  7.160E-09  5.709E-14  1.106E-12  1.00E-07
  1.975E+01 8.01396E-17  1.431E-04  5.427E-09  7.120E-09  4.477E-14  1.116E-12  1.00E-07
  2.000E+01 7.82546E-17  1.466E-04  5.305E-09  7.079E-09  3.220E-14  1.125E-12  1.00E-07
  2.025E+01 7.64082E-17  1.502E-04  5.184E-09  7.038E-09  1.940E-14  1.134E-12  1.00E-07
  2.050E+01 7.46000E-17  1.539E-04  5.064E-09  6.997E-09  6.371E-15  1.142E-12  1.00E-07
  2.075E+01 7.28298E-17  1.576E-04  4.944E-09  6.956E-09 -6.879E-15  1.151E-12  1.00E-07
  2.100E+01 7.10974E-17  1.614E-04  4.826E-09  6.914E-09 -2.035E-14  1.160E-12  1.00E-07
  2.125E+01 6.94023E-17  1.652E-04  4.709E-09  6.872E-09 -3.402E-14  1.168E-12  1.00E-07
  2.150E+01 6.77443E-17  1.691E-04  4.593E-09  6.830E-09 -4.790E-14  1.176E-12  1.00E-07
  2.175E+01 6.61229E-17  1.731E-04  4.478E-09  6.788E-09 -6.197E-14  1.184E-12  1.00E-07
  2.200E+01 6.45377E-17  1.771E-04  4.364E-09  6.745E-09 -7.624E-14  1.192E-12  1.00E-07
  2.225E+01 6.29884E-17  1.812E-04  4.250E-09  6.702E-09 -9.069E-14  1.200E-12  1.00E-07
  2.250E+01 6.14744E-17  1.853E-04  4.138E-09  6.659E-09 -1.053E-13  1.207E-12  1.00E-07
  2.275E+01 5.99953E-17  1.895E-04  4.027E-09  6.616E-09 -1.201E-13  1.214E-12  1.00E-07
  2.300E+01 5.85507E-17  1.938E-04  3.918E-09  6.573E-09 -1.351E-13  1.222E-12  1.00E-07
  2.325E+01 5.71399E-17  1.981E-04  3.809E-09  6.529E-09 -1.502E-13  1.229E-12  1.00E-07
  2.350E+01 5.57626E-17  2.025E-04  3.701E-09  6.486E-09 -1.655E-13  1.235E-12  1.00E-07
  2.375E+01 5.44182E-17  2.069E-04  3.595E-09  6.442E-09 -1.809E-13  1.242E-12  1.00E-07
  2.400E+01 5.31062E-17  2.114E-04  3.489E-09  6.398E-09 -1.965E-13  1.249E-12  1.00E-07
  2.425E+01 5.18260E-17  2.160E-04  3.385E-09  6.353E-09 -2.122E-13  1.255E-12  1.00E-07
  2.450E+01 5.05771E-17  2.206E-04  3.282E-09  6.309E-09 -2.281E-13  1.261E-12  1.00E-07
  2.475E+01 4.93590E-17  2.252E-04  3.180E-09  6.265E-09 -2.440E-13  1.267E-12  1.00E-07
  2.500E+01 4.81710E-17  2.300E-04  3.080E-09  6.220E-09 -2.601E-13  1.273E-12  1.00E-07
  2.550E+01 4.58834E-17  2.395E-04  2.882E-09  6.130E-09 -2.927E-13  1.284E-12  1.00E-07
  2.600E+01 4.37098E-17  2.493E-04  2.688E-09  6.040E-09 -3.256E-13  1.295E-12  1.00E-07
  2.650E+01 4.16458E-17  2.592E-04  2.500E-09  5.949E-09 -3.590E-13  1.305E-12  1.00E-07
  2.700E+01 3.96867E-17  2.693E-04  2.316E-09  5.859E-09 -3.926E-13  1.314E-12  1.00E-07
  2.750E+01 3.78283E-17  2.795E-04  2.137E-09  5.767E-09 -4.266E-13  1.323E-12  1.00E-07
  2.800E+01 3.60660E-17  2.899E-04  1.963E-09  5.676E-09 -4.609E-13  1.331E-12  1.00E-07
  2.850E+01 3.43956E-17  3.003E-04  1.793E-09  5.584E-09 -4.953E-13  1.338E-12  1.00E-07
  2.900E+01 3.28129E-17  3.109E-04  1.628E-09  5.492E-09 -5.300E-13  1.345E-12  1.00E-07
  2.950E+01 3.13136E-17  3.214E-04  1.468E-09  5.400E-09 -5.648E-13  1.351E-12  1.00E-07
  3.000E+01 2.98939E-17  3.320E-04  1.312E-09  5.308E-09 -5.998E-13  1.356E-12  1.00E-07
  3.050E+01 2.85498E-17  3.426E-04  1.161E-09  5.216E-09 -6.348E-13  1.361E-12  1.00E-07
  3.100E+01 2.72775E-17  3.532E-04  1.014E-09  5.123E-09 -6.700E-13  1.365E-12  1.00E-07
  3.150E+01 2.60734E-17  3.637E-04  8.718E-10  5.031E-09 -7.051E-13  1.369E-12  1.00E-07
  3.200E+01 2.49341E-17  3.741E-04  7.339E-10  4.939E-09 -7.403E-13  1.372E-12  1.00E-07
  3.250E+01 2.38560E-17  3.843E-04  6.003E-10  4.847E-09 -7.754E-13  1.375E-12  1.00E-07
  3.300E+01 2.28361E-17  3.944E-04  4.711E-10  4.755E-09 -8.106E-13  1.376E-12  1.00E-07
  3.350E+01 2.18711E-17  4.042E-04  3.460E-10  4.664E-09 -8.456E-13  1.378E-12  1.00E-07
  3.400E+01 2.09582E-17  4.138E-04  2.251E-10  4.572E-09 -8.806E-13  1.378E-12  1.00E-07
  3.450E+01 2.00945E-17  4.231E-04  1.082E-10  4.481E-09 -9.154E-13  1.379E-12  1.00E-07
  3.500E+01 1.92774E-17  4.321E-04 -4.674E-12  4.391E-09 -9.501E-13  1.378E-12  1.00E-07
  3.550E+01 1.85041E-17  4.407E-04 -1.136E-10  4.300E-09 -9.847E-13  1.377E-12  1.00E-07
  3.600E+01 1.77723E-17  4.489E-04 -2.187E-10  4.210E-09 -1.019E-12  1.376E-12  1.00E-07
  3.650E+01 1.70797E-17  4.567E-04 -3.200E-10  4.120E-09 -1.053E-12  1.374E-12  1.00E-07
  3.700E+01 1.64241E-17  4.640E-04 -4.177E-10  4.031E-09 -1.087E-12  1.371E-12  1.00E-07
  3.750E+01 1.58033E-17  4.707E-04 -5.117E-10  3.942E-09 -1.121E-12  1.368E-12  1.00E-07
  3.800E+01 1.52154E-17  4.769E-04 -6.021E-10  3.854E-09 -1.155E-12  1.365E-12  1.00E-07
  3.850E+01 1.46585E-17  4.824E-04 -6.891E-10  3.766E-09 -1.188E-12  1.361E-12  1.00E-07
  3.900E+01 1.41308E-17  4.873E-04 -7.727E-10  3.679E-09 -1.221E-12  1.356E-12  1.00E-07
  3.950E+01 1.36307E-17  4.916E-04 -8.529E-10  3.592E-09 -1.254E-12  1.351E-12  1.00E-07
  4.000E+01 1.31565E-17  4.951E-04 -9.299E-10  3.506E-09 -1.286E-12  1.346E-12  1.00E-07
  4.050E+01 1.27067E-17  4.979E-04 -1.004E-09  3.420E-09 -1.318E-12  1.340E-12  1.00E-07
  4.100E+01 1.22800E-17  4.999E-04 -1.074E-09  3.335E-09 -1.350E-12  1.334E-12  1.00E-07
  4.150E+01 1.18750E-17  5.011E-04 -1.142E-09  3.251E-09 -1.381E-12  1.327E-12  1.00E-07
  4.200E+01 1.14905E-17  5.015E-04 -1.207E-09  3.168E-09 -1.412E-12  1.320E-12  1.00E-07
  4.250E+01 1.11252E-17  5.010E-04 -1.269E-09  3.085E-09 -1.443E-12  1.312E-12  1.00E-07
  4.300E+01 1.07781E-17  4.996E-04 -1.328E-09  3.002E-09 -1.474E-12  1.304E-12  1.00E-07
  4.350E+01 1.04481E-17  4.974E-04 -1.384E-09  2.921E-09 -1.504E-12  1.296E-12  1.00E-07
  4.400E+01 1.01341E-17  4.942E-04 -1.438E-09  2.840E-09 -1.533E-12  1.287E-12  1.00E-07
  4.450E+01 9.83542E-18  4.901E-04 -1.489E-09  2.760E-09 -1.563E-12  1.278E-12  1.00E-07
  4.500E+01 9.55102E-18  4.850E-04 -1.538E-09  2.681E-09 -1.591E-12  1.268E-12  1.00E-07
  4.550E+01 9.28010E-18  4.790E-04 -1.584E-09  2.602E-09 -1.620E-12  1.259E-12  1.00E-07
  4.600E+01 9.02191E-18  4.720E-04 -1.627E-09  2.525E-09 -1.648E-12  1.248E-12  1.00E-07
  4.650E+01 8.77572E-18  4.640E-04 -1.669E-09  2.448E-09 -1.676E-12  1.238E-12  1.00E-07
  4.700E+01 8.54084E-18  4.551E-04 -1.708E-09  2.372E-09 -1.703E-12  1.227E-12  1.00E-07
  4.750E+01 8.31665E-18  4.452E-04 -1.745E-09  2.296E-09 -1.730E-12  1.216E-12  1.00E-07
  4.800E+01 8.10253E-18  4.342E-04 -1.779E-09  2.222E-09 -1.756E-12  1.205E-12  1.00E-07
  4.850E+01 7.89793E-18  4.223E-04 -1.812E-09  2.148E-09 -1.782E-12  1.193E-12  1.00E-07
  4.900E+01 7.70231E-18  4.094E-04 -1.842E-09  2.076E-09 -1.808E-12  1.181E-12  1.00E-07
  4.950E+01 7.51519E-18  3.955E-04 -1.871E-09  2.004E-09 -1.833E-12  1.168E-12  1.00E-07
  5.000E+01 7.33609E-18  3.807E-04 -1.898E-09  1.933E-09 -1.858E-12  1.156E-12  1.00E-07
  5.050E+01 7.16458E-18  3.649E-04 -1.923E-09  1.862E-09 -1.882E-12  1.143E-12  1.00E-07
  5.100E+01 7.00024E-18  3.481E-04 -1.946E-09  1.793E-09 -1.906E-12  1.130E-12  1.00E-07
  5.150E+01 6.84270E-18  3.303E-04 -1.967E-09  1.724E-09 -1.929E-12  1.117E-12  1.00E-07
  5.200E+01 6.69159E-18  3.117E-04 -1.987E-09  1.657E-09 -1.952E-12  1.103E-12  1.00E-07
  5.250E+01 6.54657E-18  2.921E-04 -2.005E-09  1.590E-09 -1.975E-12  1.090E-12  1.00E-07
  5.300E+01 6.40731E-18  2.715E-04 -2.021E-09  1.524E-09 -1.997E-12  1.076E-12  1.00E-07
  5.350E+01 6.27354E-18  2.501E-04 -2.036E-09  1.459E-09 -2.018E-12  1.062E-12  1.00E-07
  5.400E+01 6.14495E-18  2.278E-04 -2.049E-09  1.395E-09 -2.040E-12  1.047E-12  1.00E-07
  5.450E+01 6.02129E-18  2.047E-04 -2.061E-09  1.332E-09 -2.060E-12  1.033E-12  1.00E-07
  5.500E+01 5.90231E-18  1.807E-04 -2.071E-09  1.270E-09 -2.081E-12  1.018E-12  1.00E-07
  5.550E+01 5.78778E-18  1.558E-04 -2.080E-09  1.208E-09 -2.100E-12  1.003E-12  1.00E-07
  5.600E+01 5.67747E-18  1.302E-04 -2.088E-09  1.148E-09 -2.120E-12  9.883E-13  1.00E-07
  5.650E+01 5.57118E-18  1.037E-04 -2.095E-09  1.088E-09 -2.139E-12  9.731E-13  1.00E-07
  5.700E+01 5.46872E-18  7.652E-05 -2.100E-09  1.029E-09 -2.157E-12  9.579E-13  1.00E-07
  5.750E+01 5.36991E-18  4.856E-05 -2.104E-09  9.715E-10 -2.175E-12  9.425E-13  1.00E-07
  5.800E+01 5.27457E-18  1.987E-05 -2.107E-09  9.145E-10 -2.193E-12  9.270E-13  1.00E-07
  5.850E+01 5.18255E-18 -9.516E-06 -2.109E-09  8.583E-10 -2.210E-12  9.114E-13  1.00E-07
  5.900E+01 5.09368E-18 -3.959E-05 -2.109E-09  8.031E-10 -2.227E-12  8.956E-13  1.00E-07
  5.950E+01 5.00784E-18 -7.031E-05 -2.109E-09  7.487E-10 -2.243E-12  8.798E-13  1.00E-07
  6.000E+01 4.92487E-18 -1.017E-04 -2.108E-09  6.951E-10 -2.259E-12  8.639E-13  1.00E-07
  6.050E+01 4.84466E-18 -1.336E-04 -2.105E-09  6.425E-10 -2.274E-12  8.479E-13  1.00E-07
  6.100E+01 4.76709E-18 -1.662E-04 -2.102E-09  5.907E-10 -2.289E-12  8.318E-13  1.00E-07
  6.150E+01 4.69204E-18 -1.993E-04 -2.098E-09  5.397E-10 -2.304E-12  8.157E-13  1.00E-07
  6.200E+01 4.61941E-18 -2.330E-04 -2.093E-09  4.896E-10 -2.318E-12  7.995E-13  1.00E-07
  6.250E+01 4.54909E-18 -2.671E-04 -2.087E-09  4.404E-10 -2.332E-12  7.832E-13  1.00E-07
  6.300E+01 4.48099E-18 -3.018E-04 -2.080E-09  3.919E-10 -2.345E-12  7.669E-13  1.00E-07
  6.350E+01 4.41502E-18 -3.369E-04 -2.073E-09  3.444E-10 -2.358E-12  7.505E-13  1.00E-07
  6.400E+01 4.35109E-18 -3.725E-04 -2.065E-09  2.976E-10 -2.370E-12  7.342E-13  1.00E-07
  6.450E+01 4.28912E-18 -4.084E-04 -2.056E-09  2.517E-10 -2.382E-12  7.177E-13  1.00E-07
  6.500E+01 4.22905E-18 -4.447E-04 -2.046E-09  2.066E-10 -2.394E-12  7.013E-13  1.00E-07
  6.550E+01 4.17078E-18 -4.814E-04 -2.036E-09  1.623E-10 -2.405E-12  6.849E-13  1.00E-07
  6.600E+01 4.11426E-18 -5.185E-04 -2.025E-09  1.188E-10 -2.416E-12  6.684E-13  1.00E-07
  6.650E+01 4.05943E-18 -5.558E-04 -2.013E-09  7.605E-11 -2.426E-12  6.519E-13  1.00E-07
  6.700E+01 4.00621E-18 -5.934E-04 -2.001E-09  3.414E-11 -2.436E-12  6.355E-13  1.00E-07
  6.750E+01 3.95454E-18 -6.312E-04 -1.989E-09 -6.996E-12 -2.446E-12  6.190E-13  1.00E-07
  6.800E+01 3.90439E-18 -6.693E-04 -1.975E-09 -4.735E-11 -2.455E-12  6.026E-13  1.00E-07
  6.850E+01 3.85568E-18 -7.076E-04 -1.962E-09 -8.694E-11 -2.464E-12  5.862E-13  1.00E-07
  6.900E+01 3.80837E-18 -7.460E-04 -1.947E-09 -1.258E-10 -2.472E-12  5.698E-13  1.00E-07
  6.950E+01 3.76241E-18 -7.846E-04 -1.933E-09 -1.638E-10 -2.480E-12  5.534E-13  1.00E-07
  7.000E+01 3.71775E-18 -8.233E-04 -1.918E-09 -2.012E-10 -2.488E-12  5.371E-13  1.00E-07
  7.050E+01 3.67436E-18 -8.621E-04 -1.902E-09 -2.377E-10 -2.495E-12  5.208E-13  1.00E-07
  7.100E+01 3.63219E-18 -9.009E-04 -1.886E-09 -2.736E-10 -2.502E-12  5.045E-13  1.00E-07
  7.150E+01 3.59119E-18 -9.398E-04 -1.870E-09 -3.087E-10 -2.509E-12  4.883E-13  1.00E-07
  7.200E+01 3.55134E-18 -9.787E-04 -1.853E-09 -3.431E-10 -2.515E-12  4.722E-13  1.00E-07
  7.250E+01 3.51259E-18 -1.018E-03 -1.836E-09 -3.769E-10 -2.521E-12  4.561E-13  1.00E-07
  7.300E+01 3.47490E-18 -1.056E-03 -1.818E-09 -4.099E-10 -2.526E-12  4.401E-13  1.00E-07
  7.350E+01 3.43826E-18 -1.095E-03 -1.801E-09 -4.422E-10 -2.531E-12  4.241E-13  1.00E-07
  7.400E+01 3.40261E-18 -1.134E-03 -1.783E-09 -4.738E-10 -2.536E-12  4.082E-13  1.00E-07
  7.450E+01 3.36794E-18 -1.173E-03 -1.764E-09 -5.048E-10 -2.540E-12  3.924E-13  1.00E-07
  7.500E+01 3.33422E-18 -1.211E-03 -1.746E-09 -5.351E-10 -2.544E-12  3.767E-13  1.00E-07
  7.550E+01 3.30140E-18 -1.249E-03 -1.727E-09 -5.647E-10 -2.548E-12  3.610E-13  1.00E-07
  7.600E+01 3.26948E-18 -1.287E-03 -1.708E-09 -5.937E-10 -2.551E-12  3.454E-13  1.00E-07
  7.650E+01 3.23841E-18 -1.325E-03 -1.689E-09 -6.221E-10 -2.554E-12  3.300E-13  1.00E-07
  7.700E+01 3.20818E-18 -1.363E-03 -1.669E-09 -6.498E-10 -2.557E-12  3.146E-13  1.00E-07
  7.750E+01 3.17876E-18 -1.400E-03 -1.649E-09 -6.769E-10 -2.559E-12  2.993E-13  1.00E-07
  7.800E+01 3.15013E-18 -1.438E-03 -1.630E-09 -7.033E-10 -2.561E-12  2.841E-13  1.00E-07
  7.850E+01 3.12227E-18 -1.474E-03 -1.610E-09 -7.292E-10 -2.563E-12  2.690E-13  1.00E-07
  7.900E+01 3.09515E-18 -1.511E-03 -1.589E-09 -7.545E-10 -2.564E-12  2.540E-13  1.00E-07
  7.950E+01 3.06875E-18 -1.547E-03 -1.569E-09 -7.791E-10 -2.565E-12  2.391E-13  1.00E-07
  8.000E+01 3.04306E-18 -1.583E-03 -1.549E-09 -8.032E-10 -2.566E-12  2.244E-13  1.00E-07
  8.050E+01 3.01804E-18 -1.618E-03 -1.528E-09 -8.268E-10 -2.567E-12  2.097E-13  1.00E-07
  8.100E+01 2.99370E-18 -1.654E-03 -1.507E-09 -8.497E-10 -2.567E-12  1.952E-13  1.00E-07
  8.150E+01 2.97000E-18 -1.688E-03 -1.486E-09 -8.721E-10 -2.567E-12  1.808E-13  1.00E-07
  8.200E+01 2.94693E-18 -1.722E-03 -1.466E-09 -8.939E-10 -2.566E-12  1.665E-13  1.00E-07
  8.250E+01 2.92447E-18 -1.756E-03 -1.445E-09 -9.152E-10 -2.565E-12  1.523E-13  1.00E-07
  8.300E+01 2.90260E-18 -1.790E-03 -1.424E-09 -9.360E-10 -2.564E-12  1.383E-13  1.00E-07
  8.350E+01 2.88132E-18 -1.822E-03 -1.402E-09 -9.563E-10 -2.563E-12  1.244E-13  1.00E-07
  8.400E+01 2.86059E-18 -1.855E-03 -1.381E-09 -9.760E-10 -2.561E-12  1.106E-13  1.00E-07
  8.450E+01 2.84042E-18 -1.887E-03 -1.360E-09 -9.952E-10 -2.560E-12  9.701E-14  1.00E-07
  8.500E+01 2.82078E-18 -1.918E-03 -1.339E-09 -1.014E-09 -2.557E-12  8.351E-14  1.00E-07
  8.550E+01 2.80167E-18 -1.949E-03 -1.318E-09 -1.032E-09 -2.555E-12  7.015E-14  1.00E-07
  8.600E+01 2.78306E-18 -1.979E-03 -1.296E-09 -1.050E-09 -2.552E-12  5.693E-14  1.00E-07
  8.650E+01 2.76494E-18 -2.008E-03 -1.275E-09 -1.067E-09 -2.549E-12  4.385E-14  1.00E-07
  8.700E+01 2.74730E-18 -2.038E-03 -1.254E-09 -1.084E-09 -2.546E-12  3.091E-14  1.00E-07
  8.750E+01 2.73014E-18 -2.066E-03 -1.233E-09 -1.100E-09 -2.543E-12  1.812E-14  1.00E-07
  8.800E+01 2.71342E-18 -2.094E-03 -1.211E-09 -1.116E-09 -2.539E-12  5.481E-15  1.00E-07
  8.850E+01 2.69716E-18 -2.121E-03 -1.190E-09 -1.132E-09 -2.535E-12 -7.013E-15  1.00E-07
  8.900E+01 2.68132E-18 -2.148E-03 -1.169E-09 -1.147E-09 -2.531E-12 -1.936E-14  1.00E-07
  8.950E+01 2.66591E-18 -2.174E-03 -1.148E-09 -1.161E-09 -2.527E-12 -3.155E-14  1.00E-07
  9.000E+01 2.65091E-18 -2.199E-03 -1.127E-09 -1.175E-09 -2.522E-12 -4.359E-14  1.00E-07
  9.050E+01 2.63631E-18 -2.224E-03 -1.106E-09 -1.189E-09 -2.517E-12 -5.547E-14  1.00E-07
  9.100E+01 2.62210E-18 -2.248E-03 -1.085E-09 -1.202E-09 -2.512E-12 -6.720E-14  1.00E-07
  9.150E+01 2.60827E-18 -2.272E-03 -1.064E-09 -1.215E-09 -2.507E-12 -7.878E-14  1.00E-07
  9.200E+01 2.59482E-18 -2.294E-03 -1.043E-09 -1.228E-09 -2.501E-12 -9.019E-14  1.00E-07
  9.250E+01 2.58172E-18 -2.316E-03 -1.022E-09 -1.240E-09 -2.495E-12 -1.015E-13  1.00E-07
  9.300E+01 2.56898E-18 -2.338E-03 -1.001E-09 -1.252E-09 -2.489E-12 -1.126E-13  1.00E-07
  9.350E+01 2.55658E-18 -2.359E-03 -9.805E-10 -1.263E-09 -2.483E-12 -1.235E-13  1.00E-07
  9.400E+01 2.54451E-18 -2.379E-03 -9.599E-10 -1.274E-09 -2.477E-12 -1.343E-13  1.00E-07
  9.450E+01 2.53278E-18 -2.398E-03 -9.394E-10 -1.285E-09 -2.470E-12 -1.449E-13  1.00E-07
  9.500E+01 2.52136E-18 -2.417E-03 -9.189E-10 -1.295E-09 -2.463E-12 -1.553E-13  1.00E-07
  9.550E+01 2.51025E-18 -2.435E-03 -8.986E-10 -1.305E-09 -2.456E-12 -1.656E-13  1.00E-07
  9.600E+01 2.49945E-18 -2.452E-03 -8.783E-10 -1.315E-09 -2.449E-12 -1.758E-13  1.00E-07
  9.650E+01 2.48893E-18 -2.469E-03 -8.581E-10 -1.324E-09 -2.442E-12 -1.857E-13  1.00E-07
  9.700E+01 2.47871E-18 -2.485E-03 -8.381E-10 -1.333E-09 -2.434E-12 -1.955E-13  1.00E-07
  9.750E+01 2.46877E-18 -2.501E-03 -8.181E-10 -1.341E-09 -2.426E-12 -2.051E-13  1.00E-07
  9.800E+01 2.45910E-18 -2.515E-03 -7.983E-10 -1.350E-09 -2.418E-12 -2.146E-13  1.00E-07
  9.850E+01 2.44970E-18 -2.529E-03 -7.786E-10 -1.358E-09 -2.410E-12 -2.239E-13  1.00E-07
  9.900E+01 2.44056E-18 -2.542E-03 -7.589E-10 -1.365E-09 -2.402E-12 -2.330E-13  1.00E-07
  9.950E+01 2.43167E-18 -2.555E-03 -7.394E-10 -1.373E-09 -2.393E-12 -2.420E-13  1.00E-07
  1.000E+02 2.42303E-18 -2.567E-03 -7.201E-10 -1.380E-09 -2.384E-12 -2.508E-13  1.00E-07
  1.005E+02 2.41463E-18 -2.578E-03 -7.008E-10 -1.387E-09 -2.375E-12 -2.594E-13  1.00E-07
  1.010E+02 2.40646E-18 -2.589E-03 -6.817E-10 -1.393E-09 -2.366E-12 -2.679E-13  1.00E-07
  1.015E+02 2.39853E-18 -2.599E-03 -6.627E-10 -1.400E-09 -2.357E-12 -2.762E-13  1.00E-07
  1.020E+02 2.39081E-18 -2.608E-03 -6.438E-10 -1.406E-09 -2.348E-12 -2.843E-13  1.00E-07
  1.025E+02 2.38332E-18 -2.617E-03 -6.250E-10 -1.412E-09 -2.338E-12 -2.923E-13  1.00E-07
  1.030E+02 2.37604E-18 -2.625E-03 -6.064E-10 -1.417E-09 -2.329E-12 -3.001E-13  1.00E-07
  1.035E+02 2.36896E-18 -2.632E-03 -5.879E-10 -1.422E-09 -2.319E-12 -3.077E-13  1.00E-07
  1.040E+02 2.36209E-18 -2.639E-03 -5.696E-10 -1.427E-09 -2.309E-12 -3.152E-13  1.00E-07
  1.045E+02 2.35541E-18 -2.645E-03 -5.514E-10 -1.432E-09 -2.299E-12 -3.225E-13  1.00E-07
  1.050E+02 2.34892E-18 -2.650E-03 -5.333E-10 -1.437E-09 -2.288E-12 -3.296E-13  1.00E-07
  1.055E+02 2.34263E-18 -2.655E-03 -5.153E-10 -1.441E-09 -2.278E-12 -3.365E-13  1.00E-07
  1.060E+02 2.33651E-18 -2.659E-03 -4.975E-10 -1.445E-09 -2.267E-12 -3.433E-13  1.00E-07
  1.065E+02 2.33057E-18 -2.662E-03 -4.799E-10 -1.449E-09 -2.257E-12 -3.500E-13  1.00E-07
  1.070E+02 2.32481E-18 -2.665E-03 -4.624E-10 -1.453E-09 -2.246E-12 -3.564E-13  1.00E-07
  1.075E+02 2.31921E-18 -2.668E-03 -4.450E-10 -1.456E-09 -2.235E-12 -3.627E-13  1.00E-07
  1.080E+02 2.31378E-18 -2.669E-03 -4.278E-10 -1.460E-09 -2.224E-12 -3.688E-13  1.00E-07
  1.085E+02 2.30851E-18 -2.670E-03 -4.107E-10 -1.463E-09 -2.212E-12 -3.748E-13  1.00E-07
  1.090E+02 2.30339E-18 -2.671E-03 -3.938E-10 -1.466E-09 -2.201E-12 -3.806E-13  1.00E-07
  1.095E+02 2.29843E-18 -2.671E-03 -3.770E-10 -1.468E-09 -2.190E-12 -3.862E-13  1.00E-07
  1.100E+02 2.29361E-18 -2.670E-03 -3.604E-10 -1.471E-09 -2.178E-12 -3.917E-13  1.00E-07
  1.105E+02 2.28894E-18 -2.669E-03 -3.439E-10 -1.473E-09 -2.166E-12 -3.970E-13  1.00E-07
  1.110E+02 2.28441E-18 -2.668E-03 -3.276E-10 -1.475E-09 -2.154E-12 -4.021E-13  1.00E-07
  1.115E+02 2.28002E-18 -2.665E-03 -3.114E-10 -1.478E-09 -2.142E-12 -4.071E-13  1.00E-07
  1.120E+02 2.27576E-18 -2.663E-03 -2.954E-10 -1.479E-09 -2.130E-12 -4.119E-13  1.00E-07
  1.125E+02 2.27164E-18 -2.659E-03 -2.795E-10 -1.481E-09 -2.118E-12 -4.166E-13  1.00E-07
  1.130E+02 2.26764E-18 -2.656E-03 -2.638E-10 -1.483E-09 -2.106E-12 -4.211E-13  1.00E-07
  1.135E+02 2.26376E-18 -2.651E-03 -2.482E-10 -1.484E-09 -2.093E-12 -4.254E-13  1.00E-07
  1.140E+02 2.26000E-18 -2.646E-03 -2.328E-10 -1.485E-09 -2.081E-12 -4.296E-13  1.00E-07
  1.145E+02 2.25636E-18 -2.641E-03 -2.175E-10 -1.486E-09 -2.068E-12 -4.337E-13  1.00E-07
  1.150E+02 2.25284E-18 -2.635E-03 -2.024E-10 -1.487E-09 -2.055E-12 -4.375E-13  1.00E-07
  1.155E+02 2.24943E-18 -2.629E-03 -1.875E-10 -1.488E-09 -2.043E-12 -4.412E-13  1.00E-07
  1.160E+02 2.24612E-18 -2.622E-03 -1.726E-10 -1.489E-09 -2.030E-12 -4.448E-13  1.00E-07
  1.165E+02 2.24292E-18 -2.615E-03 -1.580E-10 -1.489E-09 -2.017E-12 -4.482E-13  1.00E-07
  1.170E+02 2.23982E-18 -2.607E-03 -1.435E-10 -1.490E-09 -2.004E-12 -4.514E-13  1.00E-07
  1.175E+02 2.23683E-18 -2.599E-03 -1.291E-10 -1.490E-09 -1.990E-12 -4.545E-13  1.00E-07
  1.180E+02 2.23393E-18 -2.591E-03 -1.149E-10 -1.490E-09 -1.977E-12 -4.574E-13  1.00E-07
  1.185E+02 2.23113E-18 -2.582E-03 -1.009E-10 -1.490E-09 -1.964E-12 -4.602E-13  1.00E-07
  1.190E+02 2.22841E-18 -2.572E-03 -8.695E-11 -1.490E-09 -1.950E-12 -4.628E-13  1.00E-07
  1.195E+02 2.22579E-18 -2.563E-03 -7.320E-11 -1.490E-09 -1.937E-12 -4.653E-13  1.00E-07
  1.200E+02 2.22326E-18 -2.552E-03 -5.960E-11 -1.490E-09 -1.923E-12 -4.677E-13  1.00E-07
  1.205E+02 2.22081E-18 -2.542E-03 -4.614E-11 -1.490E-09 -1.909E-12 -4.698E-13  1.00E-07
  1.210E+02 2.21844E-18 -2.531E-03 -3.284E-11 -1.489E-09 -1.896E-12 -4.719E-13  1.00E-07
  1.215E+02 2.21616E-18 -2.519E-03 -1.969E-11 -1.489E-09 -1.882E-12 -4.738E-13  1.00E-07
  1.220E+02 2.21395E-18 -2.508E-03 -6.682E-12 -1.488E-09 -1.868E-12 -4.755E-13  1.00E-07
  1.225E+02 2.21182E-18 -2.495E-03  6.173E-12 -1.487E-09 -1.854E-12 -4.771E-13  1.00E-07
  1.230E+02 2.20977E-18 -2.483E-03  1.888E-11 -1.486E-09 -1.840E-12 -4.786E-13  1.00E-07
  1.235E+02 2.20778E-18 -2.470E-03  3.144E-11 -1.486E-09 -1.825E-12 -4.799E-13  1.00E-07
  1.240E+02 2.20587E-18 -2.457E-03  4.385E-11 -1.485E-09 -1.811E-12 -4.810E-13  1.00E-07
  1.245E+02 2.20402E-18 -2.443E-03  5.612E-11 -1.484E-09 -1.797E-12 -4.821E-13  1.00E-07
  1.250E+02 2.20224E-18 -2.430E-03  6.824E-11 -1.482E-09 -1.782E-12 -4.830E-13  1.00E-07
  1.255E+02 2.20053E-18 -2.415E-03  8.022E-11 -1.481E-09 -1.768E-12 -4.837E-13  1.00E-07
  1.260E+02 2.19887E-18 -2.401E-03  9.205E-11 -1.480E-09 -1.753E-12 -4.843E-13  1.00E-07
  1.265E+02 2.19728E-18 -2.386E-03  1.037E-10 -1.479E-09 -1.739E-12 -4.848E-13  1.00E-07
  1.270E+02 2.19575E-18 -2.371E-03  1.153E-10 -1.477E-09 -1.724E-12 -4.851E-13  1.00E-07
  1.275E+02 2.19428E-18 -2.356E-03  1.267E-10 -1.476E-09 -1.710E-12 -4.853E-13  1.00E-07
  1.280E+02 2.19286E-18 -2.340E-03  1.379E-10 -1.474E-09 -1.695E-12 -4.854E-13  1.00E-07
  1.285E+02 2.19149E-18 -2.324E-03  1.490E-10 -1.473E-09 -1.680E-12 -4.854E-13  1.00E-07
  1.290E+02 2.19018E-18 -2.308E-03  1.600E-10 -1.471E-09 -1.665E-12 -4.852E-13  1.00E-07
  1.295E+02 2.18892E-18 -2.291E-03  1.709E-10 -1.470E-09 -1.650E-12 -4.848E-13  1.00E-07
  1.300E+02 2.18771E-18 -2.275E-03  1.815E-10 -1.468E-09 -1.635E-12 -4.844E-13  1.00E-07
  1.305E+02 2.18655E-18 -2.258E-03  1.921E-10 -1.466E-09 -1.620E-12 -4.838E-13  1.00E-07
  1.310E+02 2.18543E-18 -2.241E-03  2.025E-10 -1.464E-09 -1.605E-12 -4.831E-13  1.00E-07
  1.315E+02 2.18436E-18 -2.223E-03  2.128E-10 -1.463E-09 -1.590E-12 -4.823E-13  1.00E-07
  1.320E+02 2.18334E-18 -2.205E-03  2.229E-10 -1.461E-09 -1.575E-12 -4.813E-13  1.00E-07
  1.325E+02 2.18235E-18 -2.187E-03  2.330E-10 -1.459E-09 -1.559E-12 -4.802E-13  1.00E-07
  1.330E+02 2.18141E-18 -2.169E-03  2.428E-10 -1.457E-09 -1.544E-12 -4.790E-13  1.00E-07
  1.335E+02 2.18051E-18 -2.151E-03  2.526E-10 -1.455E-09 -1.529E-12 -4.777E-13  1.00E-07
  1.340E+02 2.17965E-18 -2.132E-03  2.622E-10 -1.453E-09 -1.513E-12 -4.763E-13  1.00E-07
  1.345E+02 2.17882E-18 -2.113E-03  2.716E-10 -1.451E-09 -1.498E-12 -4.747E-13  1.00E-07
  1.350E+02 2.17803E-18 -2.094E-03  2.810E-10 -1.449E-09 -1.483E-12 -4.730E-13  1.00E-07
  1.355E+02 2.17728E-18 -2.075E-03  2.902E-10 -1.447E-09 -1.467E-12 -4.712E-13  1.00E-07
  1.360E+02 2.17656E-18 -2.056E-03  2.993E-10 -1.445E-09 -1.452E-12 -4.693E-13  1.00E-07
  1.365E+02 2.17587E-18 -2.036E-03  3.082E-10 -1.443E-09 -1.436E-12 -4.673E-13  1.00E-07
  1.370E+02 2.17522E-18 -2.017E-03  3.170E-10 -1.440E-09 -1.420E-12 -4.652E-13  1.00E-07
  1.375E+02 2.17460E-18 -1.997E-03  3.257E-10 -1.438E-09 -1.405E-12 -4.629E-13  1.00E-07
  1.380E+02 2.17401E-18 -1.977E-03  3.343E-10 -1.436E-09 -1.389E-12 -4.606E-13  1.00E-07
  1.385E+02 2.17344E-18 -1.956E-03  3.427E-10 -1.434E-09 -1.373E-12 -4.581E-13  1.00E-07
  1.390E+02 2.17291E-18 -1.936E-03  3.510E-10 -1.432E-09 -1.357E-12 -4.555E-13  1.00E-07
  1.395E+02 2.17240E-18 -1.915E-03  3.592E-10 -1.429E-09 -1.342E-12 -4.528E-13  1.00E-07
  1.400E+02 2.17192E-18 -1.895E-03  3.673E-10 -1.427E-09 -1.326E-12 -4.501E-13  1.00E-07
  1.405E+02 2.17146E-18 -1.874E-03  3.752E-10 -1.425E-09 -1.310E-12 -4.472E-13  1.00E-07
  1.410E+02 2.17103E-18 -1.853E-03  3.830E-10 -1.423E-09 -1.294E-12 -4.442E-13  1.00E-07
  1.415E+02 2.17062E-18 -1.832E-03  3.907E-10 -1.421E-09 -1.278E-12 -4.411E-13  1.00E-07
  1.420E+02 2.17024E-18 -1.810E-03  3.983E-10 -1.418E-09 -1.262E-12 -4.379E-13  1.00E-07
  1.425E+02 2.16987E-18 -1.789E-03  4.057E-10 -1.416E-09 -1.246E-12 -4.346E-13  1.00E-07
  1.430E+02 2.16953E-18 -1.767E-03  4.131E-10 -1.414E-09 -1.230E-12 -4.312E-13  1.00E-07
  1.435E+02 2.16921E-18 -1.746E-03  4.203E-10 -1.412E-09 -1.214E-12 -4.277E-13  1.00E-07
  1.440E+02 2.16891E-18 -1.724E-03  4.274E-10 -1.409E-09 -1.198E-12 -4.241E-13  1.00E-07
  1.445E+02 2.16862E-18 -1.702E-03  4.343E-10 -1.407E-09 -1.182E-12 -4.205E-13  1.00E-07
  1.450E+02 2.16836E-18 -1.680E-03  4.412E-10 -1.405E-09 -1.166E-12 -4.167E-13  1.00E-07
  1.455E+02 2.16811E-18 -1.658E-03  4.479E-10 -1.403E-09 -1.149E-12 -4.128E-13  1.00E-07
  1.460E+02 2.16788E-18 -1.636E-03  4.546E-10 -1.400E-09 -1.133E-12 -4.089E-13  1.00E-07
  1.465E+02 2.16766E-18 -1.613E-03  4.611E-10 -1.398E-09 -1.117E-12 -4.048E-13  1.00E-07
  1.470E+02 2.16747E-18 -1.591E-03  4.675E-10 -1.396E-09 -1.101E-12 -4.007E-13  1.00E-07
  1.475E+02 2.16728E-18 -1.568E-03  4.738E-10 -1.394E-09 -1.085E-12 -3.965E-13  1.00E-07
  1.480E+02 2.16711E-18 -1.546E-03  4.799E-10 -1.392E-09 -1.068E-12 -3.922E-13  1.00E-07
  1.485E+02 2.16695E-18 -1.523E-03  4.860E-10 -1.390E-09 -1.052E-12 -3.878E-13  1.00E-07
  1.490E+02 2.16681E-18 -1.500E-03  4.920E-10 -1.387E-09 -1.036E-12 -3.834E-13  1.00E-07
  1.495E+02 2.16668E-18 -1.477E-03  4.978E-10 -1.385E-09 -1.019E-12 -3.788E-13  1.00E-07
  1.500E+02 2.16656E-18 -1.454E-03  5.035E-10 -1.383E-09 -1.003E-12 -3.742E-13  1.00E-07
  1.505E+02 2.16645E-18 -1.431E-03  5.092E-10 -1.381E-09 -9.866E-13 -3.695E-13  1.00E-07
  1.510E+02 2.16636E-18 -1.408E-03  5.147E-10 -1.379E-09 -9.702E-13 -3.647E-13  1.00E-07
  1.515E+02 2.16627E-18 -1.385E-03  5.201E-10 -1.377E-09 -9.537E-13 -3.599E-13  1.00E-07
  1.520E+02 2.16619E-18 -1.362E-03  5.254E-10 -1.375E-09 -9.373E-13 -3.549E-13  1.00E-07
  1.525E+02 2.16613E-18 -1.339E-03  5.306E-10 -1.373E-09 -9.208E-13 -3.499E-13  1.00E-07
  1.530E+02 2.16607E-18 -1.315E-03  5.357E-10 -1.371E-09 -9.043E-13 -3.448E-13  1.00E-07
  1.535E+02 2.16602E-18 -1.292E-03  5.407E-10 -1.369E-09 -8.879E-13 -3.397E-13  1.00E-07
  1.540E+02 2.16598E-18 -1.268E-03  5.455E-10 -1.367E-09 -8.713E-13 -3.345E-13  1.00E-07
  1.545E+02 2.16594E-18 -1.245E-03  5.503E-10 -1.365E-09 -8.548E-13 -3.292E-13  1.00E-07
  1.550E+02 2.16591E-18 -1.221E-03  5.550E-10 -1.363E-09 -8.383E-13 -3.238E-13  1.00E-07
  1.555E+02 2.16589E-18 -1.197E-03  5.596E-10 -1.361E-09 -8.217E-13 -3.184E-13  1.00E-07
  1.560E+02 2.16588E-18 -1.174E-03  5.640E-10 -1.359E-09 -8.052E-13 -3.130E-13  1.00E-07
  1.565E+02 2.16587E-18 -1.150E-03  5.684E-10 -1.357E-09 -7.886E-13 -3.074E-13  1.00E-07
  1.570E+02 2.16587E-18 -1.126E-03  5.727E-10 -1.356E-09 -7.720E-13 -3.018E-13  1.00E-07
  1.575E+02 2.16587E-18 -1.102E-03  5.768E-10 -1.354E-09 -7.554E-13 -2.961E-13  1.00E-07
  1.580E+02 2.16588E-18 -1.078E-03  5.809E-10 -1.352E-09 -7.387E-13 -2.904E-13  1.00E-07
  1.585E+02 2.16589E-18 -1.054E-03  5.849E-10 -1.350E-09 -7.221E-13 -2.846E-13  1.00E-07
  1.590E+02 2.16591E-18 -1.030E-03  5.887E-10 -1.349E-09 -7.055E-13 -2.788E-13  1.00E-07
  1.595E+02 2.16593E-18 -1.006E-03  5.925E-10 -1.347E-09 -6.888E-13 -2.729E-13  1.00E-07
  1.600E+02 2.16595E-18 -9.821E-04  5.962E-10 -1.346E-09 -6.721E-13 -2.669E-13  1.00E-07
  1.605E+02 2.16597E-18 -9.579E-04  5.998E-10 -1.344E-09 -6.555E-13 -2.609E-13  1.00E-07
  1.610E+02 2.16600E-18 -9.338E-04  6.032E-10 -1.342E-09 -6.388E-13 -2.549E-13  1.00E-07
  1.615E+02 2.16604E-18 -9.096E-04  6.066E-10 -1.341E-09 -6.221E-13 -2.488E-13  1.00E-07
  1.620E+02 2.16607E-18 -8.853E-04  6.099E-10 -1.339E-09 -6.054E-13 -2.426E-13  1.00E-07
  1.625E+02 2.16611E-18 -8.611E-04  6.131E-10 -1.338E-09 -5.887E-13 -2.364E-13  1.00E-07
  1.630E+02 2.16614E-18 -8.368E-04  6.162E-10 -1.337E-09 -5.719E-13 -2.302E-13  1.00E-07
  1.635E+02 2.16618E-18 -8.124E-04  6.192E-10 -1.335E-09 -5.552E-13 -2.239E-13  1.00E-07
  1.640E+02 2.16622E-18 -7.881E-04  6.221E-10 -1.334E-09 -5.384E-13 -2.176E-13  1.00E-07
  1.645E+02 2.16627E-18 -7.637E-04  6.249E-10 -1.333E-09 -5.217E-13 -2.112E-13  1.00E-07
  1.650E+02 2.16631E-18 -7.393E-04  6.276E-10 -1.331E-09 -5.049E-13 -2.048E-13  1.00E-07
  1.655E+02 2.16635E-18 -7.149E-04  6.303E-10 -1.330E-09 -4.882E-13 -1.984E-13  1.00E-07
  1.660E+02 2.16639E-18 -6.904E-04  6.328E-10 -1.329E-09 -4.714E-13 -1.919E-13  1.00E-07
  1.665E+02 2.16644E-18 -6.659E-04  6.352E-10 -1.328E-09 -4.546E-13 -1.853E-13  1.00E-07
  1.670E+02 2.16648E-18 -6.414E-04  6.376E-10 -1.327E-09 -4.378E-13 -1.788E-13  1.00E-07
  1.675E+02 2.16653E-18 -6.169E-04  6.399E-10 -1.326E-09 -4.210E-13 -1.722E-13  1.00E-07
  1.680E+02 2.16657E-18 -5.924E-04  6.420E-10 -1.325E-09 -4.043E-13 -1.655E-13  1.00E-07
  1.685E+02 2.16661E-18 -5.678E-04  6.441E-10 -1.324E-09 -3.874E-13 -1.589E-13  1.00E-07
  1.690E+02 2.16665E-18 -5.433E-04  6.461E-10 -1.323E-09 -3.706E-13 -1.522E-13  1.00E-07
  1.695E+02 2.16670E-18 -5.187E-04  6.480E-10 -1.322E-09 -3.538E-13 -1.455E-13  1.00E-07
  1.700E+02 2.16674E-18 -4.941E-04  6.498E-10 -1.321E-09 -3.370E-13 -1.387E-13  1.00E-07
  1.705E+02 2.16678E-18 -4.695E-04  6.515E-10 -1.320E-09 -3.202E-13 -1.319E-13  1.00E-07
  1.710E+02 2.16681E-18 -4.448E-04  6.532E-10 -1.319E-09 -3.034E-13 -1.251E-13  1.00E-07
  1.715E+02 2.16685E-18 -4.202E-04  6.547E-10 -1.318E-09 -2.865E-13 -1.183E-13  1.00E-07
  1.720E+02 2.16689E-18 -3.955E-04  6.561E-10 -1.318E-09 -2.697E-13 -1.115E-13  1.00E-07
  1.725E+02 2.16692E-18 -3.709E-04  6.575E-10 -1.317E-09 -2.529E-13 -1.046E-13  1.00E-07
  1.730E+02 2.16695E-18 -3.462E-04  6.588E-10 -1.316E-09 -2.360E-13 -9.773E-14  1.00E-07
  1.735E+02 2.16698E-18 -3.215E-04  6.600E-10 -1.316E-09 -2.192E-13 -9.083E-14  1.00E-07
  1.740E+02 2.16701E-18 -2.968E-04  6.611E-10 -1.315E-09 -2.023E-13 -8.390E-14  1.00E-07
  1.745E+02 2.16704E-18 -2.721E-04  6.621E-10 -1.315E-09 -1.855E-13 -7.697E-14  1.00E-07
  1.750E+02 2.16706E-18 -2.474E-04  6.630E-10 -1.314E-09 -1.686E-13 -7.002E-14  1.00E-07
  1.755E+02 2.16708E-18 -2.227E-04  6.638E-10 -1.314E-09 -1.518E-13 -6.305E-14  1.00E-07
  1.760E+02 2.16710E-18 -1.979E-04  6.646E-10 -1.314E-09 -1.349E-13 -5.608E-14  1.00E-07
  1.765E+02 2.16712E-18 -1.732E-04  6.652E-10 -1.313E-09 -1.180E-13 -4.909E-14  1.00E-07
  1.770E+02 2.16714E-18 -1.485E-04  6.658E-10 -1.313E-09 -1.012E-13 -4.209E-14  1.00E-07
  1.775E+02 2.16715E-18 -1.237E-04  6.663E-10 -1.313E-09 -8.432E-14 -3.509E-14  1.00E-07
  1.780E+02 2.16716E-18 -9.899E-05  6.667E-10 -1.313E-09 -6.746E-14 -2.808E-14  1.00E-07
  1.785E+02 2.16717E-18 -7.424E-05  6.670E-10 -1.312E-09 -5.059E-14 -2.106E-14  1.00E-07
  1.790E+02 2.16717E-18 -4.950E-05  6.672E-10 -1.312E-09 -3.373E-14 -1.405E-14  1.00E-07
  1.795E+02 2.16718E-18 -2.475E-05  6.673E-10 -1.312E-09 -1.686E-14 -7.023E-15  1.00E-07
  1.800E+02 2.16718E-18 -3.473E-19  6.673E-10 -1.312E-09 -2.367E-28 -9.856E-29  1.00E-07

  TOTAL ELASTIC CROSS SECTION = 1.272320E-16 cm**2
               FROM DCS TABLE = 1.272296E-16  (REL. DIF. = 1.92E-05)

  1ST TRANSPORT CROSS SECTION = 3.914544E-17 cm**2
               FROM DCS TABLE = 3.914546E-17  (REL. DIF. = 4.74E-07)

  2ND TRANSPORT CROSS SECTION = 5.595754E-17 cm**2

  **** DPWA0 ENDED ************************************************************

