 #  Scattering amplitudes (in cm)      MU=(1-cos(TH))/2
 #  Z =   8,   projectile: electron
 #  Kinetic energy = 5.60000E+01 eV
 #
 # TH (deg)      MU          Re(F)        Im(F)        Re(G)        Im(G)
 #--------------------------------------------------------------------------
  0.000E+00  0.00000E+00  7.61882E-09  1.11868E-08  0.00000E+00  0.00000E+00
  1.000E-04  7.61557E-13  7.61882E-09  1.11868E-08 -3.42165E-18 -4.67424E-18
  1.250E-04  1.18994E-12  7.61882E-09  1.11868E-08 -4.27706E-18 -5.84280E-18
  1.500E-04  1.71346E-12  7.61882E-09  1.11868E-08 -5.13247E-18 -7.01136E-18
  1.750E-04  2.33225E-12  7.61882E-09  1.11868E-08 -5.98788E-18 -8.17992E-18
  2.000E-04  3.04617E-12  7.61882E-09  1.11868E-08 -6.84329E-18 -9.34848E-18
  2.250E-04  3.85530E-12  7.61882E-09  1.11868E-08 -7.69870E-18 -1.05170E-17
  2.500E-04  4.75964E-12  7.61882E-09  1.11868E-08 -8.55412E-18 -1.16856E-17
  2.750E-04  5.75917E-12  7.61882E-09  1.11868E-08 -9.40953E-18 -1.28542E-17
  3.000E-04  6.85391E-12  7.61882E-09  1.11868E-08 -1.02649E-17 -1.40227E-17
  3.250E-04  8.04379E-12  7.61882E-09  1.11868E-08 -1.11204E-17 -1.51913E-17
  3.500E-04  9.32893E-12  7.61882E-09  1.11868E-08 -1.19758E-17 -1.63598E-17
  3.750E-04  1.07092E-11  7.61882E-09  1.11868E-08 -1.28312E-17 -1.75284E-17
  4.000E-04  1.21847E-11  7.61882E-09  1.11868E-08 -1.36866E-17 -1.86970E-17
  4.250E-04  1.37554E-11  7.61882E-09  1.11868E-08 -1.45420E-17 -1.98655E-17
  4.500E-04  1.54213E-11  7.61882E-09  1.11868E-08 -1.53974E-17 -2.10341E-17
  4.750E-04  1.71823E-11  7.61882E-09  1.11868E-08 -1.62528E-17 -2.22026E-17
  5.000E-04  1.90386E-11  7.61882E-09  1.11868E-08 -1.71082E-17 -2.33712E-17
  5.250E-04  2.09900E-11  7.61882E-09  1.11868E-08 -1.79636E-17 -2.45397E-17
  5.500E-04  2.30367E-11  7.61882E-09  1.11868E-08 -1.88191E-17 -2.57083E-17
  5.750E-04  2.51785E-11  7.61882E-09  1.11868E-08 -1.96745E-17 -2.68769E-17
  6.000E-04  2.74156E-11  7.61882E-09  1.11868E-08 -2.05299E-17 -2.80454E-17
  6.250E-04  2.97478E-11  7.61882E-09  1.11868E-08 -2.13853E-17 -2.92140E-17
  6.500E-04  3.21752E-11  7.61882E-09  1.11868E-08 -2.22407E-17 -3.03825E-17
  6.750E-04  3.46979E-11  7.61882E-09  1.11868E-08 -2.30961E-17 -3.15511E-17
  7.000E-04  3.73157E-11  7.61882E-09  1.11868E-08 -2.39515E-17 -3.27197E-17
  7.250E-04  4.00286E-11  7.61882E-09  1.11868E-08 -2.48069E-17 -3.38882E-17
  7.500E-04  4.28368E-11  7.61882E-09  1.11868E-08 -2.56623E-17 -3.50568E-17
  7.750E-04  4.57402E-11  7.61882E-09  1.11868E-08 -2.65178E-17 -3.62253E-17
  8.000E-04  4.87388E-11  7.61882E-09  1.11868E-08 -2.73732E-17 -3.73939E-17
  8.250E-04  5.18325E-11  7.61882E-09  1.11868E-08 -2.82286E-17 -3.85625E-17
  8.500E-04  5.50215E-11  7.61882E-09  1.11868E-08 -2.90840E-17 -3.97310E-17
  8.750E-04  5.83057E-11  7.61882E-09  1.11868E-08 -2.99394E-17 -4.08996E-17
  9.000E-04  6.16850E-11  7.61882E-09  1.11868E-08 -3.07948E-17 -4.20681E-17
  9.250E-04  6.51595E-11  7.61882E-09  1.11868E-08 -3.16502E-17 -4.32367E-17
  9.500E-04  6.87293E-11  7.61882E-09  1.11868E-08 -3.25056E-17 -4.44053E-17
  9.750E-04  7.23943E-11  7.61882E-09  1.11868E-08 -3.33611E-17 -4.55738E-17
  1.000E-03  7.61544E-11  7.61882E-09  1.11868E-08 -3.42165E-17 -4.67424E-17
  1.250E-03  1.18991E-10  7.61882E-09  1.11868E-08 -4.27706E-17 -5.84280E-17
  1.500E-03  1.71347E-10  7.61882E-09  1.11868E-08 -5.13247E-17 -7.01136E-17
  1.750E-03  2.33223E-10  7.61882E-09  1.11868E-08 -5.98788E-17 -8.17992E-17
  2.000E-03  3.04617E-10  7.61882E-09  1.11868E-08 -6.84329E-17 -9.34848E-17
  2.250E-03  3.85531E-10  7.61882E-09  1.11868E-08 -7.69870E-17 -1.05170E-16
  2.500E-03  4.75965E-10  7.61882E-09  1.11868E-08 -8.55412E-17 -1.16856E-16
  2.750E-03  5.75917E-10  7.61882E-09  1.11868E-08 -9.40953E-17 -1.28542E-16
  3.000E-03  6.85389E-10  7.61882E-09  1.11868E-08 -1.02649E-16 -1.40227E-16
  3.250E-03  8.04380E-10  7.61882E-09  1.11868E-08 -1.11204E-16 -1.51913E-16
  3.500E-03  9.32891E-10  7.61882E-09  1.11868E-08 -1.19758E-16 -1.63598E-16
  3.750E-03  1.07092E-09  7.61882E-09  1.11868E-08 -1.28312E-16 -1.75284E-16
  4.000E-03  1.21847E-09  7.61882E-09  1.11868E-08 -1.36866E-16 -1.86970E-16
  4.250E-03  1.37554E-09  7.61882E-09  1.11868E-08 -1.45420E-16 -1.98655E-16
  4.500E-03  1.54213E-09  7.61882E-09  1.11868E-08 -1.53974E-16 -2.10341E-16
  4.750E-03  1.71823E-09  7.61882E-09  1.11868E-08 -1.62528E-16 -2.22026E-16
  5.000E-03  1.90386E-09  7.61882E-09  1.11868E-08 -1.71082E-16 -2.33712E-16
  5.250E-03  2.09900E-09  7.61882E-09  1.11868E-08 -1.79636E-16 -2.45397E-16
  5.500E-03  2.30367E-09  7.61882E-09  1.11868E-08 -1.88191E-16 -2.57083E-16
  5.750E-03  2.51785E-09  7.61882E-09  1.11868E-08 -1.96745E-16 -2.68769E-16
  6.000E-03  2.74156E-09  7.61882E-09  1.11868E-08 -2.05299E-16 -2.80454E-16
  6.250E-03  2.97478E-09  7.61882E-09  1.11868E-08 -2.13853E-16 -2.92140E-16
  6.500E-03  3.21752E-09  7.61882E-09  1.11868E-08 -2.22407E-16 -3.03825E-16
  6.750E-03  3.46978E-09  7.61882E-09  1.11868E-08 -2.30961E-16 -3.15511E-16
  7.000E-03  3.73156E-09  7.61882E-09  1.11868E-08 -2.39515E-16 -3.27197E-16
  7.250E-03  4.00286E-09  7.61882E-09  1.11868E-08 -2.48069E-16 -3.38882E-16
  7.500E-03  4.28368E-09  7.61882E-09  1.11868E-08 -2.56623E-16 -3.50568E-16
  7.750E-03  4.57402E-09  7.61882E-09  1.11868E-08 -2.65178E-16 -3.62253E-16
  8.000E-03  4.87388E-09  7.61882E-09  1.11868E-08 -2.73732E-16 -3.73939E-16
  8.250E-03  5.18326E-09  7.61882E-09  1.11868E-08 -2.82286E-16 -3.85625E-16
  8.500E-03  5.50215E-09  7.61882E-09  1.11868E-08 -2.90840E-16 -3.97310E-16
  8.750E-03  5.83057E-09  7.61882E-09  1.11868E-08 -2.99394E-16 -4.08996E-16
  9.000E-03  6.16850E-09  7.61882E-09  1.11868E-08 -3.07948E-16 -4.20681E-16
  9.250E-03  6.51596E-09  7.61882E-09  1.11868E-08 -3.16502E-16 -4.32367E-16
  9.500E-03  6.87293E-09  7.61882E-09  1.11868E-08 -3.25056E-16 -4.44053E-16
  9.750E-03  7.23942E-09  7.61882E-09  1.11868E-08 -3.33611E-16 -4.55738E-16
  1.000E-02  7.61544E-09  7.61882E-09  1.11868E-08 -3.42165E-16 -4.67424E-16
  1.250E-02  1.18991E-08  7.61882E-09  1.11868E-08 -4.27706E-16 -5.84280E-16
  1.500E-02  1.71347E-08  7.61881E-09  1.11868E-08 -5.13247E-16 -7.01136E-16
  1.750E-02  2.33223E-08  7.61881E-09  1.11868E-08 -5.98788E-16 -8.17992E-16
  2.000E-02  3.04617E-08  7.61881E-09  1.11868E-08 -6.84329E-16 -9.34848E-16
  2.250E-02  3.85531E-08  7.61881E-09  1.11868E-08 -7.69871E-16 -1.05170E-15
  2.500E-02  4.75965E-08  7.61881E-09  1.11868E-08 -8.55412E-16 -1.16856E-15
  2.750E-02  5.75917E-08  7.61881E-09  1.11868E-08 -9.40953E-16 -1.28542E-15
  3.000E-02  6.85389E-08  7.61881E-09  1.11868E-08 -1.02649E-15 -1.40227E-15
  3.250E-02  8.04380E-08  7.61881E-09  1.11868E-08 -1.11204E-15 -1.51913E-15
  3.500E-02  9.32891E-08  7.61881E-09  1.11868E-08 -1.19758E-15 -1.63598E-15
  3.750E-02  1.07092E-07  7.61881E-09  1.11868E-08 -1.28312E-15 -1.75284E-15
  4.000E-02  1.21847E-07  7.61880E-09  1.11868E-08 -1.36866E-15 -1.86970E-15
  4.250E-02  1.37554E-07  7.61880E-09  1.11868E-08 -1.45420E-15 -1.98655E-15
  4.500E-02  1.54213E-07  7.61880E-09  1.11868E-08 -1.53974E-15 -2.10341E-15
  4.750E-02  1.71823E-07  7.61880E-09  1.11868E-08 -1.62528E-15 -2.22026E-15
  5.000E-02  1.90386E-07  7.61880E-09  1.11868E-08 -1.71082E-15 -2.33712E-15
  5.250E-02  2.09900E-07  7.61880E-09  1.11868E-08 -1.79637E-15 -2.45397E-15
  5.500E-02  2.30367E-07  7.61879E-09  1.11868E-08 -1.88191E-15 -2.57083E-15
  5.750E-02  2.51785E-07  7.61879E-09  1.11868E-08 -1.96745E-15 -2.68769E-15
  6.000E-02  2.74156E-07  7.61879E-09  1.11868E-08 -2.05299E-15 -2.80454E-15
  6.250E-02  2.97478E-07  7.61879E-09  1.11868E-08 -2.13853E-15 -2.92140E-15
  6.500E-02  3.21752E-07  7.61879E-09  1.11868E-08 -2.22407E-15 -3.03825E-15
  6.750E-02  3.46978E-07  7.61878E-09  1.11868E-08 -2.30961E-15 -3.15511E-15
  7.000E-02  3.73156E-07  7.61878E-09  1.11868E-08 -2.39516E-15 -3.27197E-15
  7.250E-02  4.00286E-07  7.61878E-09  1.11868E-08 -2.48070E-15 -3.38882E-15
  7.500E-02  4.28368E-07  7.61878E-09  1.11868E-08 -2.56624E-15 -3.50568E-15
  7.750E-02  4.57402E-07  7.61877E-09  1.11868E-08 -2.65178E-15 -3.62253E-15
  8.000E-02  4.87388E-07  7.61877E-09  1.11868E-08 -2.73732E-15 -3.73939E-15
  8.250E-02  5.18325E-07  7.61877E-09  1.11868E-08 -2.82286E-15 -3.85625E-15
  8.500E-02  5.50215E-07  7.61876E-09  1.11868E-08 -2.90840E-15 -3.97310E-15
  8.750E-02  5.83057E-07  7.61876E-09  1.11868E-08 -2.99395E-15 -4.08996E-15
  9.000E-02  6.16850E-07  7.61876E-09  1.11868E-08 -3.07949E-15 -4.20681E-15
  9.250E-02  6.51596E-07  7.61875E-09  1.11868E-08 -3.16503E-15 -4.32367E-15
  9.500E-02  6.87293E-07  7.61875E-09  1.11868E-08 -3.25057E-15 -4.44053E-15
  9.750E-02  7.23942E-07  7.61875E-09  1.11868E-08 -3.33611E-15 -4.55738E-15
  1.000E-01  7.61543E-07  7.61874E-09  1.11868E-08 -3.42165E-15 -4.67424E-15
  1.250E-01  1.18991E-06  7.61870E-09  1.11868E-08 -4.27707E-15 -5.84280E-15
  1.500E-01  1.71347E-06  7.61865E-09  1.11868E-08 -5.13250E-15 -7.01136E-15
  1.750E-01  2.33223E-06  7.61860E-09  1.11867E-08 -5.98792E-15 -8.17992E-15
  2.000E-01  3.04617E-06  7.61853E-09  1.11867E-08 -6.84336E-15 -9.34849E-15
  2.250E-01  3.85531E-06  7.61845E-09  1.11867E-08 -7.69879E-15 -1.05170E-14
  2.500E-01  4.75964E-06  7.61837E-09  1.11866E-08 -8.55424E-15 -1.16856E-14
  2.750E-01  5.75916E-06  7.61827E-09  1.11866E-08 -9.40969E-15 -1.28542E-14
  3.000E-01  6.85388E-06  7.61817E-09  1.11866E-08 -1.02651E-14 -1.40227E-14
  3.250E-01  8.04378E-06  7.61806E-09  1.11865E-08 -1.11206E-14 -1.51913E-14
  3.500E-01  9.32888E-06  7.61794E-09  1.11865E-08 -1.19761E-14 -1.63599E-14
  3.750E-01  1.07092E-05  7.61781E-09  1.11864E-08 -1.28316E-14 -1.75285E-14
  4.000E-01  1.21846E-05  7.61767E-09  1.11864E-08 -1.36871E-14 -1.86970E-14
  4.250E-01  1.37553E-05  7.61752E-09  1.11863E-08 -1.45426E-14 -1.98656E-14
  4.500E-01  1.54212E-05  7.61736E-09  1.11863E-08 -1.53981E-14 -2.10342E-14
  4.750E-01  1.71822E-05  7.61719E-09  1.11862E-08 -1.62537E-14 -2.22028E-14
  5.000E-01  1.90385E-05  7.61702E-09  1.11861E-08 -1.71092E-14 -2.33713E-14
  5.250E-01  2.09899E-05  7.61683E-09  1.11861E-08 -1.79648E-14 -2.45399E-14
  5.500E-01  2.30365E-05  7.61664E-09  1.11860E-08 -1.88204E-14 -2.57085E-14
  5.750E-01  2.51783E-05  7.61644E-09  1.11859E-08 -1.96759E-14 -2.68771E-14
  6.000E-01  2.74153E-05  7.61623E-09  1.11858E-08 -2.05316E-14 -2.80457E-14
  6.250E-01  2.97475E-05  7.61601E-09  1.11858E-08 -2.13872E-14 -2.92143E-14
  6.500E-01  3.21749E-05  7.61578E-09  1.11857E-08 -2.22428E-14 -3.03829E-14
  6.750E-01  3.46974E-05  7.61554E-09  1.11856E-08 -2.30985E-14 -3.15515E-14
  7.000E-01  3.73152E-05  7.61529E-09  1.11855E-08 -2.39542E-14 -3.27201E-14
  7.250E-01  4.00281E-05  7.61504E-09  1.11854E-08 -2.48099E-14 -3.38887E-14
  7.500E-01  4.28362E-05  7.61477E-09  1.11853E-08 -2.56656E-14 -3.50573E-14
  7.750E-01  4.57395E-05  7.61450E-09  1.11852E-08 -2.65214E-14 -3.62259E-14
  8.000E-01  4.87380E-05  7.61422E-09  1.11851E-08 -2.73772E-14 -3.73946E-14
  8.250E-01  5.18317E-05  7.61392E-09  1.11850E-08 -2.82330E-14 -3.85632E-14
  8.500E-01  5.50205E-05  7.61362E-09  1.11849E-08 -2.90888E-14 -3.97318E-14
  8.750E-01  5.83045E-05  7.61331E-09  1.11848E-08 -2.99446E-14 -4.09004E-14
  9.000E-01  6.16838E-05  7.61299E-09  1.11846E-08 -3.08005E-14 -4.20691E-14
  9.250E-01  6.51582E-05  7.61267E-09  1.11845E-08 -3.16564E-14 -4.32377E-14
  9.500E-01  6.87277E-05  7.61233E-09  1.11844E-08 -3.25123E-14 -4.44063E-14
  9.750E-01  7.23925E-05  7.61198E-09  1.11843E-08 -3.33683E-14 -4.55750E-14
  1.000E+00  7.61524E-05  7.61163E-09  1.11841E-08 -3.42243E-14 -4.67436E-14
  1.100E+00  9.21439E-05  7.61012E-09  1.11836E-08 -3.76485E-14 -5.14183E-14
  1.200E+00  1.09658E-04  7.60847E-09  1.11829E-08 -4.10732E-14 -5.60930E-14
  1.300E+00  1.28695E-04  7.60667E-09  1.11823E-08 -4.44985E-14 -6.07679E-14
  1.400E+00  1.49255E-04  7.60473E-09  1.11815E-08 -4.79244E-14 -6.54428E-14
  1.500E+00  1.71338E-04  7.60265E-09  1.11807E-08 -5.13510E-14 -7.01179E-14
  1.600E+00  1.94942E-04  7.60042E-09  1.11799E-08 -5.47782E-14 -7.47930E-14
  1.700E+00  2.20070E-04  7.59806E-09  1.11790E-08 -5.82062E-14 -7.94683E-14
  1.800E+00  2.46720E-04  7.59554E-09  1.11781E-08 -6.16350E-14 -8.41437E-14
  1.900E+00  2.74892E-04  7.59289E-09  1.11771E-08 -6.50647E-14 -8.88192E-14
  2.000E+00  3.04586E-04  7.59009E-09  1.11760E-08 -6.84952E-14 -9.34949E-14
  2.100E+00  3.35803E-04  7.58715E-09  1.11749E-08 -7.19266E-14 -9.81707E-14
  2.200E+00  3.68542E-04  7.58407E-09  1.11738E-08 -7.53590E-14 -1.02847E-13
  2.300E+00  4.02802E-04  7.58085E-09  1.11725E-08 -7.87925E-14 -1.07523E-13
  2.400E+00  4.38585E-04  7.57748E-09  1.11713E-08 -8.22270E-14 -1.12199E-13
  2.500E+00  4.75889E-04  7.57397E-09  1.11700E-08 -8.56626E-14 -1.16876E-13
  2.600E+00  5.14715E-04  7.57032E-09  1.11686E-08 -8.90994E-14 -1.21552E-13
  2.700E+00  5.55063E-04  7.56653E-09  1.11671E-08 -9.25374E-14 -1.26229E-13
  2.800E+00  5.96931E-04  7.56260E-09  1.11657E-08 -9.59767E-14 -1.30906E-13
  2.900E+00  6.40321E-04  7.55852E-09  1.11641E-08 -9.94172E-14 -1.35584E-13
  3.000E+00  6.85233E-04  7.55431E-09  1.11625E-08 -1.02859E-13 -1.40261E-13
  3.100E+00  7.31665E-04  7.54995E-09  1.11609E-08 -1.06302E-13 -1.44939E-13
  3.200E+00  7.79618E-04  7.54545E-09  1.11592E-08 -1.09747E-13 -1.49617E-13
  3.300E+00  8.29092E-04  7.54081E-09  1.11574E-08 -1.13193E-13 -1.54295E-13
  3.400E+00  8.80086E-04  7.53603E-09  1.11556E-08 -1.16641E-13 -1.58974E-13
  3.500E+00  9.32601E-04  7.53111E-09  1.11538E-08 -1.20090E-13 -1.63653E-13
  3.600E+00  9.86636E-04  7.52605E-09  1.11519E-08 -1.23541E-13 -1.68332E-13
  3.700E+00  1.04219E-03  7.52085E-09  1.11499E-08 -1.26994E-13 -1.73011E-13
  3.800E+00  1.09927E-03  7.51551E-09  1.11479E-08 -1.30448E-13 -1.77691E-13
  3.900E+00  1.15786E-03  7.51003E-09  1.11458E-08 -1.33904E-13 -1.82370E-13
  4.000E+00  1.21797E-03  7.50441E-09  1.11437E-08 -1.37362E-13 -1.87051E-13
  4.100E+00  1.27961E-03  7.49866E-09  1.11415E-08 -1.40821E-13 -1.91731E-13
  4.200E+00  1.34276E-03  7.49276E-09  1.11393E-08 -1.44283E-13 -1.96412E-13
  4.300E+00  1.40743E-03  7.48673E-09  1.11370E-08 -1.47746E-13 -2.01093E-13
  4.400E+00  1.47362E-03  7.48055E-09  1.11346E-08 -1.51211E-13 -2.05774E-13
  4.500E+00  1.54133E-03  7.47424E-09  1.11322E-08 -1.54679E-13 -2.10456E-13
  4.600E+00  1.61056E-03  7.46780E-09  1.11298E-08 -1.58148E-13 -2.15138E-13
  4.700E+00  1.68131E-03  7.46121E-09  1.11273E-08 -1.61620E-13 -2.19820E-13
  4.800E+00  1.75357E-03  7.45449E-09  1.11247E-08 -1.65093E-13 -2.24503E-13
  4.900E+00  1.82735E-03  7.44763E-09  1.11221E-08 -1.68569E-13 -2.29186E-13
  5.000E+00  1.90265E-03  7.44063E-09  1.11195E-08 -1.72047E-13 -2.33870E-13
  5.100E+00  1.97947E-03  7.43350E-09  1.11167E-08 -1.75527E-13 -2.38554E-13
  5.200E+00  2.05780E-03  7.42623E-09  1.11140E-08 -1.79010E-13 -2.43238E-13
  5.300E+00  2.13765E-03  7.41883E-09  1.11112E-08 -1.82495E-13 -2.47922E-13
  5.400E+00  2.21902E-03  7.41129E-09  1.11083E-08 -1.85982E-13 -2.52607E-13
  5.500E+00  2.30190E-03  7.40361E-09  1.11054E-08 -1.89472E-13 -2.57293E-13
  5.600E+00  2.38630E-03  7.39580E-09  1.11024E-08 -1.92964E-13 -2.61979E-13
  5.700E+00  2.47222E-03  7.38786E-09  1.10993E-08 -1.96459E-13 -2.66665E-13
  5.800E+00  2.55965E-03  7.37978E-09  1.10963E-08 -1.99957E-13 -2.71352E-13
  5.900E+00  2.64859E-03  7.37157E-09  1.10931E-08 -2.03456E-13 -2.76039E-13
  6.000E+00  2.73905E-03  7.36322E-09  1.10899E-08 -2.06959E-13 -2.80726E-13
  6.100E+00  2.83103E-03  7.35475E-09  1.10867E-08 -2.10464E-13 -2.85414E-13
  6.200E+00  2.92452E-03  7.34614E-09  1.10834E-08 -2.13972E-13 -2.90103E-13
  6.300E+00  3.01952E-03  7.33739E-09  1.10800E-08 -2.17483E-13 -2.94792E-13
  6.400E+00  3.11604E-03  7.32852E-09  1.10766E-08 -2.20996E-13 -2.99481E-13
  6.500E+00  3.21407E-03  7.31951E-09  1.10732E-08 -2.24513E-13 -3.04171E-13
  6.600E+00  3.31362E-03  7.31037E-09  1.10697E-08 -2.28032E-13 -3.08861E-13
  6.700E+00  3.41468E-03  7.30110E-09  1.10661E-08 -2.31554E-13 -3.13552E-13
  6.800E+00  3.51725E-03  7.29170E-09  1.10625E-08 -2.35079E-13 -3.18243E-13
  6.900E+00  3.62133E-03  7.28217E-09  1.10588E-08 -2.38607E-13 -3.22935E-13
  7.000E+00  3.72692E-03  7.27252E-09  1.10551E-08 -2.42139E-13 -3.27627E-13
  7.100E+00  3.83403E-03  7.26273E-09  1.10513E-08 -2.45673E-13 -3.32320E-13
  7.200E+00  3.94265E-03  7.25281E-09  1.10475E-08 -2.49210E-13 -3.37013E-13
  7.300E+00  4.05278E-03  7.24276E-09  1.10436E-08 -2.52751E-13 -3.41707E-13
  7.400E+00  4.16442E-03  7.23259E-09  1.10397E-08 -2.56294E-13 -3.46401E-13
  7.500E+00  4.27757E-03  7.22229E-09  1.10357E-08 -2.59841E-13 -3.51096E-13
  7.600E+00  4.39223E-03  7.21186E-09  1.10317E-08 -2.63391E-13 -3.55792E-13
  7.700E+00  4.50840E-03  7.20130E-09  1.10276E-08 -2.66945E-13 -3.60488E-13
  7.800E+00  4.62608E-03  7.19062E-09  1.10234E-08 -2.70502E-13 -3.65184E-13
  7.900E+00  4.74527E-03  7.17981E-09  1.10193E-08 -2.74062E-13 -3.69881E-13
  8.000E+00  4.86597E-03  7.16888E-09  1.10150E-08 -2.77625E-13 -3.74579E-13
  8.100E+00  4.98817E-03  7.15782E-09  1.10107E-08 -2.81192E-13 -3.79277E-13
  8.200E+00  5.11188E-03  7.14664E-09  1.10064E-08 -2.84763E-13 -3.83976E-13
  8.300E+00  5.23711E-03  7.13533E-09  1.10020E-08 -2.88337E-13 -3.88675E-13
  8.400E+00  5.36383E-03  7.12390E-09  1.09975E-08 -2.91915E-13 -3.93375E-13
  8.500E+00  5.49207E-03  7.11234E-09  1.09930E-08 -2.95496E-13 -3.98076E-13
  8.600E+00  5.62181E-03  7.10067E-09  1.09885E-08 -2.99081E-13 -4.02777E-13
  8.700E+00  5.75306E-03  7.08887E-09  1.09839E-08 -3.02669E-13 -4.07479E-13
  8.800E+00  5.88581E-03  7.07695E-09  1.09792E-08 -3.06261E-13 -4.12182E-13
  8.900E+00  6.02007E-03  7.06490E-09  1.09745E-08 -3.09857E-13 -4.16885E-13
  9.000E+00  6.15583E-03  7.05274E-09  1.09697E-08 -3.13457E-13 -4.21588E-13
  9.100E+00  6.29310E-03  7.04045E-09  1.09649E-08 -3.17060E-13 -4.26293E-13
  9.200E+00  6.43187E-03  7.02805E-09  1.09600E-08 -3.20667E-13 -4.30998E-13
  9.300E+00  6.57214E-03  7.01553E-09  1.09551E-08 -3.24278E-13 -4.35703E-13
  9.400E+00  6.71392E-03  7.00289E-09  1.09502E-08 -3.27893E-13 -4.40410E-13
  9.500E+00  6.85720E-03  6.99012E-09  1.09451E-08 -3.31512E-13 -4.45117E-13
  9.600E+00  7.00198E-03  6.97725E-09  1.09401E-08 -3.35135E-13 -4.49824E-13
  9.700E+00  7.14827E-03  6.96425E-09  1.09349E-08 -3.38762E-13 -4.54533E-13
  9.800E+00  7.29605E-03  6.95114E-09  1.09298E-08 -3.42393E-13 -4.59242E-13
  9.900E+00  7.44534E-03  6.93791E-09  1.09245E-08 -3.46028E-13 -4.63951E-13
  1.000E+01  7.59612E-03  6.92456E-09  1.09193E-08 -3.49667E-13 -4.68662E-13
  1.025E+01  7.97965E-03  6.89070E-09  1.09059E-08 -3.58782E-13 -4.80441E-13
  1.050E+01  8.37255E-03  6.85612E-09  1.08921E-08 -3.67924E-13 -4.92224E-13
  1.075E+01  8.77480E-03  6.82084E-09  1.08781E-08 -3.77093E-13 -5.04012E-13
  1.100E+01  9.18641E-03  6.78487E-09  1.08637E-08 -3.86288E-13 -5.15805E-13
  1.125E+01  9.60736E-03  6.74821E-09  1.08490E-08 -3.95511E-13 -5.27602E-13
  1.150E+01  1.00376E-02  6.71087E-09  1.08340E-08 -4.04762E-13 -5.39404E-13
  1.175E+01  1.04773E-02  6.67286E-09  1.08187E-08 -4.14041E-13 -5.51211E-13
  1.200E+01  1.09262E-02  6.63420E-09  1.08031E-08 -4.23349E-13 -5.63023E-13
  1.225E+01  1.13844E-02  6.59488E-09  1.07872E-08 -4.32686E-13 -5.74840E-13
  1.250E+01  1.18520E-02  6.55493E-09  1.07709E-08 -4.42053E-13 -5.86662E-13
  1.275E+01  1.23288E-02  6.51434E-09  1.07544E-08 -4.51450E-13 -5.98489E-13
  1.300E+01  1.28150E-02  6.47314E-09  1.07375E-08 -4.60876E-13 -6.10321E-13
  1.325E+01  1.33104E-02  6.43132E-09  1.07204E-08 -4.70333E-13 -6.22159E-13
  1.350E+01  1.38150E-02  6.38890E-09  1.07029E-08 -4.79822E-13 -6.34002E-13
  1.375E+01  1.43290E-02  6.34589E-09  1.06851E-08 -4.89341E-13 -6.45851E-13
  1.400E+01  1.48521E-02  6.30230E-09  1.06670E-08 -4.98892E-13 -6.57705E-13
  1.425E+01  1.53845E-02  6.25813E-09  1.06487E-08 -5.08474E-13 -6.69564E-13
  1.450E+01  1.59262E-02  6.21341E-09  1.06300E-08 -5.18089E-13 -6.81429E-13
  1.475E+01  1.64770E-02  6.16814E-09  1.06110E-08 -5.27736E-13 -6.93300E-13
  1.500E+01  1.70371E-02  6.12232E-09  1.05917E-08 -5.37415E-13 -7.05177E-13
  1.525E+01  1.76063E-02  6.07598E-09  1.05721E-08 -5.47127E-13 -7.17059E-13
  1.550E+01  1.81848E-02  6.02911E-09  1.05523E-08 -5.56872E-13 -7.28947E-13
  1.575E+01  1.87724E-02  5.98174E-09  1.05321E-08 -5.66650E-13 -7.40841E-13
  1.600E+01  1.93692E-02  5.93386E-09  1.05117E-08 -5.76462E-13 -7.52741E-13
  1.625E+01  1.99751E-02  5.88550E-09  1.04909E-08 -5.86307E-13 -7.64647E-13
  1.650E+01  2.05901E-02  5.83667E-09  1.04699E-08 -5.96186E-13 -7.76559E-13
  1.675E+01  2.12143E-02  5.78736E-09  1.04485E-08 -6.06098E-13 -7.88477E-13
  1.700E+01  2.18476E-02  5.73761E-09  1.04269E-08 -6.16045E-13 -8.00402E-13
  1.725E+01  2.24900E-02  5.68740E-09  1.04050E-08 -6.26025E-13 -8.12332E-13
  1.750E+01  2.31415E-02  5.63676E-09  1.03828E-08 -6.36040E-13 -8.24268E-13
  1.775E+01  2.38021E-02  5.58570E-09  1.03604E-08 -6.46089E-13 -8.36211E-13
  1.800E+01  2.44717E-02  5.53423E-09  1.03376E-08 -6.56173E-13 -8.48160E-13
  1.825E+01  2.51504E-02  5.48236E-09  1.03146E-08 -6.66291E-13 -8.60115E-13
  1.850E+01  2.58382E-02  5.43010E-09  1.02913E-08 -6.76443E-13 -8.72077E-13
  1.875E+01  2.65349E-02  5.37745E-09  1.02677E-08 -6.86630E-13 -8.84045E-13
  1.900E+01  2.72407E-02  5.32444E-09  1.02439E-08 -6.96851E-13 -8.96019E-13
  1.925E+01  2.79555E-02  5.27107E-09  1.02197E-08 -7.07107E-13 -9.07999E-13
  1.950E+01  2.86793E-02  5.21736E-09  1.01953E-08 -7.17398E-13 -9.19986E-13
  1.975E+01  2.94120E-02  5.16331E-09  1.01707E-08 -7.27723E-13 -9.31979E-13
  2.000E+01  3.01537E-02  5.10893E-09  1.01457E-08 -7.38082E-13 -9.43979E-13
  2.025E+01  3.09043E-02  5.05425E-09  1.01205E-08 -7.48476E-13 -9.55984E-13
  2.050E+01  3.16639E-02  4.99926E-09  1.00950E-08 -7.58905E-13 -9.67997E-13
  2.075E+01  3.24324E-02  4.94397E-09  1.00693E-08 -7.69368E-13 -9.80015E-13
  2.100E+01  3.32098E-02  4.88841E-09  1.00433E-08 -7.79865E-13 -9.92040E-13
  2.125E+01  3.39961E-02  4.83258E-09  1.00170E-08 -7.90396E-13 -1.00407E-12
  2.150E+01  3.47912E-02  4.77649E-09  9.99051E-09 -8.00961E-13 -1.01611E-12
  2.175E+01  3.55952E-02  4.72015E-09  9.96373E-09 -8.11561E-13 -1.02815E-12
  2.200E+01  3.64081E-02  4.66358E-09  9.93670E-09 -8.22194E-13 -1.04020E-12
  2.225E+01  3.72297E-02  4.60677E-09  9.90941E-09 -8.32861E-13 -1.05226E-12
  2.250E+01  3.80602E-02  4.54976E-09  9.88187E-09 -8.43561E-13 -1.06432E-12
  2.275E+01  3.88995E-02  4.49253E-09  9.85409E-09 -8.54295E-13 -1.07639E-12
  2.300E+01  3.97476E-02  4.43512E-09  9.82605E-09 -8.65062E-13 -1.08847E-12
  2.325E+01  4.06044E-02  4.37751E-09  9.79777E-09 -8.75862E-13 -1.10055E-12
  2.350E+01  4.14700E-02  4.31974E-09  9.76925E-09 -8.86695E-13 -1.11264E-12
  2.375E+01  4.23443E-02  4.26180E-09  9.74048E-09 -8.97560E-13 -1.12473E-12
  2.400E+01  4.32273E-02  4.20371E-09  9.71147E-09 -9.08458E-13 -1.13683E-12
  2.425E+01  4.41190E-02  4.14548E-09  9.68222E-09 -9.19388E-13 -1.14894E-12
  2.450E+01  4.50194E-02  4.08712E-09  9.65274E-09 -9.30350E-13 -1.16105E-12
  2.475E+01  4.59284E-02  4.02864E-09  9.62302E-09 -9.41344E-13 -1.17317E-12
  2.500E+01  4.68461E-02  3.97004E-09  9.59306E-09 -9.52369E-13 -1.18530E-12
  2.550E+01  4.87074E-02  3.85256E-09  9.53247E-09 -9.74512E-13 -1.20956E-12
  2.600E+01  5.06030E-02  3.73476E-09  9.47096E-09 -9.96777E-13 -1.23385E-12
  2.650E+01  5.25328E-02  3.61671E-09  9.40856E-09 -1.01916E-12 -1.25817E-12
  2.700E+01  5.44967E-02  3.49850E-09  9.34527E-09 -1.04166E-12 -1.28250E-12
  2.750E+01  5.64946E-02  3.38020E-09  9.28113E-09 -1.06428E-12 -1.30686E-12
  2.800E+01  5.85262E-02  3.26189E-09  9.21614E-09 -1.08701E-12 -1.33124E-12
  2.850E+01  6.05914E-02  3.14363E-09  9.15032E-09 -1.10984E-12 -1.35564E-12
  2.900E+01  6.26901E-02  3.02551E-09  9.08369E-09 -1.13278E-12 -1.38006E-12
  2.950E+01  6.48222E-02  2.90760E-09  9.01626E-09 -1.15583E-12 -1.40449E-12
  3.000E+01  6.69873E-02  2.78996E-09  8.94805E-09 -1.17897E-12 -1.42895E-12
  3.050E+01  6.91854E-02  2.67266E-09  8.87907E-09 -1.20220E-12 -1.45342E-12
  3.100E+01  7.14163E-02  2.55577E-09  8.80935E-09 -1.22553E-12 -1.47791E-12
  3.150E+01  7.36799E-02  2.43936E-09  8.73890E-09 -1.24894E-12 -1.50241E-12
  3.200E+01  7.59760E-02  2.32348E-09  8.66773E-09 -1.27244E-12 -1.52693E-12
  3.250E+01  7.83043E-02  2.20820E-09  8.59587E-09 -1.29602E-12 -1.55146E-12
  3.300E+01  8.06647E-02  2.09359E-09  8.52333E-09 -1.31967E-12 -1.57601E-12
  3.350E+01  8.30571E-02  1.97969E-09  8.45013E-09 -1.34339E-12 -1.60056E-12
  3.400E+01  8.54812E-02  1.86657E-09  8.37628E-09 -1.36718E-12 -1.62513E-12
  3.450E+01  8.79369E-02  1.75428E-09  8.30181E-09 -1.39103E-12 -1.64970E-12
  3.500E+01  9.04240E-02  1.64287E-09  8.22673E-09 -1.41494E-12 -1.67428E-12
  3.550E+01  9.29422E-02  1.53240E-09  8.15106E-09 -1.43891E-12 -1.69887E-12
  3.600E+01  9.54915E-02  1.42292E-09  8.07482E-09 -1.46292E-12 -1.72346E-12
  3.650E+01  9.80716E-02  1.31448E-09  7.99802E-09 -1.48698E-12 -1.74805E-12
  3.700E+01  1.00682E-01  1.20711E-09  7.92068E-09 -1.51107E-12 -1.77264E-12
  3.750E+01  1.03323E-01  1.10088E-09  7.84282E-09 -1.53521E-12 -1.79724E-12
  3.800E+01  1.05995E-01  9.95816E-10  7.76446E-09 -1.55937E-12 -1.82183E-12
  3.850E+01  1.08696E-01  8.91967E-10  7.68562E-09 -1.58356E-12 -1.84642E-12
  3.900E+01  1.11427E-01  7.89372E-10  7.60630E-09 -1.60777E-12 -1.87100E-12
  3.950E+01  1.14188E-01  6.88070E-10  7.52654E-09 -1.63199E-12 -1.89558E-12
  4.000E+01  1.16978E-01  5.88098E-10  7.44635E-09 -1.65623E-12 -1.92015E-12
  4.050E+01  1.19797E-01  4.89492E-10  7.36575E-09 -1.68047E-12 -1.94471E-12
  4.100E+01  1.22645E-01  3.92287E-10  7.28475E-09 -1.70471E-12 -1.96925E-12
  4.150E+01  1.25522E-01  2.96515E-10  7.20337E-09 -1.72895E-12 -1.99378E-12
  4.200E+01  1.28428E-01  2.02206E-10  7.12163E-09 -1.75318E-12 -2.01830E-12
  4.250E+01  1.31361E-01  1.09392E-10  7.03955E-09 -1.77740E-12 -2.04279E-12
  4.300E+01  1.34323E-01  1.80985E-11  6.95715E-09 -1.80160E-12 -2.06727E-12
  4.350E+01  1.37313E-01 -7.16460E-11  6.87444E-09 -1.82577E-12 -2.09172E-12
  4.400E+01  1.40330E-01 -1.59817E-10  6.79144E-09 -1.84992E-12 -2.11615E-12
  4.450E+01  1.43375E-01 -2.46390E-10  6.70817E-09 -1.87403E-12 -2.14055E-12
  4.500E+01  1.46447E-01 -3.31343E-10  6.62464E-09 -1.89811E-12 -2.16492E-12
  4.550E+01  1.49545E-01 -4.14654E-10  6.54088E-09 -1.92214E-12 -2.18926E-12
  4.600E+01  1.52671E-01 -4.96305E-10  6.45690E-09 -1.94612E-12 -2.21356E-12
  4.650E+01  1.55823E-01 -5.76275E-10  6.37271E-09 -1.97005E-12 -2.23783E-12
  4.700E+01  1.59001E-01 -6.54548E-10  6.28835E-09 -1.99393E-12 -2.26206E-12
  4.750E+01  1.62205E-01 -7.31108E-10  6.20381E-09 -2.01773E-12 -2.28625E-12
  4.800E+01  1.65435E-01 -8.05939E-10  6.11912E-09 -2.04148E-12 -2.31039E-12
  4.850E+01  1.68690E-01 -8.79029E-10  6.03431E-09 -2.06514E-12 -2.33449E-12
  4.900E+01  1.71970E-01 -9.50364E-10  5.94937E-09 -2.08874E-12 -2.35854E-12
  4.950E+01  1.75276E-01 -1.01993E-09  5.86433E-09 -2.11224E-12 -2.38254E-12
  5.000E+01  1.78606E-01 -1.08773E-09  5.77921E-09 -2.13567E-12 -2.40648E-12
  5.050E+01  1.81961E-01 -1.15373E-09  5.69403E-09 -2.15900E-12 -2.43037E-12
  5.100E+01  1.85340E-01 -1.21795E-09  5.60879E-09 -2.18223E-12 -2.45419E-12
  5.150E+01  1.88743E-01 -1.28036E-09  5.52352E-09 -2.20536E-12 -2.47796E-12
  5.200E+01  1.92169E-01 -1.34096E-09  5.43823E-09 -2.22839E-12 -2.50166E-12
  5.250E+01  1.95619E-01 -1.39976E-09  5.35294E-09 -2.25130E-12 -2.52529E-12
  5.300E+01  1.99092E-01 -1.45673E-09  5.26766E-09 -2.27410E-12 -2.54884E-12
  5.350E+01  2.02589E-01 -1.51189E-09  5.18242E-09 -2.29678E-12 -2.57233E-12
  5.400E+01  2.06107E-01 -1.56522E-09  5.09722E-09 -2.31934E-12 -2.59574E-12
  5.450E+01  2.09649E-01 -1.61673E-09  5.01208E-09 -2.34177E-12 -2.61906E-12
  5.500E+01  2.13212E-01 -1.66642E-09  4.92701E-09 -2.36407E-12 -2.64231E-12
  5.550E+01  2.16797E-01 -1.71427E-09  4.84204E-09 -2.38622E-12 -2.66547E-12
  5.600E+01  2.20404E-01 -1.76031E-09  4.75717E-09 -2.40824E-12 -2.68854E-12
  5.650E+01  2.24032E-01 -1.80452E-09  4.67243E-09 -2.43011E-12 -2.71152E-12
  5.700E+01  2.27680E-01 -1.84691E-09  4.58782E-09 -2.45183E-12 -2.73440E-12
  5.750E+01  2.31350E-01 -1.88748E-09  4.50336E-09 -2.47340E-12 -2.75719E-12
  5.800E+01  2.35040E-01 -1.92624E-09  4.41907E-09 -2.49481E-12 -2.77987E-12
  5.850E+01  2.38751E-01 -1.96319E-09  4.33495E-09 -2.51605E-12 -2.80245E-12
  5.900E+01  2.42481E-01 -1.99834E-09  4.25103E-09 -2.53713E-12 -2.82492E-12
  5.950E+01  2.46231E-01 -2.03169E-09  4.16732E-09 -2.55804E-12 -2.84728E-12
  6.000E+01  2.50000E-01 -2.06324E-09  4.08382E-09 -2.57877E-12 -2.86952E-12
  6.050E+01  2.53788E-01 -2.09301E-09  4.00056E-09 -2.59933E-12 -2.89165E-12
  6.100E+01  2.57595E-01 -2.12100E-09  3.91755E-09 -2.61970E-12 -2.91366E-12
  6.150E+01  2.61421E-01 -2.14722E-09  3.83480E-09 -2.63989E-12 -2.93554E-12
  6.200E+01  2.65264E-01 -2.17168E-09  3.75232E-09 -2.65989E-12 -2.95729E-12
  6.250E+01  2.69126E-01 -2.19438E-09  3.67013E-09 -2.67969E-12 -2.97892E-12
  6.300E+01  2.73005E-01 -2.21534E-09  3.58824E-09 -2.69930E-12 -3.00041E-12
  6.350E+01  2.76901E-01 -2.23457E-09  3.50666E-09 -2.71871E-12 -3.02176E-12
  6.400E+01  2.80814E-01 -2.25207E-09  3.42540E-09 -2.73791E-12 -3.04297E-12
  6.450E+01  2.84744E-01 -2.26787E-09  3.34448E-09 -2.75691E-12 -3.06404E-12
  6.500E+01  2.88691E-01 -2.28196E-09  3.26390E-09 -2.77569E-12 -3.08496E-12
  6.550E+01  2.92653E-01 -2.29436E-09  3.18368E-09 -2.79426E-12 -3.10573E-12
  6.600E+01  2.96632E-01 -2.30508E-09  3.10384E-09 -2.81262E-12 -3.12634E-12
  6.650E+01  3.00625E-01 -2.31414E-09  3.02437E-09 -2.83075E-12 -3.14680E-12
  6.700E+01  3.04634E-01 -2.32155E-09  2.94530E-09 -2.84866E-12 -3.16710E-12
  6.750E+01  3.08658E-01 -2.32732E-09  2.86663E-09 -2.86634E-12 -3.18723E-12
  6.800E+01  3.12697E-01 -2.33146E-09  2.78837E-09 -2.88379E-12 -3.20719E-12
  6.850E+01  3.16749E-01 -2.33399E-09  2.71053E-09 -2.90101E-12 -3.22698E-12
  6.900E+01  3.20816E-01 -2.33492E-09  2.63313E-09 -2.91799E-12 -3.24659E-12
  6.950E+01  3.24896E-01 -2.33427E-09  2.55618E-09 -2.93473E-12 -3.26603E-12
  7.000E+01  3.28990E-01 -2.33205E-09  2.47968E-09 -2.95123E-12 -3.28528E-12
  7.050E+01  3.33097E-01 -2.32828E-09  2.40364E-09 -2.96749E-12 -3.30435E-12
  7.100E+01  3.37216E-01 -2.32296E-09  2.32807E-09 -2.98349E-12 -3.32323E-12
  7.150E+01  3.41348E-01 -2.31613E-09  2.25298E-09 -2.99925E-12 -3.34192E-12
  7.200E+01  3.45492E-01 -2.30778E-09  2.17839E-09 -3.01476E-12 -3.36041E-12
  7.250E+01  3.49647E-01 -2.29795E-09  2.10429E-09 -3.03001E-12 -3.37871E-12
  7.300E+01  3.53814E-01 -2.28663E-09  2.03070E-09 -3.04500E-12 -3.39680E-12
  7.350E+01  3.57992E-01 -2.27386E-09  1.95762E-09 -3.05973E-12 -3.41468E-12
  7.400E+01  3.62181E-01 -2.25964E-09  1.88507E-09 -3.07419E-12 -3.43235E-12
  7.450E+01  3.66381E-01 -2.24400E-09  1.81305E-09 -3.08840E-12 -3.44981E-12
  7.500E+01  3.70590E-01 -2.22695E-09  1.74157E-09 -3.10233E-12 -3.46706E-12
  7.550E+01  3.74810E-01 -2.20850E-09  1.67063E-09 -3.11600E-12 -3.48408E-12
  7.600E+01  3.79039E-01 -2.18868E-09  1.60025E-09 -3.12939E-12 -3.50089E-12
  7.650E+01  3.83277E-01 -2.16749E-09  1.53043E-09 -3.14251E-12 -3.51746E-12
  7.700E+01  3.87524E-01 -2.14497E-09  1.46117E-09 -3.15535E-12 -3.53381E-12
  7.750E+01  3.91780E-01 -2.12112E-09  1.39249E-09 -3.16791E-12 -3.54992E-12
  7.800E+01  3.96044E-01 -2.09596E-09  1.32439E-09 -3.18019E-12 -3.56579E-12
  7.850E+01  4.00316E-01 -2.06952E-09  1.25687E-09 -3.19219E-12 -3.58143E-12
  7.900E+01  4.04596E-01 -2.04180E-09  1.18994E-09 -3.20391E-12 -3.59682E-12
  7.950E+01  4.08882E-01 -2.01283E-09  1.12361E-09 -3.21534E-12 -3.61197E-12
  8.000E+01  4.13176E-01 -1.98262E-09  1.05789E-09 -3.22648E-12 -3.62686E-12
  8.050E+01  4.17476E-01 -1.95119E-09  9.92769E-10 -3.23733E-12 -3.64150E-12
  8.100E+01  4.21783E-01 -1.91857E-09  9.28262E-10 -3.24790E-12 -3.65589E-12
  8.150E+01  4.26095E-01 -1.88476E-09  8.64374E-10 -3.25816E-12 -3.67002E-12
  8.200E+01  4.30413E-01 -1.84979E-09  8.01107E-10 -3.26814E-12 -3.68388E-12
  8.250E+01  4.34737E-01 -1.81367E-09  7.38467E-10 -3.27781E-12 -3.69748E-12
  8.300E+01  4.39065E-01 -1.77642E-09  6.76457E-10 -3.28719E-12 -3.71081E-12
  8.350E+01  4.43398E-01 -1.73807E-09  6.15082E-10 -3.29628E-12 -3.72386E-12
  8.400E+01  4.47736E-01 -1.69862E-09  5.54345E-10 -3.30506E-12 -3.73664E-12
  8.450E+01  4.52077E-01 -1.65810E-09  4.94250E-10 -3.31354E-12 -3.74915E-12
  8.500E+01  4.56422E-01 -1.61653E-09  4.34800E-10 -3.32171E-12 -3.76137E-12
  8.550E+01  4.60770E-01 -1.57392E-09  3.75999E-10 -3.32958E-12 -3.77331E-12
  8.600E+01  4.65122E-01 -1.53029E-09  3.17849E-10 -3.33715E-12 -3.78496E-12
  8.650E+01  4.69476E-01 -1.48566E-09  2.60353E-10 -3.34441E-12 -3.79631E-12
  8.700E+01  4.73832E-01 -1.44006E-09  2.03514E-10 -3.35136E-12 -3.80738E-12
  8.750E+01  4.78190E-01 -1.39349E-09  1.47334E-10 -3.35801E-12 -3.81815E-12
  8.800E+01  4.82550E-01 -1.34597E-09  9.18150E-11 -3.36434E-12 -3.82862E-12
  8.850E+01  4.86912E-01 -1.29753E-09  3.69592E-11 -3.37036E-12 -3.83879E-12
  8.900E+01  4.91274E-01 -1.24818E-09 -1.72316E-11 -3.37608E-12 -3.84865E-12
  8.950E+01  4.95637E-01 -1.19794E-09 -7.07558E-11 -3.38148E-12 -3.85821E-12
  9.000E+01  5.00000E-01 -1.14683E-09 -1.23612E-10 -3.38656E-12 -3.86746E-12
  9.050E+01  5.04363E-01 -1.09487E-09 -1.75799E-10 -3.39134E-12 -3.87639E-12
  9.100E+01  5.08726E-01 -1.04207E-09 -2.27316E-10 -3.39580E-12 -3.88501E-12
  9.150E+01  5.13088E-01 -9.88461E-10 -2.78162E-10 -3.39994E-12 -3.89331E-12
  9.200E+01  5.17450E-01 -9.34049E-10 -3.28336E-10 -3.40377E-12 -3.90129E-12
  9.250E+01  5.21810E-01 -8.78856E-10 -3.77838E-10 -3.40728E-12 -3.90894E-12
  9.300E+01  5.26168E-01 -8.22901E-10 -4.26667E-10 -3.41047E-12 -3.91627E-12
  9.350E+01  5.30524E-01 -7.66202E-10 -4.74823E-10 -3.41335E-12 -3.92327E-12
  9.400E+01  5.34878E-01 -7.08776E-10 -5.22307E-10 -3.41591E-12 -3.92994E-12
  9.450E+01  5.39230E-01 -6.50642E-10 -5.69118E-10 -3.41815E-12 -3.93628E-12
  9.500E+01  5.43578E-01 -5.91818E-10 -6.15257E-10 -3.42007E-12 -3.94228E-12
  9.550E+01  5.47923E-01 -5.32320E-10 -6.60724E-10 -3.42168E-12 -3.94794E-12
  9.600E+01  5.52264E-01 -4.72167E-10 -7.05521E-10 -3.42296E-12 -3.95327E-12
  9.650E+01  5.56602E-01 -4.11377E-10 -7.49647E-10 -3.42393E-12 -3.95825E-12
  9.700E+01  5.60935E-01 -3.49967E-10 -7.93105E-10 -3.42458E-12 -3.96288E-12
  9.750E+01  5.65263E-01 -2.87954E-10 -8.35895E-10 -3.42490E-12 -3.96717E-12
  9.800E+01  5.69587E-01 -2.25357E-10 -8.78018E-10 -3.42491E-12 -3.97111E-12
  9.850E+01  5.73905E-01 -1.62191E-10 -9.19476E-10 -3.42460E-12 -3.97470E-12
  9.900E+01  5.78217E-01 -9.84761E-11 -9.60271E-10 -3.42397E-12 -3.97794E-12
  9.950E+01  5.82524E-01 -3.42276E-11 -1.00040E-09 -3.42302E-12 -3.98082E-12
  1.000E+02  5.86824E-01  3.05368E-11 -1.03988E-09 -3.42175E-12 -3.98335E-12
  1.005E+02  5.91118E-01  9.58001E-11 -1.07870E-09 -3.42016E-12 -3.98551E-12
  1.010E+02  5.95404E-01  1.61545E-10 -1.11686E-09 -3.41825E-12 -3.98732E-12
  1.015E+02  5.99684E-01  2.27755E-10 -1.15437E-09 -3.41602E-12 -3.98876E-12
  1.020E+02  6.03956E-01  2.94414E-10 -1.19122E-09 -3.41347E-12 -3.98984E-12
  1.025E+02  6.08220E-01  3.61503E-10 -1.22743E-09 -3.41060E-12 -3.99056E-12
  1.030E+02  6.12476E-01  4.29008E-10 -1.26300E-09 -3.40742E-12 -3.99091E-12
  1.035E+02  6.16723E-01  4.96911E-10 -1.29792E-09 -3.40392E-12 -3.99089E-12
  1.040E+02  6.20961E-01  5.65195E-10 -1.33221E-09 -3.40010E-12 -3.99050E-12
  1.045E+02  6.25190E-01  6.33845E-10 -1.36586E-09 -3.39596E-12 -3.98973E-12
  1.050E+02  6.29410E-01  7.02844E-10 -1.39888E-09 -3.39151E-12 -3.98860E-12
  1.055E+02  6.33619E-01  7.72177E-10 -1.43127E-09 -3.38674E-12 -3.98709E-12
  1.060E+02  6.37819E-01  8.41826E-10 -1.46303E-09 -3.38165E-12 -3.98520E-12
  1.065E+02  6.42008E-01  9.11776E-10 -1.49417E-09 -3.37625E-12 -3.98294E-12
  1.070E+02  6.46186E-01  9.82011E-10 -1.52470E-09 -3.37054E-12 -3.98029E-12
  1.075E+02  6.50353E-01  1.05252E-09 -1.55461E-09 -3.36451E-12 -3.97727E-12
  1.080E+02  6.54508E-01  1.12327E-09 -1.58391E-09 -3.35817E-12 -3.97387E-12
  1.085E+02  6.58652E-01  1.19427E-09 -1.61260E-09 -3.35152E-12 -3.97009E-12
  1.090E+02  6.62784E-01  1.26549E-09 -1.64070E-09 -3.34455E-12 -3.96592E-12
  1.095E+02  6.66903E-01  1.33692E-09 -1.66819E-09 -3.33728E-12 -3.96137E-12
  1.100E+02  6.71010E-01  1.40853E-09 -1.69510E-09 -3.32969E-12 -3.95644E-12
  1.105E+02  6.75104E-01  1.48033E-09 -1.72141E-09 -3.32180E-12 -3.95112E-12
  1.110E+02  6.79184E-01  1.55228E-09 -1.74715E-09 -3.31359E-12 -3.94542E-12
  1.115E+02  6.83251E-01  1.62439E-09 -1.77230E-09 -3.30508E-12 -3.93933E-12
  1.120E+02  6.87303E-01  1.69662E-09 -1.79688E-09 -3.29627E-12 -3.93285E-12
  1.125E+02  6.91342E-01  1.76898E-09 -1.82090E-09 -3.28714E-12 -3.92599E-12
  1.130E+02  6.95366E-01  1.84143E-09 -1.84434E-09 -3.27772E-12 -3.91873E-12
  1.135E+02  6.99375E-01  1.91397E-09 -1.86723E-09 -3.26799E-12 -3.91109E-12
  1.140E+02  7.03368E-01  1.98659E-09 -1.88957E-09 -3.25796E-12 -3.90306E-12
  1.145E+02  7.07347E-01  2.05927E-09 -1.91136E-09 -3.24762E-12 -3.89463E-12
  1.150E+02  7.11309E-01  2.13199E-09 -1.93260E-09 -3.23699E-12 -3.88582E-12
  1.155E+02  7.15256E-01  2.20474E-09 -1.95331E-09 -3.22606E-12 -3.87662E-12
  1.160E+02  7.19186E-01  2.27751E-09 -1.97349E-09 -3.21483E-12 -3.86703E-12
  1.165E+02  7.23099E-01  2.35029E-09 -1.99314E-09 -3.20330E-12 -3.85705E-12
  1.170E+02  7.26995E-01  2.42305E-09 -2.01227E-09 -3.19148E-12 -3.84667E-12
  1.175E+02  7.30874E-01  2.49579E-09 -2.03089E-09 -3.17936E-12 -3.83591E-12
  1.180E+02  7.34736E-01  2.56849E-09 -2.04899E-09 -3.16696E-12 -3.82476E-12
  1.185E+02  7.38579E-01  2.64114E-09 -2.06660E-09 -3.15426E-12 -3.81321E-12
  1.190E+02  7.42405E-01  2.71373E-09 -2.08370E-09 -3.14127E-12 -3.80128E-12
  1.195E+02  7.46212E-01  2.78624E-09 -2.10032E-09 -3.12799E-12 -3.78895E-12
  1.200E+02  7.50000E-01  2.85866E-09 -2.11645E-09 -3.11443E-12 -3.77624E-12
  1.205E+02  7.53769E-01  2.93098E-09 -2.13210E-09 -3.10058E-12 -3.76313E-12
  1.210E+02  7.57519E-01  3.00318E-09 -2.14728E-09 -3.08644E-12 -3.74964E-12
  1.215E+02  7.61249E-01  3.07525E-09 -2.16199E-09 -3.07203E-12 -3.73576E-12
  1.220E+02  7.64960E-01  3.14718E-09 -2.17624E-09 -3.05733E-12 -3.72149E-12
  1.225E+02  7.68650E-01  3.21896E-09 -2.19004E-09 -3.04235E-12 -3.70683E-12
  1.230E+02  7.72320E-01  3.29057E-09 -2.20339E-09 -3.02710E-12 -3.69179E-12
  1.235E+02  7.75968E-01  3.36200E-09 -2.21630E-09 -3.01156E-12 -3.67636E-12
  1.240E+02  7.79596E-01  3.43325E-09 -2.22877E-09 -2.99576E-12 -3.66054E-12
  1.245E+02  7.83203E-01  3.50429E-09 -2.24081E-09 -2.97968E-12 -3.64434E-12
  1.250E+02  7.86788E-01  3.57511E-09 -2.25244E-09 -2.96333E-12 -3.62776E-12
  1.255E+02  7.90351E-01  3.64571E-09 -2.26364E-09 -2.94671E-12 -3.61079E-12
  1.260E+02  7.93893E-01  3.71608E-09 -2.27444E-09 -2.92982E-12 -3.59344E-12
  1.265E+02  7.97411E-01  3.78619E-09 -2.28483E-09 -2.91266E-12 -3.57571E-12
  1.270E+02  8.00908E-01  3.85604E-09 -2.29483E-09 -2.89524E-12 -3.55760E-12
  1.275E+02  8.04381E-01  3.92562E-09 -2.30444E-09 -2.87756E-12 -3.53912E-12
  1.280E+02  8.07831E-01  3.99492E-09 -2.31367E-09 -2.85962E-12 -3.52025E-12
  1.285E+02  8.11257E-01  4.06392E-09 -2.32252E-09 -2.84142E-12 -3.50101E-12
  1.290E+02  8.14660E-01  4.13262E-09 -2.33100E-09 -2.82296E-12 -3.48140E-12
  1.295E+02  8.18039E-01  4.20100E-09 -2.33912E-09 -2.80424E-12 -3.46141E-12
  1.300E+02  8.21394E-01  4.26906E-09 -2.34688E-09 -2.78527E-12 -3.44105E-12
  1.305E+02  8.24724E-01  4.33678E-09 -2.35429E-09 -2.76605E-12 -3.42032E-12
  1.310E+02  8.28030E-01  4.40415E-09 -2.36136E-09 -2.74658E-12 -3.39922E-12
  1.315E+02  8.31310E-01  4.47116E-09 -2.36809E-09 -2.72687E-12 -3.37775E-12
  1.320E+02  8.34565E-01  4.53781E-09 -2.37450E-09 -2.70690E-12 -3.35592E-12
  1.325E+02  8.37795E-01  4.60407E-09 -2.38058E-09 -2.68670E-12 -3.33372E-12
  1.330E+02  8.40999E-01  4.66995E-09 -2.38634E-09 -2.66625E-12 -3.31116E-12
  1.335E+02  8.44177E-01  4.73543E-09 -2.39180E-09 -2.64556E-12 -3.28825E-12
  1.340E+02  8.47329E-01  4.80050E-09 -2.39695E-09 -2.62463E-12 -3.26497E-12
  1.345E+02  8.50455E-01  4.86516E-09 -2.40181E-09 -2.60347E-12 -3.24134E-12
  1.350E+02  8.53553E-01  4.92938E-09 -2.40638E-09 -2.58208E-12 -3.21735E-12
  1.355E+02  8.56625E-01  4.99317E-09 -2.41067E-09 -2.56045E-12 -3.19301E-12
  1.360E+02  8.59670E-01  5.05652E-09 -2.41468E-09 -2.53860E-12 -3.16832E-12
  1.365E+02  8.62687E-01  5.11940E-09 -2.41842E-09 -2.51651E-12 -3.14329E-12
  1.370E+02  8.65677E-01  5.18183E-09 -2.42190E-09 -2.49421E-12 -3.11791E-12
  1.375E+02  8.68639E-01  5.24378E-09 -2.42512E-09 -2.47168E-12 -3.09218E-12
  1.380E+02  8.71572E-01  5.30525E-09 -2.42809E-09 -2.44892E-12 -3.06611E-12
  1.385E+02  8.74478E-01  5.36622E-09 -2.43082E-09 -2.42595E-12 -3.03971E-12
  1.390E+02  8.77355E-01  5.42670E-09 -2.43332E-09 -2.40277E-12 -3.01297E-12
  1.395E+02  8.80203E-01  5.48667E-09 -2.43558E-09 -2.37937E-12 -2.98589E-12
  1.400E+02  8.83022E-01  5.54613E-09 -2.43762E-09 -2.35576E-12 -2.95849E-12
  1.405E+02  8.85812E-01  5.60505E-09 -2.43945E-09 -2.33194E-12 -2.93075E-12
  1.410E+02  8.88573E-01  5.66345E-09 -2.44106E-09 -2.30791E-12 -2.90269E-12
  1.415E+02  8.91304E-01  5.72130E-09 -2.44247E-09 -2.28368E-12 -2.87431E-12
  1.420E+02  8.94005E-01  5.77861E-09 -2.44369E-09 -2.25924E-12 -2.84561E-12
  1.425E+02  8.96677E-01  5.83536E-09 -2.44471E-09 -2.23460E-12 -2.81658E-12
  1.430E+02  8.99318E-01  5.89154E-09 -2.44554E-09 -2.20977E-12 -2.78725E-12
  1.435E+02  9.01928E-01  5.94715E-09 -2.44620E-09 -2.18474E-12 -2.75760E-12
  1.440E+02  9.04508E-01  6.00218E-09 -2.44668E-09 -2.15952E-12 -2.72764E-12
  1.445E+02  9.07058E-01  6.05663E-09 -2.44700E-09 -2.13410E-12 -2.69738E-12
  1.450E+02  9.09576E-01  6.11048E-09 -2.44716E-09 -2.10850E-12 -2.66682E-12
  1.455E+02  9.12063E-01  6.16373E-09 -2.44716E-09 -2.08271E-12 -2.63595E-12
  1.460E+02  9.14519E-01  6.21637E-09 -2.44702E-09 -2.05674E-12 -2.60479E-12
  1.465E+02  9.16943E-01  6.26839E-09 -2.44673E-09 -2.03059E-12 -2.57334E-12
  1.470E+02  9.19335E-01  6.31979E-09 -2.44630E-09 -2.00425E-12 -2.54159E-12
  1.475E+02  9.21696E-01  6.37057E-09 -2.44575E-09 -1.97774E-12 -2.50956E-12
  1.480E+02  9.24024E-01  6.42070E-09 -2.44507E-09 -1.95106E-12 -2.47724E-12
  1.485E+02  9.26320E-01  6.47020E-09 -2.44427E-09 -1.92421E-12 -2.44465E-12
  1.490E+02  9.28584E-01  6.51904E-09 -2.44336E-09 -1.89718E-12 -2.41178E-12
  1.495E+02  9.30815E-01  6.56723E-09 -2.44234E-09 -1.86999E-12 -2.37863E-12
  1.500E+02  9.33013E-01  6.61476E-09 -2.44122E-09 -1.84264E-12 -2.34521E-12
  1.505E+02  9.35178E-01  6.66162E-09 -2.44000E-09 -1.81512E-12 -2.31153E-12
  1.510E+02  9.37310E-01  6.70781E-09 -2.43869E-09 -1.78745E-12 -2.27759E-12
  1.515E+02  9.39409E-01  6.75332E-09 -2.43729E-09 -1.75962E-12 -2.24338E-12
  1.520E+02  9.41474E-01  6.79814E-09 -2.43582E-09 -1.73163E-12 -2.20893E-12
  1.525E+02  9.43505E-01  6.84227E-09 -2.43427E-09 -1.70349E-12 -2.17422E-12
  1.530E+02  9.45503E-01  6.88571E-09 -2.43264E-09 -1.67521E-12 -2.13926E-12
  1.535E+02  9.47467E-01  6.92844E-09 -2.43096E-09 -1.64677E-12 -2.10406E-12
  1.540E+02  9.49397E-01  6.97047E-09 -2.42921E-09 -1.61820E-12 -2.06861E-12
  1.545E+02  9.51293E-01  7.01179E-09 -2.42741E-09 -1.58948E-12 -2.03293E-12
  1.550E+02  9.53154E-01  7.05238E-09 -2.42556E-09 -1.56063E-12 -1.99702E-12
  1.555E+02  9.54981E-01  7.09226E-09 -2.42366E-09 -1.53163E-12 -1.96088E-12
  1.560E+02  9.56773E-01  7.13141E-09 -2.42172E-09 -1.50251E-12 -1.92452E-12
  1.565E+02  9.58530E-01  7.16982E-09 -2.41975E-09 -1.47325E-12 -1.88793E-12
  1.570E+02  9.60252E-01  7.20750E-09 -2.41774E-09 -1.44387E-12 -1.85113E-12
  1.575E+02  9.61940E-01  7.24444E-09 -2.41571E-09 -1.41436E-12 -1.81412E-12
  1.580E+02  9.63592E-01  7.28063E-09 -2.41366E-09 -1.38472E-12 -1.77689E-12
  1.585E+02  9.65209E-01  7.31607E-09 -2.41158E-09 -1.35497E-12 -1.73947E-12
  1.590E+02  9.66790E-01  7.35075E-09 -2.40950E-09 -1.32510E-12 -1.70184E-12
  1.595E+02  9.68336E-01  7.38468E-09 -2.40740E-09 -1.29511E-12 -1.66402E-12
  1.600E+02  9.69846E-01  7.41784E-09 -2.40530E-09 -1.26501E-12 -1.62600E-12
  1.605E+02  9.71321E-01  7.45023E-09 -2.40319E-09 -1.23480E-12 -1.58780E-12
  1.610E+02  9.72759E-01  7.48186E-09 -2.40109E-09 -1.20449E-12 -1.54941E-12
  1.615E+02  9.74162E-01  7.51271E-09 -2.39900E-09 -1.17407E-12 -1.51085E-12
  1.620E+02  9.75528E-01  7.54278E-09 -2.39691E-09 -1.14355E-12 -1.47211E-12
  1.625E+02  9.76858E-01  7.57207E-09 -2.39484E-09 -1.11293E-12 -1.43320E-12
  1.630E+02  9.78152E-01  7.60057E-09 -2.39279E-09 -1.08221E-12 -1.39413E-12
  1.635E+02  9.79410E-01  7.62829E-09 -2.39075E-09 -1.05140E-12 -1.35490E-12
  1.640E+02  9.80631E-01  7.65521E-09 -2.38874E-09 -1.02050E-12 -1.31550E-12
  1.645E+02  9.81815E-01  7.68133E-09 -2.38676E-09 -9.89507E-13 -1.27596E-12
  1.650E+02  9.82963E-01  7.70666E-09 -2.38481E-09 -9.58432E-13 -1.23627E-12
  1.655E+02  9.84074E-01  7.73119E-09 -2.38289E-09 -9.27274E-13 -1.19643E-12
  1.660E+02  9.85148E-01  7.75491E-09 -2.38101E-09 -8.96036E-13 -1.15646E-12
  1.665E+02  9.86185E-01  7.77782E-09 -2.37917E-09 -8.64720E-13 -1.11635E-12
  1.670E+02  9.87185E-01  7.79993E-09 -2.37737E-09 -8.33330E-13 -1.07612E-12
  1.675E+02  9.88148E-01  7.82122E-09 -2.37561E-09 -8.01868E-13 -1.03576E-12
  1.680E+02  9.89074E-01  7.84169E-09 -2.37390E-09 -7.70337E-13 -9.95275E-13
  1.685E+02  9.89962E-01  7.86135E-09 -2.37225E-09 -7.38739E-13 -9.54678E-13
  1.690E+02  9.90814E-01  7.88019E-09 -2.37064E-09 -7.07078E-13 -9.13970E-13
  1.695E+02  9.91627E-01  7.89821E-09 -2.36909E-09 -6.75355E-13 -8.73156E-13
  1.700E+02  9.92404E-01  7.91540E-09 -2.36760E-09 -6.43575E-13 -8.32241E-13
  1.705E+02  9.93143E-01  7.93177E-09 -2.36617E-09 -6.11739E-13 -7.91229E-13
  1.710E+02  9.93844E-01  7.94731E-09 -2.36479E-09 -5.79850E-13 -7.50125E-13
  1.715E+02  9.94508E-01  7.96202E-09 -2.36348E-09 -5.47912E-13 -7.08933E-13
  1.720E+02  9.95134E-01  7.97590E-09 -2.36224E-09 -5.15926E-13 -6.67659E-13
  1.725E+02  9.95722E-01  7.98894E-09 -2.36106E-09 -4.83896E-13 -6.26308E-13
  1.730E+02  9.96273E-01  8.00115E-09 -2.35995E-09 -4.51824E-13 -5.84884E-13
  1.735E+02  9.96786E-01  8.01253E-09 -2.35892E-09 -4.19714E-13 -5.43391E-13
  1.740E+02  9.97261E-01  8.02306E-09 -2.35795E-09 -3.87567E-13 -5.01836E-13
  1.745E+02  9.97698E-01  8.03276E-09 -2.35705E-09 -3.55387E-13 -4.60222E-13
  1.750E+02  9.98097E-01  8.04162E-09 -2.35623E-09 -3.23176E-13 -4.18554E-13
  1.755E+02  9.98459E-01  8.04964E-09 -2.35548E-09 -2.90938E-13 -3.76838E-13
  1.760E+02  9.98782E-01  8.05682E-09 -2.35481E-09 -2.58675E-13 -3.35078E-13
  1.765E+02  9.99067E-01  8.06315E-09 -2.35422E-09 -2.26389E-13 -2.93278E-13
  1.770E+02  9.99315E-01  8.06864E-09 -2.35370E-09 -1.94084E-13 -2.51445E-13
  1.775E+02  9.99524E-01  8.07329E-09 -2.35327E-09 -1.61762E-13 -2.09582E-13
  1.780E+02  9.99695E-01  8.07709E-09 -2.35291E-09 -1.29426E-13 -1.67695E-13
  1.785E+02  9.99829E-01  8.08005E-09 -2.35263E-09 -9.70794E-14 -1.25788E-13
  1.790E+02  9.99924E-01  8.08217E-09 -2.35243E-09 -6.47242E-14 -8.38671E-14
  1.795E+02  9.99981E-01  8.08343E-09 -2.35231E-09 -3.23635E-14 -4.19360E-14
  1.800E+02  1.00000E+00  8.08386E-09 -2.35227E-09 -4.54177E-28 -5.88517E-28
