 #  Scattering amplitudes (in cm)      MU=(1-cos(TH))/2
 #  Z =   8,   projectile: electron
 #  Kinetic energy = 1.02000E+02 eV
 #
 # TH (deg)      MU          Re(F)        Im(F)        Re(G)        Im(G)
 #--------------------------------------------------------------------------
  0.000E+00  0.00000E+00  1.01029E-08  1.03105E-08  0.00000E+00  0.00000E+00
  1.000E-04  7.61557E-13  1.01029E-08  1.03105E-08 -2.44920E-18  1.53508E-19
  1.250E-04  1.18994E-12  1.01029E-08  1.03105E-08 -3.06150E-18  1.91885E-19
  1.500E-04  1.71346E-12  1.01029E-08  1.03105E-08 -3.67380E-18  2.30262E-19
  1.750E-04  2.33225E-12  1.01029E-08  1.03105E-08 -4.28610E-18  2.68639E-19
  2.000E-04  3.04617E-12  1.01029E-08  1.03105E-08 -4.89840E-18  3.07016E-19
  2.250E-04  3.85530E-12  1.01029E-08  1.03105E-08 -5.51070E-18  3.45393E-19
  2.500E-04  4.75964E-12  1.01029E-08  1.03105E-08 -6.12300E-18  3.83770E-19
  2.750E-04  5.75917E-12  1.01029E-08  1.03105E-08 -6.73530E-18  4.22147E-19
  3.000E-04  6.85391E-12  1.01029E-08  1.03105E-08 -7.34760E-18  4.60524E-19
  3.250E-04  8.04379E-12  1.01029E-08  1.03105E-08 -7.95990E-18  4.98901E-19
  3.500E-04  9.32893E-12  1.01029E-08  1.03105E-08 -8.57220E-18  5.37278E-19
  3.750E-04  1.07092E-11  1.01029E-08  1.03105E-08 -9.18450E-18  5.75655E-19
  4.000E-04  1.21847E-11  1.01029E-08  1.03105E-08 -9.79680E-18  6.14032E-19
  4.250E-04  1.37554E-11  1.01029E-08  1.03105E-08 -1.04091E-17  6.52409E-19
  4.500E-04  1.54213E-11  1.01029E-08  1.03105E-08 -1.10214E-17  6.90786E-19
  4.750E-04  1.71823E-11  1.01029E-08  1.03105E-08 -1.16337E-17  7.29163E-19
  5.000E-04  1.90386E-11  1.01029E-08  1.03105E-08 -1.22460E-17  7.67540E-19
  5.250E-04  2.09900E-11  1.01029E-08  1.03105E-08 -1.28583E-17  8.05917E-19
  5.500E-04  2.30367E-11  1.01029E-08  1.03105E-08 -1.34706E-17  8.44295E-19
  5.750E-04  2.51785E-11  1.01029E-08  1.03105E-08 -1.40829E-17  8.82672E-19
  6.000E-04  2.74156E-11  1.01029E-08  1.03105E-08 -1.46952E-17  9.21049E-19
  6.250E-04  2.97478E-11  1.01029E-08  1.03105E-08 -1.53075E-17  9.59426E-19
  6.500E-04  3.21752E-11  1.01029E-08  1.03105E-08 -1.59198E-17  9.97803E-19
  6.750E-04  3.46979E-11  1.01029E-08  1.03105E-08 -1.65321E-17  1.03618E-18
  7.000E-04  3.73157E-11  1.01029E-08  1.03105E-08 -1.71444E-17  1.07456E-18
  7.250E-04  4.00286E-11  1.01029E-08  1.03105E-08 -1.77567E-17  1.11293E-18
  7.500E-04  4.28368E-11  1.01029E-08  1.03105E-08 -1.83690E-17  1.15131E-18
  7.750E-04  4.57402E-11  1.01029E-08  1.03105E-08 -1.89813E-17  1.18969E-18
  8.000E-04  4.87388E-11  1.01029E-08  1.03105E-08 -1.95936E-17  1.22806E-18
  8.250E-04  5.18325E-11  1.01029E-08  1.03105E-08 -2.02059E-17  1.26644E-18
  8.500E-04  5.50215E-11  1.01029E-08  1.03105E-08 -2.08182E-17  1.30482E-18
  8.750E-04  5.83057E-11  1.01029E-08  1.03105E-08 -2.14305E-17  1.34320E-18
  9.000E-04  6.16850E-11  1.01029E-08  1.03105E-08 -2.20428E-17  1.38157E-18
  9.250E-04  6.51595E-11  1.01029E-08  1.03105E-08 -2.26551E-17  1.41995E-18
  9.500E-04  6.87293E-11  1.01029E-08  1.03105E-08 -2.32674E-17  1.45833E-18
  9.750E-04  7.23943E-11  1.01029E-08  1.03105E-08 -2.38797E-17  1.49670E-18
  1.000E-03  7.61544E-11  1.01029E-08  1.03105E-08 -2.44920E-17  1.53508E-18
  1.250E-03  1.18991E-10  1.01029E-08  1.03105E-08 -3.06150E-17  1.91885E-18
  1.500E-03  1.71347E-10  1.01029E-08  1.03105E-08 -3.67380E-17  2.30262E-18
  1.750E-03  2.33223E-10  1.01029E-08  1.03105E-08 -4.28610E-17  2.68639E-18
  2.000E-03  3.04617E-10  1.01029E-08  1.03105E-08 -4.89840E-17  3.07016E-18
  2.250E-03  3.85531E-10  1.01029E-08  1.03105E-08 -5.51070E-17  3.45393E-18
  2.500E-03  4.75965E-10  1.01029E-08  1.03105E-08 -6.12300E-17  3.83770E-18
  2.750E-03  5.75917E-10  1.01029E-08  1.03105E-08 -6.73530E-17  4.22147E-18
  3.000E-03  6.85389E-10  1.01029E-08  1.03105E-08 -7.34760E-17  4.60524E-18
  3.250E-03  8.04380E-10  1.01029E-08  1.03105E-08 -7.95990E-17  4.98901E-18
  3.500E-03  9.32891E-10  1.01029E-08  1.03105E-08 -8.57220E-17  5.37278E-18
  3.750E-03  1.07092E-09  1.01029E-08  1.03105E-08 -9.18450E-17  5.75655E-18
  4.000E-03  1.21847E-09  1.01029E-08  1.03105E-08 -9.79680E-17  6.14032E-18
  4.250E-03  1.37554E-09  1.01029E-08  1.03105E-08 -1.04091E-16  6.52409E-18
  4.500E-03  1.54213E-09  1.01029E-08  1.03105E-08 -1.10214E-16  6.90786E-18
  4.750E-03  1.71823E-09  1.01029E-08  1.03105E-08 -1.16337E-16  7.29163E-18
  5.000E-03  1.90386E-09  1.01029E-08  1.03105E-08 -1.22460E-16  7.67540E-18
  5.250E-03  2.09900E-09  1.01029E-08  1.03105E-08 -1.28583E-16  8.05917E-18
  5.500E-03  2.30367E-09  1.01029E-08  1.03105E-08 -1.34706E-16  8.44294E-18
  5.750E-03  2.51785E-09  1.01029E-08  1.03105E-08 -1.40829E-16  8.82671E-18
  6.000E-03  2.74156E-09  1.01029E-08  1.03105E-08 -1.46952E-16  9.21048E-18
  6.250E-03  2.97478E-09  1.01029E-08  1.03105E-08 -1.53075E-16  9.59425E-18
  6.500E-03  3.21752E-09  1.01029E-08  1.03105E-08 -1.59198E-16  9.97802E-18
  6.750E-03  3.46978E-09  1.01029E-08  1.03105E-08 -1.65321E-16  1.03618E-17
  7.000E-03  3.73156E-09  1.01029E-08  1.03105E-08 -1.71444E-16  1.07456E-17
  7.250E-03  4.00286E-09  1.01029E-08  1.03105E-08 -1.77567E-16  1.11293E-17
  7.500E-03  4.28368E-09  1.01029E-08  1.03105E-08 -1.83690E-16  1.15131E-17
  7.750E-03  4.57402E-09  1.01029E-08  1.03105E-08 -1.89813E-16  1.18969E-17
  8.000E-03  4.87388E-09  1.01029E-08  1.03105E-08 -1.95936E-16  1.22806E-17
  8.250E-03  5.18326E-09  1.01029E-08  1.03105E-08 -2.02059E-16  1.26644E-17
  8.500E-03  5.50215E-09  1.01029E-08  1.03105E-08 -2.08182E-16  1.30482E-17
  8.750E-03  5.83057E-09  1.01029E-08  1.03105E-08 -2.14305E-16  1.34320E-17
  9.000E-03  6.16850E-09  1.01029E-08  1.03105E-08 -2.20428E-16  1.38157E-17
  9.250E-03  6.51596E-09  1.01029E-08  1.03105E-08 -2.26551E-16  1.41995E-17
  9.500E-03  6.87293E-09  1.01029E-08  1.03105E-08 -2.32674E-16  1.45833E-17
  9.750E-03  7.23942E-09  1.01029E-08  1.03105E-08 -2.38797E-16  1.49670E-17
  1.000E-02  7.61544E-09  1.01029E-08  1.03105E-08 -2.44920E-16  1.53508E-17
  1.250E-02  1.18991E-08  1.01029E-08  1.03105E-08 -3.06150E-16  1.91885E-17
  1.500E-02  1.71347E-08  1.01029E-08  1.03105E-08 -3.67380E-16  2.30262E-17
  1.750E-02  2.33223E-08  1.01029E-08  1.03105E-08 -4.28610E-16  2.68639E-17
  2.000E-02  3.04617E-08  1.01029E-08  1.03105E-08 -4.89840E-16  3.07016E-17
  2.250E-02  3.85531E-08  1.01029E-08  1.03105E-08 -5.51071E-16  3.45392E-17
  2.500E-02  4.75965E-08  1.01029E-08  1.03104E-08 -6.12301E-16  3.83769E-17
  2.750E-02  5.75917E-08  1.01029E-08  1.03104E-08 -6.73531E-16  4.22146E-17
  3.000E-02  6.85389E-08  1.01029E-08  1.03104E-08 -7.34761E-16  4.60522E-17
  3.250E-02  8.04380E-08  1.01029E-08  1.03104E-08 -7.95991E-16  4.98899E-17
  3.500E-02  9.32891E-08  1.01029E-08  1.03104E-08 -8.57221E-16  5.37275E-17
  3.750E-02  1.07092E-07  1.01029E-08  1.03104E-08 -9.18452E-16  5.75651E-17
  4.000E-02  1.21847E-07  1.01029E-08  1.03104E-08 -9.79682E-16  6.14028E-17
  4.250E-02  1.37554E-07  1.01029E-08  1.03104E-08 -1.04091E-15  6.52404E-17
  4.500E-02  1.54213E-07  1.01029E-08  1.03104E-08 -1.10214E-15  6.90780E-17
  4.750E-02  1.71823E-07  1.01029E-08  1.03104E-08 -1.16337E-15  7.29155E-17
  5.000E-02  1.90386E-07  1.01029E-08  1.03104E-08 -1.22460E-15  7.67531E-17
  5.250E-02  2.09900E-07  1.01029E-08  1.03104E-08 -1.28583E-15  8.05907E-17
  5.500E-02  2.30367E-07  1.01029E-08  1.03104E-08 -1.34706E-15  8.44282E-17
  5.750E-02  2.51785E-07  1.01029E-08  1.03104E-08 -1.40829E-15  8.82657E-17
  6.000E-02  2.74156E-07  1.01029E-08  1.03104E-08 -1.46953E-15  9.21032E-17
  6.250E-02  2.97478E-07  1.01029E-08  1.03104E-08 -1.53076E-15  9.59407E-17
  6.500E-02  3.21752E-07  1.01029E-08  1.03104E-08 -1.59199E-15  9.97782E-17
  6.750E-02  3.46978E-07  1.01029E-08  1.03104E-08 -1.65322E-15  1.03616E-16
  7.000E-02  3.73156E-07  1.01029E-08  1.03104E-08 -1.71445E-15  1.07453E-16
  7.250E-02  4.00286E-07  1.01028E-08  1.03104E-08 -1.77568E-15  1.11290E-16
  7.500E-02  4.28368E-07  1.01028E-08  1.03104E-08 -1.83691E-15  1.15128E-16
  7.750E-02  4.57402E-07  1.01028E-08  1.03104E-08 -1.89814E-15  1.18965E-16
  8.000E-02  4.87388E-07  1.01028E-08  1.03104E-08 -1.95937E-15  1.22803E-16
  8.250E-02  5.18325E-07  1.01028E-08  1.03104E-08 -2.02060E-15  1.26640E-16
  8.500E-02  5.50215E-07  1.01028E-08  1.03104E-08 -2.08184E-15  1.30477E-16
  8.750E-02  5.83057E-07  1.01028E-08  1.03104E-08 -2.14307E-15  1.34315E-16
  9.000E-02  6.16850E-07  1.01028E-08  1.03104E-08 -2.20430E-15  1.38152E-16
  9.250E-02  6.51596E-07  1.01028E-08  1.03104E-08 -2.26553E-15  1.41989E-16
  9.500E-02  6.87293E-07  1.01028E-08  1.03104E-08 -2.32676E-15  1.45826E-16
  9.750E-02  7.23942E-07  1.01028E-08  1.03104E-08 -2.38799E-15  1.49663E-16
  1.000E-01  7.61543E-07  1.01028E-08  1.03104E-08 -2.44922E-15  1.53501E-16
  1.250E-01  1.18991E-06  1.01027E-08  1.03104E-08 -3.06155E-15  1.91870E-16
  1.500E-01  1.71347E-06  1.01026E-08  1.03104E-08 -3.67388E-15  2.30237E-16
  1.750E-01  2.33223E-06  1.01025E-08  1.03103E-08 -4.28623E-15  2.68599E-16
  2.000E-01  3.04617E-06  1.01024E-08  1.03103E-08 -4.89859E-15  3.06956E-16
  2.250E-01  3.85531E-06  1.01023E-08  1.03103E-08 -5.51096E-15  3.45307E-16
  2.500E-01  4.75964E-06  1.01022E-08  1.03102E-08 -6.12336E-15  3.83652E-16
  2.750E-01  5.75916E-06  1.01020E-08  1.03102E-08 -6.73578E-15  4.21990E-16
  3.000E-01  6.85388E-06  1.01018E-08  1.03101E-08 -7.34822E-15  4.60320E-16
  3.250E-01  8.04378E-06  1.01016E-08  1.03101E-08 -7.96069E-15  4.98642E-16
  3.500E-01  9.32888E-06  1.01014E-08  1.03100E-08 -8.57319E-15  5.36954E-16
  3.750E-01  1.07092E-05  1.01012E-08  1.03100E-08 -9.18572E-15  5.75257E-16
  4.000E-01  1.21846E-05  1.01010E-08  1.03099E-08 -9.79828E-15  6.13549E-16
  4.250E-01  1.37553E-05  1.01007E-08  1.03098E-08 -1.04109E-14  6.51829E-16
  4.500E-01  1.54212E-05  1.01005E-08  1.03097E-08 -1.10235E-14  6.90098E-16
  4.750E-01  1.71822E-05  1.01002E-08  1.03097E-08 -1.16362E-14  7.28354E-16
  5.000E-01  1.90385E-05  1.00999E-08  1.03096E-08 -1.22489E-14  7.66596E-16
  5.250E-01  2.09899E-05  1.00996E-08  1.03095E-08 -1.28616E-14  8.04824E-16
  5.500E-01  2.30365E-05  1.00993E-08  1.03094E-08 -1.34744E-14  8.43038E-16
  5.750E-01  2.51783E-05  1.00989E-08  1.03093E-08 -1.40873E-14  8.81235E-16
  6.000E-01  2.74153E-05  1.00986E-08  1.03092E-08 -1.47002E-14  9.19417E-16
  6.250E-01  2.97475E-05  1.00982E-08  1.03091E-08 -1.53131E-14  9.57581E-16
  6.500E-01  3.21749E-05  1.00978E-08  1.03090E-08 -1.59261E-14  9.95728E-16
  6.750E-01  3.46974E-05  1.00974E-08  1.03089E-08 -1.65392E-14  1.03386E-15
  7.000E-01  3.73152E-05  1.00970E-08  1.03087E-08 -1.71523E-14  1.07197E-15
  7.250E-01  4.00281E-05  1.00966E-08  1.03086E-08 -1.77655E-14  1.11006E-15
  7.500E-01  4.28362E-05  1.00961E-08  1.03085E-08 -1.83787E-14  1.14812E-15
  7.750E-01  4.57395E-05  1.00957E-08  1.03084E-08 -1.89920E-14  1.18617E-15
  8.000E-01  4.87380E-05  1.00952E-08  1.03082E-08 -1.96054E-14  1.22420E-15
  8.250E-01  5.18317E-05  1.00947E-08  1.03081E-08 -2.02188E-14  1.26220E-15
  8.500E-01  5.50205E-05  1.00942E-08  1.03079E-08 -2.08323E-14  1.30018E-15
  8.750E-01  5.83045E-05  1.00937E-08  1.03078E-08 -2.14459E-14  1.33814E-15
  9.000E-01  6.16838E-05  1.00931E-08  1.03076E-08 -2.20596E-14  1.37607E-15
  9.250E-01  6.51582E-05  1.00926E-08  1.03075E-08 -2.26733E-14  1.41397E-15
  9.500E-01  6.87277E-05  1.00920E-08  1.03073E-08 -2.32871E-14  1.45185E-15
  9.750E-01  7.23925E-05  1.00914E-08  1.03071E-08 -2.39010E-14  1.48970E-15
  1.000E+00  7.61524E-05  1.00908E-08  1.03070E-08 -2.45150E-14  1.52753E-15
  1.100E+00  9.21439E-05  1.00883E-08  1.03062E-08 -2.69718E-14  1.67854E-15
  1.200E+00  1.09658E-04  1.00855E-08  1.03054E-08 -2.94301E-14  1.82905E-15
  1.300E+00  1.28695E-04  1.00825E-08  1.03046E-08 -3.18901E-14  1.97901E-15
  1.400E+00  1.49255E-04  1.00792E-08  1.03036E-08 -3.43518E-14  2.12839E-15
  1.500E+00  1.71338E-04  1.00757E-08  1.03026E-08 -3.68155E-14  2.27713E-15
  1.600E+00  1.94942E-04  1.00720E-08  1.03015E-08 -3.92813E-14  2.42520E-15
  1.700E+00  2.20070E-04  1.00680E-08  1.03004E-08 -4.17492E-14  2.57254E-15
  1.800E+00  2.46720E-04  1.00638E-08  1.02992E-08 -4.42195E-14  2.71911E-15
  1.900E+00  2.74892E-04  1.00593E-08  1.02979E-08 -4.66922E-14  2.86486E-15
  2.000E+00  3.04586E-04  1.00547E-08  1.02965E-08 -4.91675E-14  3.00976E-15
  2.100E+00  3.35803E-04  1.00497E-08  1.02951E-08 -5.16456E-14  3.15375E-15
  2.200E+00  3.68542E-04  1.00445E-08  1.02936E-08 -5.41266E-14  3.29679E-15
  2.300E+00  4.02802E-04  1.00391E-08  1.02920E-08 -5.66105E-14  3.43884E-15
  2.400E+00  4.38585E-04  1.00335E-08  1.02904E-08 -5.90976E-14  3.57985E-15
  2.500E+00  4.75889E-04  1.00276E-08  1.02887E-08 -6.15880E-14  3.71977E-15
  2.600E+00  5.14715E-04  1.00215E-08  1.02869E-08 -6.40818E-14  3.85856E-15
  2.700E+00  5.55063E-04  1.00151E-08  1.02851E-08 -6.65791E-14  3.99618E-15
  2.800E+00  5.96931E-04  1.00085E-08  1.02832E-08 -6.90801E-14  4.13257E-15
  2.900E+00  6.40321E-04  1.00017E-08  1.02812E-08 -7.15849E-14  4.26770E-15
  3.000E+00  6.85233E-04  9.99463E-09  1.02791E-08 -7.40936E-14  4.40153E-15
  3.100E+00  7.31665E-04  9.98733E-09  1.02770E-08 -7.66064E-14  4.53400E-15
  3.200E+00  7.79618E-04  9.97979E-09  1.02748E-08 -7.91234E-14  4.66507E-15
  3.300E+00  8.29092E-04  9.97202E-09  1.02725E-08 -8.16448E-14  4.79469E-15
  3.400E+00  8.80086E-04  9.96402E-09  1.02702E-08 -8.41705E-14  4.92283E-15
  3.500E+00  9.32601E-04  9.95579E-09  1.02678E-08 -8.67009E-14  5.04944E-15
  3.600E+00  9.86636E-04  9.94732E-09  1.02654E-08 -8.92360E-14  5.17447E-15
  3.700E+00  1.04219E-03  9.93863E-09  1.02628E-08 -9.17760E-14  5.29787E-15
  3.800E+00  1.09927E-03  9.92970E-09  1.02602E-08 -9.43209E-14  5.41961E-15
  3.900E+00  1.15786E-03  9.92054E-09  1.02575E-08 -9.68709E-14  5.53964E-15
  4.000E+00  1.21797E-03  9.91115E-09  1.02548E-08 -9.94261E-14  5.65791E-15
  4.100E+00  1.27961E-03  9.90154E-09  1.02520E-08 -1.01987E-13  5.77439E-15
  4.200E+00  1.34276E-03  9.89169E-09  1.02491E-08 -1.04553E-13  5.88902E-15
  4.300E+00  1.40743E-03  9.88162E-09  1.02462E-08 -1.07124E-13  6.00176E-15
  4.400E+00  1.47362E-03  9.87132E-09  1.02431E-08 -1.09702E-13  6.11257E-15
  4.500E+00  1.54133E-03  9.86079E-09  1.02401E-08 -1.12285E-13  6.22140E-15
  4.600E+00  1.61056E-03  9.85004E-09  1.02369E-08 -1.14874E-13  6.32821E-15
  4.700E+00  1.68131E-03  9.83906E-09  1.02337E-08 -1.17470E-13  6.43296E-15
  4.800E+00  1.75357E-03  9.82786E-09  1.02304E-08 -1.20071E-13  6.53560E-15
  4.900E+00  1.82735E-03  9.81643E-09  1.02270E-08 -1.22679E-13  6.63609E-15
  5.000E+00  1.90265E-03  9.80478E-09  1.02236E-08 -1.25293E-13  6.73438E-15
  5.100E+00  1.97947E-03  9.79291E-09  1.02201E-08 -1.27914E-13  6.83043E-15
  5.200E+00  2.05780E-03  9.78082E-09  1.02165E-08 -1.30542E-13  6.92419E-15
  5.300E+00  2.13765E-03  9.76851E-09  1.02129E-08 -1.33176E-13  7.01563E-15
  5.400E+00  2.21902E-03  9.75598E-09  1.02092E-08 -1.35817E-13  7.10470E-15
  5.500E+00  2.30190E-03  9.74323E-09  1.02054E-08 -1.38466E-13  7.19135E-15
  5.600E+00  2.38630E-03  9.73026E-09  1.02016E-08 -1.41121E-13  7.27554E-15
  5.700E+00  2.47222E-03  9.71707E-09  1.01977E-08 -1.43784E-13  7.35724E-15
  5.800E+00  2.55965E-03  9.70367E-09  1.01937E-08 -1.46454E-13  7.43638E-15
  5.900E+00  2.64859E-03  9.69005E-09  1.01897E-08 -1.49132E-13  7.51294E-15
  6.000E+00  2.73905E-03  9.67621E-09  1.01856E-08 -1.51817E-13  7.58687E-15
  6.100E+00  2.83103E-03  9.66217E-09  1.01814E-08 -1.54510E-13  7.65812E-15
  6.200E+00  2.92452E-03  9.64791E-09  1.01772E-08 -1.57211E-13  7.72666E-15
  6.300E+00  3.01952E-03  9.63343E-09  1.01728E-08 -1.59920E-13  7.79243E-15
  6.400E+00  3.11604E-03  9.61875E-09  1.01685E-08 -1.62637E-13  7.85541E-15
  6.500E+00  3.21407E-03  9.60386E-09  1.01640E-08 -1.65362E-13  7.91553E-15
  6.600E+00  3.31362E-03  9.58876E-09  1.01595E-08 -1.68095E-13  7.97277E-15
  6.700E+00  3.41468E-03  9.57344E-09  1.01549E-08 -1.70837E-13  8.02707E-15
  6.800E+00  3.51725E-03  9.55793E-09  1.01503E-08 -1.73587E-13  8.07840E-15
  6.900E+00  3.62133E-03  9.54220E-09  1.01456E-08 -1.76346E-13  8.12672E-15
  7.000E+00  3.72692E-03  9.52627E-09  1.01408E-08 -1.79113E-13  8.17197E-15
  7.100E+00  3.83403E-03  9.51014E-09  1.01359E-08 -1.81889E-13  8.21412E-15
  7.200E+00  3.94265E-03  9.49380E-09  1.01310E-08 -1.84675E-13  8.25313E-15
  7.300E+00  4.05278E-03  9.47726E-09  1.01260E-08 -1.87469E-13  8.28896E-15
  7.400E+00  4.16442E-03  9.46052E-09  1.01210E-08 -1.90272E-13  8.32155E-15
  7.500E+00  4.27757E-03  9.44358E-09  1.01159E-08 -1.93084E-13  8.35088E-15
  7.600E+00  4.39223E-03  9.42644E-09  1.01107E-08 -1.95906E-13  8.37689E-15
  7.700E+00  4.50840E-03  9.40910E-09  1.01054E-08 -1.98737E-13  8.39955E-15
  7.800E+00  4.62608E-03  9.39156E-09  1.01001E-08 -2.01578E-13  8.41882E-15
  7.900E+00  4.74527E-03  9.37383E-09  1.00947E-08 -2.04428E-13  8.43465E-15
  8.000E+00  4.86597E-03  9.35591E-09  1.00893E-08 -2.07288E-13  8.44699E-15
  8.100E+00  4.98817E-03  9.33779E-09  1.00838E-08 -2.10157E-13  8.45582E-15
  8.200E+00  5.11188E-03  9.31947E-09  1.00782E-08 -2.13037E-13  8.46109E-15
  8.300E+00  5.23711E-03  9.30097E-09  1.00725E-08 -2.15926E-13  8.46276E-15
  8.400E+00  5.36383E-03  9.28228E-09  1.00668E-08 -2.18825E-13  8.46078E-15
  8.500E+00  5.49207E-03  9.26339E-09  1.00610E-08 -2.21735E-13  8.45512E-15
  8.600E+00  5.62181E-03  9.24432E-09  1.00552E-08 -2.24655E-13  8.44573E-15
  8.700E+00  5.75306E-03  9.22506E-09  1.00493E-08 -2.27585E-13  8.43257E-15
  8.800E+00  5.88581E-03  9.20562E-09  1.00433E-08 -2.30525E-13  8.41561E-15
  8.900E+00  6.02007E-03  9.18599E-09  1.00373E-08 -2.33476E-13  8.39480E-15
  9.000E+00  6.15583E-03  9.16618E-09  1.00312E-08 -2.36438E-13  8.37011E-15
  9.100E+00  6.29310E-03  9.14618E-09  1.00250E-08 -2.39410E-13  8.34148E-15
  9.200E+00  6.43187E-03  9.12601E-09  1.00188E-08 -2.42393E-13  8.30888E-15
  9.300E+00  6.57214E-03  9.10565E-09  1.00125E-08 -2.45386E-13  8.27228E-15
  9.400E+00  6.71392E-03  9.08512E-09  1.00061E-08 -2.48391E-13  8.23163E-15
  9.500E+00  6.85720E-03  9.06441E-09  9.99967E-09 -2.51406E-13  8.18688E-15
  9.600E+00  7.00198E-03  9.04352E-09  9.99318E-09 -2.54433E-13  8.13801E-15
  9.700E+00  7.14827E-03  9.02246E-09  9.98662E-09 -2.57471E-13  8.08497E-15
  9.800E+00  7.29605E-03  9.00123E-09  9.97999E-09 -2.60519E-13  8.02772E-15
  9.900E+00  7.44534E-03  8.97982E-09  9.97330E-09 -2.63579E-13  7.96622E-15
  1.000E+01  7.59612E-03  8.95824E-09  9.96655E-09 -2.66651E-13  7.90044E-15
  1.025E+01  7.97965E-03  8.90355E-09  9.94939E-09 -2.74379E-13  7.71696E-15
  1.050E+01  8.37255E-03  8.84783E-09  9.93182E-09 -2.82180E-13  7.50583E-15
  1.075E+01  8.77480E-03  8.79108E-09  9.91386E-09 -2.90054E-13  7.26644E-15
  1.100E+01  9.18641E-03  8.73333E-09  9.89551E-09 -2.98003E-13  6.99819E-15
  1.125E+01  9.60736E-03  8.67460E-09  9.87676E-09 -3.06027E-13  6.70048E-15
  1.150E+01  1.00376E-02  8.61491E-09  9.85761E-09 -3.14127E-13  6.37273E-15
  1.175E+01  1.04773E-02  8.55429E-09  9.83808E-09 -3.22304E-13  6.01435E-15
  1.200E+01  1.09262E-02  8.49274E-09  9.81816E-09 -3.30560E-13  5.62475E-15
  1.225E+01  1.13844E-02  8.43030E-09  9.79785E-09 -3.38893E-13  5.20336E-15
  1.250E+01  1.18520E-02  8.36699E-09  9.77716E-09 -3.47307E-13  4.74960E-15
  1.275E+01  1.23288E-02  8.30282E-09  9.75609E-09 -3.55800E-13  4.26293E-15
  1.300E+01  1.28150E-02  8.23783E-09  9.73463E-09 -3.64374E-13  3.74276E-15
  1.325E+01  1.33104E-02  8.17202E-09  9.71280E-09 -3.73029E-13  3.18856E-15
  1.350E+01  1.38150E-02  8.10543E-09  9.69059E-09 -3.81767E-13  2.59977E-15
  1.375E+01  1.43290E-02  8.03807E-09  9.66800E-09 -3.90586E-13  1.97585E-15
  1.400E+01  1.48521E-02  7.96997E-09  9.64505E-09 -3.99489E-13  1.31627E-15
  1.425E+01  1.53845E-02  7.90114E-09  9.62172E-09 -4.08474E-13  6.20487E-16
  1.450E+01  1.59262E-02  7.83162E-09  9.59803E-09 -4.17543E-13 -1.12016E-16
  1.475E+01  1.64770E-02  7.76142E-09  9.57398E-09 -4.26697E-13 -8.81759E-16
  1.500E+01  1.70371E-02  7.69057E-09  9.54956E-09 -4.35934E-13 -1.68925E-15
  1.525E+01  1.76063E-02  7.61908E-09  9.52478E-09 -4.45256E-13 -2.53501E-15
  1.550E+01  1.81848E-02  7.54698E-09  9.49964E-09 -4.54662E-13 -3.41952E-15
  1.575E+01  1.87724E-02  7.47429E-09  9.47414E-09 -4.64153E-13 -4.34328E-15
  1.600E+01  1.93692E-02  7.40104E-09  9.44830E-09 -4.73729E-13 -5.30677E-15
  1.625E+01  1.99751E-02  7.32724E-09  9.42210E-09 -4.83390E-13 -6.31049E-15
  1.650E+01  2.05901E-02  7.25291E-09  9.39555E-09 -4.93136E-13 -7.35490E-15
  1.675E+01  2.12143E-02  7.17809E-09  9.36866E-09 -5.02967E-13 -8.44046E-15
  1.700E+01  2.18476E-02  7.10278E-09  9.34143E-09 -5.12882E-13 -9.56764E-15
  1.725E+01  2.24900E-02  7.02702E-09  9.31385E-09 -5.22883E-13 -1.07369E-14
  1.750E+01  2.31415E-02  6.95081E-09  9.28594E-09 -5.32968E-13 -1.19487E-14
  1.775E+01  2.38021E-02  6.87420E-09  9.25769E-09 -5.43138E-13 -1.32034E-14
  1.800E+01  2.44717E-02  6.79719E-09  9.22911E-09 -5.53392E-13 -1.45015E-14
  1.825E+01  2.51504E-02  6.71980E-09  9.20020E-09 -5.63730E-13 -1.58435E-14
  1.850E+01  2.58382E-02  6.64206E-09  9.17096E-09 -5.74152E-13 -1.72296E-14
  1.875E+01  2.65349E-02  6.56399E-09  9.14140E-09 -5.84657E-13 -1.86604E-14
  1.900E+01  2.72407E-02  6.48561E-09  9.11152E-09 -5.95245E-13 -2.01363E-14
  1.925E+01  2.79555E-02  6.40694E-09  9.08132E-09 -6.05917E-13 -2.16576E-14
  1.950E+01  2.86793E-02  6.32799E-09  9.05080E-09 -6.16670E-13 -2.32248E-14
  1.975E+01  2.94120E-02  6.24880E-09  9.01996E-09 -6.27505E-13 -2.48381E-14
  2.000E+01  3.01537E-02  6.16938E-09  8.98882E-09 -6.38422E-13 -2.64981E-14
  2.025E+01  3.09043E-02  6.08974E-09  8.95737E-09 -6.49419E-13 -2.82050E-14
  2.050E+01  3.16639E-02  6.00991E-09  8.92562E-09 -6.60496E-13 -2.99592E-14
  2.075E+01  3.24324E-02  5.92991E-09  8.89356E-09 -6.71654E-13 -3.17611E-14
  2.100E+01  3.32098E-02  5.84976E-09  8.86120E-09 -6.82890E-13 -3.36111E-14
  2.125E+01  3.39961E-02  5.76947E-09  8.82855E-09 -6.94205E-13 -3.55093E-14
  2.150E+01  3.47912E-02  5.68906E-09  8.79561E-09 -7.05597E-13 -3.74563E-14
  2.175E+01  3.55952E-02  5.60856E-09  8.76237E-09 -7.17067E-13 -3.94523E-14
  2.200E+01  3.64081E-02  5.52798E-09  8.72885E-09 -7.28613E-13 -4.14975E-14
  2.225E+01  3.72297E-02  5.44734E-09  8.69504E-09 -7.40234E-13 -4.35925E-14
  2.250E+01  3.80602E-02  5.36665E-09  8.66096E-09 -7.51931E-13 -4.57373E-14
  2.275E+01  3.88995E-02  5.28593E-09  8.62659E-09 -7.63701E-13 -4.79323E-14
  2.300E+01  3.97476E-02  5.20521E-09  8.59195E-09 -7.75545E-13 -5.01779E-14
  2.325E+01  4.06044E-02  5.12449E-09  8.55704E-09 -7.87461E-13 -5.24742E-14
  2.350E+01  4.14700E-02  5.04380E-09  8.52186E-09 -7.99448E-13 -5.48215E-14
  2.375E+01  4.23443E-02  4.96314E-09  8.48642E-09 -8.11506E-13 -5.72201E-14
  2.400E+01  4.32273E-02  4.88255E-09  8.45071E-09 -8.23634E-13 -5.96703E-14
  2.425E+01  4.41190E-02  4.80202E-09  8.41474E-09 -8.35831E-13 -6.21723E-14
  2.450E+01  4.50194E-02  4.72159E-09  8.37852E-09 -8.48095E-13 -6.47263E-14
  2.475E+01  4.59284E-02  4.64125E-09  8.34204E-09 -8.60426E-13 -6.73326E-14
  2.500E+01  4.68461E-02  4.56104E-09  8.30532E-09 -8.72823E-13 -6.99913E-14
  2.550E+01  4.87074E-02  4.40102E-09  8.23113E-09 -8.97811E-13 -7.54670E-14
  2.600E+01  5.06030E-02  4.24166E-09  8.15598E-09 -9.23049E-13 -8.11551E-14
  2.650E+01  5.25328E-02  4.08304E-09  8.07990E-09 -9.48531E-13 -8.70569E-14
  2.700E+01  5.44967E-02  3.92530E-09  8.00291E-09 -9.74246E-13 -9.31738E-14
  2.750E+01  5.64946E-02  3.76852E-09  7.92503E-09 -1.00019E-12 -9.95071E-14
  2.800E+01  5.85262E-02  3.61281E-09  7.84630E-09 -1.02634E-12 -1.06058E-13
  2.850E+01  6.05914E-02  3.45825E-09  7.76674E-09 -1.05271E-12 -1.12827E-13
  2.900E+01  6.26901E-02  3.30495E-09  7.68637E-09 -1.07927E-12 -1.19815E-13
  2.950E+01  6.48222E-02  3.15298E-09  7.60523E-09 -1.10602E-12 -1.27023E-13
  3.000E+01  6.69873E-02  3.00242E-09  7.52334E-09 -1.13294E-12 -1.34451E-13
  3.050E+01  6.91854E-02  2.85336E-09  7.44072E-09 -1.16004E-12 -1.42101E-13
  3.100E+01  7.14163E-02  2.70586E-09  7.35741E-09 -1.18729E-12 -1.49971E-13
  3.150E+01  7.36799E-02  2.56000E-09  7.27342E-09 -1.21469E-12 -1.58063E-13
  3.200E+01  7.59760E-02  2.41584E-09  7.18879E-09 -1.24224E-12 -1.66376E-13
  3.250E+01  7.83043E-02  2.27344E-09  7.10354E-09 -1.26991E-12 -1.74910E-13
  3.300E+01  8.06647E-02  2.13287E-09  7.01770E-09 -1.29770E-12 -1.83665E-13
  3.350E+01  8.30571E-02  1.99417E-09  6.93130E-09 -1.32559E-12 -1.92642E-13
  3.400E+01  8.54812E-02  1.85740E-09  6.84436E-09 -1.35359E-12 -2.01838E-13
  3.450E+01  8.79369E-02  1.72260E-09  6.75690E-09 -1.38168E-12 -2.11254E-13
  3.500E+01  9.04240E-02  1.58982E-09  6.66896E-09 -1.40984E-12 -2.20890E-13
  3.550E+01  9.29422E-02  1.45909E-09  6.58057E-09 -1.43808E-12 -2.30743E-13
  3.600E+01  9.54915E-02  1.33047E-09  6.49173E-09 -1.46637E-12 -2.40814E-13
  3.650E+01  9.80716E-02  1.20398E-09  6.40250E-09 -1.49472E-12 -2.51101E-13
  3.700E+01  1.00682E-01  1.07965E-09  6.31288E-09 -1.52310E-12 -2.61603E-13
  3.750E+01  1.03323E-01  9.57518E-10  6.22291E-09 -1.55151E-12 -2.72318E-13
  3.800E+01  1.05995E-01  8.37603E-10  6.13260E-09 -1.57994E-12 -2.83246E-13
  3.850E+01  1.08696E-01  7.19932E-10  6.04200E-09 -1.60839E-12 -2.94385E-13
  3.900E+01  1.11427E-01  6.04526E-10  5.95111E-09 -1.63683E-12 -3.05734E-13
  3.950E+01  1.14188E-01  4.91403E-10  5.85997E-09 -1.66527E-12 -3.17289E-13
  4.000E+01  1.16978E-01  3.80578E-10  5.76861E-09 -1.69369E-12 -3.29051E-13
  4.050E+01  1.19797E-01  2.72068E-10  5.67704E-09 -1.72209E-12 -3.41016E-13
  4.100E+01  1.22645E-01  1.65882E-10  5.58529E-09 -1.75045E-12 -3.53182E-13
  4.150E+01  1.25522E-01  6.20308E-11  5.49338E-09 -1.77876E-12 -3.65548E-13
  4.200E+01  1.28428E-01 -3.94779E-11  5.40135E-09 -1.80702E-12 -3.78112E-13
  4.250E+01  1.31361E-01 -1.38639E-10  5.30921E-09 -1.83522E-12 -3.90870E-13
  4.300E+01  1.34323E-01 -2.35448E-10  5.21699E-09 -1.86335E-12 -4.03820E-13
  4.350E+01  1.37313E-01 -3.29903E-10  5.12470E-09 -1.89140E-12 -4.16961E-13
  4.400E+01  1.40330E-01 -4.22003E-10  5.03238E-09 -1.91937E-12 -4.30288E-13
  4.450E+01  1.43375E-01 -5.11751E-10  4.94005E-09 -1.94724E-12 -4.43800E-13
  4.500E+01  1.46447E-01 -5.99149E-10  4.84773E-09 -1.97500E-12 -4.57494E-13
  4.550E+01  1.49545E-01 -6.84201E-10  4.75544E-09 -2.00266E-12 -4.71367E-13
  4.600E+01  1.52671E-01 -7.66913E-10  4.66320E-09 -2.03020E-12 -4.85415E-13
  4.650E+01  1.55823E-01 -8.47292E-10  4.57104E-09 -2.05760E-12 -4.99635E-13
  4.700E+01  1.59001E-01 -9.25346E-10  4.47898E-09 -2.08488E-12 -5.14026E-13
  4.750E+01  1.62205E-01 -1.00108E-09  4.38704E-09 -2.11201E-12 -5.28582E-13
  4.800E+01  1.65435E-01 -1.07452E-09  4.29523E-09 -2.13900E-12 -5.43301E-13
  4.850E+01  1.68690E-01 -1.14566E-09  4.20359E-09 -2.16583E-12 -5.58180E-13
  4.900E+01  1.71970E-01 -1.21452E-09  4.11213E-09 -2.19250E-12 -5.73215E-13
  4.950E+01  1.75276E-01 -1.28112E-09  4.02086E-09 -2.21900E-12 -5.88402E-13
  5.000E+01  1.78606E-01 -1.34546E-09  3.92982E-09 -2.24532E-12 -6.03737E-13
  5.050E+01  1.81961E-01 -1.40757E-09  3.83902E-09 -2.27146E-12 -6.19218E-13
  5.100E+01  1.85340E-01 -1.46746E-09  3.74848E-09 -2.29741E-12 -6.34841E-13
  5.150E+01  1.88743E-01 -1.52515E-09  3.65821E-09 -2.32317E-12 -6.50601E-13
  5.200E+01  1.92169E-01 -1.58065E-09  3.56825E-09 -2.34872E-12 -6.66494E-13
  5.250E+01  1.95619E-01 -1.63399E-09  3.47859E-09 -2.37407E-12 -6.82517E-13
  5.300E+01  1.99092E-01 -1.68518E-09  3.38927E-09 -2.39921E-12 -6.98666E-13
  5.350E+01  2.02589E-01 -1.73425E-09  3.30030E-09 -2.42412E-12 -7.14936E-13
  5.400E+01  2.06107E-01 -1.78121E-09  3.21170E-09 -2.44881E-12 -7.31324E-13
  5.450E+01  2.09649E-01 -1.82608E-09  3.12347E-09 -2.47328E-12 -7.47825E-13
  5.500E+01  2.13212E-01 -1.86889E-09  3.03565E-09 -2.49751E-12 -7.64436E-13
  5.550E+01  2.16797E-01 -1.90965E-09  2.94825E-09 -2.52149E-12 -7.81151E-13
  5.600E+01  2.20404E-01 -1.94840E-09  2.86127E-09 -2.54524E-12 -7.97967E-13
  5.650E+01  2.24032E-01 -1.98515E-09  2.77475E-09 -2.56873E-12 -8.14879E-13
  5.700E+01  2.27680E-01 -2.01993E-09  2.68868E-09 -2.59197E-12 -8.31883E-13
  5.750E+01  2.31350E-01 -2.05275E-09  2.60309E-09 -2.61495E-12 -8.48974E-13
  5.800E+01  2.35040E-01 -2.08365E-09  2.51800E-09 -2.63767E-12 -8.66149E-13
  5.850E+01  2.38751E-01 -2.11264E-09  2.43341E-09 -2.66011E-12 -8.83401E-13
  5.900E+01  2.42481E-01 -2.13976E-09  2.34933E-09 -2.68229E-12 -9.00728E-13
  5.950E+01  2.46231E-01 -2.16502E-09  2.26579E-09 -2.70419E-12 -9.18124E-13
  6.000E+01  2.50000E-01 -2.18845E-09  2.18280E-09 -2.72581E-12 -9.35585E-13
  6.050E+01  2.53788E-01 -2.21007E-09  2.10036E-09 -2.74715E-12 -9.53105E-13
  6.100E+01  2.57595E-01 -2.22991E-09  2.01849E-09 -2.76819E-12 -9.70682E-13
  6.150E+01  2.61421E-01 -2.24800E-09  1.93721E-09 -2.78895E-12 -9.88309E-13
  6.200E+01  2.65264E-01 -2.26435E-09  1.85652E-09 -2.80941E-12 -1.00598E-12
  6.250E+01  2.69126E-01 -2.27900E-09  1.77643E-09 -2.82958E-12 -1.02370E-12
  6.300E+01  2.73005E-01 -2.29197E-09  1.69696E-09 -2.84944E-12 -1.04145E-12
  6.350E+01  2.76901E-01 -2.30328E-09  1.61811E-09 -2.86900E-12 -1.05923E-12
  6.400E+01  2.80814E-01 -2.31296E-09  1.53991E-09 -2.88825E-12 -1.07704E-12
  6.450E+01  2.84744E-01 -2.32104E-09  1.46234E-09 -2.90718E-12 -1.09487E-12
  6.500E+01  2.88691E-01 -2.32754E-09  1.38544E-09 -2.92581E-12 -1.11272E-12
  6.550E+01  2.92653E-01 -2.33248E-09  1.30920E-09 -2.94412E-12 -1.13059E-12
  6.600E+01  2.96632E-01 -2.33590E-09  1.23363E-09 -2.96211E-12 -1.14846E-12
  6.650E+01  3.00625E-01 -2.33781E-09  1.15874E-09 -2.97978E-12 -1.16633E-12
  6.700E+01  3.04634E-01 -2.33825E-09  1.08455E-09 -2.99712E-12 -1.18421E-12
  6.750E+01  3.08658E-01 -2.33723E-09  1.01105E-09 -3.01414E-12 -1.20207E-12
  6.800E+01  3.12697E-01 -2.33479E-09  9.38264E-10 -3.03084E-12 -1.21993E-12
  6.850E+01  3.16749E-01 -2.33094E-09  8.66189E-10 -3.04720E-12 -1.23777E-12
  6.900E+01  3.20816E-01 -2.32571E-09  7.94834E-10 -3.06323E-12 -1.25559E-12
  6.950E+01  3.24896E-01 -2.31914E-09  7.24205E-10 -3.07892E-12 -1.27338E-12
  7.000E+01  3.28990E-01 -2.31123E-09  6.54311E-10 -3.09428E-12 -1.29114E-12
  7.050E+01  3.33097E-01 -2.30202E-09  5.85156E-10 -3.10930E-12 -1.30887E-12
  7.100E+01  3.37216E-01 -2.29153E-09  5.16746E-10 -3.12399E-12 -1.32656E-12
  7.150E+01  3.41348E-01 -2.27979E-09  4.49086E-10 -3.13833E-12 -1.34420E-12
  7.200E+01  3.45492E-01 -2.26682E-09  3.82183E-10 -3.15233E-12 -1.36179E-12
  7.250E+01  3.49647E-01 -2.25265E-09  3.16040E-10 -3.16599E-12 -1.37933E-12
  7.300E+01  3.53814E-01 -2.23729E-09  2.50661E-10 -3.17930E-12 -1.39681E-12
  7.350E+01  3.57992E-01 -2.22077E-09  1.86052E-10 -3.19227E-12 -1.41423E-12
  7.400E+01  3.62181E-01 -2.20312E-09  1.22217E-10 -3.20489E-12 -1.43158E-12
  7.450E+01  3.66381E-01 -2.18436E-09  5.91579E-11 -3.21716E-12 -1.44885E-12
  7.500E+01  3.70590E-01 -2.16451E-09 -3.12062E-12 -3.22908E-12 -1.46605E-12
  7.550E+01  3.74810E-01 -2.14360E-09 -6.46158E-11 -3.24066E-12 -1.48317E-12
  7.600E+01  3.79039E-01 -2.12165E-09 -1.25325E-10 -3.25188E-12 -1.50019E-12
  7.650E+01  3.83277E-01 -2.09868E-09 -1.85245E-10 -3.26276E-12 -1.51713E-12
  7.700E+01  3.87524E-01 -2.07472E-09 -2.44374E-10 -3.27328E-12 -1.53397E-12
  7.750E+01  3.91780E-01 -2.04978E-09 -3.02710E-10 -3.28345E-12 -1.55071E-12
  7.800E+01  3.96044E-01 -2.02390E-09 -3.60252E-10 -3.29327E-12 -1.56735E-12
  7.850E+01  4.00316E-01 -1.99708E-09 -4.16996E-10 -3.30273E-12 -1.58387E-12
  7.900E+01  4.04596E-01 -1.96936E-09 -4.72943E-10 -3.31184E-12 -1.60029E-12
  7.950E+01  4.08882E-01 -1.94075E-09 -5.28092E-10 -3.32060E-12 -1.61658E-12
  8.000E+01  4.13176E-01 -1.91129E-09 -5.82441E-10 -3.32901E-12 -1.63275E-12
  8.050E+01  4.17476E-01 -1.88098E-09 -6.35990E-10 -3.33706E-12 -1.64880E-12
  8.100E+01  4.21783E-01 -1.84985E-09 -6.88738E-10 -3.34476E-12 -1.66471E-12
  8.150E+01  4.26095E-01 -1.81792E-09 -7.40686E-10 -3.35211E-12 -1.68049E-12
  8.200E+01  4.30413E-01 -1.78521E-09 -7.91834E-10 -3.35910E-12 -1.69612E-12
  8.250E+01  4.34737E-01 -1.75174E-09 -8.42182E-10 -3.36574E-12 -1.71162E-12
  8.300E+01  4.39065E-01 -1.71754E-09 -8.91731E-10 -3.37203E-12 -1.72696E-12
  8.350E+01  4.43398E-01 -1.68262E-09 -9.40481E-10 -3.37796E-12 -1.74216E-12
  8.400E+01  4.47736E-01 -1.64700E-09 -9.88434E-10 -3.38354E-12 -1.75719E-12
  8.450E+01  4.52077E-01 -1.61070E-09 -1.03559E-09 -3.38878E-12 -1.77207E-12
  8.500E+01  4.56422E-01 -1.57375E-09 -1.08195E-09 -3.39366E-12 -1.78678E-12
  8.550E+01  4.60770E-01 -1.53615E-09 -1.12752E-09 -3.39819E-12 -1.80133E-12
  8.600E+01  4.65122E-01 -1.49794E-09 -1.17230E-09 -3.40237E-12 -1.81570E-12
  8.650E+01  4.69476E-01 -1.45912E-09 -1.21629E-09 -3.40620E-12 -1.82989E-12
  8.700E+01  4.73832E-01 -1.41972E-09 -1.25949E-09 -3.40968E-12 -1.84391E-12
  8.750E+01  4.78190E-01 -1.37975E-09 -1.30191E-09 -3.41282E-12 -1.85774E-12
  8.800E+01  4.82550E-01 -1.33924E-09 -1.34354E-09 -3.41561E-12 -1.87139E-12
  8.850E+01  4.86912E-01 -1.29820E-09 -1.38440E-09 -3.41805E-12 -1.88484E-12
  8.900E+01  4.91274E-01 -1.25666E-09 -1.42448E-09 -3.42015E-12 -1.89810E-12
  8.950E+01  4.95637E-01 -1.21461E-09 -1.46378E-09 -3.42190E-12 -1.91116E-12
  9.000E+01  5.00000E-01 -1.17209E-09 -1.50232E-09 -3.42331E-12 -1.92402E-12
  9.050E+01  5.04363E-01 -1.12912E-09 -1.54009E-09 -3.42438E-12 -1.93667E-12
  9.100E+01  5.08726E-01 -1.08570E-09 -1.57710E-09 -3.42511E-12 -1.94912E-12
  9.150E+01  5.13088E-01 -1.04185E-09 -1.61335E-09 -3.42550E-12 -1.96135E-12
  9.200E+01  5.17450E-01 -9.97602E-10 -1.64884E-09 -3.42555E-12 -1.97337E-12
  9.250E+01  5.21810E-01 -9.52957E-10 -1.68359E-09 -3.42526E-12 -1.98517E-12
  9.300E+01  5.26168E-01 -9.07936E-10 -1.71759E-09 -3.42464E-12 -1.99674E-12
  9.350E+01  5.30524E-01 -8.62555E-10 -1.75084E-09 -3.42368E-12 -2.00810E-12
  9.400E+01  5.34878E-01 -8.16828E-10 -1.78336E-09 -3.42239E-12 -2.01922E-12
  9.450E+01  5.39230E-01 -7.70773E-10 -1.81514E-09 -3.42077E-12 -2.03011E-12
  9.500E+01  5.43578E-01 -7.24403E-10 -1.84620E-09 -3.41882E-12 -2.04077E-12
  9.550E+01  5.47923E-01 -6.77734E-10 -1.87653E-09 -3.41654E-12 -2.05119E-12
  9.600E+01  5.52264E-01 -6.30780E-10 -1.90615E-09 -3.41393E-12 -2.06138E-12
  9.650E+01  5.56602E-01 -5.83557E-10 -1.93505E-09 -3.41100E-12 -2.07131E-12
  9.700E+01  5.60935E-01 -5.36078E-10 -1.96324E-09 -3.40775E-12 -2.08101E-12
  9.750E+01  5.65263E-01 -4.88358E-10 -1.99074E-09 -3.40417E-12 -2.09045E-12
  9.800E+01  5.69587E-01 -4.40410E-10 -2.01753E-09 -3.40027E-12 -2.09965E-12
  9.850E+01  5.73905E-01 -3.92249E-10 -2.04363E-09 -3.39605E-12 -2.10859E-12
  9.900E+01  5.78217E-01 -3.43889E-10 -2.06905E-09 -3.39151E-12 -2.11727E-12
  9.950E+01  5.82524E-01 -2.95341E-10 -2.09379E-09 -3.38666E-12 -2.12570E-12
  1.000E+02  5.86824E-01 -2.46620E-10 -2.11786E-09 -3.38150E-12 -2.13386E-12
  1.005E+02  5.91118E-01 -1.97739E-10 -2.14126E-09 -3.37602E-12 -2.14177E-12
  1.010E+02  5.95404E-01 -1.48710E-10 -2.16399E-09 -3.37023E-12 -2.14940E-12
  1.015E+02  5.99684E-01 -9.95456E-11 -2.18607E-09 -3.36414E-12 -2.15677E-12
  1.020E+02  6.03956E-01 -5.02588E-11 -2.20751E-09 -3.35774E-12 -2.16387E-12
  1.025E+02  6.08220E-01 -8.61547E-13 -2.22830E-09 -3.35103E-12 -2.17069E-12
  1.030E+02  6.12476E-01  4.86342E-11 -2.24845E-09 -3.34402E-12 -2.17725E-12
  1.035E+02  6.16723E-01  9.82165E-11 -2.26798E-09 -3.33671E-12 -2.18352E-12
  1.040E+02  6.20961E-01  1.47874E-10 -2.28688E-09 -3.32911E-12 -2.18952E-12
  1.045E+02  6.25190E-01  1.97595E-10 -2.30516E-09 -3.32120E-12 -2.19524E-12
  1.050E+02  6.29410E-01  2.47368E-10 -2.32284E-09 -3.31301E-12 -2.20067E-12
  1.055E+02  6.33619E-01  2.97182E-10 -2.33992E-09 -3.30452E-12 -2.20582E-12
  1.060E+02  6.37819E-01  3.47026E-10 -2.35639E-09 -3.29574E-12 -2.21069E-12
  1.065E+02  6.42008E-01  3.96890E-10 -2.37228E-09 -3.28667E-12 -2.21527E-12
  1.070E+02  6.46186E-01  4.46763E-10 -2.38759E-09 -3.27731E-12 -2.21956E-12
  1.075E+02  6.50353E-01  4.96635E-10 -2.40233E-09 -3.26767E-12 -2.22356E-12
  1.080E+02  6.54508E-01  5.46495E-10 -2.41649E-09 -3.25775E-12 -2.22727E-12
  1.085E+02  6.58652E-01  5.96333E-10 -2.43010E-09 -3.24755E-12 -2.23068E-12
  1.090E+02  6.62784E-01  6.46140E-10 -2.44315E-09 -3.23707E-12 -2.23380E-12
  1.095E+02  6.66903E-01  6.95905E-10 -2.45566E-09 -3.22632E-12 -2.23663E-12
  1.100E+02  6.71010E-01  7.45620E-10 -2.46763E-09 -3.21529E-12 -2.23915E-12
  1.105E+02  6.75104E-01  7.95274E-10 -2.47907E-09 -3.20400E-12 -2.24138E-12
  1.110E+02  6.79184E-01  8.44860E-10 -2.48998E-09 -3.19243E-12 -2.24332E-12
  1.115E+02  6.83251E-01  8.94367E-10 -2.50038E-09 -3.18060E-12 -2.24495E-12
  1.120E+02  6.87303E-01  9.43787E-10 -2.51027E-09 -3.16850E-12 -2.24628E-12
  1.125E+02  6.91342E-01  9.93110E-10 -2.51966E-09 -3.15614E-12 -2.24730E-12
  1.130E+02  6.95366E-01  1.04233E-09 -2.52856E-09 -3.14352E-12 -2.24803E-12
  1.135E+02  6.99375E-01  1.09144E-09 -2.53697E-09 -3.13064E-12 -2.24845E-12
  1.140E+02  7.03368E-01  1.14042E-09 -2.54490E-09 -3.11751E-12 -2.24857E-12
  1.145E+02  7.07347E-01  1.18928E-09 -2.55236E-09 -3.10413E-12 -2.24838E-12
  1.150E+02  7.11309E-01  1.23800E-09 -2.55936E-09 -3.09049E-12 -2.24788E-12
  1.155E+02  7.15256E-01  1.28657E-09 -2.56590E-09 -3.07661E-12 -2.24708E-12
  1.160E+02  7.19186E-01  1.33499E-09 -2.57199E-09 -3.06248E-12 -2.24597E-12
  1.165E+02  7.23099E-01  1.38325E-09 -2.57764E-09 -3.04810E-12 -2.24456E-12
  1.170E+02  7.26995E-01  1.43135E-09 -2.58286E-09 -3.03349E-12 -2.24284E-12
  1.175E+02  7.30874E-01  1.47927E-09 -2.58766E-09 -3.01863E-12 -2.24081E-12
  1.180E+02  7.34736E-01  1.52700E-09 -2.59204E-09 -3.00354E-12 -2.23847E-12
  1.185E+02  7.38579E-01  1.57455E-09 -2.59601E-09 -2.98821E-12 -2.23582E-12
  1.190E+02  7.42405E-01  1.62191E-09 -2.59957E-09 -2.97265E-12 -2.23286E-12
  1.195E+02  7.46212E-01  1.66906E-09 -2.60274E-09 -2.95687E-12 -2.22960E-12
  1.200E+02  7.50000E-01  1.71600E-09 -2.60553E-09 -2.94085E-12 -2.22603E-12
  1.205E+02  7.53769E-01  1.76273E-09 -2.60794E-09 -2.92461E-12 -2.22215E-12
  1.210E+02  7.57519E-01  1.80923E-09 -2.60997E-09 -2.90814E-12 -2.21796E-12
  1.215E+02  7.61249E-01  1.85551E-09 -2.61165E-09 -2.89146E-12 -2.21346E-12
  1.220E+02  7.64960E-01  1.90156E-09 -2.61296E-09 -2.87456E-12 -2.20865E-12
  1.225E+02  7.68650E-01  1.94737E-09 -2.61393E-09 -2.85744E-12 -2.20354E-12
  1.230E+02  7.72320E-01  1.99293E-09 -2.61456E-09 -2.84010E-12 -2.19811E-12
  1.235E+02  7.75968E-01  2.03824E-09 -2.61485E-09 -2.82256E-12 -2.19239E-12
  1.240E+02  7.79596E-01  2.08329E-09 -2.61482E-09 -2.80481E-12 -2.18635E-12
  1.245E+02  7.83203E-01  2.12808E-09 -2.61448E-09 -2.78685E-12 -2.18001E-12
  1.250E+02  7.86788E-01  2.17261E-09 -2.61382E-09 -2.76868E-12 -2.17336E-12
  1.255E+02  7.90351E-01  2.21686E-09 -2.61286E-09 -2.75032E-12 -2.16641E-12
  1.260E+02  7.93893E-01  2.26084E-09 -2.61160E-09 -2.73175E-12 -2.15915E-12
  1.265E+02  7.97411E-01  2.30453E-09 -2.61006E-09 -2.71299E-12 -2.15159E-12
  1.270E+02  8.00908E-01  2.34794E-09 -2.60823E-09 -2.69403E-12 -2.14372E-12
  1.275E+02  8.04381E-01  2.39105E-09 -2.60614E-09 -2.67488E-12 -2.13556E-12
  1.280E+02  8.07831E-01  2.43387E-09 -2.60378E-09 -2.65554E-12 -2.12709E-12
  1.285E+02  8.11257E-01  2.47639E-09 -2.60116E-09 -2.63601E-12 -2.11832E-12
  1.290E+02  8.14660E-01  2.51860E-09 -2.59829E-09 -2.61629E-12 -2.10925E-12
  1.295E+02  8.18039E-01  2.56051E-09 -2.59518E-09 -2.59639E-12 -2.09989E-12
  1.300E+02  8.21394E-01  2.60209E-09 -2.59183E-09 -2.57631E-12 -2.09022E-12
  1.305E+02  8.24724E-01  2.64337E-09 -2.58826E-09 -2.55605E-12 -2.08027E-12
  1.310E+02  8.28030E-01  2.68432E-09 -2.58446E-09 -2.53561E-12 -2.07001E-12
  1.315E+02  8.31310E-01  2.72494E-09 -2.58045E-09 -2.51500E-12 -2.05946E-12
  1.320E+02  8.34565E-01  2.76523E-09 -2.57623E-09 -2.49422E-12 -2.04862E-12
  1.325E+02  8.37795E-01  2.80520E-09 -2.57181E-09 -2.47326E-12 -2.03749E-12
  1.330E+02  8.40999E-01  2.84482E-09 -2.56720E-09 -2.45214E-12 -2.02607E-12
  1.335E+02  8.44177E-01  2.88410E-09 -2.56240E-09 -2.43085E-12 -2.01436E-12
  1.340E+02  8.47329E-01  2.92304E-09 -2.55743E-09 -2.40940E-12 -2.00236E-12
  1.345E+02  8.50455E-01  2.96164E-09 -2.55228E-09 -2.38779E-12 -1.99008E-12
  1.350E+02  8.53553E-01  2.99988E-09 -2.54697E-09 -2.36602E-12 -1.97752E-12
  1.355E+02  8.56625E-01  3.03776E-09 -2.54150E-09 -2.34409E-12 -1.96467E-12
  1.360E+02  8.59670E-01  3.07530E-09 -2.53588E-09 -2.32200E-12 -1.95154E-12
  1.365E+02  8.62687E-01  3.11247E-09 -2.53011E-09 -2.29977E-12 -1.93814E-12
  1.370E+02  8.65677E-01  3.14927E-09 -2.52421E-09 -2.27738E-12 -1.92446E-12
  1.375E+02  8.68639E-01  3.18572E-09 -2.51818E-09 -2.25484E-12 -1.91050E-12
  1.380E+02  8.71572E-01  3.22179E-09 -2.51202E-09 -2.23216E-12 -1.89627E-12
  1.385E+02  8.74478E-01  3.25749E-09 -2.50574E-09 -2.20934E-12 -1.88177E-12
  1.390E+02  8.77355E-01  3.29282E-09 -2.49935E-09 -2.18637E-12 -1.86699E-12
  1.395E+02  8.80203E-01  3.32777E-09 -2.49286E-09 -2.16326E-12 -1.85196E-12
  1.400E+02  8.83022E-01  3.36234E-09 -2.48627E-09 -2.14002E-12 -1.83665E-12
  1.405E+02  8.85812E-01  3.39653E-09 -2.47958E-09 -2.11663E-12 -1.82109E-12
  1.410E+02  8.88573E-01  3.43034E-09 -2.47281E-09 -2.09312E-12 -1.80526E-12
  1.415E+02  8.91304E-01  3.46376E-09 -2.46596E-09 -2.06947E-12 -1.78917E-12
  1.420E+02  8.94005E-01  3.49679E-09 -2.45903E-09 -2.04570E-12 -1.77283E-12
  1.425E+02  8.96677E-01  3.52943E-09 -2.45204E-09 -2.02179E-12 -1.75623E-12
  1.430E+02  8.99318E-01  3.56168E-09 -2.44499E-09 -1.99777E-12 -1.73938E-12
  1.435E+02  9.01928E-01  3.59353E-09 -2.43788E-09 -1.97361E-12 -1.72228E-12
  1.440E+02  9.04508E-01  3.62499E-09 -2.43071E-09 -1.94934E-12 -1.70494E-12
  1.445E+02  9.07058E-01  3.65604E-09 -2.42351E-09 -1.92495E-12 -1.68735E-12
  1.450E+02  9.09576E-01  3.68670E-09 -2.41627E-09 -1.90044E-12 -1.66951E-12
  1.455E+02  9.12063E-01  3.71695E-09 -2.40899E-09 -1.87581E-12 -1.65144E-12
  1.460E+02  9.14519E-01  3.74680E-09 -2.40169E-09 -1.85107E-12 -1.63313E-12
  1.465E+02  9.16943E-01  3.77624E-09 -2.39436E-09 -1.82622E-12 -1.61458E-12
  1.470E+02  9.19335E-01  3.80528E-09 -2.38702E-09 -1.80126E-12 -1.59581E-12
  1.475E+02  9.21696E-01  3.83390E-09 -2.37967E-09 -1.77619E-12 -1.57680E-12
  1.480E+02  9.24024E-01  3.86212E-09 -2.37232E-09 -1.75102E-12 -1.55756E-12
  1.485E+02  9.26320E-01  3.88992E-09 -2.36496E-09 -1.72574E-12 -1.53811E-12
  1.490E+02  9.28584E-01  3.91731E-09 -2.35761E-09 -1.70036E-12 -1.51843E-12
  1.495E+02  9.30815E-01  3.94428E-09 -2.35027E-09 -1.67488E-12 -1.49853E-12
  1.500E+02  9.33013E-01  3.97084E-09 -2.34294E-09 -1.64931E-12 -1.47841E-12
  1.505E+02  9.35178E-01  3.99698E-09 -2.33564E-09 -1.62363E-12 -1.45809E-12
  1.510E+02  9.37310E-01  4.02269E-09 -2.32836E-09 -1.59786E-12 -1.43755E-12
  1.515E+02  9.39409E-01  4.04799E-09 -2.32111E-09 -1.57200E-12 -1.41681E-12
  1.520E+02  9.41474E-01  4.07287E-09 -2.31390E-09 -1.54605E-12 -1.39586E-12
  1.525E+02  9.43505E-01  4.09732E-09 -2.30672E-09 -1.52001E-12 -1.37471E-12
  1.530E+02  9.45503E-01  4.12135E-09 -2.29959E-09 -1.49388E-12 -1.35336E-12
  1.535E+02  9.47467E-01  4.14495E-09 -2.29251E-09 -1.46767E-12 -1.33182E-12
  1.540E+02  9.49397E-01  4.16813E-09 -2.28548E-09 -1.44137E-12 -1.31009E-12
  1.545E+02  9.51293E-01  4.19088E-09 -2.27851E-09 -1.41499E-12 -1.28816E-12
  1.550E+02  9.53154E-01  4.21320E-09 -2.27160E-09 -1.38853E-12 -1.26606E-12
  1.555E+02  9.54981E-01  4.23509E-09 -2.26476E-09 -1.36200E-12 -1.24376E-12
  1.560E+02  9.56773E-01  4.25656E-09 -2.25799E-09 -1.33538E-12 -1.22129E-12
  1.565E+02  9.58530E-01  4.27759E-09 -2.25129E-09 -1.30869E-12 -1.19865E-12
  1.570E+02  9.60252E-01  4.29819E-09 -2.24467E-09 -1.28193E-12 -1.17583E-12
  1.575E+02  9.61940E-01  4.31835E-09 -2.23814E-09 -1.25510E-12 -1.15284E-12
  1.580E+02  9.63592E-01  4.33809E-09 -2.23169E-09 -1.22820E-12 -1.12968E-12
  1.585E+02  9.65209E-01  4.35739E-09 -2.22533E-09 -1.20123E-12 -1.10636E-12
  1.590E+02  9.66790E-01  4.37625E-09 -2.21906E-09 -1.17419E-12 -1.08289E-12
  1.595E+02  9.68336E-01  4.39468E-09 -2.21290E-09 -1.14709E-12 -1.05925E-12
  1.600E+02  9.69846E-01  4.41267E-09 -2.20683E-09 -1.11992E-12 -1.03547E-12
  1.605E+02  9.71321E-01  4.43023E-09 -2.20087E-09 -1.09270E-12 -1.01153E-12
  1.610E+02  9.72759E-01  4.44734E-09 -2.19501E-09 -1.06541E-12 -9.87447E-13
  1.615E+02  9.74162E-01  4.46402E-09 -2.18927E-09 -1.03807E-12 -9.63222E-13
  1.620E+02  9.75528E-01  4.48026E-09 -2.18364E-09 -1.01067E-12 -9.38858E-13
  1.625E+02  9.76858E-01  4.49606E-09 -2.17813E-09 -9.83218E-13 -9.14358E-13
  1.630E+02  9.78152E-01  4.51143E-09 -2.17273E-09 -9.55711E-13 -8.89727E-13
  1.635E+02  9.79410E-01  4.52635E-09 -2.16747E-09 -9.28153E-13 -8.64967E-13
  1.640E+02  9.80631E-01  4.54083E-09 -2.16233E-09 -9.00544E-13 -8.40083E-13
  1.645E+02  9.81815E-01  4.55487E-09 -2.15731E-09 -8.72888E-13 -8.15077E-13
  1.650E+02  9.82963E-01  4.56846E-09 -2.15243E-09 -8.45184E-13 -7.89953E-13
  1.655E+02  9.84074E-01  4.58162E-09 -2.14769E-09 -8.17436E-13 -7.64715E-13
  1.660E+02  9.85148E-01  4.59433E-09 -2.14308E-09 -7.89644E-13 -7.39367E-13
  1.665E+02  9.86185E-01  4.60660E-09 -2.13861E-09 -7.61810E-13 -7.13913E-13
  1.670E+02  9.87185E-01  4.61843E-09 -2.13428E-09 -7.33936E-13 -6.88355E-13
  1.675E+02  9.88148E-01  4.62981E-09 -2.13010E-09 -7.06022E-13 -6.62698E-13
  1.680E+02  9.89074E-01  4.64075E-09 -2.12606E-09 -6.78072E-13 -6.36945E-13
  1.685E+02  9.89962E-01  4.65124E-09 -2.12217E-09 -6.50086E-13 -6.11100E-13
  1.690E+02  9.90814E-01  4.66129E-09 -2.11843E-09 -6.22065E-13 -5.85167E-13
  1.695E+02  9.91627E-01  4.67090E-09 -2.11484E-09 -5.94012E-13 -5.59149E-13
  1.700E+02  9.92404E-01  4.68006E-09 -2.11141E-09 -5.65927E-13 -5.33051E-13
  1.705E+02  9.93143E-01  4.68878E-09 -2.10814E-09 -5.37813E-13 -5.06876E-13
  1.710E+02  9.93844E-01  4.69704E-09 -2.10502E-09 -5.09671E-13 -4.80627E-13
  1.715E+02  9.94508E-01  4.70487E-09 -2.10206E-09 -4.81502E-13 -4.54309E-13
  1.720E+02  9.95134E-01  4.71225E-09 -2.09926E-09 -4.53308E-13 -4.27926E-13
  1.725E+02  9.95722E-01  4.71918E-09 -2.09663E-09 -4.25091E-13 -4.01481E-13
  1.730E+02  9.96273E-01  4.72566E-09 -2.09416E-09 -3.96851E-13 -3.74978E-13
  1.735E+02  9.96786E-01  4.73170E-09 -2.09185E-09 -3.68590E-13 -3.48420E-13
  1.740E+02  9.97261E-01  4.73729E-09 -2.08971E-09 -3.40311E-13 -3.21812E-13
  1.745E+02  9.97698E-01  4.74244E-09 -2.08774E-09 -3.12014E-13 -2.95158E-13
  1.750E+02  9.98097E-01  4.74714E-09 -2.08593E-09 -2.83700E-13 -2.68462E-13
  1.755E+02  9.98459E-01  4.75139E-09 -2.08430E-09 -2.55372E-13 -2.41726E-13
  1.760E+02  9.98782E-01  4.75519E-09 -2.08283E-09 -2.27031E-13 -2.14956E-13
  1.765E+02  9.99067E-01  4.75855E-09 -2.08154E-09 -1.98677E-13 -1.88154E-13
  1.770E+02  9.99315E-01  4.76146E-09 -2.08041E-09 -1.70314E-13 -1.61325E-13
  1.775E+02  9.99524E-01  4.76392E-09 -2.07946E-09 -1.41942E-13 -1.34473E-13
  1.780E+02  9.99695E-01  4.76593E-09 -2.07868E-09 -1.13562E-13 -1.07602E-13
  1.785E+02  9.99829E-01  4.76750E-09 -2.07807E-09 -8.51768E-14 -8.07151E-14
  1.790E+02  9.99924E-01  4.76862E-09 -2.07764E-09 -5.67870E-14 -5.38166E-14
  1.795E+02  9.99981E-01  4.76929E-09 -2.07738E-09 -2.83942E-14 -2.69102E-14
  1.800E+02  1.00000E+00  4.76951E-09 -2.07729E-09 -3.98472E-28 -3.77652E-28
